7,0,0,0,0,0,0,0,0,0,0,0,0,0,0,0,0,0,0,0,0,0,0,0,0,0,0,0,0,0,0,0,0,0,0,0,0,0,0,0,0,0,0,0,0,0,0,0,0,0,0,0,0,0,0,0,0,0,0,0,0,0,0,0,0,0,0,0,0,0,0,0,0,0,0,0,0,0,0,0,0,0,0,0,0,0,0,0,0,0,0,0,0,0,0,0,0,0,0,0,0,0,0,0,0,0,0,0,0,0,0,0,0,0,0,0,0,0,0,0,0,0,0,0,0,0,0,0,0,0,0,0,0,0,0,0,0,0,0,0,0,0,0,0,0,0,0,0,0,0,0,0,0,0,0,0,0,0,0,0,0,0,0,0,0,0,0,0,0,0,0,0,0,0,0,0,0,0,0,0,0,0,0,0,0,0,0,0,0,0,0,0,0,0,0,0,0,0,0,0,0,0,0,84,185,159,151,60,36,0,0,0,0,0,0,0,0,0,0,0,0,0,0,0,0,0,0,0,0,0,0,222,254,254,254,254,241,198,198,198,198,198,198,198,198,170,52,0,0,0,0,0,0,0,0,0,0,0,0,67,114,72,114,163,227,254,225,254,254,254,250,229,254,254,140,0,0,0,0,0,0,0,0,0,0,0,0,0,0,0,0,0,17,66,14,67,67,67,59,21,236,254,106,0,0,0,0,0,0,0,0,0,0,0,0,0,0,0,0,0,0,0,0,0,0,0,0,83,253,209,18,0,0,0,0,0,0,0,0,0,0,0,0,0,0,0,0,0,0,0,0,0,0,0,22,233,255,83,0,0,0,0,0,0,0,0,0,0,0,0,0,0,0,0,0,0,0,0,0,0,0,0,129,254,238,44,0,0,0,0,0,0,0,0,0,0,0,0,0,0,0,0,0,0,0,0,0,0,0,59,249,254,62,0,0,0,0,0,0,0,0,0,0,0,0,0,0,0,0,0,0,0,0,0,0,0,0,133,254,187,5,0,0,0,0,0,0,0,0,0,0,0,0,0,0,0,0,0,0,0,0,0,0,0,9,205,248,58,0,0,0,0,0,0,0,0,0,0,0,0,0,0,0,0,0,0,0,0,0,0,0,0,126,254,182,0,0,0,0,0,0,0,0,0,0,0,0,0,0,0,0,0,0,0,0,0,0,0,0,75,251,240,57,0,0,0,0,0,0,0,0,0,0,0,0,0,0,0,0,0,0,0,0,0,0,0,19,221,254,166,0,0,0,0,0,0,0,0,0,0,0,0,0,0,0,0,0,0,0,0,0,0,0,3,203,254,219,35,0,0,0,0,0,0,0,0,0,0,0,0,0,0,0,0,0,0,0,0,0,0,0,38,254,254,77,0,0,0,0,0,0,0,0,0,0,0,0,0,0,0,0,0,0,0,0,0,0,0,31,224,254,115,1,0,0,0,0,0,0,0,0,0,0,0,0,0,0,0,0,0,0,0,0,0,0,0,133,254,254,52,0,0,0,0,0,0,0,0,0,0,0,0,0,0,0,0,0,0,0,0,0,0,0,61,242,254,254,52,0,0,0,0,0,0,0,0,0,0,0,0,0,0,0,0,0,0,0,0,0,0,0,121,254,254,219,40,0,0,0,0,0,0,0,0,0,0,0,0,0,0,0,0,0,0,0,0,0,0,0,121,254,207,18,0,0,0,0,0,0,0,0,0,0,0,0,0,0,0,0,0,0,0,0,0,0,0,0,0,0,0,0,0,0,0,0,0,0,0,0,0,0,0,0,0,0
2,0,0,0,0,0,0,0,0,0,0,0,0,0,0,0,0,0,0,0,0,0,0,0,0,0,0,0,0,0,0,0,0,0,0,0,0,0,0,0,0,0,0,0,0,0,0,0,0,0,0,0,0,0,0,0,0,0,0,0,0,0,0,0,0,0,0,0,0,0,0,0,0,0,0,0,0,0,0,0,0,0,0,0,0,0,0,0,0,0,0,0,0,0,0,116,125,171,255,255,150,93,0,0,0,0,0,0,0,0,0,0,0,0,0,0,0,0,0,0,0,0,169,253,253,253,253,253,253,218,30,0,0,0,0,0,0,0,0,0,0,0,0,0,0,0,0,0,0,169,253,253,253,213,142,176,253,253,122,0,0,0,0,0,0,0,0,0,0,0,0,0,0,0,0,0,52,250,253,210,32,12,0,6,206,253,140,0,0,0,0,0,0,0,0,0,0,0,0,0,0,0,0,0,77,251,210,25,0,0,0,122,248,253,65,0,0,0,0,0,0,0,0,0,0,0,0,0,0,0,0,0,0,31,18,0,0,0,0,209,253,253,65,0,0,0,0,0,0,0,0,0,0,0,0,0,0,0,0,0,0,0,0,0,0,0,117,247,253,198,10,0,0,0,0,0,0,0,0,0,0,0,0,0,0,0,0,0,0,0,0,0,0,76,247,253,231,63,0,0,0,0,0,0,0,0,0,0,0,0,0,0,0,0,0,0,0,0,0,0,0,128,253,253,144,0,0,0,0,0,0,0,0,0,0,0,0,0,0,0,0,0,0,0,0,0,0,0,176,246,253,159,12,0,0,0,0,0,0,0,0,0,0,0,0,0,0,0,0,0,0,0,0,0,0,25,234,253,233,35,0,0,0,0,0,0,0,0,0,0,0,0,0,0,0,0,0,0,0,0,0,0,0,198,253,253,141,0,0,0,0,0,0,0,0,0,0,0,0,0,0,0,0,0,0,0,0,0,0,0,78,248,253,189,12,0,0,0,0,0,0,0,0,0,0,0,0,0,0,0,0,0,0,0,0,0,0,19,200,253,253,141,0,0,0,0,0,0,0,0,0,0,0,0,0,0,0,0,0,0,0,0,0,0,0,134,253,253,173,12,0,0,0,0,0,0,0,0,0,0,0,0,0,0,0,0,0,0,0,0,0,0,0,248,253,253,25,0,0,0,0,0,0,0,0,0,0,0,0,0,0,0,0,0,0,0,0,0,0,0,0,248,253,253,43,20,20,20,20,5,0,5,20,20,37,150,150,150,147,10,0,0,0,0,0,0,0,0,0,248,253,253,253,253,253,253,253,168,143,166,253,253,253,253,253,253,253,123,0,0,0,0,0,0,0,0,0,174,253,253,253,253,253,253,253,253,253,253,253,249,247,247,169,117,117,57,0,0,0,0,0,0,0,0,0,0,118,123,123,123,166,253,253,253,155,123,123,41,0,0,0,0,0,0,0,0,0,0,0,0,0,0,0,0,0,0,0,0,0,0,0,0,0,0,0,0,0,0,0,0,0,0,0,0,0,0,0,0,0,0,0,0,0,0,0,0,0,0,0,0,0,0,0,0,0,0,0,0,0,0,0,0,0,0,0,0,0,0,0,0,0,0,0,0,0,0,0,0,0,0,0,0,0,0,0,0,0,0,0,0,0,0,0,0,0,0,0,0,0,0,0,0,0,0,0,0,0,0,0,0,0,0,0,0,0,0,0,0,0,0,0,0,0,0,0,0,0,0,0,0,0,0,0,0,0,0,0,0,0,0,0,0,0,0,0
1,0,0,0,0,0,0,0,0,0,0,0,0,0,0,0,0,0,0,0,0,0,0,0,0,0,0,0,0,0,0,0,0,0,0,0,0,0,0,0,0,0,0,0,0,0,0,0,0,0,0,0,0,0,0,0,0,0,0,0,0,0,0,0,0,0,0,0,0,0,0,0,0,0,0,0,0,0,0,0,0,0,0,0,0,0,0,0,0,0,0,0,0,0,0,0,0,0,0,0,0,0,0,0,0,0,0,0,0,0,0,0,0,0,0,0,0,0,0,0,0,0,0,0,0,0,0,0,0,38,254,109,0,0,0,0,0,0,0,0,0,0,0,0,0,0,0,0,0,0,0,0,0,0,0,0,0,87,252,82,0,0,0,0,0,0,0,0,0,0,0,0,0,0,0,0,0,0,0,0,0,0,0,0,0,135,241,0,0,0,0,0,0,0,0,0,0,0,0,0,0,0,0,0,0,0,0,0,0,0,0,0,45,244,150,0,0,0,0,0,0,0,0,0,0,0,0,0,0,0,0,0,0,0,0,0,0,0,0,0,84,254,63,0,0,0,0,0,0,0,0,0,0,0,0,0,0,0,0,0,0,0,0,0,0,0,0,0,202,223,11,0,0,0,0,0,0,0,0,0,0,0,0,0,0,0,0,0,0,0,0,0,0,0,0,32,254,216,0,0,0,0,0,0,0,0,0,0,0,0,0,0,0,0,0,0,0,0,0,0,0,0,0,95,254,195,0,0,0,0,0,0,0,0,0,0,0,0,0,0,0,0,0,0,0,0,0,0,0,0,0,140,254,77,0,0,0,0,0,0,0,0,0,0,0,0,0,0,0,0,0,0,0,0,0,0,0,0,57,237,205,8,0,0,0,0,0,0,0,0,0,0,0,0,0,0,0,0,0,0,0,0,0,0,0,0,124,255,165,0,0,0,0,0,0,0,0,0,0,0,0,0,0,0,0,0,0,0,0,0,0,0,0,0,171,254,81,0,0,0,0,0,0,0,0,0,0,0,0,0,0,0,0,0,0,0,0,0,0,0,0,24,232,215,0,0,0,0,0,0,0,0,0,0,0,0,0,0,0,0,0,0,0,0,0,0,0,0,0,120,254,159,0,0,0,0,0,0,0,0,0,0,0,0,0,0,0,0,0,0,0,0,0,0,0,0,0,151,254,142,0,0,0,0,0,0,0,0,0,0,0,0,0,0,0,0,0,0,0,0,0,0,0,0,0,228,254,66,0,0,0,0,0,0,0,0,0,0,0,0,0,0,0,0,0,0,0,0,0,0,0,0,61,251,254,66,0,0,0,0,0,0,0,0,0,0,0,0,0,0,0,0,0,0,0,0,0,0,0,0,141,254,205,3,0,0,0,0,0,0,0,0,0,0,0,0,0,0,0,0,0,0,0,0,0,0,0,10,215,254,121,0,0,0,0,0,0,0,0,0,0,0,0,0,0,0,0,0,0,0,0,0,0,0,0,5,198,176,10,0,0,0,0,0,0,0,0,0,0,0,0,0,0,0,0,0,0,0,0,0,0,0,0,0,0,0,0,0,0,0,0,0,0,0,0,0,0,0,0,0,0,0,0,0,0,0,0,0,0,0,0,0,0,0,0,0,0,0,0,0,0,0,0,0,0,0,0,0,0,0,0,0,0,0,0,0,0,0,0,0,0,0,0,0,0,0,0,0,0,0,0,0,0,0,0,0,0,0,0,0,0,0,0,0,0,0,0,0,0,0,0,0,0,0,0,0,0,0,0,0,0,0,0,0,0
0,0,0,0,0,0,0,0,0,0,0,0,0,0,0,0,0,0,0,0,0,0,0,0,0,0,0,0,0,0,0,0,0,0,0,0,0,0,0,0,0,0,0,0,0,0,0,0,0,0,0,0,0,0,0,0,0,0,0,0,0,0,0,0,0,0,0,0,0,0,0,0,0,0,0,0,0,0,0,0,0,0,0,0,0,0,0,0,0,0,0,0,0,0,0,0,0,0,0,0,0,0,0,0,0,0,0,0,0,0,0,0,0,0,0,0,0,0,0,0,0,0,0,0,0,11,150,253,202,31,0,0,0,0,0,0,0,0,0,0,0,0,0,0,0,0,0,0,0,0,0,0,0,37,251,251,253,107,0,0,0,0,0,0,0,0,0,0,0,0,0,0,0,0,0,0,0,0,0,0,21,197,251,251,253,107,0,0,0,0,0,0,0,0,0,0,0,0,0,0,0,0,0,0,0,0,0,110,190,251,251,251,253,169,109,62,0,0,0,0,0,0,0,0,0,0,0,0,0,0,0,0,0,0,0,253,251,251,251,251,253,251,251,220,51,0,0,0,0,0,0,0,0,0,0,0,0,0,0,0,0,0,182,255,253,253,253,253,234,222,253,253,253,0,0,0,0,0,0,0,0,0,0,0,0,0,0,0,0,63,221,253,251,251,251,147,77,62,128,251,251,105,0,0,0,0,0,0,0,0,0,0,0,0,0,0,32,231,251,253,251,220,137,10,0,0,31,230,251,243,113,5,0,0,0,0,0,0,0,0,0,0,0,0,37,251,251,253,188,20,0,0,0,0,0,109,251,253,251,35,0,0,0,0,0,0,0,0,0,0,0,0,37,251,251,201,30,0,0,0,0,0,0,31,200,253,251,35,0,0,0,0,0,0,0,0,0,0,0,0,37,253,253,0,0,0,0,0,0,0,0,32,202,255,253,164,0,0,0,0,0,0,0,0,0,0,0,0,140,251,251,0,0,0,0,0,0,0,0,109,251,253,251,35,0,0,0,0,0,0,0,0,0,0,0,0,217,251,251,0,0,0,0,0,0,21,63,231,251,253,230,30,0,0,0,0,0,0,0,0,0,0,0,0,217,251,251,0,0,0,0,0,0,144,251,251,251,221,61,0,0,0,0,0,0,0,0,0,0,0,0,0,217,251,251,0,0,0,0,0,182,221,251,251,251,180,0,0,0,0,0,0,0,0,0,0,0,0,0,0,218,253,253,73,73,228,253,253,255,253,253,253,253,0,0,0,0,0,0,0,0,0,0,0,0,0,0,0,113,251,251,253,251,251,251,251,253,251,251,251,147,0,0,0,0,0,0,0,0,0,0,0,0,0,0,0,31,230,251,253,251,251,251,251,253,230,189,35,10,0,0,0,0,0,0,0,0,0,0,0,0,0,0,0,0,62,142,253,251,251,251,251,253,107,0,0,0,0,0,0,0,0,0,0,0,0,0,0,0,0,0,0,0,0,0,72,174,251,173,71,72,30,0,0,0,0,0,0,0,0,0,0,0,0,0,0,0,0,0,0,0,0,0,0,0,0,0,0,0,0,0,0,0,0,0,0,0,0,0,0,0,0,0,0,0,0,0,0,0,0,0,0,0,0,0,0,0,0,0,0,0,0,0,0,0,0,0,0,0,0,0,0,0,0,0,0,0,0,0,0,0,0,0,0,0,0,0,0,0,0,0,0,0,0,0,0,0,0,0,0,0,0,0,0,0,0,0,0,0,0,0,0,0,0,0,0,0,0,0,0,0,0,0,0,0
4,0,0,0,0,0,0,0,0,0,0,0,0,0,0,0,0,0,0,0,0,0,0,0,0,0,0,0,0,0,0,0,0,0,0,0,0,0,0,0,0,0,0,0,0,0,0,0,0,0,0,0,0,0,0,0,0,0,0,0,0,0,0,0,0,0,0,0,0,0,0,0,0,0,0,0,0,0,0,0,0,0,0,0,0,0,0,0,0,0,0,0,0,0,0,0,0,0,0,0,0,0,0,0,0,0,0,0,0,0,0,0,0,0,0,0,0,0,0,0,0,0,0,0,0,0,0,0,0,0,0,0,0,0,0,0,0,0,0,0,0,0,0,0,0,0,0,0,0,0,0,50,224,0,0,0,0,0,0,0,70,29,0,0,0,0,0,0,0,0,0,0,0,0,0,0,0,0,0,121,231,0,0,0,0,0,0,0,148,168,0,0,0,0,0,0,0,0,0,0,0,0,0,0,0,0,4,195,231,0,0,0,0,0,0,0,96,210,11,0,0,0,0,0,0,0,0,0,0,0,0,0,0,0,69,252,134,0,0,0,0,0,0,0,114,252,21,0,0,0,0,0,0,0,0,0,0,0,0,0,0,45,236,217,12,0,0,0,0,0,0,0,192,252,21,0,0,0,0,0,0,0,0,0,0,0,0,0,0,168,247,53,0,0,0,0,0,0,0,18,255,253,21,0,0,0,0,0,0,0,0,0,0,0,0,0,84,242,211,0,0,0,0,0,0,0,0,141,253,189,5,0,0,0,0,0,0,0,0,0,0,0,0,0,169,252,106,0,0,0,0,0,0,0,32,232,250,66,0,0,0,0,0,0,0,0,0,0,0,0,0,15,225,252,0,0,0,0,0,0,0,0,134,252,211,0,0,0,0,0,0,0,0,0,0,0,0,0,0,22,252,164,0,0,0,0,0,0,0,0,169,252,167,0,0,0,0,0,0,0,0,0,0,0,0,0,0,9,204,209,18,0,0,0,0,0,0,22,253,253,107,0,0,0,0,0,0,0,0,0,0,0,0,0,0,0,169,252,199,85,85,85,85,129,164,195,252,252,106,0,0,0,0,0,0,0,0,0,0,0,0,0,0,0,41,170,245,252,252,252,252,232,231,251,252,252,9,0,0,0,0,0,0,0,0,0,0,0,0,0,0,0,0,0,49,84,84,84,84,0,0,161,252,252,0,0,0,0,0,0,0,0,0,0,0,0,0,0,0,0,0,0,0,0,0,0,0,0,0,127,252,252,45,0,0,0,0,0,0,0,0,0,0,0,0,0,0,0,0,0,0,0,0,0,0,0,0,128,253,253,0,0,0,0,0,0,0,0,0,0,0,0,0,0,0,0,0,0,0,0,0,0,0,0,0,127,252,252,0,0,0,0,0,0,0,0,0,0,0,0,0,0,0,0,0,0,0,0,0,0,0,0,0,135,252,244,0,0,0,0,0,0,0,0,0,0,0,0,0,0,0,0,0,0,0,0,0,0,0,0,0,232,236,111,0,0,0,0,0,0,0,0,0,0,0,0,0,0,0,0,0,0,0,0,0,0,0,0,0,179,66,0,0,0,0,0,0,0,0,0,0,0,0,0,0,0,0,0,0,0,0,0,0,0,0,0,0,0,0,0,0,0,0,0,0,0,0,0,0,0,0,0,0,0,0,0,0,0,0,0,0,0,0,0,0,0,0,0,0,0,0,0,0,0,0,0,0,0,0,0,0,0,0,0,0,0,0,0,0,0,0,0,0,0,0,0,0,0,0,0,0,0,0,0,0
1,0,0,0,0,0,0,0,0,0,0,0,0,0,0,0,0,0,0,0,0,0,0,0,0,0,0,0,0,0,0,0,0,0,0,0,0,0,0,0,0,0,0,0,0,0,0,0,0,0,0,0,0,0,0,0,0,0,0,0,0,0,0,0,0,0,0,0,0,0,0,0,0,0,0,0,0,0,0,0,0,0,0,0,0,0,0,0,0,0,0,0,0,0,0,0,0,0,0,0,0,0,0,0,0,0,0,0,0,0,0,0,0,0,0,0,0,0,0,0,0,0,0,0,0,0,0,0,0,0,0,0,0,0,0,0,0,0,0,0,0,0,0,0,0,0,0,0,0,0,0,0,0,0,0,0,0,77,254,107,3,0,0,0,0,0,0,0,0,0,0,0,0,0,0,0,0,0,0,0,0,0,0,0,19,227,254,254,9,0,0,0,0,0,0,0,0,0,0,0,0,0,0,0,0,0,0,0,0,0,0,0,81,254,254,165,1,0,0,0,0,0,0,0,0,0,0,0,0,0,0,0,0,0,0,0,0,0,0,7,203,254,254,73,0,0,0,0,0,0,0,0,0,0,0,0,0,0,0,0,0,0,0,0,0,0,0,53,254,254,250,0,0,0,0,0,0,0,0,0,0,0,0,0,0,0,0,0,0,0,0,0,0,0,0,134,254,254,180,0,0,0,0,0,0,0,0,0,0,0,0,0,0,0,0,0,0,0,0,0,0,0,0,196,254,248,48,0,0,0,0,0,0,0,0,0,0,0,0,0,0,0,0,0,0,0,0,0,0,0,58,254,254,237,0,0,0,0,0,0,0,0,0,0,0,0,0,0,0,0,0,0,0,0,0,0,0,0,111,254,254,132,0,0,0,0,0,0,0,0,0,0,0,0,0,0,0,0,0,0,0,0,0,0,0,0,163,254,238,28,0,0,0,0,0,0,0,0,0,0,0,0,0,0,0,0,0,0,0,0,0,0,0,60,252,254,223,0,0,0,0,0,0,0,0,0,0,0,0,0,0,0,0,0,0,0,0,0,0,0,0,79,254,254,154,0,0,0,0,0,0,0,0,0,0,0,0,0,0,0,0,0,0,0,0,0,0,0,0,163,254,238,53,0,0,0,0,0,0,0,0,0,0,0,0,0,0,0,0,0,0,0,0,0,0,0,28,252,254,210,0,0,0,0,0,0,0,0,0,0,0,0,0,0,0,0,0,0,0,0,0,0,0,0,86,254,254,131,0,0,0,0,0,0,0,0,0,0,0,0,0,0,0,0,0,0,0,0,0,0,0,0,105,254,234,20,0,0,0,0,0,0,0,0,0,0,0,0,0,0,0,0,0,0,0,0,0,0,0,0,175,254,204,5,0,0,0,0,0,0,0,0,0,0,0,0,0,0,0,0,0,0,0,0,0,0,0,5,211,254,196,0,0,0,0,0,0,0,0,0,0,0,0,0,0,0,0,0,0,0,0,0,0,0,0,3,158,254,160,0,0,0,0,0,0,0,0,0,0,0,0,0,0,0,0,0,0,0,0,0,0,0,0,0,26,157,107,0,0,0,0,0,0,0,0,0,0,0,0,0,0,0,0,0,0,0,0,0,0,0,0,0,0,0,0,0,0,0,0,0,0,0,0,0,0,0,0,0,0,0,0,0,0,0,0,0,0,0,0,0,0,0,0,0,0,0,0,0,0,0,0,0,0,0,0,0,0,0,0,0,0,0,0,0,0,0,0,0,0,0,0,0,0,0,0,0,0,0,0,0,0,0,0,0,0
4,0,0,0,0,0,0,0,0,0,0,0,0,0,0,0,0,0,0,0,0,0,0,0,0,0,0,0,0,0,0,0,0,0,0,0,0,0,0,0,0,0,0,0,0,0,0,0,0,0,0,0,0,0,0,0,0,0,0,0,0,0,0,0,0,0,0,0,0,0,0,0,0,0,0,0,0,0,0,0,0,0,0,0,0,0,0,0,0,0,0,0,0,0,0,0,0,0,0,0,0,0,0,0,0,0,0,0,0,0,0,0,0,0,0,0,0,0,0,0,0,0,0,0,0,0,0,0,0,0,0,0,0,0,0,0,0,0,0,0,0,0,0,0,0,0,0,0,0,0,22,192,134,32,0,0,0,0,0,0,0,0,15,77,5,0,0,0,0,0,0,0,0,0,0,0,0,17,235,250,169,0,0,0,0,0,0,0,0,15,220,241,37,0,0,0,0,0,0,0,0,0,0,0,20,189,253,147,0,0,0,0,0,0,0,0,0,139,253,100,0,0,0,0,0,0,0,0,0,0,0,0,70,253,253,21,0,0,0,0,0,0,0,0,43,254,173,13,0,0,0,0,0,0,0,0,0,0,0,22,153,253,96,0,0,0,0,0,0,0,0,43,231,254,92,0,0,0,0,0,0,0,0,0,0,0,0,163,255,204,11,0,0,0,0,0,0,0,0,104,254,158,0,0,0,0,0,0,0,0,0,0,0,0,0,162,253,178,5,0,0,0,0,0,0,9,131,237,253,0,0,0,0,0,0,0,0,0,0,0,0,0,0,162,253,253,191,175,70,70,70,70,133,197,253,253,169,0,0,0,0,0,0,0,0,0,0,0,0,0,0,51,228,253,253,254,253,253,253,253,254,253,253,219,35,0,0,0,0,0,0,0,0,0,0,0,0,0,0,0,17,65,137,254,232,137,137,137,44,253,253,161,0,0,0,0,0,0,0,0,0,0,0,0,0,0,0,0,0,0,0,0,0,0,0,0,34,254,206,21,0,0,0,0,0,0,0,0,0,0,0,0,0,0,0,0,0,0,0,0,0,0,0,0,160,253,69,0,0,0,0,0,0,0,0,0,0,0,0,0,0,0,0,0,0,0,0,0,0,0,0,85,254,241,50,0,0,0,0,0,0,0,0,0,0,0,0,0,0,0,0,0,0,0,0,0,0,0,0,158,254,165,0,0,0,0,0,0,0,0,0,0,0,0,0,0,0,0,0,0,0,0,0,0,0,0,0,231,244,50,0,0,0,0,0,0,0,0,0,0,0,0,0,0,0,0,0,0,0,0,0,0,0,0,104,254,232,0,0,0,0,0,0,0,0,0,0,0,0,0,0,0,0,0,0,0,0,0,0,0,0,0,208,253,157,0,13,30,0,0,0,0,0,0,0,0,0,0,0,0,0,0,0,0,0,0,0,0,0,0,208,253,154,91,204,161,0,0,0,0,0,0,0,0,0,0,0,0,0,0,0,0,0,0,0,0,0,0,208,253,254,253,154,29,0,0,0,0,0,0,0,0,0,0,0,0,0,0,0,0,0,0,0,0,0,0,61,190,128,23,6,0,0,0,0,0,0,0,0,0,0,0,0,0,0,0,0,0,0,0,0,0,0,0,0,0,0,0,0,0,0,0,0,0,0,0,0,0,0,0,0,0,0,0,0,0,0,0,0,0,0,0,0,0,0,0,0,0,0,0,0,0,0,0,0,0,0,0,0,0,0,0,0,0,0,0,0,0,0,0,0,0,0,0,0,0,0,0,0,0,0,0,0,0,0
9,0,0,0,0,0,0,0,0,0,0,0,0,0,0,0,0,0,0,0,0,0,0,0,0,0,0,0,0,0,0,0,0,0,0,0,0,0,0,0,0,0,0,0,0,0,0,0,0,0,0,0,0,0,0,0,0,0,0,0,0,0,0,0,0,0,0,0,0,0,0,0,0,0,0,0,0,0,0,0,0,0,0,0,0,0,0,0,0,0,0,0,0,0,0,0,0,0,0,0,0,0,0,0,0,0,0,0,0,0,0,0,0,0,0,0,0,0,0,0,0,0,0,0,0,0,0,0,0,0,0,0,0,0,0,0,0,0,0,0,0,0,0,0,0,0,0,0,0,0,0,0,0,0,0,0,0,0,0,0,0,0,0,0,0,0,0,0,0,0,0,0,0,0,0,0,0,0,0,0,14,149,193,5,0,0,0,0,0,0,0,0,0,0,0,0,0,0,0,0,0,0,0,0,0,0,0,91,224,253,253,19,0,0,0,0,0,0,0,0,0,0,0,0,0,0,0,0,0,0,0,0,0,0,28,235,254,253,253,166,18,0,0,0,0,0,0,0,0,0,0,0,0,0,0,0,0,0,0,0,0,0,144,253,254,253,253,253,238,115,6,0,0,0,0,0,0,0,0,0,0,0,0,0,0,0,0,0,0,31,241,253,208,185,253,253,253,231,24,0,0,0,0,0,0,0,0,0,0,0,0,0,0,0,0,0,0,79,254,193,0,8,98,219,254,255,201,18,0,0,0,0,0,0,0,0,0,0,0,0,0,0,0,0,0,86,253,80,0,0,0,182,253,254,191,12,0,0,0,0,0,0,0,0,0,0,0,0,0,0,0,0,0,175,253,155,0,0,0,234,253,254,135,0,0,0,0,0,0,0,0,0,0,0,0,0,0,0,0,0,0,86,253,208,40,85,166,251,237,254,236,42,0,0,0,0,0,0,0,0,0,0,0,0,0,0,0,0,0,18,238,253,254,253,253,185,36,216,253,152,0,0,0,0,0,0,0,0,0,0,0,0,0,0,0,0,0,0,68,240,255,254,145,8,0,134,254,223,35,0,0,0,0,0,0,0,0,0,0,0,0,0,0,0,0,0,0,68,158,142,12,0,0,9,175,253,161,0,0,0,0,0,0,0,0,0,0,0,0,0,0,0,0,0,0,0,0,0,0,0,0,0,88,253,226,18,0,0,0,0,0,0,0,0,0,0,0,0,0,0,0,0,0,0,0,0,0,0,0,0,2,166,253,126,0,0,0,0,0,0,0,0,0,0,0,0,0,0,0,0,0,0,0,0,0,0,0,0,0,48,245,253,38,0,0,0,0,0,0,0,0,0,0,0,0,0,0,0,0,0,0,0,0,0,0,0,0,0,115,254,172,9,0,0,0,0,0,0,0,0,0,0,0,0,0,0,0,0,0,0,0,0,0,0,0,0,21,218,254,46,0,0,0,0,0,0,0,0,0,0,0,0,0,0,0,0,0,0,0,0,0,0,0,0,0,30,254,165,0,0,0,0,0,0,0,0,0,0,0,0,0,0,0,0,0,0,0,0,0,0,0,0,0,0,186,244,42,0,0,0,0,0,0,0,0,0,0,0,0,0,0,0,0,0,0,0,0,0,0,0,0,0,14,223,78,0,0,0,0,0,0,0,0,0,0,0,0,0,0,0,0,0,0,0,0,0,0,0,0,0,0,0,0,0,0,0,0,0,0,0,0,0,0,0,0,0,0,0,0,0,0,0,0,0,0,0,0,0,0,0,0,0,0,0,0
5,0,0,0,0,0,0,0,0,0,0,0,0,0,0,0,0,0,0,0,0,0,0,0,0,0,0,0,0,0,0,0,0,0,0,0,0,0,0,0,0,0,0,0,0,0,0,0,0,0,0,0,0,0,0,0,0,0,0,0,0,0,0,0,0,0,0,0,0,0,0,0,0,0,0,0,0,0,0,0,0,0,0,0,0,0,0,0,0,0,0,0,0,0,0,0,0,0,0,0,0,0,0,0,0,0,0,0,0,0,0,0,0,0,0,0,0,0,0,0,0,0,0,0,0,0,0,0,0,0,17,47,47,47,16,129,85,47,0,0,0,0,0,0,0,0,0,0,0,0,0,0,0,0,0,0,75,153,217,253,253,253,215,246,253,253,0,0,0,0,0,0,0,0,0,0,0,0,0,0,0,35,142,244,252,253,253,253,253,253,253,253,253,253,0,0,0,0,0,0,0,0,0,0,0,0,0,0,0,63,253,253,253,253,253,253,253,213,170,170,170,170,0,0,0,0,0,0,0,0,0,0,0,20,132,72,0,57,238,227,238,168,124,69,20,11,0,0,0,0,0,0,0,0,0,0,0,0,0,0,11,206,253,78,0,0,32,0,30,2,0,0,0,0,0,0,0,0,0,0,0,0,0,0,0,0,0,6,177,253,132,10,0,0,0,0,0,0,0,0,0,0,0,0,0,0,0,0,0,0,0,0,0,0,12,133,253,233,15,0,0,0,0,0,0,0,0,0,0,0,0,0,0,0,0,0,0,0,0,0,0,0,92,253,223,28,0,0,0,0,0,0,0,0,0,0,0,0,0,0,0,0,0,0,0,0,0,0,0,0,150,253,174,0,0,0,0,0,0,0,0,0,0,0,0,0,0,0,0,0,0,0,0,0,0,0,0,0,234,253,246,127,49,0,0,0,0,0,0,0,0,0,0,0,0,0,0,0,0,0,0,0,0,0,0,0,255,253,253,253,251,147,91,121,85,42,42,85,28,0,0,0,0,0,0,0,0,0,0,0,0,0,0,0,139,253,253,253,253,253,253,253,253,253,253,253,232,168,0,0,0,0,0,0,0,0,0,0,0,0,0,0,3,53,218,222,251,253,253,253,253,253,253,253,253,252,124,0,0,0,0,0,0,0,0,0,0,0,0,0,0,0,0,0,67,72,200,253,253,253,253,253,253,253,175,0,0,0,0,0,0,0,0,0,0,0,0,0,0,0,0,0,0,0,120,253,249,152,51,164,253,253,175,0,0,0,0,0,0,0,0,0,0,0,0,0,0,0,0,0,0,0,50,253,253,253,188,252,253,253,148,0,0,0,0,0,0,0,0,0,0,0,0,0,0,0,0,0,0,0,9,167,253,253,253,253,250,175,11,0,0,0,0,0,0,0,0,0,0,0,0,0,0,0,0,0,0,0,0,23,180,231,253,221,128,0,0,0,0,0,0,0,0,0,0,0,0,0,0,0,0,0,0,0,0,0,0,0,0,93,149,22,0,0,0,0,0,0,0,0,0,0,0,0,0,0,0,0,0,0,0,0,0,0,0,0,0,0,0,0,0,0,0,0,0,0,0,0,0,0,0,0,0,0,0,0,0,0,0,0,0,0,0,0,0,0,0,0,0,0,0,0,0,0,0,0,0,0,0,0,0,0,0,0,0,0,0,0,0,0,0,0,0,0,0,0,0,0,0,0,0,0,0,0,0,0,0,0,0,0,0,0,0,0,0,0,0,0,0,0,0,0,0,0,0,0,0,0,0,0,0,0,0,0,0
9,0,0,0,0,0,0,0,0,0,0,0,0,0,0,0,0,0,0,0,0,0,0,0,0,0,0,0,0,0,0,0,0,0,0,0,0,0,0,0,0,0,0,0,0,0,0,0,0,0,0,0,0,0,0,0,0,0,0,0,0,0,0,0,0,0,0,0,0,0,0,0,0,0,0,0,0,0,0,0,0,0,0,0,0,0,0,0,0,0,0,0,0,0,0,0,0,0,0,0,0,0,0,0,0,0,0,0,0,0,0,0,0,0,0,0,0,0,0,0,0,0,0,0,0,0,0,0,0,0,0,0,0,0,0,0,0,0,0,0,0,0,0,0,0,0,0,0,0,0,0,0,0,0,0,0,0,0,0,0,0,0,0,0,0,0,0,0,0,0,0,0,0,0,0,0,0,0,0,0,0,0,0,0,0,0,0,0,0,0,0,0,0,0,0,0,0,0,0,0,0,0,0,0,0,0,0,0,0,0,36,56,137,201,199,95,37,0,0,0,0,0,0,0,0,0,0,0,0,0,0,0,0,0,0,0,45,152,234,254,254,254,254,254,250,211,151,6,0,0,0,0,0,0,0,0,0,0,0,0,0,0,46,153,240,254,254,227,166,133,251,200,254,229,225,104,0,0,0,0,0,0,0,0,0,0,0,0,0,153,234,254,254,187,142,8,0,0,191,40,198,246,223,253,21,0,0,0,0,0,0,0,0,0,0,8,126,253,254,233,128,11,0,0,0,0,210,43,70,254,254,254,21,0,0,0,0,0,0,0,0,0,0,72,243,254,228,54,0,0,0,0,3,32,116,225,242,254,255,162,5,0,0,0,0,0,0,0,0,0,0,75,240,254,223,109,138,178,178,169,210,251,231,254,254,254,232,38,0,0,0,0,0,0,0,0,0,0,0,9,175,244,253,255,254,254,251,254,254,254,254,254,252,171,25,0,0,0,0,0,0,0,0,0,0,0,0,0,0,16,136,195,176,146,153,200,254,254,254,254,150,16,0,0,0,0,0,0,0,0,0,0,0,0,0,0,0,0,0,0,0,0,0,162,254,254,241,99,3,0,0,0,0,0,0,0,0,0,0,0,0,0,0,0,0,0,0,0,0,0,118,250,254,254,90,0,0,0,0,0,0,0,0,0,0,0,0,0,0,0,0,0,0,0,0,0,0,100,242,254,254,211,7,0,0,0,0,0,0,0,0,0,0,0,0,0,0,0,0,0,0,0,0,0,54,241,254,254,242,59,0,0,0,0,0,0,0,0,0,0,0,0,0,0,0,0,0,0,0,0,0,0,131,254,254,244,64,0,0,0,0,0,0,0,0,0,0,0,0,0,0,0,0,0,0,0,0,0,0,13,249,254,254,152,0,0,0,0,0,0,0,0,0,0,0,0,0,0,0,0,0,0,0,0,0,0,12,228,254,254,208,8,0,0,0,0,0,0,0,0,0,0,0,0,0,0,0,0,0,0,0,0,0,0,78,255,254,254,66,0,0,0,0,0,0,0,0,0,0,0,0,0,0,0,0,0,0,0,0,0,0,0,209,254,254,137,0,0,0,0,0,0,0,0,0,0,0,0,0,0,0,0,0,0,0,0,0,0,0,0,227,255,233,25,0,0,0,0,0,0,0,0,0,0,0,0,0,0,0,0,0,0,0,0,0,0,0,0,113,255,108,0,0,0,0,0,0,0,0,0,0,0,0,0,0,0,0,0,0,0,0,0,0,0,0,0,0,0,0,0,0,0,0,0,0,0,0,0,0,0,0,0,0,0,0
0,0,0,0,0,0,0,0,0,0,0,0,0,0,0,0,0,0,0,0,0,0,0,0,0,0,0,0,0,0,0,0,0,0,0,0,0,0,0,0,0,0,0,0,0,0,0,0,0,0,0,0,0,0,0,0,0,0,0,0,0,0,0,0,0,0,0,0,0,0,0,0,0,0,0,0,0,0,0,0,0,0,0,0,0,0,0,0,0,0,0,0,0,0,0,0,0,0,0,0,0,0,0,0,0,0,0,0,0,0,0,0,0,0,0,0,0,0,0,0,0,0,0,0,61,3,42,118,193,118,118,61,0,0,0,0,0,0,0,0,0,0,0,0,0,0,0,0,0,0,14,179,245,236,242,254,254,254,254,245,235,84,0,0,0,0,0,0,0,0,0,0,0,0,0,0,0,0,151,254,254,254,213,192,178,178,180,254,254,241,46,0,0,0,0,0,0,0,0,0,0,0,0,0,0,43,235,254,226,64,28,12,0,0,2,128,252,255,173,17,0,0,0,0,0,0,0,0,0,0,0,0,0,56,254,253,107,0,0,0,0,0,0,0,134,250,254,75,0,0,0,0,0,0,0,0,0,0,0,0,0,63,254,158,0,0,0,0,0,0,0,0,0,221,254,157,0,0,0,0,0,0,0,0,0,0,0,0,0,194,254,103,0,0,0,0,0,0,0,0,0,150,254,213,0,0,0,0,0,0,0,0,0,0,0,0,34,220,239,58,0,0,0,0,0,0,0,0,0,84,254,213,0,0,0,0,0,0,0,0,0,0,0,0,126,254,171,0,0,0,0,0,0,0,0,0,0,84,254,213,0,0,0,0,0,0,0,0,0,0,0,0,214,239,60,0,0,0,0,0,0,0,0,0,0,84,254,213,0,0,0,0,0,0,0,0,0,0,0,0,214,199,0,0,0,0,0,0,0,0,0,0,0,84,254,213,0,0,0,0,0,0,0,0,0,0,0,11,219,199,0,0,0,0,0,0,0,0,0,0,0,84,254,213,0,0,0,0,0,0,0,0,0,0,0,98,254,199,0,0,0,0,0,0,0,0,0,0,0,162,254,209,0,0,0,0,0,0,0,0,0,0,0,98,254,199,0,0,0,0,0,0,0,0,0,0,51,238,254,75,0,0,0,0,0,0,0,0,0,0,0,98,254,199,0,0,0,0,0,0,0,0,0,51,165,254,195,4,0,0,0,0,0,0,0,0,0,0,0,66,241,199,0,0,0,0,0,0,0,0,3,167,254,227,55,0,0,0,0,0,0,0,0,0,0,0,0,0,214,213,20,0,0,0,0,0,46,152,202,254,254,63,0,0,0,0,0,0,0,0,0,0,0,0,0,0,214,254,204,180,180,180,180,180,235,254,254,234,156,10,0,0,0,0,0,0,0,0,0,0,0,0,0,0,81,205,254,254,254,254,254,254,254,252,234,120,0,0,0,0,0,0,0,0,0,0,0,0,0,0,0,0,0,26,210,254,254,254,254,254,153,104,0,0,0,0,0,0,0,0,0,0,0,0,0,0,0,0,0,0,0,0,0,0,0,0,0,0,0,0,0,0,0,0,0,0,0,0,0,0,0,0,0,0,0,0,0,0,0,0,0,0,0,0,0,0,0,0,0,0,0,0,0,0,0,0,0,0,0,0,0,0,0,0,0,0,0,0,0,0,0,0,0,0,0,0,0,0,0,0,0,0,0,0,0,0,0,0,0,0,0,0,0,0,0,0,0,0,0,0,0,0,0,0,0,0,0,0,0,0,0,0,0,0,0
6,0,0,0,0,0,0,0,0,0,0,0,0,0,0,0,0,0,0,0,0,0,0,0,0,0,0,0,0,0,0,0,0,0,0,0,0,0,0,0,0,0,0,0,0,0,0,0,0,0,0,0,0,0,0,0,0,0,0,0,0,0,0,0,0,0,0,0,0,0,0,0,0,0,0,0,0,0,0,0,0,0,0,0,0,0,0,0,0,0,0,0,0,0,0,7,204,253,176,0,0,0,0,0,0,0,0,0,0,0,0,0,0,0,0,0,0,0,0,0,0,0,7,150,252,252,125,0,0,0,0,0,0,0,0,0,0,0,0,0,0,0,0,0,0,0,0,0,0,0,117,252,186,56,0,0,0,0,0,0,0,0,0,0,0,0,0,0,0,0,0,0,0,0,0,0,0,0,141,252,118,0,0,0,0,0,0,0,0,0,0,0,0,0,0,0,0,0,0,0,0,0,0,0,0,0,154,247,50,0,0,0,0,0,0,0,0,0,0,0,0,0,0,0,0,0,0,0,0,0,0,0,0,26,253,196,0,0,0,0,0,0,0,0,0,0,0,0,0,0,0,0,0,0,0,0,0,0,0,0,0,150,253,196,0,0,0,0,0,0,0,57,85,85,38,0,0,0,0,0,0,0,0,0,0,0,0,0,0,225,253,96,0,0,0,0,0,151,226,243,252,252,238,125,0,0,0,0,0,0,0,0,0,0,0,0,10,229,226,0,0,0,4,54,229,253,255,234,175,225,255,228,31,0,0,0,0,0,0,0,0,0,0,0,110,252,150,0,0,26,128,252,252,227,134,28,0,0,178,252,56,0,0,0,0,0,0,0,0,0,0,0,159,252,113,0,0,150,253,252,186,43,0,0,0,0,141,252,56,0,0,0,0,0,0,0,0,0,0,0,185,252,113,0,38,237,253,151,6,0,0,0,0,0,141,202,6,0,0,0,0,0,0,0,0,0,0,0,198,253,114,0,147,253,163,0,0,0,0,0,0,0,154,197,0,0,0,0,0,0,0,0,0,0,0,0,197,252,113,0,172,252,188,0,0,0,0,0,0,26,253,171,0,0,0,0,0,0,0,0,0,0,0,0,197,252,113,0,19,231,247,122,19,0,0,0,0,200,244,56,0,0,0,0,0,0,0,0,0,0,0,26,222,252,113,0,0,25,203,252,193,13,0,76,200,249,125,0,0,0,0,0,0,0,0,0,0,0,0,0,185,253,179,10,0,0,0,76,35,29,154,253,244,125,0,0,0,0,0,0,0,0,0,0,0,0,0,0,28,209,253,196,82,57,57,131,197,252,253,214,81,0,0,0,0,0,0,0,0,0,0,0,0,0,0,0,0,25,216,252,252,252,253,252,252,252,156,19,0,0,0,0,0,0,0,0,0,0,0,0,0,0,0,0,0,0,16,103,139,240,140,139,139,40,0,0,0,0,0,0,0,0,0,0,0,0,0,0,0,0,0,0,0,0,0,0,0,0,0,0,0,0,0,0,0,0,0,0,0,0,0,0,0,0,0,0,0,0,0,0,0,0,0,0,0,0,0,0,0,0,0,0,0,0,0,0,0,0,0,0,0,0,0,0,0,0,0,0,0,0,0,0,0,0,0,0,0,0,0,0,0,0,0,0,0,0,0,0,0,0,0,0,0,0,0,0,0,0,0,0,0,0,0,0,0,0,0,0,0,0,0,0,0,0,0,0,0,0,0,0,0,0,0,0,0,0,0,0,0,0,0,0,0,0,0,0,0,0,0,0,0,0,0,0,0
9,0,0,0,0,0,0,0,0,0,0,0,0,0,0,0,0,0,0,0,0,0,0,0,0,0,0,0,0,0,0,0,0,0,0,0,0,0,0,0,0,0,0,0,0,0,0,0,0,0,0,0,0,0,0,0,0,0,0,0,0,0,0,0,0,0,0,0,0,0,0,0,0,0,0,0,0,0,0,0,0,0,0,0,0,0,0,0,0,0,0,0,0,0,0,0,0,0,0,0,0,0,0,0,0,0,0,0,0,0,0,0,0,0,0,0,0,0,0,0,0,0,0,0,0,0,0,0,0,0,0,0,0,0,0,0,0,0,0,0,0,0,0,0,0,0,0,0,0,0,0,0,0,0,0,0,0,0,0,0,0,0,0,0,0,0,0,0,0,0,0,0,0,0,0,0,0,0,0,0,0,0,0,0,0,0,0,0,0,0,0,0,0,0,0,0,0,0,0,0,0,0,0,0,0,0,0,0,0,49,180,253,255,253,169,36,11,76,9,0,0,0,0,0,0,0,0,0,0,0,0,0,0,0,0,5,68,228,252,252,253,252,252,160,189,253,92,0,0,0,0,0,0,0,0,0,0,0,0,0,0,0,0,55,252,252,227,79,69,69,100,90,236,247,67,0,0,0,0,0,0,0,0,0,0,0,0,0,0,0,43,233,252,185,50,0,0,0,26,203,252,135,0,0,0,0,0,0,0,0,0,0,0,0,0,0,0,0,168,253,178,37,0,0,0,0,70,252,252,63,0,0,0,0,0,0,0,0,0,0,0,0,0,0,0,155,253,242,42,0,0,0,0,5,191,253,190,0,0,0,0,0,0,0,0,0,0,0,0,0,0,0,0,207,252,230,0,0,0,0,5,136,252,252,64,0,0,0,0,0,0,0,0,0,0,0,0,0,0,0,0,207,252,230,0,0,0,32,138,252,252,227,16,0,0,0,0,0,0,0,0,0,0,0,0,0,0,0,0,165,252,249,207,207,207,228,253,252,252,160,0,0,0,0,0,0,0,0,0,0,0,0,0,0,0,0,0,9,179,253,252,252,252,252,75,169,252,56,0,0,0,0,0,0,0,0,0,0,0,0,0,0,0,0,0,0,0,64,116,116,74,0,149,253,215,21,0,0,0,0,0,0,0,0,0,0,0,0,0,0,0,0,0,0,0,0,0,0,0,0,253,252,162,0,0,0,0,0,0,0,0,0,0,0,0,0,0,0,0,0,0,0,0,0,0,0,0,32,253,240,50,0,0,0,0,0,0,0,0,0,0,0,0,0,0,0,0,0,0,0,0,0,0,0,0,157,253,164,0,0,0,0,0,0,0,0,0,0,0,0,0,0,0,0,0,0,0,0,0,0,0,0,43,240,253,92,0,0,0,0,0,0,0,0,0,0,0,0,0,0,0,0,0,0,0,0,0,0,0,0,93,253,252,84,0,0,0,0,0,0,0,0,0,0,0,0,0,0,0,0,0,0,0,0,0,0,0,0,114,252,209,0,0,0,0,0,0,0,0,0,0,0,0,0,0,0,0,0,0,0,0,0,0,0,0,0,207,252,116,0,0,0,0,0,0,0,0,0,0,0,0,0,0,0,0,0,0,0,0,0,0,0,0,0,165,252,116,0,0,0,0,0,0,0,0,0,0,0,0,0,0,0,0,0,0,0,0,0,0,0,0,0,93,200,63,0,0,0,0,0,0,0,0,0,0,0,0,0,0,0,0,0,0,0,0,0,0,0,0,0,0,0,0,0,0,0,0,0,0,0,0,0,0,0,0
0,0,0,0,0,0,0,0,0,0,0,0,0,0,0,0,0,0,0,0,0,0,0,0,0,0,0,0,0,0,0,0,0,0,0,0,0,0,0,0,0,0,0,0,0,0,0,0,0,0,0,0,0,0,0,0,0,0,0,0,0,0,0,0,0,0,0,0,0,0,0,0,0,0,0,0,0,0,0,0,0,0,0,0,0,0,0,0,0,0,0,0,0,0,0,0,0,0,0,0,0,0,0,0,0,0,0,0,0,0,0,0,0,0,0,0,0,0,0,0,0,0,0,0,0,0,0,0,0,0,0,0,0,0,0,0,0,0,0,0,0,0,0,0,0,0,0,0,0,0,0,0,0,17,66,138,255,253,169,138,23,0,0,0,0,0,0,0,0,0,0,0,0,0,0,0,0,0,0,5,120,228,252,252,253,252,252,252,158,0,0,0,0,0,0,0,0,0,0,0,0,0,0,0,0,0,0,108,252,252,252,252,190,252,252,252,252,0,0,0,0,0,0,0,0,0,0,0,0,0,0,0,0,0,43,233,252,252,252,116,5,135,252,252,252,0,0,0,0,0,0,0,0,0,0,0,0,0,0,0,0,43,178,253,252,221,43,2,0,5,54,232,252,210,0,0,0,0,0,0,0,0,0,0,0,0,0,0,0,93,253,255,249,115,0,0,0,0,0,136,251,255,154,0,0,0,0,0,0,0,0,0,0,0,0,0,0,166,252,253,185,0,0,0,0,0,0,0,209,253,206,0,0,0,0,0,0,0,0,0,0,0,0,0,19,220,252,253,92,0,0,0,0,0,0,0,116,253,206,0,0,0,0,0,0,0,0,0,0,0,0,0,70,252,252,192,17,0,0,0,0,0,0,0,116,253,223,25,0,0,0,0,0,0,0,0,0,0,0,0,122,252,252,63,0,0,0,0,0,0,0,0,116,253,252,69,0,0,0,0,0,0,0,0,0,0,0,0,132,253,253,0,0,0,0,0,0,0,0,0,116,255,253,69,0,0,0,0,0,0,0,0,0,0,0,0,184,252,252,0,0,0,0,0,0,0,0,0,116,253,252,69,0,0,0,0,0,0,0,0,0,0,0,0,184,252,252,0,0,0,0,0,0,0,0,0,116,253,240,50,0,0,0,0,0,0,0,0,0,0,0,0,184,252,252,0,0,0,0,0,0,0,0,0,210,253,112,0,0,0,0,0,0,0,0,0,0,0,0,0,48,232,252,158,0,0,0,0,0,0,0,0,230,232,8,0,0,0,0,0,0,0,0,0,0,0,0,0,0,93,253,244,50,0,0,0,0,0,0,155,253,168,0,0,0,0,0,0,0,0,0,0,0,0,0,0,0,34,164,253,113,0,0,0,0,0,66,236,231,42,0,0,0,0,0,0,0,0,0,0,0,0,0,0,0,0,32,222,240,134,0,0,38,91,234,252,137,0,0,0,0,0,0,0,0,0,0,0,0,0,0,0,0,0,0,25,177,240,207,103,233,252,252,176,35,0,0,0,0,0,0,0,0,0,0,0,0,0,0,0,0,0,0,0,15,54,179,252,137,137,54,4,0,0,0,0,0,0,0,0,0,0,0,0,0,0,0,0,0,0,0,0,0,0,0,0,0,0,0,0,0,0,0,0,0,0,0,0,0,0,0,0,0,0,0,0,0,0,0,0,0,0,0,0,0,0,0,0,0,0,0,0,0,0,0,0,0,0,0,0,0,0,0,0,0,0,0,0,0,0,0,0,0,0,0,0,0,0,0,0,0,0,0,0,0
1,0,0,0,0,0,0,0,0,0,0,0,0,0,0,0,0,0,0,0,0,0,0,0,0,0,0,0,0,0,0,0,0,0,0,0,0,0,0,0,0,0,0,0,0,0,0,0,0,0,0,0,0,0,0,0,0,0,0,0,0,0,0,0,0,0,0,0,0,0,0,0,0,0,0,0,0,0,0,0,0,0,0,0,0,0,0,0,0,0,0,0,0,0,0,0,0,0,0,0,0,0,0,0,0,0,0,0,0,0,0,0,0,0,0,0,0,0,0,0,0,0,0,0,0,0,128,255,191,0,0,0,0,0,0,0,0,0,0,0,0,0,0,0,0,0,0,0,0,0,0,0,0,0,191,255,255,64,0,0,0,0,0,0,0,0,0,0,0,0,0,0,0,0,0,0,0,0,0,0,0,0,255,255,255,128,0,0,0,0,0,0,0,0,0,0,0,0,0,0,0,0,0,0,0,0,0,0,0,0,255,255,255,0,0,0,0,0,0,0,0,0,0,0,0,0,0,0,0,0,0,0,0,0,0,0,0,0,255,255,255,0,0,0,0,0,0,0,0,0,0,0,0,0,0,0,0,0,0,0,0,0,0,0,0,0,128,255,255,128,0,0,0,0,0,0,0,0,0,0,0,0,0,0,0,0,0,0,0,0,0,0,0,0,255,255,255,128,0,0,0,0,0,0,0,0,0,0,0,0,0,0,0,0,0,0,0,0,0,0,0,0,255,255,255,128,0,0,0,0,0,0,0,0,0,0,0,0,0,0,0,0,0,0,0,0,0,0,0,0,255,255,255,128,0,0,0,0,0,0,0,0,0,0,0,0,0,0,0,0,0,0,0,0,0,0,0,0,255,255,255,128,0,0,0,0,0,0,0,0,0,0,0,0,0,0,0,0,0,0,0,0,0,0,0,0,255,255,255,0,0,0,0,0,0,0,0,0,0,0,0,0,0,0,0,0,0,0,0,0,0,0,0,0,255,255,255,0,0,0,0,0,0,0,0,0,0,0,0,0,0,0,0,0,0,0,0,0,0,0,0,0,255,255,255,0,0,0,0,0,0,0,0,0,0,0,0,0,0,0,0,0,0,0,0,0,0,0,0,0,255,255,255,0,0,0,0,0,0,0,0,0,0,0,0,0,0,0,0,0,0,0,0,0,0,0,0,0,191,255,255,128,0,0,0,0,0,0,0,0,0,0,0,0,0,0,0,0,0,0,0,0,0,0,0,0,191,255,255,128,0,0,0,0,0,0,0,0,0,0,0,0,0,0,0,0,0,0,0,0,0,0,0,64,255,255,255,128,0,0,0,0,0,0,0,0,0,0,0,0,0,0,0,0,0,0,0,0,0,0,0,191,255,255,255,128,0,0,0,0,0,0,0,0,0,0,0,0,0,0,0,0,0,0,0,0,0,0,64,255,255,255,64,0,0,0,0,0,0,0,0,0,0,0,0,0,0,0,0,0,0,0,0,0,0,0,64,255,128,0,0,0,0,0,0,0,0,0,0,0,0,0,0,0,0,0,0,0,0,0,0,0,0,0,0,0,0,0,0,0,0,0,0,0,0,0,0,0,0,0,0,0,0,0,0,0,0,0,0,0,0,0,0,0,0,0,0,0,0,0,0,0,0,0,0,0,0,0,0,0,0,0,0,0,0,0,0,0,0,0,0,0,0,0,0,0,0,0,0,0,0,0,0,0,0,0,0,0,0,0,0,0,0,0,0,0,0,0,0,0,0,0,0,0,0,0,0,0,0,0,0,0,0,0,0
5,0,0,0,0,0,0,0,0,0,0,0,0,0,0,0,0,0,0,0,0,0,0,0,0,0,0,0,0,0,0,0,0,0,0,0,0,0,0,0,0,0,0,0,0,0,0,0,0,0,0,0,0,0,0,0,0,0,0,0,0,0,0,0,0,0,0,0,0,0,0,0,0,0,0,0,0,0,0,0,0,0,0,0,0,0,0,0,0,0,0,0,0,0,0,0,0,0,0,0,0,0,0,0,0,0,0,0,0,0,0,0,0,0,0,0,0,0,0,0,0,0,0,0,0,51,132,214,253,254,253,203,162,41,0,0,0,0,0,0,0,0,0,0,0,0,0,0,0,102,142,203,203,253,252,253,252,151,70,0,0,0,0,0,0,0,0,0,0,0,0,0,0,0,0,0,0,254,253,244,203,142,102,82,0,0,0,0,0,0,0,0,0,0,0,0,0,0,0,0,0,0,0,0,0,172,252,203,0,0,0,0,0,0,0,0,0,0,0,0,0,0,0,0,0,0,0,0,0,0,0,0,0,21,223,234,30,0,0,0,0,0,0,0,0,0,0,0,0,0,0,0,0,0,0,0,0,0,0,0,0,0,122,253,50,0,0,0,0,0,0,0,0,0,0,0,0,0,0,0,0,0,0,0,0,0,0,0,0,0,123,254,91,51,51,51,10,0,0,0,0,0,0,0,0,0,0,0,0,0,0,0,0,0,0,0,0,21,223,253,252,253,252,253,172,82,0,0,0,0,0,0,0,0,0,0,0,0,0,0,0,0,0,0,21,214,253,203,162,102,102,203,223,254,253,51,10,0,0,0,0,0,0,0,0,0,0,0,0,0,0,0,61,253,171,0,0,0,0,0,20,112,192,253,212,41,0,0,0,0,0,0,0,0,0,0,0,0,0,0,0,0,0,0,0,0,0,0,0,0,0,102,203,234,51,0,0,0,0,0,0,0,0,0,0,0,0,0,0,0,0,0,0,0,0,0,0,0,0,0,20,213,232,82,0,0,0,0,0,0,0,0,0,0,0,0,0,0,0,0,0,0,0,0,0,0,0,0,0,62,203,234,112,0,0,0,0,0,0,0,0,0,0,0,0,0,0,0,0,0,0,0,0,0,0,0,0,0,20,213,252,0,0,0,0,0,0,0,0,0,0,0,0,0,0,0,0,0,0,0,0,0,0,0,0,0,0,153,253,0,0,0,0,0,0,0,0,0,0,0,0,0,0,0,0,0,0,0,0,0,0,0,0,0,41,233,212,0,0,0,0,0,0,0,0,0,0,0,0,113,92,0,0,0,0,0,0,0,0,0,0,31,173,244,40,0,0,0,0,0,0,0,0,0,0,0,82,253,151,0,0,0,0,0,0,21,102,102,183,233,212,81,0,0,0,0,0,0,0,0,0,0,0,0,82,255,253,234,152,153,193,173,253,254,253,254,213,142,20,0,0,0,0,0,0,0,0,0,0,0,0,0,0,71,151,151,232,253,212,192,151,131,50,50,10,0,0,0,0,0,0,0,0,0,0,0,0,0,0,0,0,0,0,0,0,0,0,0,0,0,0,0,0,0,0,0,0,0,0,0,0,0,0,0,0,0,0,0,0,0,0,0,0,0,0,0,0,0,0,0,0,0,0,0,0,0,0,0,0,0,0,0,0,0,0,0,0,0,0,0,0,0,0,0,0,0,0,0,0,0,0,0,0,0,0,0,0,0,0,0,0,0,0,0,0,0,0,0,0,0,0,0,0,0,0,0,0,0,0,0,0,0,0,0,0
9,0,0,0,0,0,0,0,0,0,0,0,0,0,0,0,0,0,0,0,0,0,0,0,0,0,0,0,0,0,0,0,0,0,0,0,0,0,0,0,0,0,0,0,0,0,0,0,0,0,0,0,0,0,0,0,0,0,0,0,0,0,0,0,0,0,0,0,0,0,0,0,0,0,0,0,0,0,0,0,0,0,0,0,0,0,0,0,0,0,0,0,0,0,0,0,0,0,0,0,0,0,0,0,0,0,0,0,0,0,0,0,0,0,0,0,0,0,0,0,0,0,0,0,0,0,0,0,0,0,0,0,0,0,0,0,0,0,0,0,0,0,0,0,0,0,0,0,0,0,0,0,0,0,0,0,0,0,0,0,0,0,0,0,0,0,0,0,0,0,0,0,0,0,0,0,0,0,0,0,64,146,229,255,205,120,0,0,0,0,0,0,0,0,0,0,0,0,0,0,0,0,0,0,0,0,24,198,252,253,225,216,235,252,89,0,0,0,0,0,0,0,0,0,0,0,0,0,0,0,0,0,0,20,205,253,223,70,15,0,29,206,174,2,87,38,1,0,0,0,0,0,0,0,0,0,0,0,0,0,0,137,253,227,6,0,0,0,0,35,28,76,253,253,9,0,0,0,0,0,0,0,0,0,0,0,0,0,88,251,235,12,0,0,0,0,0,0,42,238,253,174,1,0,0,0,0,0,0,0,0,0,0,0,0,0,134,253,192,0,0,0,0,0,0,0,14,238,253,161,0,0,0,0,0,0,0,0,0,0,0,0,0,0,169,253,74,0,0,0,0,0,0,0,85,247,253,75,0,0,0,0,0,0,0,0,0,0,0,0,0,10,250,253,47,0,0,0,0,0,0,6,219,253,241,31,0,0,0,0,0,0,0,0,0,0,0,0,0,10,253,253,47,0,0,0,0,0,5,72,253,253,143,0,0,0,0,0,0,0,0,0,0,0,0,0,0,6,221,253,117,0,0,0,0,25,118,253,253,253,47,0,0,0,0,0,0,0,0,0,0,0,0,0,0,0,28,242,254,187,104,146,159,220,244,239,254,224,18,0,0,0,0,0,0,0,0,0,0,0,0,0,0,0,0,78,201,253,253,248,215,156,67,247,253,157,0,0,0,0,0,0,0,0,0,0,0,0,0,0,0,0,0,0,5,56,56,50,0,0,38,253,253,74,0,0,0,0,0,0,0,0,0,0,0,0,0,0,0,0,0,0,0,0,0,0,0,0,66,253,253,18,0,0,0,0,0,0,0,0,0,0,0,0,0,0,0,0,0,0,0,0,0,0,0,0,149,253,253,18,0,0,0,0,0,0,0,0,0,0,0,0,0,0,0,0,0,0,0,0,0,0,0,30,238,253,191,4,0,0,0,0,0,0,0,0,0,0,0,0,0,0,0,0,0,0,0,0,0,0,0,66,253,253,112,0,0,0,0,0,0,0,0,0,0,0,0,0,0,0,0,0,0,0,0,0,0,0,0,87,253,244,3,0,0,0,0,0,0,0,0,0,0,0,0,0,0,0,0,0,0,0,0,0,0,0,0,170,253,198,0,0,0,0,0,0,0,0,0,0,0,0,0,0,0,0,0,0,0,0,0,0,0,0,0,254,253,149,0,0,0,0,0,0,0,0,0,0,0,0,0,0,0,0,0,0,0,0,0,0,0,0,0,0,0,0,0,0,0,0,0,0,0,0,0,0,0,0,0,0,0,0,0,0,0,0,0,0,0,0,0,0,0,0,0,0,0,0,0,0,0,0,0,0,0
7,0,0,0,0,0,0,0,0,0,0,0,0,0,0,0,0,0,0,0,0,0,0,0,0,0,0,0,0,0,0,0,0,0,0,0,0,0,0,0,0,0,0,0,0,0,0,0,0,0,0,0,0,0,0,0,0,0,0,0,0,0,0,0,0,0,0,0,0,0,0,0,0,0,0,0,0,0,0,0,0,0,0,0,0,0,0,0,0,0,0,0,0,0,0,0,0,0,0,0,0,0,0,0,0,0,0,0,0,0,0,0,0,0,0,0,0,0,0,0,0,0,0,0,0,0,0,0,0,0,0,0,0,0,0,0,0,0,0,0,0,0,0,0,0,0,0,0,0,0,0,0,0,0,0,0,0,0,0,0,0,0,0,0,0,0,0,0,0,0,0,0,0,0,0,0,0,0,0,0,0,0,0,0,0,0,0,0,0,0,0,0,0,0,0,0,0,0,0,0,0,74,249,254,254,254,245,167,167,136,25,80,60,0,0,0,0,0,0,0,0,0,0,0,0,0,0,0,0,104,254,254,254,254,254,254,254,254,249,254,252,197,113,71,39,0,0,0,0,0,0,0,0,0,0,0,0,5,99,135,105,105,114,192,192,192,233,254,254,254,254,254,246,129,0,0,0,0,0,0,0,0,0,0,0,0,0,0,0,0,0,0,0,0,45,114,114,203,254,254,254,240,15,0,0,0,0,0,0,0,0,0,0,0,0,0,0,0,0,0,0,0,0,0,0,8,35,155,254,254,130,0,0,0,0,0,0,0,0,0,0,0,0,0,0,0,0,0,0,0,0,0,0,0,0,36,254,241,34,0,0,0,0,0,0,0,0,0,0,0,0,0,0,0,0,0,0,0,0,0,0,0,0,115,254,254,118,0,0,0,0,0,0,0,0,0,0,0,0,0,0,0,0,0,0,0,0,0,0,0,34,243,254,240,17,0,0,0,0,0,0,0,0,0,0,0,0,0,0,0,0,0,0,0,0,0,0,0,111,254,254,139,0,0,0,0,0,0,0,0,0,0,0,0,0,0,0,0,0,0,0,0,0,0,0,37,243,254,244,40,0,0,0,0,0,0,0,0,0,0,0,0,0,0,0,0,0,0,0,0,0,0,20,176,254,254,113,0,0,0,0,0,0,0,0,0,0,0,0,0,0,0,0,0,0,0,0,0,0,0,140,254,254,220,2,0,0,0,0,0,0,0,0,0,0,0,0,0,0,0,0,0,0,0,0,0,0,88,253,254,243,45,0,0,0,0,0,0,0,0,0,0,0,0,0,0,0,0,0,0,0,0,0,0,63,241,254,254,83,0,0,0,0,0,0,0,0,0,0,0,0,0,0,0,0,0,0,0,0,0,0,16,243,254,254,147,5,0,0,0,0,0,0,0,0,0,0,0,0,0,0,0,0,0,0,0,0,0,2,111,254,254,203,5,0,0,0,0,0,0,0,0,0,0,0,0,0,0,0,0,0,0,0,0,0,0,58,254,254,254,84,0,0,0,0,0,0,0,0,0,0,0,0,0,0,0,0,0,0,0,0,0,0,14,237,254,255,194,4,0,0,0,0,0,0,0,0,0,0,0,0,0,0,0,0,0,0,0,0,0,0,82,254,254,194,27,0,0,0,0,0,0,0,0,0,0,0,0,0,0,0,0,0,0,0,0,0,0,0,39,230,193,28,0,0,0,0,0,0,0,0,0,0,0,0,0,0,0,0,0,0,0,0,0,0,0,0,0,0,0,0,0,0,0,0,0,0,0,0,0,0,0,0,0,0
3,0,0,0,0,0,0,0,0,0,0,0,0,0,0,0,0,0,0,0,0,0,0,0,0,0,0,0,0,0,0,0,0,0,0,0,0,0,0,0,0,0,0,0,0,0,0,0,0,0,0,0,0,0,0,0,0,0,0,0,0,0,0,0,0,0,0,0,0,0,0,0,0,0,0,0,0,0,0,0,0,0,0,0,0,0,0,0,0,0,0,0,0,0,0,0,0,0,0,0,0,0,0,0,0,0,0,0,0,0,0,0,0,0,0,0,0,0,0,12,41,146,146,48,0,0,0,0,0,0,0,0,0,0,0,0,0,0,0,0,0,0,0,0,0,0,12,129,253,253,253,250,163,18,0,0,0,0,0,0,0,0,0,0,0,0,0,0,0,0,0,0,0,0,133,253,253,253,253,253,253,229,70,0,0,0,0,0,0,0,0,0,0,0,0,0,0,0,0,0,0,0,101,253,252,145,102,107,237,253,247,128,10,0,0,0,0,0,0,0,0,0,0,0,0,0,0,0,0,0,181,253,167,0,0,0,61,235,253,253,163,5,0,0,0,0,0,0,0,0,0,0,0,0,0,0,0,0,255,253,43,0,0,0,0,58,193,253,253,164,4,0,0,0,0,0,0,0,0,0,0,0,0,0,0,0,187,253,32,0,0,0,0,0,55,236,253,253,86,0,0,0,0,0,0,0,0,0,0,0,0,0,0,0,146,253,32,0,100,190,87,87,87,147,253,253,123,0,0,0,0,0,0,0,0,0,0,0,0,0,0,0,94,253,78,40,248,253,253,253,253,253,253,253,223,84,15,0,0,0,0,0,0,0,0,0,0,0,0,0,14,92,12,35,240,253,253,253,253,253,253,253,253,253,244,89,10,0,0,0,0,0,0,0,0,0,0,0,0,0,0,0,75,161,179,253,253,253,253,253,253,253,253,253,209,43,0,0,0,0,0,0,0,0,0,0,0,0,0,0,0,0,3,16,16,39,38,16,16,145,243,253,253,185,48,0,0,0,0,0,0,0,0,0,0,0,0,0,20,58,0,0,0,0,0,0,0,0,58,209,253,253,183,0,0,0,0,0,0,0,0,0,0,0,0,77,221,247,79,0,0,0,0,0,0,0,0,13,219,253,240,72,0,0,0,0,0,0,0,0,0,0,0,90,247,253,252,57,0,0,0,0,0,0,0,0,53,251,253,191,0,0,0,0,0,0,0,0,0,0,0,0,116,253,253,59,0,0,0,0,0,0,0,0,99,252,253,145,0,0,0,0,0,0,0,0,0,0,0,0,14,188,253,221,158,38,0,0,0,0,111,211,246,253,253,145,0,0,0,0,0,0,0,0,0,0,0,0,0,12,221,246,253,251,249,249,249,249,253,253,253,253,200,19,0,0,0,0,0,0,0,0,0,0,0,0,0,0,0,95,183,228,253,253,253,253,253,253,195,124,23,0,0,0,0,0,0,0,0,0,0,0,0,0,0,0,0,0,0,24,37,138,74,126,88,37,7,0,0,0,0,0,0,0,0,0,0,0,0,0,0,0,0,0,0,0,0,0,0,0,0,0,0,0,0,0,0,0,0,0,0,0,0,0,0,0,0,0,0,0,0,0,0,0,0,0,0,0,0,0,0,0,0,0,0,0,0,0,0,0,0,0,0,0,0,0,0,0,0,0,0,0,0,0,0,0,0,0,0,0,0,0,0,0,0,0,0,0,0,0,0,0,0,0,0,0,0,0,0,0,0,0,0,0,0,0,0,0,0,0,0,0,0,0,0
4,0,0,0,0,0,0,0,0,0,0,0,0,0,0,0,0,0,0,0,0,0,0,0,0,0,0,0,0,0,0,0,0,0,0,0,0,0,0,0,0,0,0,0,0,0,0,0,0,0,0,0,0,0,0,0,0,0,0,0,0,0,0,0,0,0,0,0,0,0,0,0,0,0,0,0,0,0,0,0,0,0,0,0,0,0,0,0,0,0,0,0,0,0,0,0,0,0,0,0,0,0,0,0,0,0,0,0,0,0,0,0,0,0,0,0,0,0,0,0,0,0,0,0,0,0,0,0,0,0,0,0,0,0,0,0,0,0,0,0,0,0,0,0,0,0,0,0,0,0,0,0,0,0,0,0,0,0,0,168,91,0,0,0,0,0,0,0,0,0,0,0,0,0,0,0,0,0,0,0,0,0,0,0,0,0,2,234,126,0,0,0,0,0,0,0,0,0,0,0,0,0,0,0,0,0,0,0,0,0,0,0,0,0,51,254,126,0,0,0,0,0,0,0,0,0,0,0,0,0,0,0,0,0,38,178,31,0,0,0,0,0,51,254,81,0,0,0,0,0,0,0,0,0,0,0,0,0,0,0,0,0,94,254,83,0,0,0,0,0,87,254,54,0,0,0,0,0,0,0,0,0,0,0,0,0,0,0,0,0,160,254,56,0,0,0,0,0,189,238,4,0,0,0,0,0,0,0,0,0,0,0,0,0,0,0,0,13,227,168,2,0,0,0,0,0,194,236,0,0,0,0,0,0,0,0,0,0,0,0,0,0,0,0,0,55,254,114,0,0,0,0,0,16,235,167,0,0,0,0,0,0,0,0,0,0,0,0,0,0,0,0,0,115,254,50,0,0,0,0,0,103,254,105,0,0,0,0,0,0,0,0,0,0,0,0,0,0,0,0,7,221,236,75,156,180,190,252,252,253,254,114,0,0,0,0,0,0,0,0,0,0,0,0,0,0,0,0,15,254,254,254,252,211,179,179,179,246,254,247,94,0,0,0,0,0,0,0,0,0,0,0,0,0,0,0,8,217,239,117,22,0,0,0,0,226,254,242,197,0,0,0,0,0,0,0,0,0,0,0,0,0,0,0,0,14,18,0,0,0,0,0,27,243,207,46,37,0,0,0,0,0,0,0,0,0,0,0,0,0,0,0,0,0,0,0,0,0,0,0,99,254,132,0,0,0,0,0,0,0,0,0,0,0,0,0,0,0,0,0,0,0,0,0,0,0,0,0,116,254,67,0,0,0,0,0,0,0,0,0,0,0,0,0,0,0,0,0,0,0,0,0,0,0,0,0,116,254,61,0,0,0,0,0,0,0,0,0,0,0,0,0,0,0,0,0,0,0,0,0,0,0,0,0,116,254,61,0,0,0,0,0,0,0,0,0,0,0,0,0,0,0,0,0,0,0,0,0,0,0,0,0,174,255,100,0,0,0,0,0,0,0,0,0,0,0,0,0,0,0,0,0,0,0,0,0,0,0,0,0,187,254,83,0,0,0,0,0,0,0,0,0,0,0,0,0,0,0,0,0,0,0,0,0,0,0,0,0,115,176,10,0,0,0,0,0,0,0,0,0,0,0,0,0,0,0,0,0,0,0,0,0,0,0,0,0,0,0,0,0,0,0,0,0,0,0,0,0,0,0,0,0,0,0,0,0,0,0,0,0,0,0,0,0,0,0,0,0,0,0,0,0,0,0,0,0,0,0,0,0,0,0,0,0,0,0,0,0,0,0,0,0,0,0,0,0,0,0,0,0,0,0,0,0,0
9,0,0,0,0,0,0,0,0,0,0,0,0,0,0,0,0,0,0,0,0,0,0,0,0,0,0,0,0,0,0,0,0,0,0,0,0,0,0,0,0,0,0,0,0,0,0,0,0,0,0,0,0,0,0,0,0,0,0,0,0,0,0,0,0,0,0,0,0,0,0,0,0,0,0,0,0,0,0,0,0,0,0,0,0,0,0,0,0,0,0,0,0,0,0,0,0,0,0,0,0,0,0,0,0,0,0,0,0,0,0,0,0,0,0,0,0,0,0,0,0,0,0,0,0,0,0,0,0,0,0,0,0,0,0,0,0,0,0,0,0,0,0,0,0,0,0,0,0,0,0,0,0,0,0,0,0,0,0,0,0,0,0,0,0,0,0,0,0,0,0,0,0,0,0,0,0,0,0,0,0,0,0,0,31,140,193,44,0,0,0,0,0,0,0,0,0,0,0,0,0,0,0,0,0,0,0,0,0,0,38,146,240,254,254,228,48,77,46,0,0,0,0,0,0,0,0,0,0,0,0,0,0,0,0,0,2,43,230,254,254,254,254,254,241,254,197,2,0,0,0,0,0,0,0,0,0,0,0,0,0,0,0,21,130,254,254,254,239,252,254,254,254,254,237,4,0,0,0,0,0,0,0,0,0,0,0,0,0,0,0,154,254,254,249,104,71,198,254,254,254,234,57,0,0,0,0,0,0,0,0,0,0,0,0,0,0,2,173,252,252,206,51,120,215,254,254,254,254,184,0,0,0,0,0,0,0,0,0,0,0,0,0,0,0,112,254,254,215,87,247,254,254,254,254,254,217,31,0,0,0,0,0,0,0,0,0,0,0,0,0,0,5,231,254,254,254,254,254,236,128,196,254,254,119,0,0,0,0,0,0,0,0,0,0,0,0,0,0,0,3,197,254,254,245,238,131,17,46,247,254,199,14,0,0,0,0,0,0,0,0,0,0,0,0,0,0,0,0,16,92,88,40,0,0,12,173,254,242,38,0,0,0,0,0,0,0,0,0,0,0,0,0,0,0,0,0,0,0,0,0,0,0,95,254,254,155,0,0,0,0,0,0,0,0,0,0,0,0,0,0,0,0,0,0,0,0,0,0,0,18,210,254,225,6,0,0,0,0,0,0,0,0,0,0,0,0,0,0,0,0,0,0,0,0,0,0,0,197,254,254,99,0,0,0,0,0,0,0,0,0,0,0,0,0,0,0,0,0,0,0,0,0,0,0,34,242,254,179,3,0,0,0,0,0,0,0,0,0,0,0,0,0,0,0,0,0,0,0,0,0,0,27,223,254,225,30,0,0,0,0,0,0,0,0,0,0,0,0,0,0,0,0,0,0,0,0,0,0,0,77,254,255,127,0,0,0,0,0,0,0,0,0,0,0,0,0,0,0,0,0,0,0,0,0,0,0,54,238,254,248,53,0,0,0,0,0,0,0,0,0,0,0,0,0,0,0,0,0,0,0,0,0,0,11,183,254,254,231,41,0,0,0,0,0,0,0,0,0,0,0,0,0,0,0,0,0,0,0,0,0,0,113,254,254,230,48,0,0,0,0,0,0,0,0,0,0,0,0,0,0,0,0,0,0,0,0,0,0,0,110,239,126,25,0,0,0,0,0,0,0,0,0,0,0,0,0,0,0,0,0,0,0,0,0,0,0,0,0,0,0,0,0,0,0,0,0,0,0,0,0,0,0,0,0,0,0,0,0,0,0,0,0,0,0,0,0,0,0,0,0,0,0,0,0,0,0,0,0,0,0,0,0,0,0
6,0,0,0,0,0,0,0,0,0,0,0,0,0,0,0,0,0,0,0,0,0,0,0,0,0,0,0,0,0,0,0,0,0,0,0,0,0,0,0,0,0,0,0,0,0,0,0,0,0,0,0,0,0,0,0,0,0,0,0,0,0,0,0,0,0,0,0,0,0,0,0,0,0,0,0,0,0,0,0,0,0,0,0,0,0,0,0,0,0,0,0,0,0,0,0,0,49,180,253,244,50,0,0,0,0,0,0,0,0,0,0,0,0,0,0,0,0,0,0,0,0,0,0,0,184,252,252,232,164,0,0,0,0,0,0,0,0,0,0,0,0,0,0,0,0,0,0,0,0,0,0,66,234,252,136,38,56,0,0,0,0,0,0,0,0,0,0,0,0,0,0,0,0,0,0,0,0,0,19,236,252,176,4,0,0,0,0,0,0,0,0,0,0,0,0,0,0,0,0,0,0,0,0,0,0,0,76,252,252,56,0,0,0,0,0,0,0,0,0,0,0,0,0,0,0,0,0,0,0,0,0,0,0,0,139,253,173,0,0,0,0,0,0,0,0,0,0,0,0,0,0,0,0,0,0,0,0,0,0,0,0,22,212,252,69,0,0,0,0,0,0,0,0,0,0,0,0,0,0,0,0,0,0,0,0,0,0,0,0,116,253,240,50,0,0,0,0,0,0,0,0,0,0,0,0,0,0,0,0,0,0,0,0,0,0,0,0,157,253,206,0,0,0,0,0,0,0,0,0,0,0,0,0,0,0,0,0,0,0,0,0,0,0,0,0,230,253,102,0,0,0,0,0,0,0,0,0,0,0,0,0,0,0,0,0,0,0,0,0,0,0,0,0,231,255,180,138,180,253,255,253,222,97,3,0,0,0,0,0,0,0,0,0,0,0,0,0,0,0,0,0,230,253,252,252,252,252,211,252,252,252,117,0,0,0,0,0,0,0,0,0,0,0,0,0,0,0,0,0,230,253,240,183,89,69,7,69,171,252,252,85,0,0,0,0,0,0,0,0,0,0,0,0,0,0,0,0,135,253,153,0,0,0,0,0,13,215,252,116,0,0,0,0,0,0,0,0,0,0,0,0,0,0,0,0,116,253,206,0,0,0,0,0,0,155,252,116,0,0,0,0,0,0,0,0,0,0,0,0,0,0,0,0,106,255,211,7,0,0,0,0,49,233,253,116,0,0,0,0,0,0,0,0,0,0,0,0,0,0,0,0,0,159,252,154,9,0,0,30,197,252,252,95,0,0,0,0,0,0,0,0,0,0,0,0,0,0,0,0,0,17,227,252,154,70,81,228,252,227,130,0,0,0,0,0,0,0,0,0,0,0,0,0,0,0,0,0,0,0,50,227,252,252,253,252,185,50,0,0,0,0,0,0,0,0,0,0,0,0,0,0,0,0,0,0,0,0,0,48,179,252,190,117,6,0,0,0,0,0,0,0,0,0,0,0,0,0,0,0,0,0,0,0,0,0,0,0,0,0,0,0,0,0,0,0,0,0,0,0,0,0,0,0,0,0,0,0,0,0,0,0,0,0,0,0,0,0,0,0,0,0,0,0,0,0,0,0,0,0,0,0,0,0,0,0,0,0,0,0,0,0,0,0,0,0,0,0,0,0,0,0,0,0,0,0,0,0,0,0,0,0,0,0,0,0,0,0,0,0,0,0,0,0,0,0,0,0,0,0,0,0,0,0,0,0,0,0,0,0,0,0,0,0,0,0,0,0,0,0,0,0,0,0,0,0,0,0,0,0,0,0,0,0,0
6,0,0,0,0,0,0,0,0,0,0,0,0,0,0,0,0,0,0,0,0,0,0,0,0,0,0,0,0,0,0,0,0,0,0,0,0,0,0,0,0,0,0,0,0,0,0,0,0,0,0,0,0,0,0,0,0,0,0,0,0,0,0,0,0,0,0,0,0,0,0,0,0,0,0,0,0,0,0,0,0,0,0,0,0,0,0,0,0,0,0,0,0,0,114,255,57,0,0,0,0,0,0,0,0,0,0,0,0,0,0,0,0,0,0,0,0,0,0,0,0,0,226,255,57,0,0,0,0,0,0,0,0,0,0,0,0,0,0,0,0,0,0,0,0,0,0,0,0,29,255,114,0,0,0,0,0,0,0,0,0,0,0,0,0,0,0,0,0,0,0,0,0,0,0,0,0,114,255,86,0,0,0,0,0,0,0,0,0,0,0,0,0,0,0,0,0,0,0,0,0,0,0,0,0,198,255,29,0,0,0,0,0,0,0,0,0,0,0,0,0,0,0,0,0,0,0,0,0,0,0,0,29,255,226,0,0,0,0,0,0,0,0,0,0,0,0,0,0,0,0,0,0,0,0,0,0,0,0,0,141,255,141,0,0,0,0,0,0,57,86,86,141,57,0,0,0,0,0,0,0,0,0,0,0,0,0,0,170,255,86,0,0,0,0,0,57,226,255,255,255,255,57,0,0,0,0,0,0,0,0,0,0,0,0,0,170,255,86,0,0,0,0,0,170,255,255,114,57,226,198,0,0,0,0,0,0,0,0,0,0,0,0,0,170,255,86,0,0,0,0,57,255,255,86,0,0,170,255,0,0,0,0,0,0,0,0,0,0,0,0,0,170,255,86,0,0,0,0,170,255,86,0,0,0,170,255,86,0,0,0,0,0,0,0,0,0,0,0,0,141,255,114,0,0,0,29,255,198,0,0,0,0,170,255,86,0,0,0,0,0,0,0,0,0,0,0,0,29,255,255,0,0,0,170,255,114,0,0,0,0,198,226,0,0,0,0,0,0,0,0,0,0,0,0,0,0,198,255,114,0,0,170,255,86,0,0,0,86,255,114,0,0,0,0,0,0,0,0,0,0,0,0,0,0,86,255,255,170,57,255,255,29,0,0,86,226,226,29,0,0,0,0,0,0,0,0,0,0,0,0,0,0,0,114,226,255,255,255,255,86,86,170,255,255,57,0,0,0,0,0,0,0,0,0,0,0,0,0,0,0,0,0,29,141,255,255,255,255,255,255,198,29,0,0,0,0,0,0,0,0,0,0,0,0,0,0,0,0,0,0,0,0,0,226,255,255,141,86,0,0,0,0,0,0,0,0,0,0,0,0,0,0,0,0,0,0,0,0,0,0,0,141,255,255,170,170,57,0,0,0,0,0,0,0,0,0,0,0,0,0,0,0,0,0,0,0,0,0,0,0,141,226,170,114,29,0,0,0,0,0,0,0,0,0,0,0,0,0,0,0,0,0,0,0,0,0,0,0,0,0,0,0,0,0,0,0,0,0,0,0,0,0,0,0,0,0,0,0,0,0,0,0,0,0,0,0,0,0,0,0,0,0,0,0,0,0,0,0,0,0,0,0,0,0,0,0,0,0,0,0,0,0,0,0,0,0,0,0,0,0,0,0,0,0,0,0,0,0,0,0,0,0,0,0,0,0,0,0,0,0,0,0,0,0,0,0,0,0,0,0,0,0,0,0,0,0,0,0,0,0,0,0,0,0,0,0,0,0,0,0,0,0,0,0,0,0,0,0,0,0,0,0,0,0
5,0,0,0,0,0,0,0,0,0,0,0,0,0,0,0,0,0,0,0,0,0,0,0,0,0,0,0,0,0,0,0,0,0,0,0,0,0,0,0,0,0,0,0,0,0,0,0,0,0,0,0,0,0,0,0,0,0,0,0,0,0,0,0,0,0,0,0,0,0,0,0,0,0,0,0,0,0,0,0,0,0,0,0,0,0,0,0,0,0,0,0,0,0,0,0,0,0,0,0,0,0,0,0,0,0,0,0,0,0,0,0,0,0,0,0,0,0,0,0,0,0,0,0,0,0,0,0,0,0,0,0,0,0,0,0,0,0,0,0,0,0,0,0,0,0,0,0,0,0,0,0,0,0,0,0,0,69,152,237,254,254,255,254,252,52,0,0,0,0,0,0,0,0,0,0,0,0,0,0,0,0,87,164,237,253,254,218,138,83,39,154,254,135,0,0,0,0,0,0,0,0,0,0,0,0,0,0,138,246,253,254,216,167,54,5,0,0,0,100,191,3,0,0,0,0,0,0,0,0,0,0,0,0,0,0,233,254,169,53,6,0,0,0,0,0,0,35,8,0,0,0,0,0,0,0,0,0,0,0,0,0,0,0,174,254,94,0,0,0,0,0,0,0,0,0,0,0,0,0,0,0,0,0,0,0,0,0,0,0,0,38,245,221,13,0,0,0,0,0,0,0,0,0,0,0,0,0,0,0,0,0,0,0,0,0,0,0,0,142,254,149,0,0,0,0,0,0,0,0,0,0,0,0,0,0,0,0,0,0,0,0,0,0,0,0,0,151,254,112,0,0,0,0,0,0,0,0,0,0,0,0,0,0,0,0,0,0,0,0,0,0,0,0,0,226,242,32,0,0,0,0,0,0,0,0,0,0,0,0,0,0,0,0,0,0,0,0,0,0,0,0,12,240,203,44,44,44,44,8,0,0,0,0,0,0,0,0,0,0,0,0,0,0,0,0,0,0,0,0,70,254,254,254,254,254,254,205,85,8,0,0,0,0,0,0,0,0,0,0,0,0,0,0,0,0,0,0,37,184,169,133,133,162,212,254,254,166,8,0,0,0,0,0,0,0,0,0,0,0,0,0,0,0,0,0,0,0,0,0,0,0,9,51,177,254,125,0,0,0,0,0,0,0,0,0,0,0,0,0,0,0,0,0,0,0,0,0,0,0,0,27,209,254,104,0,0,0,0,0,0,0,0,0,0,0,0,0,0,0,0,0,0,0,0,0,0,0,63,209,254,194,13,0,0,0,0,0,0,0,0,0,0,0,0,0,0,0,0,0,0,0,6,0,10,137,244,254,198,52,0,0,0,0,0,0,0,0,0,0,0,0,0,0,0,0,0,0,13,87,122,147,223,254,247,127,13,0,0,0,0,0,0,0,0,0,0,0,0,0,0,0,0,0,3,118,250,210,248,254,252,199,49,0,0,0,0,0,0,0,0,0,0,0,0,0,0,0,0,0,0,0,138,254,254,254,250,201,72,0,0,0,0,0,0,0,0,0,0,0,0,0,0,0,0,0,0,0,0,0,79,167,197,87,7,0,0,0,0,0,0,0,0,0,0,0,0,0,0,0,0,0,0,0,0,0,0,0,0,0,0,0,0,0,0,0,0,0,0,0,0,0,0,0,0,0,0,0,0,0,0,0,0,0,0,0,0,0,0,0,0,0,0,0,0,0,0,0,0,0,0,0,0,0,0,0,0,0,0,0,0,0,0,0,0,0,0,0,0,0,0,0,0,0,0,0,0,0,0,0,0,0,0,0,0
4,0,0,0,0,0,0,0,0,0,0,0,0,0,0,0,0,0,0,0,0,0,0,0,0,0,0,0,0,0,0,0,0,0,0,0,0,0,0,0,0,0,0,0,0,0,0,0,0,0,0,0,0,0,0,0,0,0,0,0,0,0,0,0,0,0,0,0,0,0,0,0,0,0,0,0,0,0,0,0,0,0,0,0,0,0,0,0,0,0,0,0,0,0,0,0,0,0,0,0,0,0,0,0,0,0,0,0,0,0,0,0,0,0,0,0,0,0,0,0,0,0,0,0,0,0,0,0,0,0,0,0,0,0,0,0,0,0,0,0,0,0,0,0,0,0,0,0,0,0,0,0,197,60,0,0,0,0,0,0,0,0,0,0,0,0,0,0,0,0,0,0,0,0,0,0,0,0,0,50,243,42,0,0,0,0,0,0,0,0,0,0,0,0,0,0,0,0,0,0,0,0,0,0,0,0,2,186,236,21,0,0,0,134,83,0,0,0,0,0,0,0,0,0,0,0,0,0,0,0,0,0,0,0,88,213,26,0,0,0,0,129,170,0,0,0,0,0,0,0,0,0,0,0,0,0,0,0,0,0,0,0,128,120,0,0,0,0,0,91,209,0,0,0,0,0,0,0,0,0,0,0,0,0,0,0,0,0,0,32,234,112,0,0,0,0,0,91,242,30,0,0,0,0,0,0,0,0,0,0,0,0,0,0,0,0,0,116,222,21,0,0,0,0,0,170,244,58,0,0,0,0,0,0,0,0,0,0,0,0,0,0,0,0,30,240,124,0,0,0,0,0,40,249,138,0,0,0,0,0,0,0,0,0,0,0,0,0,0,0,0,3,127,241,18,0,0,0,0,0,15,230,134,0,0,0,0,0,0,0,0,0,0,0,0,0,0,0,0,16,254,179,0,0,0,0,0,0,0,165,134,0,0,0,0,0,0,0,0,0,0,0,0,0,0,0,0,9,191,233,136,101,20,0,0,0,0,113,215,31,31,31,2,0,0,0,0,0,0,0,0,0,0,0,0,0,8,89,128,194,218,210,210,211,210,226,254,254,204,120,7,0,0,0,0,0,0,0,0,0,0,0,0,0,0,0,0,0,10,15,37,90,90,196,241,34,5,0,0,0,0,0,0,0,0,0,0,0,0,0,0,0,0,0,0,0,0,0,0,0,0,165,233,16,0,0,0,0,0,0,0,0,0,0,0,0,0,0,0,0,0,0,0,0,0,0,0,0,0,165,143,0,0,0,0,0,0,0,0,0,0,0,0,0,0,0,0,0,0,0,0,0,0,0,0,0,0,91,188,0,0,0,0,0,0,0,0,0,0,0,0,0,0,0,0,0,0,0,0,0,0,0,0,0,0,91,233,34,0,0,0,0,0,0,0,0,0,0,0,0,0,0,0,0,0,0,0,0,0,0,0,0,0,20,254,61,0,0,0,0,0,0,0,0,0,0,0,0,0,0,0,0,0,0,0,0,0,0,0,0,0,4,209,219,0,0,0,0,0,0,0,0,0,0,0,0,0,0,0,0,0,0,0,0,0,0,0,0,0,0,107,166,0,0,0,0,0,0,0,0,0,0,0,0,0,0,0,0,0,0,0,0,0,0,0,0,0,0,0,0,0,0,0,0,0,0,0,0,0,0,0,0,0,0,0,0,0,0,0,0,0,0,0,0,0,0,0,0,0,0,0,0,0,0,0,0,0,0,0,0,0,0,0,0,0,0,0,0,0,0,0,0,0,0,0,0,0,0,0,0,0,0,0,0,0
0,0,0,0,0,0,0,0,0,0,0,0,0,0,0,0,0,0,0,0,0,0,0,0,0,0,0,0,0,0,0,0,0,0,0,0,0,0,0,0,0,0,0,0,0,0,0,0,0,0,0,0,0,0,0,0,0,0,0,0,0,0,0,0,0,0,0,0,0,0,0,0,0,0,0,0,0,0,0,0,0,0,0,0,0,0,0,0,0,0,0,0,0,0,0,0,0,0,0,0,0,0,0,0,0,0,0,0,0,0,0,0,0,0,0,0,0,0,0,0,0,0,0,0,0,0,3,80,195,85,80,80,80,14,0,0,0,0,0,0,0,0,0,0,0,0,0,0,0,0,0,0,0,0,9,253,253,253,253,253,253,152,0,0,0,0,0,0,0,0,0,0,0,0,0,0,0,0,11,62,56,0,9,253,253,253,253,253,253,251,237,57,0,0,0,0,0,0,0,0,0,0,0,0,0,0,141,253,241,83,4,161,253,253,253,253,253,253,253,60,0,0,0,0,0,0,0,0,0,0,0,0,11,141,248,253,253,147,0,73,209,252,253,253,253,253,253,212,0,0,0,0,0,0,0,0,0,0,0,0,147,253,253,253,253,199,34,0,0,160,253,142,194,253,253,244,77,0,0,0,0,0,0,0,0,0,9,136,250,253,253,253,253,253,69,0,0,15,52,5,27,201,253,253,156,0,0,0,0,0,0,0,0,0,80,253,253,253,253,253,253,209,41,0,0,0,0,0,0,36,253,253,196,33,0,0,0,0,0,0,0,0,86,253,253,253,253,253,234,41,0,0,0,0,0,0,0,42,253,253,253,78,0,0,0,0,0,0,0,0,254,253,253,253,253,253,165,0,0,0,0,0,0,0,0,211,253,253,253,78,0,0,0,0,0,0,0,0,254,253,253,253,253,172,18,0,0,0,0,0,0,0,0,211,253,253,253,78,0,0,0,0,0,0,0,0,254,253,253,253,210,4,0,0,0,0,0,0,42,229,246,252,253,253,159,3,0,0,0,0,0,0,0,0,254,253,253,253,209,0,0,0,0,0,99,149,210,253,253,253,253,242,65,0,0,0,0,0,0,0,0,0,255,253,253,253,218,53,53,53,180,228,244,253,253,253,253,253,253,77,0,0,0,0,0,0,0,0,0,0,163,253,253,253,253,253,253,253,253,253,253,253,253,253,253,253,193,29,0,0,0,0,0,0,0,0,0,0,80,253,253,253,253,253,253,253,253,253,253,253,253,253,234,193,24,0,0,0,0,0,0,0,0,0,0,0,44,210,253,253,253,253,253,253,253,253,253,253,253,229,67,0,0,0,0,0,0,0,0,0,0,0,0,0,0,38,228,253,253,253,253,253,253,253,253,248,235,65,0,0,0,0,0,0,0,0,0,0,0,0,0,0,0,0,39,210,253,253,253,253,253,253,189,114,0,0,0,0,0,0,0,0,0,0,0,0,0,0,0,0,0,0,0,43,108,253,253,179,78,78,27,0,0,0,0,0,0,0,0,0,0,0,0,0,0,0,0,0,0,0,0,0,0,0,0,0,0,0,0,0,0,0,0,0,0,0,0,0,0,0,0,0,0,0,0,0,0,0,0,0,0,0,0,0,0,0,0,0,0,0,0,0,0,0,0,0,0,0,0,0,0,0,0,0,0,0,0,0,0,0,0,0,0,0,0,0,0,0,0,0,0,0,0,0,0,0,0,0,0,0,0,0,0,0,0,0,0,0,0,0,0,0,0,0,0,0,0,0,0,0,0,0,0,0,0
7,0,0,0,0,0,0,0,0,0,0,0,0,0,0,0,0,0,0,0,0,0,0,0,0,0,0,0,0,0,0,0,0,0,0,0,0,0,0,0,0,0,0,0,0,0,0,0,0,0,0,0,0,0,0,0,0,0,0,0,0,0,0,0,0,0,0,0,0,0,0,0,0,0,0,0,0,0,0,0,0,0,0,0,0,0,0,0,0,0,0,0,0,0,0,0,0,0,0,0,0,0,0,0,0,0,0,0,0,0,0,0,0,0,0,0,0,0,0,0,0,0,0,0,0,0,0,0,0,0,0,0,0,0,0,0,0,0,0,0,0,0,0,0,0,0,0,0,0,0,0,0,0,0,0,0,0,0,0,0,0,0,0,0,0,0,0,0,0,0,0,0,0,0,0,0,0,0,0,0,0,0,0,0,0,0,0,0,0,0,0,0,0,0,0,0,0,0,0,0,0,0,0,0,0,0,0,0,0,0,0,0,0,0,0,0,0,0,0,0,0,0,0,0,0,0,0,0,0,0,0,21,0,0,0,11,92,173,253,254,253,254,253,62,0,0,0,0,0,0,0,0,0,0,0,0,0,0,0,142,0,21,102,213,252,233,151,131,131,253,252,142,0,0,0,0,0,0,0,0,0,0,0,0,0,0,163,152,152,214,233,183,102,0,0,0,0,132,253,255,50,0,0,0,0,0,0,0,0,0,0,0,0,82,243,253,252,131,30,0,0,0,0,0,0,10,212,253,131,0,0,0,0,0,0,0,0,0,0,0,0,123,203,102,20,0,0,0,0,0,0,0,0,0,203,255,151,0,0,0,0,0,0,0,0,0,0,0,0,0,0,0,0,0,0,0,0,0,0,0,0,0,162,253,151,0,0,0,0,0,0,0,0,0,0,0,0,0,0,0,0,0,0,0,0,0,0,0,0,0,102,254,151,0,0,0,0,0,0,0,0,0,0,0,0,0,0,0,0,0,0,0,0,0,0,0,0,0,102,253,151,0,0,0,0,0,0,0,0,0,0,0,0,0,0,0,0,0,0,0,0,0,0,0,0,0,163,254,91,0,0,0,0,0,0,0,0,0,0,0,0,0,0,0,0,0,0,0,0,0,0,0,0,0,203,253,50,0,0,0,0,0,0,0,0,0,0,0,0,0,0,0,0,0,0,0,0,0,0,0,0,0,203,203,0,0,0,0,0,0,0,0,0,0,0,0,0,0,0,0,0,0,0,0,0,0,0,0,0,21,223,122,0,0,0,0,0,0,0,0,0,0,0,0,0,0,0,0,0,0,0,0,0,0,0,0,0,72,253,102,0,0,0,0,0,0,0,0,0,0,0,0,0,0,0,0,0,0,0,0,0,0,0,0,0,233,252,102,0,0,0,0,0,0,0,0,0,0,0,0,0,0,0,0,0,0,0,0,0,0,0,0,0,254,233,0,0,0,0,0,0,0,0,0,0,0,0,0,0,0,0,0,0,0,0,0,0,0,0,0,41,253,151,0,0,0,0,0,0,0,0,0,0,0,0,0,0,0,0,0,0,0,0,0,0,0,0,0,123,254,50,0,0,0,0,0,0,0,0,0,0,0,0,0,0,0,0,0,0,0,0,0,0,0,0,21,223,233,30,0,0,0,0,0,0,0,0,0,0,0,0,0,0,0,0,0,0,0,0,0,0,0,0,51,253,183,0,0,0,0,0,0,0,0,0,0,0,0,0,0,0,0,0,0,0,0,0,0,0,0,0,51,252,20,0,0,0,0,0,0,0,0,0,0,0
4,0,0,0,0,0,0,0,0,0,0,0,0,0,0,0,0,0,0,0,0,0,0,0,0,0,0,0,0,0,0,0,0,0,0,0,0,0,0,0,0,0,0,0,0,0,0,0,0,0,0,0,0,0,0,0,0,0,0,0,0,0,0,0,0,0,0,0,0,0,0,0,0,0,0,0,0,0,0,0,0,0,0,0,0,0,0,0,0,0,0,0,0,0,0,0,0,0,0,0,0,0,0,0,0,0,0,0,0,0,0,0,0,0,0,0,0,0,0,0,0,0,0,0,0,0,0,0,0,0,0,0,0,0,0,0,0,0,0,0,0,0,0,0,0,0,0,0,0,0,0,0,0,221,115,0,0,0,0,0,0,0,0,0,0,0,0,0,0,0,0,0,0,0,0,0,0,0,0,0,51,254,148,0,0,0,0,22,230,134,0,0,0,0,0,0,0,0,0,0,0,0,0,0,0,0,0,0,168,254,115,0,0,0,0,24,253,184,0,0,0,0,0,0,0,0,0,0,0,0,0,0,0,0,0,51,234,254,81,0,0,0,0,91,253,184,0,0,0,0,0,0,0,0,0,0,0,0,0,0,0,0,13,221,254,160,0,0,0,0,0,141,254,127,0,0,0,0,0,0,0,0,0,0,0,0,0,0,0,0,114,253,253,76,0,0,0,0,0,207,253,93,0,0,0,0,0,0,0,0,0,0,0,0,0,0,0,15,232,253,102,0,0,0,0,0,0,207,253,17,0,0,0,0,0,0,0,0,0,0,0,0,0,0,0,229,253,202,19,0,0,0,0,0,34,240,253,0,0,0,0,0,0,0,0,0,0,0,0,0,0,7,170,254,254,46,0,0,0,0,0,0,47,254,254,0,0,0,0,0,0,0,0,0,0,0,0,0,0,24,253,254,253,234,163,47,47,26,0,0,130,253,253,0,0,0,0,0,0,0,0,0,0,0,0,0,0,21,246,254,253,253,253,254,253,232,174,208,232,253,177,0,0,0,0,0,0,0,0,0,0,0,0,0,0,0,84,161,211,219,219,254,253,253,253,254,253,244,69,0,0,0,0,0,0,0,0,0,0,0,0,0,0,0,0,0,0,0,0,93,142,142,93,170,254,230,0,0,0,0,0,0,0,0,0,0,0,0,0,0,0,0,0,0,0,0,0,0,0,0,0,153,253,213,0,0,0,0,0,0,0,0,0,0,0,0,0,0,0,0,0,0,0,0,0,0,0,0,0,170,253,137,0,0,0,0,0,0,0,0,0,0,0,0,0,0,0,0,0,0,0,0,0,0,0,0,0,220,253,137,0,0,0,0,0,0,0,0,0,0,0,0,0,0,0,0,0,0,0,0,0,0,0,0,60,255,254,80,0,0,0,0,0,0,0,0,0,0,0,0,0,0,0,0,0,0,0,0,0,0,0,0,93,254,253,46,0,0,0,0,0,0,0,0,0,0,0,0,0,0,0,0,0,0,0,0,0,0,0,0,51,254,215,9,0,0,0,0,0,0,0,0,0,0,0,0,0,0,0,0,0,0,0,0,0,0,0,0,0,186,106,0,0,0,0,0,0,0,0,0,0,0,0,0,0,0,0,0,0,0,0,0,0,0,0,0,0,0,0,0,0,0,0,0,0,0,0,0,0,0,0,0,0,0,0,0,0,0,0,0,0,0,0,0,0,0,0,0,0,0,0,0,0,0,0,0,0,0,0,0,0,0,0,0,0,0,0,0,0,0,0,0,0,0,0,0,0,0,0,0,0,0,0,0,0
0,0,0,0,0,0,0,0,0,0,0,0,0,0,0,0,0,0,0,0,0,0,0,0,0,0,0,0,0,0,0,0,0,0,0,0,0,0,0,0,0,0,0,0,0,0,0,0,0,0,0,0,0,0,0,0,0,0,0,0,0,0,0,0,0,0,0,0,0,0,0,0,0,0,0,0,0,0,0,0,0,0,0,0,0,0,0,0,0,0,0,0,0,0,0,0,0,0,0,0,0,0,0,0,0,0,0,0,0,0,0,0,0,0,0,0,0,0,0,0,0,0,0,0,0,0,0,0,0,0,0,0,0,0,0,0,0,0,0,0,0,0,0,0,0,0,0,0,0,0,32,255,254,255,254,254,254,157,130,88,1,0,0,0,0,0,0,0,0,0,0,0,0,0,0,0,0,0,32,253,253,253,253,253,253,253,253,253,108,2,0,0,0,0,0,0,0,0,0,0,0,0,0,0,0,0,14,129,238,253,253,253,253,253,253,253,253,30,0,0,0,0,0,0,0,0,0,0,0,0,0,0,0,0,0,0,56,253,248,167,235,253,253,253,253,104,0,0,0,0,0,0,0,0,0,0,0,0,0,0,0,0,0,5,178,253,182,0,27,134,247,253,253,215,15,0,0,0,0,0,0,0,0,0,0,0,0,0,0,0,5,130,253,222,27,0,0,0,186,253,253,253,24,0,0,0,0,0,0,0,0,0,0,0,0,0,0,0,32,253,253,122,0,0,0,0,67,246,253,253,106,0,0,0,0,0,0,0,0,0,0,0,0,0,0,0,117,253,199,25,0,0,0,0,0,187,253,253,148,0,0,0,0,0,0,0,0,0,0,0,0,0,0,46,225,245,67,0,0,0,0,0,0,88,253,253,148,0,0,0,0,0,0,0,0,0,0,0,0,0,0,149,253,185,0,0,0,0,0,0,0,88,253,253,148,0,0,0,0,0,0,0,0,0,0,0,0,0,15,228,253,93,0,0,0,0,0,0,0,88,253,253,148,0,0,0,0,0,0,0,0,0,0,0,0,0,19,253,253,93,0,0,0,0,0,0,0,88,253,253,148,0,0,0,0,0,0,0,0,0,0,0,0,0,19,253,253,93,0,0,0,0,0,0,0,88,253,253,109,0,0,0,0,0,0,0,0,0,0,0,0,0,19,253,253,134,0,0,0,0,0,0,0,88,253,219,16,0,0,0,0,0,0,0,0,0,0,0,0,0,19,253,253,230,32,0,0,0,0,0,0,132,253,154,0,0,0,0,0,0,0,0,0,0,0,0,0,0,19,253,253,253,233,120,0,74,100,100,200,248,217,33,0,0,0,0,0,0,0,0,0,0,0,0,0,0,2,159,253,253,253,249,230,247,253,253,253,253,109,0,0,0,0,0,0,0,0,0,0,0,0,0,0,0,0,95,253,253,253,253,253,253,253,253,253,118,3,0,0,0,0,0,0,0,0,0,0,0,0,0,0,0,0,2,41,253,253,253,253,253,253,253,119,2,0,0,0,0,0,0,0,0,0,0,0,0,0,0,0,0,0,0,16,51,88,214,165,99,5,5,1,0,0,0,0,0,0,0,0,0,0,0,0,0,0,0,0,0,0,0,0,0,0,0,0,0,0,0,0,0,0,0,0,0,0,0,0,0,0,0,0,0,0,0,0,0,0,0,0,0,0,0,0,0,0,0,0,0,0,0,0,0,0,0,0,0,0,0,0,0,0,0,0,0,0,0,0,0,0,0,0,0,0,0,0,0,0,0,0,0,0,0,0,0,0
1,0,0,0,0,0,0,0,0,0,0,0,0,0,0,0,0,0,0,0,0,0,0,0,0,0,0,0,0,0,0,0,0,0,0,0,0,0,0,0,0,0,0,0,0,0,0,0,0,0,0,0,0,0,0,0,0,0,0,0,0,0,0,0,0,0,0,0,0,0,0,0,0,0,0,0,0,0,0,0,0,0,0,0,0,0,0,0,0,0,0,0,0,0,0,0,0,0,0,0,0,0,0,0,0,0,0,0,0,0,0,0,0,0,0,0,0,0,0,0,0,0,0,0,218,253,11,0,0,0,0,0,0,0,0,0,0,0,0,0,0,0,0,0,0,0,0,0,0,0,0,0,217,252,92,0,0,0,0,0,0,0,0,0,0,0,0,0,0,0,0,0,0,0,0,0,0,0,0,0,200,252,252,0,0,0,0,0,0,0,0,0,0,0,0,0,0,0,0,0,0,0,0,0,0,0,0,0,79,204,250,24,0,0,0,0,0,0,0,0,0,0,0,0,0,0,0,0,0,0,0,0,0,0,0,0,0,79,249,149,0,0,0,0,0,0,0,0,0,0,0,0,0,0,0,0,0,0,0,0,0,0,0,0,0,109,252,241,0,0,0,0,0,0,0,0,0,0,0,0,0,0,0,0,0,0,0,0,0,0,0,0,0,207,252,241,0,0,0,0,0,0,0,0,0,0,0,0,0,0,0,0,0,0,0,0,0,0,0,0,0,126,252,241,0,0,0,0,0,0,0,0,0,0,0,0,0,0,0,0,0,0,0,0,0,0,0,0,0,160,252,241,0,0,0,0,0,0,0,0,0,0,0,0,0,0,0,0,0,0,0,0,0,0,0,0,0,229,252,253,103,0,0,0,0,0,0,0,0,0,0,0,0,0,0,0,0,0,0,0,0,0,0,0,0,53,184,255,171,0,0,0,0,0,0,0,0,0,0,0,0,0,0,0,0,0,0,0,0,0,0,0,0,0,121,253,228,0,0,0,0,0,0,0,0,0,0,0,0,0,0,0,0,0,0,0,0,0,0,0,0,0,121,253,228,0,0,0,0,0,0,0,0,0,0,0,0,0,0,0,0,0,0,0,0,0,0,0,0,0,121,253,228,0,0,0,0,0,0,0,0,0,0,0,0,0,0,0,0,0,0,0,0,0,0,0,0,0,121,253,228,0,0,0,0,0,0,0,0,0,0,0,0,0,0,0,0,0,0,0,0,0,0,0,0,0,213,253,235,28,0,0,0,0,0,0,0,0,0,0,0,0,0,0,0,0,0,0,0,0,0,0,0,0,201,253,252,96,0,0,0,0,0,0,0,0,0,0,0,0,0,0,0,0,0,0,0,0,0,0,0,0,121,253,252,96,0,0,0,0,0,0,0,0,0,0,0,0,0,0,0,0,0,0,0,0,0,0,0,0,121,253,252,96,0,0,0,0,0,0,0,0,0,0,0,0,0,0,0,0,0,0,0,0,0,0,0,0,64,195,241,50,0,0,0,0,0,0,0,0,0,0,0,0,0,0,0,0,0,0,0,0,0,0,0,0,0,0,0,0,0,0,0,0,0,0,0,0,0,0,0,0,0,0,0,0,0,0,0,0,0,0,0,0,0,0,0,0,0,0,0,0,0,0,0,0,0,0,0,0,0,0,0,0,0,0,0,0,0,0,0,0,0,0,0,0,0,0,0,0,0,0,0,0,0,0,0,0,0,0,0,0,0,0,0,0,0,0,0,0,0,0,0,0,0,0,0,0,0,0,0,0,0,0,0
3,0,0,0,0,0,0,0,0,0,0,0,0,0,0,0,0,0,0,0,0,0,0,0,0,0,0,0,0,0,0,0,0,0,0,0,0,0,0,0,0,0,0,0,0,0,0,0,0,0,0,0,0,0,0,0,0,0,0,0,0,0,0,0,0,0,0,0,0,0,0,0,0,0,0,0,0,0,0,0,0,0,0,0,0,0,0,0,0,0,0,0,0,0,0,0,0,0,0,0,0,0,0,0,0,0,0,0,0,0,0,0,0,0,0,0,0,0,0,0,0,0,0,0,0,0,0,0,0,0,0,0,0,0,0,0,0,0,0,0,0,0,0,0,0,0,0,0,0,0,0,0,0,0,0,0,0,0,0,0,0,0,0,0,0,0,0,0,0,0,0,0,0,0,0,0,21,113,193,254,253,254,253,254,172,82,0,0,0,0,0,0,0,0,0,0,0,0,0,0,0,0,0,0,183,253,252,253,252,253,252,253,252,243,40,0,0,0,0,0,0,0,0,0,0,0,0,0,0,0,0,0,203,255,233,183,102,203,203,234,253,254,151,0,0,0,0,0,0,0,0,0,0,0,0,0,0,0,0,0,81,151,50,0,0,0,41,193,252,253,111,0,0,0,0,0,0,0,0,0,0,0,0,0,0,0,0,0,0,0,0,0,0,11,213,254,253,203,0,0,0,0,0,0,0,0,0,0,0,0,0,0,0,0,0,0,0,0,0,0,123,213,252,253,252,81,0,0,0,0,0,0,0,0,0,0,0,0,0,0,0,0,0,0,0,0,0,51,253,254,253,254,151,21,0,0,0,0,0,0,0,0,0,0,0,0,0,0,0,0,0,0,0,0,0,10,212,253,252,253,232,223,122,82,0,0,0,0,0,0,0,0,0,0,0,0,0,0,0,0,0,0,0,0,0,123,223,254,253,254,253,254,71,0,0,0,0,0,0,0,0,0,0,0,0,0,0,0,0,0,0,0,0,0,20,50,131,213,252,253,192,0,0,0,0,0,0,0,0,0,0,0,0,0,0,0,0,0,0,0,0,0,0,0,0,21,162,254,253,102,0,0,0,0,0,0,0,0,0,0,0,0,0,0,0,0,0,0,0,0,0,0,0,21,203,253,252,61,0,0,0,0,0,0,0,0,0,0,0,0,0,0,0,0,0,0,0,0,0,0,0,132,253,254,91,0,0,0,0,0,0,0,0,0,0,0,0,0,0,0,0,0,0,0,0,0,0,21,142,253,252,233,30,0,0,0,0,0,0,0,0,0,0,0,0,0,0,0,0,0,0,0,0,0,41,214,253,254,213,0,0,0,0,0,0,0,0,0,0,0,0,0,0,0,0,0,0,0,0,0,0,163,243,253,252,172,10,0,0,0,0,0,0,0,0,0,0,0,0,0,0,0,0,0,0,11,173,173,253,255,253,224,81,0,0,0,0,0,0,0,0,0,0,0,0,0,0,0,0,0,0,0,0,132,252,253,252,253,171,20,0,0,0,0,0,0,0,0,0,0,0,0,0,0,0,0,0,0,0,0,0,153,253,244,203,82,0,0,0,0,0,0,0,0,0,0,0,0,0,0,0,0,0,0,0,0,0,0,0,92,192,122,0,0,0,0,0,0,0,0,0,0,0,0,0,0,0,0,0,0,0,0,0,0,0,0,0,0,0,0,0,0,0,0,0,0,0,0,0,0,0,0,0,0,0,0,0,0,0,0,0,0,0,0,0,0,0,0,0,0,0,0,0,0,0,0,0,0,0,0,0,0,0,0,0
1,0,0,0,0,0,0,0,0,0,0,0,0,0,0,0,0,0,0,0,0,0,0,0,0,0,0,0,0,0,0,0,0,0,0,0,0,0,0,0,0,0,0,0,0,0,0,0,0,0,0,0,0,0,0,0,0,0,0,0,0,0,0,0,0,0,0,0,0,0,0,0,0,0,0,0,0,0,0,0,0,0,0,0,0,0,0,0,0,0,0,0,0,0,0,0,0,0,0,0,0,0,0,0,0,0,0,0,0,0,0,0,0,0,0,0,0,0,0,0,0,0,0,0,0,0,0,0,0,0,0,0,0,0,0,0,0,0,0,0,0,0,0,0,0,0,0,0,0,0,0,0,0,203,193,30,0,0,0,0,0,0,0,0,0,0,0,0,0,0,0,0,0,0,0,0,0,0,0,0,0,203,253,131,0,0,0,0,0,0,0,0,0,0,0,0,0,0,0,0,0,0,0,0,0,0,0,0,0,102,254,151,0,0,0,0,0,0,0,0,0,0,0,0,0,0,0,0,0,0,0,0,0,0,0,0,0,102,253,151,0,0,0,0,0,0,0,0,0,0,0,0,0,0,0,0,0,0,0,0,0,0,0,0,0,41,254,253,0,0,0,0,0,0,0,0,0,0,0,0,0,0,0,0,0,0,0,0,0,0,0,0,0,0,253,252,82,0,0,0,0,0,0,0,0,0,0,0,0,0,0,0,0,0,0,0,0,0,0,0,0,0,152,253,203,0,0,0,0,0,0,0,0,0,0,0,0,0,0,0,0,0,0,0,0,0,0,0,0,0,152,252,203,0,0,0,0,0,0,0,0,0,0,0,0,0,0,0,0,0,0,0,0,0,0,0,0,0,92,253,214,10,0,0,0,0,0,0,0,0,0,0,0,0,0,0,0,0,0,0,0,0,0,0,0,0,10,212,253,50,0,0,0,0,0,0,0,0,0,0,0,0,0,0,0,0,0,0,0,0,0,0,0,0,0,203,254,112,0,0,0,0,0,0,0,0,0,0,0,0,0,0,0,0,0,0,0,0,0,0,0,0,0,162,253,151,0,0,0,0,0,0,0,0,0,0,0,0,0,0,0,0,0,0,0,0,0,0,0,0,0,102,254,151,0,0,0,0,0,0,0,0,0,0,0,0,0,0,0,0,0,0,0,0,0,0,0,0,0,102,253,192,0,0,0,0,0,0,0,0,0,0,0,0,0,0,0,0,0,0,0,0,0,0,0,0,0,102,254,253,0,0,0,0,0,0,0,0,0,0,0,0,0,0,0,0,0,0,0,0,0,0,0,0,0,102,253,252,0,0,0,0,0,0,0,0,0,0,0,0,0,0,0,0,0,0,0,0,0,0,0,0,0,41,255,253,0,0,0,0,0,0,0,0,0,0,0,0,0,0,0,0,0,0,0,0,0,0,0,0,0,0,253,252,0,0,0,0,0,0,0,0,0,0,0,0,0,0,0,0,0,0,0,0,0,0,0,0,0,0,173,253,62,0,0,0,0,0,0,0,0,0,0,0,0,0,0,0,0,0,0,0,0,0,0,0,0,0,51,252,102,0,0,0,0,0,0,0,0,0,0,0,0,0,0,0,0,0,0,0,0,0,0,0,0,0,0,0,0,0,0,0,0,0,0,0,0,0,0,0,0,0,0,0,0,0,0,0,0,0,0,0,0,0,0,0,0,0,0,0,0,0,0,0,0,0,0,0,0,0,0,0,0,0,0,0,0,0,0,0,0,0,0,0,0,0,0,0,0,0,0,0,0,0,0
3,0,0,0,0,0,0,0,0,0,0,0,0,0,0,0,0,0,0,0,0,0,0,0,0,0,0,0,0,0,0,0,0,0,0,0,0,0,0,0,0,0,0,0,0,0,0,0,0,0,0,0,0,0,0,0,0,0,0,0,0,0,0,0,0,0,0,0,0,0,0,0,0,0,0,0,0,0,0,0,0,0,0,0,0,0,0,0,0,0,0,0,0,0,0,0,0,0,0,0,0,0,0,0,0,0,0,0,0,0,0,0,0,0,0,0,0,0,0,0,0,0,0,0,0,0,0,0,0,0,0,0,0,0,0,0,0,0,0,0,0,0,0,0,0,0,0,0,0,99,254,254,254,254,217,118,41,0,0,0,0,0,0,0,0,0,0,0,0,0,0,0,0,0,0,0,178,247,253,253,253,253,253,253,140,0,0,0,0,0,0,0,0,0,0,0,0,0,0,0,0,0,0,64,244,253,208,177,177,55,99,253,249,92,0,0,0,0,0,0,0,0,0,0,0,0,0,0,0,0,0,19,165,179,25,0,0,0,69,253,253,109,0,0,0,0,0,0,0,0,0,0,0,0,0,0,0,0,0,0,0,0,0,0,0,0,69,253,249,95,0,0,0,0,0,0,0,0,0,0,0,0,0,0,0,0,0,0,0,0,0,0,0,13,153,253,143,0,0,0,0,0,0,0,0,0,0,0,0,0,0,0,0,0,0,0,0,0,0,0,57,240,253,253,89,0,0,0,0,0,0,0,0,0,0,0,0,0,0,0,0,0,0,0,0,0,6,111,247,253,253,227,41,0,0,0,0,0,0,0,0,0,0,0,0,0,0,0,0,0,0,0,0,31,228,253,253,253,253,253,221,88,0,0,0,0,0,0,0,0,0,0,0,0,0,0,0,0,0,0,0,35,253,253,253,253,253,253,253,252,206,48,0,0,0,0,0,0,0,0,0,0,0,0,0,0,0,0,0,28,205,205,205,82,68,68,188,253,253,226,51,0,0,0,0,0,0,0,0,0,0,0,0,0,0,0,0,0,0,0,0,0,0,0,58,167,253,253,224,36,0,0,0,0,0,0,0,0,0,0,0,0,0,0,0,0,0,0,0,0,0,0,0,3,176,253,253,58,0,0,0,0,0,0,0,0,0,0,0,0,0,0,0,0,0,0,0,0,0,0,0,0,0,173,253,221,37,0,0,0,0,0,0,0,0,0,0,0,0,0,0,0,0,0,0,0,0,0,0,0,0,104,253,253,75,0,0,0,0,0,0,0,0,0,0,0,0,0,0,0,0,0,0,0,0,0,0,0,41,227,253,253,75,0,0,0,0,0,0,0,0,0,0,0,0,0,0,0,0,0,0,0,0,12,63,140,226,253,253,238,57,0,0,0,0,0,0,0,0,0,0,0,0,0,0,0,0,0,41,42,153,193,253,253,253,253,217,86,0,0,0,0,0,0,0,0,0,0,0,0,0,0,0,3,29,158,251,253,253,253,253,253,232,102,13,0,0,0,0,0,0,0,0,0,0,0,0,0,0,0,0,16,116,186,253,253,253,227,116,113,0,0,0,0,0,0,0,0,0,0,0,0,0,0,0,0,0,0,0,0,0,0,0,0,0,0,0,0,0,0,0,0,0,0,0,0,0,0,0,0,0,0,0,0,0,0,0,0,0,0,0,0,0,0,0,0,0,0,0,0,0,0,0,0,0,0,0,0,0,0,0,0,0,0,0,0,0,0,0,0,0,0,0,0,0,0,0,0,0,0,0,0,0,0,0
4,0,0,0,0,0,0,0,0,0,0,0,0,0,0,0,0,0,0,0,0,0,0,0,0,0,0,0,0,0,0,0,0,0,0,0,0,0,0,0,0,0,0,0,0,0,0,0,0,0,0,0,0,0,0,0,0,0,0,0,0,0,0,0,0,0,0,0,0,0,0,0,0,0,0,0,0,0,0,0,0,0,0,0,0,0,0,0,0,0,0,0,0,0,0,0,0,0,0,0,0,0,0,0,0,0,0,0,0,0,0,0,0,0,0,0,0,0,0,0,0,0,0,16,2,0,0,0,0,0,0,0,0,0,0,0,0,0,0,0,0,0,0,0,0,0,0,0,0,0,0,187,176,76,0,0,0,0,0,0,0,0,0,0,22,4,0,0,0,0,0,0,0,0,0,0,0,0,0,137,254,113,0,0,0,0,0,0,0,0,0,0,134,139,0,0,0,0,0,0,0,0,0,0,0,0,0,108,254,113,0,0,0,0,0,0,0,0,0,69,248,254,0,0,0,0,0,0,0,0,0,0,0,0,0,213,254,113,0,0,0,0,0,0,0,0,0,133,254,204,0,0,0,0,0,0,0,0,0,0,0,0,44,240,254,113,0,0,0,0,0,0,0,0,0,202,254,78,0,0,0,0,0,0,0,0,0,0,0,0,101,254,254,102,0,0,0,0,0,0,0,0,7,207,245,16,0,0,0,0,0,0,0,0,0,0,0,12,216,254,173,0,0,0,0,0,0,0,0,0,86,254,153,0,0,0,0,0,0,0,0,0,0,0,0,155,254,254,47,0,0,0,0,0,0,0,0,0,184,254,153,0,0,0,0,0,0,0,0,0,0,0,78,240,254,222,8,0,0,0,0,0,0,0,0,15,206,254,153,0,0,0,0,0,0,0,0,0,0,14,203,254,254,48,0,0,0,0,0,0,0,0,0,48,254,254,54,0,0,0,0,0,0,0,0,0,0,36,254,254,173,3,0,0,0,0,0,0,0,0,0,48,254,254,35,0,0,0,0,0,0,0,0,0,71,204,254,218,25,0,1,12,12,12,7,12,12,1,0,48,254,173,1,0,0,0,0,0,0,0,0,0,150,254,254,225,148,148,151,254,254,255,205,254,254,90,13,118,254,157,0,0,0,0,0,0,0,0,0,0,233,254,254,254,254,254,254,254,254,254,218,225,211,254,203,224,254,53,0,0,0,0,0,0,0,0,0,0,107,254,254,224,201,189,189,123,71,71,17,27,7,69,178,254,207,15,0,0,0,0,0,0,0,0,0,0,4,53,53,28,10,0,0,0,0,0,0,0,0,0,148,254,150,0,0,0,0,0,0,0,0,0,0,0,0,0,0,0,0,0,0,0,0,0,0,0,0,0,21,35,10,0,0,0,0,0,0,0,0,0,0,0,0,0,0,0,0,0,0,0,0,0,0,0,0,0,0,0,0,0,0,0,0,0,0,0,0,0,0,0,0,0,0,0,0,0,0,0,0,0,0,0,0,0,0,0,0,0,0,0,0,0,0,0,0,0,0,0,0,0,0,0,0,0,0,0,0,0,0,0,0,0,0,0,0,0,0,0,0,0,0,0,0,0,0,0,0,0,0,0,0,0,0,0,0,0,0,0,0,0,0,0,0,0,0,0,0,0,0,0,0,0,0,0,0,0,0,0,0,0,0,0,0,0,0,0,0,0,0,0,0,0,0,0,0,0,0,0,0,0,0,0,0,0,0,0,0,0,0,0,0,0,0,0,0,0,0,0,0,0,0,0,0,0,0
7,0,0,0,0,0,0,0,0,0,0,0,0,0,0,0,0,0,0,0,0,0,0,0,0,0,0,0,0,0,0,0,0,0,0,0,0,0,0,0,0,0,0,0,0,0,0,0,0,0,0,0,0,0,0,0,0,0,0,0,0,0,0,0,0,0,0,0,0,0,0,0,0,0,0,0,0,0,0,0,0,0,0,0,0,0,0,0,0,0,0,0,0,0,0,0,0,0,0,0,0,0,0,0,0,0,0,0,0,0,0,0,0,0,0,0,0,0,0,0,0,0,0,0,0,0,0,0,0,0,0,0,0,0,0,0,0,0,0,0,0,0,0,0,0,0,0,0,0,0,0,0,0,0,0,0,0,0,0,0,0,0,0,0,0,0,0,0,0,0,0,0,0,0,0,0,228,211,89,0,0,0,0,0,0,51,121,121,226,253,232,44,0,0,0,0,0,0,0,0,0,0,0,0,61,235,249,240,240,240,240,240,241,245,252,252,252,252,252,93,0,0,0,0,0,0,0,0,0,0,0,0,0,64,183,252,252,252,252,252,253,252,252,252,252,252,252,93,0,0,0,0,0,0,0,0,0,0,0,0,0,0,11,39,39,53,95,39,39,39,39,219,252,252,197,63,0,0,0,0,0,0,0,0,0,0,0,0,0,0,0,0,0,0,0,0,0,0,75,244,252,209,17,0,0,0,0,0,0,0,0,0,0,0,0,0,0,0,0,0,0,0,0,0,0,0,122,252,252,198,0,0,0,0,0,0,0,0,0,0,0,0,0,0,0,0,0,0,0,0,0,0,0,95,244,252,252,177,0,0,0,0,0,0,0,0,0,0,0,0,0,0,0,0,0,0,0,0,0,0,13,241,252,252,126,24,0,0,0,0,0,0,0,0,0,0,0,0,0,0,0,0,0,0,0,0,0,8,197,252,252,248,50,0,0,0,0,0,0,0,0,0,0,0,0,0,0,0,0,0,0,0,0,0,8,196,253,252,252,102,0,0,0,0,0,0,0,0,0,0,0,0,0,0,0,0,0,0,0,0,0,13,197,253,255,253,159,0,0,0,0,0,0,0,0,0,0,0,0,0,0,0,0,0,0,0,0,0,17,123,252,252,253,252,103,0,0,0,0,0,0,0,0,0,0,0,0,0,0,0,0,0,0,0,0,0,90,252,252,252,253,37,3,0,0,0,0,0,0,0,0,0,0,0,0,0,0,0,0,0,0,0,0,17,198,252,252,209,110,2,0,0,0,0,0,0,0,0,0,0,0,0,0,0,0,0,0,0,0,0,18,176,252,252,248,88,0,0,0,0,0,0,0,0,0,0,0,0,0,0,0,0,0,0,0,0,0,17,107,252,252,252,140,0,0,0,0,0,0,0,0,0,0,0,0,0,0,0,0,0,0,0,0,0,0,171,252,252,252,233,33,0,0,0,0,0,0,0,0,0,0,0,0,0,0,0,0,0,0,0,0,0,10,217,252,252,252,140,0,0,0,0,0,0,0,0,0,0,0,0,0,0,0,0,0,0,0,0,0,0,89,250,252,252,221,39,0,0,0,0,0,0,0,0,0,0,0,0,0,0,0,0,0,0,0,0,0,0,0,213,217,217,79,0,0,0,0,0,0,0,0,0,0,0,0,0,0,0,0,0,0,0,0,0,0,0,0,0,0,0,0,0,0,0,0,0,0,0,0,0,0,0,0,0,0,0,0,0,0,0,0,0,0,0,0,0,0,0,0,0,0,0,0,0,0,0,0,0,0,0,0,0,0,0,0
2,0,0,0,0,0,0,0,0,0,0,0,0,0,0,0,0,0,0,0,0,0,0,0,0,0,0,0,0,0,0,0,0,0,0,0,0,0,0,0,0,0,0,0,0,0,0,0,0,0,0,0,0,0,0,0,0,0,0,0,0,0,0,0,0,0,0,0,0,0,0,0,0,0,0,0,0,0,0,0,0,0,0,0,0,0,0,0,0,0,0,0,0,0,0,0,0,0,0,0,0,0,0,0,0,0,0,0,0,0,0,0,0,0,0,0,0,0,0,0,0,0,0,0,0,36,125,191,218,255,254,254,241,51,0,0,0,0,0,0,0,0,0,0,0,0,0,0,0,0,0,0,204,249,253,253,253,253,253,253,253,250,235,0,0,0,0,0,0,0,0,0,0,0,0,0,0,0,88,241,251,253,225,142,49,12,12,12,105,253,253,111,0,0,0,0,0,0,0,0,0,0,0,0,0,95,225,253,167,113,14,0,0,0,0,0,16,211,253,117,0,0,0,0,0,0,0,0,0,0,0,0,91,238,253,170,28,0,0,0,0,0,0,0,0,150,253,117,0,0,0,0,0,0,0,0,0,0,0,98,251,218,48,5,0,0,0,0,0,0,0,0,0,150,253,117,0,0,0,0,0,0,0,0,0,0,0,112,253,112,0,0,0,0,0,0,0,0,0,0,9,184,242,18,0,0,0,0,0,0,0,0,0,0,0,20,45,5,0,0,0,0,0,0,0,0,0,0,67,253,240,0,0,0,0,0,0,0,0,0,0,0,0,0,0,0,0,0,0,0,0,0,0,0,0,27,234,248,105,0,0,0,0,0,0,0,0,0,0,0,0,0,0,0,0,0,0,0,0,0,0,0,44,157,253,132,0,0,0,0,0,0,0,0,0,0,0,0,0,0,0,0,0,0,0,0,0,0,0,11,189,253,203,27,0,0,0,0,0,0,0,0,0,0,0,0,0,0,0,0,0,0,0,0,0,0,11,156,253,246,77,0,0,0,0,0,0,0,0,0,0,0,0,0,0,0,0,0,0,0,0,0,0,11,156,253,202,68,0,0,0,0,0,0,0,0,0,0,0,0,0,0,0,0,0,0,0,0,0,0,11,156,253,226,71,0,0,0,0,0,0,0,0,0,0,0,0,0,0,0,0,0,0,30,33,33,140,163,186,253,226,38,0,0,0,0,0,0,0,0,0,0,0,0,0,0,0,0,0,12,81,244,253,253,253,253,253,253,253,186,70,23,0,0,22,156,77,0,0,0,0,0,0,0,0,0,80,195,253,253,253,253,253,248,234,166,248,253,253,240,150,73,144,104,51,0,0,0,0,0,0,0,0,7,248,253,253,253,253,253,242,105,0,0,107,242,253,253,253,245,160,0,0,0,0,0,0,0,0,0,0,57,250,253,253,253,247,135,21,0,0,0,0,21,117,183,183,48,0,0,0,0,0,0,0,0,0,0,0,0,121,123,176,135,16,0,0,0,0,0,0,0,0,0,0,0,0,0,0,0,0,0,0,0,0,0,0,0,0,0,0,0,0,0,0,0,0,0,0,0,0,0,0,0,0,0,0,0,0,0,0,0,0,0,0,0,0,0,0,0,0,0,0,0,0,0,0,0,0,0,0,0,0,0,0,0,0,0,0,0,0,0,0,0,0,0,0,0,0,0,0,0,0,0,0,0,0,0,0,0,0,0,0,0,0,0,0,0,0,0,0,0,0,0,0,0,0,0,0,0,0,0,0,0,0,0,0,0,0,0,0,0,0,0,0
7,0,0,0,0,0,0,0,0,0,0,0,0,0,0,0,0,0,0,0,0,0,0,0,0,0,0,0,0,0,0,0,0,0,0,0,0,0,0,0,0,0,0,0,0,0,0,0,0,0,0,0,0,0,0,0,0,0,0,0,0,0,0,0,0,0,0,0,0,0,0,0,0,0,0,0,0,0,0,0,0,0,0,0,0,0,0,0,0,0,0,0,0,0,0,0,0,0,0,0,0,0,0,0,0,0,0,0,0,0,0,0,0,0,0,0,0,0,0,0,0,0,0,0,0,0,0,0,0,0,0,0,0,0,0,0,0,0,0,0,0,0,0,0,0,0,0,0,0,0,0,0,0,0,0,0,0,0,0,0,0,0,0,0,0,0,0,0,0,0,0,0,0,0,0,0,0,0,0,0,0,0,0,0,0,0,0,0,0,0,0,0,0,0,0,0,0,0,0,0,0,0,0,61,156,148,89,81,156,255,254,254,254,216,156,148,41,0,0,0,0,0,0,0,0,0,0,0,0,0,26,207,254,253,253,253,245,234,195,233,233,233,246,253,241,24,0,0,0,0,0,0,0,0,0,0,0,0,166,253,254,253,253,128,48,0,0,0,0,0,48,226,253,87,0,0,0,0,0,0,0,0,0,0,4,174,251,253,244,124,19,2,0,0,0,0,0,0,0,214,253,19,0,0,0,0,0,0,0,0,0,0,132,253,253,177,45,0,0,0,0,0,0,0,0,0,46,244,253,19,0,0,0,0,0,0,0,0,0,0,128,195,90,0,0,0,0,0,0,0,0,0,0,0,179,254,152,0,0,0,0,0,0,0,0,0,0,0,0,0,0,0,0,0,0,0,0,0,0,0,0,8,254,251,72,0,0,0,0,0,0,0,0,0,0,0,0,0,0,0,0,0,0,0,0,0,0,0,0,165,254,165,0,0,0,0,0,0,0,0,0,0,0,0,0,0,0,0,0,0,0,0,0,0,0,0,37,248,254,46,0,0,0,0,0,0,0,0,0,0,0,0,0,0,0,0,0,0,0,0,0,0,0,0,77,253,171,9,0,0,0,0,0,0,0,0,0,0,0,0,0,0,0,0,0,0,0,0,0,0,0,19,239,254,0,0,0,0,0,0,0,0,0,0,0,0,0,0,0,0,0,0,0,0,0,0,0,0,2,92,253,253,215,214,214,181,0,0,0,0,0,0,0,0,0,0,0,0,0,0,0,0,0,0,0,19,167,253,253,253,254,253,253,213,0,0,0,0,0,0,0,0,0,0,0,0,0,0,0,0,0,0,0,201,253,253,253,185,117,34,19,16,0,0,0,0,0,0,0,0,0,0,0,0,0,0,0,0,0,0,0,119,73,193,237,36,0,0,0,0,0,0,0,0,0,0,0,0,0,0,0,0,0,0,0,0,0,0,0,0,80,254,214,0,0,0,0,0,0,0,0,0,0,0,0,0,0,0,0,0,0,0,0,0,0,0,0,0,118,253,168,0,0,0,0,0,0,0,0,0,0,0,0,0,0,0,0,0,0,0,0,0,0,0,0,0,118,253,117,0,0,0,0,0,0,0,0,0,0,0,0,0,0,0,0,0,0,0,0,0,0,0,0,0,118,253,117,0,0,0,0,0,0,0,0,0,0,0,0,0,0,0,0,0,0,0,0,0,0,0,0,0,72,193,34,0,0,0,0,0,0,0,0,0,0,0,0,0,0,0,0,0,0,0,0,0,0,0,0,0,0,0,0,0,0,0,0,0,0,0,0,0,0,0,0
1,0,0,0,0,0,0,0,0,0,0,0,0,0,0,0,0,0,0,0,0,0,0,0,0,0,0,0,0,0,0,0,0,0,0,0,0,0,0,0,0,0,0,0,0,0,0,0,0,0,0,0,0,0,0,0,0,0,0,0,0,0,0,0,0,0,0,0,0,0,0,0,0,0,0,0,0,0,0,0,0,0,0,0,0,0,0,0,0,0,0,0,0,0,0,0,0,0,0,0,0,0,0,0,0,0,0,0,0,0,0,0,0,0,0,0,0,0,0,0,0,0,0,0,0,0,0,0,0,0,0,0,0,0,0,0,0,0,0,0,0,0,0,0,0,0,0,0,0,0,0,0,13,218,209,62,0,0,0,0,0,0,0,0,0,0,0,0,0,0,0,0,0,0,0,0,0,0,0,0,6,189,252,185,0,0,0,0,0,0,0,0,0,0,0,0,0,0,0,0,0,0,0,0,0,0,0,0,0,169,252,215,6,0,0,0,0,0,0,0,0,0,0,0,0,0,0,0,0,0,0,0,0,0,0,0,0,169,252,253,63,0,0,0,0,0,0,0,0,0,0,0,0,0,0,0,0,0,0,0,0,0,0,0,0,169,252,253,63,0,0,0,0,0,0,0,0,0,0,0,0,0,0,0,0,0,0,0,0,0,0,0,0,109,253,254,168,0,0,0,0,0,0,0,0,0,0,0,0,0,0,0,0,0,0,0,0,0,0,0,0,64,252,253,168,0,0,0,0,0,0,0,0,0,0,0,0,0,0,0,0,0,0,0,0,0,0,0,0,59,249,253,210,11,0,0,0,0,0,0,0,0,0,0,0,0,0,0,0,0,0,0,0,0,0,0,0,0,211,253,252,21,0,0,0,0,0,0,0,0,0,0,0,0,0,0,0,0,0,0,0,0,0,0,0,0,211,253,252,21,0,0,0,0,0,0,0,0,0,0,0,0,0,0,0,0,0,0,0,0,0,0,0,0,212,255,253,21,0,0,0,0,0,0,0,0,0,0,0,0,0,0,0,0,0,0,0,0,0,0,0,0,211,253,252,21,0,0,0,0,0,0,0,0,0,0,0,0,0,0,0,0,0,0,0,0,0,0,0,0,211,253,252,21,0,0,0,0,0,0,0,0,0,0,0,0,0,0,0,0,0,0,0,0,0,0,0,0,167,253,252,21,0,0,0,0,0,0,0,0,0,0,0,0,0,0,0,0,0,0,0,0,0,0,0,0,211,253,252,21,0,0,0,0,0,0,0,0,0,0,0,0,0,0,0,0,0,0,0,0,0,0,0,0,212,255,253,21,0,0,0,0,0,0,0,0,0,0,0,0,0,0,0,0,0,0,0,0,0,0,0,0,131,253,252,21,0,0,0,0,0,0,0,0,0,0,0,0,0,0,0,0,0,0,0,0,0,0,0,0,106,253,252,21,0,0,0,0,0,0,0,0,0,0,0,0,0,0,0,0,0,0,0,0,0,0,0,0,106,253,252,21,0,0,0,0,0,0,0,0,0,0,0,0,0,0,0,0,0,0,0,0,0,0,0,0,18,209,182,4,0,0,0,0,0,0,0,0,0,0,0,0,0,0,0,0,0,0,0,0,0,0,0,0,0,0,0,0,0,0,0,0,0,0,0,0,0,0,0,0,0,0,0,0,0,0,0,0,0,0,0,0,0,0,0,0,0,0,0,0,0,0,0,0,0,0,0,0,0,0,0,0,0,0,0,0,0,0,0,0,0,0,0,0,0,0,0,0,0,0,0,0,0,0,0
2,0,0,0,0,0,0,0,0,0,0,0,0,0,0,0,0,0,0,0,0,0,0,0,0,0,0,0,0,0,0,0,0,0,0,0,0,0,0,0,0,0,0,0,0,0,0,0,0,0,0,0,0,0,0,0,0,0,0,0,0,0,0,0,0,0,0,0,0,0,0,0,0,0,0,0,0,0,0,0,0,0,0,0,0,0,0,0,0,0,0,0,0,0,0,0,0,0,0,0,0,0,0,0,0,0,0,0,0,0,0,0,0,0,0,0,0,0,0,0,0,0,0,0,0,0,50,170,254,59,0,0,0,0,0,0,0,0,0,0,0,0,0,0,0,0,0,0,0,0,0,0,36,191,245,254,254,175,0,0,0,0,0,0,0,0,0,0,0,0,0,0,0,0,0,0,0,0,3,70,242,254,235,233,254,182,0,0,0,0,0,0,0,0,0,0,0,0,0,0,0,0,0,0,0,23,184,254,243,99,27,110,254,182,0,0,0,0,0,0,0,0,0,0,0,0,0,0,0,0,0,0,20,205,247,98,26,0,0,110,254,149,0,0,0,0,0,0,0,0,0,0,0,0,0,0,0,0,0,0,40,104,20,0,0,0,0,110,254,33,0,0,0,0,0,0,0,0,0,0,0,0,0,0,0,0,0,0,0,0,0,0,0,0,0,110,234,0,0,0,0,0,0,0,0,0,0,0,0,0,0,0,0,0,0,0,0,0,0,0,0,0,32,214,149,0,0,0,0,0,0,0,0,0,0,0,0,0,0,0,0,0,0,0,0,0,0,0,0,0,134,200,16,0,0,0,0,0,0,0,0,0,0,0,0,0,0,0,0,0,0,0,0,0,0,0,0,20,231,144,0,0,0,0,0,0,0,0,0,0,0,0,0,0,0,0,0,0,0,0,0,0,0,0,0,146,244,72,0,0,0,0,0,0,0,0,0,0,0,0,0,0,0,0,0,0,0,0,0,0,0,0,16,201,132,0,0,0,0,0,0,0,0,0,0,0,0,0,0,0,0,0,0,0,0,0,0,0,0,0,164,226,31,0,0,0,0,0,0,0,11,122,205,47,0,0,0,0,0,0,0,0,0,0,0,0,0,79,255,128,0,0,0,0,0,0,15,84,216,250,144,12,0,0,0,0,0,0,0,0,0,0,0,0,7,207,228,37,0,0,0,0,20,136,238,254,228,63,0,0,0,0,0,0,0,0,0,0,0,0,0,0,135,254,66,0,0,0,53,190,254,254,197,117,0,0,0,0,0,0,0,0,0,0,0,0,0,0,0,21,231,182,0,32,101,184,249,239,179,96,4,0,0,0,0,0,0,0,0,0,0,0,0,0,0,0,0,128,254,99,128,232,254,251,185,59,0,0,0,0,0,0,0,0,0,0,0,0,0,0,0,0,0,0,4,221,254,254,254,254,192,70,0,0,0,0,0,0,0,0,0,0,0,0,0,0,0,0,0,0,0,0,55,254,254,188,105,72,11,0,0,0,0,0,0,0,0,0,0,0,0,0,0,0,0,0,0,0,0,0,0,0,0,0,0,0,0,0,0,0,0,0,0,0,0,0,0,0,0,0,0,0,0,0,0,0,0,0,0,0,0,0,0,0,0,0,0,0,0,0,0,0,0,0,0,0,0,0,0,0,0,0,0,0,0,0,0,0,0,0,0,0,0,0,0,0,0,0,0,0,0,0,0,0,0,0,0,0,0,0,0,0,0,0,0,0,0,0,0,0,0,0,0,0,0,0,0,0,0,0,0,0,0,0,0
1,0,0,0,0,0,0,0,0,0,0,0,0,0,0,0,0,0,0,0,0,0,0,0,0,0,0,0,0,0,0,0,0,0,0,0,0,0,0,0,0,0,0,0,0,0,0,0,0,0,0,0,0,0,0,0,0,0,0,0,0,0,0,0,0,0,0,0,0,0,0,0,0,0,0,0,0,0,0,0,0,0,0,0,0,0,0,0,0,0,0,0,0,0,0,0,0,0,0,0,0,0,0,0,0,0,0,0,0,0,0,0,0,0,0,0,0,0,0,0,0,0,0,0,0,0,0,66,222,29,0,0,0,0,0,0,0,0,0,0,0,0,0,0,0,0,0,0,0,0,0,0,0,0,31,223,254,127,9,0,0,0,0,0,0,0,0,0,0,0,0,0,0,0,0,0,0,0,0,0,0,0,66,254,254,254,173,0,0,0,0,0,0,0,0,0,0,0,0,0,0,0,0,0,0,0,0,0,0,0,181,254,254,254,173,0,0,0,0,0,0,0,0,0,0,0,0,0,0,0,0,0,0,0,0,0,0,0,181,254,254,254,158,0,0,0,0,0,0,0,0,0,0,0,0,0,0,0,0,0,0,0,0,0,0,0,181,254,254,243,42,0,0,0,0,0,0,0,0,0,0,0,0,0,0,0,0,0,0,0,0,0,0,34,230,254,254,179,0,0,0,0,0,0,0,0,0,0,0,0,0,0,0,0,0,0,0,0,0,0,0,135,254,254,254,155,0,0,0,0,0,0,0,0,0,0,0,0,0,0,0,0,0,0,0,0,0,0,10,192,254,254,254,55,0,0,0,0,0,0,0,0,0,0,0,0,0,0,0,0,0,0,0,0,0,0,44,254,254,254,254,55,0,0,0,0,0,0,0,0,0,0,0,0,0,0,0,0,0,0,0,0,0,0,44,254,254,254,236,41,0,0,0,0,0,0,0,0,0,0,0,0,0,0,0,0,0,0,0,0,0,0,44,254,254,254,186,0,0,0,0,0,0,0,0,0,0,0,0,0,0,0,0,0,0,0,0,0,0,0,44,254,254,254,86,0,0,0,0,0,0,0,0,0,0,0,0,0,0,0,0,0,0,0,0,0,0,0,44,254,254,202,11,0,0,0,0,0,0,0,0,0,0,0,0,0,0,0,0,0,0,0,0,0,0,0,23,215,254,246,99,0,0,0,0,0,0,0,0,0,0,0,0,0,0,0,0,0,0,0,0,0,0,0,27,223,254,254,186,0,0,0,0,0,0,0,0,0,0,0,0,0,0,0,0,0,0,0,0,0,0,0,19,208,254,254,186,0,0,0,0,0,0,0,0,0,0,0,0,0,0,0,0,0,0,0,0,0,0,0,23,215,254,254,186,0,0,0,0,0,0,0,0,0,0,0,0,0,0,0,0,0,0,0,0,0,0,0,24,217,254,254,186,0,0,0,0,0,0,0,0,0,0,0,0,0,0,0,0,0,0,0,0,0,0,0,0,114,255,255,125,0,0,0,0,0,0,0,0,0,0,0,0,0,0,0,0,0,0,0,0,0,0,0,0,0,0,0,0,0,0,0,0,0,0,0,0,0,0,0,0,0,0,0,0,0,0,0,0,0,0,0,0,0,0,0,0,0,0,0,0,0,0,0,0,0,0,0,0,0,0,0,0,0,0,0,0,0,0,0,0,0,0,0,0,0,0,0,0,0,0,0,0,0,0,0,0,0,0,0,0,0,0,0,0,0,0,0,0,0,0,0,0,0,0,0,0,0,0,0,0,0,0,0,0
1,0,0,0,0,0,0,0,0,0,0,0,0,0,0,0,0,0,0,0,0,0,0,0,0,0,0,0,0,0,0,0,0,0,0,0,0,0,0,0,0,0,0,0,0,0,0,0,0,0,0,0,0,0,0,0,0,0,0,0,0,0,0,0,0,0,0,0,0,0,0,0,0,0,0,0,0,0,0,0,0,0,0,0,0,0,0,0,0,0,0,0,0,0,0,0,0,0,0,0,0,0,0,0,0,0,0,0,0,0,0,0,0,0,0,0,0,0,0,0,0,0,0,0,0,0,161,31,0,0,0,0,0,0,0,0,0,0,0,0,0,0,0,0,0,0,0,0,0,0,0,0,0,0,217,151,0,0,0,0,0,0,0,0,0,0,0,0,0,0,0,0,0,0,0,0,0,0,0,0,0,0,133,231,0,0,0,0,0,0,0,0,0,0,0,0,0,0,0,0,0,0,0,0,0,0,0,0,0,0,78,231,0,0,0,0,0,0,0,0,0,0,0,0,0,0,0,0,0,0,0,0,0,0,0,0,0,0,66,234,9,0,0,0,0,0,0,0,0,0,0,0,0,0,0,0,0,0,0,0,0,0,0,0,0,0,0,254,54,0,0,0,0,0,0,0,0,0,0,0,0,0,0,0,0,0,0,0,0,0,0,0,0,0,0,254,54,0,0,0,0,0,0,0,0,0,0,0,0,0,0,0,0,0,0,0,0,0,0,0,0,0,0,254,54,0,0,0,0,0,0,0,0,0,0,0,0,0,0,0,0,0,0,0,0,0,0,0,0,0,0,254,93,0,0,0,0,0,0,0,0,0,0,0,0,0,0,0,0,0,0,0,0,0,0,0,0,0,0,254,84,0,0,0,0,0,0,0,0,0,0,0,0,0,0,0,0,0,0,0,0,0,0,0,0,0,31,255,77,0,0,0,0,0,0,0,0,0,0,0,0,0,0,0,0,0,0,0,0,0,0,0,0,0,78,254,54,0,0,0,0,0,0,0,0,0,0,0,0,0,0,0,0,0,0,0,0,0,0,0,0,0,78,233,7,0,0,0,0,0,0,0,0,0,0,0,0,0,0,0,0,0,0,0,0,0,0,0,0,0,128,231,0,0,0,0,0,0,0,0,0,0,0,0,0,0,0,0,0,0,0,0,0,0,0,0,0,0,165,231,0,0,0,0,0,0,0,0,0,0,0,0,0,0,0,0,0,0,0,0,0,0,0,0,0,0,231,212,0,0,0,0,0,0,0,0,0,0,0,0,0,0,0,0,0,0,0,0,0,0,0,0,0,0,231,151,0,0,0,0,0,0,0,0,0,0,0,0,0,0,0,0,0,0,0,0,0,0,0,0,0,7,233,78,0,0,0,0,0,0,0,0,0,0,0,0,0,0,0,0,0,0,0,0,0,0,0,0,0,54,253,38,0,0,0,0,0,0,0,0,0,0,0,0,0,0,0,0,0,0,0,0,0,0,0,0,0,101,253,0,0,0,0,0,0,0,0,0,0,0,0,0,0,0,0,0,0,0,0,0,0,0,0,0,0,0,0,0,0,0,0,0,0,0,0,0,0,0,0,0,0,0,0,0,0,0,0,0,0,0,0,0,0,0,0,0,0,0,0,0,0,0,0,0,0,0,0,0,0,0,0,0,0,0,0,0,0,0,0,0,0,0,0,0,0,0,0,0,0,0,0,0,0,0,0,0,0,0,0,0,0,0,0,0,0,0,0,0,0,0,0,0,0,0,0,0,0,0,0,0,0,0,0,0,0
7,0,0,0,0,0,0,0,0,0,0,0,0,0,0,0,0,0,0,0,0,0,0,0,0,0,0,0,0,0,0,0,0,0,0,0,0,0,0,0,0,0,0,0,0,0,0,0,0,0,0,0,0,0,0,0,0,0,0,0,0,0,0,0,0,0,0,0,0,0,0,0,0,0,0,0,0,0,0,0,0,0,0,0,0,0,0,0,0,0,0,0,0,0,0,0,0,0,0,0,0,0,0,0,0,0,0,0,0,0,0,0,0,0,0,0,0,0,0,0,0,0,0,0,0,0,0,0,0,0,0,0,0,0,0,0,0,0,0,0,0,0,0,0,0,0,0,0,0,0,0,0,0,0,0,0,0,0,0,0,0,0,0,0,0,0,0,0,0,0,0,0,0,0,0,0,0,0,0,0,0,0,0,0,0,0,0,0,0,0,0,0,0,0,0,0,0,0,0,0,0,0,0,0,0,0,0,0,22,97,181,254,255,221,106,3,0,0,0,0,0,0,0,0,0,0,0,0,0,0,0,0,0,28,128,213,245,254,254,246,239,254,254,94,0,0,0,0,0,0,0,0,0,0,0,0,0,0,0,27,151,239,254,254,222,204,189,70,27,215,254,98,0,0,0,0,0,0,0,0,0,0,0,0,0,0,0,43,248,254,233,40,15,0,0,0,0,96,254,111,0,0,0,0,0,0,0,0,0,0,0,0,0,0,0,0,121,72,33,0,0,0,0,0,0,76,254,187,0,0,0,0,0,0,0,0,0,0,0,0,0,0,0,0,0,0,0,0,0,0,0,0,0,94,254,149,0,0,0,0,0,0,0,0,0,0,0,0,0,0,0,0,0,0,0,0,0,0,0,0,0,124,254,40,0,0,0,0,0,0,0,0,0,0,0,0,0,0,0,0,0,0,0,0,0,0,0,0,6,203,174,1,0,0,0,0,0,0,0,0,0,0,0,0,0,0,0,0,0,0,0,0,0,0,0,0,102,254,122,0,0,0,0,0,0,0,0,0,0,0,0,0,0,0,0,0,0,0,0,0,0,0,40,223,205,254,115,33,0,0,0,0,0,0,0,0,0,0,0,0,0,0,0,0,0,0,0,0,0,0,40,248,254,254,254,242,191,71,0,0,0,0,0,0,0,0,0,0,0,0,0,0,0,0,0,0,0,0,0,140,254,254,248,209,254,213,0,0,0,0,0,0,0,0,0,0,0,0,0,0,0,0,0,0,0,0,3,186,208,71,49,74,191,134,0,0,0,0,0,0,0,0,0,0,0,0,0,0,0,0,0,0,0,0,134,254,119,0,0,0,0,0,0,0,0,0,0,0,0,0,0,0,0,0,0,0,0,0,0,0,0,16,197,168,2,0,0,0,0,0,0,0,0,0,0,0,0,0,0,0,0,0,0,0,0,0,0,0,0,140,225,43,0,0,0,0,0,0,0,0,0,0,0,0,0,0,0,0,0,0,0,0,0,0,0,0,51,233,106,0,0,0,0,0,0,0,0,0,0,0,0,0,0,0,0,0,0,0,0,0,0,0,0,0,161,227,17,0,0,0,0,0,0,0,0,0,0,0,0,0,0,0,0,0,0,0,0,0,0,0,0,0,228,124,0,0,0,0,0,0,0,0,0,0,0,0,0,0,0,0,0,0,0,0,0,0,0,0,0,0,168,6,0,0,0,0,0,0,0,0,0,0,0,0,0,0,0,0,0,0,0,0,0,0,0,0,0,0,0,0,0,0,0,0,0,0,0,0,0,0,0,0,0,0,0
4,0,0,0,0,0,0,0,0,0,0,0,0,0,0,0,0,0,0,0,0,0,0,0,0,0,0,0,0,0,0,0,0,0,0,0,0,0,0,0,0,0,0,0,0,0,0,0,0,0,0,0,0,0,0,0,0,0,0,0,0,0,0,0,0,0,0,0,0,0,0,0,0,0,0,0,0,0,0,0,0,0,0,0,0,0,0,0,0,0,0,0,0,0,0,0,0,0,0,0,0,0,0,0,0,0,0,0,0,0,0,0,0,0,0,0,0,0,0,0,0,0,0,0,0,0,0,0,0,0,0,0,0,0,0,0,0,0,0,0,0,0,0,0,0,0,0,0,0,0,0,0,0,0,0,0,0,0,0,0,0,0,0,0,0,0,0,0,0,0,0,0,0,0,0,0,0,121,255,165,0,0,0,0,0,0,70,254,179,0,0,0,0,0,0,0,0,0,0,0,0,0,0,0,0,131,254,153,0,0,0,0,0,0,106,254,249,50,0,0,0,0,0,0,0,0,0,0,0,0,0,0,0,216,254,105,0,0,0,0,0,0,140,254,240,37,0,0,0,0,0,0,0,0,0,0,0,0,0,0,14,225,254,84,0,0,0,0,0,85,233,254,215,0,0,0,0,0,0,0,0,0,0,0,0,0,0,0,58,254,254,46,0,0,0,0,8,186,254,254,206,0,0,0,0,0,0,0,0,0,0,0,0,0,0,0,58,254,254,9,0,0,0,0,146,254,254,254,120,0,0,0,0,0,0,0,0,0,0,0,0,0,0,0,150,254,254,9,0,0,0,127,251,254,254,239,22,0,0,0,0,0,0,0,0,0,0,0,0,0,0,0,153,254,254,9,0,0,92,246,254,254,254,181,0,0,0,0,0,0,0,0,0,0,0,0,0,0,0,0,105,241,254,40,0,27,244,254,254,254,254,150,0,0,0,0,0,0,0,0,0,0,0,0,0,0,0,0,0,161,254,169,100,244,254,254,254,254,252,70,0,0,0,0,0,0,0,0,0,0,0,0,0,0,0,0,0,68,176,253,254,254,245,167,254,254,202,0,0,0,0,0,0,0,0,0,0,0,0,0,0,0,0,0,0,0,0,99,177,146,35,110,254,254,148,0,0,0,0,0,0,0,0,0,0,0,0,0,0,0,0,0,0,0,0,0,0,0,0,206,254,254,131,0,0,0,0,0,0,0,0,0,0,0,0,0,0,0,0,0,0,0,0,0,0,0,0,130,254,219,11,0,0,0,0,0,0,0,0,0,0,0,0,0,0,0,0,0,0,0,0,0,0,0,0,174,254,210,0,0,0,0,0,0,0,0,0,0,0,0,0,0,0,0,0,0,0,0,0,0,0,0,0,155,254,124,0,0,0,0,0,0,0,0,0,0,0,0,0,0,0,0,0,0,0,0,0,0,0,0,0,185,254,115,0,0,0,0,0,0,0,0,0,0,0,0,0,0,0,0,0,0,0,0,0,0,0,0,0,206,254,115,0,0,0,0,0,0,0,0,0,0,0,0,0,0,0,0,0,0,0,0,0,0,0,0,0,194,254,115,0,0,0,0,0,0,0,0,0,0,0,0,0,0,0,0,0,0,0,0,0,0,0,0,0,27,192,115,0,0,0,0,0,0,0,0,0,0,0,0,0,0,0,0,0,0,0,0,0,0,0,0,0,0,0,0,0,0,0,0,0,0,0,0,0,0,0,0,0,0,0,0,0,0,0,0,0,0,0,0,0,0,0,0,0,0,0,0,0,0,0,0,0,0,0
2,0,0,0,0,0,0,0,0,0,0,0,0,0,0,0,0,0,0,0,0,0,0,0,0,0,0,0,0,0,0,0,0,0,0,0,0,0,0,0,0,0,0,0,0,0,0,0,0,0,0,0,0,0,0,0,0,0,0,0,0,0,0,0,0,0,0,0,0,0,0,0,0,0,0,0,0,0,0,0,0,0,0,0,0,0,0,0,0,0,0,0,0,0,0,0,0,0,0,0,0,0,0,0,0,0,0,0,0,0,0,0,0,0,0,0,0,0,0,0,0,0,0,0,0,0,0,41,102,102,0,0,0,0,0,0,0,0,0,0,0,0,0,0,0,0,0,0,0,0,0,0,0,0,0,82,214,253,163,0,0,0,0,0,0,0,0,0,0,0,0,0,0,0,0,0,0,0,0,0,0,0,0,0,31,232,223,20,0,0,0,0,0,0,0,0,0,0,0,0,0,0,0,0,0,0,0,0,0,0,0,0,0,203,244,40,0,0,0,0,0,0,0,0,0,0,0,0,0,0,0,0,0,0,0,0,0,0,0,0,41,243,162,0,0,0,0,0,0,0,0,0,0,0,0,0,0,0,0,0,0,0,0,0,0,0,0,0,72,253,41,0,0,0,0,0,0,0,0,0,0,0,0,0,0,0,0,0,0,0,0,0,0,0,0,41,233,212,0,0,0,0,0,0,0,0,0,0,0,0,0,0,0,0,0,0,0,0,0,0,0,0,11,173,224,20,0,0,0,0,0,0,0,0,0,0,0,0,0,0,0,0,0,0,0,0,0,0,0,0,132,252,162,0,0,0,0,0,0,0,0,0,0,0,0,0,0,0,0,0,0,0,0,0,0,0,0,21,254,192,0,0,0,0,0,0,0,0,0,0,0,0,0,0,0,0,0,0,0,0,0,0,0,0,21,203,233,50,0,0,0,0,0,0,0,0,0,0,0,0,0,0,0,0,0,0,0,0,0,0,0,0,132,253,102,0,31,51,51,51,113,112,113,152,132,10,0,0,0,0,0,0,0,0,0,0,0,0,0,82,253,252,223,203,233,252,253,252,253,252,253,252,253,91,0,0,0,0,0,0,0,0,0,0,11,51,173,253,254,253,254,213,102,102,0,0,0,0,0,0,163,203,0,0,0,0,0,0,0,0,0,123,213,252,253,252,192,111,50,10,0,0,0,0,0,0,0,0,0,40,0,0,0,0,0,0,0,0,173,253,255,253,224,40,0,0,0,0,0,0,0,0,0,0,0,0,0,0,0,0,0,0,0,0,0,0,253,252,253,130,20,0,0,0,0,0,0,0,0,0,0,0,0,0,0,0,0,0,0,0,0,0,0,0,102,102,41,0,0,0,0,0,0,0,0,0,0,0,0,0,0,0,0,0,0,0,0,0,0,0,0,0,0,0,0,0,0,0,0,0,0,0,0,0,0,0,0,0,0,0,0,0,0,0,0,0,0,0,0,0,0,0,0,0,0,0,0,0,0,0,0,0,0,0,0,0,0,0,0,0,0,0,0,0,0,0,0,0,0,0,0,0,0,0,0,0,0,0,0,0,0,0,0,0,0,0,0,0,0,0,0,0,0,0,0,0,0,0,0,0,0,0,0,0,0,0,0,0,0,0,0,0,0,0,0,0,0,0,0,0,0,0,0,0,0,0,0,0,0,0,0,0,0,0,0,0,0,0,0,0,0,0,0,0,0,0,0,0,0,0,0,0,0,0,0,0,0,0,0,0,0,0,0,0,0,0,0,0,0,0,0,0,0,0,0
3,0,0,0,0,0,0,0,0,0,0,0,0,0,0,0,0,0,0,0,0,0,0,0,0,0,0,0,0,0,0,0,0,0,0,0,0,0,0,0,0,0,0,0,0,0,0,0,0,0,0,0,0,0,0,0,0,0,0,0,0,0,0,0,0,0,0,0,0,0,0,0,0,0,0,0,0,0,0,0,0,0,0,0,0,0,0,0,0,0,0,0,0,0,0,0,0,0,0,0,0,0,0,0,0,0,0,0,0,0,0,0,0,0,0,0,0,0,0,0,0,0,23,151,255,254,163,32,0,0,0,0,0,0,0,0,0,0,0,0,0,0,0,0,0,0,0,0,0,23,211,253,253,253,253,68,0,0,0,0,0,0,0,0,0,0,0,0,0,0,0,0,0,0,0,0,0,155,241,152,135,248,253,185,0,0,0,0,0,0,0,0,0,0,0,0,0,0,0,0,0,0,0,0,0,140,84,0,0,162,247,192,6,0,0,0,0,0,0,0,0,0,0,0,0,0,0,0,0,0,0,0,0,0,0,0,0,7,194,253,55,0,0,0,0,0,0,0,0,0,0,0,0,0,0,0,0,0,0,0,0,0,0,0,0,56,253,253,55,0,0,0,0,0,0,0,0,0,0,0,0,0,0,0,0,0,0,0,0,0,0,0,0,78,253,208,19,0,0,0,0,0,0,0,0,0,0,0,0,0,0,0,0,0,0,0,0,0,0,0,0,180,253,185,0,0,0,0,0,0,0,0,0,0,0,0,0,0,0,0,0,0,0,0,0,0,0,0,36,232,253,200,56,11,0,0,0,0,0,0,0,0,0,0,0,0,0,0,0,0,0,0,0,0,0,0,50,253,253,253,253,159,41,0,0,0,0,0,0,0,0,0,0,0,0,0,0,0,0,0,0,0,0,0,37,185,235,253,253,253,190,10,0,0,0,0,0,0,0,0,0,0,0,0,0,0,0,0,0,0,0,0,0,0,41,89,201,253,253,206,24,0,0,0,0,0,0,0,0,0,0,0,0,0,0,0,0,0,0,0,0,0,0,0,15,214,253,253,30,0,0,0,0,0,0,0,0,0,0,0,0,0,0,0,0,0,0,0,0,0,0,0,0,205,253,253,30,0,0,0,0,0,0,0,0,0,0,0,0,0,0,0,0,0,0,0,0,0,0,26,129,246,253,219,19,0,0,0,0,0,0,0,0,0,0,0,0,0,0,0,0,0,0,0,0,0,74,202,253,253,219,37,0,0,0,0,0,0,0,0,0,0,0,0,0,0,0,0,0,0,0,0,97,230,247,253,253,168,37,0,0,0,0,0,0,0,0,0,0,0,0,0,0,0,0,0,0,0,0,96,248,253,253,253,129,4,0,0,0,0,0,0,0,0,0,0,0,0,0,0,0,0,0,0,0,0,0,167,253,253,253,130,3,0,0,0,0,0,0,0,0,0,0,0,0,0,0,0,0,0,0,0,0,0,0,107,253,226,38,2,0,0,0,0,0,0,0,0,0,0,0,0,0,0,0,0,0,0,0,0,0,0,0,0,0,0,0,0,0,0,0,0,0,0,0,0,0,0,0,0,0,0,0,0,0,0,0,0,0,0,0,0,0,0,0,0,0,0,0,0,0,0,0,0,0,0,0,0,0,0,0,0,0,0,0,0,0,0,0,0,0,0,0,0,0,0,0,0,0,0,0,0,0,0,0,0,0,0,0,0,0,0,0,0,0,0,0,0,0,0,0,0,0,0,0,0,0,0,0,0,0,0,0,0,0
5,0,0,0,0,0,0,0,0,0,0,0,0,0,0,0,0,0,0,0,0,0,0,0,0,0,0,0,0,0,0,0,0,0,0,0,0,0,0,0,0,0,0,0,0,0,0,0,0,0,0,0,0,0,0,0,0,0,0,0,0,0,0,0,0,0,0,0,0,0,0,0,0,0,0,0,0,0,0,0,0,0,0,0,0,0,0,0,0,0,0,0,0,0,0,0,0,0,0,0,0,0,0,0,0,0,0,0,0,0,0,0,0,0,0,0,0,0,0,0,0,0,0,0,0,0,0,0,0,0,0,0,0,0,0,0,0,0,0,0,0,0,0,0,0,0,0,0,0,0,0,0,0,163,193,152,92,51,51,51,51,31,0,0,0,0,0,0,0,0,0,0,0,0,0,0,0,0,0,0,21,223,253,252,253,252,253,252,253,192,82,0,0,0,0,0,0,0,0,0,0,0,0,0,0,0,0,0,51,253,102,0,21,102,62,102,102,61,183,40,0,0,0,0,0,0,0,0,0,0,0,0,0,0,0,0,51,252,102,0,0,0,0,0,0,0,61,0,0,0,0,0,0,0,0,0,0,0,0,0,0,0,0,0,51,253,102,0,0,0,0,0,0,0,0,0,0,0,0,0,0,0,0,0,0,0,0,0,0,0,0,0,92,252,102,0,0,0,0,0,0,0,0,0,0,0,0,0,0,0,0,0,0,0,0,0,0,0,0,0,173,253,102,0,0,0,0,0,0,0,0,0,0,0,0,0,0,0,0,0,0,0,0,0,0,0,0,0,253,252,223,203,203,203,82,0,0,0,0,0,0,0,0,0,0,0,0,0,0,0,0,0,0,0,0,123,254,253,224,203,203,223,254,71,0,0,0,0,0,0,0,0,0,0,0,0,0,0,0,0,0,0,41,243,253,130,20,0,0,20,253,232,41,0,0,0,0,0,0,0,0,0,0,0,0,0,0,0,0,0,152,253,183,0,0,0,0,0,132,253,102,0,0,0,0,0,0,0,0,0,0,0,0,0,0,0,0,0,51,151,20,0,0,0,0,0,51,252,102,0,0,0,0,0,0,0,0,0,0,0,0,0,0,0,0,0,21,0,0,0,0,0,0,0,113,253,102,0,0,0,0,0,0,0,0,0,0,0,0,0,0,0,0,82,183,0,0,0,0,0,0,0,193,252,102,0,0,0,0,0,0,0,0,0,0,0,0,0,0,0,0,203,183,0,0,0,0,0,0,21,254,253,41,0,0,0,0,0,0,0,0,0,0,0,0,0,0,0,21,223,102,0,0,0,0,0,21,203,253,130,0,0,0,0,0,0,0,0,0,0,0,0,0,0,0,0,0,204,123,0,0,0,0,41,173,253,203,20,0,0,0,0,0,0,0,0,0,0,0,0,0,0,0,0,0,162,223,102,21,102,163,243,253,171,20,0,0,0,0,0,0,0,0,0,0,0,0,0,0,0,0,0,0,41,234,253,255,253,255,172,82,0,0,0,0,0,0,0,0,0,0,0,0,0,0,0,0,0,0,0,0,0,30,131,192,111,50,10,0,0,0,0,0,0,0,0,0,0,0,0,0,0,0,0,0,0,0,0,0,0,0,0,0,0,0,0,0,0,0,0,0,0,0,0,0,0,0,0,0,0,0,0,0,0,0,0,0,0,0,0,0,0,0,0,0,0,0,0,0,0,0,0,0,0,0,0,0,0,0,0,0,0,0,0,0,0,0,0,0,0,0,0,0,0,0,0,0,0,0,0,0,0,0,0,0
1,0,0,0,0,0,0,0,0,0,0,0,0,0,0,0,0,0,0,0,0,0,0,0,0,0,0,0,0,0,0,0,0,0,0,0,0,0,0,0,0,0,0,0,0,0,0,0,0,0,0,0,0,0,0,0,0,0,0,0,0,0,0,0,0,0,0,0,0,0,0,0,0,0,0,0,0,0,0,0,0,0,0,0,0,0,0,0,0,0,0,0,0,0,0,0,0,0,0,0,0,0,0,0,0,0,0,0,0,0,0,0,0,0,0,0,0,0,0,0,0,0,0,151,253,167,9,0,0,0,0,0,0,0,0,0,0,0,0,0,0,0,0,0,0,0,0,0,0,0,25,222,252,252,66,0,0,0,0,0,0,0,0,0,0,0,0,0,0,0,0,0,0,0,0,0,0,0,0,198,252,252,187,13,0,0,0,0,0,0,0,0,0,0,0,0,0,0,0,0,0,0,0,0,0,0,0,140,252,252,252,90,0,0,0,0,0,0,0,0,0,0,0,0,0,0,0,0,0,0,0,0,0,0,0,70,248,252,252,142,0,0,0,0,0,0,0,0,0,0,0,0,0,0,0,0,0,0,0,0,0,0,0,0,193,252,252,229,39,0,0,0,0,0,0,0,0,0,0,0,0,0,0,0,0,0,0,0,0,0,0,0,69,252,252,252,211,0,0,0,0,0,0,0,0,0,0,0,0,0,0,0,0,0,0,0,0,0,0,0,10,235,252,252,226,14,0,0,0,0,0,0,0,0,0,0,0,0,0,0,0,0,0,0,0,0,0,0,0,121,252,252,253,77,0,0,0,0,0,0,0,0,0,0,0,0,0,0,0,0,0,0,0,0,0,0,0,6,195,252,253,201,19,0,0,0,0,0,0,0,0,0,0,0,0,0,0,0,0,0,0,0,0,0,0,0,188,253,255,253,44,0,0,0,0,0,0,0,0,0,0,0,0,0,0,0,0,0,0,0,0,0,0,0,158,252,253,252,121,0,0,0,0,0,0,0,0,0,0,0,0,0,0,0,0,0,0,0,0,0,0,0,78,252,253,252,192,4,0,0,0,0,0,0,0,0,0,0,0,0,0,0,0,0,0,0,0,0,0,0,4,212,253,252,252,116,0,0,0,0,0,0,0,0,0,0,0,0,0,0,0,0,0,0,0,0,0,0,0,111,253,252,252,192,0,0,0,0,0,0,0,0,0,0,0,0,0,0,0,0,0,0,0,0,0,0,0,72,253,252,252,238,31,0,0,0,0,0,0,0,0,0,0,0,0,0,0,0,0,0,0,0,0,0,0,0,200,252,252,252,140,0,0,0,0,0,0,0,0,0,0,0,0,0,0,0,0,0,0,0,0,0,0,0,125,252,252,252,197,0,0,0,0,0,0,0,0,0,0,0,0,0,0,0,0,0,0,0,0,0,0,0,34,252,252,252,116,0,0,0,0,0,0,0,0,0,0,0,0,0,0,0,0,0,0,0,0,0,0,0,5,110,233,243,50,0,0,0,0,0,0,0,0,0,0,0,0,0,0,0,0,0,0,0,0,0,0,0,0,0,0,0,0,0,0,0,0,0,0,0,0,0,0,0,0,0,0,0,0,0,0,0,0,0,0,0,0,0,0,0,0,0,0,0,0,0,0,0,0,0,0,0,0,0,0,0,0,0,0,0,0,0,0,0,0,0,0,0,0,0,0,0,0,0,0,0,0,0,0,0,0,0,0,0,0,0,0,0,0,0,0,0,0,0,0,0,0,0,0,0,0,0,0,0,0
2,0,0,0,0,0,0,0,0,0,0,0,0,0,0,0,0,0,0,0,0,0,0,0,0,0,0,0,0,0,0,0,0,0,0,0,0,0,0,0,0,0,0,0,0,0,0,0,0,0,0,0,0,0,0,0,0,0,0,0,0,0,0,0,0,0,76,174,226,255,185,53,0,0,0,0,0,0,0,0,0,0,0,0,0,0,0,0,0,0,0,0,0,0,222,83,68,74,186,243,122,0,0,0,0,0,0,0,0,0,0,0,0,0,0,0,0,0,0,0,0,0,95,11,0,0,7,114,242,97,0,0,0,0,0,0,0,0,0,0,0,0,0,0,0,0,0,0,0,0,0,0,0,0,0,7,114,222,24,0,0,0,0,0,0,0,0,0,0,0,0,0,0,0,0,0,0,0,0,0,0,0,0,0,24,219,167,0,0,0,0,0,0,0,0,0,0,0,0,0,0,0,0,0,0,0,0,0,0,0,0,0,0,71,223,2,0,0,0,0,0,0,0,0,0,0,0,0,0,0,0,0,0,0,0,0,0,0,0,0,0,44,249,84,0,0,0,0,0,0,0,0,0,0,0,0,0,0,0,0,0,0,0,0,0,0,0,0,0,0,182,165,0,0,0,0,0,0,0,0,0,0,0,0,0,0,0,0,0,0,0,0,0,0,0,0,0,0,218,165,0,0,0,0,0,0,0,0,0,0,0,0,0,0,0,0,0,0,0,0,0,0,0,0,0,11,241,165,0,0,0,0,0,0,0,0,0,0,0,0,0,0,0,0,0,0,0,0,0,0,0,0,0,65,254,97,0,0,0,0,0,0,0,0,0,0,0,0,0,0,0,0,0,0,0,0,0,0,0,0,0,65,254,38,0,0,0,0,0,0,0,0,0,0,0,0,0,0,0,0,0,0,0,72,79,102,20,0,0,165,181,1,0,0,0,0,0,0,0,0,0,0,0,0,0,0,0,0,0,20,159,242,246,246,242,119,59,253,95,0,0,0,0,0,0,0,0,0,0,0,0,0,0,0,0,0,0,187,223,35,0,5,116,243,254,207,5,0,0,0,0,0,0,0,0,0,0,0,0,0,0,0,0,0,28,243,103,0,0,0,0,81,254,218,18,0,0,0,0,0,0,0,0,0,0,0,0,0,0,0,0,0,63,254,32,0,0,0,78,244,214,226,200,16,0,0,0,0,0,0,0,0,0,0,0,0,0,0,0,0,37,254,50,0,56,93,245,214,30,42,227,202,58,0,0,0,0,0,0,0,0,0,0,0,0,0,0,0,4,192,241,230,253,254,167,29,0,0,40,134,244,184,69,32,0,0,0,0,0,0,0,0,0,0,0,0,0,22,137,173,94,12,3,0,0,0,0,1,102,209,240,54,0,0,0,0,0,0,0,0,0,0,0,0,0,0,0,0,0,0,0,0,0,0,0,0,0,0,0,0,0,0,0,0,0,0,0,0,0,0,0,0,0,0,0,0,0,0,0,0,0,0,0,0,0,0,0,0,0,0,0,0,0,0,0,0,0,0,0,0,0,0,0,0,0,0,0,0,0,0,0,0,0,0,0,0,0,0,0,0,0,0,0,0,0,0,0,0,0,0,0,0,0,0,0,0,0,0,0,0,0,0,0,0,0,0,0,0,0,0,0,0,0,0,0,0,0,0,0,0,0,0,0,0,0,0,0,0,0,0,0,0,0,0,0,0,0,0,0,0,0,0,0,0,0,0,0,0,0,0,0,0,0,0,0,0,0,0,0,0,0,0,0,0,0
4,0,0,0,0,0,0,0,0,0,0,0,0,0,0,0,0,0,0,0,0,0,0,0,0,0,0,0,0,0,0,0,0,0,0,0,0,0,0,0,0,0,0,0,0,0,0,0,0,0,0,0,0,0,0,0,0,0,0,0,0,0,0,0,0,0,0,0,0,0,0,0,0,0,0,0,0,0,0,0,0,0,0,0,0,0,0,0,0,0,0,0,0,0,0,0,0,0,0,0,0,0,0,0,0,0,0,0,0,0,0,0,0,0,0,0,0,0,0,0,0,0,0,0,0,0,0,0,0,0,0,0,0,0,0,0,0,0,0,0,0,0,0,0,0,0,0,0,0,0,0,0,0,0,0,0,0,0,0,0,0,0,0,0,0,0,0,0,0,0,0,0,0,0,0,0,0,0,4,111,133,82,1,0,0,0,3,100,168,214,19,0,0,0,0,0,0,0,0,0,0,0,0,0,0,0,85,253,253,253,11,0,0,4,127,253,253,253,36,0,0,0,0,0,0,0,0,0,0,0,0,0,0,56,231,253,253,238,10,0,0,37,253,253,253,253,111,0,0,0,0,0,0,0,0,0,0,0,0,0,0,182,253,253,253,144,0,0,0,37,253,253,253,253,133,0,0,0,0,0,0,0,0,0,0,0,0,0,64,233,253,253,253,58,0,0,0,37,253,253,253,253,36,0,0,0,0,0,0,0,0,0,0,0,0,11,194,253,253,253,253,24,0,4,85,202,253,253,253,253,36,0,0,0,0,0,0,0,0,0,0,0,0,37,253,253,253,253,253,101,85,209,253,253,253,253,253,184,7,0,0,0,0,0,0,0,0,0,0,0,0,141,253,253,253,253,253,253,253,254,253,253,253,253,253,65,0,0,0,0,0,0,0,0,0,0,0,0,0,106,253,253,253,253,253,253,253,254,253,253,253,253,187,5,0,0,0,0,0,0,0,0,0,0,0,0,0,37,253,253,253,253,253,253,253,254,253,253,253,253,180,0,0,0,0,0,0,0,0,0,0,0,0,0,0,35,248,242,149,220,242,242,242,244,254,254,255,254,175,0,0,0,0,0,0,0,0,0,0,0,0,0,0,0,52,0,0,0,0,0,0,6,191,253,253,253,60,0,0,0,0,0,0,0,0,0,0,0,0,0,0,0,0,0,0,0,0,0,0,0,145,253,253,253,77,0,0,0,0,0,0,0,0,0,0,0,0,0,0,0,0,0,0,0,0,0,0,9,218,253,253,253,180,0,0,0,0,0,0,0,0,0,0,0,0,0,0,0,0,0,0,0,0,0,0,42,253,253,253,253,151,0,0,0,0,0,0,0,0,0,0,0,0,0,0,0,0,0,0,0,0,0,0,226,253,253,253,253,60,0,0,0,0,0,0,0,0,0,0,0,0,0,0,0,0,0,0,0,0,0,99,254,253,253,253,253,60,0,0,0,0,0,0,0,0,0,0,0,0,0,0,0,0,0,0,0,0,0,122,254,253,253,253,230,37,0,0,0,0,0,0,0,0,0,0,0,0,0,0,0,0,0,0,0,0,0,12,254,253,253,253,83,0,0,0,0,0,0,0,0,0,0,0,0,0,0,0,0,0,0,0,0,0,0,0,254,253,160,11,4,0,0,0,0,0,0,0,0,0,0,0,0,0,0,0,0,0,0,0,0,0,0,0,0,0,0,0,0,0,0,0,0,0,0,0,0,0,0,0,0,0,0,0,0,0,0,0,0,0,0,0,0,0,0,0,0,0,0,0,0,0,0,0,0,0
4,0,0,0,0,0,0,0,0,0,0,0,0,0,0,0,0,0,0,0,0,0,0,0,0,0,0,0,0,0,0,0,0,0,0,0,0,0,0,0,0,0,0,0,0,0,0,0,0,0,0,0,0,0,0,0,0,0,0,0,0,0,0,0,0,0,0,0,0,0,0,0,0,0,0,0,0,0,0,0,0,0,0,0,0,0,0,0,0,0,0,0,0,0,0,0,0,0,0,0,0,0,0,0,0,0,0,0,0,0,0,0,0,0,0,0,0,0,0,0,0,0,0,0,0,0,0,0,0,0,0,0,0,0,0,0,0,0,0,0,0,0,0,0,0,0,0,0,113,213,0,0,0,0,0,0,0,0,11,51,0,0,0,0,0,0,0,0,0,0,0,0,0,0,0,0,233,252,0,0,0,0,0,0,0,0,51,252,82,0,0,0,0,0,0,0,0,0,0,0,0,0,0,0,255,253,0,0,0,0,0,0,0,0,51,253,163,0,0,0,0,0,0,0,0,0,0,0,0,0,0,0,253,252,41,0,0,0,0,0,0,0,51,252,223,20,0,0,0,0,0,0,0,0,0,0,0,0,0,0,255,253,102,0,0,0,0,0,0,0,51,253,254,50,0,0,0,0,0,0,0,0,0,0,0,0,0,0,253,252,102,0,0,0,0,0,0,0,51,252,253,50,0,0,0,0,0,0,0,0,0,0,0,0,0,0,254,253,102,0,0,0,0,0,0,0,51,253,254,50,52,131,0,0,0,0,0,0,0,0,0,0,0,0,253,252,61,0,0,0,0,0,0,0,92,252,213,51,193,151,0,0,0,0,0,0,0,0,0,0,0,0,254,253,102,0,0,0,0,0,0,0,152,253,254,253,203,20,0,0,0,0,0,0,0,0,0,0,0,0,253,252,102,0,0,0,0,0,0,41,193,252,253,212,20,0,0,0,0,0,0,0,0,0,0,0,0,0,193,253,254,131,51,51,51,132,214,253,254,253,254,50,0,0,0,0,0,0,0,0,0,0,0,0,0,0,51,232,253,252,253,252,253,252,253,252,253,252,213,10,0,0,0,0,0,0,0,0,0,0,0,0,0,0,0,82,234,253,254,253,244,203,142,102,254,253,183,0,0,0,0,0,0,0,0,0,0,0,0,0,0,0,0,0,30,50,50,50,40,0,0,0,253,252,102,0,0,0,0,0,0,0,0,0,0,0,0,0,0,0,0,0,0,0,0,0,0,0,0,0,152,253,203,0,0,0,0,0,0,0,0,0,0,0,0,0,0,0,0,0,0,0,0,0,0,0,0,0,233,252,122,0,0,0,0,0,0,0,0,0,0,0,0,0,0,0,0,0,0,0,0,0,0,0,0,0,255,253,103,0,0,0,0,0,0,0,0,0,0,0,0,0,0,0,0,0,0,0,0,0,0,0,0,0,253,252,102,0,0,0,0,0,0,0,0,0,0,0,0,0,0,0,0,0,0,0,0,0,0,0,0,0,173,253,103,0,0,0,0,0,0,0,0,0,0,0,0,0,0,0,0,0,0,0,0,0,0,0,0,0,10,172,61,0,0,0,0,0,0,0,0,0,0,0,0,0,0,0,0,0,0,0,0,0,0,0,0,0,0,0,0,0,0,0,0,0,0,0,0,0,0,0,0,0,0,0,0,0,0,0,0,0,0,0,0,0,0,0,0,0,0,0,0,0,0,0,0,0,0,0,0,0,0,0,0,0,0,0,0,0,0,0,0,0,0,0,0,0,0,0,0,0,0,0,0
6,0,0,0,0,0,0,0,0,0,0,0,0,0,0,0,0,0,0,0,0,0,0,0,0,0,0,0,0,0,0,0,0,0,0,0,0,0,0,0,0,0,0,0,0,0,0,0,0,0,0,0,0,0,0,0,0,0,0,0,0,0,0,0,0,0,0,0,0,0,0,0,0,0,0,0,0,0,0,0,0,0,0,0,0,0,0,0,0,0,0,0,0,0,0,0,0,0,0,0,0,35,156,246,58,0,0,0,0,0,0,0,0,0,0,0,0,0,0,0,0,0,0,0,0,0,0,0,28,217,253,250,54,0,0,0,0,0,0,0,0,0,0,0,0,0,0,0,0,0,0,0,0,0,0,0,127,253,253,153,0,0,0,0,0,0,0,0,0,0,0,0,0,0,0,0,0,0,0,0,0,0,0,53,246,253,195,9,0,0,0,0,0,0,0,0,0,0,0,0,0,0,0,0,0,0,0,0,0,0,0,135,254,200,18,0,0,0,0,0,0,0,0,0,0,0,0,0,0,0,0,0,0,0,0,0,0,0,100,254,241,30,0,0,0,0,0,0,0,0,0,0,0,0,0,0,0,0,0,0,0,0,0,0,0,7,183,253,105,0,0,0,0,0,0,0,0,0,0,0,0,0,0,0,0,0,0,0,0,0,0,0,0,79,253,185,0,0,0,0,0,0,0,0,0,0,0,0,0,0,0,0,0,0,0,0,0,0,0,0,191,134,216,34,0,0,0,0,0,0,0,0,0,0,0,0,0,0,0,0,0,0,0,0,0,0,0,46,244,253,79,0,0,0,0,0,0,0,0,0,0,0,0,0,0,0,0,0,0,0,0,0,0,0,0,217,254,183,8,0,0,0,41,27,0,0,0,0,0,0,0,0,0,0,0,0,0,0,0,0,0,0,0,254,253,78,0,16,140,214,241,217,72,0,0,0,0,0,0,0,0,0,0,0,0,0,0,0,0,0,61,254,247,54,0,135,152,166,253,253,223,0,0,0,0,0,0,0,0,0,0,0,0,0,0,0,0,0,195,254,180,0,0,0,0,12,223,253,253,76,0,0,0,0,0,0,0,0,0,0,0,0,0,0,0,0,195,254,99,0,0,0,0,20,253,253,215,0,0,0,0,0,0,0,0,0,0,0,0,0,0,0,0,0,196,255,136,0,0,0,0,20,254,254,133,0,0,0,0,0,0,0,0,0,0,0,0,0,0,0,0,0,195,254,190,88,2,0,5,76,253,250,54,0,0,0,0,0,0,0,0,0,0,0,0,0,0,0,0,0,128,223,253,253,166,79,156,253,253,146,0,0,0,0,0,0,0,0,0,0,0,0,0,0,0,0,0,0,8,72,202,253,253,253,254,253,225,23,0,0,0,0,0,0,0,0,0,0,0,0,0,0,0,0,0,0,0,0,5,58,200,215,193,73,18,0,0,0,0,0,0,0,0,0,0,0,0,0,0,0,0,0,0,0,0,0,0,0,0,0,0,0,0,0,0,0,0,0,0,0,0,0,0,0,0,0,0,0,0,0,0,0,0,0,0,0,0,0,0,0,0,0,0,0,0,0,0,0,0,0,0,0,0,0,0,0,0,0,0,0,0,0,0,0,0,0,0,0,0,0,0,0,0,0,0,0,0,0,0,0,0,0,0,0,0,0,0,0,0,0,0,0,0,0,0,0,0,0,0,0,0,0,0,0,0,0,0,0,0,0,0,0,0,0,0,0,0,0,0,0,0,0,0,0,0,0,0,0,0,0,0,0,0,0,0
3,0,0,0,0,0,0,0,0,0,0,0,0,0,0,0,0,0,0,0,0,0,0,0,0,0,0,0,0,0,0,0,0,0,0,0,0,0,0,0,0,0,0,0,0,0,0,0,0,0,0,0,0,0,0,0,0,0,0,0,0,0,0,0,0,0,0,0,0,0,0,0,0,0,0,0,0,0,0,0,0,0,0,0,0,0,0,0,0,0,0,0,0,0,0,0,0,0,0,0,0,0,0,0,0,0,0,0,0,0,0,0,0,0,0,0,0,0,0,0,0,0,0,0,0,0,0,0,0,0,0,0,0,0,0,0,0,0,0,0,0,0,0,0,0,0,0,0,0,0,0,0,0,0,0,0,0,0,0,0,0,0,0,0,0,0,0,0,0,0,0,0,0,25,60,60,131,209,209,209,209,209,209,211,174,60,32,0,0,0,0,0,0,0,0,0,0,0,0,0,0,202,253,253,253,253,253,253,253,253,253,254,253,253,211,28,0,0,0,0,0,0,0,0,0,0,0,0,0,254,253,253,253,253,253,253,253,253,253,254,253,253,253,178,0,0,0,0,0,0,0,0,0,0,0,0,0,91,178,178,178,178,178,99,29,29,29,91,240,253,253,178,0,0,0,0,0,0,0,0,0,0,0,0,0,0,0,0,0,0,0,0,0,0,0,93,240,253,253,160,0,0,0,0,0,0,0,0,0,0,0,0,0,0,0,0,0,0,0,0,0,24,134,254,253,253,253,29,0,0,0,0,0,0,0,0,0,0,0,0,0,0,0,0,0,27,90,90,232,242,253,254,253,253,253,109,80,0,0,0,0,0,0,0,0,0,0,0,0,0,0,0,93,212,253,253,253,253,253,254,253,253,253,253,246,116,46,11,0,0,0,0,0,0,0,0,0,0,0,0,120,253,253,253,253,253,253,254,253,253,253,253,253,253,253,147,0,0,0,0,0,0,0,0,0,0,0,0,121,254,254,254,155,124,0,0,0,0,72,149,224,254,255,254,105,0,0,0,0,0,0,0,0,0,0,0,21,44,44,44,3,0,0,0,0,0,0,0,49,225,253,253,139,0,0,0,0,0,0,0,0,0,0,0,0,0,0,0,0,0,0,0,0,0,0,0,0,48,244,253,253,0,0,0,0,0,0,0,0,0,0,0,0,0,72,0,0,0,0,0,0,0,0,0,0,64,246,253,182,0,0,0,0,0,0,0,0,0,0,0,0,67,241,145,4,0,0,0,0,0,0,0,72,240,253,253,104,0,0,0,0,0,0,0,0,0,0,0,0,75,253,253,183,179,179,119,66,179,179,179,232,253,242,196,31,0,0,0,0,0,0,0,0,0,0,0,0,36,214,253,253,253,253,254,253,253,253,253,253,253,163,0,0,0,0,0,0,0,0,0,0,0,0,0,0,0,10,94,163,179,200,255,253,253,253,226,163,163,17,0,0,0,0,0,0,0,0,0,0,0,0,0,0,0,0,0,0,11,24,59,95,111,59,42,0,0,0,0,0,0,0,0,0,0,0,0,0,0,0,0,0,0,0,0,0,0,0,0,0,0,0,0,0,0,0,0,0,0,0,0,0,0,0,0,0,0,0,0,0,0,0,0,0,0,0,0,0,0,0,0,0,0,0,0,0,0,0,0,0,0,0,0,0,0,0,0,0,0,0,0,0,0,0,0,0,0,0,0,0,0,0,0,0,0,0,0,0,0,0,0,0,0,0,0,0,0,0,0,0,0,0,0,0,0,0,0,0,0,0,0,0,0,0,0,0
5,0,0,0,0,0,0,0,0,0,0,0,0,0,0,0,0,0,0,0,0,0,0,0,0,0,0,0,0,0,0,0,0,0,0,0,0,0,0,0,0,0,0,0,0,0,0,0,0,0,0,0,0,0,0,0,0,0,0,0,0,0,0,0,0,0,0,0,0,0,0,0,0,0,0,0,0,0,0,0,0,0,0,0,0,0,0,0,0,0,0,0,0,0,0,0,0,0,0,0,0,0,0,0,0,0,0,0,0,0,0,0,0,0,0,0,0,0,0,0,0,0,0,0,0,0,0,0,0,0,0,0,0,0,0,0,0,0,0,0,0,0,0,0,0,0,0,0,0,0,0,0,0,0,0,0,0,0,0,0,0,0,0,0,9,77,50,0,0,0,0,0,0,0,0,0,0,0,0,0,0,0,0,0,0,0,0,2,63,119,171,242,243,202,98,0,0,0,0,0,0,0,0,0,0,0,0,0,0,0,49,21,0,24,119,204,254,255,227,128,107,7,0,0,0,0,0,0,0,0,0,0,0,0,0,0,30,187,254,232,215,234,254,241,159,74,18,0,0,0,0,0,0,0,0,0,0,0,0,0,0,0,0,18,217,254,254,254,251,221,105,34,0,0,0,0,0,0,0,0,0,0,0,0,0,0,0,0,0,0,18,199,254,254,249,162,66,0,0,0,0,0,0,0,0,0,0,0,0,0,0,0,0,0,0,0,0,0,187,254,254,196,31,0,0,0,0,0,0,0,0,0,0,0,0,0,0,0,0,0,0,0,0,0,0,57,240,254,163,2,0,0,0,0,0,0,0,0,0,0,0,0,0,0,0,0,0,0,0,0,0,0,0,222,254,161,5,0,0,0,0,0,0,0,0,0,0,0,0,0,0,0,0,0,0,0,0,0,0,0,34,242,248,76,34,107,134,218,177,93,26,0,0,0,0,0,0,0,0,0,0,0,0,0,0,0,0,0,117,254,248,241,243,254,235,223,240,254,236,102,0,0,0,0,0,0,0,0,0,0,0,0,0,0,0,0,198,254,254,201,144,58,22,0,31,142,250,233,104,0,0,0,0,0,0,0,0,0,0,0,0,0,0,0,18,151,85,15,0,0,0,0,0,0,132,254,175,1,0,0,0,0,0,0,0,0,0,0,0,0,0,0,0,0,0,0,0,0,0,0,0,0,108,254,254,9,0,0,0,0,0,0,0,0,0,0,0,0,0,0,0,0,0,0,0,0,0,0,0,33,209,254,176,1,0,0,0,0,0,0,0,0,0,0,0,0,0,0,0,0,0,0,0,0,0,0,64,228,254,233,45,0,0,0,0,0,0,0,0,0,0,0,0,0,0,0,0,0,0,0,0,14,98,182,250,254,231,79,0,0,0,0,0,0,0,0,0,0,0,0,0,0,0,28,27,27,103,117,151,222,254,254,240,142,28,0,0,0,0,0,0,0,0,0,0,0,0,0,0,0,0,242,249,250,253,247,245,241,184,100,30,0,0,0,0,0,0,0,0,0,0,0,0,0,0,0,0,0,0,0,46,49,65,34,20,0,0,0,0,0,0,0,0,0,0,0,0,0,0,0,0,0,0,0,0,0,0,0,0,0,0,0,0,0,0,0,0,0,0,0,0,0,0,0,0,0,0,0,0,0,0,0,0,0,0,0,0,0,0,0,0,0,0,0,0,0,0,0,0,0,0,0,0,0,0,0,0,0,0,0,0,0,0,0,0,0,0,0,0,0,0,0,0,0,0,0,0,0,0,0,0,0,0,0,0
5,0,0,0,0,0,0,0,0,0,0,0,0,0,0,0,0,0,0,0,0,0,0,0,0,0,0,0,0,0,0,0,0,0,0,0,0,0,0,0,0,0,0,0,0,0,0,0,0,0,0,0,0,0,0,0,0,0,0,0,0,0,0,0,0,0,0,0,0,0,0,0,0,0,0,0,0,0,0,0,0,0,0,0,0,0,0,0,0,0,0,0,0,0,0,0,0,0,0,0,0,0,0,0,0,0,0,0,0,0,0,0,0,0,0,0,0,0,0,0,0,0,0,0,0,0,0,38,154,215,241,77,0,0,0,0,0,0,0,0,0,0,0,0,0,0,0,0,0,0,0,0,0,0,81,233,177,70,23,0,0,0,0,0,0,0,0,0,0,0,0,0,0,0,0,0,0,52,146,146,149,177,224,115,0,0,0,0,0,0,0,0,0,0,0,0,0,0,0,0,0,0,0,0,0,221,207,161,184,106,43,0,0,0,0,0,0,0,0,0,0,0,0,0,0,0,0,0,0,0,0,0,11,248,62,0,0,0,0,0,0,0,0,0,0,0,0,0,0,0,0,0,0,0,0,0,0,0,0,0,53,252,62,0,0,0,0,0,0,0,0,0,0,0,0,0,0,0,0,0,0,0,0,0,0,0,0,0,68,253,62,0,0,0,0,0,0,0,0,0,0,0,0,0,0,0,0,0,0,0,0,0,0,0,0,0,146,254,62,0,0,4,31,13,32,55,31,1,0,0,0,0,0,0,0,0,0,0,0,0,0,0,0,0,107,254,62,14,83,214,254,226,254,254,254,181,65,0,0,0,0,0,0,0,0,0,0,0,0,0,0,0,70,254,154,225,251,167,84,70,23,23,91,179,250,105,0,0,0,0,0,0,0,0,0,0,0,0,0,0,22,204,220,154,33,0,0,0,0,0,0,0,110,255,53,0,0,0,0,0,0,0,0,0,0,0,0,0,0,0,0,0,0,0,0,0,0,0,0,0,9,210,230,0,0,0,0,0,0,0,0,0,0,0,0,0,0,0,0,0,0,0,0,0,0,0,0,0,0,95,250,40,0,0,0,0,0,0,0,0,0,0,0,0,0,0,0,0,0,0,0,0,0,0,0,0,0,62,254,69,0,0,0,0,0,0,0,0,0,0,0,0,0,0,0,0,0,0,0,0,0,0,0,0,0,74,248,17,0,0,0,0,0,0,0,0,0,0,0,0,0,0,0,0,0,0,0,0,0,0,0,0,0,181,246,0,0,0,0,0,0,0,0,0,0,0,0,0,0,1,31,0,0,0,0,0,0,0,0,1,18,229,192,0,0,0,0,0,0,0,0,0,0,0,0,0,0,14,236,78,2,0,0,0,0,0,18,161,233,185,9,0,0,0,0,0,0,0,0,0,0,0,0,0,0,0,114,254,90,32,12,55,85,168,234,234,129,7,0,0,0,0,0,0,0,0,0,0,0,0,0,0,0,0,4,130,226,244,236,254,247,176,109,40,0,0,0,0,0,0,0,0,0,0,0,0,0,0,0,0,0,0,0,0,0,0,0,0,0,0,0,0,0,0,0,0,0,0,0,0,0,0,0,0,0,0,0,0,0,0,0,0,0,0,0,0,0,0,0,0,0,0,0,0,0,0,0,0,0,0,0,0,0,0,0,0,0,0,0,0,0,0,0,0,0,0,0,0,0,0,0,0,0,0,0,0,0,0,0,0,0,0,0,0,0,0,0,0,0,0,0,0,0,0,0,0,0,0,0,0,0,0,0,0,0
6,0,0,0,0,0,0,0,0,0,0,0,0,0,0,0,0,0,0,0,0,0,0,0,0,0,0,0,0,0,0,0,0,0,0,0,0,0,0,0,0,0,0,0,0,0,0,0,0,0,0,0,0,0,0,0,0,0,0,0,0,0,0,0,0,0,0,0,0,0,0,0,0,0,0,0,0,0,0,0,0,0,0,0,0,0,0,0,0,0,0,0,0,0,16,206,217,0,0,0,0,0,0,0,0,0,0,0,0,0,0,0,0,0,0,0,0,0,0,0,0,17,205,253,216,0,0,0,0,0,0,0,0,0,0,0,0,0,0,0,0,0,0,0,0,0,0,0,17,205,253,251,139,0,0,0,0,0,0,0,0,0,0,0,0,0,0,0,0,0,0,0,0,0,0,0,136,253,253,149,0,0,0,0,0,0,0,0,0,0,0,0,0,0,0,0,0,0,0,0,0,0,0,20,208,253,238,39,0,0,0,0,0,0,0,0,0,0,0,0,0,0,0,0,0,0,0,0,0,0,0,209,253,253,149,0,0,0,0,0,0,0,0,0,0,0,0,0,0,0,0,0,0,0,0,0,0,0,0,254,253,241,36,0,0,0,0,0,0,0,0,0,0,0,0,0,0,0,0,0,0,0,0,0,0,0,0,255,253,235,0,0,0,0,0,0,0,38,50,50,50,50,50,5,0,0,0,0,0,0,0,0,0,0,0,254,253,235,0,0,0,0,0,68,180,236,253,253,253,253,253,187,126,30,0,0,0,0,0,0,0,0,0,254,253,235,0,0,0,0,13,198,253,253,204,191,148,128,176,247,253,222,126,0,0,0,0,0,0,0,0,254,253,140,0,0,0,0,144,253,253,168,14,0,0,0,0,108,215,253,253,0,0,0,0,0,0,0,0,254,253,208,0,0,0,0,174,253,253,61,0,0,0,0,0,0,112,253,253,0,0,0,0,0,0,0,0,254,253,235,0,0,0,0,174,253,253,61,0,0,0,0,0,0,112,253,214,0,0,0,0,0,0,0,0,254,253,241,36,0,0,0,174,253,253,164,0,0,0,0,0,0,112,253,87,0,0,0,0,0,0,0,0,103,253,253,232,85,0,0,25,125,229,244,181,64,0,0,0,0,157,253,112,0,0,0,0,0,0,0,0,4,207,253,253,208,0,0,0,0,114,229,253,244,87,0,0,42,243,253,81,0,0,0,0,0,0,0,0,0,25,253,253,250,150,36,0,0,0,52,148,181,245,184,106,228,253,95,1,0,0,0,0,0,0,0,0,0,1,88,207,253,253,242,211,112,112,112,112,118,172,253,253,207,26,1,0,0,0,0,0,0,0,0,0,0,0,0,80,135,210,253,253,253,253,253,253,253,213,135,87,7,0,0,0,0,0,0,0,0,0,0,0,0,0,0,0,0,4,27,129,129,129,129,129,129,25,0,0,0,0,0,0,0,0,0,0,0,0,0,0,0,0,0,0,0,0,0,0,0,0,0,0,0,0,0,0,0,0,0,0,0,0,0,0,0,0,0,0,0,0,0,0,0,0,0,0,0,0,0,0,0,0,0,0,0,0,0,0,0,0,0,0,0,0,0,0,0,0,0,0,0,0,0,0,0,0,0,0,0,0,0,0,0,0,0,0,0,0,0,0,0,0,0,0,0,0,0,0,0,0,0,0,0,0,0,0,0,0,0,0,0,0,0,0,0,0,0,0,0,0,0,0,0,0,0,0,0,0,0,0,0,0,0,0,0,0,0,0,0,0,0,0,0,0
0,0,0,0,0,0,0,0,0,0,0,0,0,0,0,0,0,0,0,0,0,0,0,0,0,0,0,0,0,0,0,0,0,0,0,0,0,0,0,0,0,0,0,0,0,0,0,0,0,0,0,0,0,0,0,0,0,0,0,0,0,0,0,0,0,0,0,0,0,0,0,0,0,0,0,0,0,0,0,0,0,0,0,0,0,0,0,0,0,0,0,0,0,0,0,0,0,0,0,0,0,0,0,0,0,0,0,0,0,0,0,0,0,0,0,0,0,0,0,0,0,0,0,0,0,0,0,0,0,0,0,0,0,0,0,0,0,0,0,0,0,0,0,0,0,0,0,0,0,0,0,0,10,29,4,104,229,253,129,10,0,0,0,0,0,0,0,0,0,0,0,0,0,0,0,0,0,0,0,0,85,252,179,252,252,252,253,122,13,0,0,0,0,0,0,0,0,0,0,0,0,0,0,0,0,0,0,0,123,252,253,252,148,56,253,252,143,0,0,0,0,0,0,0,0,0,0,0,0,0,0,0,0,0,0,51,246,252,253,102,6,0,153,252,168,0,0,0,0,0,0,0,0,0,0,0,0,0,0,0,0,0,0,170,253,253,255,84,0,0,13,207,253,91,0,0,0,0,0,0,0,0,0,0,0,0,0,0,0,0,0,169,252,252,247,65,0,0,0,169,252,215,0,0,0,0,0,0,0,0,0,0,0,0,0,0,0,0,0,169,252,252,100,0,0,0,0,82,252,252,0,0,0,0,0,0,0,0,0,0,0,0,0,0,0,0,26,243,252,252,0,0,0,0,0,57,252,252,0,0,0,0,0,0,0,0,0,0,0,0,0,0,0,0,41,253,253,253,0,0,0,0,0,57,253,253,0,0,0,0,0,0,0,0,0,0,0,0,0,0,0,0,141,252,252,252,0,0,0,0,0,57,252,252,0,0,0,0,0,0,0,0,0,0,0,0,0,0,0,0,229,252,224,168,0,0,0,0,0,57,252,252,0,0,0,0,0,0,0,0,0,0,0,0,0,0,0,0,253,252,168,0,0,0,0,0,0,57,252,252,0,0,0,0,0,0,0,0,0,0,0,0,0,0,0,0,254,253,168,0,0,0,0,0,0,120,253,190,0,0,0,0,0,0,0,0,0,0,0,0,0,0,0,0,253,252,93,0,0,0,0,0,0,169,252,65,0,0,0,0,0,0,0,0,0,0,0,0,0,0,0,0,253,252,56,0,0,0,0,0,10,197,252,28,0,0,0,0,0,0,0,0,0,0,0,0,0,0,0,0,253,252,156,0,0,0,0,0,179,252,177,3,0,0,0,0,0,0,0,0,0,0,0,0,0,0,0,0,179,253,178,16,0,19,66,191,254,209,25,0,0,0,0,0,0,0,0,0,0,0,0,0,0,0,0,0,22,234,252,215,169,225,252,252,209,28,0,0,0,0,0,0,0,0,0,0,0,0,0,0,0,0,0,0,0,131,252,252,253,252,252,214,25,0,0,0,0,0,0,0,0,0,0,0,0,0,0,0,0,0,0,0,0,7,65,240,253,177,103,15,0,0,0,0,0,0,0,0,0,0,0,0,0,0,0,0,0,0,0,0,0,0,0,0,0,0,0,0,0,0,0,0,0,0,0,0,0,0,0,0,0,0,0,0,0,0,0,0,0,0,0,0,0,0,0,0,0,0,0,0,0,0,0,0,0,0,0,0,0,0,0,0,0,0,0,0,0,0,0,0,0,0,0,0,0,0,0,0,0,0,0,0,0,0,0
4,0,0,0,0,0,0,0,0,0,0,0,0,0,0,0,0,0,0,0,0,0,0,0,0,0,0,0,0,0,0,0,0,0,0,0,0,0,0,0,0,0,0,0,0,0,0,0,0,0,0,0,0,0,0,0,0,0,0,0,0,0,0,0,0,0,0,0,0,0,0,0,0,0,0,0,0,0,0,0,0,0,0,0,0,0,0,0,0,0,0,0,0,0,0,0,0,0,0,0,0,0,0,0,0,0,0,0,0,0,0,0,0,0,0,0,0,0,0,0,0,0,0,0,0,0,0,0,0,0,0,0,0,0,0,0,0,0,0,0,0,0,0,0,0,0,0,0,0,92,253,141,0,0,0,0,0,0,0,0,0,0,0,0,0,0,0,0,0,0,0,0,0,0,0,0,19,196,252,241,24,0,0,0,0,0,0,0,0,147,225,97,0,0,0,0,0,0,0,0,0,0,0,0,57,252,252,253,27,0,0,0,0,0,0,0,32,253,252,195,0,0,0,0,0,0,0,0,0,0,0,0,57,252,252,178,9,0,0,0,0,0,0,0,140,253,252,102,0,0,0,0,0,0,0,0,0,0,0,0,57,252,252,140,0,0,0,0,0,0,0,16,203,253,252,55,0,0,0,0,0,0,0,0,0,0,0,0,120,253,253,141,0,0,0,0,0,0,0,29,253,255,215,31,0,0,0,0,0,0,0,0,0,0,0,0,197,252,252,140,0,0,0,0,0,0,0,29,252,253,42,0,0,0,0,0,0,0,0,0,0,0,0,0,197,252,252,31,0,0,0,0,0,0,13,79,252,253,27,0,0,0,0,0,0,0,0,0,0,0,0,57,234,252,236,0,0,0,0,0,0,0,57,252,252,178,9,0,0,0,0,0,0,0,0,0,0,0,0,85,252,252,189,141,140,140,140,140,79,48,165,252,252,140,0,0,0,0,0,0,0,0,0,0,0,0,0,86,253,253,253,255,253,253,253,253,255,253,253,253,253,141,0,0,0,0,0,0,0,0,0,0,0,0,0,57,233,252,252,253,252,252,242,214,215,243,252,252,252,140,0,0,0,0,0,0,0,0,0,0,0,0,0,0,75,195,195,56,55,55,49,31,31,50,209,252,220,31,0,0,0,0,0,0,0,0,0,0,0,0,0,0,0,0,0,0,0,0,0,0,0,73,234,252,112,0,0,0,0,0,0,0,0,0,0,0,0,0,0,0,0,0,0,0,0,0,0,0,0,225,252,252,112,0,0,0,0,0,0,0,0,0,0,0,0,0,0,0,0,0,0,0,0,0,0,0,0,226,253,253,112,0,0,0,0,0,0,0,0,0,0,0,0,0,0,0,0,0,0,0,0,0,0,0,101,249,252,242,74,0,0,0,0,0,0,0,0,0,0,0,0,0,0,0,0,0,0,0,0,0,0,0,113,252,252,246,88,0,0,0,0,0,0,0,0,0,0,0,0,0,0,0,0,0,0,0,0,0,0,0,38,234,252,154,99,0,0,0,0,0,0,0,0,0,0,0,0,0,0,0,0,0,0,0,0,0,0,0,0,146,252,84,0,0,0,0,0,0,0,0,0,0,0,0,0,0,0,0,0,0,0,0,0,0,0,0,0,0,0,0,0,0,0,0,0,0,0,0,0,0,0,0,0,0,0,0,0,0,0,0,0,0,0,0,0,0,0,0,0,0,0,0,0,0,0,0,0,0,0,0,0,0,0,0,0,0,0,0,0,0,0,0,0,0,0,0,0,0,0,0,0,0,0,0,0
1,0,0,0,0,0,0,0,0,0,0,0,0,0,0,0,0,0,0,0,0,0,0,0,0,0,0,0,0,0,0,0,0,0,0,0,0,0,0,0,0,0,0,0,0,0,0,0,0,0,0,0,0,0,0,0,0,0,0,0,0,0,0,0,0,0,0,0,0,0,0,0,0,0,0,0,0,0,0,0,0,0,0,0,0,0,0,0,0,0,0,0,0,0,0,0,0,0,0,0,0,0,0,0,0,0,0,0,0,0,0,0,0,0,0,0,0,0,0,0,0,0,0,0,0,0,0,0,0,0,0,0,0,0,0,0,0,0,0,0,0,0,0,0,0,0,0,0,0,0,0,0,0,0,0,0,77,254,103,0,0,0,0,0,0,0,0,0,0,0,0,0,0,0,0,0,0,0,0,0,0,0,0,0,203,253,217,0,0,0,0,0,0,0,0,0,0,0,0,0,0,0,0,0,0,0,0,0,0,0,0,0,254,253,199,0,0,0,0,0,0,0,0,0,0,0,0,0,0,0,0,0,0,0,0,0,0,0,0,0,254,253,96,0,0,0,0,0,0,0,0,0,0,0,0,0,0,0,0,0,0,0,0,0,0,0,0,0,254,247,73,0,0,0,0,0,0,0,0,0,0,0,0,0,0,0,0,0,0,0,0,0,0,0,0,35,254,229,0,0,0,0,0,0,0,0,0,0,0,0,0,0,0,0,0,0,0,0,0,0,0,0,0,162,254,130,0,0,0,0,0,0,0,0,0,0,0,0,0,0,0,0,0,0,0,0,0,0,0,0,0,242,254,109,0,0,0,0,0,0,0,0,0,0,0,0,0,0,0,0,0,0,0,0,0,0,0,0,100,252,243,10,0,0,0,0,0,0,0,0,0,0,0,0,0,0,0,0,0,0,0,0,0,0,0,0,110,253,127,0,0,0,0,0,0,0,0,0,0,0,0,0,0,0,0,0,0,0,0,0,0,0,0,0,116,254,0,0,0,0,0,0,0,0,0,0,0,0,0,0,0,0,0,0,0,0,0,0,0,0,0,10,232,253,0,0,0,0,0,0,0,0,0,0,0,0,0,0,0,0,0,0,0,0,0,0,0,0,0,98,253,236,0,0,0,0,0,0,0,0,0,0,0,0,0,0,0,0,0,0,0,0,0,0,0,0,0,178,253,110,0,0,0,0,0,0,0,0,0,0,0,0,0,0,0,0,0,0,0,0,0,0,0,0,0,218,253,11,0,0,0,0,0,0,0,0,0,0,0,0,0,0,0,0,0,0,0,0,0,0,0,0,0,218,170,3,0,0,0,0,0,0,0,0,0,0,0,0,0,0,0,0,0,0,0,0,0,0,0,0,29,230,144,0,0,0,0,0,0,0,0,0,0,0,0,0,0,0,0,0,0,0,0,0,0,0,0,0,85,253,144,0,0,0,0,0,0,0,0,0,0,0,0,0,0,0,0,0,0,0,0,0,0,0,0,0,8,221,144,0,0,0,0,0,0,0,0,0,0,0,0,0,0,0,0,0,0,0,0,0,0,0,0,0,0,160,196,6,0,0,0,0,0,0,0,0,0,0,0,0,0,0,0,0,0,0,0,0,0,0,0,0,0,0,0,0,0,0,0,0,0,0,0,0,0,0,0,0,0,0,0,0,0,0,0,0,0,0,0,0,0,0,0,0,0,0,0,0,0,0,0,0,0,0,0,0,0,0,0,0,0,0,0,0,0,0,0,0,0,0,0,0,0,0,0,0,0,0,0,0,0,0,0,0,0
9,0,0,0,0,0,0,0,0,0,0,0,0,0,0,0,0,0,0,0,0,0,0,0,0,0,0,0,0,0,0,0,0,0,0,0,0,0,0,0,0,0,0,0,0,0,0,0,0,0,0,0,0,0,0,0,0,0,0,0,0,0,0,0,0,0,0,0,0,0,0,0,0,0,0,0,0,0,0,0,0,0,0,0,0,0,0,0,0,0,0,0,0,0,0,0,0,0,0,0,0,0,0,0,0,0,0,0,0,0,0,0,0,0,0,0,0,0,0,0,0,0,0,0,0,0,0,0,0,0,0,0,0,0,0,0,0,0,0,0,0,0,0,0,0,0,0,0,0,0,0,0,0,0,0,0,0,0,0,0,0,0,0,0,0,0,0,0,0,0,0,0,0,0,0,0,0,0,0,0,0,0,0,0,0,0,0,0,0,0,0,0,0,0,0,0,0,0,0,0,0,0,0,0,0,0,0,0,0,0,27,73,157,163,195,163,27,0,0,0,0,0,0,0,0,0,0,0,0,0,0,0,0,0,0,0,60,184,242,254,253,253,253,253,158,4,0,0,0,0,0,0,0,0,0,0,0,0,0,0,0,0,50,179,248,253,253,217,197,127,165,242,254,63,0,0,0,0,0,0,0,0,0,0,0,0,0,0,2,116,234,253,250,163,80,0,0,0,0,181,254,108,0,0,0,0,0,0,0,0,0,0,0,0,0,0,116,253,254,214,62,0,0,0,0,0,0,181,254,160,13,0,0,0,0,0,0,0,0,0,0,0,0,95,254,254,182,7,0,0,0,0,0,0,38,228,255,254,127,0,0,0,0,0,0,0,0,0,0,0,0,128,253,201,7,0,0,0,0,0,32,55,172,253,254,253,42,0,0,0,0,0,0,0,0,0,0,0,0,128,253,207,69,37,32,16,102,186,238,253,253,253,254,160,5,0,0,0,0,0,0,0,0,0,0,0,0,86,249,253,254,253,245,222,253,254,253,253,253,253,254,102,0,0,0,0,0,0,0,0,0,0,0,0,0,0,96,227,254,253,253,253,220,136,72,105,214,253,228,12,0,0,0,0,0,0,0,0,0,0,0,0,0,0,0,0,59,91,46,0,0,0,0,63,254,254,92,0,0,0,0,0,0,0,0,0,0,0,0,0,0,0,0,0,0,0,0,0,0,0,0,179,253,201,7,0,0,0,0,0,0,0,0,0,0,0,0,0,0,0,0,0,0,0,0,0,0,0,28,235,253,85,0,0,0,0,0,0,0,0,0,0,0,0,0,0,0,0,0,0,0,0,0,0,0,0,127,253,238,16,0,0,0,0,0,0,0,0,0,0,0,0,0,0,0,0,0,0,0,0,0,0,0,0,145,253,202,0,0,0,0,0,0,0,0,0,0,0,0,0,0,0,0,0,0,0,0,0,0,0,0,47,241,254,144,0,0,0,0,0,0,0,0,0,0,0,0,0,0,0,0,0,0,0,0,0,0,0,0,182,253,245,81,0,0,0,0,0,0,0,0,0,0,0,0,0,0,0,0,0,0,0,0,0,0,0,46,254,253,138,0,0,0,0,0,0,0,0,0,0,0,0,0,0,0,0,0,0,0,0,0,0,0,0,155,254,223,72,0,0,0,0,0,0,0,0,0,0,0,0,0,0,0,0,0,0,0,0,0,0,0,0,59,195,70,0,0,0,0,0,0,0,0,0,0,0,0,0,0,0,0,0,0,0,0,0,0,0,0,0,0,0,0,0,0,0,0,0,0,0,0,0,0,0,0
5,0,0,0,0,0,0,0,0,0,0,0,0,0,0,0,0,0,0,0,0,0,0,0,0,0,0,0,0,0,0,0,0,0,0,0,0,0,0,0,0,0,0,0,0,0,0,0,0,0,0,0,0,0,0,0,0,0,0,0,0,0,0,0,0,0,0,0,0,0,0,0,0,0,0,0,0,0,0,0,0,0,0,0,0,0,0,0,0,0,0,0,0,0,0,0,0,0,0,0,0,0,0,0,0,0,0,0,0,0,0,0,0,0,0,0,0,0,0,0,0,0,0,0,0,0,0,0,0,0,0,0,0,0,0,0,0,0,0,0,0,0,0,0,0,0,0,0,0,0,0,0,0,0,0,0,0,0,0,0,0,0,0,0,0,0,0,0,0,0,0,0,0,0,0,0,0,0,0,0,0,0,0,0,0,0,0,0,0,0,0,8,123,162,0,0,0,0,0,0,0,0,0,0,0,0,0,0,0,0,0,0,0,0,0,0,0,84,103,202,225,85,0,0,0,0,0,0,0,0,0,0,0,0,0,0,0,0,0,0,0,18,40,171,223,240,236,74,58,0,0,0,0,0,0,0,0,0,0,0,0,0,0,0,0,0,49,64,134,240,255,253,161,57,14,36,0,0,0,0,0,0,0,0,0,0,0,0,0,0,0,98,212,213,243,253,253,253,192,68,21,0,0,0,0,0,0,0,0,0,0,0,0,0,0,0,0,0,0,160,230,231,230,159,80,0,0,0,0,0,0,0,0,0,0,0,0,0,0,0,0,0,0,0,0,0,36,84,121,27,27,0,0,0,0,0,0,0,0,0,0,0,0,0,0,0,0,0,0,0,0,0,0,43,126,94,57,0,0,0,0,0,0,0,0,0,0,0,0,0,0,0,0,0,0,0,0,0,0,0,0,85,202,48,0,0,0,0,0,0,0,0,0,0,0,0,0,0,0,0,0,0,0,0,0,0,0,0,0,14,237,243,35,0,0,0,0,0,0,0,0,0,0,0,0,0,0,0,0,0,0,0,0,0,0,0,0,36,180,255,210,193,37,0,0,0,0,0,0,0,0,0,0,0,0,0,0,0,0,0,0,0,0,0,0,0,32,63,63,183,142,0,0,0,0,0,0,0,0,0,0,0,0,0,0,0,0,0,0,0,0,0,0,0,0,0,0,149,204,9,0,0,0,0,0,0,0,0,0,0,0,0,0,0,0,0,0,0,0,0,0,0,0,0,0,254,225,14,0,0,0,0,0,0,0,0,0,0,0,0,0,0,0,0,0,0,0,0,0,0,0,0,0,254,94,4,0,0,0,0,0,0,0,0,0,0,0,0,0,0,0,0,0,0,0,0,0,0,0,0,0,220,11,0,0,0,0,0,0,0,0,0,0,0,0,0,0,0,0,0,0,0,0,0,0,0,0,22,173,254,63,0,0,0,0,0,0,0,0,0,0,0,0,0,0,0,0,0,0,0,0,0,0,0,2,125,253,224,32,0,0,0,0,0,0,0,0,0,0,0,0,0,0,0,0,0,0,0,0,0,0,0,22,253,200,36,0,0,0,0,0,0,0,0,0,0,0,0,0,0,0,0,0,0,0,0,0,0,0,0,4,130,7,0,0,0,0,0,0,0,0,0,0,0,0,0,0,0,0,0,0,0,0,0,0,0,0,0,0,0,0,0,0,0,0,0,0,0,0,0,0,0,0,0,0,0,0,0,0,0,0,0,0,0,0,0,0,0,0,0,0,0,0,0,0,0,0,0,0,0,0,0,0,0,0
7,0,0,0,0,0,0,0,0,0,0,0,0,0,0,0,0,0,0,0,0,0,0,0,0,0,0,0,0,0,0,0,0,0,0,0,0,0,0,0,0,0,0,0,0,0,0,0,0,0,0,0,0,0,0,0,0,0,0,0,0,0,0,0,0,0,0,0,0,0,0,0,0,0,0,0,0,0,0,0,0,0,0,0,0,0,0,0,0,0,0,0,0,0,0,0,0,0,0,0,0,0,0,0,0,0,0,0,0,0,0,0,0,0,0,0,0,0,0,0,0,0,0,0,0,0,0,0,0,0,0,0,0,0,0,0,0,0,0,0,0,0,0,0,0,0,0,0,0,0,0,0,0,0,0,0,0,0,0,0,0,0,0,0,0,0,0,0,0,0,0,0,0,0,0,0,0,0,0,0,0,0,0,0,0,0,0,0,0,0,0,0,0,0,0,0,0,0,0,64,191,255,128,128,128,64,0,0,0,0,0,0,0,0,0,0,0,0,0,0,0,0,0,0,0,0,0,128,255,255,255,255,255,255,255,255,255,255,128,128,64,0,0,0,0,0,0,0,0,0,0,0,0,0,0,64,255,255,255,255,255,255,255,255,255,255,255,255,255,191,64,0,0,0,0,0,0,0,0,0,0,0,0,0,0,64,64,128,128,128,128,255,255,255,255,255,255,255,255,128,0,0,0,0,0,0,0,0,0,0,0,0,0,0,0,0,0,0,0,0,0,0,64,191,255,255,255,255,255,64,0,0,0,0,0,0,0,0,0,0,0,0,0,0,0,0,0,0,0,0,0,0,64,255,255,255,255,128,0,0,0,0,0,0,0,0,0,0,0,0,0,0,0,0,0,0,0,0,0,0,0,64,255,255,255,128,0,0,0,0,0,0,0,0,0,0,0,0,0,0,0,0,0,0,0,0,0,0,0,0,128,255,255,255,0,0,0,0,0,0,0,0,0,0,0,0,0,0,0,0,0,0,0,0,0,0,0,0,128,255,255,255,64,0,0,0,0,0,0,0,0,0,0,0,0,0,0,0,0,0,0,0,0,0,0,0,128,255,255,255,128,0,0,0,0,0,0,0,0,0,0,0,0,0,0,0,0,0,0,0,0,0,0,0,128,255,255,255,0,0,0,0,0,0,0,0,0,0,0,0,0,0,0,0,0,0,0,0,0,0,0,0,128,255,255,191,0,0,0,0,0,0,0,0,0,0,0,0,0,0,0,0,0,0,0,0,0,0,0,0,191,255,255,128,0,0,0,0,0,0,0,0,0,0,0,0,0,0,0,0,0,0,0,0,0,0,0,128,255,255,255,64,0,0,0,0,0,0,0,0,0,0,0,0,0,0,0,0,0,0,0,0,0,0,0,255,255,255,191,0,0,0,0,0,0,0,0,0,0,0,0,0,0,0,0,0,0,0,0,0,0,0,0,255,255,255,64,0,0,0,0,0,0,0,0,0,0,0,0,0,0,0,0,0,0,0,0,0,0,0,191,255,255,255,0,0,0,0,0,0,0,0,0,0,0,0,0,0,0,0,0,0,0,0,0,0,0,128,255,255,255,191,0,0,0,0,0,0,0,0,0,0,0,0,0,0,0,0,0,0,0,0,0,0,0,128,255,255,191,0,0,0,0,0,0,0,0,0,0,0,0,0,0,0,0,0,0,0,0,0,0,0,0,128,255,255,64,0,0,0,0,0,0,0,0,0,0,0,0,0,0,0,0,0,0,0,0,0,0,0,0,0,0,0,0,0,0,0,0,0,0,0,0,0,0
8,0,0,0,0,0,0,0,0,0,0,0,0,0,0,0,0,0,0,0,0,0,0,0,0,0,0,0,0,0,0,0,0,0,0,0,0,0,0,0,0,0,0,0,0,0,0,0,0,0,0,0,0,0,0,0,0,0,0,0,0,0,0,0,0,0,0,0,0,0,0,0,0,0,0,0,0,0,0,0,0,0,0,0,0,0,0,0,0,0,0,0,0,0,0,0,0,0,0,0,0,0,0,0,0,0,0,0,0,0,0,0,0,0,0,0,0,0,0,0,0,0,0,0,0,0,0,0,0,0,0,0,0,0,0,0,0,0,0,0,0,0,0,0,0,0,0,0,0,0,0,0,0,0,43,47,47,0,0,0,0,0,0,0,0,0,0,0,0,0,0,0,0,0,0,0,0,0,0,0,9,108,249,253,253,208,207,207,207,149,65,13,0,0,0,0,0,0,0,0,0,0,0,0,0,0,0,9,184,254,253,253,253,254,253,253,253,254,253,213,25,0,0,0,0,0,0,0,0,0,0,0,0,0,55,203,254,254,199,127,127,60,93,84,68,151,222,254,161,0,0,0,0,0,0,0,0,0,0,0,0,0,138,253,253,199,19,0,0,0,0,0,0,0,155,253,211,0,0,0,0,0,0,0,0,0,0,0,0,0,138,253,253,17,0,0,0,0,0,0,0,74,241,253,211,0,0,0,0,0,0,0,0,0,0,0,0,0,105,253,253,102,0,0,0,0,0,0,34,229,253,253,160,0,0,0,0,0,0,0,0,0,0,0,0,0,0,149,254,229,40,0,0,0,38,153,254,254,254,180,25,0,0,0,0,0,0,0,0,0,0,0,0,0,0,19,198,254,207,9,34,72,235,253,253,224,139,13,0,0,0,0,0,0,0,0,0,0,0,0,0,0,0,0,17,211,253,215,240,254,253,234,128,17,0,0,0,0,0,0,0,0,0,0,0,0,0,0,0,0,0,0,102,229,253,253,253,228,77,13,0,0,0,0,0,0,0,0,0,0,0,0,0,0,0,0,0,70,170,254,254,254,254,254,254,119,0,0,0,0,0,0,0,0,0,0,0,0,0,0,0,0,26,130,230,254,253,253,185,115,64,211,253,248,21,0,0,0,0,0,0,0,0,0,0,0,0,0,0,166,232,253,253,247,162,46,13,7,91,245,253,254,56,0,0,0,0,0,0,0,0,0,0,0,0,0,0,128,253,253,253,210,93,127,159,204,253,253,253,228,15,0,0,0,0,0,0,0,0,0,0,0,0,0,0,0,134,241,254,255,254,254,254,254,254,254,228,34,0,0,0,0,0,0,0,0,0,0,0,0,0,0,0,0,0,27,115,140,206,206,206,207,206,123,15,0,0,0,0,0,0,0,0,0,0,0,0,0,0,0,0,0,0,0,0,0,0,0,0,0,0,0,0,0,0,0,0,0,0,0,0,0,0,0,0,0,0,0,0,0,0,0,0,0,0,0,0,0,0,0,0,0,0,0,0,0,0,0,0,0,0,0,0,0,0,0,0,0,0,0,0,0,0,0,0,0,0,0,0,0,0,0,0,0,0,0,0,0,0,0,0,0,0,0,0,0,0,0,0,0,0,0,0,0,0,0,0,0,0,0,0,0,0,0,0,0,0,0,0,0,0,0,0,0,0,0,0,0,0,0,0,0,0,0,0,0,0,0,0,0,0,0,0,0,0,0,0,0,0,0,0,0,0,0,0,0,0,0,0,0,0,0,0,0,0,0,0,0,0,0,0,0,0,0,0
9,0,0,0,0,0,0,0,0,0,0,0,0,0,0,0,0,0,0,0,0,0,0,0,0,0,0,0,0,0,0,0,0,0,0,0,0,0,0,0,0,0,0,0,0,0,0,0,0,0,0,0,0,0,0,0,0,0,0,0,0,0,0,0,0,0,0,0,0,0,0,0,0,0,0,0,0,0,0,0,0,0,0,0,0,0,0,0,0,0,0,0,0,0,0,0,0,0,0,0,0,0,0,0,0,0,0,0,0,0,0,0,0,0,0,0,0,0,0,0,0,0,0,0,0,0,0,0,0,0,0,0,0,0,0,0,0,0,0,0,0,0,0,0,0,0,0,0,0,0,0,0,0,0,0,0,0,0,0,0,0,0,0,0,0,0,0,0,0,0,0,0,0,0,0,0,0,0,0,142,254,204,172,199,140,91,27,2,0,0,0,0,0,0,0,0,0,0,0,0,0,0,0,0,0,0,68,222,81,74,153,185,237,237,250,194,29,0,0,0,0,0,0,0,0,0,0,0,0,0,0,0,0,0,166,196,0,0,0,0,0,0,115,81,11,0,0,0,0,0,0,0,0,0,0,0,0,0,0,0,0,0,213,159,0,0,0,0,0,0,0,0,0,0,0,0,0,0,0,0,0,0,0,0,0,0,0,0,0,7,220,115,0,0,0,0,0,0,0,0,0,0,0,0,0,0,0,0,0,0,0,0,0,0,0,0,0,34,246,130,0,0,0,0,0,0,0,0,0,0,0,0,0,0,0,0,0,0,0,0,0,0,0,0,0,0,168,246,21,0,0,0,0,138,69,0,0,0,0,0,0,0,0,0,0,0,0,0,0,0,0,0,0,0,131,254,99,0,0,0,0,189,139,0,0,0,0,0,0,0,0,0,0,0,0,0,0,0,0,0,0,0,82,254,107,0,0,0,85,229,89,0,0,0,0,0,0,0,0,0,0,0,0,0,0,0,0,0,0,0,2,196,228,11,0,0,154,254,57,0,0,0,0,0,0,0,0,0,0,0,0,0,0,0,0,0,0,0,0,110,254,129,1,9,207,255,57,0,0,0,0,0,0,0,0,0,0,0,0,0,0,0,0,0,0,0,0,0,193,254,183,188,175,254,57,0,0,0,0,0,0,0,0,0,0,0,0,0,0,0,0,0,0,0,0,0,17,116,147,22,146,254,57,0,0,0,0,0,0,0,0,0,0,0,0,0,0,0,0,0,0,0,0,0,0,0,0,0,99,254,57,0,0,0,0,0,0,0,0,0,0,0,0,0,0,0,0,0,0,0,0,0,0,0,0,0,99,254,57,0,0,0,0,0,0,0,0,0,0,0,0,0,0,0,0,0,0,0,0,0,0,0,0,0,167,254,57,0,0,0,0,0,0,0,0,0,0,0,0,0,0,0,0,0,0,0,0,0,0,0,0,0,135,232,8,0,0,0,0,0,0,0,0,0,0,0,0,0,0,0,0,0,0,0,0,0,0,0,0,0,99,251,52,0,0,0,0,0,0,0,0,0,0,0,0,0,0,0,0,0,0,0,0,0,0,0,0,0,99,246,41,0,0,0,0,0,0,0,0,0,0,0,0,0,0,0,0,0,0,0,0,0,0,0,0,0,126,229,0,0,0,0,0,0,0,0,0,0,0,0,0,0,0,0,0,0,0,0,0,0,0,0,0,0,0,0,0,0,0,0,0,0,0,0,0,0,0,0,0,0,0,0,0,0,0,0,0,0,0,0,0,0,0,0,0,0,0,0,0,0,0,0,0,0,0
3,0,0,0,0,0,0,0,0,0,0,0,0,0,0,0,0,0,0,0,0,0,0,0,0,0,0,0,0,0,0,0,0,0,0,0,0,0,0,0,0,0,0,0,0,0,0,0,0,0,0,0,0,0,0,0,0,0,0,0,0,0,0,0,0,0,0,0,0,0,0,0,0,0,0,0,0,0,0,0,0,0,0,0,0,0,0,0,0,0,0,0,0,0,0,0,55,192,87,11,0,0,0,0,0,0,0,0,0,0,0,0,0,0,0,0,0,0,0,0,0,0,0,0,169,252,253,170,43,0,0,0,0,0,0,0,0,0,0,0,0,0,0,0,0,0,0,0,0,0,0,0,111,249,253,252,233,101,4,0,0,0,0,0,0,0,0,0,0,0,0,0,0,0,0,0,0,0,0,0,0,115,227,252,252,252,138,27,0,0,0,0,0,0,0,0,0,0,0,0,0,0,0,0,0,0,0,0,0,0,87,112,147,252,252,150,0,0,0,0,0,0,0,0,0,0,0,0,0,0,0,0,0,0,0,0,0,0,0,0,9,132,247,255,125,0,0,0,0,0,0,0,0,0,0,0,0,0,0,0,0,0,0,0,0,0,0,0,0,0,176,253,196,7,0,0,0,0,0,0,0,0,0,0,0,0,0,0,0,0,0,0,0,0,0,0,0,0,9,253,252,21,0,0,0,0,0,0,0,0,0,0,0,0,0,0,0,0,0,0,0,0,0,0,0,0,98,253,252,21,0,0,0,0,0,0,0,0,0,0,0,0,0,0,0,0,0,0,0,0,0,0,9,132,246,253,182,4,0,0,0,0,0,0,0,0,0,0,0,0,0,0,0,0,146,253,227,148,131,123,201,253,253,212,27,0,0,0,0,0,0,0,0,0,0,0,0,0,0,0,0,0,155,252,252,252,253,252,252,231,124,27,0,0,0,0,0,0,0,0,0,0,0,0,0,0,0,0,0,0,7,74,126,214,236,252,252,145,0,0,0,0,0,0,0,0,0,0,0,0,0,0,0,0,0,0,0,0,0,0,0,0,14,140,252,231,28,0,0,0,0,0,0,0,0,0,0,0,0,0,0,0,0,0,0,0,0,0,0,0,0,50,244,252,42,0,0,0,0,0,0,0,0,0,0,0,0,0,0,0,0,0,124,62,0,0,0,0,0,50,245,253,42,0,0,0,0,0,0,0,0,0,0,0,0,0,0,0,0,84,242,27,0,0,0,36,146,211,252,252,42,0,0,0,0,0,0,0,0,0,0,0,0,0,0,0,2,176,252,22,22,31,127,223,253,252,242,134,4,0,0,0,0,0,0,0,0,0,0,0,0,0,0,0,22,252,252,253,252,252,252,252,190,110,42,0,0,0,0,0,0,0,0,0,0,0,0,0,0,0,0,0,4,182,252,253,252,155,147,59,0,0,0,0,0,0,0,0,0,0,0,0,0,0,0,0,0,0,0,0,0,0,0,0,0,0,0,0,0,0,0,0,0,0,0,0,0,0,0,0,0,0,0,0,0,0,0,0,0,0,0,0,0,0,0,0,0,0,0,0,0,0,0,0,0,0,0,0,0,0,0,0,0,0,0,0,0,0,0,0,0,0,0,0,0,0,0,0,0,0,0,0,0,0,0,0,0,0,0,0,0,0,0,0,0,0,0,0,0,0,0,0,0,0,0,0,0,0,0,0,0,0,0,0,0,0,0,0,0,0,0,0,0,0,0,0,0,0,0,0,0,0,0,0,0,0,0,0,0,0,0,0,0,0,0
7,0,0,0,0,0,0,0,0,0,0,0,0,0,0,0,0,0,0,0,0,0,0,0,0,0,0,0,0,0,0,0,0,0,0,0,0,0,0,0,0,0,0,0,0,0,0,0,0,0,0,0,0,0,0,0,0,0,0,0,0,0,0,0,0,0,0,0,0,0,0,0,0,0,0,0,0,0,0,0,0,0,0,0,0,0,0,0,0,0,0,0,0,0,0,0,0,0,0,0,0,0,0,0,0,0,0,0,0,0,0,0,0,0,0,0,0,0,0,0,0,0,0,0,0,0,0,0,0,0,0,0,0,0,0,0,0,0,0,0,0,0,0,0,0,0,0,0,0,0,0,0,0,0,0,0,0,0,0,0,0,0,0,0,0,0,0,0,0,0,0,0,0,0,0,0,0,0,0,0,0,0,0,0,0,0,0,0,0,0,0,0,0,0,0,0,0,0,0,0,0,68,197,255,242,145,236,212,169,130,130,130,95,107,130,85,116,70,76,7,1,0,0,0,0,0,0,0,0,125,248,253,253,253,253,253,253,253,253,253,253,253,253,253,253,253,253,253,12,0,0,0,0,0,0,0,0,0,60,111,111,111,111,111,111,138,235,235,235,241,238,241,253,253,253,253,60,0,0,0,0,0,0,0,0,0,0,0,0,0,0,0,0,0,0,0,0,34,18,48,239,253,242,170,3,0,0,0,0,0,0,0,0,0,0,0,0,0,0,0,0,0,0,0,0,0,0,109,253,253,141,0,0,0,0,0,0,0,0,0,0,0,0,0,0,0,0,0,0,0,0,0,0,0,74,240,253,219,60,0,0,0,0,0,0,0,0,0,0,0,0,0,0,0,47,86,44,44,44,11,0,75,239,253,236,20,0,0,0,0,0,0,0,0,0,0,0,0,0,0,0,22,224,253,253,253,253,193,174,238,253,253,173,50,28,0,0,0,0,0,0,0,0,0,0,0,0,0,0,25,206,253,253,253,253,253,253,253,253,253,253,253,221,180,31,0,0,0,0,0,0,0,0,0,0,0,0,0,10,68,128,155,237,253,253,253,253,253,253,253,253,253,99,0,0,0,0,0,0,0,0,0,0,0,0,0,0,0,0,43,237,253,253,198,142,61,61,61,61,61,2,0,0,0,0,0,0,0,0,0,0,0,0,0,0,0,15,175,253,253,158,11,0,0,0,0,0,0,0,0,0,0,0,0,0,0,0,0,0,0,0,0,0,0,150,253,253,98,11,0,0,0,0,0,0,0,0,0,0,0,0,0,0,0,0,0,0,0,0,0,0,79,240,253,159,11,0,0,0,0,0,0,0,0,0,0,0,0,0,0,0,0,0,0,0,0,0,0,33,241,253,205,10,0,0,0,0,0,0,0,0,0,0,0,0,0,0,0,0,0,0,0,0,0,0,0,87,253,234,60,0,0,0,0,0,0,0,0,0,0,0,0,0,0,0,0,0,0,0,0,0,0,0,81,245,253,92,0,0,0,0,0,0,0,0,0,0,0,0,0,0,0,0,0,0,0,0,0,0,0,79,247,253,234,45,0,0,0,0,0,0,0,0,0,0,0,0,0,0,0,0,0,0,0,0,0,0,18,249,253,236,52,0,0,0,0,0,0,0,0,0,0,0,0,0,0,0,0,0,0,0,0,0,0,0,19,253,253,155,0,0,0,0,0,0,0,0,0,0,0,0,0,0,0,0,0,0,0,0,0,0,0,0,0,0,0,0,0,0,0,0,0,0,0,0,0,0,0,0,0,0,0,0,0,0
4,0,0,0,0,0,0,0,0,0,0,0,0,0,0,0,0,0,0,0,0,0,0,0,0,0,0,0,0,0,0,0,0,0,0,0,0,0,0,0,0,0,0,0,0,0,0,0,0,0,0,0,0,0,0,0,0,0,0,0,0,0,0,0,0,0,0,0,0,0,0,0,0,0,0,0,0,0,0,0,0,0,0,0,0,0,0,0,0,0,0,0,0,0,0,0,0,0,0,0,0,0,0,0,0,0,0,0,0,0,0,0,0,0,0,0,0,0,0,0,0,0,0,0,0,0,0,0,0,0,0,0,0,0,0,0,0,0,0,0,0,0,0,0,0,0,0,0,0,0,0,0,0,0,0,0,0,219,81,0,0,0,0,0,0,0,0,0,0,0,0,0,0,0,0,0,0,0,0,0,0,0,0,0,0,218,144,0,0,0,0,0,0,0,0,0,0,0,0,0,0,0,0,0,0,0,0,0,19,121,11,0,0,218,144,0,0,0,0,0,0,0,0,0,0,0,0,0,0,0,0,0,0,0,0,0,37,254,72,0,0,218,144,0,0,0,0,0,0,0,0,0,0,0,0,0,0,0,0,0,0,0,0,0,37,254,72,0,0,218,144,0,0,0,0,0,0,0,0,0,0,0,0,0,0,0,0,0,0,0,0,0,102,254,99,0,0,193,171,0,0,0,0,0,0,0,0,0,0,0,0,0,0,0,0,0,0,0,0,0,140,254,79,0,0,128,235,0,0,0,0,0,0,0,0,0,0,0,0,0,0,0,0,0,0,0,0,8,223,251,62,0,0,128,235,0,0,0,0,0,0,0,0,0,0,0,0,0,0,0,0,0,0,0,0,132,254,250,135,110,110,214,164,0,0,0,0,0,0,0,0,0,0,0,0,0,0,0,0,0,0,0,0,236,254,254,254,255,254,254,144,0,0,0,0,0,0,0,0,0,0,0,0,0,0,0,0,0,0,0,0,237,254,197,85,59,59,232,145,0,0,0,0,0,0,0,0,0,0,0,0,0,0,0,0,0,0,0,0,185,76,4,0,0,32,238,144,0,0,0,0,0,0,0,0,0,0,0,0,0,0,0,0,0,0,0,0,0,0,0,0,0,36,241,144,0,0,0,0,0,0,0,0,0,0,0,0,0,0,0,0,0,0,0,0,0,0,0,0,0,55,254,144,0,0,0,0,0,0,0,0,0,0,0,0,0,0,0,0,0,0,0,0,0,0,0,0,0,55,254,144,0,0,0,0,0,0,0,0,0,0,0,0,0,0,0,0,0,0,0,0,0,0,0,0,0,81,254,87,0,0,0,0,0,0,0,0,0,0,0,0,0,0,0,0,0,0,0,0,0,0,0,0,0,145,254,54,0,0,0,0,0,0,0,0,0,0,0,0,0,0,0,0,0,0,0,0,0,0,0,0,0,145,254,54,0,0,0,0,0,0,0,0,0,0,0,0,0,0,0,0,0,0,0,0,0,0,0,0,0,145,225,12,0,0,0,0,0,0,0,0,0,0,0,0,0,0,0,0,0,0,0,0,0,0,0,0,0,114,120,0,0,0,0,0,0,0,0,0,0,0,0,0,0,0,0,0,0,0,0,0,0,0,0,0,0,0,0,0,0,0,0,0,0,0,0,0,0,0,0,0,0,0,0,0,0,0,0,0,0,0,0,0,0,0,0,0,0,0,0,0,0,0,0,0,0,0,0,0,0,0,0,0,0,0,0,0,0,0,0,0,0,0,0,0,0,0,0,0,0,0,0,0,0,0
6,0,0,0,0,0,0,0,0,0,0,0,0,0,0,0,0,0,0,0,0,0,0,0,0,0,0,0,0,0,0,0,0,0,0,0,0,0,0,0,0,0,0,0,0,0,0,0,0,0,0,0,0,0,0,0,0,0,0,0,0,0,0,0,0,0,0,0,2,101,147,0,0,0,0,0,0,0,0,0,0,0,0,0,0,0,0,0,0,0,0,0,0,0,0,0,40,252,175,0,0,0,0,0,0,0,0,0,0,0,0,0,0,0,0,0,0,0,0,0,0,0,0,0,213,252,132,0,0,0,0,0,0,0,0,0,0,0,0,0,0,0,0,0,0,0,0,0,0,0,5,147,250,143,3,0,0,0,0,0,0,0,0,0,0,0,0,0,0,0,0,0,0,0,0,0,0,0,80,252,98,0,0,0,0,0,0,0,0,0,0,0,0,0,0,0,0,0,0,0,0,0,0,0,0,0,165,221,14,0,0,0,0,0,0,0,20,19,0,0,0,0,0,0,0,0,0,0,0,0,0,0,0,74,243,110,0,0,0,0,0,0,10,127,236,236,173,0,0,0,0,0,0,0,0,0,0,0,0,0,0,151,197,0,0,0,0,0,0,60,236,252,252,252,248,61,0,0,0,0,0,0,0,0,0,0,0,0,0,242,163,0,0,0,0,0,11,199,252,168,66,212,249,69,0,0,0,0,0,0,0,0,0,0,0,0,44,227,12,0,0,0,0,0,177,252,166,2,0,198,241,0,0,0,0,0,0,0,0,0,0,0,0,0,162,217,0,0,0,0,0,63,255,201,19,0,0,151,242,0,0,0,0,0,0,0,0,0,0,0,0,0,209,149,0,0,0,0,0,187,253,77,0,0,0,198,164,0,0,0,0,0,0,0,0,0,0,0,0,0,209,187,0,0,0,0,0,220,226,13,0,0,46,243,131,0,0,0,0,0,0,0,0,0,0,0,0,0,209,121,0,0,0,0,41,237,211,0,0,12,206,252,26,0,0,0,0,0,0,0,0,0,0,0,0,0,209,192,0,0,0,0,78,252,111,0,0,119,252,170,8,0,0,0,0,0,0,0,0,0,0,0,0,0,209,230,0,0,0,0,78,252,111,0,79,250,252,55,0,0,0,0,0,0,0,0,0,0,0,0,0,0,105,250,132,0,0,0,78,252,164,40,221,237,60,5,0,0,0,0,0,0,0,0,0,0,0,0,0,0,0,175,231,154,13,0,97,252,253,252,252,121,0,0,0,0,0,0,0,0,0,0,0,0,0,0,0,0,0,92,226,252,193,187,236,252,253,252,252,87,0,0,0,0,0,0,0,0,0,0,0,0,0,0,0,0,0,0,46,142,243,252,219,142,157,223,100,2,0,0,0,0,0,0,0,0,0,0,0,0,0,0,0,0,0,0,0,0,0,0,0,0,0,0,0,0,0,0,0,0,0,0,0,0,0,0,0,0,0,0,0,0,0,0,0,0,0,0,0,0,0,0,0,0,0,0,0,0,0,0,0,0,0,0,0,0,0,0,0,0,0,0,0,0,0,0,0,0,0,0,0,0,0,0,0,0,0,0,0,0,0,0,0,0,0,0,0,0,0,0,0,0,0,0,0,0,0,0,0,0,0,0,0,0,0,0,0,0,0,0,0,0,0,0,0,0,0,0,0,0,0,0,0,0,0,0,0,0,0,0,0,0,0,0,0,0,0,0,0,0,0,0,0,0,0,0,0,0,0,0,0,0,0,0,0,0,0,0,0,0,0,0,0,0,0
4,0,0,0,0,0,0,0,0,0,0,0,0,0,0,0,0,0,0,0,0,0,0,0,0,0,0,0,0,0,0,0,0,0,0,0,0,0,0,0,0,0,0,0,0,0,0,0,0,0,0,0,0,0,0,0,0,0,0,0,0,0,0,0,0,0,0,0,0,0,0,0,0,0,0,0,0,0,0,0,0,0,0,0,0,0,0,0,0,0,0,0,0,0,0,0,0,0,0,0,0,0,0,0,0,0,0,0,0,0,0,0,0,0,0,0,0,0,0,0,0,0,0,0,0,0,0,0,0,0,0,0,0,0,0,0,0,0,0,0,0,0,0,0,0,0,0,0,0,0,0,0,0,0,0,0,0,0,0,0,0,13,183,255,46,0,0,0,0,0,0,0,0,0,0,0,0,0,0,0,0,0,0,0,0,0,0,0,89,136,253,232,29,0,0,0,0,0,0,0,0,0,0,0,0,0,0,0,0,0,0,0,0,0,0,101,238,253,248,46,0,0,0,0,0,0,0,0,0,0,0,0,0,9,84,45,0,0,0,0,0,0,11,205,253,231,79,0,0,0,0,0,0,0,0,0,0,0,0,0,54,185,246,78,0,0,0,0,0,0,85,86,230,186,0,0,0,0,0,0,0,0,0,0,0,0,0,26,233,163,55,0,0,0,0,0,0,0,63,156,231,57,0,0,0,0,0,0,0,0,0,0,0,3,135,142,208,23,0,0,0,0,0,0,0,0,214,253,141,0,0,0,0,0,0,0,0,0,0,0,0,47,253,253,67,0,0,0,0,0,0,0,0,59,223,253,129,0,0,0,0,0,0,0,0,0,0,0,0,47,253,253,67,0,0,0,0,0,0,0,0,51,188,253,85,0,0,0,0,0,0,0,0,0,0,0,0,69,253,253,147,5,0,0,0,0,0,0,47,38,239,205,10,0,0,0,0,0,0,0,0,0,0,0,0,68,253,253,253,196,99,12,0,0,61,59,187,215,251,175,0,0,0,0,0,0,0,0,0,0,0,0,0,1,124,252,253,253,253,250,249,249,252,252,253,253,253,158,0,0,0,0,0,0,0,0,0,0,0,0,0,0,0,117,194,253,253,253,253,253,235,199,253,253,170,47,0,0,0,0,0,0,0,0,0,0,0,0,0,0,0,0,5,26,148,125,15,15,12,6,54,253,184,39,0,0,0,0,0,0,0,0,0,0,0,0,0,0,0,0,0,0,0,0,0,0,0,0,12,177,253,72,0,0,0,0,0,0,0,0,0,0,0,0,0,0,0,0,0,0,0,0,0,0,0,0,139,237,253,72,0,0,0,0,0,0,0,0,0,0,0,0,0,0,0,0,0,0,0,0,0,0,0,0,194,253,232,24,0,0,0,0,0,0,0,0,0,0,0,0,0,0,0,0,0,0,0,0,0,0,0,0,203,186,133,0,0,0,0,0,0,0,0,0,0,0,0,0,0,0,0,0,0,0,0,0,0,0,0,0,249,167,92,0,0,0,0,0,0,0,0,0,0,0,0,0,0,0,0,0,0,0,0,0,0,0,0,0,130,12,0,0,0,0,0,0,0,0,0,0,0,0,0,0,0,0,0,0,0,0,0,0,0,0,0,0,0,0,0,0,0,0,0,0,0,0,0,0,0,0,0,0,0,0,0,0,0,0,0,0,0,0,0,0,0,0,0,0,0,0,0,0,0,0,0,0,0,0,0,0,0,0,0,0,0,0,0,0,0,0,0,0,0,0,0,0,0,0,0,0,0,0,0,0,0
3,0,0,0,0,0,0,0,0,0,0,0,0,0,0,0,0,0,0,0,0,0,0,0,0,0,0,0,0,0,0,0,0,0,0,0,0,0,0,0,0,0,0,0,0,0,0,0,0,0,0,0,0,0,0,0,0,0,0,0,0,0,0,0,0,0,0,0,0,0,0,0,0,0,0,0,0,0,0,0,0,0,0,0,0,0,0,0,0,0,0,0,0,0,0,0,0,0,0,0,0,0,0,0,0,0,0,0,0,0,0,0,0,0,0,0,0,0,0,0,0,0,0,0,0,0,0,0,0,0,0,0,0,0,0,0,0,0,0,0,0,0,0,0,0,0,0,0,0,64,128,128,128,255,128,255,191,128,64,0,0,0,0,0,0,0,0,0,0,0,0,0,0,0,0,0,64,255,255,191,255,255,255,255,255,255,255,64,0,0,0,0,0,0,0,0,0,0,0,0,0,0,0,0,128,255,255,255,255,255,255,255,255,255,255,255,64,0,0,0,0,0,0,0,0,0,0,0,0,0,0,0,64,128,128,128,128,64,0,128,191,255,255,255,128,0,0,0,0,0,0,0,0,0,0,0,0,0,0,0,0,0,0,0,0,0,0,0,128,255,255,255,128,0,0,0,0,0,0,0,0,0,0,0,0,0,0,0,0,0,0,0,0,64,128,128,191,255,255,255,64,0,0,0,0,0,0,0,0,0,0,0,0,0,0,0,0,0,0,0,128,255,255,255,255,255,255,191,0,0,0,0,0,0,0,0,0,0,0,0,0,0,0,0,0,0,0,64,255,255,255,255,255,255,191,64,0,0,0,0,0,0,0,0,0,0,0,0,0,0,0,0,0,0,128,255,255,255,255,255,255,255,0,0,0,0,0,0,0,0,0,0,0,0,0,0,0,0,0,0,0,0,255,255,255,255,255,255,255,255,191,64,0,0,0,0,0,0,0,0,0,0,0,0,0,0,0,0,0,0,191,255,255,255,255,255,255,255,255,191,0,0,0,0,0,0,0,0,0,0,0,0,0,0,0,0,0,0,0,128,128,128,128,128,255,255,255,255,128,0,0,0,0,0,0,0,0,0,0,0,0,0,0,0,0,0,0,0,0,0,0,0,64,255,255,255,191,0,0,0,0,0,0,0,0,0,0,0,0,0,0,0,0,0,0,0,0,0,0,0,0,255,255,255,255,0,0,0,0,0,0,0,0,0,0,0,0,0,0,0,0,0,0,0,64,0,0,0,0,255,255,255,255,0,0,0,0,0,0,0,0,0,0,0,0,0,0,0,0,0,0,128,255,191,0,64,255,255,255,255,128,0,0,0,0,0,0,0,0,0,0,0,0,0,0,0,0,0,128,191,255,255,191,255,255,255,255,255,0,0,0,0,0,0,0,0,0,0,0,0,0,0,0,0,0,0,0,255,255,255,255,255,255,255,255,128,0,0,0,0,0,0,0,0,0,0,0,0,0,0,0,0,0,0,0,255,255,255,255,255,255,255,64,0,0,0,0,0,0,0,0,0,0,0,0,0,0,0,0,0,0,0,0,0,191,255,255,255,128,64,0,0,0,0,0,0,0,0,0,0,0,0,0,0,0,0,0,0,0,0,0,0,0,0,0,0,0,0,0,0,0,0,0,0,0,0,0,0,0,0,0,0,0,0,0,0,0,0,0,0,0,0,0,0,0,0,0,0,0,0,0,0,0,0,0,0,0,0,0,0,0,0,0,0,0,0,0,0,0,0,0,0,0,0,0,0,0,0,0,0,0,0,0,0,0
0,0,0,0,0,0,0,0,0,0,0,0,0,0,0,0,0,0,0,0,0,0,0,0,0,0,0,0,0,0,0,0,0,0,0,0,0,0,0,0,0,0,0,0,0,0,0,0,0,0,0,0,0,0,0,0,0,0,0,0,0,0,0,0,0,0,0,0,0,0,0,0,0,0,0,0,0,0,0,0,0,0,0,0,0,0,0,0,0,0,0,0,0,0,0,0,0,0,0,0,0,0,0,0,0,0,0,0,0,0,0,0,0,0,0,0,0,0,0,0,0,0,0,0,0,0,0,0,0,0,0,0,0,0,0,0,0,0,0,0,0,0,0,0,0,0,0,0,0,0,0,0,0,14,20,0,0,0,0,0,0,0,0,0,0,0,0,0,0,0,0,0,0,0,0,0,0,0,0,0,111,217,232,132,57,92,92,92,92,43,0,0,0,0,0,0,0,0,0,0,0,0,0,0,0,0,6,159,252,254,254,254,252,254,254,254,254,251,137,21,0,0,0,0,0,0,0,0,0,0,0,0,0,37,205,254,254,254,254,254,234,200,133,133,197,242,254,178,3,0,0,0,0,0,0,0,0,0,0,0,32,224,254,224,200,124,138,200,32,0,0,0,0,38,180,254,129,0,0,0,0,0,0,0,0,0,0,17,223,254,239,33,4,0,0,4,0,0,0,0,0,0,8,235,240,113,0,0,0,0,0,0,0,0,5,119,254,249,67,0,0,0,0,0,0,0,0,0,0,0,0,84,254,254,0,0,0,0,0,0,0,0,63,254,254,98,0,0,0,0,0,0,0,0,0,0,0,0,0,68,254,254,0,0,0,0,0,0,0,0,208,254,236,4,0,0,0,0,0,0,0,0,0,0,0,0,0,68,254,254,0,0,0,0,0,0,0,0,254,252,117,0,0,0,0,0,0,0,0,0,0,0,0,0,0,73,254,248,0,0,0,0,0,0,0,0,254,244,46,0,0,0,0,0,0,0,0,0,0,0,0,0,0,128,254,194,0,0,0,0,0,0,0,0,255,254,67,0,0,0,0,0,0,0,0,0,0,0,0,0,21,247,254,141,0,0,0,0,0,0,0,0,255,254,74,1,0,0,0,0,0,0,0,0,0,0,3,76,222,254,232,36,0,0,0,0,0,0,0,0,163,254,254,95,0,0,0,0,0,0,0,0,40,113,192,254,254,207,20,0,0,0,0,0,0,0,0,0,30,222,254,248,185,134,99,62,134,134,134,200,243,254,254,233,139,9,0,0,0,0,0,0,0,0,0,0,0,28,162,252,254,254,254,254,254,254,254,254,254,248,126,27,0,0,0,0,0,0,0,0,0,0,0,0,0,0,0,55,172,186,186,212,186,186,186,122,91,53,0,0,0,0,0,0,0,0,0,0,0,0,0,0,0,0,0,0,0,0,0,11,0,0,0,0,0,0,0,0,0,0,0,0,0,0,0,0,0,0,0,0,0,0,0,0,0,0,0,0,0,0,0,0,0,0,0,0,0,0,0,0,0,0,0,0,0,0,0,0,0,0,0,0,0,0,0,0,0,0,0,0,0,0,0,0,0,0,0,0,0,0,0,0,0,0,0,0,0,0,0,0,0,0,0,0,0,0,0,0,0,0,0,0,0,0,0,0,0,0,0,0,0,0,0,0,0,0,0,0,0,0,0,0,0,0,0,0,0,0,0,0,0,0,0,0,0,0,0,0,0,0,0,0,0,0,0,0,0,0,0,0,0,0,0,0,0,0,0,0,0,0,0,0,0,0,0
7,0,0,0,0,0,0,0,0,0,0,0,0,0,0,0,0,0,0,0,0,0,0,0,0,0,0,0,0,0,0,0,0,0,0,0,0,0,0,0,0,0,0,0,0,0,0,0,0,0,0,0,0,0,0,0,0,0,0,0,0,0,0,0,0,0,0,0,0,0,0,0,0,0,0,0,0,0,0,0,0,0,0,0,0,0,0,0,0,0,0,0,0,0,0,0,0,0,0,0,0,0,0,0,0,0,0,0,0,0,0,0,0,0,0,0,0,0,0,0,0,0,0,0,0,0,0,0,0,0,0,0,0,0,0,0,0,0,0,0,0,0,0,0,0,0,0,0,0,0,0,0,0,0,0,0,0,0,0,0,0,0,0,0,0,0,0,0,0,0,0,0,0,0,0,0,0,0,0,0,0,0,0,0,0,0,0,0,0,0,0,0,0,0,0,0,0,0,0,0,0,0,0,0,0,0,0,16,13,13,44,0,0,0,0,0,0,0,0,0,0,0,0,0,0,0,0,222,251,251,251,229,244,251,251,252,207,208,241,234,183,128,20,0,0,0,0,0,0,0,0,0,0,0,0,181,253,254,254,254,254,254,254,254,254,254,254,254,254,254,249,183,160,100,24,0,0,0,0,0,0,0,0,0,12,13,13,13,13,13,13,88,99,141,115,138,239,254,254,254,254,255,106,0,0,0,0,0,0,0,0,0,0,0,0,0,0,0,0,0,0,0,0,0,13,54,168,237,254,254,249,0,0,0,0,0,0,0,0,0,0,0,0,0,0,0,0,0,0,0,0,0,0,0,0,54,237,254,254,0,0,0,0,0,0,0,0,0,0,0,0,0,0,0,0,0,0,0,0,0,0,0,0,27,223,254,176,0,0,0,0,0,0,0,0,0,0,0,0,0,0,0,0,0,0,0,0,0,0,0,0,146,255,254,105,0,0,0,0,0,0,0,0,0,0,0,0,0,0,0,0,0,0,0,0,0,0,0,42,222,254,159,0,0,0,0,0,0,0,0,0,0,0,0,0,0,0,0,0,0,0,0,0,0,0,26,223,254,238,65,0,0,0,0,0,0,0,0,0,0,0,0,0,0,0,0,0,0,0,0,0,0,27,210,254,253,77,0,0,0,0,0,0,0,0,0,0,0,0,0,0,0,0,0,0,0,0,0,0,5,191,254,252,92,0,0,0,0,0,0,0,0,0,0,0,0,0,0,0,0,0,0,0,0,0,0,0,139,254,254,187,0,0,0,0,0,0,0,0,0,0,0,0,0,0,0,0,0,0,0,0,0,0,0,75,243,254,190,14,0,0,0,0,0,0,0,0,0,0,0,0,0,0,0,0,0,0,0,0,0,0,24,228,254,229,35,0,0,0,0,0,0,0,0,0,0,0,0,0,0,0,0,0,0,0,0,0,0,24,208,254,254,56,0,0,0,0,0,0,0,0,0,0,0,0,0,0,0,0,0,0,0,0,0,0,3,195,254,254,135,15,0,0,0,0,0,0,0,0,0,0,0,0,0,0,0,0,0,0,0,0,0,0,110,254,254,165,15,0,0,0,0,0,0,0,0,0,0,0,0,0,0,0,0,0,0,0,0,0,0,0,193,254,178,31,0,0,0,0,0,0,0,0,0,0,0,0,0,0,0,0,0,0,0,0,0,0,0,0,43,68,0,0,0,0,0,0,0,0,0,0,0,0,0,0,0,0,0,0,0,0,0,0,0,0,0,0,0,0,0,0,0,0,0,0,0,0,0,0,0,0,0,0,0,0
0,0,0,0,0,0,0,0,0,0,0,0,0,0,0,0,0,0,0,0,0,0,0,0,0,0,0,0,0,0,0,0,0,0,0,0,0,0,0,0,0,0,0,0,0,0,0,0,0,0,0,0,0,0,0,0,0,0,0,0,0,0,0,0,0,0,0,0,0,0,0,0,0,0,0,0,0,0,0,0,0,0,0,0,0,0,0,0,0,0,0,0,0,0,0,0,0,0,0,0,0,0,0,0,0,0,0,0,0,0,0,0,0,0,0,0,0,0,0,0,0,0,0,0,86,254,254,254,254,135,0,0,0,0,0,0,0,0,0,0,0,0,0,0,0,0,0,0,0,0,0,90,250,253,253,253,253,252,248,160,118,45,0,0,0,0,0,0,0,0,0,0,0,0,0,0,0,0,0,216,253,253,253,253,253,253,253,253,253,232,103,0,0,0,0,0,0,0,0,0,0,0,0,0,0,0,144,251,253,253,224,48,49,170,253,253,253,253,234,0,0,0,0,0,0,0,0,0,0,0,0,0,0,95,251,253,253,182,18,0,0,6,49,170,253,253,251,149,0,0,0,0,0,0,0,0,0,0,0,0,88,225,253,253,253,61,0,0,0,0,0,26,221,253,253,245,42,0,0,0,0,0,0,0,0,0,0,40,245,253,253,253,137,7,0,0,0,0,0,0,42,221,253,253,117,0,0,0,0,0,0,0,0,0,0,118,253,253,253,225,27,0,0,0,0,0,0,0,0,156,253,253,117,0,0,0,0,0,0,0,0,0,0,118,253,253,253,58,0,0,0,0,0,0,0,0,0,156,253,253,117,0,0,0,0,0,0,0,0,0,0,151,253,253,177,8,0,0,0,0,0,0,0,0,0,156,253,253,217,0,0,0,0,0,0,0,0,0,0,248,253,253,58,0,0,0,0,0,0,0,0,0,0,156,253,253,247,0,0,0,0,0,0,0,0,0,0,154,253,253,120,0,0,0,0,0,0,0,0,0,0,156,253,253,220,0,0,0,0,0,0,0,0,0,0,208,253,253,155,0,0,0,0,0,0,0,0,0,6,174,253,253,117,0,0,0,0,0,0,0,0,0,0,160,253,253,155,0,0,0,0,0,0,0,0,7,134,253,253,253,117,0,0,0,0,0,0,0,0,0,0,118,253,253,155,0,0,0,0,0,0,0,6,67,253,253,253,252,102,0,0,0,0,0,0,0,0,0,0,45,246,253,216,33,0,0,0,0,7,27,134,253,253,253,251,148,0,0,0,0,0,0,0,0,0,0,0,0,241,253,253,216,40,128,150,150,174,253,253,253,253,251,215,0,0,0,0,0,0,0,0,0,0,0,0,0,105,243,253,253,253,253,253,253,253,253,253,253,253,153,0,0,0,0,0,0,0,0,0,0,0,0,0,0,0,229,253,253,253,250,253,253,221,210,156,183,117,45,0,0,0,0,0,0,0,0,0,0,0,0,0,0,0,0,161,139,234,83,123,123,95,0,0,0,0,0,0,0,0,0,0,0,0,0,0,0,0,0,0,0,0,0,0,0,0,0,0,0,0,0,0,0,0,0,0,0,0,0,0,0,0,0,0,0,0,0,0,0,0,0,0,0,0,0,0,0,0,0,0,0,0,0,0,0,0,0,0,0,0,0,0,0,0,0,0,0,0,0,0,0,0,0,0,0,0,0,0,0,0,0,0,0,0,0,0,0,0,0,0,0,0,0,0,0,0,0,0,0,0,0,0,0,0,0,0,0,0,0,0,0,0,0,0,0,0
2,0,0,0,0,0,0,0,0,0,0,0,0,0,0,0,0,0,0,0,0,0,0,0,0,0,0,0,0,0,0,0,0,0,0,0,0,0,0,0,0,0,0,0,0,0,0,0,0,0,0,0,0,0,0,0,0,0,0,0,0,0,0,0,0,0,0,0,0,0,0,0,0,0,0,0,0,0,0,0,0,0,0,0,0,0,0,0,0,0,0,0,0,0,0,0,0,0,0,0,0,0,0,0,0,0,0,0,0,0,0,0,0,0,0,0,0,0,0,0,47,136,241,254,254,254,254,254,255,202,130,8,0,0,0,0,0,0,0,0,0,0,0,0,0,0,0,33,228,253,253,253,253,231,135,191,218,234,253,195,54,0,0,0,0,0,0,0,0,0,0,0,0,0,0,43,240,253,253,252,189,31,0,0,0,37,145,253,178,15,0,0,0,0,0,0,0,0,0,0,0,0,0,0,82,182,182,68,0,0,0,0,0,0,3,141,253,158,0,0,0,0,0,0,0,0,0,0,0,0,0,0,0,0,0,0,0,0,0,0,0,0,0,6,182,241,85,0,0,0,0,0,0,0,0,0,0,0,0,0,0,0,0,0,0,0,0,0,0,0,0,0,117,253,170,0,0,0,0,0,0,0,0,0,0,0,0,0,0,0,0,0,0,0,0,0,0,0,0,0,48,253,170,0,0,0,0,0,0,0,0,0,0,0,0,0,0,0,0,0,0,0,0,0,0,0,0,0,48,253,170,0,0,0,0,0,0,0,0,0,0,0,0,0,0,0,0,0,0,0,0,0,0,0,0,0,123,253,170,0,0,0,0,0,0,0,0,0,0,0,0,0,0,0,0,0,0,0,0,0,0,0,0,0,166,253,88,0,0,0,0,0,0,0,0,0,0,0,0,0,0,0,0,0,0,0,0,0,0,0,0,10,192,203,12,0,0,0,0,0,0,0,0,0,0,0,0,0,0,0,0,0,0,0,0,0,0,0,5,114,253,188,0,0,0,0,0,0,0,0,0,0,0,0,0,0,0,0,0,0,0,0,0,0,0,0,12,253,253,81,0,0,0,0,0,0,0,0,0,0,0,0,0,0,4,54,130,17,6,0,0,0,0,6,189,253,146,2,0,0,0,0,0,0,0,0,0,0,0,0,0,32,177,253,253,253,194,148,121,7,0,127,253,236,37,0,0,0,0,0,0,0,0,0,0,0,0,0,24,184,253,215,102,201,210,253,253,186,166,246,251,127,0,0,0,0,0,0,0,0,0,0,0,0,0,0,36,253,202,13,0,0,7,90,234,253,253,253,241,0,0,0,0,0,0,0,0,0,0,0,0,0,0,0,36,253,239,105,10,0,47,157,238,253,253,253,251,132,29,0,0,0,0,0,0,0,0,0,0,0,0,0,22,174,253,253,223,219,238,253,253,223,54,88,251,253,134,0,0,0,0,0,0,0,0,0,0,0,0,0,0,4,50,232,253,253,253,234,108,12,0,0,83,253,250,121,0,0,0,0,0,0,0,0,0,0,0,0,0,0,0,0,0,0,0,0,0,0,0,0,0,0,0,0,0,0,0,0,0,0,0,0,0,0,0,0,0,0,0,0,0,0,0,0,0,0,0,0,0,0,0,0,0,0,0,0,0,0,0,0,0,0,0,0,0,0,0,0,0,0,0,0,0,0,0,0,0,0,0,0,0,0,0,0,0,0,0,0,0,0,0,0,0,0,0,0,0,0,0,0,0,0,0,0,0,0,0,0,0,0,0,0,0,0,0
9,0,0,0,0,0,0,0,0,0,0,0,0,0,0,0,0,0,0,0,0,0,0,0,0,0,0,0,0,0,0,0,0,0,0,0,0,0,0,0,0,0,0,0,0,0,0,0,0,0,0,0,0,0,0,0,0,0,0,0,0,0,0,0,0,0,0,0,0,0,0,0,0,0,0,0,0,0,0,0,0,0,0,0,0,0,0,0,0,0,0,0,0,0,0,0,0,0,0,0,0,0,0,0,0,0,0,0,0,0,0,0,0,0,0,0,0,0,0,0,0,0,0,0,0,0,0,0,0,0,0,0,0,0,0,0,0,0,0,0,0,0,0,0,0,0,0,0,0,0,0,0,0,0,0,0,0,0,0,0,0,0,0,0,0,0,0,0,0,0,0,0,0,0,0,0,0,0,0,0,0,45,154,208,248,230,254,255,138,0,0,0,0,0,0,0,0,0,0,0,0,0,0,0,0,0,0,0,40,205,254,254,254,254,254,254,213,31,0,0,0,0,0,0,0,0,0,0,0,0,0,0,0,0,0,17,210,254,254,254,254,236,254,254,254,125,0,0,0,0,0,0,0,0,0,0,0,0,0,0,0,0,0,98,254,254,254,152,40,26,151,254,254,168,0,0,0,0,0,0,0,0,0,0,0,0,0,0,0,0,0,166,254,254,202,44,0,10,207,254,254,205,0,0,0,0,0,0,0,0,0,0,0,0,0,0,0,0,0,53,252,254,242,83,136,180,254,254,254,125,0,0,0,0,0,0,0,0,0,0,0,0,0,0,0,0,0,0,189,254,254,254,254,254,254,254,254,63,0,0,0,0,0,0,0,0,0,0,0,0,0,0,0,0,0,0,3,56,209,254,254,254,254,254,201,1,0,0,0,0,0,0,0,0,0,0,0,0,0,0,0,0,0,0,0,0,88,228,254,254,254,238,92,0,0,0,0,0,0,0,0,0,0,0,0,0,0,0,0,0,0,0,0,0,103,248,254,254,254,61,0,0,0,0,0,0,0,0,0,0,0,0,0,0,0,0,0,0,0,0,0,91,248,254,254,253,166,2,0,0,0,0,0,0,0,0,0,0,0,0,0,0,0,0,0,0,0,0,100,230,254,254,170,113,0,0,0,0,0,0,0,0,0,0,0,0,0,0,0,0,0,0,0,0,0,95,253,254,254,229,16,0,0,0,0,0,0,0,0,0,0,0,0,0,0,0,0,0,0,0,0,0,95,227,254,254,254,133,0,0,0,0,0,0,0,0,0,0,0,0,0,0,0,0,0,0,0,0,0,38,228,254,254,254,202,20,0,0,0,0,0,0,0,0,0,0,0,0,0,0,0,0,0,0,0,0,0,193,254,254,254,202,21,0,0,0,0,0,0,0,0,0,0,0,0,0,0,0,0,0,0,0,0,0,91,246,254,254,242,90,0,0,0,0,0,0,0,0,0,0,0,0,0,0,0,0,0,0,0,0,0,35,242,254,254,254,141,0,0,0,0,0,0,0,0,0,0,0,0,0,0,0,0,0,0,0,0,0,0,0,214,254,254,185,23,0,0,0,0,0,0,0,0,0,0,0,0,0,0,0,0,0,0,0,0,0,0,0,183,254,247,24,0,0,0,0,0,0,0,0,0,0,0,0,0,0,0,0,0,0,0,0,0,0,0,0,0,0,0,0,0,0,0,0,0,0,0,0,0,0,0,0,0,0,0,0,0,0,0,0,0,0,0,0,0,0,0,0,0,0,0,0,0,0,0,0,0,0,0,0,0,0,0,0,0
1,0,0,0,0,0,0,0,0,0,0,0,0,0,0,0,0,0,0,0,0,0,0,0,0,0,0,0,0,0,0,0,0,0,0,0,0,0,0,0,0,0,0,0,0,0,0,0,0,0,0,0,0,0,0,0,0,0,0,0,0,0,0,0,0,0,0,0,0,0,0,0,0,0,0,0,0,0,0,0,0,0,0,0,0,0,0,0,0,0,0,0,0,0,0,0,0,0,0,0,0,0,0,0,0,0,0,0,0,0,0,0,0,0,0,0,0,0,0,0,0,0,0,0,0,0,0,0,0,0,0,0,0,0,0,0,0,0,0,0,0,0,0,0,0,0,0,0,0,0,0,0,0,23,219,255,105,0,0,0,0,0,0,0,0,0,0,0,0,0,0,0,0,0,0,0,0,0,0,0,0,42,253,253,158,0,0,0,0,0,0,0,0,0,0,0,0,0,0,0,0,0,0,0,0,0,0,0,0,67,253,253,158,0,0,0,0,0,0,0,0,0,0,0,0,0,0,0,0,0,0,0,0,0,0,0,0,160,253,253,158,0,0,0,0,0,0,0,0,0,0,0,0,0,0,0,0,0,0,0,0,0,0,0,0,160,253,253,158,0,0,0,0,0,0,0,0,0,0,0,0,0,0,0,0,0,0,0,0,0,0,0,0,160,253,253,158,0,0,0,0,0,0,0,0,0,0,0,0,0,0,0,0,0,0,0,0,0,0,0,0,160,253,253,158,0,0,0,0,0,0,0,0,0,0,0,0,0,0,0,0,0,0,0,0,0,0,0,0,160,253,253,158,0,0,0,0,0,0,0,0,0,0,0,0,0,0,0,0,0,0,0,0,0,0,0,0,86,253,253,218,15,0,0,0,0,0,0,0,0,0,0,0,0,0,0,0,0,0,0,0,0,0,0,0,42,253,253,253,23,0,0,0,0,0,0,0,0,0,0,0,0,0,0,0,0,0,0,0,0,0,0,0,42,253,253,253,23,0,0,0,0,0,0,0,0,0,0,0,0,0,0,0,0,0,0,0,0,0,0,0,42,253,253,253,23,0,0,0,0,0,0,0,0,0,0,0,0,0,0,0,0,0,0,0,0,0,0,0,42,253,253,253,23,0,0,0,0,0,0,0,0,0,0,0,0,0,0,0,0,0,0,0,0,0,0,0,42,253,253,205,11,0,0,0,0,0,0,0,0,0,0,0,0,0,0,0,0,0,0,0,0,0,0,0,42,253,253,158,0,0,0,0,0,0,0,0,0,0,0,0,0,0,0,0,0,0,0,0,0,0,0,0,64,253,253,158,0,0,0,0,0,0,0,0,0,0,0,0,0,0,0,0,0,0,0,0,0,0,0,12,203,253,253,74,0,0,0,0,0,0,0,0,0,0,0,0,0,0,0,0,0,0,0,0,0,0,0,0,160,253,192,9,0,0,0,0,0,0,0,0,0,0,0,0,0,0,0,0,0,0,0,0,0,0,0,21,241,253,176,0,0,0,0,0,0,0,0,0,0,0,0,0,0,0,0,0,0,0,0,0,0,0,0,2,111,170,149,0,0,0,0,0,0,0,0,0,0,0,0,0,0,0,0,0,0,0,0,0,0,0,0,0,0,0,0,0,0,0,0,0,0,0,0,0,0,0,0,0,0,0,0,0,0,0,0,0,0,0,0,0,0,0,0,0,0,0,0,0,0,0,0,0,0,0,0,0,0,0,0,0,0,0,0,0,0,0,0,0,0,0,0,0,0,0,0,0,0,0,0,0,0,0,0,0
7,0,0,0,0,0,0,0,0,0,0,0,0,0,0,0,0,0,0,0,0,0,0,0,0,0,0,0,0,0,0,0,0,0,0,0,0,0,0,0,0,0,0,0,0,0,0,0,0,0,0,0,0,0,0,0,0,0,0,0,0,0,0,0,0,0,0,0,0,0,0,0,0,0,0,0,0,0,0,0,0,0,0,0,0,0,0,0,0,0,0,0,0,0,0,0,0,0,0,0,0,0,0,0,0,0,0,0,0,0,0,0,0,0,0,0,0,0,0,0,0,0,0,0,0,0,0,0,0,0,0,0,0,0,0,0,0,0,0,0,0,0,0,0,0,0,0,0,0,0,0,0,0,0,0,0,0,0,0,0,0,0,0,0,0,0,0,0,0,0,0,0,0,0,0,0,0,0,0,0,0,0,0,0,0,0,0,0,0,0,0,0,0,0,0,0,0,0,0,0,0,0,0,0,0,0,0,0,0,0,0,0,0,0,38,226,214,19,0,0,0,0,0,0,0,0,0,0,0,14,25,25,19,0,0,0,11,25,13,25,25,48,223,253,245,32,0,0,0,0,0,0,0,0,0,0,0,145,253,253,230,65,135,157,199,253,209,253,253,253,253,253,151,0,0,0,0,0,0,0,0,0,0,0,0,118,212,221,205,219,230,253,253,253,254,253,253,253,253,181,16,0,0,0,0,0,0,0,0,0,0,0,0,0,11,24,0,21,38,72,72,72,72,72,184,253,239,46,0,0,0,0,0,0,0,0,0,0,0,0,0,0,0,0,0,0,0,0,0,0,0,7,185,253,101,0,0,0,0,0,0,0,0,0,0,0,0,0,0,0,0,0,0,0,0,0,0,0,0,124,253,253,72,0,0,0,0,0,0,0,0,0,0,0,0,0,0,0,0,0,0,0,0,0,0,0,0,145,253,235,45,0,0,0,0,0,0,0,0,0,0,0,0,0,0,0,0,0,0,0,0,95,110,110,110,192,253,249,143,110,110,167,63,0,0,0,0,0,0,0,0,0,0,0,0,0,0,0,82,252,253,253,254,253,253,253,253,253,253,253,87,0,0,0,0,0,0,0,0,0,0,0,0,0,0,0,0,105,231,242,244,254,254,246,184,149,81,0,0,0,0,0,0,0,0,0,0,0,0,0,0,0,0,0,0,0,0,0,13,253,250,76,0,0,0,0,0,0,0,0,0,0,0,0,0,0,0,0,0,0,0,0,0,0,0,0,13,253,217,0,0,0,0,0,0,0,0,0,0,0,0,0,0,0,0,0,0,0,0,0,0,0,0,0,94,253,217,0,0,0,0,0,0,0,0,0,0,0,0,0,0,0,0,0,0,0,0,0,0,0,0,0,133,253,217,0,0,0,0,0,0,0,0,0,0,0,0,0,0,0,0,0,0,0,0,0,0,0,0,0,226,253,182,0,0,0,0,0,0,0,0,0,0,0,0,0,0,0,0,0,0,0,0,0,0,0,0,0,254,253,96,0,0,0,0,0,0,0,0,0,0,0,0,0,0,0,0,0,0,0,0,0,0,0,0,0,254,253,96,0,0,0,0,0,0,0,0,0,0,0,0,0,0,0,0,0,0,0,0,0,0,0,0,0,254,253,96,0,0,0,0,0,0,0,0,0,0,0,0,0,0,0,0,0,0,0,0,0,0,0,0,0,81,242,51,0,0,0,0,0,0,0,0,0,0,0,0,0,0,0,0,0,0,0,0,0,0,0,0,0,0,0,0,0,0,0,0,0,0,0,0,0,0,0,0
3,0,0,0,0,0,0,0,0,0,0,0,0,0,0,0,0,0,0,0,0,0,0,0,0,0,0,0,0,0,0,0,0,0,0,0,0,0,0,0,0,0,0,0,0,0,0,0,0,0,0,0,0,0,0,0,0,0,0,0,0,0,0,0,0,0,0,0,0,0,0,0,0,0,0,0,0,0,0,0,0,0,0,0,0,0,0,0,0,0,0,0,0,0,0,0,0,0,0,0,0,0,0,0,0,0,0,0,0,0,0,0,0,0,0,0,0,0,0,0,0,0,0,0,0,54,175,230,254,132,0,0,0,0,0,0,0,0,0,0,0,0,0,0,0,0,0,0,0,0,0,0,66,236,209,245,254,242,59,0,0,0,0,0,0,0,0,0,0,0,0,0,0,0,0,0,0,0,0,41,236,206,53,33,147,254,150,0,0,0,0,0,0,0,0,0,0,0,0,0,0,0,0,0,0,0,0,181,218,8,0,0,32,242,113,0,0,0,0,0,0,0,0,0,0,0,0,0,0,0,0,0,0,0,0,72,105,2,0,0,32,236,75,0,0,0,0,0,0,0,0,0,0,0,0,0,0,0,0,0,0,0,0,0,0,0,0,16,160,222,80,0,0,0,0,0,0,0,0,0,0,0,0,0,0,0,0,0,0,0,0,0,0,0,10,215,254,151,0,0,0,0,0,0,0,0,0,0,0,0,0,0,0,0,0,0,0,0,0,0,0,62,217,254,173,24,0,0,0,0,0,0,0,0,0,0,0,0,0,0,0,0,0,0,0,0,0,8,143,250,254,245,44,0,0,0,0,0,0,0,0,0,0,0,0,0,0,0,0,0,0,0,0,0,0,131,254,254,254,254,192,0,0,0,0,0,0,0,0,0,0,0,0,0,0,0,0,0,0,0,0,0,0,45,224,239,164,229,151,175,126,1,0,0,0,0,0,0,0,0,0,0,0,0,0,0,0,0,0,0,0,0,0,0,0,0,28,228,254,170,45,0,0,0,0,0,0,0,0,0,0,0,0,0,0,0,0,0,0,0,0,0,0,0,0,9,148,254,134,0,0,0,0,0,0,0,0,0,0,0,0,0,0,0,0,0,0,0,0,0,0,0,0,0,8,220,179,0,0,0,0,0,0,0,0,0,0,0,0,0,0,0,0,0,0,0,0,0,0,0,0,0,0,184,239,0,0,0,0,0,0,0,0,0,0,0,0,0,0,0,0,0,0,0,0,0,0,0,0,0,64,254,154,0,0,0,0,0,0,0,0,0,0,0,0,0,0,0,0,35,10,0,0,0,0,0,4,87,207,254,20,0,0,0,0,0,0,0,0,0,0,0,0,0,0,0,12,162,120,0,0,0,0,3,148,254,254,174,0,0,0,0,0,0,0,0,0,0,0,0,0,0,0,0,28,245,208,36,12,24,89,225,254,254,198,17,0,0,0,0,0,0,0,0,0,0,0,0,0,0,0,0,0,189,255,247,241,244,254,255,234,80,7,0,0,0,0,0,0,0,0,0,0,0,0,0,0,0,0,0,0,0,0,0,0,0,0,0,0,0,0,0,0,0,0,0,0,0,0,0,0,0,0,0,0,0,0,0,0,0,0,0,0,0,0,0,0,0,0,0,0,0,0,0,0,0,0,0,0,0,0,0,0,0,0,0,0,0,0,0,0,0,0,0,0,0,0,0,0,0,0,0,0,0,0,0,0,0,0,0,0,0,0,0,0,0,0,0,0,0,0,0,0,0,0,0,0,0,0,0,0,0,0,0,0
2,0,0,0,0,0,0,0,0,0,0,0,0,0,0,0,0,0,0,0,0,0,0,0,0,0,0,0,0,0,0,0,0,0,0,0,0,0,0,0,0,0,0,0,0,0,0,0,0,0,0,0,0,0,0,0,0,0,0,0,0,0,0,0,0,0,0,0,0,0,0,0,0,0,0,0,0,0,0,0,0,0,0,0,0,0,0,0,0,0,0,0,0,0,0,0,0,0,0,0,0,0,0,0,0,0,0,0,0,0,0,0,0,0,0,0,0,0,0,0,0,0,0,0,0,0,0,0,0,0,0,0,0,0,0,0,0,0,0,0,0,0,0,0,0,0,0,0,0,0,0,0,0,0,0,0,0,0,0,0,0,0,0,0,0,0,0,0,0,0,0,0,0,0,0,0,0,0,0,0,0,0,0,0,0,0,0,0,0,0,0,0,0,0,0,0,0,0,0,0,0,0,0,0,0,0,4,37,128,140,140,140,58,16,0,0,0,0,0,0,0,0,0,0,0,0,0,0,0,0,0,0,47,118,194,253,253,253,253,253,253,215,80,0,0,0,0,0,0,0,0,0,0,0,0,0,0,0,0,102,198,253,229,155,33,20,20,42,124,251,247,162,0,0,0,0,0,0,0,0,0,0,0,0,0,0,63,236,243,105,6,0,0,0,0,0,0,105,253,244,51,0,0,0,0,0,0,0,0,0,0,0,0,0,242,253,126,0,0,0,0,0,0,0,0,5,199,253,72,0,0,0,0,0,0,0,0,0,0,0,0,0,255,253,114,0,0,0,0,0,0,0,0,0,192,253,72,0,0,0,0,0,0,0,0,0,0,0,0,0,103,64,19,0,0,0,0,0,0,0,0,35,244,227,12,0,0,0,0,0,0,0,0,0,0,0,0,0,0,0,0,0,0,0,0,0,0,0,0,127,253,137,0,0,0,0,0,0,0,0,0,0,0,0,0,0,0,0,0,0,0,0,0,0,0,0,120,253,142,3,0,0,0,0,0,0,0,0,0,0,0,0,0,0,0,0,0,0,0,0,0,0,0,69,253,213,27,0,0,0,0,0,0,0,0,0,0,0,0,0,0,0,0,0,0,0,0,0,0,0,120,230,183,28,0,0,0,0,0,0,0,0,0,0,0,0,0,0,0,0,0,0,0,0,0,0,22,160,250,180,3,0,0,0,0,0,0,0,0,0,0,0,0,0,0,0,0,0,0,0,0,0,0,0,194,253,207,79,16,32,0,0,0,0,0,0,18,47,0,0,0,0,0,0,0,0,0,0,0,0,13,154,250,253,253,253,233,235,223,228,228,228,201,129,234,243,0,0,0,0,0,0,0,0,0,0,0,0,69,253,130,83,83,83,83,69,141,143,154,91,214,143,229,253,0,0,0,0,0,0,0,0,0,0,0,0,4,36,19,0,0,0,0,0,0,0,0,0,15,0,23,36,0,0,0,0,0,0,0,0,0,0,0,0,0,0,0,0,0,0,0,0,0,0,0,0,0,0,0,0,0,0,0,0,0,0,0,0,0,0,0,0,0,0,0,0,0,0,0,0,0,0,0,0,0,0,0,0,0,0,0,0,0,0,0,0,0,0,0,0,0,0,0,0,0,0,0,0,0,0,0,0,0,0,0,0,0,0,0,0,0,0,0,0,0,0,0,0,0,0,0,0,0,0,0,0,0,0,0,0,0,0,0,0,0,0,0,0,0,0,0,0,0,0,0,0,0,0,0,0,0,0,0,0,0,0,0,0,0,0,0,0,0,0,0
9,0,0,0,0,0,0,0,0,0,0,0,0,0,0,0,0,0,0,0,0,0,0,0,0,0,0,0,0,0,0,0,0,0,0,0,0,0,0,0,0,0,0,0,0,0,0,0,0,0,0,0,0,0,0,0,0,0,0,0,0,0,0,0,0,0,0,0,0,0,0,0,0,0,0,0,0,0,0,0,0,0,0,0,0,0,0,0,0,0,0,0,0,0,0,0,0,0,0,0,0,0,0,0,0,0,0,0,0,0,0,0,0,0,0,0,0,0,0,0,0,0,0,0,0,0,0,0,0,0,0,0,0,0,0,0,0,0,0,0,0,0,0,0,0,0,0,0,0,0,0,0,0,0,0,0,0,0,0,0,0,0,0,0,0,0,0,0,0,0,0,0,0,0,0,0,0,0,0,0,0,0,0,0,70,202,255,126,2,0,0,0,0,0,0,0,0,0,0,0,0,0,0,0,0,0,0,0,0,0,0,72,239,253,253,253,10,0,0,0,0,0,0,0,0,0,0,0,0,0,0,0,0,0,0,0,0,0,17,242,253,193,166,253,13,0,0,0,0,0,0,0,0,0,0,0,0,0,0,0,0,0,0,0,0,52,202,253,180,7,60,253,119,0,0,0,0,0,0,0,0,0,0,0,0,0,0,0,0,0,0,0,72,211,248,103,14,0,60,253,153,0,0,0,0,0,0,0,0,0,0,0,0,0,0,0,0,0,0,66,244,250,134,0,9,123,233,253,175,0,0,0,0,0,0,0,0,0,0,0,0,0,0,0,0,0,16,232,253,146,52,157,233,253,253,253,52,0,0,0,0,0,0,0,0,0,0,0,0,0,0,0,0,0,54,245,253,208,249,253,253,253,253,220,7,0,0,0,0,0,0,0,0,0,0,0,0,0,0,0,0,0,0,220,253,253,240,253,253,252,186,13,0,0,0,0,0,0,0,0,0,0,0,0,0,0,0,0,0,0,0,43,92,92,47,253,253,139,0,0,0,0,0,0,0,0,0,0,0,0,0,0,0,0,0,0,0,0,0,0,0,0,164,253,141,4,0,0,0,0,0,0,0,0,0,0,0,0,0,0,0,0,0,0,0,0,0,0,0,82,252,253,54,0,0,0,0,0,0,0,0,0,0,0,0,0,0,0,0,0,0,0,0,0,0,0,0,158,253,217,18,0,0,0,0,0,0,0,0,0,0,0,0,0,0,0,0,0,0,0,0,0,0,0,40,242,247,77,0,0,0,0,0,0,0,0,0,0,0,0,0,0,0,0,0,0,0,0,0,0,0,0,153,253,226,0,0,0,0,0,0,0,0,0,0,0,0,0,0,0,0,0,0,0,0,0,0,0,0,8,223,253,102,0,0,0,0,0,0,0,0,0,0,0,0,0,0,0,0,0,0,0,0,0,0,0,0,11,253,253,21,0,0,0,0,0,0,0,0,0,0,0,0,0,0,0,0,0,0,0,0,0,0,0,0,118,253,253,58,118,54,0,0,0,0,0,0,0,0,0,0,0,0,0,0,0,0,0,0,0,0,0,0,43,253,253,253,238,39,0,0,0,0,0,0,0,0,0,0,0,0,0,0,0,0,0,0,0,0,0,0,2,171,253,200,68,0,0,0,0,0,0,0,0,0,0,0,0,0,0,0,0,0,0,0,0,0,0,0,0,0,0,0,0,0,0,0,0,0,0,0,0,0,0,0,0,0,0,0,0,0,0,0,0,0,0,0,0,0,0,0,0,0,0,0,0,0,0,0,0,0,0,0,0,0
7,0,0,0,0,0,0,0,0,0,0,0,0,0,0,0,0,0,0,0,0,0,0,0,0,0,0,0,0,0,0,0,0,0,0,0,0,0,0,0,0,0,0,0,0,0,0,0,0,0,0,0,0,0,0,0,0,0,0,0,0,0,0,0,0,0,0,0,0,0,0,0,0,0,0,0,0,0,0,0,0,0,0,0,0,0,0,0,0,0,0,0,0,0,0,0,0,0,0,0,0,0,0,0,0,0,0,0,0,0,0,0,0,0,0,0,0,0,0,0,0,0,0,0,0,0,0,0,0,0,0,0,0,0,0,0,0,0,0,0,0,0,0,0,0,0,0,0,0,0,0,0,0,0,0,0,0,0,0,0,0,0,0,0,0,0,0,0,0,0,0,0,0,0,0,0,0,0,0,0,0,0,0,0,0,0,0,0,0,0,0,0,0,0,0,0,0,0,0,0,0,0,0,0,0,0,0,0,0,0,32,118,207,254,254,254,255,254,138,0,0,0,0,0,0,0,0,0,0,0,0,0,74,116,234,234,234,234,239,253,253,253,253,253,253,253,228,37,0,0,0,0,0,0,0,0,0,0,29,191,244,253,253,253,253,253,253,253,253,253,253,253,253,253,253,96,0,0,0,0,0,0,0,0,0,0,97,253,253,253,253,253,253,253,253,253,253,253,253,253,253,253,222,23,0,0,0,0,0,0,0,0,0,0,84,248,253,253,253,253,253,253,244,219,219,145,253,253,253,253,212,0,0,0,0,0,0,0,0,0,0,0,0,86,131,221,103,103,103,103,75,0,0,15,253,253,253,253,212,0,0,0,0,0,0,0,0,0,0,0,0,0,0,0,0,0,0,0,0,0,86,200,253,253,253,253,141,0,0,0,0,0,0,0,0,0,0,0,0,0,0,0,0,0,0,0,0,21,203,253,253,253,253,133,2,0,0,0,0,0,0,0,0,0,0,0,0,0,0,0,0,0,0,0,25,195,253,253,253,253,253,54,0,0,0,0,0,0,0,0,0,0,0,0,0,0,0,0,0,0,0,25,194,253,253,253,253,225,139,10,0,0,0,0,0,0,0,0,0,0,0,0,0,0,0,0,0,0,0,190,253,253,253,253,230,47,0,0,0,0,0,0,0,0,0,0,0,0,0,0,0,0,0,0,0,0,87,244,253,253,253,249,46,0,0,0,0,0,0,0,0,0,0,0,0,0,0,0,0,0,0,0,8,144,251,253,253,253,249,165,0,0,0,0,0,0,0,0,0,0,0,0,0,0,0,0,0,0,0,0,82,253,253,253,253,253,89,0,0,0,0,0,0,0,0,0,0,0,0,0,0,0,0,0,0,0,0,89,248,253,253,253,253,151,5,0,0,0,0,0,0,0,0,0,0,0,0,0,0,0,0,0,0,0,93,243,253,253,253,253,193,9,0,0,0,0,0,0,0,0,0,0,0,0,0,0,0,0,0,0,0,0,192,253,253,253,253,231,65,0,0,0,0,0,0,0,0,0,0,0,0,0,0,0,0,0,0,0,0,0,87,240,253,253,253,212,26,0,0,0,0,0,0,0,0,0,0,0,0,0,0,0,0,0,0,0,0,0,0,161,253,253,253,78,0,0,0,0,0,0,0,0,0,0,0,0,0,0,0,0,0,0,0,0,0,0,0,16,124,253,119,12,0,0,0,0,0,0,0,0,0,0,0,0,0,0,0,0,0,0,0,0,0,0,0,0,0,0,0,0,0,0,0,0,0,0,0,0,0,0,0,0,0,0,0
7,0,0,0,0,0,0,0,0,0,0,0,0,0,0,0,0,0,0,0,0,0,0,0,0,0,0,0,0,0,0,0,0,0,0,0,0,0,0,0,0,0,0,0,0,0,0,0,0,0,0,0,0,0,0,0,0,0,0,0,0,0,0,0,0,0,0,0,0,0,0,0,0,0,0,0,0,0,0,0,0,0,0,0,0,0,0,0,0,0,0,0,0,0,0,0,0,0,0,0,0,0,0,0,0,0,0,0,0,0,0,0,0,0,0,0,0,0,0,0,0,0,0,0,0,0,0,0,0,0,0,0,0,0,0,0,0,0,0,0,0,0,0,0,0,0,0,0,0,0,0,0,0,0,0,0,0,0,0,0,0,0,0,0,0,0,0,0,0,0,0,0,0,0,0,0,0,0,0,0,0,0,0,0,0,0,0,0,0,0,0,0,0,0,0,0,0,0,0,0,0,0,0,0,0,0,123,174,51,14,0,8,78,236,49,0,0,0,0,0,0,0,0,0,0,0,0,0,0,0,0,0,0,0,253,252,252,211,190,201,252,252,163,0,0,0,0,0,0,0,0,0,0,0,0,0,0,0,0,0,0,0,253,252,252,252,252,253,252,252,247,38,0,0,0,0,0,0,0,0,0,0,0,0,0,0,0,0,0,71,253,252,98,154,215,253,252,252,252,42,0,0,0,0,0,0,0,0,0,0,0,0,0,0,0,0,0,106,253,252,21,0,18,42,42,236,252,42,0,0,0,0,0,0,0,0,0,0,0,0,0,0,0,0,0,107,255,253,21,0,0,0,0,233,253,60,0,0,0,0,0,0,0,0,0,0,0,0,0,0,0,0,0,106,253,252,21,0,0,0,0,232,252,147,0,0,0,0,0,0,0,0,0,0,0,0,0,0,0,0,0,106,253,252,21,0,0,0,0,232,252,147,0,0,0,0,0,0,0,0,0,0,0,0,0,0,0,0,0,80,227,252,21,0,0,0,0,232,252,147,0,0,0,0,0,0,0,0,0,0,0,0,0,0,0,0,0,0,42,147,12,0,0,0,0,232,252,147,0,0,0,0,0,0,0,0,0,0,0,0,0,0,0,0,0,0,0,0,0,0,0,0,0,233,253,147,0,0,0,0,0,0,0,0,0,0,0,0,0,0,0,0,0,0,0,0,0,0,0,0,0,232,252,147,0,0,0,0,0,0,0,0,0,0,0,0,0,0,0,0,0,0,0,0,0,0,0,0,0,232,252,147,0,0,0,0,0,0,0,0,0,0,0,0,0,0,0,0,0,0,0,0,0,0,0,0,0,232,252,147,0,0,0,0,0,0,0,0,0,0,0,0,0,0,0,0,0,0,0,0,0,0,0,0,0,232,252,147,0,0,0,0,0,0,0,0,0,0,0,0,0,0,0,0,0,0,0,0,0,0,0,0,0,233,253,209,0,0,0,0,0,0,0,0,0,0,0,0,0,0,0,0,0,0,0,0,0,0,0,0,0,232,252,252,0,0,0,0,0,0,0,0,0,0,0,0,0,0,0,0,0,0,0,0,0,0,0,0,0,232,252,252,0,0,0,0,0,0,0,0,0,0,0,0,0,0,0,0,0,0,0,0,0,0,0,0,0,232,252,252,0,0,0,0,0,0,0,0,0,0,0,0,0,0,0,0,0,0,0,0,0,0,0,0,0,47,217,164,0,0,0,0,0,0,0,0,0,0,0,0,0,0,0,0,0,0,0,0,0,0,0,0,0,0,0,0,0,0,0,0,0,0,0,0,0
6,0,0,0,0,0,0,0,0,0,0,0,0,0,0,0,0,0,0,0,0,0,0,0,0,0,0,0,0,0,0,0,0,0,0,0,0,0,0,0,0,0,0,0,0,0,0,0,0,0,0,0,0,0,0,0,0,0,0,0,0,0,0,0,0,0,0,0,0,0,0,0,0,0,0,0,0,0,0,0,0,0,0,0,0,0,0,0,0,0,0,0,0,0,0,0,0,0,0,0,79,168,140,3,0,0,0,0,0,0,0,0,0,0,0,0,0,0,0,0,0,0,0,0,0,0,82,198,243,254,254,15,0,0,0,0,0,0,0,0,0,0,0,0,0,0,0,0,0,0,0,0,3,88,253,254,254,254,254,15,0,0,0,0,0,0,0,0,0,0,0,0,0,0,0,0,0,0,0,0,50,254,254,254,254,207,134,4,0,0,0,0,0,0,0,0,0,0,0,0,0,0,0,0,0,0,0,8,176,254,254,238,105,9,0,0,0,0,0,0,0,0,0,0,0,0,0,0,0,0,0,0,0,0,0,145,255,254,251,30,0,0,0,0,0,0,0,0,0,0,0,0,0,0,0,0,0,0,0,0,0,0,19,214,254,225,47,0,0,0,0,0,0,0,0,0,0,0,0,0,0,0,0,0,0,0,0,0,0,0,199,254,251,103,0,0,0,0,0,0,0,0,0,0,0,0,0,0,0,0,0,0,0,0,0,0,0,0,235,255,151,0,0,0,0,0,0,0,0,0,0,0,0,0,0,0,0,0,0,0,0,0,0,0,0,0,235,254,134,0,0,0,0,0,0,0,0,0,0,0,0,0,0,0,0,0,0,0,0,0,0,0,0,67,251,226,40,0,0,0,0,17,100,197,171,10,0,0,0,0,0,0,0,0,0,0,0,0,0,0,0,70,251,181,0,0,0,0,75,249,254,254,254,103,0,0,0,0,0,0,0,0,0,0,0,0,0,0,0,0,235,181,0,0,0,19,221,254,254,254,254,234,0,0,0,0,0,0,0,0,0,0,0,0,0,0,0,0,235,181,0,0,0,108,254,254,244,167,216,234,0,0,0,0,0,0,0,0,0,0,0,0,0,0,0,0,235,204,10,0,2,186,254,242,73,10,205,234,0,0,0,0,0,0,0,0,0,0,0,0,0,0,0,0,226,255,134,8,6,254,254,119,0,92,254,174,0,0,0,0,0,0,0,0,0,0,0,0,0,0,0,0,103,254,254,175,72,254,254,147,105,250,254,26,0,0,0,0,0,0,0,0,0,0,0,0,0,0,0,0,4,181,253,254,254,254,254,254,254,254,183,4,0,0,0,0,0,0,0,0,0,0,0,0,0,0,0,0,0,0,134,254,254,254,254,254,234,184,27,0,0,0,0,0,0,0,0,0,0,0,0,0,0,0,0,0,0,0,3,72,238,233,150,133,30,0,0,0,0,0,0,0,0,0,0,0,0,0,0,0,0,0,0,0,0,0,0,0,0,0,0,0,0,0,0,0,0,0,0,0,0,0,0,0,0,0,0,0,0,0,0,0,0,0,0,0,0,0,0,0,0,0,0,0,0,0,0,0,0,0,0,0,0,0,0,0,0,0,0,0,0,0,0,0,0,0,0,0,0,0,0,0,0,0,0,0,0,0,0,0,0,0,0,0,0,0,0,0,0,0,0,0,0,0,0,0,0,0,0,0,0,0,0,0,0,0,0,0,0,0,0,0,0,0,0,0,0,0,0,0,0,0,0,0,0,0,0,0,0,0,0,0,0,0,0
2,0,0,0,0,0,0,0,0,0,0,0,0,0,0,0,0,0,0,0,0,0,0,0,0,0,0,0,0,0,0,0,0,0,0,0,0,0,0,0,0,0,0,0,0,0,0,0,0,0,0,0,0,0,0,0,0,0,0,0,0,0,0,0,0,0,0,0,0,0,0,0,0,0,0,0,0,0,0,0,0,0,0,0,0,0,0,0,0,0,0,0,0,0,0,0,0,2,18,18,55,137,192,131,8,0,0,0,0,0,0,0,0,0,0,0,0,0,0,0,0,0,0,16,95,164,254,254,254,254,254,254,178,0,0,0,0,0,0,0,0,0,0,0,0,0,0,0,0,41,151,207,254,254,254,254,254,254,254,254,225,0,0,0,0,0,0,0,0,0,0,0,0,0,0,0,0,190,254,254,254,254,209,155,65,65,148,254,247,66,0,0,0,0,0,0,0,0,0,0,0,0,0,0,0,69,238,254,166,47,18,0,0,0,114,254,254,89,0,0,0,0,0,0,0,0,0,0,0,0,0,0,0,0,24,29,2,0,0,0,0,0,114,254,254,89,0,0,0,0,0,0,0,0,0,0,0,0,0,0,0,0,0,0,0,0,0,0,0,0,8,250,254,89,0,0,0,0,0,0,0,0,0,0,0,0,0,0,0,0,0,0,0,0,0,0,0,0,114,254,254,89,0,0,0,0,0,0,0,0,0,0,0,0,0,0,0,0,0,0,0,0,0,0,0,0,188,254,250,74,0,0,0,0,0,0,0,0,0,0,0,0,0,0,0,0,0,0,0,0,0,0,0,67,248,254,225,0,0,0,0,0,0,0,0,0,0,0,0,0,0,0,0,0,0,0,0,0,0,0,0,187,254,251,102,0,0,0,0,0,0,0,0,0,0,0,0,0,0,0,0,0,0,0,0,0,0,0,29,229,254,243,0,0,0,0,0,0,0,0,0,0,0,0,0,0,0,0,0,0,0,0,0,0,0,27,211,254,254,243,0,0,0,0,0,0,0,0,0,0,0,0,0,0,0,0,3,46,228,250,250,250,250,251,254,254,254,65,0,0,0,0,0,0,0,0,0,0,0,0,0,0,0,0,68,254,254,254,254,254,254,255,254,254,254,145,27,0,0,0,0,0,0,0,0,0,0,0,0,0,0,46,226,254,254,254,254,254,254,254,254,254,254,254,244,80,0,0,0,0,0,0,0,0,0,0,0,0,0,154,254,254,254,254,254,254,254,239,98,170,218,254,254,241,154,14,0,0,0,0,0,0,0,0,0,0,0,154,254,254,254,254,254,254,182,41,0,0,24,114,220,254,254,174,12,0,0,0,0,0,0,0,0,0,0,154,254,254,254,254,252,87,13,0,0,0,0,0,21,57,179,254,82,0,0,0,0,0,0,0,0,0,0,27,216,254,254,149,22,0,0,0,0,0,0,0,0,0,35,135,82,0,0,0,0,0,0,0,0,0,0,0,0,0,0,0,0,0,0,0,0,0,0,0,0,0,0,0,0,0,0,0,0,0,0,0,0,0,0,0,0,0,0,0,0,0,0,0,0,0,0,0,0,0,0,0,0,0,0,0,0,0,0,0,0,0,0,0,0,0,0,0,0,0,0,0,0,0,0,0,0,0,0,0,0,0,0,0,0,0,0,0,0,0,0,0,0,0,0,0,0,0,0,0,0,0,0,0,0,0,0,0,0,0,0,0,0,0,0,0,0,0,0,0,0,0,0,0,0,0,0,0,0,0,0,0,0,0,0,0,0,0,0,0,0
7,0,0,0,0,0,0,0,0,0,0,0,0,0,0,0,0,0,0,0,0,0,0,0,0,0,0,0,0,0,0,0,0,0,0,0,0,0,0,0,0,0,0,0,0,0,0,0,0,0,0,0,0,0,0,0,0,0,0,0,0,0,0,0,0,0,0,0,0,0,0,0,0,0,0,0,0,0,0,0,0,0,0,0,0,0,0,0,0,0,0,0,0,0,0,0,0,0,0,0,0,0,0,0,0,0,0,0,0,0,0,0,0,0,0,0,0,0,0,0,0,0,0,0,0,0,0,0,0,0,0,0,0,0,0,0,0,0,0,0,0,0,0,0,0,0,0,0,0,0,0,0,0,0,0,0,0,0,0,0,0,0,0,0,0,0,0,0,0,0,0,0,0,0,0,0,0,0,0,0,0,0,0,0,0,0,0,0,0,0,0,0,0,0,0,0,0,0,0,0,0,0,0,0,0,91,188,64,39,30,0,17,0,17,0,0,0,0,0,0,0,0,0,0,0,0,0,0,0,0,0,0,0,196,254,254,254,240,185,215,185,215,185,185,31,0,0,0,0,0,0,0,0,0,0,0,0,0,0,0,0,120,254,213,240,226,180,249,249,249,254,254,137,0,0,0,0,0,0,0,0,0,0,0,0,0,0,0,0,185,254,59,0,0,0,0,0,0,245,254,151,0,0,0,0,0,0,0,0,0,0,0,0,0,0,0,62,248,183,15,0,0,0,0,0,74,252,254,70,0,0,0,0,0,0,0,0,0,0,0,0,0,0,21,209,249,52,0,0,0,0,0,0,99,254,254,43,0,0,0,0,0,0,0,0,0,0,0,0,0,0,91,254,176,0,0,0,0,0,0,0,120,254,242,35,0,0,0,0,0,0,0,0,0,0,0,0,0,0,11,94,43,0,0,0,0,0,0,0,207,254,189,0,0,0,0,0,0,0,0,0,0,0,0,0,0,0,0,0,0,0,0,0,0,0,0,0,207,254,182,0,0,0,0,0,0,0,0,0,0,0,0,0,0,0,0,0,0,0,0,0,0,0,0,0,207,254,81,0,0,0,0,0,0,0,0,0,0,0,0,0,0,0,0,0,0,0,0,0,0,0,0,0,207,254,81,0,0,0,0,0,0,0,0,0,0,0,0,0,0,0,0,0,0,0,0,0,0,0,0,0,207,254,81,0,0,0,0,0,0,0,0,0,0,0,0,0,0,0,0,0,0,0,0,0,0,0,0,15,218,248,62,0,0,0,0,0,0,0,0,0,0,0,0,0,0,0,0,0,0,0,0,0,0,0,0,60,254,227,0,0,0,0,0,0,0,0,0,0,0,0,0,0,0,0,0,0,0,0,0,0,0,0,0,164,254,227,0,0,0,0,0,0,0,0,0,0,0,0,0,0,0,0,0,0,0,0,0,0,0,0,0,168,254,227,0,0,0,0,0,0,0,0,0,0,0,0,0,0,0,0,0,0,0,0,0,0,0,0,0,168,254,227,0,0,0,0,0,0,0,0,0,0,0,0,0,0,0,0,0,0,0,0,0,0,0,0,13,216,254,167,0,0,0,0,0,0,0,0,0,0,0,0,0,0,0,0,0,0,0,0,0,0,0,0,22,254,254,119,0,0,0,0,0,0,0,0,0,0,0,0,0,0,0,0,0,0,0,0,0,0,0,0,4,181,213,22,0,0,0,0,0,0,0,0,0,0,0,0,0,0,0,0,0,0,0,0,0,0,0,0,0,0,0,0,0,0,0,0,0,0,0,0,0,0
8,0,0,0,0,0,0,0,0,0,0,0,0,0,0,0,0,0,0,0,0,0,0,0,0,0,0,0,0,0,0,0,0,0,0,0,0,0,0,0,0,0,0,0,0,0,0,0,0,0,0,0,0,0,0,0,0,0,0,0,0,0,0,0,0,0,0,0,0,0,0,0,0,0,0,0,0,0,0,0,0,0,0,0,0,0,0,0,0,0,0,0,0,0,0,0,0,0,0,0,0,0,0,0,0,0,0,0,0,0,0,0,0,0,0,0,0,0,0,0,0,0,0,0,0,0,0,0,0,0,0,0,0,0,0,0,0,0,0,0,0,0,0,0,0,0,0,0,0,0,0,0,0,0,0,0,0,6,75,0,98,185,178,94,19,0,0,0,0,0,0,0,0,0,0,0,0,0,0,0,0,0,15,111,195,238,94,0,208,249,254,254,116,0,0,0,0,0,0,0,0,0,0,0,0,0,0,20,50,107,197,246,183,25,0,0,81,245,254,249,91,0,0,0,0,0,0,0,0,0,0,0,0,18,84,230,254,254,221,86,0,0,1,125,253,254,178,53,0,0,0,0,0,0,0,0,0,0,0,0,0,133,254,254,217,118,4,0,0,62,202,254,241,131,8,0,0,0,0,0,0,0,0,0,0,0,0,0,107,244,254,213,45,0,0,0,62,240,254,220,29,0,0,0,0,0,0,0,0,0,0,0,0,0,0,44,246,254,209,49,0,0,0,31,241,254,221,27,0,0,0,0,0,0,0,0,0,0,0,0,0,0,0,95,254,254,55,0,0,0,17,198,254,218,28,0,0,0,0,0,0,0,0,0,0,0,0,0,0,0,0,27,219,254,233,144,39,42,204,254,205,10,0,0,0,0,0,0,0,0,0,0,0,0,0,0,0,0,0,0,115,248,254,254,244,233,254,223,24,0,0,0,0,0,0,0,0,0,0,0,0,0,0,0,0,0,0,0,0,38,84,168,245,254,254,254,207,115,9,0,0,0,0,0,0,0,0,0,0,0,0,0,0,0,0,0,0,0,0,14,236,254,230,163,237,244,211,80,1,0,0,0,0,0,0,0,0,0,0,0,0,0,0,0,0,0,0,99,254,254,99,0,0,37,225,254,130,8,0,0,0,0,0,0,0,0,0,0,0,0,0,0,0,0,0,71,254,229,12,0,0,0,2,170,254,51,0,0,0,0,0,0,0,0,0,0,0,0,0,0,0,0,0,96,254,254,18,0,0,0,0,81,254,198,0,0,0,0,0,0,0,0,0,0,0,0,0,0,0,0,0,80,254,254,18,0,0,0,0,131,254,119,0,0,0,0,0,0,0,0,0,0,0,0,0,0,0,0,0,5,214,254,78,0,0,0,1,183,244,63,0,0,0,0,0,0,0,0,0,0,0,0,0,0,0,0,0,0,64,253,223,24,0,2,126,254,178,0,0,0,0,0,0,0,0,0,0,0,0,0,0,0,0,0,0,0,0,87,238,222,119,177,254,217,27,0,0,0,0,0,0,0,0,0,0,0,0,0,0,0,0,0,0,0,0,0,18,154,196,196,101,25,0,0,0,0,0,0,0,0,0,0,0,0,0,0,0,0,0,0,0,0,0,0,0,0,0,0,0,0,0,0,0,0,0,0,0,0,0,0,0,0,0,0,0,0,0,0,0,0,0,0,0,0,0,0,0,0,0,0,0,0,0,0,0,0,0,0,0,0,0,0,0,0,0,0,0,0,0,0,0,0,0,0,0,0,0,0,0,0,0,0,0,0,0
4,0,0,0,0,0,0,0,0,0,0,0,0,0,0,0,0,0,0,0,0,0,0,0,0,0,0,0,0,0,0,0,0,0,0,0,0,0,0,0,0,0,0,0,0,0,0,0,0,0,0,0,0,0,0,0,0,0,0,0,0,0,0,0,0,0,0,0,0,0,0,0,0,0,0,0,0,0,0,0,0,0,0,0,0,0,0,0,0,0,0,0,0,0,0,0,0,0,0,0,0,0,0,0,0,0,0,0,0,0,0,0,0,0,0,0,0,0,0,0,0,0,0,0,0,0,0,0,0,0,0,0,0,0,0,0,0,0,0,0,0,0,0,0,0,0,0,0,3,10,0,0,0,0,0,0,0,0,0,67,254,214,25,0,0,0,0,0,0,0,0,0,0,0,0,0,61,227,35,0,0,0,0,0,0,0,5,188,253,253,165,3,0,0,0,0,0,0,0,0,0,0,0,6,182,253,180,30,0,0,0,0,0,0,49,253,253,253,253,24,0,0,0,0,0,0,0,0,0,0,0,37,253,253,253,128,0,0,0,0,0,0,72,253,253,253,188,8,0,0,0,0,0,0,0,0,0,0,0,37,253,253,253,168,0,0,0,0,0,0,169,253,253,233,62,0,0,0,0,0,0,0,0,0,0,0,0,72,253,253,253,168,0,0,0,0,0,11,194,253,253,168,0,0,0,0,0,0,0,0,0,0,0,0,0,157,253,253,253,168,0,0,41,51,136,167,253,253,253,168,0,0,0,0,0,0,0,0,0,0,0,0,0,157,253,253,253,201,143,160,235,238,253,253,253,253,253,123,0,0,0,0,0,0,0,0,0,0,0,0,0,157,253,253,253,253,253,253,253,254,253,253,253,253,187,5,0,0,0,0,0,0,0,0,0,0,0,0,0,157,253,253,253,253,253,253,253,254,253,253,253,253,180,0,0,0,0,0,0,0,0,0,0,0,0,0,24,250,254,254,254,254,254,254,254,249,249,254,255,254,118,0,0,0,0,0,0,0,0,0,0,0,0,0,0,85,234,253,253,253,253,231,171,52,145,253,253,253,72,20,4,0,0,0,0,0,0,0,0,0,0,0,0,0,19,183,217,176,96,9,0,0,71,253,253,253,226,223,31,0,0,0,0,0,0,0,0,0,0,0,0,0,0,0,0,0,0,0,0,0,25,253,253,253,253,145,0,0,0,0,0,0,0,0,0,0,0,0,0,0,0,0,0,0,0,0,0,0,112,253,253,253,172,14,0,0,0,0,0,0,0,0,0,0,0,0,0,0,0,0,0,0,0,0,0,10,228,253,253,236,43,0,0,0,0,0,0,0,0,0,0,0,0,0,0,0,0,0,0,0,0,0,0,53,253,253,253,152,0,0,0,0,0,0,0,0,0,0,0,0,0,0,0,0,0,0,0,0,0,0,0,88,253,253,211,10,0,0,0,0,0,0,0,0,0,0,0,0,0,0,0,0,0,0,0,0,0,0,0,13,253,253,205,0,0,0,0,0,0,0,0,0,0,0,0,0,0,0,0,0,0,0,0,0,0,0,0,7,202,253,147,0,0,0,0,0,0,0,0,0,0,0,0,0,0,0,0,0,0,0,0,0,0,0,0,0,0,0,0,0,0,0,0,0,0,0,0,0,0,0,0,0,0,0,0,0,0,0,0,0,0,0,0,0,0,0,0,0,0,0,0,0,0,0,0,0,0,0,0,0,0,0,0,0,0,0,0,0,0,0,0,0,0,0,0,0,0,0,0,0,0,0,0,0,0
7,0,0,0,0,0,0,0,0,0,0,0,0,0,0,0,0,0,0,0,0,0,0,0,0,0,0,0,0,0,0,0,0,0,0,0,0,0,0,0,0,0,0,0,0,0,0,0,0,0,0,0,0,0,0,0,0,0,0,0,0,0,0,0,0,0,0,0,0,0,0,0,0,0,0,0,0,0,0,0,0,0,0,0,0,0,0,0,0,0,0,0,0,0,0,0,0,0,0,0,0,0,0,0,0,0,0,0,0,0,0,0,0,0,0,0,0,0,0,0,0,0,0,0,0,0,0,0,0,0,0,0,0,0,0,0,0,0,0,0,0,0,0,0,0,0,0,0,0,0,0,0,0,0,0,0,0,0,0,0,0,0,0,0,0,0,0,0,0,0,0,0,0,0,0,0,0,0,0,0,0,0,0,0,0,0,0,0,0,0,0,0,0,0,0,0,0,0,0,0,0,0,0,0,37,125,170,152,255,174,194,101,101,12,68,101,15,0,0,0,0,0,0,0,0,0,0,0,0,0,0,0,93,253,253,253,253,253,253,253,253,206,236,253,170,17,0,0,0,0,0,0,0,0,0,0,0,0,0,0,93,253,253,253,253,253,253,253,253,253,253,253,253,92,0,0,0,0,0,0,0,0,0,0,0,0,0,0,3,30,211,165,172,253,196,253,253,253,253,253,253,92,0,0,0,0,0,0,0,0,0,0,0,0,0,0,0,0,34,4,8,61,24,61,154,253,253,253,206,22,0,0,0,0,0,0,0,0,0,0,0,0,0,0,0,0,0,0,0,0,0,0,124,253,253,253,191,0,0,0,0,0,0,0,0,0,0,0,0,0,0,0,0,0,0,0,0,0,0,22,246,253,253,214,34,0,0,0,0,0,0,0,0,0,0,0,0,0,0,0,0,0,0,0,0,0,0,136,253,253,253,137,0,0,0,0,0,0,0,0,0,0,0,0,0,0,0,0,0,0,0,0,0,0,41,216,253,253,245,67,0,0,0,0,0,0,0,0,0,0,0,0,0,0,0,0,0,0,0,0,0,0,218,253,253,253,97,0,0,0,0,0,0,0,0,0,0,0,0,0,0,0,0,0,0,0,0,0,3,104,246,253,253,204,25,0,0,0,0,0,0,0,0,0,0,0,0,0,0,0,0,0,0,0,0,0,107,253,253,253,253,109,0,0,0,0,0,0,0,0,0,0,0,0,0,0,0,0,0,0,0,0,0,0,185,253,253,247,109,4,0,0,0,0,0,0,0,0,0,0,0,0,0,0,0,0,0,0,0,0,0,0,185,253,253,230,0,0,0,0,0,0,0,0,0,0,0,0,0,0,0,0,0,0,0,0,0,0,0,0,185,253,253,230,0,0,0,0,0,0,0,0,0,0,0,0,0,0,0,0,0,0,0,0,0,0,0,73,243,253,253,192,0,0,0,0,0,0,0,0,0,0,0,0,0,0,0,0,0,0,0,0,0,0,0,90,253,253,251,74,0,0,0,0,0,0,0,0,0,0,0,0,0,0,0,0,0,0,0,0,0,0,0,173,253,253,176,0,0,0,0,0,0,0,0,0,0,0,0,0,0,0,0,0,0,0,0,0,0,0,0,67,238,253,49,0,0,0,0,0,0,0,0,0,0,0,0,0,0,0,0,0,0,0,0,0,0,0,0,0,185,253,22,0,0,0,0,0,0,0,0,0,0,0,0,0,0,0,0,0,0,0,0,0,0,0,0,0,0,0,0,0,0,0,0,0,0,0,0,0,0,0,0,0,0
3,0,0,0,0,0,0,0,0,0,0,0,0,0,0,0,0,0,0,0,0,0,0,0,0,0,0,0,0,0,0,0,0,0,0,0,0,0,0,0,0,0,0,0,0,0,0,0,0,0,0,0,0,0,0,0,0,0,0,0,0,0,0,0,0,0,0,0,0,0,0,0,0,0,0,0,0,0,0,0,0,0,0,0,0,0,0,0,0,0,0,0,0,0,0,0,0,0,0,0,0,0,0,0,0,0,0,0,0,0,0,0,0,0,0,0,0,0,0,0,0,0,0,0,0,0,0,0,0,0,0,0,0,0,0,0,0,0,0,0,0,0,0,0,0,0,0,68,156,253,253,255,253,253,253,165,18,0,0,0,0,0,0,0,0,0,0,0,0,0,0,0,0,0,112,237,252,252,252,253,252,252,252,252,106,0,0,0,0,0,0,0,0,0,0,0,0,0,0,0,0,0,135,231,231,160,38,21,21,40,252,252,106,0,0,0,0,0,0,0,0,0,0,0,0,0,0,0,0,0,0,0,0,0,0,0,0,48,252,252,106,0,0,0,0,0,0,0,0,0,0,0,0,0,0,0,0,0,0,0,0,0,0,0,36,223,252,208,18,0,0,0,0,0,0,0,0,0,0,0,0,0,0,0,0,0,0,0,0,0,0,25,157,253,243,35,0,0,0,0,0,0,0,0,0,0,0,0,0,0,0,0,0,0,0,0,0,0,36,183,252,252,237,102,36,0,0,0,0,0,0,0,0,0,0,0,0,0,0,0,0,0,0,0,20,127,223,253,252,252,252,252,242,153,19,0,0,0,0,0,0,0,0,0,0,0,0,0,0,0,0,0,153,252,252,216,153,84,154,215,253,252,202,21,0,0,0,0,43,11,0,0,0,0,0,0,0,0,0,0,100,252,164,18,0,0,0,18,122,252,252,225,35,0,0,107,141,7,0,0,0,0,0,0,0,0,0,0,0,0,0,0,0,0,0,0,0,36,224,253,122,105,227,223,35,0,0,0,0,0,0,0,0,0,0,0,0,0,0,0,0,0,0,0,0,0,92,252,252,253,189,32,0,0,0,0,0,0,0,0,0,0,0,0,0,0,0,0,0,0,0,0,0,8,85,252,252,161,14,0,0,0,0,0,0,0,0,0,0,0,0,0,0,0,0,0,0,0,0,0,55,197,252,252,252,106,0,0,0,0,0,0,0,0,0,0,0,0,0,0,0,0,0,0,0,0,0,89,236,252,252,252,252,18,0,0,0,0,0,0,0,0,0,0,0,0,0,0,0,0,0,0,0,4,69,236,212,76,245,253,191,0,0,0,0,0,0,0,0,0,0,0,0,0,0,0,0,0,0,0,0,101,252,217,41,185,252,252,68,0,0,0,0,0,0,0,0,0,0,0,0,0,0,0,0,0,0,0,43,234,252,112,192,252,251,134,4,0,0,0,0,0,0,0,0,0,0,0,0,0,0,0,0,0,0,0,85,252,252,252,253,252,134,0,0,0,0,0,0,0,0,0,0,0,0,0,0,0,0,0,0,0,0,0,85,252,252,252,191,112,4,0,0,0,0,0,0,0,0,0,0,0,0,0,0,0,0,0,0,0,0,0,0,0,0,0,0,0,0,0,0,0,0,0,0,0,0,0,0,0,0,0,0,0,0,0,0,0,0,0,0,0,0,0,0,0,0,0,0,0,0,0,0,0,0,0,0,0,0,0,0,0,0,0,0,0,0,0,0,0,0,0,0,0,0,0,0,0,0,0,0,0,0,0,0
6,0,0,0,0,0,0,0,0,0,0,0,0,0,0,0,0,0,0,0,0,0,0,0,0,0,0,0,0,0,0,0,0,0,0,0,0,0,0,0,0,0,0,0,0,0,0,0,0,0,0,0,0,0,0,0,0,0,0,0,0,0,0,0,0,0,0,0,45,174,254,93,1,0,0,0,0,0,0,0,0,0,0,0,0,0,0,0,0,0,0,0,0,0,0,6,199,253,253,253,11,0,0,0,0,0,0,0,0,0,0,0,0,0,0,0,0,0,0,0,0,0,0,79,253,200,96,206,10,0,0,0,0,0,0,0,0,0,0,0,0,0,0,0,0,0,0,0,0,0,33,230,253,168,0,0,0,0,0,0,0,0,0,0,0,0,0,0,0,0,0,0,0,0,0,0,0,0,78,253,236,71,0,0,0,0,0,0,0,0,0,0,0,0,0,0,0,0,0,0,0,0,0,0,0,0,169,253,146,0,0,0,0,0,0,0,0,0,0,0,0,0,0,0,0,0,0,0,0,0,0,0,0,30,238,253,60,0,0,0,0,0,0,0,0,0,0,0,0,0,0,0,0,0,0,0,0,0,0,0,0,37,253,253,60,0,0,0,0,0,0,0,0,0,0,0,0,0,0,0,0,0,0,0,0,0,0,0,0,146,253,253,60,0,0,0,0,0,0,0,0,0,0,0,0,0,0,0,0,0,0,0,0,0,0,0,0,157,253,253,60,0,0,0,0,0,0,76,202,155,29,0,0,0,0,0,0,0,0,0,0,0,0,0,0,158,254,254,60,0,0,0,0,1,82,209,254,254,220,31,0,0,0,0,0,0,0,0,0,0,0,0,0,157,253,253,60,0,0,0,0,82,253,253,253,253,253,217,21,0,0,0,0,0,0,0,0,0,0,0,0,140,253,253,60,0,0,0,18,209,253,231,136,96,216,253,111,0,0,0,0,0,0,0,0,0,0,0,0,37,253,253,60,0,0,0,144,254,214,32,0,0,194,253,156,0,0,0,0,0,0,0,0,0,0,0,0,28,233,253,89,0,0,165,250,246,31,0,0,0,194,253,128,0,0,0,0,0,0,0,0,0,0,0,0,0,135,253,236,72,28,237,253,116,0,0,14,102,239,188,9,0,0,0,0,0,0,0,0,0,0,0,0,0,33,229,253,237,224,253,253,0,0,53,175,253,253,128,0,0,0,0,0,0,0,0,0,0,0,0,0,0,0,55,231,253,253,253,253,213,166,240,253,253,144,7,0,0,0,0,0,0,0,0,0,0,0,0,0,0,0,0,111,233,253,253,253,254,253,253,232,116,6,0,0,0,0,0,0,0,0,0,0,0,0,0,0,0,0,0,0,9,116,132,248,254,242,132,49,0,0,0,0,0,0,0,0,0,0,0,0,0,0,0,0,0,0,0,0,0,0,0,0,0,0,0,0,0,0,0,0,0,0,0,0,0,0,0,0,0,0,0,0,0,0,0,0,0,0,0,0,0,0,0,0,0,0,0,0,0,0,0,0,0,0,0,0,0,0,0,0,0,0,0,0,0,0,0,0,0,0,0,0,0,0,0,0,0,0,0,0,0,0,0,0,0,0,0,0,0,0,0,0,0,0,0,0,0,0,0,0,0,0,0,0,0,0,0,0,0,0,0,0,0,0,0,0,0,0,0,0,0,0,0,0,0,0,0,0,0,0,0,0,0,0,0,0,0,0,0,0,0,0,0,0,0,0,0,0,0,0,0,0,0,0,0,0,0,0,0,0,0,0,0,0
1,0,0,0,0,0,0,0,0,0,0,0,0,0,0,0,0,0,0,0,0,0,0,0,0,0,0,0,0,0,0,0,0,0,0,0,0,0,0,0,0,0,0,0,0,0,0,0,0,0,0,0,0,0,0,0,0,0,0,0,0,0,0,0,0,0,0,0,0,0,0,0,0,0,0,0,0,0,0,0,0,0,0,0,0,0,0,0,0,0,0,0,0,0,0,0,0,0,0,0,0,0,0,0,0,0,0,0,0,0,0,0,0,0,0,0,0,0,0,0,0,0,0,0,0,0,0,0,0,119,254,215,0,0,0,0,0,0,0,0,0,0,0,0,0,0,0,0,0,0,0,0,0,0,0,0,0,118,253,213,0,0,0,0,0,0,0,0,0,0,0,0,0,0,0,0,0,0,0,0,0,0,0,0,0,118,253,213,0,0,0,0,0,0,0,0,0,0,0,0,0,0,0,0,0,0,0,0,0,0,0,0,10,138,253,213,0,0,0,0,0,0,0,0,0,0,0,0,0,0,0,0,0,0,0,0,0,0,0,0,134,253,253,213,0,0,0,0,0,0,0,0,0,0,0,0,0,0,0,0,0,0,0,0,0,0,0,0,254,253,253,93,0,0,0,0,0,0,0,0,0,0,0,0,0,0,0,0,0,0,0,0,0,0,0,167,255,253,103,3,0,0,0,0,0,0,0,0,0,0,0,0,0,0,0,0,0,0,0,0,0,0,43,213,254,216,53,0,0,0,0,0,0,0,0,0,0,0,0,0,0,0,0,0,0,0,0,0,0,43,200,253,254,135,0,0,0,0,0,0,0,0,0,0,0,0,0,0,0,0,0,0,0,0,0,0,0,79,253,253,254,135,0,0,0,0,0,0,0,0,0,0,0,0,0,0,0,0,0,0,0,0,0,0,20,254,254,254,243,105,0,0,0,0,0,0,0,0,0,0,0,0,0,0,0,0,0,0,0,0,0,0,11,171,253,253,223,63,0,0,0,0,0,0,0,0,0,0,0,0,0,0,0,0,0,0,0,0,0,0,0,79,253,253,254,135,0,0,0,0,0,0,0,0,0,0,0,0,0,0,0,0,0,0,0,0,0,0,19,240,253,253,200,10,0,0,0,0,0,0,0,0,0,0,0,0,0,0,0,0,0,0,0,0,0,0,96,253,253,253,121,0,0,0,0,0,0,0,0,0,0,0,0,0,0,0,0,0,0,0,0,0,0,0,215,253,253,253,0,0,0,0,0,0,0,0,0,0,0,0,0,0,0,0,0,0,0,0,0,0,0,133,247,253,253,237,0,0,0,0,0,0,0,0,0,0,0,0,0,0,0,0,0,0,0,0,0,0,0,156,253,253,253,57,0,0,0,0,0,0,0,0,0,0,0,0,0,0,0,0,0,0,0,0,0,0,0,156,253,253,253,57,0,0,0,0,0,0,0,0,0,0,0,0,0,0,0,0,0,0,0,0,0,0,0,36,73,192,57,13,0,0,0,0,0,0,0,0,0,0,0,0,0,0,0,0,0,0,0,0,0,0,0,0,0,0,0,0,0,0,0,0,0,0,0,0,0,0,0,0,0,0,0,0,0,0,0,0,0,0,0,0,0,0,0,0,0,0,0,0,0,0,0,0,0,0,0,0,0,0,0,0,0,0,0,0,0,0,0,0,0,0,0,0,0,0,0,0,0,0,0,0,0,0,0,0,0,0,0,0,0,0,0,0,0,0,0,0,0,0,0,0,0,0,0,0,0,0,0,0,0,0,0,0,0
3,0,0,0,0,0,0,0,0,0,0,0,0,0,0,0,0,0,0,0,0,0,0,0,0,0,0,0,0,0,0,0,0,0,0,0,0,0,0,0,0,0,0,0,0,0,0,0,0,0,0,0,0,0,0,0,0,0,0,0,0,0,0,0,0,0,0,0,0,0,0,0,0,0,0,0,0,0,0,0,0,0,0,0,0,0,0,0,0,0,0,0,0,0,0,0,0,0,0,0,0,0,0,0,0,0,0,0,0,0,0,0,0,0,0,0,0,0,0,0,0,0,0,0,0,0,0,0,0,0,0,0,0,0,0,0,0,0,0,0,0,0,0,0,0,0,0,0,0,0,0,0,0,21,115,196,254,254,254,156,17,0,0,0,0,0,0,0,0,0,0,0,0,0,0,0,0,0,0,0,65,203,253,253,251,248,253,253,159,1,0,0,0,0,0,0,0,0,0,0,0,0,0,0,0,0,8,137,249,253,241,147,68,41,117,246,253,20,0,0,0,0,0,0,0,0,0,0,0,0,0,0,0,0,109,253,242,157,29,0,0,2,115,250,247,18,0,0,0,0,0,0,0,0,0,0,0,0,0,0,0,0,22,145,36,0,0,0,0,45,253,253,106,0,0,0,0,0,0,0,0,0,0,0,0,0,0,0,0,0,0,0,0,0,6,111,153,240,253,219,7,0,0,0,0,0,0,0,0,0,0,0,0,0,0,0,0,0,0,0,0,0,84,253,253,253,230,47,0,0,0,0,0,0,0,0,0,0,0,0,0,0,0,0,0,0,0,0,148,239,248,253,253,253,250,99,0,0,0,0,0,0,0,0,0,0,0,0,0,0,0,0,0,0,0,0,239,253,253,252,181,253,253,248,95,0,0,0,0,0,0,0,0,0,0,0,0,0,0,0,0,0,0,0,4,44,4,4,1,50,184,253,252,78,0,0,0,0,0,0,0,0,0,0,0,0,0,0,0,0,0,0,0,0,0,0,0,0,14,228,253,121,0,0,0,0,0,0,0,0,0,0,0,0,0,0,0,0,0,0,0,0,0,0,0,0,0,126,253,219,0,0,0,0,0,0,0,0,0,0,0,0,0,0,0,0,0,0,0,0,0,0,0,0,0,130,253,213,0,0,0,0,0,0,0,0,0,0,0,0,0,0,108,93,0,0,0,0,0,0,0,0,0,224,253,120,0,0,0,0,0,0,0,0,0,0,0,0,0,32,236,167,0,0,0,0,0,0,0,2,120,250,253,70,0,0,0,0,0,0,0,0,0,0,0,0,0,65,253,178,0,0,0,0,0,0,0,47,253,253,165,6,0,0,0,0,0,0,0,0,0,0,0,0,0,31,235,178,0,0,0,0,0,17,158,243,253,203,6,0,0,0,0,0,0,0,0,0,0,0,0,0,0,0,219,235,138,90,90,91,149,216,253,248,163,19,0,0,0,0,0,0,0,0,0,0,0,0,0,0,0,0,162,253,253,253,253,254,253,235,146,24,0,0,0,0,0,0,0,0,0,0,0,0,0,0,0,0,0,0,26,123,165,253,198,153,134,32,0,0,0,0,0,0,0,0,0,0,0,0,0,0,0,0,0,0,0,0,0,0,0,0,0,0,0,0,0,0,0,0,0,0,0,0,0,0,0,0,0,0,0,0,0,0,0,0,0,0,0,0,0,0,0,0,0,0,0,0,0,0,0,0,0,0,0,0,0,0,0,0,0,0,0,0,0,0,0,0,0,0,0,0,0,0,0,0,0,0,0,0,0,0,0,0,0
6,0,0,0,0,0,0,0,0,0,0,0,0,0,0,0,0,0,0,0,0,0,0,0,0,0,0,0,0,0,0,0,0,0,0,0,0,0,0,0,0,0,0,0,0,0,0,0,0,0,0,0,0,0,0,0,0,0,0,0,0,0,0,0,0,0,0,0,0,0,0,0,14,141,224,79,0,0,0,0,0,0,0,0,0,0,0,0,0,0,0,0,0,0,0,0,0,0,0,0,186,253,253,117,0,0,0,0,0,0,0,0,0,0,0,0,0,0,0,0,0,0,0,0,0,0,0,99,254,171,115,36,0,0,0,0,0,0,0,0,0,0,0,0,0,0,0,0,0,0,0,0,0,0,52,248,244,40,0,0,0,0,0,0,0,0,0,0,0,0,0,0,0,0,0,0,0,0,0,0,0,31,219,253,45,0,0,0,0,0,0,0,0,0,0,0,0,0,0,0,0,0,0,0,0,0,0,0,5,119,254,171,0,0,0,0,0,0,0,0,0,0,0,0,0,0,0,0,0,0,0,0,0,0,0,0,103,253,212,9,0,0,0,0,0,0,0,0,0,0,0,0,0,0,0,0,0,0,0,0,0,0,0,19,196,228,43,0,0,0,0,0,0,0,0,0,0,0,0,0,0,0,0,0,0,0,0,0,0,0,0,149,253,174,0,0,0,0,0,0,0,0,0,0,0,0,0,0,0,0,0,0,0,0,0,0,0,0,0,194,253,100,0,0,0,0,0,0,0,0,0,0,0,0,0,0,0,0,0,0,0,0,0,0,0,0,23,255,174,0,0,0,0,50,97,59,14,0,0,0,0,0,0,0,0,0,0,0,0,0,0,0,0,0,180,254,135,0,0,53,215,247,253,253,185,0,0,0,0,0,0,0,0,0,0,0,0,0,0,0,0,0,195,254,135,0,88,235,254,216,107,172,253,68,0,0,0,0,0,0,0,0,0,0,0,0,0,0,0,0,195,254,135,88,251,253,154,25,0,136,253,173,0,0,0,0,0,0,0,0,0,0,0,0,0,0,0,0,195,254,150,235,237,118,0,0,0,136,253,98,0,0,0,0,0,0,0,0,0,0,0,0,0,0,0,0,99,255,254,254,154,0,0,0,0,137,254,23,0,0,0,0,0,0,0,0,0,0,0,0,0,0,0,0,15,208,253,253,124,0,13,20,20,183,245,53,0,0,0,0,0,0,0,0,0,0,0,0,0,0,0,0,0,127,253,253,241,175,224,253,253,253,126,0,0,0,0,0,0,0,0,0,0,0,0,0,0,0,0,0,0,5,110,241,253,253,254,253,253,216,5,0,0,0,0,0,0,0,0,0,0,0,0,0,0,0,0,0,0,0,0,41,163,253,254,253,222,94,0,0,0,0,0,0,0,0,0,0,0,0,0,0,0,0,0,0,0,0,0,0,0,0,0,0,0,0,0,0,0,0,0,0,0,0,0,0,0,0,0,0,0,0,0,0,0,0,0,0,0,0,0,0,0,0,0,0,0,0,0,0,0,0,0,0,0,0,0,0,0,0,0,0,0,0,0,0,0,0,0,0,0,0,0,0,0,0,0,0,0,0,0,0,0,0,0,0,0,0,0,0,0,0,0,0,0,0,0,0,0,0,0,0,0,0,0,0,0,0,0,0,0,0,0,0,0,0,0,0,0,0,0,0,0,0,0,0,0,0,0,0,0,0,0,0,0,0,0,0,0,0,0,0,0,0,0,0,0,0,0,0,0,0,0,0,0,0,0,0,0,0,0,0,0,0,0
9,0,0,0,0,0,0,0,0,0,0,0,0,0,0,0,0,0,0,0,0,0,0,0,0,0,0,0,0,0,0,0,0,0,0,0,0,0,0,0,0,0,0,0,0,0,0,0,0,0,0,0,0,0,0,0,0,0,0,0,0,0,0,0,0,0,0,0,0,0,0,0,0,0,0,0,0,0,0,0,0,0,0,0,0,0,0,0,0,0,0,0,0,0,0,0,0,0,0,0,0,0,0,0,0,0,0,0,0,0,0,0,0,0,0,0,0,0,0,0,0,0,0,0,0,0,0,0,0,0,0,0,0,0,0,0,0,0,0,0,0,0,0,0,0,0,0,0,0,0,0,0,0,0,0,0,0,0,0,0,0,0,0,0,0,0,0,0,0,0,0,0,0,0,0,0,0,0,0,0,0,0,0,6,116,243,224,246,59,0,31,121,2,0,0,0,0,0,0,0,0,0,0,0,0,0,0,0,0,0,2,149,191,95,8,158,25,17,219,228,21,0,0,0,0,0,0,0,0,0,0,0,0,0,0,0,0,14,173,149,56,0,0,61,5,198,228,44,0,0,0,0,0,0,0,0,0,0,0,0,0,0,0,0,0,86,200,25,0,0,0,0,66,203,75,0,0,0,0,0,0,0,0,0,0,0,0,0,0,0,0,0,0,125,138,0,0,0,0,43,243,230,46,0,0,0,0,0,0,0,0,0,0,0,0,0,0,0,0,0,139,201,6,0,0,0,0,149,252,84,0,0,0,0,0,0,0,0,0,0,0,0,0,0,0,0,0,88,228,10,0,0,0,18,152,253,139,0,0,0,0,0,0,0,0,0,0,0,0,0,0,0,0,0,4,225,96,0,0,2,68,194,224,110,0,0,0,0,0,0,0,0,0,0,0,0,0,0,0,0,0,0,49,229,20,28,60,151,255,249,71,0,0,0,0,0,0,0,0,0,0,0,0,0,0,0,0,0,0,0,41,249,206,253,221,206,246,202,0,0,0,0,0,0,0,0,0,0,0,0,0,0,0,0,0,0,0,0,0,106,196,123,16,135,246,142,0,0,0,0,0,0,0,0,0,0,0,0,0,0,0,0,0,0,0,0,0,0,0,0,110,254,198,5,0,0,0,0,0,0,0,0,0,0,0,0,0,0,0,0,0,0,0,0,0,0,0,29,250,237,25,0,0,0,0,0,0,0,0,0,0,0,0,0,0,0,0,0,0,0,0,0,0,0,3,219,210,24,0,0,0,0,0,0,0,0,0,0,0,0,0,0,0,0,0,0,0,0,0,0,0,0,112,244,0,0,0,0,0,0,0,0,0,0,0,0,0,0,0,0,0,0,0,0,0,0,0,0,0,64,244,124,0,0,0,0,0,0,0,0,0,0,0,0,0,0,0,0,0,0,0,0,0,0,0,0,94,233,164,4,0,0,0,0,0,0,0,0,0,0,0,0,0,0,0,0,0,0,0,0,0,0,0,0,211,222,9,0,0,0,0,0,0,0,0,0,0,0,0,0,0,0,0,0,0,0,0,0,0,0,0,0,211,125,0,0,0,0,0,0,0,0,0,0,0,0,0,0,0,0,0,0,0,0,0,0,0,0,0,24,90,2,0,0,0,0,0,0,0,0,0,0,0,0,0,0,0,0,0,0,0,0,0,0,0,0,0,0,0,0,0,0,0,0,0,0,0,0,0,0,0,0,0,0,0,0,0,0,0,0,0,0,0,0,0,0,0,0,0,0,0,0,0,0,0,0,0,0,0,0,0,0,0,0,0
3,0,0,0,0,0,0,0,0,0,0,0,0,0,0,0,0,0,0,0,0,0,0,0,0,0,0,0,0,0,0,0,0,0,0,0,0,0,0,0,0,0,0,0,0,0,0,0,0,0,0,0,0,0,0,0,0,0,0,0,0,0,0,0,0,0,0,0,0,0,0,0,0,0,0,0,0,0,0,0,0,0,0,0,0,0,0,0,0,0,0,0,0,0,0,0,0,0,0,0,0,0,0,0,0,0,0,0,0,0,0,0,0,0,0,0,0,0,0,0,0,0,0,0,0,0,0,0,0,0,0,0,0,0,0,0,0,0,0,0,0,0,0,0,0,0,0,0,0,0,110,125,125,125,158,158,125,38,0,0,0,0,0,0,0,0,0,0,0,0,0,0,0,0,0,0,0,157,254,254,254,254,255,254,254,251,83,0,0,0,0,0,0,0,0,0,0,0,0,0,0,0,0,0,0,172,254,254,254,254,254,254,254,254,247,144,0,0,0,0,0,0,0,0,0,0,0,0,0,0,0,0,0,8,104,254,254,254,254,254,254,254,254,222,0,0,0,0,0,0,0,0,0,0,0,0,0,0,0,0,0,0,10,25,133,184,254,254,254,254,254,222,0,0,0,0,0,0,0,0,0,0,0,0,0,0,0,0,0,0,0,0,184,232,254,254,254,254,254,222,0,0,0,0,0,0,0,0,0,0,0,0,0,0,0,0,0,0,0,117,248,254,254,254,254,254,254,111,0,0,0,0,0,0,0,0,0,0,0,0,0,0,0,0,0,0,0,216,254,254,254,254,254,254,254,131,0,0,0,0,0,0,0,0,0,0,0,0,0,0,0,0,0,0,0,88,242,254,254,254,254,254,254,222,0,0,0,0,0,0,0,0,0,0,0,0,0,0,0,0,0,0,0,0,89,241,254,205,236,254,254,230,26,0,0,0,0,0,0,0,0,0,0,0,0,0,0,0,0,0,0,0,0,52,65,17,153,254,254,254,128,0,0,0,0,0,0,0,0,0,0,0,0,0,0,0,0,0,0,0,0,0,0,0,53,254,254,254,228,0,0,0,0,0,0,0,0,0,0,0,0,0,0,0,0,0,0,0,0,0,0,0,77,254,254,254,137,0,0,0,0,0,0,0,0,0,0,0,0,0,0,0,0,0,0,0,0,0,0,40,231,254,254,254,98,0,0,0,0,0,0,0,0,0,0,0,0,0,0,0,0,0,17,0,0,0,9,152,254,254,254,233,35,0,0,0,0,0,0,0,0,0,0,0,0,0,0,0,0,142,207,157,50,131,182,254,254,254,254,208,0,0,0,0,0,0,0,0,0,0,0,0,0,0,0,0,63,244,254,254,254,254,254,254,254,254,251,84,0,0,0,0,0,0,0,0,0,0,0,0,0,0,0,0,106,254,254,254,254,254,254,254,254,245,136,0,0,0,0,0,0,0,0,0,0,0,0,0,0,0,0,0,49,235,254,254,254,254,254,250,221,36,0,0,0,0,0,0,0,0,0,0,0,0,0,0,0,0,0,0,0,0,109,235,254,254,221,32,0,0,0,0,0,0,0,0,0,0,0,0,0,0,0,0,0,0,0,0,0,0,0,0,0,0,0,0,0,0,0,0,0,0,0,0,0,0,0,0,0,0,0,0,0,0,0,0,0,0,0,0,0,0,0,0,0,0,0,0,0,0,0,0,0,0,0,0,0,0,0,0,0,0,0,0,0,0,0,0,0,0,0,0,0,0,0,0,0,0,0,0,0,0,0,0,0
1,0,0,0,0,0,0,0,0,0,0,0,0,0,0,0,0,0,0,0,0,0,0,0,0,0,0,0,0,0,0,0,0,0,0,0,0,0,0,0,0,0,0,0,0,0,0,0,0,0,0,0,0,0,0,0,0,0,0,0,0,0,0,0,0,0,0,0,0,0,0,0,0,0,0,0,0,0,0,0,0,0,0,0,0,0,0,0,0,0,0,0,0,0,0,0,0,0,0,0,0,0,0,0,0,0,0,0,0,0,0,0,0,0,0,0,0,0,0,0,0,0,0,0,92,253,253,253,0,0,0,0,0,0,0,0,0,0,0,0,0,0,0,0,0,0,0,0,0,0,0,0,190,251,251,251,0,0,0,0,0,0,0,0,0,0,0,0,0,0,0,0,0,0,0,0,0,0,0,0,190,251,251,251,0,0,0,0,0,0,0,0,0,0,0,0,0,0,0,0,0,0,0,0,0,0,0,0,190,251,251,251,0,0,0,0,0,0,0,0,0,0,0,0,0,0,0,0,0,0,0,0,0,0,0,0,190,251,251,251,0,0,0,0,0,0,0,0,0,0,0,0,0,0,0,0,0,0,0,0,0,0,0,0,191,253,253,253,195,24,0,0,0,0,0,0,0,0,0,0,0,0,0,0,0,0,0,0,0,0,0,0,190,251,251,251,253,62,0,0,0,0,0,0,0,0,0,0,0,0,0,0,0,0,0,0,0,0,0,0,190,251,251,251,253,141,0,0,0,0,0,0,0,0,0,0,0,0,0,0,0,0,0,0,0,0,0,0,51,251,251,251,253,220,0,0,0,0,0,0,0,0,0,0,0,0,0,0,0,0,0,0,0,0,0,0,32,251,251,251,253,220,0,0,0,0,0,0,0,0,0,0,0,0,0,0,0,0,0,0,0,0,0,0,12,174,253,253,255,221,0,0,0,0,0,0,0,0,0,0,0,0,0,0,0,0,0,0,0,0,0,0,32,251,251,251,253,220,0,0,0,0,0,0,0,0,0,0,0,0,0,0,0,0,0,0,0,0,0,0,32,251,251,251,253,220,0,0,0,0,0,0,0,0,0,0,0,0,0,0,0,0,0,0,0,0,0,0,32,251,251,251,253,220,0,0,0,0,0,0,0,0,0,0,0,0,0,0,0,0,0,0,0,0,0,0,32,251,251,251,253,220,0,0,0,0,0,0,0,0,0,0,0,0,0,0,0,0,0,0,0,0,0,0,20,206,253,253,255,253,126,0,0,0,0,0,0,0,0,0,0,0,0,0,0,0,0,0,0,0,0,0,0,32,229,251,253,251,126,0,0,0,0,0,0,0,0,0,0,0,0,0,0,0,0,0,0,0,0,0,0,0,221,251,253,251,188,95,0,0,0,0,0,0,0,0,0,0,0,0,0,0,0,0,0,0,0,0,0,0,181,211,253,251,251,188,0,0,0,0,0,0,0,0,0,0,0,0,0,0,0,0,0,0,0,0,0,0,24,35,153,251,251,89,0,0,0,0,0,0,0,0,0,0,0,0,0,0,0,0,0,0,0,0,0,0,0,0,0,0,0,0,0,0,0,0,0,0,0,0,0,0,0,0,0,0,0,0,0,0,0,0,0,0,0,0,0,0,0,0,0,0,0,0,0,0,0,0,0,0,0,0,0,0,0,0,0,0,0,0,0,0,0,0,0,0,0,0,0,0,0,0,0,0,0,0,0,0,0,0,0,0,0,0,0,0,0,0,0,0,0,0,0,0,0,0,0,0,0,0,0,0,0,0,0
4,0,0,0,0,0,0,0,0,0,0,0,0,0,0,0,0,0,0,0,0,0,0,0,0,0,0,0,0,0,0,0,0,0,0,0,0,0,0,0,0,0,0,0,0,0,0,0,0,0,0,0,0,0,0,0,0,0,0,0,0,0,0,0,0,0,0,0,0,0,0,0,0,0,0,0,0,0,0,0,0,0,0,0,0,0,0,0,0,0,0,0,0,0,0,0,0,0,0,0,0,0,0,0,0,0,0,0,0,0,0,0,0,0,0,0,0,0,0,0,0,0,0,0,0,0,0,0,0,0,0,0,0,0,0,0,0,0,0,0,0,0,0,0,0,0,0,0,0,0,0,0,0,0,0,0,0,0,0,37,253,255,253,72,0,0,0,0,0,0,0,0,0,0,0,0,0,0,0,0,0,0,63,63,0,0,63,181,252,253,252,71,0,0,0,0,0,0,0,0,0,0,0,0,0,0,0,0,0,182,242,215,0,16,222,252,252,237,174,20,0,0,0,0,0,0,0,0,0,0,0,0,0,0,0,21,144,253,210,92,1,191,252,252,252,144,0,0,0,0,0,0,0,0,0,0,0,0,0,0,0,0,94,211,252,206,20,0,144,253,252,252,108,0,0,0,0,0,0,0,0,0,0,0,0,0,0,0,0,32,227,252,252,20,0,32,237,253,252,220,15,0,0,0,0,0,0,0,0,0,0,0,0,0,0,6,37,211,252,246,132,0,11,150,252,253,252,195,0,0,21,0,0,0,0,0,0,0,0,0,0,0,0,37,252,252,252,132,0,0,73,252,252,253,252,71,0,145,206,41,0,0,0,0,0,0,0,0,0,0,0,182,253,253,253,72,0,0,73,253,253,255,211,109,191,255,253,72,0,0,0,0,0,0,0,0,0,0,63,242,252,252,252,124,73,42,115,252,252,253,252,252,252,253,231,51,0,0,0,0,0,0,0,0,0,0,73,252,252,252,252,252,252,222,242,252,252,253,252,252,252,237,153,0,0,0,0,0,0,0,0,0,0,0,73,252,252,252,252,252,252,253,252,252,252,253,252,252,252,144,0,0,0,0,0,0,0,0,0,0,0,0,42,160,253,253,253,253,253,255,253,253,253,255,253,237,144,0,0,0,0,0,0,0,0,0,0,0,0,0,0,5,119,210,189,231,252,253,252,252,252,222,138,30,0,0,0,0,0,0,0,0,0,0,0,0,0,0,0,0,0,31,10,51,154,253,252,252,252,160,5,0,0,0,0,0,0,0,0,0,0,0,0,0,0,0,0,0,0,0,0,0,0,253,252,252,252,253,119,0,0,0,0,0,0,0,0,0,0,0,0,0,0,0,0,0,0,0,0,0,0,192,253,253,253,255,253,133,0,0,0,0,0,0,0,0,0,0,0,0,0,0,0,0,0,0,0,0,0,78,242,252,252,253,252,174,0,0,0,0,0,0,0,0,0,0,0,0,0,0,0,0,0,0,0,0,0,0,103,221,252,253,220,61,0,0,0,0,0,0,0,0,0,0,0,0,0,0,0,0,0,0,0,0,0,0,0,16,190,108,15,0,0,0,0,0,0,0,0,0,0,0,0,0,0,0,0,0,0,0,0,0,0,0,0,0,0,0,0,0,0,0,0,0,0,0,0,0,0,0,0,0,0,0,0,0,0,0,0,0,0,0,0,0,0,0,0,0,0,0,0,0,0,0,0,0,0,0,0,0,0,0,0,0,0,0,0,0,0,0,0,0,0,0,0,0,0,0,0,0,0,0,0,0,0
1,0,0,0,0,0,0,0,0,0,0,0,0,0,0,0,0,0,0,0,0,0,0,0,0,0,0,0,0,0,0,0,0,0,0,0,0,0,0,0,0,0,0,0,0,0,0,0,0,0,0,0,0,0,0,0,0,0,0,0,0,0,0,0,0,0,0,0,0,0,0,0,0,0,0,0,0,0,0,0,0,0,0,0,0,0,0,0,0,0,0,0,0,0,0,0,0,0,0,0,0,0,0,0,0,0,0,0,0,0,0,0,0,0,0,0,0,0,0,0,0,0,0,0,0,0,0,0,0,0,0,0,0,0,0,0,0,0,0,0,0,0,0,0,0,0,0,0,0,0,22,245,86,5,11,0,0,0,0,0,0,0,0,0,0,0,0,0,0,0,0,0,0,0,0,0,0,0,0,80,240,177,203,0,0,0,0,0,0,0,0,0,0,0,0,0,0,0,0,0,0,0,0,0,0,0,0,0,184,252,252,0,0,0,0,0,0,0,0,0,0,0,0,0,0,0,0,0,0,0,0,0,0,0,0,0,184,252,252,0,0,0,0,0,0,0,0,0,0,0,0,0,0,0,0,0,0,0,0,0,0,0,0,0,131,252,252,106,0,0,0,0,0,0,0,0,0,0,0,0,0,0,0,0,0,0,0,0,0,0,0,0,32,229,253,244,50,0,0,0,0,0,0,0,0,0,0,0,0,0,0,0,0,0,0,0,0,0,0,0,0,133,252,253,113,0,0,0,0,0,0,0,0,0,0,0,0,0,0,0,0,0,0,0,0,0,0,0,0,68,215,253,219,19,0,0,0,0,0,0,0,0,0,0,0,0,0,0,0,0,0,0,0,0,0,0,0,0,21,253,252,111,0,0,0,0,0,0,0,0,0,0,0,0,0,0,0,0,0,0,0,0,0,0,0,0,0,253,252,183,0,0,0,0,0,0,0,0,0,0,0,0,0,0,0,0,0,0,0,0,0,0,0,0,0,255,253,184,0,0,0,0,0,0,0,0,0,0,0,0,0,0,0,0,0,0,0,0,0,0,0,0,0,159,252,196,9,0,0,0,0,0,0,0,0,0,0,0,0,0,0,0,0,0,0,0,0,0,0,0,0,17,227,252,45,0,0,0,0,0,0,0,0,0,0,0,0,0,0,0,0,0,0,0,0,0,0,0,0,0,161,252,45,0,0,0,0,0,0,0,0,0,0,0,0,0,0,0,0,0,0,0,0,0,0,0,0,0,57,252,150,0,0,0,0,0,0,0,0,0,0,0,0,0,0,0,0,0,0,0,0,0,0,0,0,0,47,253,161,0,0,0,0,0,0,0,0,0,0,0,0,0,0,0,0,0,0,0,0,0,0,0,0,0,47,252,160,0,0,0,0,0,0,0,0,0,0,0,0,0,0,0,0,0,0,0,0,0,0,0,0,0,47,252,160,0,0,0,0,0,0,0,0,0,0,0,0,0,0,0,0,0,0,0,0,0,0,0,0,0,47,252,236,19,0,0,0,0,0,0,0,0,0,0,0,0,0,0,0,0,0,0,0,0,0,0,0,0,5,137,116,2,0,0,0,0,0,0,0,0,0,0,0,0,0,0,0,0,0,0,0,0,0,0,0,0,0,0,0,0,0,0,0,0,0,0,0,0,0,0,0,0,0,0,0,0,0,0,0,0,0,0,0,0,0,0,0,0,0,0,0,0,0,0,0,0,0,0,0,0,0,0,0,0,0,0,0,0,0,0,0,0,0,0,0,0,0,0,0,0,0,0,0,0,0
7,0,0,0,0,0,0,0,0,0,0,0,0,0,0,0,0,0,0,0,0,0,0,0,0,0,0,0,0,0,0,0,0,0,0,0,0,0,0,0,0,0,0,0,0,0,0,0,0,0,0,0,0,0,0,0,0,0,0,0,0,0,0,0,0,0,0,0,0,0,0,0,0,0,0,0,0,0,0,0,0,0,0,0,0,0,0,0,0,0,0,0,0,0,0,0,0,0,0,0,0,0,0,0,0,0,0,0,0,0,0,0,0,0,0,0,0,0,0,0,0,0,0,0,0,0,0,0,0,0,0,0,0,0,0,0,0,0,0,0,0,0,0,0,0,0,0,0,0,0,0,0,0,0,0,0,0,0,0,0,0,0,0,0,0,0,0,0,0,0,0,0,0,0,0,0,27,136,57,18,18,18,18,18,38,136,45,3,0,0,0,0,0,0,0,0,0,0,0,0,0,0,0,0,254,253,253,253,253,253,253,253,253,253,253,41,0,0,0,0,0,0,0,0,0,0,0,0,0,0,0,0,255,253,253,253,253,253,253,253,253,253,253,41,0,0,0,0,0,0,0,0,0,0,0,0,0,0,0,0,73,182,157,65,161,212,253,253,253,253,232,30,0,0,0,0,0,0,0,0,0,0,0,0,0,0,0,0,0,0,0,0,0,57,248,253,253,233,60,0,0,0,0,0,0,0,0,0,0,0,0,0,0,0,0,0,0,0,0,0,0,12,244,253,253,247,52,0,0,0,0,0,0,0,0,0,0,0,0,0,0,0,0,0,0,0,0,0,0,0,187,253,253,194,3,0,0,0,0,0,0,0,0,0,0,0,0,0,0,0,0,0,0,4,24,113,142,142,249,253,253,93,24,24,24,24,24,24,24,24,24,13,0,0,0,0,0,0,0,0,0,30,240,253,253,253,253,253,253,253,253,253,253,253,253,253,253,253,237,168,0,0,0,0,0,0,0,0,0,0,52,110,215,253,253,253,253,253,253,253,253,253,253,215,194,155,46,0,0,0,0,0,0,0,0,0,0,0,0,0,89,253,253,253,241,230,194,176,69,59,59,21,0,0,0,0,0,0,0,0,0,0,0,0,0,0,0,0,89,253,253,253,167,29,10,0,0,0,0,0,0,0,0,0,0,0,0,0,0,0,0,0,0,0,0,0,89,253,253,253,94,0,0,0,0,0,0,0,0,0,0,0,0,0,0,0,0,0,0,0,0,0,0,0,89,253,253,230,2,0,0,0,0,0,0,0,0,0,0,0,0,0,0,0,0,0,0,0,0,0,0,0,89,253,253,243,55,0,0,0,0,0,0,0,0,0,0,0,0,0,0,0,0,0,0,0,0,0,0,0,89,253,253,253,94,0,0,0,0,0,0,0,0,0,0,0,0,0,0,0,0,0,0,0,0,0,0,0,89,253,253,253,94,0,0,0,0,0,0,0,0,0,0,0,0,0,0,0,0,0,0,0,0,0,0,0,89,253,253,234,20,0,0,0,0,0,0,0,0,0,0,0,0,0,0,0,0,0,0,0,0,0,0,0,89,253,253,230,0,0,0,0,0,0,0,0,0,0,0,0,0,0,0,0,0,0,0,0,0,0,0,0,6,122,135,68,0,0,0,0,0,0,0,0,0,0,0,0,0,0,0,0,0,0,0,0,0,0,0,0,0,0,0,0,0,0,0,0,0,0,0,0,0,0,0,0,0,0,0,0,0,0,0,0,0,0,0,0,0,0,0,0,0,0,0,0,0,0,0,0,0,0,0,0,0
6,0,0,0,0,0,0,0,0,0,0,0,0,0,0,0,0,0,0,0,0,0,0,0,0,0,0,0,0,0,0,0,0,0,0,0,0,0,0,0,0,0,0,0,0,0,0,0,0,0,0,0,0,0,0,0,0,0,0,0,0,0,0,0,0,0,0,0,0,0,0,0,0,0,0,0,0,0,0,0,0,0,0,0,0,0,0,0,0,0,0,0,0,0,0,0,0,0,0,0,21,157,241,247,130,0,0,0,0,0,0,0,0,0,0,0,0,0,0,0,0,0,0,0,0,0,4,87,241,241,198,222,253,152,4,0,0,0,0,0,0,0,0,0,0,0,0,0,0,0,0,0,0,19,168,253,243,41,0,16,178,254,109,0,0,0,0,0,0,0,0,0,0,0,0,0,0,0,0,0,0,146,253,207,39,0,0,0,52,235,120,0,0,0,0,0,0,0,0,0,0,0,0,0,0,0,0,0,72,243,240,21,0,0,0,0,0,0,0,0,0,0,0,0,0,0,0,0,0,0,0,0,0,0,0,21,209,243,71,0,0,0,0,0,0,0,0,0,0,0,0,0,0,0,0,0,0,0,0,0,0,0,20,209,253,145,0,0,0,0,0,0,0,0,0,0,0,0,0,0,0,0,0,0,0,0,0,0,0,0,136,254,225,18,0,0,0,0,0,0,0,0,0,0,0,0,0,0,0,0,0,0,0,0,0,0,0,21,238,254,89,0,0,0,0,0,0,0,0,0,0,0,0,0,0,0,0,0,0,0,0,0,0,0,0,109,253,202,5,0,0,0,0,0,0,0,0,0,0,0,0,0,0,0,0,0,0,0,0,0,0,0,0,135,254,182,0,0,0,0,0,0,0,0,0,0,0,0,0,0,0,0,0,0,0,0,0,0,0,0,0,116,253,129,0,0,0,0,0,0,0,0,0,0,0,0,0,0,0,0,0,0,0,0,0,0,0,0,0,154,253,91,0,0,0,0,0,0,0,0,0,0,0,0,0,0,0,0,0,0,0,0,0,0,0,0,27,238,253,129,0,0,0,0,12,19,19,19,12,0,0,0,0,0,0,0,0,0,0,0,0,0,0,0,27,238,253,181,0,0,40,124,228,253,253,253,227,66,0,0,0,0,0,0,0,0,0,0,0,0,0,0,0,141,254,202,5,153,254,254,255,186,191,254,254,202,5,0,0,0,0,0,0,0,0,0,0,0,0,0,0,90,253,254,237,250,223,108,18,2,3,203,253,254,18,0,0,0,0,0,0,0,0,0,0,0,0,0,0,3,145,254,253,253,125,0,0,8,50,226,253,146,3,0,0,0,0,0,0,0,0,0,0,0,0,0,0,0,20,208,253,253,249,199,200,211,253,251,169,20,0,0,0,0,0,0,0,0,0,0,0,0,0,0,0,0,0,21,124,175,253,253,254,253,207,86,0,0,0,0,0,0,0,0,0,0,0,0,0,0,0,0,0,0,0,0,0,0,0,0,0,0,0,0,0,0,0,0,0,0,0,0,0,0,0,0,0,0,0,0,0,0,0,0,0,0,0,0,0,0,0,0,0,0,0,0,0,0,0,0,0,0,0,0,0,0,0,0,0,0,0,0,0,0,0,0,0,0,0,0,0,0,0,0,0,0,0,0,0,0,0,0,0,0,0,0,0,0,0,0,0,0,0,0,0,0,0,0,0,0,0,0,0,0,0,0,0,0,0,0,0,0,0,0,0,0,0,0,0,0,0,0,0,0,0,0,0,0,0,0,0,0,0,0,0
9,0,0,0,0,0,0,0,0,0,0,0,0,0,0,0,0,0,0,0,0,0,0,0,0,0,0,0,0,0,0,0,0,0,0,0,0,0,0,0,0,0,0,0,0,0,0,0,0,0,0,0,0,0,0,0,0,0,0,0,0,0,0,0,0,0,0,0,0,0,0,0,0,0,0,0,0,0,0,0,0,0,0,0,0,0,0,0,0,0,0,0,0,0,0,0,0,0,0,0,0,0,0,0,0,0,0,0,0,0,0,0,0,0,0,0,0,0,0,0,0,0,0,0,0,0,0,0,0,0,0,0,0,0,0,0,0,0,0,0,0,0,0,0,0,0,0,0,0,0,0,0,0,0,0,0,0,0,0,0,0,0,0,0,0,0,0,0,0,0,0,0,0,0,0,0,0,0,2,38,122,246,255,255,245,121,8,0,0,0,0,0,0,0,0,0,0,0,0,0,0,0,0,0,0,57,176,253,253,253,253,253,253,253,155,3,0,0,0,0,0,0,0,0,0,0,0,0,0,0,0,0,1,191,253,253,253,253,250,248,253,253,253,105,0,0,0,0,0,0,0,0,0,0,0,0,0,0,0,1,126,253,253,245,210,111,37,0,155,253,253,187,14,0,0,0,0,0,0,0,0,0,0,0,0,0,0,6,253,253,250,139,0,0,0,0,15,226,253,253,116,0,0,0,0,0,0,0,0,0,0,0,0,0,0,6,253,253,141,0,0,0,0,0,0,76,253,253,219,25,0,0,0,0,0,0,0,0,0,0,0,0,0,73,253,238,22,0,0,0,0,0,14,221,253,253,253,150,0,0,0,0,0,0,0,0,0,0,0,0,0,114,253,235,21,0,0,0,0,32,193,253,253,253,253,230,4,0,0,0,0,0,0,0,0,0,0,0,0,61,253,253,126,0,0,2,40,171,253,253,253,253,253,159,1,0,0,0,0,0,0,0,0,0,0,0,0,6,253,253,211,96,55,159,253,253,253,253,253,253,240,73,0,0,0,0,0,0,0,0,0,0,0,0,0,2,133,253,253,253,253,253,253,253,253,214,253,253,188,0,0,0,0,0,0,0,0,0,0,0,0,0,0,0,3,97,174,245,253,252,232,192,22,65,253,253,87,0,0,0,0,0,0,0,0,0,0,0,0,0,0,0,0,0,0,54,86,81,0,0,0,21,222,235,28,0,0,0,0,0,0,0,0,0,0,0,0,0,0,0,0,0,0,0,0,0,0,0,0,23,224,226,0,0,0,0,0,0,0,0,0,0,0,0,0,0,0,0,0,0,0,0,0,0,0,0,0,72,253,123,0,0,0,0,0,0,0,0,0,0,0,0,0,0,0,0,0,0,0,0,0,0,0,0,0,168,253,192,0,0,0,0,0,0,0,0,0,0,0,0,0,0,0,0,0,0,0,0,0,0,0,0,0,168,253,237,33,0,0,0,0,0,0,0,0,0,0,0,0,0,0,0,0,0,0,0,0,0,0,0,0,168,253,253,81,0,0,0,0,0,0,0,0,0,0,0,0,0,0,0,0,0,0,0,0,0,0,0,0,168,253,253,81,0,0,0,0,0,0,0,0,0,0,0,0,0,0,0,0,0,0,0,0,0,0,0,0,97,233,242,46,0,0,0,0,0,0,0,0,0,0,0,0,0,0,0,0,0,0,0,0,0,0,0,0,0,0,0,0,0,0,0,0,0,0,0,0,0,0,0,0,0,0,0,0,0,0,0,0,0,0,0,0,0,0,0,0,0,0,0,0,0,0,0,0
6,0,0,0,0,0,0,0,0,0,0,0,0,0,0,0,0,0,0,0,0,0,0,0,0,0,0,0,0,0,0,0,0,0,0,0,0,0,0,0,0,0,0,0,0,0,0,0,0,0,0,0,0,0,0,0,0,0,0,0,0,0,0,0,0,0,0,0,0,127,221,52,0,0,0,0,0,0,0,0,0,0,0,0,0,0,0,0,0,0,0,0,0,0,0,0,64,229,219,104,0,0,0,0,0,0,0,0,0,0,0,0,0,0,0,0,0,0,0,0,0,0,0,13,235,140,4,3,0,0,0,0,0,0,0,0,0,0,0,0,0,0,0,0,0,0,0,0,0,0,0,118,227,25,0,0,0,0,0,0,0,0,0,0,0,0,0,0,0,0,0,0,0,0,0,0,0,0,0,236,133,0,0,0,0,0,0,0,0,0,0,0,0,0,0,0,0,0,0,0,0,0,0,0,0,0,13,243,93,0,0,0,0,0,0,0,0,0,0,0,0,0,0,0,0,0,0,0,0,0,0,0,0,0,85,243,21,0,0,0,0,0,0,0,0,0,0,0,0,0,0,0,0,0,0,0,0,0,0,0,0,0,189,236,0,0,0,0,0,0,0,0,0,0,0,0,0,0,0,0,0,0,0,0,0,0,0,0,0,1,208,169,0,0,0,0,0,0,64,151,151,135,74,1,0,0,0,0,0,0,0,0,0,0,0,0,0,26,254,89,0,0,0,0,6,142,254,224,211,181,241,70,0,0,0,0,0,0,0,0,0,0,0,0,0,26,254,68,0,0,0,2,161,254,104,7,0,0,80,223,15,0,0,0,0,0,0,0,0,0,0,0,0,57,254,15,0,0,0,150,231,68,1,0,0,0,9,231,26,0,0,0,0,0,0,0,0,0,0,0,0,79,254,15,0,0,24,228,66,0,0,0,0,0,0,196,87,0,0,0,0,0,0,0,0,0,0,0,0,73,254,43,0,0,116,251,7,0,0,0,0,0,0,196,100,0,0,0,0,0,0,0,0,0,0,0,0,13,230,147,0,0,60,255,70,0,0,0,0,0,4,209,84,0,0,0,0,0,0,0,0,0,0,0,0,0,203,232,4,0,42,253,74,0,0,0,0,0,114,233,17,0,0,0,0,0,0,0,0,0,0,0,0,0,87,252,147,0,0,154,229,132,123,123,63,93,248,65,0,0,0,0,0,0,0,0,0,0,0,0,0,0,0,169,249,137,23,8,80,100,101,107,145,192,51,0,0,0,0,0,0,0,0,0,0,0,0,0,0,0,0,5,139,251,224,144,115,115,195,254,187,48,0,0,0,0,0,0,0,0,0,0,0,0,0,0,0,0,0,0,0,55,141,203,244,180,129,67,2,0,0,0,0,0,0,0,0,0,0,0,0,0,0,0,0,0,0,0,0,0,0,0,0,0,0,0,0,0,0,0,0,0,0,0,0,0,0,0,0,0,0,0,0,0,0,0,0,0,0,0,0,0,0,0,0,0,0,0,0,0,0,0,0,0,0,0,0,0,0,0,0,0,0,0,0,0,0,0,0,0,0,0,0,0,0,0,0,0,0,0,0,0,0,0,0,0,0,0,0,0,0,0,0,0,0,0,0,0,0,0,0,0,0,0,0,0,0,0,0,0,0,0,0,0,0,0,0,0,0,0,0,0,0,0,0,0,0,0,0,0,0,0,0,0,0,0,0,0,0,0,0,0,0,0,0,0,0,0,0,0,0,0,0,0,0,0,0,0,0,0,0,0,0,0,0
0,0,0,0,0,0,0,0,0,0,0,0,0,0,0,0,0,0,0,0,0,0,0,0,0,0,0,0,0,0,0,0,0,0,0,0,0,0,0,0,0,0,0,0,0,0,0,0,0,0,0,0,0,0,0,0,0,0,0,0,0,0,0,0,0,0,0,0,0,0,0,0,0,0,0,0,0,0,0,0,0,0,0,0,0,0,0,0,0,0,0,0,0,0,0,0,0,0,0,0,0,0,0,0,0,0,0,0,0,0,0,0,0,0,0,0,0,0,0,0,0,0,0,0,0,0,0,0,0,0,0,0,0,0,0,0,0,0,0,0,0,0,0,0,0,0,0,0,0,0,0,0,0,0,38,195,228,64,82,156,21,0,0,0,0,0,0,0,0,0,0,0,0,0,0,0,0,0,0,0,0,41,224,253,254,249,212,253,208,20,0,0,0,0,0,0,0,0,0,0,0,0,0,0,0,0,0,0,137,203,253,227,208,253,112,213,253,205,9,0,0,0,0,0,0,0,0,0,0,0,0,0,0,0,0,135,249,253,167,41,151,182,21,103,246,254,63,0,0,0,0,0,0,0,0,0,0,0,0,0,0,0,98,254,253,207,35,0,0,0,0,6,79,189,237,58,0,0,0,0,0,0,0,0,0,0,0,0,0,45,254,255,254,36,0,0,0,0,0,0,0,106,254,185,0,0,0,0,0,0,0,0,0,0,0,0,21,224,253,254,130,3,0,0,0,0,0,0,0,5,152,224,12,0,0,0,0,0,0,0,0,0,0,0,37,253,253,159,9,0,0,0,0,0,0,0,0,0,68,247,46,0,0,0,0,0,0,0,0,0,0,0,76,253,253,0,0,0,0,0,0,0,0,0,0,0,61,232,24,0,0,0,0,0,0,0,0,0,0,0,159,253,253,0,0,0,0,0,0,0,0,0,0,0,113,240,35,0,0,0,0,0,0,0,0,0,0,0,186,254,228,0,0,0,0,0,0,0,0,0,0,0,55,243,39,0,0,0,0,0,0,0,0,0,0,51,250,253,78,0,0,0,0,0,0,0,0,0,0,42,233,216,0,0,0,0,0,0,0,0,0,0,0,55,253,253,72,0,0,0,0,0,0,0,0,0,0,119,253,171,0,0,0,0,0,0,0,0,0,0,0,32,231,253,85,0,0,0,0,0,0,0,0,0,40,234,253,55,0,0,0,0,0,0,0,0,0,0,0,0,62,253,253,0,0,0,0,0,0,0,0,40,181,254,181,11,0,0,0,0,0,0,0,0,0,0,0,0,27,212,254,170,5,0,0,0,0,0,0,167,254,234,13,0,0,0,0,0,0,0,0,0,0,0,0,0,0,109,253,254,101,8,0,0,0,51,158,249,233,110,0,0,0,0,0,0,0,0,0,0,0,0,0,0,0,22,139,254,253,222,178,128,218,238,253,231,49,0,0,0,0,0,0,0,0,0,0,0,0,0,0,0,0,0,20,144,228,250,253,253,254,249,189,83,0,0,0,0,0,0,0,0,0,0,0,0,0,0,0,0,0,0,0,0,0,62,72,169,105,57,0,0,0,0,0,0,0,0,0,0,0,0,0,0,0,0,0,0,0,0,0,0,0,0,0,0,0,0,0,0,0,0,0,0,0,0,0,0,0,0,0,0,0,0,0,0,0,0,0,0,0,0,0,0,0,0,0,0,0,0,0,0,0,0,0,0,0,0,0,0,0,0,0,0,0,0,0,0,0,0,0,0,0,0,0,0,0,0,0,0,0,0,0,0,0
5,0,0,0,0,0,0,0,0,0,0,0,0,0,0,0,0,0,0,0,0,0,0,0,0,0,0,0,0,0,0,0,0,0,0,0,0,0,0,0,0,0,0,0,0,0,0,0,0,0,0,0,0,0,0,0,0,0,0,0,0,0,0,0,0,0,0,0,0,0,0,0,0,0,0,0,0,0,0,0,0,0,0,0,0,0,0,0,0,0,0,0,0,0,0,0,0,0,0,0,0,0,0,0,0,0,0,0,0,0,0,0,0,0,0,0,0,0,0,0,0,0,0,0,0,0,0,0,0,0,0,0,0,0,0,0,0,0,0,0,0,0,0,0,0,0,0,0,0,0,0,0,0,0,0,0,0,0,0,0,0,0,0,0,0,0,0,0,0,0,0,0,0,0,0,0,0,0,0,0,23,4,0,7,29,29,92,141,141,141,243,217,217,79,0,0,0,0,0,0,0,0,0,0,0,102,170,170,235,178,170,188,253,253,254,253,253,253,254,253,253,140,0,0,0,0,0,0,0,0,0,0,67,235,255,253,253,253,254,253,187,168,169,168,81,56,78,253,225,43,0,0,0,0,0,0,0,0,0,26,223,253,191,216,253,203,78,28,6,0,0,0,0,0,4,78,19,0,0,0,0,0,0,0,0,0,42,254,255,191,0,51,226,25,0,0,0,0,0,0,0,0,0,0,0,0,0,0,0,0,0,0,0,0,141,253,253,216,170,95,57,32,0,0,0,0,0,0,0,0,0,0,0,0,0,0,0,0,0,0,0,0,54,253,253,253,254,253,253,229,135,67,0,0,0,0,0,0,0,0,0,0,0,0,0,0,0,0,0,0,4,28,28,28,28,53,178,253,254,247,138,63,0,0,0,0,0,0,0,0,0,0,0,0,0,0,0,0,0,0,0,0,0,0,0,51,127,245,254,254,129,10,0,0,0,0,0,0,0,0,0,0,0,0,0,0,0,0,0,0,0,0,0,0,0,57,172,247,254,172,13,0,0,0,0,0,0,0,0,0,0,0,0,0,0,0,0,0,0,0,0,0,0,0,0,138,254,253,94,0,0,0,0,0,0,0,0,0,0,0,0,0,0,0,0,0,0,0,0,0,0,0,0,13,104,253,206,13,0,0,0,0,0,0,0,0,0,0,0,0,0,0,0,0,0,0,0,0,0,0,0,0,92,254,254,78,0,0,0,0,0,0,0,0,0,0,0,0,0,0,0,0,0,0,0,0,0,0,0,26,217,253,253,28,0,0,0,0,0,0,0,0,0,0,0,0,0,0,0,0,0,0,0,0,0,0,67,210,254,253,99,6,0,0,0,0,0,0,0,0,0,0,0,0,0,0,0,0,0,0,0,0,0,76,223,253,254,152,6,0,0,0,0,0,0,0,0,0,0,0,0,0,0,0,73,4,0,0,0,26,205,254,254,242,151,0,0,0,0,0,0,0,0,0,0,0,0,0,0,0,0,0,198,128,57,82,169,244,254,253,209,59,0,0,0,0,0,0,0,0,0,0,0,0,0,0,0,0,0,0,160,253,254,253,253,253,245,143,13,0,0,0,0,0,0,0,0,0,0,0,0,0,0,0,0,0,0,0,10,128,204,253,215,140,25,0,0,0,0,0,0,0,0,0,0,0,0,0,0,0,0,0,0,0,0,0,0,0,0,0,0,0,0,0,0,0,0,0,0,0,0,0,0,0,0,0,0,0,0,0,0,0,0,0,0,0,0,0,0,0,0,0,0,0,0,0,0,0,0,0,0,0,0,0,0
4,0,0,0,0,0,0,0,0,0,0,0,0,0,0,0,0,0,0,0,0,0,0,0,0,0,0,0,0,0,0,0,0,0,0,0,0,0,0,0,0,0,0,0,0,0,0,0,0,0,0,0,0,0,0,0,0,0,0,0,0,0,0,0,0,0,0,0,0,0,0,0,0,0,0,0,0,0,0,0,0,0,0,0,0,0,0,0,0,0,0,0,0,0,0,0,0,0,0,0,0,0,0,0,0,0,0,0,0,0,0,0,0,0,0,0,0,0,0,0,0,0,0,0,0,0,0,0,0,0,0,80,223,57,0,0,0,0,0,0,0,0,0,0,0,0,0,0,0,0,0,0,0,0,0,0,0,0,0,162,253,213,0,0,0,0,0,0,0,0,0,0,0,0,0,0,0,0,0,0,0,0,0,0,0,0,0,214,253,213,0,0,0,0,0,0,0,0,0,0,0,0,0,0,85,174,42,0,0,0,0,0,0,0,0,214,253,124,0,0,0,0,0,0,0,0,0,0,0,0,0,0,194,253,78,0,0,0,0,0,0,0,23,229,253,117,0,0,0,0,0,0,0,0,0,0,0,0,0,0,156,254,175,0,0,0,0,0,0,0,37,239,254,95,0,0,0,0,0,0,0,0,0,0,0,0,0,0,156,253,180,2,0,0,0,0,0,0,59,253,253,19,0,0,0,0,0,0,0,0,0,0,0,0,0,0,156,253,228,13,0,0,0,0,0,0,59,253,253,19,0,0,0,0,0,0,0,0,0,0,0,0,0,0,246,253,159,0,0,0,0,0,0,0,149,253,253,19,0,0,0,0,0,0,0,0,0,0,0,0,53,135,254,207,48,0,0,0,0,0,0,0,156,253,253,19,0,0,0,0,0,0,0,0,0,0,5,89,246,254,255,163,41,10,36,0,0,0,0,0,156,254,254,19,0,0,0,0,0,0,0,0,0,0,147,253,253,253,254,253,241,220,238,215,214,214,214,214,239,253,186,3,0,0,0,0,0,0,0,0,0,0,214,253,253,253,223,247,199,253,253,254,253,253,253,253,254,253,174,0,0,0,0,0,0,0,0,0,0,0,54,49,26,19,12,18,6,19,95,57,64,79,79,169,254,253,174,0,0,0,0,0,0,0,0,0,0,0,0,0,0,0,0,0,0,0,0,0,0,0,0,98,254,253,174,0,0,0,0,0,0,0,0,0,0,0,0,0,0,0,0,0,0,0,0,0,0,0,0,99,255,254,175,0,0,0,0,0,0,0,0,0,0,0,0,0,0,0,0,0,0,0,0,0,0,0,0,98,254,253,174,0,0,0,0,0,0,0,0,0,0,0,0,0,0,0,0,0,0,0,0,0,0,0,0,68,223,253,174,0,0,0,0,0,0,0,0,0,0,0,0,0,0,0,0,0,0,0,0,0,0,0,0,0,156,253,174,0,0,0,0,0,0,0,0,0,0,0,0,0,0,0,0,0,0,0,0,0,0,0,0,0,96,223,40,0,0,0,0,0,0,0,0,0,0,0,0,0,0,0,0,0,0,0,0,0,0,0,0,0,0,0,0,0,0,0,0,0,0,0,0,0,0,0,0,0,0,0,0,0,0,0,0,0,0,0,0,0,0,0,0,0,0,0,0,0,0,0,0,0,0,0,0,0,0,0,0,0,0,0,0,0,0,0,0,0,0,0,0,0,0,0,0,0,0,0,0,0,0,0,0,0,0,0,0,0,0,0,0,0,0,0,0,0,0,0,0,0,0,0,0,0,0,0,0
9,0,0,0,0,0,0,0,0,0,0,0,0,0,0,0,0,0,0,0,0,0,0,0,0,0,0,0,0,0,0,0,0,0,0,0,0,0,0,0,0,0,0,0,0,0,0,0,0,0,0,0,0,0,0,0,0,0,0,0,0,0,0,0,0,0,0,0,0,0,0,0,0,0,0,0,0,0,0,0,0,0,0,0,0,0,0,0,0,0,0,0,0,0,0,0,0,0,0,0,0,0,0,0,0,0,0,0,0,0,0,0,0,0,0,0,0,0,0,0,0,0,0,0,0,0,0,0,0,0,0,0,0,0,0,0,0,0,0,0,0,0,0,0,0,0,0,0,0,0,0,0,0,0,0,0,0,0,0,0,0,0,0,0,0,0,0,0,0,0,0,0,0,0,0,0,0,0,14,144,254,255,254,254,178,31,0,0,0,0,0,0,0,0,0,0,0,0,0,0,0,0,0,0,0,59,213,253,253,253,196,235,253,234,12,0,0,0,0,0,0,0,0,0,0,0,0,0,0,0,0,0,61,241,253,230,88,53,4,49,179,253,88,0,0,0,0,0,0,0,0,0,0,0,0,0,0,0,0,12,209,253,200,36,0,0,0,0,28,233,245,53,0,0,0,0,0,0,0,0,0,0,0,0,0,0,0,132,253,251,78,0,0,0,0,0,0,15,130,65,0,0,0,0,0,0,0,0,0,0,0,0,0,0,0,213,253,198,0,0,0,0,0,0,0,0,0,0,0,0,0,0,0,0,0,0,0,0,0,0,0,0,0,244,253,124,0,0,0,0,0,0,0,0,0,0,0,0,0,0,0,0,0,0,0,0,0,0,0,0,0,244,253,124,0,0,0,0,0,0,0,0,0,0,0,0,0,0,0,0,0,0,0,0,0,0,0,0,0,155,253,222,110,60,0,50,110,149,213,213,213,213,120,81,0,0,0,0,0,0,0,0,0,0,0,0,0,15,213,253,253,247,156,238,253,253,253,253,253,253,253,227,22,0,0,0,0,0,0,0,0,0,0,0,0,0,72,195,155,155,155,155,155,155,53,51,51,51,150,253,36,0,0,0,0,0,0,0,0,0,0,0,0,0,0,2,0,0,0,0,0,0,0,0,0,0,227,253,137,0,0,0,0,0,0,0,0,0,0,0,0,0,0,0,0,0,0,0,0,0,0,0,0,0,228,253,139,0,0,0,0,0,0,0,0,0,0,0,0,0,0,0,0,0,0,0,0,0,0,0,0,74,252,253,85,0,0,0,0,0,0,0,0,0,0,0,0,0,0,0,0,0,0,0,0,0,0,0,0,111,253,253,36,0,0,0,0,0,0,0,0,0,0,0,0,0,0,0,0,0,0,0,0,0,0,0,0,182,253,192,4,0,0,0,0,0,0,0,0,0,0,0,0,0,0,0,0,0,0,0,0,0,0,0,0,182,253,186,0,0,0,0,0,0,0,0,0,0,0,0,0,0,0,0,0,0,0,0,0,0,0,0,0,182,253,189,2,0,0,0,0,0,0,0,0,0,0,0,0,0,0,0,0,0,0,0,0,0,0,0,0,158,253,253,36,0,0,0,0,0,0,0,0,0,0,0,0,0,0,0,0,0,0,0,0,0,0,0,0,15,190,155,7,0,0,0,0,0,0,0,0,0,0,0,0,0,0,0,0,0,0,0,0,0,0,0,0,0,0,0,0,0,0,0,0,0,0,0,0,0,0,0,0,0,0,0,0,0,0,0,0,0,0,0,0,0,0,0,0,0,0,0,0,0,0
9,0,0,0,0,0,0,0,0,0,0,0,0,0,0,0,0,0,0,0,0,0,0,0,0,0,0,0,0,0,0,0,0,0,0,0,0,0,0,0,0,0,0,0,0,0,0,0,0,0,0,0,0,0,0,0,0,0,0,0,0,0,0,0,0,0,0,0,0,0,0,0,0,0,0,0,0,0,0,0,0,0,0,0,0,0,0,0,0,0,0,0,0,0,0,0,0,0,0,0,0,0,0,0,0,0,0,0,0,0,0,0,0,0,0,0,0,0,0,0,0,0,0,0,0,0,0,0,0,0,0,0,0,0,0,0,0,0,0,0,0,0,0,0,0,0,0,0,0,0,0,0,0,0,0,0,0,0,0,0,0,0,0,0,0,0,0,0,0,0,0,0,0,0,0,0,0,0,0,0,0,0,0,0,0,0,0,0,0,0,0,0,0,0,0,0,0,0,0,0,0,0,0,0,0,0,0,0,76,160,166,166,204,191,166,33,0,0,0,0,0,0,0,0,0,0,0,0,0,0,0,0,0,0,117,242,254,254,254,254,206,215,254,247,128,0,0,0,0,0,0,0,0,0,0,0,0,0,0,0,0,70,248,254,198,64,27,27,6,10,27,168,245,129,0,0,0,0,0,0,0,0,0,0,0,0,0,0,6,195,253,128,15,0,0,0,0,0,0,10,236,189,0,0,0,0,0,0,0,0,0,0,0,0,0,0,146,254,166,0,0,0,0,0,0,0,0,115,212,8,0,0,0,0,0,0,0,0,0,0,0,0,0,0,215,246,41,0,0,0,0,0,0,0,63,252,201,0,0,0,0,0,0,0,0,0,0,0,0,0,0,0,215,232,0,0,0,0,0,0,0,34,228,254,139,0,0,0,0,0,0,0,0,0,0,0,0,0,0,0,215,246,68,0,0,0,0,0,94,227,254,212,10,0,0,0,0,0,0,0,0,0,0,0,0,0,0,0,194,254,248,176,148,148,148,222,251,254,254,135,0,0,0,0,0,0,0,0,0,0,0,0,0,0,0,0,16,176,254,254,254,254,254,233,140,217,254,51,0,0,0,0,0,0,0,0,0,0,0,0,0,0,0,0,0,4,76,75,133,114,44,24,0,184,254,9,0,0,0,0,0,0,0,0,0,0,0,0,0,0,0,0,0,0,0,0,0,0,0,0,0,184,254,47,0,0,0,0,0,0,0,0,0,0,0,0,0,0,0,0,0,0,0,0,0,0,0,0,0,184,254,98,0,0,0,0,0,0,0,0,0,0,0,0,0,0,0,0,0,0,0,0,0,0,0,0,0,184,254,98,0,0,0,0,0,0,0,0,0,0,0,0,0,0,0,0,0,0,0,0,0,0,0,0,0,184,254,75,0,0,0,0,0,0,0,0,0,0,0,0,0,0,0,0,0,0,0,0,0,0,0,0,0,184,254,9,0,0,0,0,0,0,0,0,0,0,0,0,0,0,0,0,0,0,0,0,0,0,0,0,16,245,213,4,0,0,0,0,0,0,0,0,0,0,0,0,0,0,0,0,0,0,0,0,0,0,0,0,60,254,174,0,0,0,0,0,0,0,0,0,0,0,0,0,0,0,0,0,0,0,0,0,0,0,0,0,108,254,102,0,0,0,0,0,0,0,0,0,0,0,0,0,0,0,0,0,0,0,0,0,0,0,0,0,108,218,0,0,0,0,0,0,0,0,0,0,0,0,0,0,0,0,0,0,0,0,0,0,0,0,0,0,0,0,0,0,0,0,0,0,0,0,0,0,0
2,0,0,0,0,0,0,0,0,0,0,0,0,0,0,0,0,0,0,0,0,0,0,0,0,0,0,0,0,0,0,0,0,0,0,0,0,0,0,0,0,0,0,0,0,0,0,0,0,0,0,0,0,0,0,0,0,0,0,0,0,0,0,0,0,0,0,0,0,0,0,0,0,0,0,0,0,0,0,0,0,0,0,0,0,0,0,0,0,0,0,0,0,0,0,0,0,0,0,0,0,0,0,0,0,0,0,0,0,0,0,0,0,0,0,0,0,0,0,0,0,0,0,0,2,94,137,137,192,137,131,18,15,0,0,0,0,0,0,0,0,0,0,0,0,0,0,0,0,13,36,147,57,254,254,254,199,239,213,190,236,125,8,0,0,0,0,0,0,0,0,0,0,0,0,12,54,179,254,254,254,201,111,145,102,46,0,62,226,184,150,8,0,0,0,0,0,0,0,0,0,0,0,54,254,254,254,253,172,24,0,0,0,0,0,0,154,237,254,35,0,0,0,0,0,0,0,0,0,0,0,54,254,254,217,51,0,0,0,0,0,0,0,0,126,213,254,77,0,0,0,0,0,0,0,0,0,0,0,7,118,51,17,0,0,0,0,0,0,0,0,0,28,161,199,153,0,0,0,0,0,0,0,0,0,0,0,0,0,0,0,0,0,0,0,0,0,0,0,0,0,35,230,153,0,0,0,0,0,0,0,0,0,0,0,0,0,0,0,0,0,0,0,0,0,0,0,0,5,84,254,153,0,0,0,0,0,0,0,0,0,0,0,0,0,0,0,0,0,0,0,0,0,0,0,0,123,254,254,79,0,0,0,0,0,0,0,0,0,0,0,0,0,0,0,0,0,0,0,0,0,0,0,21,228,254,254,35,0,0,0,0,0,0,0,0,0,0,0,0,0,0,0,0,0,0,0,0,0,0,0,66,254,254,254,35,0,0,0,0,0,0,0,0,0,0,0,0,0,0,0,47,96,96,96,96,16,0,0,148,254,254,140,6,0,0,0,0,0,0,0,0,0,0,0,0,0,93,218,243,254,254,254,254,235,232,121,245,254,195,5,0,0,0,0,0,0,0,0,0,0,0,0,28,220,254,254,240,124,124,69,33,5,63,252,254,254,189,0,0,0,0,0,0,0,0,0,0,0,0,0,54,254,254,192,5,0,0,0,0,12,185,254,255,254,189,0,0,0,0,0,0,0,0,0,0,0,0,46,185,254,238,65,0,0,0,0,73,199,254,208,207,238,232,35,0,0,0,0,0,0,0,0,0,0,13,227,254,254,80,0,0,0,0,74,238,254,173,2,0,124,236,53,0,0,0,0,0,0,0,0,0,0,18,254,254,254,47,0,41,84,158,239,254,85,30,0,0,0,69,36,0,0,0,0,0,0,0,0,0,0,3,122,254,254,184,151,237,196,128,91,35,6,0,0,0,0,0,0,0,0,0,0,0,0,0,0,0,0,0,3,73,106,233,149,188,9,7,0,0,0,0,0,0,0,0,0,0,0,0,0,0,0,0,0,0,0,0,0,0,0,0,0,0,0,0,0,0,0,0,0,0,0,0,0,0,0,0,0,0,0,0,0,0,0,0,0,0,0,0,0,0,0,0,0,0,0,0,0,0,0,0,0,0,0,0,0,0,0,0,0,0,0,0,0,0,0,0,0,0,0,0,0,0,0,0,0,0,0,0,0,0,0,0,0,0,0,0,0,0,0,0,0,0,0,0,0,0,0,0,0,0,0,0,0,0,0,0,0,0,0,0,0,0,0
1,0,0,0,0,0,0,0,0,0,0,0,0,0,0,0,0,0,0,0,0,0,0,0,0,0,0,0,0,0,0,0,0,0,0,0,0,0,0,0,0,0,0,0,0,0,0,0,0,0,0,0,0,0,0,0,0,0,0,0,0,0,0,0,0,0,0,0,0,0,0,0,0,0,0,0,0,0,0,0,0,0,0,0,0,0,0,0,0,0,0,0,0,0,0,0,0,0,0,0,0,0,0,0,0,0,0,0,0,0,0,0,0,0,0,0,0,0,0,0,0,0,0,0,0,0,0,0,0,0,0,78,185,15,0,0,0,0,0,0,0,0,0,0,0,0,0,0,0,0,0,0,0,0,0,0,0,0,56,237,162,8,0,0,0,0,0,0,0,0,0,0,0,0,0,0,0,0,0,0,0,0,0,0,0,73,177,254,138,0,0,0,0,0,0,0,0,0,0,0,0,0,0,0,0,0,0,0,0,0,0,0,9,172,254,249,88,0,0,0,0,0,0,0,0,0,0,0,0,0,0,0,0,0,0,0,0,0,0,12,153,254,254,121,0,0,0,0,0,0,0,0,0,0,0,0,0,0,0,0,0,0,0,0,0,0,0,78,254,254,254,84,0,0,0,0,0,0,0,0,0,0,0,0,0,0,0,0,0,0,0,0,0,0,0,224,254,254,136,5,0,0,0,0,0,0,0,0,0,0,0,0,0,0,0,0,0,0,0,0,0,4,112,249,254,163,8,0,0,0,0,0,0,0,0,0,0,0,0,0,0,0,0,0,0,0,0,0,0,32,255,254,242,63,0,0,0,0,0,0,0,0,0,0,0,0,0,0,0,0,0,0,0,0,0,0,0,173,254,231,161,0,0,0,0,0,0,0,0,0,0,0,0,0,0,0,0,0,0,0,0,0,0,0,75,234,254,177,0,0,0,0,0,0,0,0,0,0,0,0,0,0,0,0,0,0,0,0,0,0,0,0,241,254,254,102,0,0,0,0,0,0,0,0,0,0,0,0,0,0,0,0,0,0,0,0,0,0,0,39,244,246,105,3,0,0,0,0,0,0,0,0,0,0,0,0,0,0,0,0,0,0,0,0,0,0,0,139,254,223,0,0,0,0,0,0,0,0,0,0,0,0,0,0,0,0,0,0,0,0,0,0,0,0,18,192,254,152,0,0,0,0,0,0,0,0,0,0,0,0,0,0,0,0,0,0,0,0,0,0,0,0,133,254,254,107,0,0,0,0,0,0,0,0,0,0,0,0,0,0,0,0,0,0,0,0,0,0,0,0,39,254,254,223,0,0,0,0,0,0,0,0,0,0,0,0,0,0,0,0,0,0,0,0,0,0,0,0,39,254,254,223,0,0,0,0,0,0,0,0,0,0,0,0,0,0,0,0,0,0,0,0,0,0,0,0,7,130,252,242,75,0,0,0,0,0,0,0,0,0,0,0,0,0,0,0,0,0,0,0,0,0,0,0,0,0,146,129,0,0,0,0,0,0,0,0,0,0,0,0,0,0,0,0,0,0,0,0,0,0,0,0,0,0,0,0,0,0,0,0,0,0,0,0,0,0,0,0,0,0,0,0,0,0,0,0,0,0,0,0,0,0,0,0,0,0,0,0,0,0,0,0,0,0,0,0,0,0,0,0,0,0,0,0,0,0,0,0,0,0,0,0,0,0,0,0,0,0,0,0,0,0,0,0,0,0,0,0,0,0,0,0,0,0,0,0,0,0,0,0,0,0,0,0,0,0,0,0,0,0,0,0,0,0,0
9,0,0,0,0,0,0,0,0,0,0,0,0,0,0,0,0,0,0,0,0,0,0,0,0,0,0,0,0,0,0,0,0,0,0,0,0,0,0,0,0,0,0,0,0,0,0,0,0,0,0,0,0,0,0,0,0,0,0,0,0,0,0,0,0,0,0,0,0,0,0,0,0,0,0,0,0,0,0,0,0,0,0,0,0,0,0,0,0,0,0,0,0,0,0,0,0,0,0,0,0,0,0,0,0,0,0,0,0,0,0,0,0,0,0,0,0,0,0,0,0,0,0,0,0,0,0,0,0,0,0,0,0,0,0,0,0,0,0,0,0,0,0,0,0,0,0,0,0,0,0,0,0,0,0,0,0,0,0,0,0,0,0,0,0,0,0,0,0,0,0,0,0,0,0,0,0,0,0,0,19,87,203,254,255,140,0,0,0,0,0,0,0,0,0,0,0,0,0,0,0,0,0,0,0,0,0,17,204,253,253,253,254,223,17,0,0,0,0,0,0,0,0,0,0,0,0,0,0,0,0,0,0,0,62,199,254,253,183,46,136,219,21,0,0,0,0,0,0,0,0,0,0,0,0,0,0,0,0,0,0,34,240,253,254,151,13,0,45,119,13,34,0,0,0,0,0,0,0,0,0,0,0,0,0,0,0,0,19,204,254,195,0,0,0,0,0,130,221,161,0,0,0,0,0,0,0,0,0,0,0,0,0,0,0,0,153,253,253,177,13,5,38,80,164,251,253,211,0,0,0,0,0,0,0,0,0,0,0,0,0,0,0,0,203,253,253,253,221,211,245,253,254,253,253,244,0,0,0,0,0,0,0,0,0,0,0,0,0,0,0,0,186,253,253,253,254,253,253,253,254,253,253,128,0,0,0,0,0,0,0,0,0,0,0,0,0,0,0,0,26,176,216,254,204,190,109,59,0,231,254,136,0,0,0,0,0,0,0,0,0,0,0,0,0,0,0,0,0,0,11,23,7,2,0,0,38,243,253,69,0,0,0,0,0,0,0,0,0,0,0,0,0,0,0,0,0,0,0,0,0,0,0,0,70,253,253,69,0,0,0,0,0,0,0,0,0,0,0,0,0,0,0,0,0,0,0,0,0,0,0,0,70,253,253,69,0,0,0,0,0,0,0,0,0,0,0,0,0,0,0,0,0,0,0,0,0,0,0,0,162,254,254,69,0,0,0,0,0,0,0,0,0,0,0,0,0,0,0,0,0,0,0,0,0,0,0,0,161,253,236,19,0,0,0,0,0,0,0,0,0,0,0,0,0,0,0,0,0,0,0,0,0,0,0,0,161,253,242,38,0,0,0,0,0,0,0,0,0,0,0,0,0,0,0,0,0,0,0,0,0,0,0,0,195,253,246,50,0,0,0,0,0,0,0,0,0,0,0,0,0,0,0,0,0,0,0,0,0,0,0,0,195,254,254,69,0,0,0,0,0,0,0,0,0,0,0,0,0,0,0,0,0,0,0,0,0,0,0,0,144,253,253,69,0,0,0,0,0,0,0,0,0,0,0,0,0,0,0,0,0,0,0,0,0,0,0,0,104,253,234,38,0,0,0,0,0,0,0,0,0,0,0,0,0,0,0,0,0,0,0,0,0,0,0,0,19,203,71,0,0,0,0,0,0,0,0,0,0,0,0,0,0,0,0,0,0,0,0,0,0,0,0,0,0,0,0,0,0,0,0,0,0,0,0,0,0,0,0,0,0,0,0,0,0,0,0,0,0,0,0,0,0,0,0,0,0,0,0,0,0,0,0,0,0
4,0,0,0,0,0,0,0,0,0,0,0,0,0,0,0,0,0,0,0,0,0,0,0,0,0,0,0,0,0,0,0,0,0,0,0,0,0,0,0,0,0,0,0,0,0,0,0,0,0,0,0,0,0,0,0,0,0,0,0,0,0,0,0,0,0,0,0,0,0,0,0,0,0,0,0,0,0,0,0,0,0,0,0,0,0,0,0,0,0,0,0,0,0,0,0,0,0,0,0,0,0,0,0,0,0,0,0,0,0,0,0,0,0,0,0,0,0,0,0,0,0,0,0,0,0,226,226,0,0,0,0,0,0,0,0,0,0,0,0,0,0,0,0,0,0,0,0,0,0,0,0,0,0,255,226,0,0,0,0,0,0,0,0,0,0,0,0,0,0,0,0,0,0,0,0,0,0,0,0,0,86,198,57,0,0,0,0,198,114,0,0,0,0,0,0,0,0,0,0,0,0,0,0,0,0,0,0,29,255,198,0,0,0,0,29,255,0,0,0,0,0,0,0,0,0,0,0,0,0,0,0,0,0,0,0,198,255,86,0,0,0,0,170,255,0,0,0,0,0,0,0,0,0,0,0,0,0,0,0,0,0,0,141,255,170,0,0,0,0,0,255,198,0,0,0,0,0,0,0,0,0,0,0,0,0,0,0,0,0,57,255,226,29,0,0,0,0,114,255,114,0,0,0,0,0,0,0,0,0,0,0,0,0,0,0,0,0,226,255,86,0,0,0,0,0,198,255,0,0,0,0,0,0,0,0,0,0,0,0,0,0,0,0,0,57,255,226,0,0,0,0,0,0,255,198,0,0,0,0,0,0,0,0,0,0,0,0,0,0,0,0,0,198,255,57,0,0,0,0,0,114,255,86,0,0,0,0,0,0,0,0,0,0,0,0,0,0,0,0,0,255,255,0,0,0,0,0,0,226,255,0,0,0,114,0,0,0,0,0,0,0,0,0,0,0,0,0,0,255,255,0,0,0,0,0,57,255,198,0,57,198,226,0,0,0,0,0,0,0,0,0,0,0,0,0,0,226,255,255,170,114,86,86,170,255,255,255,255,255,86,0,0,0,0,0,0,0,0,0,0,0,0,0,0,0,141,255,255,255,255,255,255,255,198,170,86,0,0,0,0,0,0,0,0,0,0,0,0,0,0,0,0,0,0,0,86,86,170,226,255,170,0,0,0,0,0,0,0,0,0,0,0,0,0,0,0,0,0,0,0,0,0,0,0,0,0,255,255,29,0,0,0,0,0,0,0,0,0,0,0,0,0,0,0,0,0,0,0,0,0,0,0,0,0,255,255,0,0,0,0,0,0,0,0,0,0,0,0,0,0,0,0,0,0,0,0,0,0,0,0,0,0,255,170,0,0,0,0,0,0,0,0,0,0,0,0,0,0,0,0,0,0,0,0,0,0,0,0,0,0,255,198,29,0,0,0,0,0,0,0,0,0,0,0,0,0,0,0,0,0,0,0,0,0,0,0,0,0,198,226,29,0,0,0,0,0,0,0,0,0,0,0,0,0,0,0,0,0,0,0,0,0,0,0,0,0,0,0,0,0,0,0,0,0,0,0,0,0,0,0,0,0,0,0,0,0,0,0,0,0,0,0,0,0,0,0,0,0,0,0,0,0,0,0,0,0,0,0,0,0,0,0,0,0,0,0,0,0,0,0,0,0,0,0,0,0,0,0,0,0,0,0,0,0,0,0,0,0,0,0,0,0,0,0,0,0,0,0,0,0,0,0,0,0,0,0,0,0,0,0,0,0,0,0
8,0,0,0,0,0,0,0,0,0,0,0,0,0,0,0,0,0,0,0,0,0,0,0,0,0,0,0,0,0,0,0,0,0,0,0,0,0,0,0,0,0,0,0,0,0,0,0,0,0,0,0,0,0,0,0,0,0,0,0,0,0,0,0,0,0,0,0,0,0,0,0,0,0,0,0,0,0,0,0,0,0,0,0,0,0,0,0,0,0,0,0,0,0,0,0,0,0,0,0,0,0,0,0,0,0,0,0,0,0,0,0,0,0,0,0,0,0,0,0,0,0,0,0,0,0,0,0,50,127,209,178,134,9,0,0,0,0,0,0,0,0,0,0,0,0,0,0,0,0,0,0,0,0,53,178,247,253,253,253,254,167,6,0,0,0,0,0,0,0,0,0,0,0,0,0,0,0,0,0,0,58,235,254,216,107,78,115,254,253,78,0,0,0,0,0,0,0,0,0,0,0,0,0,0,0,0,0,43,237,253,131,10,0,0,53,254,253,78,0,0,0,0,0,0,0,0,0,0,0,0,0,0,0,0,8,183,253,139,0,0,0,31,217,254,200,18,0,0,0,0,0,0,0,0,0,0,0,0,0,0,0,0,8,206,254,58,0,0,102,254,254,218,30,0,0,0,0,0,0,0,0,0,0,0,0,0,0,0,0,0,0,175,253,66,35,125,241,253,200,57,3,0,0,0,0,0,0,0,0,0,0,0,0,0,0,0,0,0,0,175,253,223,224,253,253,253,193,146,27,0,0,0,0,0,0,0,0,0,0,0,0,0,0,0,0,0,0,138,253,253,254,245,185,231,138,8,0,0,0,0,0,0,0,0,0,0,0,0,0,0,0,0,0,0,0,71,245,253,254,253,192,27,0,0,0,0,0,0,0,0,0,0,0,0,0,0,0,0,0,0,0,0,0,41,164,254,255,238,18,0,0,0,0,0,0,0,0,0,0,0,0,0,0,0,0,0,0,0,0,0,108,241,253,207,201,253,226,24,0,0,0,0,0,0,0,0,0,0,0,0,0,0,0,0,0,0,0,102,241,253,195,48,41,241,253,146,0,0,0,0,0,0,0,0,0,0,0,0,0,0,0,0,0,7,152,254,250,116,9,0,0,72,253,250,54,0,0,0,0,0,0,0,0,0,0,0,0,0,0,0,0,40,253,254,121,0,0,0,0,20,253,253,58,0,0,0,0,0,0,0,0,0,0,0,0,0,0,0,0,197,254,218,15,0,0,0,0,43,254,244,45,0,0,0,0,0,0,0,0,0,0,0,0,0,0,0,67,250,253,68,0,0,0,8,103,232,253,124,0,0,0,0,0,0,0,0,0,0,0,0,0,0,0,0,79,253,253,79,18,79,168,205,254,253,168,6,0,0,0,0,0,0,0,0,0,0,0,0,0,0,0,0,36,227,253,254,238,253,253,253,192,109,6,0,0,0,0,0,0,0,0,0,0,0,0,0,0,0,0,0,0,47,230,254,253,222,103,58,0,0,0,0,0,0,0,0,0,0,0,0,0,0,0,0,0,0,0,0,0,0,0,0,0,0,0,0,0,0,0,0,0,0,0,0,0,0,0,0,0,0,0,0,0,0,0,0,0,0,0,0,0,0,0,0,0,0,0,0,0,0,0,0,0,0,0,0,0,0,0,0,0,0,0,0,0,0,0,0,0,0,0,0,0,0,0,0,0,0,0,0,0,0,0,0,0,0,0,0,0,0,0,0,0,0,0,0,0,0,0,0,0,0,0,0,0,0,0,0,0,0,0,0,0,0
7,0,0,0,0,0,0,0,0,0,0,0,0,0,0,0,0,0,0,0,0,0,0,0,0,0,0,0,0,0,0,0,0,0,0,0,0,0,0,0,0,0,0,0,0,0,0,0,0,0,0,0,0,0,0,0,0,0,0,0,0,0,0,0,0,0,0,0,0,0,0,0,0,0,0,0,0,0,0,0,0,0,0,0,0,0,0,0,0,0,0,0,0,0,0,0,0,0,0,0,0,0,0,0,0,0,0,0,0,0,0,0,0,0,0,0,0,0,0,0,0,0,0,0,0,0,0,0,0,0,0,0,0,0,0,0,0,0,0,0,0,0,0,0,0,0,0,0,0,0,0,0,0,0,0,0,0,0,0,0,0,0,0,0,0,0,0,0,0,0,0,0,0,0,0,0,0,0,0,32,70,162,195,161,195,104,7,0,0,0,0,0,0,0,0,0,0,0,0,0,0,0,0,0,0,0,26,224,253,254,253,253,253,254,124,0,0,0,0,0,0,0,0,0,0,0,0,0,0,0,0,0,0,0,9,131,253,247,145,115,253,254,228,21,0,0,0,0,0,0,0,0,0,0,0,0,0,0,0,0,0,0,0,15,160,84,0,24,253,254,236,29,0,0,0,0,0,0,0,0,0,0,0,0,0,0,0,0,0,0,0,0,0,0,0,49,254,254,237,29,0,0,0,0,0,0,0,0,0,0,0,0,0,0,0,0,0,0,0,0,0,0,0,116,253,254,244,38,0,0,0,0,0,0,0,0,0,0,0,0,0,0,0,0,0,0,0,0,0,0,0,157,253,254,198,0,0,0,0,0,0,0,0,0,0,0,0,0,0,0,0,0,0,0,0,0,0,0,68,240,253,254,115,0,0,0,0,0,0,0,0,0,0,0,0,0,0,0,0,0,0,0,0,0,0,0,139,254,254,254,56,0,0,0,0,0,0,0,0,0,0,0,0,0,0,0,0,0,0,0,0,0,0,13,193,253,253,140,2,0,0,0,0,0,0,0,0,0,0,0,0,0,0,0,0,0,0,0,0,0,0,112,253,253,253,17,0,0,0,0,0,0,0,0,0,0,0,0,0,0,0,0,0,0,0,0,0,0,0,195,253,253,151,0,0,0,0,0,0,0,0,0,0,0,0,0,0,0,0,0,0,0,0,0,0,0,0,254,254,239,25,0,0,0,0,0,0,0,0,0,0,0,0,0,0,0,0,0,0,0,0,0,0,0,68,254,253,162,0,0,0,0,0,0,0,0,0,0,0,0,0,0,0,0,0,0,0,0,0,0,0,11,215,254,253,46,0,0,0,0,0,0,0,0,0,0,0,0,0,0,0,0,0,0,0,0,0,0,0,24,253,254,253,46,0,0,0,0,0,0,0,0,0,0,0,0,0,0,0,0,0,0,0,0,0,0,0,24,254,255,254,46,0,0,0,0,0,0,0,0,0,0,0,0,0,0,0,0,0,0,0,0,0,0,0,108,253,254,177,4,0,0,0,0,0,0,0,0,0,0,0,0,0,0,0,0,0,0,0,0,0,0,0,63,213,245,206,0,0,0,0,0,0,0,0,0,0,0,0,0,0,0,0,0,0,0,0,0,0,0,0,0,25,136,98,0,0,0,0,0,0,0,0,0,0,0,0,0,0,0,0,0,0,0,0,0,0,0,0,0,0,0,0,0,0,0,0,0,0,0,0,0,0,0,0,0,0,0,0,0,0,0,0,0,0,0,0,0,0,0,0,0,0,0,0,0,0,0,0,0,0,0,0,0,0
3,0,0,0,0,0,0,0,0,0,0,0,0,0,0,0,0,0,0,0,0,0,0,0,0,0,0,0,0,0,0,0,0,0,0,0,0,0,0,0,0,0,0,0,0,0,0,0,0,0,0,0,0,0,0,0,0,0,0,0,0,0,0,0,0,0,0,0,0,0,0,0,0,0,0,0,0,0,0,0,0,0,0,0,0,0,0,0,0,0,0,0,0,0,0,0,0,0,0,0,0,0,0,0,0,0,0,0,0,0,0,0,0,0,0,0,0,0,0,0,0,0,0,0,0,0,0,0,0,0,0,0,0,0,0,0,0,0,0,0,0,0,0,0,0,0,0,0,0,0,131,254,254,215,163,163,143,63,0,0,0,0,0,0,0,0,0,0,0,0,0,0,0,0,0,0,0,0,70,192,198,198,198,234,253,237,51,0,0,0,0,0,0,0,0,0,0,0,0,0,0,0,0,0,0,0,0,0,0,0,0,86,253,253,144,0,0,0,0,0,0,0,0,0,0,0,0,0,0,0,0,0,0,0,0,0,0,0,0,80,253,253,137,0,0,0,0,0,0,0,0,0,0,0,0,0,0,0,0,0,0,0,0,0,0,0,33,228,253,227,16,0,0,0,0,0,0,0,0,0,0,0,0,0,0,0,0,0,0,0,0,0,0,12,228,255,238,91,0,0,0,0,0,0,0,0,0,0,0,0,0,0,0,0,0,0,0,0,0,0,28,166,253,238,59,0,0,0,0,0,0,0,0,0,0,0,0,0,0,0,0,0,0,0,0,0,0,73,222,253,207,58,0,0,0,0,0,0,0,0,0,0,0,0,0,0,0,0,0,0,0,0,0,0,0,138,253,253,168,0,0,0,0,0,0,0,0,0,0,0,0,0,0,0,0,0,0,0,0,0,0,0,0,16,162,253,253,156,7,0,0,0,0,0,0,0,0,0,0,0,0,0,0,0,0,0,0,0,0,0,0,0,0,111,207,255,234,75,0,0,0,0,0,0,0,0,0,0,0,0,0,0,0,0,0,0,0,0,0,0,0,0,7,134,249,237,70,0,0,0,0,0,0,0,0,0,0,0,0,0,0,0,0,0,0,0,0,0,0,0,0,0,113,253,244,36,0,0,0,0,0,0,0,0,0,0,0,0,0,0,0,0,0,0,0,0,0,0,0,0,61,253,253,143,0,0,0,0,0,0,0,0,0,0,0,0,0,0,0,0,0,0,0,0,0,0,0,27,183,253,253,98,0,0,0,0,0,0,0,0,0,0,0,0,0,0,0,0,0,0,0,0,0,0,0,99,254,254,242,26,0,0,0,0,0,0,0,0,0,0,0,0,0,0,0,0,0,0,0,0,0,0,72,247,253,245,87,0,0,0,0,0,0,0,0,0,0,0,0,0,0,0,0,0,0,0,0,86,36,82,243,254,245,121,0,0,0,0,0,0,0,0,0,0,0,0,0,0,0,0,0,0,0,0,90,249,233,253,253,209,81,0,0,0,0,0,0,0,0,0,0,0,0,0,0,0,0,0,0,0,0,0,21,240,253,246,129,0,0,0,0,0,0,0,0,0,0,0,0,0,0,0,0,0,0,0,0,0,0,0,0,0,0,0,0,0,0,0,0,0,0,0,0,0,0,0,0,0,0,0,0,0,0,0,0,0,0,0,0,0,0,0,0,0,0,0,0,0,0,0,0,0,0,0,0,0,0,0,0,0,0,0,0,0,0,0,0,0,0,0,0,0,0,0,0,0,0,0,0,0,0,0,0,0,0
9,0,0,0,0,0,0,0,0,0,0,0,0,0,0,0,0,0,0,0,0,0,0,0,0,0,0,0,0,0,0,0,0,0,0,0,0,0,0,0,0,0,0,0,0,0,0,0,0,0,0,0,0,0,0,0,0,0,0,0,0,0,0,0,0,0,0,0,0,0,0,0,0,0,0,0,0,0,0,0,0,0,0,0,0,0,0,0,0,0,0,0,0,0,0,0,0,0,0,0,0,0,0,0,0,0,0,0,0,0,0,0,0,0,0,0,0,0,0,0,0,0,0,0,0,0,0,0,0,0,0,0,0,0,0,0,0,0,0,0,0,0,0,0,0,0,0,0,0,0,0,0,0,0,0,0,0,0,0,0,0,0,0,0,0,0,0,0,0,0,0,0,0,0,0,0,0,0,0,0,0,0,0,0,0,0,0,0,0,0,0,0,0,0,0,0,0,0,0,0,0,0,0,0,0,0,0,0,108,155,253,254,254,209,89,7,0,0,0,0,0,0,0,0,0,0,0,0,0,0,0,0,0,0,17,182,251,253,252,248,253,253,253,116,0,0,0,0,0,0,0,0,0,0,0,0,0,0,0,0,0,0,194,253,243,113,72,37,89,177,253,235,19,0,0,0,0,0,0,0,0,0,0,0,0,0,0,0,0,36,241,253,120,0,0,0,0,19,187,253,160,0,0,0,0,0,0,0,0,0,0,0,0,0,0,0,0,143,253,195,5,0,0,0,18,226,253,253,173,0,0,0,0,0,0,0,0,0,0,0,0,0,0,0,0,174,253,79,0,0,0,0,72,253,253,253,123,0,0,0,0,0,0,0,0,0,0,0,0,0,0,0,8,206,253,69,0,0,0,4,228,253,253,245,50,0,0,0,0,0,0,0,0,0,0,0,0,0,0,0,0,174,253,69,0,0,8,162,253,253,199,64,0,0,0,0,0,0,0,0,0,0,0,0,0,0,0,0,0,137,253,177,43,0,164,253,253,253,122,0,0,0,0,0,0,0,0,0,0,0,0,0,0,0,0,0,0,31,220,253,251,249,253,253,235,253,183,0,0,0,0,0,0,0,0,0,0,0,0,0,0,0,0,0,0,0,26,194,248,248,189,107,159,253,183,0,0,0,0,0,0,0,0,0,0,0,0,0,0,0,0,0,0,0,0,0,0,0,0,0,159,253,183,0,0,0,0,0,0,0,0,0,0,0,0,0,0,0,0,0,0,0,0,0,0,0,0,0,159,253,188,2,0,0,0,0,0,0,0,0,0,0,0,0,0,0,0,0,0,0,0,0,0,0,0,0,159,253,253,29,0,0,0,0,0,0,0,0,0,0,0,0,0,0,0,0,0,0,0,0,0,0,0,0,72,253,253,30,0,0,0,0,0,0,0,0,0,0,0,0,0,0,0,0,0,0,0,0,0,0,0,0,60,253,253,69,0,0,0,0,0,0,0,0,0,0,0,0,0,0,0,0,0,0,0,0,0,0,0,0,61,253,253,30,0,0,0,0,0,0,0,0,0,0,0,0,0,0,0,0,0,0,0,0,0,0,0,0,61,253,253,65,0,0,0,0,0,0,0,0,0,0,0,0,0,0,0,0,0,0,0,0,0,0,0,0,3,216,253,129,0,0,0,0,0,0,0,0,0,0,0,0,0,0,0,0,0,0,0,0,0,0,0,0,0,175,226,39,0,0,0,0,0,0,0,0,0,0,0,0,0,0,0,0,0,0,0,0,0,0,0,0,0,0,0,0,0,0,0,0,0,0,0,0,0
7,0,0,0,0,0,0,0,0,0,0,0,0,0,0,0,0,0,0,0,0,0,0,0,0,0,0,0,0,0,0,0,0,0,0,0,0,0,0,0,0,0,0,0,0,0,0,0,0,0,0,0,0,0,0,0,0,0,0,0,0,0,0,0,0,0,0,0,0,0,0,0,0,0,0,0,0,0,0,0,0,0,0,0,0,0,0,0,0,0,0,0,0,0,0,0,0,0,0,0,0,0,0,0,0,0,0,0,0,0,0,0,0,0,0,0,0,0,0,0,0,0,0,0,0,0,0,0,0,0,0,0,0,0,0,0,0,0,0,0,0,0,0,0,0,0,0,0,0,0,0,0,0,0,0,0,0,0,0,0,0,0,0,0,0,0,0,0,0,0,0,0,0,0,0,0,0,0,204,253,165,91,29,29,19,0,0,0,0,0,0,0,0,0,0,0,0,0,0,0,0,0,0,0,0,0,253,252,252,252,253,252,224,44,0,0,0,0,0,0,0,0,0,0,0,0,0,0,0,0,0,0,0,0,128,252,252,252,253,252,252,177,0,0,0,0,0,0,0,0,0,0,0,0,0,0,0,0,0,0,0,0,4,128,202,151,253,252,252,252,0,0,0,0,0,0,0,0,0,0,0,0,0,0,0,0,0,0,0,0,0,0,0,0,0,26,160,253,63,0,0,0,0,0,0,0,0,0,0,0,0,0,0,0,0,0,0,0,0,0,0,0,0,0,85,252,113,0,0,0,0,0,0,0,0,0,0,0,0,0,0,0,0,0,0,0,0,0,0,0,0,0,85,252,113,0,0,0,0,0,0,0,0,0,0,0,0,0,0,0,0,0,0,0,0,0,0,0,0,0,85,252,63,0,0,0,0,0,0,0,0,0,0,0,0,0,0,0,0,0,0,0,0,0,0,0,0,0,147,253,29,29,29,4,0,0,0,0,0,0,0,0,0,0,0,0,0,0,0,0,0,0,19,57,170,169,234,252,253,252,252,153,0,0,0,0,0,0,0,0,0,0,0,0,0,0,0,0,0,82,215,252,253,252,252,252,253,233,130,31,0,0,0,0,0,0,0,0,0,0,0,0,0,0,0,0,26,243,252,252,253,252,252,252,128,22,0,0,0,0,0,0,0,0,0,0,0,0,0,0,0,0,0,0,0,151,187,113,192,253,206,13,0,0,0,0,0,0,0,0,0,0,0,0,0,0,0,0,0,0,0,0,0,0,0,0,166,252,168,0,0,0,0,0,0,0,0,0,0,0,0,0,0,0,0,0,0,0,0,0,0,0,0,0,253,252,80,0,0,0,0,0,0,0,0,0,0,0,0,0,0,0,0,0,0,0,0,0,0,0,0,0,253,202,6,0,0,0,0,0,0,0,0,0,0,0,0,0,0,0,0,0,0,0,0,0,0,0,0,51,255,84,0,0,0,0,0,0,0,0,0,0,0,0,0,0,0,0,0,0,0,0,0,0,0,0,0,0,253,84,0,0,0,0,0,0,0,0,0,0,0,0,0,0,0,0,0,0,0,0,0,0,0,0,0,0,253,84,0,0,0,0,0,0,0,0,0,0,0,0,0,0,0,0,0,0,0,0,0,0,0,0,0,0,153,84,0,0,0,0,0,0,0,0,0,0,0,0,0,0,0,0,0,0,0,0,0,0,0,0,0,0,0,0,0,0,0,0,0,0,0,0,0,0,0,0,0,0,0,0,0,0,0,0,0,0,0,0,0,0,0,0,0,0,0,0,0,0,0,0,0,0,0,0,0
4,0,0,0,0,0,0,0,0,0,0,0,0,0,0,0,0,0,0,0,0,0,0,0,0,0,0,0,0,0,0,0,0,0,0,0,0,0,0,0,0,0,0,0,0,0,0,0,0,0,0,0,0,0,0,0,0,0,0,0,0,0,0,0,0,0,0,0,0,0,0,0,0,0,0,0,0,0,0,0,0,0,0,0,0,0,0,0,0,0,0,0,0,0,0,0,0,0,0,0,0,0,0,0,0,0,0,0,0,0,0,0,0,0,0,0,0,0,0,0,0,0,0,0,0,0,0,0,104,254,82,0,0,0,0,0,0,0,0,0,0,0,0,0,0,0,0,0,0,0,0,0,0,0,0,106,252,253,69,0,0,0,0,0,0,0,0,0,0,0,0,0,0,0,0,0,0,0,0,0,0,0,58,250,245,83,0,0,0,0,0,0,0,0,0,0,0,0,0,0,0,0,0,0,0,0,0,0,0,42,225,250,109,0,0,0,0,0,0,0,0,0,0,0,0,0,0,0,0,0,0,0,0,0,0,0,32,226,251,110,0,0,0,0,0,0,0,0,0,0,0,0,0,0,0,0,0,0,0,0,0,0,0,4,173,252,139,0,0,0,3,1,0,0,0,0,0,0,0,0,0,0,0,0,0,0,0,0,0,0,0,116,254,166,0,0,0,2,170,100,0,0,0,0,0,0,0,0,0,0,0,0,0,0,0,0,0,0,31,225,209,40,0,0,0,30,254,211,8,0,0,0,0,0,0,0,0,0,0,0,0,0,0,0,0,0,150,254,111,0,0,0,5,162,254,187,0,0,0,0,0,0,0,0,0,0,0,0,0,0,0,0,0,36,247,179,1,0,0,0,34,254,254,109,0,0,0,0,0,0,0,0,0,0,0,0,0,0,0,0,0,113,254,180,1,0,0,0,119,254,254,24,0,0,0,0,0,0,0,0,0,0,0,0,0,0,0,0,0,42,250,254,173,52,0,37,242,254,154,2,0,0,0,0,0,0,0,0,0,0,0,0,0,0,0,0,0,0,123,253,254,238,184,242,254,251,24,0,0,0,0,0,0,0,0,0,0,0,0,0,0,0,0,0,0,0,0,88,225,254,254,254,254,190,0,0,0,0,0,0,0,0,0,0,0,0,0,0,0,0,0,0,0,0,0,0,6,9,52,254,243,31,0,0,0,0,0,0,0,0,0,0,0,0,0,0,0,0,0,0,0,0,0,0,0,0,64,254,218,0,0,0,0,0,0,0,0,0,0,0,0,0,0,0,0,0,0,0,0,0,0,0,0,0,180,254,147,0,0,0,0,0,0,0,0,0,0,0,0,0,0,0,0,0,0,0,0,0,0,0,0,48,249,254,147,0,0,0,0,0,0,0,0,0,0,0,0,0,0,0,0,0,0,0,0,0,0,0,0,59,254,242,57,0,0,0,0,0,0,0,0,0,0,0,0,0,0,0,0,0,0,0,0,0,0,0,0,38,244,191,0,0,0,0,0,0,0,0,0,0,0,0,0,0,0,0,0,0,0,0,0,0,0,0,0,0,0,0,0,0,0,0,0,0,0,0,0,0,0,0,0,0,0,0,0,0,0,0,0,0,0,0,0,0,0,0,0,0,0,0,0,0,0,0,0,0,0,0,0,0,0,0,0,0,0,0,0,0,0,0,0,0,0,0,0,0,0,0,0,0,0,0,0,0,0,0,0,0,0,0,0,0,0,0,0,0,0,0,0,0,0,0,0,0,0,0,0,0,0,0,0,0,0,0,0
4,0,0,0,0,0,0,0,0,0,0,0,0,0,0,0,0,0,0,0,0,0,0,0,0,0,0,0,0,0,0,0,0,0,0,0,0,0,0,0,0,0,0,0,0,0,0,0,0,0,0,0,0,0,0,0,0,0,0,0,0,0,0,0,0,0,0,0,0,0,0,0,0,0,0,0,0,0,0,0,0,0,0,0,0,0,0,0,0,0,0,0,0,0,0,0,0,0,0,0,0,0,0,0,0,0,0,0,0,0,0,0,0,0,0,0,0,0,0,0,0,0,0,0,0,0,0,0,0,0,0,0,0,0,0,0,0,0,0,0,0,0,0,0,0,0,0,0,0,0,0,0,118,175,0,0,0,0,0,0,0,0,0,0,0,0,0,0,0,0,0,0,0,0,0,0,0,0,0,0,200,174,0,0,0,0,0,0,0,0,0,0,0,0,0,0,0,0,0,0,0,0,0,0,0,0,0,19,226,174,0,0,0,0,0,0,0,0,0,0,0,0,0,0,0,0,0,0,0,0,0,0,0,0,0,112,253,159,0,0,0,0,0,37,100,0,0,0,0,0,0,0,0,0,0,0,0,0,0,0,0,0,0,156,253,78,0,0,0,0,0,136,253,0,0,0,0,0,0,0,0,0,0,0,0,0,0,0,0,0,0,179,234,0,0,0,0,0,71,246,193,0,0,0,0,0,0,0,0,0,0,0,0,0,0,0,0,0,0,254,150,0,0,0,0,25,211,253,111,0,0,0,0,0,0,0,0,0,0,0,0,0,0,0,0,0,68,254,135,0,0,0,19,226,253,225,18,0,0,0,0,0,0,0,0,0,0,0,0,0,0,0,0,0,8,254,150,0,0,68,239,253,253,124,0,0,0,0,0,0,0,0,0,0,0,0,0,0,0,0,0,0,0,178,248,128,113,239,254,253,253,41,0,0,0,0,0,0,0,0,0,0,0,0,0,0,0,0,0,0,0,61,230,254,254,254,196,230,205,8,0,0,0,0,0,0,0,0,0,0,0,0,0,0,0,0,0,0,0,0,78,165,233,195,42,232,167,0,0,0,0,0,0,0,0,0,0,0,0,0,0,0,0,0,0,0,0,0,0,0,0,0,59,253,78,0,0,0,0,0,0,0,0,0,0,0,0,0,0,0,0,0,0,0,0,0,0,0,0,0,112,253,78,0,0,0,0,0,0,0,0,0,0,0,0,0,0,0,0,0,0,0,0,0,0,0,0,0,194,245,48,0,0,0,0,0,0,0,0,0,0,0,0,0,0,0,0,0,0,0,0,0,0,0,0,0,255,234,0,0,0,0,0,0,0,0,0,0,0,0,0,0,0,0,0,0,0,0,0,0,0,0,0,0,254,233,0,0,0,0,0,0,0,0,0,0,0,0,0,0,0,0,0,0,0,0,0,0,0,0,0,0,254,233,0,0,0,0,0,0,0,0,0,0,0,0,0,0,0,0,0,0,0,0,0,0,0,0,0,0,148,233,0,0,0,0,0,0,0,0,0,0,0,0,0,0,0,0,0,0,0,0,0,0,0,0,0,0,36,218,0,0,0,0,0,0,0,0,0,0,0,0,0,0,0,0,0,0,0,0,0,0,0,0,0,0,0,0,0,0,0,0,0,0,0,0,0,0,0,0,0,0,0,0,0,0,0,0,0,0,0,0,0,0,0,0,0,0,0,0,0,0,0,0,0,0,0,0,0,0,0,0,0,0,0,0,0,0,0,0,0,0,0,0,0,0,0,0,0,0,0,0,0,0,0
4,0,0,0,0,0,0,0,0,0,0,0,0,0,0,0,0,0,0,0,0,0,0,0,0,0,0,0,0,0,0,0,0,0,0,0,0,0,0,0,0,0,0,0,0,0,0,0,0,0,0,0,0,0,0,0,0,0,0,0,0,0,0,0,0,0,0,0,0,0,0,0,0,0,0,0,0,0,0,0,0,0,0,0,0,0,0,0,0,0,0,0,0,0,0,0,0,0,0,0,0,0,0,0,0,0,0,0,0,0,0,0,0,0,0,0,0,0,0,0,0,0,0,0,0,0,0,0,0,0,0,0,0,0,0,0,0,0,0,0,0,0,0,0,0,0,0,0,0,0,0,0,0,0,0,0,0,0,0,0,0,0,182,106,0,0,0,0,0,0,0,0,0,0,0,27,0,0,0,0,0,0,0,0,0,0,0,0,0,40,254,219,0,0,0,0,0,0,0,0,0,0,0,242,12,0,0,0,0,0,0,0,0,0,0,0,0,183,254,196,0,0,0,0,0,0,0,0,0,0,75,254,66,0,0,0,0,0,0,0,0,0,0,0,41,251,255,111,0,0,0,0,0,0,0,0,0,0,129,254,128,0,0,0,0,0,0,0,0,0,0,0,127,254,252,58,0,0,0,0,0,0,0,0,0,0,194,254,99,0,0,0,0,0,0,0,0,0,0,13,227,254,146,0,0,0,0,0,0,0,0,0,0,0,213,254,215,10,0,0,0,0,0,0,0,0,0,90,254,254,73,0,0,0,0,0,0,0,0,0,0,0,204,254,254,52,0,0,0,0,0,0,0,0,6,207,254,225,9,0,0,0,0,0,0,0,0,0,0,0,120,254,254,246,171,134,16,26,40,24,32,32,69,254,254,110,0,0,0,0,0,0,0,0,0,0,0,0,12,189,254,254,254,254,174,225,248,235,242,168,254,254,254,69,0,0,0,0,0,0,0,0,0,0,0,0,0,63,253,254,254,254,254,254,254,254,225,150,246,254,254,69,0,0,0,0,0,0,0,0,0,0,0,0,0,0,122,252,254,254,254,254,254,254,243,105,140,254,246,36,0,0,0,0,0,0,0,0,0,0,0,0,0,0,0,70,137,216,251,254,229,234,153,46,199,254,197,0,0,0,0,0,0,0,0,0,0,0,0,0,0,0,0,0,0,0,50,56,9,19,0,0,199,254,150,0,0,0,0,0,0,0,0,0,0,0,0,0,0,0,0,0,0,0,0,0,0,0,0,0,199,254,150,0,0,0,0,0,0,0,0,0,0,0,0,0,0,0,0,0,0,0,0,0,0,0,0,0,199,254,150,0,0,0,0,0,0,0,0,0,0,0,0,0,0,0,0,0,0,0,0,0,0,0,0,0,199,254,88,0,0,0,0,0,0,0,0,0,0,0,0,0,0,0,0,0,0,0,0,0,0,0,0,11,218,254,68,0,0,0,0,0,0,0,0,0,0,0,0,0,0,0,0,0,0,0,0,0,0,0,0,0,199,254,90,0,0,0,0,0,0,0,0,0,0,0,0,0,0,0,0,0,0,0,0,0,0,0,0,0,140,116,0,0,0,0,0,0,0,0,0,0,0,0,0,0,0,0,0,0,0,0,0,0,0,0,0,0,0,0,0,0,0,0,0,0,0,0,0,0,0,0,0,0,0,0,0,0,0,0,0,0,0,0,0,0,0,0,0,0,0,0,0,0,0,0,0,0,0,0,0,0,0,0,0,0,0,0,0,0,0,0,0,0,0,0,0,0,0,0,0,0,0,0,0
9,0,0,0,0,0,0,0,0,0,0,0,0,0,0,0,0,0,0,0,0,0,0,0,0,0,0,0,0,0,0,0,0,0,0,0,0,0,0,0,0,0,0,0,0,0,0,0,0,0,0,0,0,0,0,0,0,0,0,0,0,0,0,0,0,0,0,0,0,0,0,0,0,0,0,0,0,0,0,0,0,0,0,0,0,0,0,0,0,0,0,0,0,0,0,0,0,0,0,0,0,0,0,0,0,0,0,0,0,0,0,0,0,0,0,0,0,0,0,0,0,0,0,0,0,0,0,0,0,0,0,0,0,0,0,0,0,0,0,0,0,0,0,0,0,0,0,0,0,0,0,0,0,0,0,0,0,0,0,0,0,0,0,0,0,0,0,0,0,0,0,0,0,0,0,0,0,0,0,0,0,0,0,41,153,238,217,68,0,0,0,0,0,0,0,0,0,0,0,0,0,0,0,0,0,0,0,0,0,0,154,253,217,176,211,246,42,0,0,0,0,0,0,0,0,0,0,0,0,0,0,0,0,0,0,0,16,194,253,109,5,0,13,217,90,0,0,0,0,0,0,0,0,0,0,0,0,0,0,0,0,0,0,0,187,254,78,3,0,0,0,195,150,0,0,0,0,0,0,0,0,0,0,0,0,0,0,0,0,0,0,127,253,108,3,0,0,0,7,210,128,0,0,0,0,0,0,0,0,0,0,0,0,0,0,0,0,0,86,244,136,3,0,0,0,0,68,254,94,0,0,0,0,0,0,0,0,0,0,0,0,0,0,0,0,0,225,204,13,0,0,0,0,11,218,254,65,0,0,0,0,0,0,0,0,0,0,0,0,0,0,0,0,76,252,65,0,0,0,0,0,17,229,218,8,0,0,0,0,0,0,0,0,0,0,0,0,0,0,0,0,197,254,26,0,0,0,0,7,190,250,61,0,0,0,0,0,0,0,0,0,0,0,0,0,0,0,0,0,223,254,40,0,0,0,50,206,254,184,0,0,0,0,0,0,0,0,0,0,0,0,0,0,0,0,0,0,70,251,231,135,126,199,247,254,254,70,0,0,0,0,0,0,0,0,0,0,0,0,0,0,0,0,0,0,0,64,152,202,163,133,134,255,218,11,0,0,0,0,0,0,0,0,0,0,0,0,0,0,0,0,0,0,0,0,0,0,0,0,126,254,167,0,0,0,0,0,0,0,0,0,0,0,0,0,0,0,0,0,0,0,0,0,0,0,0,0,126,255,137,0,0,0,0,0,0,0,0,0,0,0,0,0,0,0,0,0,0,0,0,0,0,0,0,0,162,254,72,0,0,0,0,0,0,0,0,0,0,0,0,0,0,0,0,0,0,0,0,0,0,0,0,3,215,229,13,0,0,0,0,0,0,0,0,0,0,0,0,0,0,0,0,0,0,0,0,0,0,0,0,107,254,156,0,0,0,0,0,0,0,0,0,0,0,0,0,0,0,0,0,0,0,0,0,0,0,0,0,130,255,91,52,0,0,0,0,0,0,0,0,0,0,0,0,0,0,0,0,0,0,0,0,0,0,0,0,190,255,241,60,0,0,0,0,0,0,0,0,0,0,0,0,0,0,0,0,0,0,0,0,0,0,0,0,128,212,59,0,0,0,0,0,0,0,0,0,0,0,0,0,0,0,0,0,0,0,0,0,0,0,0,0,0,0,0,0,0,0,0,0,0,0,0,0,0,0,0,0,0,0,0,0,0,0,0,0,0,0,0,0,0,0,0,0,0,0,0,0,0,0,0,0,0,0,0
2,0,0,0,0,0,0,0,0,0,0,0,0,0,0,0,0,0,0,0,0,0,0,0,0,0,0,0,0,0,0,0,0,0,0,0,0,0,0,0,0,0,0,0,0,0,0,0,0,0,0,0,0,0,0,0,0,0,0,0,0,0,0,0,0,0,0,0,0,0,0,0,0,0,0,0,0,0,0,0,0,0,0,0,0,0,0,0,0,0,0,0,0,0,0,0,0,0,0,0,0,0,0,0,0,0,0,0,0,0,0,0,0,0,0,0,0,0,0,0,0,0,0,0,0,0,0,0,0,0,0,0,0,0,0,0,0,0,0,0,0,0,0,0,0,0,0,0,0,0,0,0,0,0,0,12,164,254,197,6,0,0,0,0,0,0,0,0,0,0,0,0,0,0,0,0,0,0,0,0,213,141,179,242,180,223,254,196,121,0,0,0,0,0,0,0,0,0,0,0,0,0,0,0,0,0,23,200,254,255,255,254,237,236,238,245,249,161,0,0,0,0,0,0,0,0,0,0,0,0,0,0,0,64,230,254,254,254,207,87,26,25,27,49,239,214,0,0,0,0,0,0,0,0,0,0,0,0,0,0,37,225,254,254,248,128,7,0,0,0,0,68,254,186,5,0,0,0,0,0,0,0,0,0,0,0,0,2,193,254,254,254,82,0,0,0,0,0,0,71,254,239,30,0,0,0,0,0,0,0,0,0,0,0,0,50,254,254,248,80,2,0,0,0,0,0,0,157,254,214,0,0,0,0,0,0,0,0,0,0,0,0,0,50,254,254,163,0,0,0,0,0,0,0,23,216,254,127,0,0,0,0,0,0,0,0,0,0,0,0,0,4,74,149,5,0,0,0,0,0,0,0,132,254,223,21,0,0,0,0,0,0,0,0,0,0,0,0,0,0,0,0,0,0,0,0,0,0,0,1,185,254,153,0,0,0,0,0,0,0,0,0,0,0,0,0,0,0,0,0,0,0,0,0,17,32,90,124,254,254,101,0,0,0,0,0,0,0,0,0,0,0,0,0,0,0,0,0,0,0,0,17,174,234,254,254,254,226,13,0,0,0,0,0,0,0,0,0,0,0,0,0,0,0,0,0,0,0,149,250,254,254,254,254,254,187,0,0,0,0,0,0,0,0,0,0,0,0,0,0,0,0,0,0,0,86,253,254,254,254,254,254,254,232,43,0,0,0,0,0,0,0,0,0,0,0,0,0,0,0,0,0,9,252,254,223,254,254,254,204,95,252,198,0,0,0,0,0,0,0,0,0,0,0,0,0,0,0,0,0,9,254,254,254,254,254,225,31,0,246,231,20,0,0,0,0,0,0,0,0,0,0,0,0,0,0,0,0,9,254,254,254,254,167,21,0,0,246,254,81,0,0,0,0,0,0,0,0,0,0,0,0,0,0,0,0,5,208,254,248,133,9,0,0,0,174,254,156,0,0,0,0,0,0,0,0,0,0,0,0,0,0,0,0,0,21,150,54,0,0,0,0,0,148,249,89,0,0,0,0,0,0,0,0,0,0,0,0,0,0,0,0,0,0,0,0,0,0,0,0,0,0,81,67,0,0,0,0,0,0,0,0,0,0,0,0,0,0,0,0,0,0,0,0,0,0,0,0,0,0,0,0,0,0,0,0,0,0,0,0,0,0,0,0,0,0,0,0,0,0,0,0,0,0,0,0,0,0,0,0,0,0,0,0,0,0,0,0,0,0,0,0,0,0,0,0,0,0,0,0,0,0,0,0,0,0,0,0,0,0,0,0,0,0,0
5,0,0,0,0,0,0,0,0,0,0,0,0,0,0,0,0,0,0,0,0,0,0,0,0,0,0,0,0,0,0,0,0,0,0,0,0,0,0,0,0,0,0,0,0,0,0,0,0,0,0,0,0,0,0,0,0,0,0,0,0,0,0,0,0,0,0,0,0,0,0,0,0,0,0,0,0,0,0,0,0,0,0,0,0,0,0,0,0,0,0,0,0,0,0,0,0,0,0,0,0,0,0,0,0,0,0,0,0,0,0,0,0,0,0,0,0,0,0,0,0,0,0,0,0,0,0,0,0,0,0,0,0,0,0,0,0,0,0,0,0,0,0,0,0,0,0,0,0,0,0,0,0,64,64,255,183,253,140,121,121,38,0,0,0,0,0,0,0,0,0,0,0,0,0,0,91,212,240,240,240,246,246,253,252,252,252,252,252,79,0,0,0,0,0,0,0,0,0,0,0,0,0,133,248,252,202,252,252,252,252,253,252,252,252,252,252,198,0,0,0,0,0,0,0,0,0,0,0,0,0,226,252,252,161,239,172,172,102,110,39,39,39,165,252,246,78,0,0,0,0,0,0,0,0,0,0,0,0,226,252,252,104,44,0,0,0,0,0,0,0,14,53,53,20,0,0,0,0,0,0,0,0,0,0,0,0,128,252,252,66,0,0,0,0,0,0,0,0,0,0,0,0,0,0,0,0,0,0,0,0,0,0,0,0,94,252,252,96,41,41,19,19,0,0,0,0,0,0,0,0,0,0,0,0,0,0,0,0,0,0,0,0,35,213,252,252,252,252,203,203,161,104,17,0,0,0,0,0,0,0,0,0,0,0,0,0,0,0,0,0,0,81,252,252,252,252,252,252,253,252,213,105,10,0,0,0,0,0,0,0,0,0,0,0,0,0,0,0,0,81,252,252,252,252,252,252,253,252,252,252,185,0,0,0,0,0,0,0,0,0,0,0,0,0,0,0,0,0,36,158,234,146,183,197,191,253,253,253,253,129,0,0,0,0,0,0,0,0,0,0,0,0,0,0,0,0,0,3,11,2,6,7,6,139,241,252,252,249,76,0,0,0,0,0,0,0,0,0,0,0,0,0,0,0,0,0,0,0,0,0,0,0,23,217,252,252,128,0,0,0,0,0,0,0,0,0,0,0,0,0,0,0,0,0,0,0,0,0,0,0,0,213,252,252,246,78,0,0,0,0,0,0,0,0,0,0,0,0,0,0,0,0,0,0,0,0,0,0,110,244,252,252,220,20,0,0,0,0,0,0,0,0,0,0,0,0,0,0,15,14,0,0,32,54,187,186,245,252,252,252,212,0,0,0,0,0,0,0,0,0,0,0,0,0,0,0,158,193,173,173,219,252,253,252,252,252,252,243,108,0,0,0,0,0,0,0,0,0,0,0,0,0,0,0,109,245,252,252,252,252,253,252,252,252,245,108,0,0,0,0,0,0,0,0,0,0,0,0,0,0,0,0,0,177,241,252,252,252,253,246,238,238,106,0,0,0,0,0,0,0,0,0,0,0,0,0,0,0,0,0,0,0,19,132,252,252,120,69,0,0,0,0,0,0,0,0,0,0,0,0,0,0,0,0,0,0,0,0,0,0,0,0,0,0,0,0,0,0,0,0,0,0,0,0,0,0,0,0,0,0,0,0,0,0,0,0,0,0,0,0,0,0,0,0,0,0,0,0,0,0,0,0,0,0,0,0,0,0,0,0,0,0,0,0,0,0,0,0,0,0,0,0,0,0,0,0,0,0,0,0,0,0,0,0
4,0,0,0,0,0,0,0,0,0,0,0,0,0,0,0,0,0,0,0,0,0,0,0,0,0,0,0,0,0,0,0,0,0,0,0,0,0,0,0,0,0,0,0,0,0,0,0,0,0,0,0,0,0,0,0,0,0,0,0,0,0,0,0,0,0,0,0,0,0,0,0,0,0,0,0,0,0,0,0,0,0,0,0,0,0,0,0,0,0,0,0,0,0,0,0,0,0,0,0,0,0,0,0,0,0,0,0,0,0,0,0,0,0,0,0,0,0,0,0,0,0,0,0,0,0,0,87,220,219,22,0,0,0,0,0,0,0,0,0,0,0,0,0,0,0,0,0,0,0,0,0,0,0,87,218,246,183,16,0,0,0,0,0,0,0,0,0,0,0,0,0,0,0,0,0,0,0,0,0,0,55,218,226,64,0,0,0,0,0,0,0,0,0,0,0,0,0,0,0,0,0,0,0,0,0,0,0,31,247,248,98,0,0,0,0,0,0,0,0,0,0,0,0,0,0,0,0,0,0,0,0,0,0,0,0,149,254,133,0,0,0,0,0,0,0,17,120,43,0,0,0,0,0,0,0,0,0,0,0,0,0,0,38,238,252,65,0,0,0,0,0,0,0,48,254,53,0,0,0,0,0,0,0,0,0,0,0,0,0,0,147,254,77,0,0,0,0,0,0,0,88,246,224,28,0,0,0,0,0,0,0,0,0,0,0,0,0,52,234,244,10,0,0,0,0,0,0,18,208,254,207,24,0,0,0,0,0,0,0,0,0,0,0,0,0,190,254,128,0,0,0,0,0,0,0,206,254,247,59,0,0,0,0,0,0,0,0,0,0,0,0,0,13,205,234,22,0,0,0,0,0,23,113,253,248,104,0,0,0,0,0,0,0,0,0,0,0,0,0,0,54,254,165,0,0,0,0,0,0,131,254,254,133,0,0,0,0,0,0,0,0,0,0,0,0,0,0,0,54,254,199,11,0,0,16,96,187,248,254,155,17,0,0,0,0,0,0,0,0,0,0,0,0,0,0,0,54,254,254,234,119,180,236,254,254,254,204,3,0,0,0,0,0,0,0,0,0,0,0,0,0,0,0,0,2,128,247,254,254,249,254,255,251,99,3,0,0,0,0,0,0,0,0,0,0,0,0,0,0,0,0,0,0,0,38,107,105,156,254,248,102,0,0,0,0,0,0,0,0,0,0,0,0,0,0,0,0,0,0,0,0,0,0,0,107,254,247,104,0,0,0,0,0,0,0,0,0,0,0,0,0,0,0,0,0,0,0,0,0,0,0,28,247,254,182,0,0,0,0,0,0,0,0,0,0,0,0,0,0,0,0,0,0,0,0,0,0,0,0,146,254,197,20,0,0,0,0,0,0,0,0,0,0,0,0,0,0,0,0,0,0,0,0,0,0,0,0,226,254,113,0,0,0,0,0,0,0,0,0,0,0,0,0,0,0,0,0,0,0,0,0,0,0,0,0,170,196,60,0,0,0,0,0,0,0,0,0,0,0,0,0,0,0,0,0,0,0,0,0,0,0,0,0,0,0,0,0,0,0,0,0,0,0,0,0,0,0,0,0,0,0,0,0,0,0,0,0,0,0,0,0,0,0,0,0,0,0,0,0,0,0,0,0,0,0,0,0,0,0,0,0,0,0,0,0,0,0,0,0,0,0,0,0,0,0,0,0,0,0,0,0,0,0,0,0,0,0,0,0,0,0,0,0,0,0,0,0,0,0,0,0,0,0,0,0,0,0,0,0,0,0,0,0,0
7,0,0,0,0,0,0,0,0,0,0,0,0,0,0,0,0,0,0,0,0,0,0,0,0,0,0,0,0,0,0,0,0,0,0,0,0,0,0,0,0,0,0,0,0,0,0,0,0,0,0,0,0,0,0,0,0,0,0,0,0,0,0,0,0,0,0,0,0,0,0,0,0,0,0,0,0,0,0,0,0,0,0,0,0,0,0,0,0,0,0,0,0,0,0,0,0,0,0,0,0,0,0,0,0,0,0,0,0,0,0,0,0,0,0,0,0,0,0,0,0,0,0,0,0,0,0,0,0,0,0,0,0,0,0,0,0,0,0,0,0,0,0,0,0,0,0,0,0,0,0,0,0,0,0,0,0,0,0,0,0,0,0,0,0,0,0,0,0,0,0,0,0,0,0,0,209,206,79,17,0,0,0,0,0,0,0,0,0,0,0,0,0,0,0,0,0,0,0,0,0,0,0,0,191,254,254,245,154,128,36,6,0,0,0,0,0,0,0,0,0,0,0,0,0,0,0,0,0,0,0,0,29,188,227,254,254,254,254,185,41,0,0,0,0,0,0,0,0,0,0,0,0,0,0,0,0,0,0,0,0,0,32,76,183,216,205,254,226,127,0,0,0,0,0,0,0,0,0,0,0,0,0,0,0,0,0,0,0,0,0,0,0,22,15,47,194,247,38,0,0,0,0,0,0,0,0,0,0,0,0,0,0,0,0,0,0,0,0,0,0,0,0,0,114,254,156,0,0,0,0,0,0,0,0,0,0,0,0,0,0,0,0,0,0,0,0,0,0,0,0,0,114,254,225,3,0,0,0,0,0,0,0,0,0,0,0,0,0,0,0,0,0,0,0,0,0,0,0,0,50,252,252,80,0,0,0,0,0,0,0,0,0,0,0,0,0,0,0,0,0,0,0,0,0,0,0,0,0,250,225,0,0,0,0,0,0,0,0,0,0,0,0,0,0,0,0,0,0,0,0,0,0,0,0,0,0,250,232,21,0,0,0,0,0,0,0,0,0,0,0,0,0,0,0,0,0,0,0,0,0,0,0,0,0,250,254,89,0,0,0,0,0,0,0,0,0,0,0,0,0,0,0,0,0,0,0,0,0,0,0,0,43,252,243,56,0,0,0,0,0,0,0,0,0,0,0,0,0,0,0,0,0,0,0,0,0,0,0,0,114,254,172,0,0,0,0,0,0,0,0,0,0,0,0,0,0,0,0,0,0,0,0,0,0,0,0,0,114,254,107,0,0,0,0,0,0,0,0,0,0,0,0,0,0,0,0,0,0,0,0,0,0,0,0,0,114,255,107,0,0,0,0,0,0,0,0,0,0,0,0,0,0,0,0,0,0,0,0,0,0,0,0,0,135,254,107,0,0,0,0,0,0,0,0,0,0,0,0,0,0,0,0,0,0,0,0,0,0,0,0,0,232,254,107,0,0,0,0,0,0,0,0,0,0,0,0,0,0,0,0,0,0,0,0,0,0,0,0,0,232,251,72,0,0,0,0,0,0,0,0,0,0,0,0,0,0,0,0,0,0,0,0,0,0,0,0,0,232,243,0,0,0,0,0,0,0,0,0,0,0,0,0,0,0,0,0,0,0,0,0,0,0,0,0,0,232,243,0,0,0,0,0,0,0,0,0,0,0,0,0,0,0,0,0,0,0,0,0,0,0,0,0,0,0,0,0,0,0,0,0,0,0,0,0,0,0,0,0,0,0,0,0,0,0,0,0,0,0,0,0,0,0,0,0,0,0,0,0,0,0,0,0,0,0
6,0,0,0,0,0,0,0,0,0,0,0,0,0,0,0,0,0,0,0,0,0,0,0,0,0,0,0,0,0,0,0,0,0,0,0,0,0,0,0,0,0,0,0,0,0,0,0,0,0,0,0,0,0,0,0,0,0,0,0,0,0,0,0,0,0,0,0,0,0,0,0,0,216,254,26,0,0,0,0,0,0,0,0,0,0,0,0,0,0,0,0,0,0,0,0,0,0,0,25,155,253,116,1,0,0,0,0,0,0,0,0,0,0,0,0,0,0,0,0,0,0,0,0,0,0,6,216,254,254,17,0,0,0,0,0,0,0,0,0,0,0,0,0,0,0,0,0,0,0,0,0,0,0,136,254,238,62,2,0,0,0,0,0,0,0,0,0,0,0,0,0,0,0,0,0,0,0,0,0,0,70,220,238,55,0,0,0,0,0,0,0,0,0,0,0,0,0,0,0,0,0,0,0,0,0,0,0,25,222,252,83,0,0,0,0,0,0,0,0,0,0,0,0,0,0,0,0,0,0,0,0,0,0,0,0,184,254,135,0,0,0,0,0,0,0,0,0,0,0,0,0,0,0,0,0,0,0,0,0,0,0,0,70,241,246,41,0,0,0,0,0,0,0,0,0,0,0,0,0,0,0,0,0,0,0,0,0,0,0,17,227,254,109,0,0,0,0,3,9,5,0,0,0,0,0,0,0,0,0,0,0,0,0,0,0,0,0,135,254,205,19,0,0,0,139,194,254,213,61,0,0,0,0,0,0,0,0,0,0,0,0,0,0,0,0,220,254,53,0,0,0,195,254,254,255,254,158,0,0,0,0,0,0,0,0,0,0,0,0,0,0,0,0,219,254,52,0,0,139,254,254,237,56,166,253,51,0,0,0,0,0,0,0,0,0,0,0,0,0,0,32,239,221,4,0,3,194,254,191,49,0,131,254,52,0,0,0,0,0,0,0,0,0,0,0,0,0,0,72,254,200,0,0,9,254,255,48,0,0,180,222,6,0,0,0,0,0,0,0,0,0,0,0,0,0,0,140,254,116,0,0,9,254,186,2,0,61,249,142,0,0,0,0,0,0,0,0,0,0,0,0,0,0,0,140,254,86,0,0,9,254,241,19,9,186,232,38,0,0,0,0,0,0,0,0,0,0,0,0,0,0,0,96,250,204,6,0,2,191,254,113,142,254,140,0,0,0,0,0,0,0,0,0,0,0,0,0,0,0,0,0,219,254,127,11,0,73,248,254,254,254,117,63,10,0,0,0,0,0,0,0,0,0,0,0,0,0,0,0,151,252,254,225,184,184,230,251,245,245,230,115,39,0,0,0,0,0,0,0,0,0,0,0,0,0,0,0,0,108,236,254,254,254,197,60,0,0,0,0,0,0,0,0,0,0,0,0,0,0,0,0,0,0,0,0,0,0,0,0,0,0,0,0,0,0,0,0,0,0,0,0,0,0,0,0,0,0,0,0,0,0,0,0,0,0,0,0,0,0,0,0,0,0,0,0,0,0,0,0,0,0,0,0,0,0,0,0,0,0,0,0,0,0,0,0,0,0,0,0,0,0,0,0,0,0,0,0,0,0,0,0,0,0,0,0,0,0,0,0,0,0,0,0,0,0,0,0,0,0,0,0,0,0,0,0,0,0,0,0,0,0,0,0,0,0,0,0,0,0,0,0,0,0,0,0,0,0,0,0,0,0,0,0,0,0,0,0,0,0,0,0,0,0,0,0,0,0,0,0,0,0,0,0,0,0,0,0,0,0,0,0,0,0,0
7,0,0,0,0,0,0,0,0,0,0,0,0,0,0,0,0,0,0,0,0,0,0,0,0,0,0,0,0,0,0,0,0,0,0,0,0,0,0,0,0,0,0,0,0,0,0,0,0,0,0,0,0,0,0,0,0,0,0,0,0,0,0,0,0,0,0,0,0,0,0,0,0,0,0,0,0,0,0,0,0,0,0,0,0,0,0,0,0,0,0,0,0,0,0,0,0,0,0,0,0,0,0,0,0,0,0,0,0,0,0,0,0,0,0,0,0,0,0,0,0,0,0,0,0,0,0,0,0,0,0,0,0,0,0,0,0,0,0,0,0,0,0,0,0,0,0,0,0,0,0,0,0,0,0,0,0,0,0,0,0,0,0,0,0,0,0,0,0,0,0,0,0,0,0,0,0,0,0,0,0,0,0,0,0,0,0,0,0,0,0,0,0,0,0,0,0,0,0,0,151,96,0,0,0,0,0,0,0,0,0,0,0,0,0,0,0,0,0,0,0,0,0,0,0,0,0,0,255,233,46,0,0,0,0,0,0,0,0,0,0,0,0,0,0,43,136,17,0,0,0,0,0,0,0,0,240,253,133,10,0,0,0,0,0,0,0,0,0,0,0,18,107,234,253,160,0,0,0,0,0,0,0,0,75,253,253,170,50,26,0,0,0,0,0,0,30,84,157,220,253,253,253,219,0,0,0,0,0,0,0,0,4,181,252,253,245,240,234,208,215,130,130,147,241,253,253,253,253,253,253,139,0,0,0,0,0,0,0,0,0,0,131,234,253,253,253,253,253,253,253,253,253,172,233,253,253,250,115,14,0,0,0,0,0,0,0,0,0,0,0,57,144,238,231,212,253,250,250,153,86,183,245,253,249,58,0,0,0,0,0,0,0,0,0,0,0,0,0,0,0,0,0,58,88,70,70,2,115,253,253,253,119,0,0,0,0,0,0,0,0,0,0,0,0,0,0,0,0,0,0,0,0,0,0,1,193,253,253,234,14,0,0,0,0,0,0,0,0,0,0,0,0,0,0,0,0,0,0,0,0,0,0,42,253,253,237,60,0,0,0,0,0,0,0,0,0,0,0,0,0,0,0,0,0,0,0,0,0,0,0,165,253,241,108,0,0,0,0,0,0,0,0,0,0,0,0,0,0,0,0,0,0,0,0,0,0,0,17,250,253,121,0,0,0,0,0,0,0,0,0,0,0,0,0,0,0,0,0,0,0,0,0,0,0,0,135,253,253,119,0,0,0,0,0,0,0,0,0,0,0,0,0,0,0,0,0,0,0,0,0,0,0,50,251,253,253,106,0,0,0,0,0,0,0,0,0,0,0,0,0,0,0,0,0,0,0,0,0,0,0,15,217,253,253,58,0,0,0,0,0,0,0,0,0,0,0,0,0,0,0,0,0,0,0,0,0,0,0,5,207,253,246,14,0,0,0,0,0,0,0,0,0,0,0,0,0,0,0,0,0,0,0,0,0,0,0,53,253,253,165,0,0,0,0,0,0,0,0,0,0,0,0,0,0,0,0,0,0,0,0,0,0,0,0,53,253,253,76,0,0,0,0,0,0,0,0,0,0,0,0,0,0,0,0,0,0,0,0,0,0,0,0,19,198,244,48,0,0,0,0,0,0,0,0,0,0,0,0,0,0,0,0,0,0,0,0,0,0,0,0,0,18,39,0,0,0,0,0,0,0,0,0,0,0,0,0,0,0,0,0,0,0,0,0,0,0,0,0,0,0,0,0,0,0,0,0,0,0,0,0,0,0,0,0
9,0,0,0,0,0,0,0,0,0,0,0,0,0,0,0,0,0,0,0,0,0,0,0,0,0,0,0,0,0,0,0,0,0,0,0,0,0,0,0,0,0,0,0,0,0,0,0,0,0,0,0,0,0,0,0,0,0,0,0,0,0,0,0,0,0,0,0,0,0,0,0,0,0,0,0,0,0,0,0,0,0,0,0,0,0,0,0,0,0,0,0,0,0,0,0,0,0,0,0,0,0,0,0,0,0,0,0,0,0,0,0,0,0,0,0,0,0,0,0,0,0,0,0,0,0,0,0,0,0,0,0,0,0,0,0,0,0,0,0,0,0,0,0,0,0,0,0,0,0,0,0,0,0,0,114,195,103,0,0,0,0,0,0,0,0,0,0,0,0,0,0,0,0,0,0,0,0,0,0,0,68,231,251,253,160,0,0,0,0,0,0,0,0,0,0,0,0,0,0,0,0,0,0,0,0,0,0,36,240,230,242,253,202,9,0,0,0,0,0,0,0,0,0,0,0,0,0,0,0,0,0,0,0,0,17,224,185,0,38,152,253,127,0,0,0,0,0,0,0,0,0,0,0,0,0,0,0,0,0,0,0,0,198,239,25,0,0,116,254,185,0,0,0,0,0,0,0,0,0,0,0,0,0,0,0,0,0,0,0,55,243,128,0,0,0,116,253,184,0,0,0,0,0,0,0,0,0,0,0,0,0,0,0,0,0,0,0,237,223,25,0,0,0,116,253,184,0,0,0,0,0,0,0,0,0,0,0,0,0,0,0,0,0,0,68,254,81,0,0,0,0,116,253,184,0,0,0,0,0,0,0,0,0,0,0,0,0,0,0,0,0,0,151,254,23,0,0,0,13,187,254,185,0,0,0,0,0,0,0,0,0,0,0,0,0,0,0,0,0,0,184,254,23,0,0,13,151,253,253,184,0,0,0,0,0,0,0,0,0,0,0,0,0,0,0,0,0,0,176,254,23,0,51,187,253,236,253,184,0,0,0,0,0,0,0,0,0,0,0,0,0,0,0,0,0,0,93,254,140,101,234,254,185,36,253,210,9,0,0,0,0,0,0,0,0,0,0,0,0,0,0,0,0,0,0,229,254,254,203,160,9,24,254,254,48,0,0,0,0,0,0,0,0,0,0,0,0,0,0,0,0,0,0,15,107,107,6,0,0,3,190,254,98,0,0,0,0,0,0,0,0,0,0,0,0,0,0,0,0,0,0,0,0,0,0,0,0,0,176,254,99,0,0,0,0,0,0,0,0,0,0,0,0,0,0,0,0,0,0,0,0,0,0,0,0,0,93,254,182,0,0,0,0,0,0,0,0,0,0,0,0,0,0,0,0,0,0,0,0,0,0,0,0,0,0,255,207,0,0,0,0,0,0,0,0,0,0,0,0,0,0,0,0,0,0,0,0,0,0,0,0,0,0,169,249,59,0,0,0,0,0,0,0,0,0,0,0,0,0,0,0,0,0,0,0,0,0,0,0,0,0,80,251,215,24,0,0,0,0,0,0,0,0,0,0,0,0,0,0,0,0,0,0,0,0,0,0,0,0,0,80,202,253,34,0,0,0,0,0,0,0,0,0,0,0,0,0,0,0,0,0,0,0,0,0,0,0,0,0,0,0,0,0,0,0,0,0,0,0,0,0,0,0,0,0,0,0,0,0,0,0,0,0,0,0,0,0,0,0,0,0,0,0,0,0,0,0,0,0,0,0,0,0,0,0,0,0,0,0,0,0,0,0,0,0,0,0,0,0,0,0,0,0,0
0,0,0,0,0,0,0,0,0,0,0,0,0,0,0,0,0,0,0,0,0,0,0,0,0,0,0,0,0,0,0,0,0,0,0,0,0,0,0,0,0,0,0,0,0,0,0,0,0,0,0,0,0,0,0,0,0,0,0,0,0,0,0,0,0,0,0,0,0,0,0,0,0,0,0,0,0,0,0,0,0,0,0,0,0,0,0,0,0,0,0,0,0,0,0,0,0,0,0,0,0,0,0,0,0,0,0,0,0,0,0,0,0,0,0,0,0,0,0,0,0,0,0,0,0,106,22,0,0,0,0,0,0,0,0,0,0,0,0,0,0,0,0,0,0,0,0,0,0,0,6,98,157,252,239,209,87,0,0,0,0,0,0,0,0,0,0,0,0,0,0,0,0,0,0,0,0,71,216,254,254,254,254,254,250,93,0,0,0,0,0,0,0,0,0,0,0,0,0,0,0,0,0,0,13,191,251,199,139,61,61,173,255,141,29,0,0,0,0,0,0,0,0,0,0,0,0,0,0,0,0,71,191,254,241,0,0,0,0,16,175,254,215,28,0,0,0,0,0,0,0,0,0,0,0,0,0,0,8,207,254,226,97,0,0,0,0,0,12,189,254,213,103,0,0,0,0,0,0,0,0,0,0,0,0,0,188,168,254,82,0,0,0,0,0,0,0,74,254,254,214,100,0,0,0,0,0,0,0,0,0,0,0,0,235,254,230,47,0,0,0,0,0,0,0,1,74,249,254,253,133,0,0,0,0,0,0,0,0,0,0,106,252,228,54,0,0,0,0,0,0,0,0,0,0,193,254,254,213,0,0,0,0,0,0,0,0,0,0,118,254,178,0,0,0,0,0,0,0,0,0,0,0,20,190,254,247,78,0,0,0,0,0,0,0,0,0,193,254,78,0,0,0,0,0,0,0,0,0,0,0,0,84,254,254,197,0,0,0,0,0,0,0,0,0,118,254,41,0,0,0,0,0,0,0,0,0,0,0,0,75,249,254,236,13,0,0,0,0,0,0,0,0,118,254,120,0,0,0,0,0,0,0,0,0,0,0,0,0,197,254,254,121,0,0,0,0,0,0,0,0,118,254,178,0,0,0,0,0,0,0,0,0,0,0,0,0,63,254,254,187,0,0,0,0,0,0,0,0,6,236,178,0,0,0,0,0,0,0,0,0,0,0,0,0,63,254,246,69,0,0,0,0,0,0,0,0,0,235,203,20,0,0,0,0,0,0,0,0,0,0,0,28,200,254,240,38,0,0,0,0,0,0,0,0,0,103,211,109,63,63,63,63,29,63,29,63,63,63,194,218,254,254,238,25,0,0,0,0,0,0,0,0,0,0,23,105,241,254,254,254,214,254,214,254,254,254,254,254,244,116,69,0,0,0,0,0,0,0,0,0,0,0,0,0,65,178,234,234,185,208,234,234,234,166,96,96,73,0,0,0,0,0,0,0,0,0,0,0,0,0,0,0,0,0,0,0,0,0,0,0,0,0,0,0,0,0,0,0,0,0,0,0,0,0,0,0,0,0,0,0,0,0,0,0,0,0,0,0,0,0,0,0,0,0,0,0,0,0,0,0,0,0,0,0,0,0,0,0,0,0,0,0,0,0,0,0,0,0,0,0,0,0,0,0,0,0,0,0,0,0,0,0,0,0,0,0,0,0,0,0,0,0,0,0,0,0,0,0,0,0,0,0,0,0,0,0,0,0,0,0,0,0,0,0,0,0,0,0,0,0,0,0,0,0,0,0,0,0,0,0,0,0,0,0
5,0,0,0,0,0,0,0,0,0,0,0,0,0,0,0,0,0,0,0,0,0,0,0,0,0,0,0,0,0,0,0,0,0,0,0,0,0,0,0,0,0,0,0,0,0,0,0,0,0,0,0,0,0,0,0,0,0,0,0,0,0,0,0,0,0,0,0,0,0,0,0,0,0,0,0,0,0,0,0,0,0,0,0,0,0,0,0,0,0,0,0,0,0,0,0,0,0,0,0,0,0,0,0,0,0,0,0,0,0,0,0,0,0,0,0,0,0,0,0,0,0,0,0,0,0,0,0,0,0,0,0,0,0,0,0,0,0,0,0,0,0,0,0,0,0,0,0,0,0,0,0,0,0,0,0,0,0,0,69,141,255,254,254,216,19,0,0,0,0,0,0,0,0,0,0,0,0,0,0,0,0,0,0,25,72,154,244,253,253,253,253,203,14,0,0,0,0,0,0,0,0,0,0,0,0,0,0,0,27,65,171,229,253,253,253,253,222,123,82,56,0,0,0,0,0,0,0,0,0,0,0,0,0,20,72,176,221,253,253,253,253,253,188,122,27,0,0,0,0,0,0,0,0,0,0,0,0,0,0,55,169,220,253,253,253,253,253,191,128,47,5,0,0,0,0,0,0,0,0,0,0,0,0,0,0,0,0,154,253,253,253,253,253,182,29,9,0,0,0,0,0,0,0,0,0,0,0,0,0,0,0,0,0,0,0,24,215,253,253,94,11,5,0,0,0,0,0,0,0,0,0,0,0,0,0,0,0,0,0,0,0,0,0,36,253,253,253,29,0,0,0,0,0,0,0,0,0,0,0,0,0,0,0,0,0,0,0,0,0,0,0,30,240,253,253,66,22,0,0,0,0,0,0,0,0,0,0,0,0,0,0,0,0,0,0,0,0,0,0,0,144,253,253,253,216,112,50,0,0,0,0,0,0,0,0,0,0,0,0,0,0,0,0,0,0,0,0,0,13,92,239,253,253,253,244,95,0,0,0,0,0,0,0,0,0,0,0,0,0,0,0,0,0,0,0,0,0,0,33,91,205,253,253,244,148,0,0,0,0,0,0,0,0,0,0,0,0,0,0,0,0,0,0,0,0,0,0,0,12,34,212,253,246,90,0,0,0,0,0,0,0,0,0,0,0,0,0,0,0,0,0,0,0,0,0,0,0,0,23,214,253,252,23,0,0,0,0,0,0,0,0,0,0,0,0,0,0,0,0,0,0,0,0,0,0,0,0,164,253,253,23,0,0,0,0,0,0,0,0,0,0,0,0,0,0,0,0,0,0,0,0,0,0,0,0,136,253,253,23,0,0,0,0,0,0,0,0,0,0,0,0,0,0,0,0,0,125,96,12,0,0,7,85,232,253,253,23,0,0,0,0,0,0,0,0,0,0,0,0,0,0,0,0,0,171,253,211,201,201,206,253,253,253,178,5,0,0,0,0,0,0,0,0,0,0,0,0,0,0,0,0,0,104,228,253,253,253,253,253,253,187,22,0,0,0,0,0,0,0,0,0,0,0,0,0,0,0,0,0,0,0,13,114,135,193,187,135,108,12,0,0,0,0,0,0,0,0,0,0,0,0,0,0,0,0,0,0,0,0,0,0,0,0,0,0,0,0,0,0,0,0,0,0,0,0,0,0,0,0,0,0,0,0,0,0,0,0,0,0,0,0,0,0,0,0,0,0,0,0,0,0,0,0,0,0,0,0,0,0,0,0,0,0,0,0,0,0,0,0,0,0,0,0,0,0,0,0,0,0,0,0,0,0,0
8,0,0,0,0,0,0,0,0,0,0,0,0,0,0,0,0,0,0,0,0,0,0,0,0,0,0,0,0,0,0,0,0,0,0,0,0,0,0,0,0,0,0,0,0,0,0,0,0,0,0,0,0,0,0,0,0,0,0,0,0,0,0,0,0,0,0,0,0,0,0,0,0,0,0,0,0,0,0,0,0,0,0,0,0,0,0,0,0,0,0,0,0,0,0,0,0,0,0,0,0,0,0,0,0,0,0,0,0,0,0,0,0,0,0,0,0,0,0,0,0,0,0,0,0,0,0,0,0,0,0,0,0,0,0,0,0,0,0,0,0,0,0,0,0,0,0,0,0,0,0,0,0,0,0,0,0,0,0,0,0,0,0,0,0,0,0,0,0,0,0,0,0,0,0,0,0,0,26,121,121,121,190,255,253,253,253,253,253,232,44,0,0,0,0,0,0,0,0,0,0,0,0,0,132,240,242,252,252,252,252,253,252,252,252,252,252,252,93,0,0,0,0,0,0,0,0,0,0,0,0,85,248,252,252,252,252,252,252,159,158,193,252,252,252,216,10,0,0,0,0,0,0,0,0,0,0,0,0,64,240,252,252,176,39,39,39,0,0,15,107,252,252,182,30,0,0,0,0,0,0,0,0,0,0,0,0,0,213,252,252,195,25,0,0,0,0,110,216,252,174,25,20,0,0,0,0,0,0,0,0,0,0,0,0,0,56,213,252,252,196,51,0,26,180,245,252,238,52,0,0,0,0,0,0,0,0,0,0,0,0,0,0,0,0,109,252,252,252,248,173,211,252,252,239,86,0,0,0,0,0,0,0,0,0,0,0,0,0,0,0,0,0,25,196,252,252,252,252,253,252,242,153,0,0,0,0,0,0,0,0,0,0,0,0,0,0,0,0,0,0,0,23,127,247,252,252,253,252,163,3,0,0,0,0,0,0,0,0,0,0,0,0,0,0,0,0,0,0,0,0,0,90,252,252,253,252,252,110,0,0,0,0,0,0,0,0,0,0,0,0,0,0,0,0,0,0,0,0,20,204,253,253,255,253,253,173,0,0,0,0,0,0,0,0,0,0,0,0,0,0,0,0,0,0,0,0,97,252,252,195,146,247,252,206,23,0,0,0,0,0,0,0,0,0,0,0,0,0,0,0,0,0,0,49,244,252,240,12,0,81,242,252,102,0,0,0,0,0,0,0,0,0,0,0,0,0,0,0,0,0,0,166,252,252,126,0,0,0,226,252,242,56,0,0,0,0,0,0,0,0,0,0,0,0,0,0,0,0,53,238,252,252,106,0,0,0,122,252,252,66,0,0,0,0,0,0,0,0,0,0,0,0,0,0,0,0,53,238,252,252,106,0,0,0,94,252,252,66,0,0,0,0,0,0,0,0,0,0,0,0,0,0,0,0,0,186,252,252,127,0,0,39,189,252,241,56,0,0,0,0,0,0,0,0,0,0,0,0,0,0,0,0,0,103,252,252,247,160,161,247,252,252,171,0,0,0,0,0,0,0,0,0,0,0,0,0,0,0,0,0,0,23,197,247,252,252,253,252,247,196,22,0,0,0,0,0,0,0,0,0,0,0,0,0,0,0,0,0,0,0,0,76,126,252,253,126,75,0,0,0,0,0,0,0,0,0,0,0,0,0,0,0,0,0,0,0,0,0,0,0,0,0,0,0,0,0,0,0,0,0,0,0,0,0,0,0,0,0,0,0,0,0,0,0,0,0,0,0,0,0,0,0,0,0,0,0,0,0,0,0,0,0,0,0
5,0,0,0,0,0,0,0,0,0,0,0,0,0,0,0,0,0,0,0,0,0,0,0,0,0,0,0,0,0,0,0,0,0,0,0,0,0,0,0,0,0,0,0,0,0,0,0,0,0,0,0,0,0,0,0,0,0,0,0,0,0,0,0,0,0,0,0,0,0,0,0,0,0,0,0,0,0,0,0,0,0,0,0,0,0,0,0,0,0,0,0,0,0,0,0,0,0,0,0,0,0,0,0,0,0,0,0,0,0,0,0,0,0,0,0,0,0,0,0,0,0,0,0,0,0,0,0,0,0,0,0,0,0,0,0,0,0,0,0,0,0,0,0,0,0,0,0,0,0,0,0,0,0,4,114,192,18,0,0,11,43,61,148,148,49,0,0,0,0,0,0,0,0,0,0,0,0,0,0,0,29,99,252,252,120,85,137,206,252,253,252,201,21,0,0,0,0,0,0,0,0,0,0,0,0,0,0,31,213,252,252,252,245,252,252,252,244,170,91,11,0,0,0,0,0,0,0,0,0,0,0,0,0,0,27,218,252,252,252,199,190,189,136,84,49,0,0,0,0,0,0,0,0,0,0,0,0,0,0,0,0,0,194,253,182,42,42,7,0,0,0,0,0,0,0,0,0,0,0,0,0,0,0,0,0,0,0,0,4,139,253,212,27,0,0,0,0,0,0,0,0,0,0,0,0,0,0,0,0,0,0,0,0,0,0,0,22,252,252,27,0,0,0,0,0,0,0,0,0,0,0,0,0,0,0,0,0,0,0,0,0,0,0,0,75,252,208,18,0,0,0,0,0,0,0,0,0,0,0,0,0,0,0,0,0,0,0,0,0,0,0,0,57,252,252,239,133,59,0,0,0,0,0,0,0,0,0,0,0,0,0,0,0,0,0,0,0,0,0,0,4,68,235,253,252,249,211,124,0,0,0,0,0,0,0,0,0,0,0,0,0,0,0,0,0,0,0,0,0,0,0,62,141,232,253,253,175,29,0,0,0,0,0,0,0,0,0,0,0,0,0,0,0,0,0,0,0,0,0,0,0,41,168,239,253,231,130,0,0,0,0,0,0,0,0,0,0,0,0,0,0,0,0,0,0,0,0,0,0,0,0,17,200,252,233,7,0,0,0,0,0,0,0,0,0,0,0,0,0,0,0,0,0,0,0,0,0,0,0,0,104,252,247,63,0,0,0,0,0,0,0,0,0,0,0,0,0,0,0,0,0,0,0,0,0,0,0,45,192,252,231,0,0,0,0,0,0,0,0,0,0,0,0,0,0,0,0,0,0,0,0,0,0,4,69,236,255,239,62,0,0,0,0,0,0,0,0,0,0,0,0,0,0,0,0,0,116,0,0,0,29,142,252,252,204,68,0,0,0,0,0,0,0,0,0,0,0,0,0,0,0,0,0,78,240,57,66,189,239,252,252,190,53,0,0,0,0,0,0,0,0,0,0,0,0,0,0,0,0,0,0,85,252,252,252,253,252,212,84,14,0,0,0,0,0,0,0,0,0,0,0,0,0,0,0,0,0,0,0,14,147,252,252,191,112,21,0,0,0,0,0,0,0,0,0,0,0,0,0,0,0,0,0,0,0,0,0,0,0,0,0,0,0,0,0,0,0,0,0,0,0,0,0,0,0,0,0,0,0,0,0,0,0,0,0,0,0,0,0,0,0,0,0,0,0,0,0,0,0,0,0,0,0,0,0,0,0,0,0,0,0,0,0,0,0,0,0,0,0,0,0,0,0,0,0,0,0,0,0,0,0,0,0,0
6,0,0,0,0,0,0,0,0,0,0,0,0,0,0,0,0,0,0,0,0,0,0,0,0,0,0,0,0,0,0,0,0,0,0,0,0,0,0,0,0,0,0,0,0,0,0,0,0,0,0,0,0,0,0,0,0,0,0,0,0,0,0,0,0,0,0,0,0,0,0,0,0,0,0,0,0,0,0,0,0,0,0,0,0,0,0,0,0,0,0,0,0,0,0,0,0,0,0,0,0,38,144,237,50,0,0,0,0,0,0,0,0,0,0,0,0,0,0,0,0,0,0,0,0,0,0,0,147,234,252,252,237,0,0,0,0,0,0,0,0,0,0,0,0,0,0,0,0,0,0,0,0,13,150,197,253,252,252,214,195,0,0,0,0,0,0,0,0,0,0,0,0,0,0,0,0,0,0,0,10,156,252,252,253,252,252,84,0,0,0,0,0,0,0,0,0,0,0,0,0,0,0,0,0,0,0,0,85,252,252,252,190,112,112,37,0,0,0,0,0,0,0,0,0,0,0,0,0,0,0,0,0,0,0,51,238,253,253,253,0,0,0,0,0,0,0,0,0,0,0,0,0,0,0,0,0,0,0,0,0,0,0,238,252,252,252,127,0,0,0,0,0,0,0,0,0,0,0,0,0,0,0,0,0,0,0,0,0,7,135,253,252,252,214,87,0,0,0,0,0,0,0,0,0,0,0,0,0,0,0,0,0,0,0,0,0,123,252,253,252,214,28,0,0,0,7,10,0,0,0,0,0,0,0,0,0,0,0,0,0,0,0,0,0,169,252,253,252,118,0,0,0,0,135,177,140,79,0,0,0,0,0,0,0,0,0,0,0,0,0,0,0,170,253,255,168,0,0,0,176,253,253,253,253,255,27,0,0,0,0,0,0,0,0,0,0,0,0,0,0,169,252,253,167,0,10,163,253,252,252,252,252,253,152,0,0,0,0,0,0,0,0,0,0,0,0,0,0,169,252,253,89,0,138,252,253,233,164,187,252,253,167,0,0,0,0,0,0,0,0,0,0,0,0,0,0,169,252,253,177,60,224,252,240,71,7,178,252,253,167,0,0,0,0,0,0,0,0,0,0,0,0,0,0,169,252,253,252,252,252,252,63,48,165,252,252,253,167,0,0,0,0,0,0,0,0,0,0,0,0,0,0,108,253,255,253,253,253,253,255,253,253,253,253,204,15,0,0,0,0,0,0,0,0,0,0,0,0,0,0,3,106,253,252,252,252,252,253,252,252,195,167,15,0,0,0,0,0,0,0,0,0,0,0,0,0,0,0,0,0,56,231,252,252,252,253,252,208,19,0,0,0,0,0,0,0,0,0,0,0,0,0,0,0,0,0,0,0,0,75,199,252,252,253,252,180,0,0,0,0,0,0,0,0,0,0,0,0,0,0,0,0,0,0,0,0,0,0,25,128,252,190,112,25,0,0,0,0,0,0,0,0,0,0,0,0,0,0,0,0,0,0,0,0,0,0,0,0,0,0,0,0,0,0,0,0,0,0,0,0,0,0,0,0,0,0,0,0,0,0,0,0,0,0,0,0,0,0,0,0,0,0,0,0,0,0,0,0,0,0,0,0,0,0,0,0,0,0,0,0,0,0,0,0,0,0,0,0,0,0,0,0,0,0,0,0,0,0,0,0,0,0,0,0,0,0,0,0,0,0,0,0,0,0,0,0,0,0,0,0,0,0,0,0,0,0,0,0,0,0,0,0,0,0,0,0,0,0,0,0,0,0,0,0,0,0,0,0,0,0,0,0,0,0
6,0,0,0,0,0,0,0,0,0,0,0,0,0,0,0,0,0,0,0,0,0,0,0,0,0,0,0,0,0,0,0,0,0,0,0,0,0,0,0,0,0,0,0,0,0,0,0,0,0,0,0,0,0,0,0,0,0,0,0,0,0,0,0,0,0,0,0,0,0,0,0,0,0,0,0,0,0,0,0,0,0,0,0,0,0,0,0,0,0,0,0,0,0,0,0,0,0,0,0,0,0,69,176,254,136,0,0,0,0,0,0,0,0,0,0,0,0,0,0,0,0,0,0,0,0,0,0,25,96,238,253,253,248,99,0,0,0,0,0,0,0,0,0,0,0,0,0,0,0,0,0,0,0,12,104,202,253,253,253,253,251,112,0,0,0,0,0,0,0,0,0,0,0,0,0,0,0,0,0,0,0,194,253,254,253,246,133,240,223,0,0,0,0,0,0,0,0,0,0,0,0,0,0,0,0,0,0,40,217,246,253,254,235,80,0,158,69,0,0,0,0,0,0,0,0,0,0,0,0,0,0,0,0,0,4,149,253,253,253,224,82,0,0,0,0,0,0,0,0,0,0,0,0,0,0,0,0,0,0,0,0,40,149,253,253,253,253,0,0,0,0,0,0,0,0,0,0,0,0,0,0,0,0,0,0,0,0,0,0,75,253,253,253,184,75,0,0,0,0,0,0,0,0,0,0,0,0,0,0,0,0,0,0,0,0,0,0,190,253,253,237,49,0,0,0,0,0,0,0,0,0,0,0,0,0,0,0,0,0,0,0,0,0,0,0,224,253,253,75,0,0,0,0,0,0,0,0,0,0,0,0,0,0,0,0,0,0,0,0,0,0,0,121,254,254,254,14,0,0,44,105,105,176,254,254,175,6,0,0,0,0,0,0,0,0,0,0,0,0,4,151,253,253,141,3,47,60,229,253,253,253,253,253,253,14,0,0,0,0,0,0,0,0,0,0,0,0,15,253,253,253,127,69,233,253,254,253,253,246,251,253,253,14,0,0,0,0,0,0,0,0,0,0,0,0,15,253,253,253,253,253,253,253,254,253,175,71,224,253,253,14,0,0,0,0,0,0,0,0,0,0,0,0,15,253,253,253,253,253,253,253,179,72,85,146,250,253,213,10,0,0,0,0,0,0,0,0,0,0,0,0,15,253,253,253,253,253,248,134,13,83,253,253,253,214,35,0,0,0,0,0,0,0,0,0,0,0,0,0,15,253,253,253,253,253,232,134,184,253,253,253,253,74,0,0,0,0,0,0,0,0,0,0,0,0,0,0,16,253,253,253,253,253,253,253,255,253,253,210,120,4,0,0,0,0,0,0,0,0,0,0,0,0,0,0,4,59,204,253,253,253,253,253,254,253,215,31,0,0,0,0,0,0,0,0,0,0,0,0,0,0,0,0,0,0,31,210,253,253,253,253,192,104,37,0,0,0,0,0,0,0,0,0,0,0,0,0,0,0,0,0,0,0,0,0,0,0,0,0,0,0,0,0,0,0,0,0,0,0,0,0,0,0,0,0,0,0,0,0,0,0,0,0,0,0,0,0,0,0,0,0,0,0,0,0,0,0,0,0,0,0,0,0,0,0,0,0,0,0,0,0,0,0,0,0,0,0,0,0,0,0,0,0,0,0,0,0,0,0,0,0,0,0,0,0,0,0,0,0,0,0,0,0,0,0,0,0,0,0,0,0,0,0,0,0,0,0,0,0,0,0,0,0,0,0,0,0,0,0,0,0,0,0,0,0,0,0,0,0,0,0,0,0,0
5,0,0,0,0,0,0,0,0,0,0,0,0,0,0,0,0,0,0,0,0,0,0,0,0,0,0,0,0,0,0,0,0,0,0,0,0,0,0,0,0,0,0,0,0,0,0,0,0,0,0,0,0,0,0,0,0,0,0,0,0,0,0,0,0,0,0,0,0,0,0,0,0,0,0,0,0,0,0,0,0,0,0,0,0,0,0,0,0,0,0,0,0,0,0,0,0,0,0,0,0,0,0,0,0,0,0,0,0,0,0,0,0,0,0,0,0,0,0,0,0,0,0,0,0,0,0,0,64,191,255,255,255,64,0,0,0,0,0,0,0,0,0,0,0,0,0,0,0,0,0,0,0,0,64,191,255,255,255,255,255,128,0,0,0,0,0,0,0,0,0,0,0,0,0,0,0,0,64,128,128,191,255,255,255,255,255,255,255,128,0,0,0,0,0,0,0,0,0,0,0,0,0,0,0,64,255,255,255,255,255,255,255,255,255,191,191,64,0,0,0,0,0,0,0,0,0,0,0,0,0,0,64,255,255,255,255,255,255,255,128,64,0,0,0,0,0,0,0,0,0,0,0,0,0,0,0,0,0,0,255,255,255,255,255,255,128,64,0,0,0,0,0,0,0,0,0,0,0,0,0,0,0,0,0,0,0,0,64,255,255,255,128,64,0,0,0,0,0,0,0,0,0,0,0,0,0,0,0,0,0,0,0,0,0,0,0,191,255,255,191,64,0,0,0,0,0,0,0,0,0,0,0,0,0,0,0,0,0,0,0,0,0,0,0,64,255,255,255,255,191,128,64,0,0,0,0,0,0,0,0,0,0,0,0,0,0,0,0,0,0,0,0,0,128,191,255,255,255,255,255,128,64,0,0,0,0,0,0,0,0,0,0,0,0,0,0,0,0,0,0,0,0,0,191,255,255,255,255,255,255,128,0,0,0,0,0,0,0,0,0,0,0,0,0,0,0,0,0,0,0,0,0,64,128,128,255,255,255,255,255,64,0,0,0,0,0,0,0,0,0,0,0,0,0,0,0,0,0,0,0,0,0,0,0,191,255,255,255,255,128,0,0,0,0,0,0,0,0,0,0,0,0,0,0,0,0,0,0,0,0,0,0,0,64,191,255,255,255,64,0,0,0,0,0,0,0,0,0,0,0,0,0,0,64,0,0,0,0,0,0,0,0,191,255,255,255,255,0,0,0,0,0,0,0,0,0,0,0,0,0,128,255,255,128,0,0,0,0,64,191,255,255,255,255,191,0,0,0,0,0,0,0,0,0,0,0,0,0,128,255,255,64,64,255,255,255,255,255,255,255,255,255,0,0,0,0,0,0,0,0,0,0,0,0,0,0,128,255,255,255,255,255,255,255,255,255,255,255,191,128,0,0,0,0,0,0,0,0,0,0,0,0,0,0,0,0,255,255,255,255,255,255,255,255,255,64,0,0,0,0,0,0,0,0,0,0,0,0,0,0,0,0,0,0,64,128,128,255,255,191,0,0,0,0,0,0,0,0,0,0,0,0,0,0,0,0,0,0,0,0,0,0,0,0,0,0,0,0,0,0,0,0,0,0,0,0,0,0,0,0,0,0,0,0,0,0,0,0,0,0,0,0,0,0,0,0,0,0,0,0,0,0,0,0,0,0,0,0,0,0,0,0,0,0,0,0,0,0,0,0,0,0,0,0,0,0,0,0,0,0,0,0,0,0,0,0,0,0,0,0,0,0,0,0,0,0,0,0,0,0,0,0,0,0,0,0,0,0,0,0,0,0,0,0
7,0,0,0,0,0,0,0,0,0,0,0,0,0,0,0,0,0,0,0,0,0,0,0,0,0,0,0,0,0,0,0,0,0,0,0,0,0,0,0,0,0,0,0,0,0,0,0,0,0,0,0,0,0,0,0,0,0,0,0,0,0,0,0,0,0,0,0,0,0,0,0,0,0,0,0,0,0,0,0,0,0,0,0,0,0,0,0,0,0,0,0,0,0,0,0,0,0,0,0,0,0,0,0,0,0,0,0,0,0,0,0,0,0,0,0,0,0,0,0,0,0,0,0,0,0,0,0,0,0,0,0,0,0,0,0,0,0,0,0,0,0,0,0,0,56,194,118,48,15,0,0,0,0,0,0,0,0,0,0,0,0,0,0,0,0,0,0,0,0,0,0,0,60,251,254,254,215,107,95,95,95,58,0,0,0,0,0,0,0,0,0,0,0,0,0,0,0,0,0,0,0,40,245,254,255,254,254,254,254,251,245,245,189,141,183,141,35,0,0,0,0,0,0,0,0,0,0,0,0,0,50,163,171,245,254,254,254,254,254,254,254,254,254,254,217,0,0,0,0,0,0,0,0,0,0,0,0,0,0,0,0,74,228,228,228,188,227,149,226,254,254,254,245,10,0,0,0,0,0,0,0,0,0,0,0,0,0,0,0,0,0,0,0,0,0,0,10,161,254,254,247,29,0,0,0,0,0,0,0,0,0,0,0,0,0,0,0,0,0,0,0,0,0,0,28,246,254,254,248,39,0,0,0,0,0,0,0,0,0,0,0,0,0,0,0,0,0,0,0,0,0,0,100,254,254,254,176,0,0,0,0,0,0,0,0,0,0,0,0,0,0,0,0,0,0,0,0,0,0,2,223,254,254,254,140,0,0,0,0,0,0,0,0,0,0,0,0,0,0,0,0,0,0,0,0,0,0,89,254,254,254,254,76,0,0,0,0,0,0,0,0,0,0,0,0,0,0,0,0,0,0,0,0,80,117,221,254,254,254,254,120,0,0,0,0,0,0,0,0,0,0,0,0,0,0,0,30,92,146,191,250,254,254,254,254,254,254,254,140,0,0,0,0,0,0,0,0,0,0,0,0,0,0,135,236,254,254,254,254,254,254,254,254,254,166,62,34,0,0,0,0,0,0,0,0,0,0,0,0,0,0,78,245,254,254,254,254,254,254,254,254,200,12,0,0,0,0,0,0,0,0,0,0,0,0,0,0,0,0,0,81,245,254,176,73,186,254,254,245,50,0,0,0,0,0,0,0,0,0,0,0,0,0,0,0,0,0,0,0,72,104,15,0,100,254,254,223,0,0,0,0,0,0,0,0,0,0,0,0,0,0,0,0,0,0,0,0,0,0,0,0,169,254,254,223,0,0,0,0,0,0,0,0,0,0,0,0,0,0,0,0,0,0,0,0,0,0,0,0,203,254,254,223,0,0,0,0,0,0,0,0,0,0,0,0,0,0,0,0,0,0,0,0,0,0,0,0,116,254,254,157,0,0,0,0,0,0,0,0,0,0,0,0,0,0,0,0,0,0,0,0,0,0,0,0,0,165,254,34,0,0,0,0,0,0,0,0,0,0,0,0,0,0,0,0,0,0,0,0,0,0,0,0,0,0,0,0,0,0,0,0,0,0,0,0,0,0,0,0,0,0,0,0,0,0,0,0,0,0,0,0,0,0,0,0,0,0,0,0,0,0,0,0,0,0,0,0,0,0,0,0,0,0,0,0,0,0,0,0,0,0,0,0,0,0,0,0,0,0,0,0,0,0,0
8,0,0,0,0,0,0,0,0,0,0,0,0,0,0,0,0,0,0,0,0,0,0,0,0,0,0,0,0,0,0,0,0,0,0,0,0,0,0,0,0,0,0,0,0,0,0,0,0,0,0,0,0,0,0,0,0,0,0,0,0,0,0,0,0,0,0,0,0,0,0,0,0,0,0,0,0,0,0,0,0,0,0,0,0,0,0,0,0,0,0,0,0,0,0,0,0,0,0,0,0,0,0,0,0,0,0,0,0,0,0,0,0,0,0,0,0,0,0,0,0,0,0,0,0,0,0,0,0,0,0,0,0,0,0,0,0,0,0,0,0,0,0,0,0,0,0,0,0,0,0,0,0,0,0,0,48,171,255,254,255,185,11,0,0,0,0,0,0,0,0,0,0,0,0,0,0,0,0,25,63,45,0,119,247,249,191,191,230,254,89,0,0,0,0,0,0,0,0,0,0,0,0,0,0,0,87,238,254,246,228,242,120,25,0,0,77,254,125,0,0,0,0,0,0,0,0,0,0,0,0,0,0,0,201,254,254,254,254,196,0,0,0,0,124,254,81,0,0,0,0,0,0,0,0,0,0,0,0,0,0,0,123,254,254,247,179,68,0,0,0,44,249,249,32,0,0,0,0,0,0,0,0,0,0,0,0,0,0,0,6,170,254,235,51,0,0,0,42,232,254,69,0,0,0,0,0,0,0,0,0,0,0,0,0,0,0,0,0,34,227,254,235,143,0,43,231,254,178,7,0,0,0,0,0,0,0,0,0,0,0,0,0,0,0,0,0,0,94,253,254,177,71,231,252,154,5,0,0,0,0,0,0,0,0,0,0,0,0,0,0,0,0,0,0,0,0,116,254,251,251,254,177,0,0,0,0,0,0,0,0,0,0,0,0,0,0,0,0,0,0,0,0,0,0,47,248,254,254,191,9,0,0,0,0,0,0,0,0,0,0,0,0,0,0,0,0,0,0,0,0,0,52,221,254,254,254,189,0,0,0,0,0,0,0,0,0,0,0,0,0,0,0,0,0,0,0,0,0,52,236,249,184,203,254,236,0,0,0,0,0,0,0,0,0,0,0,0,0,0,0,0,0,0,0,0,50,235,252,85,0,70,254,249,52,0,0,0,0,0,0,0,0,0,0,0,0,0,0,0,0,0,0,0,140,254,140,0,0,45,254,254,130,0,0,0,0,0,0,0,0,0,0,0,0,0,0,0,0,0,0,35,252,248,31,0,0,18,227,254,215,0,0,0,0,0,0,0,0,0,0,0,0,0,0,0,0,0,0,118,254,194,0,0,0,0,128,254,249,0,0,0,0,0,0,0,0,0,0,0,0,0,0,0,0,0,0,49,254,169,0,0,0,0,134,254,249,0,0,0,0,0,0,0,0,0,0,0,0,0,0,0,0,0,0,7,211,252,115,27,48,132,245,254,199,0,0,0,0,0,0,0,0,0,0,0,0,0,0,0,0,0,0,0,128,254,254,254,254,254,254,231,18,0,0,0,0,0,0,0,0,0,0,0,0,0,0,0,0,0,0,0,7,110,194,254,254,254,169,17,0,0,0,0,0,0,0,0,0,0,0,0,0,0,0,0,0,0,0,0,0,0,0,0,0,0,0,0,0,0,0,0,0,0,0,0,0,0,0,0,0,0,0,0,0,0,0,0,0,0,0,0,0,0,0,0,0,0,0,0,0,0,0,0,0,0,0,0,0,0,0,0,0,0,0,0,0,0,0,0,0,0,0,0,0,0,0,0,0,0,0,0,0,0,0
1,0,0,0,0,0,0,0,0,0,0,0,0,0,0,0,0,0,0,0,0,0,0,0,0,0,0,0,0,0,0,0,0,0,0,0,0,0,0,0,0,0,0,0,0,0,0,0,0,0,0,0,0,0,0,0,0,0,0,0,0,0,0,0,0,0,0,0,0,0,0,0,0,0,0,0,0,0,0,0,0,0,0,0,0,0,0,0,0,0,0,0,0,0,0,0,0,0,0,0,0,0,0,0,0,0,0,0,0,0,0,0,0,0,0,0,0,0,0,0,0,0,0,0,0,0,53,243,242,52,0,0,0,0,0,0,0,0,0,0,0,0,0,0,0,0,0,0,0,0,0,0,0,0,132,254,254,229,24,0,0,0,0,0,0,0,0,0,0,0,0,0,0,0,0,0,0,0,0,0,0,0,132,254,254,254,30,0,0,0,0,0,0,0,0,0,0,0,0,0,0,0,0,0,0,0,0,0,0,0,132,254,254,254,30,0,0,0,0,0,0,0,0,0,0,0,0,0,0,0,0,0,0,0,0,0,0,0,132,254,254,254,30,0,0,0,0,0,0,0,0,0,0,0,0,0,0,0,0,0,0,0,0,0,0,0,132,254,254,186,14,0,0,0,0,0,0,0,0,0,0,0,0,0,0,0,0,0,0,0,0,0,0,11,173,254,254,130,0,0,0,0,0,0,0,0,0,0,0,0,0,0,0,0,0,0,0,0,0,0,0,32,254,254,254,130,0,0,0,0,0,0,0,0,0,0,0,0,0,0,0,0,0,0,0,0,0,0,0,32,254,254,254,130,0,0,0,0,0,0,0,0,0,0,0,0,0,0,0,0,0,0,0,0,0,0,0,79,254,254,247,91,0,0,0,0,0,0,0,0,0,0,0,0,0,0,0,0,0,0,0,0,0,0,0,186,254,254,231,0,0,0,0,0,0,0,0,0,0,0,0,0,0,0,0,0,0,0,0,0,0,0,0,186,254,254,231,0,0,0,0,0,0,0,0,0,0,0,0,0,0,0,0,0,0,0,0,0,0,0,0,186,254,254,231,0,0,0,0,0,0,0,0,0,0,0,0,0,0,0,0,0,0,0,0,0,0,0,0,186,254,254,231,0,0,0,0,0,0,0,0,0,0,0,0,0,0,0,0,0,0,0,0,0,0,0,0,186,254,254,231,0,0,0,0,0,0,0,0,0,0,0,0,0,0,0,0,0,0,0,0,0,0,0,0,186,254,254,231,0,0,0,0,0,0,0,0,0,0,0,0,0,0,0,0,0,0,0,0,0,0,0,0,186,255,254,231,0,0,0,0,0,0,0,0,0,0,0,0,0,0,0,0,0,0,0,0,0,0,0,0,186,254,254,231,0,0,0,0,0,0,0,0,0,0,0,0,0,0,0,0,0,0,0,0,0,0,0,0,186,254,254,231,0,0,0,0,0,0,0,0,0,0,0,0,0,0,0,0,0,0,0,0,0,0,0,0,92,255,254,136,0,0,0,0,0,0,0,0,0,0,0,0,0,0,0,0,0,0,0,0,0,0,0,0,0,0,0,0,0,0,0,0,0,0,0,0,0,0,0,0,0,0,0,0,0,0,0,0,0,0,0,0,0,0,0,0,0,0,0,0,0,0,0,0,0,0,0,0,0,0,0,0,0,0,0,0,0,0,0,0,0,0,0,0,0,0,0,0,0,0,0,0,0,0,0,0,0,0,0,0,0,0,0,0,0,0,0,0,0,0,0,0,0,0,0,0,0,0,0,0,0,0,0,0
0,0,0,0,0,0,0,0,0,0,0,0,0,0,0,0,0,0,0,0,0,0,0,0,0,0,0,0,0,0,0,0,0,0,0,0,0,0,0,0,0,0,0,0,0,0,0,0,0,0,0,0,0,0,0,0,0,0,0,0,0,0,0,0,0,0,0,0,0,0,0,0,0,0,0,0,0,0,0,0,0,0,0,0,0,0,0,0,0,0,0,0,0,0,0,0,0,0,0,0,0,0,0,0,0,0,0,0,0,0,0,0,0,0,0,0,0,0,0,0,0,0,0,0,0,0,19,130,255,143,30,0,0,0,0,0,0,0,0,0,0,0,0,0,0,0,0,0,0,0,0,41,184,101,209,253,253,253,237,68,0,0,0,0,0,0,0,0,0,0,0,0,0,0,0,0,0,0,2,214,253,253,248,178,179,253,253,200,7,0,0,0,0,0,0,0,0,0,0,0,0,0,0,0,0,0,68,249,253,216,12,0,0,96,184,253,141,14,0,0,0,0,0,0,0,0,0,0,0,0,0,0,0,0,0,227,253,188,6,0,0,0,41,238,253,81,0,0,0,0,0,0,0,0,0,0,0,0,0,0,0,0,74,251,253,117,0,0,0,0,0,201,253,81,0,0,0,0,0,0,0,0,0,0,0,0,0,0,0,0,82,253,223,23,0,0,0,0,0,98,253,127,0,0,0,0,0,0,0,0,0,0,0,0,0,0,0,0,164,253,167,0,0,0,0,0,0,98,253,163,0,0,0,0,0,0,0,0,0,0,0,0,0,0,0,40,248,253,97,0,0,0,0,0,0,8,244,188,0,0,0,0,0,0,0,0,0,0,0,0,0,0,0,44,253,253,97,0,0,0,0,0,0,0,244,188,0,0,0,0,0,0,0,0,0,0,0,0,0,0,0,44,253,245,21,0,0,0,0,0,0,0,244,188,0,0,0,0,0,0,0,0,0,0,0,0,0,0,0,44,253,243,0,0,0,0,0,0,0,0,244,179,0,0,0,0,0,0,0,0,0,0,0,0,0,0,0,44,253,243,0,0,0,0,0,0,0,65,250,81,0,0,0,0,0,0,0,0,0,0,0,0,0,0,0,44,253,243,0,0,0,0,0,0,0,139,253,81,0,0,0,0,0,0,0,0,0,0,0,0,0,0,0,44,253,243,0,0,0,0,0,0,69,252,239,38,0,0,0,0,0,0,0,0,0,0,0,0,0,0,0,44,253,250,67,0,0,0,0,43,226,253,152,0,0,0,0,0,0,0,0,0,0,0,0,0,0,0,0,44,253,253,140,0,0,0,38,180,253,253,28,0,0,0,0,0,0,0,0,0,0,0,0,0,0,0,0,1,130,253,253,129,40,141,228,253,246,92,1,0,0,0,0,0,0,0,0,0,0,0,0,0,0,0,0,0,24,205,253,253,253,253,253,253,164,0,0,0,0,0,0,0,0,0,0,0,0,0,0,0,0,0,0,0,0,18,171,253,253,253,214,90,13,0,0,0,0,0,0,0,0,0,0,0,0,0,0,0,0,0,0,0,0,0,0,0,0,0,0,0,0,0,0,0,0,0,0,0,0,0,0,0,0,0,0,0,0,0,0,0,0,0,0,0,0,0,0,0,0,0,0,0,0,0,0,0,0,0,0,0,0,0,0,0,0,0,0,0,0,0,0,0,0,0,0,0,0,0,0,0,0,0,0,0,0,0,0,0,0,0,0,0,0,0,0,0,0,0,0,0,0,0,0,0,0,0,0,0,0,0,0,0,0,0,0
1,0,0,0,0,0,0,0,0,0,0,0,0,0,0,0,0,0,0,0,0,0,0,0,0,0,0,0,0,0,0,0,0,0,0,0,0,0,0,0,0,0,0,0,0,0,0,0,0,0,0,0,0,0,0,0,0,0,0,0,0,0,0,0,0,0,0,0,0,0,0,0,0,0,0,0,0,0,0,0,0,0,0,0,0,0,0,0,0,0,0,0,0,0,0,0,0,0,0,0,0,0,0,0,0,0,0,0,0,0,0,0,0,0,0,0,0,0,0,0,0,0,0,0,0,0,0,0,0,89,253,72,0,0,0,0,0,0,0,0,0,0,0,0,0,0,0,0,0,0,0,0,0,0,0,0,0,217,251,71,0,0,0,0,0,0,0,0,0,0,0,0,0,0,0,0,0,0,0,0,0,0,0,11,140,246,251,226,0,0,0,0,0,0,0,0,0,0,0,0,0,0,0,0,0,0,0,0,0,0,0,73,251,251,251,173,0,0,0,0,0,0,0,0,0,0,0,0,0,0,0,0,0,0,0,0,0,0,0,202,251,251,251,71,0,0,0,0,0,0,0,0,0,0,0,0,0,0,0,0,0,0,0,0,0,0,0,255,253,253,253,72,0,0,0,0,0,0,0,0,0,0,0,0,0,0,0,0,0,0,0,0,0,0,105,253,251,251,251,71,0,0,0,0,0,0,0,0,0,0,0,0,0,0,0,0,0,0,0,0,0,16,190,253,251,251,157,10,0,0,0,0,0,0,0,0,0,0,0,0,0,0,0,0,0,0,0,0,0,109,251,253,251,235,82,0,0,0,0,0,0,0,0,0,0,0,0,0,0,0,0,0,0,0,0,0,27,211,251,253,251,215,0,0,0,0,0,0,0,0,0,0,0,0,0,0,0,0,0,0,0,0,0,0,37,253,253,255,253,35,0,0,0,0,0,0,0,0,0,0,0,0,0,0,0,0,0,0,0,0,0,0,37,251,251,253,251,35,0,0,0,0,0,0,0,0,0,0,0,0,0,0,0,0,0,0,0,0,0,0,63,251,251,253,230,30,0,0,0,0,0,0,0,0,0,0,0,0,0,0,0,0,0,0,0,0,0,0,217,251,251,253,107,0,0,0,0,0,0,0,0,0,0,0,0,0,0,0,0,0,0,0,0,0,0,105,241,251,251,201,30,0,0,0,0,0,0,0,0,0,0,0,0,0,0,0,0,0,0,0,0,0,73,253,253,253,253,0,0,0,0,0,0,0,0,0,0,0,0,0,0,0,0,0,0,0,0,0,0,0,176,251,251,251,251,0,0,0,0,0,0,0,0,0,0,0,0,0,0,0,0,0,0,0,0,0,0,0,253,251,251,251,225,0,0,0,0,0,0,0,0,0,0,0,0,0,0,0,0,0,0,0,0,0,0,0,253,251,251,251,71,0,0,0,0,0,0,0,0,0,0,0,0,0,0,0,0,0,0,0,0,0,0,0,124,251,225,71,20,0,0,0,0,0,0,0,0,0,0,0,0,0,0,0,0,0,0,0,0,0,0,0,0,0,0,0,0,0,0,0,0,0,0,0,0,0,0,0,0,0,0,0,0,0,0,0,0,0,0,0,0,0,0,0,0,0,0,0,0,0,0,0,0,0,0,0,0,0,0,0,0,0,0,0,0,0,0,0,0,0,0,0,0,0,0,0,0,0,0,0,0,0,0,0,0,0,0,0,0,0,0,0,0,0,0,0,0,0,0,0,0,0,0,0,0,0,0,0,0,0,0,0,0,0,0
6,0,0,0,0,0,0,0,0,0,0,0,0,0,0,0,0,0,0,0,0,0,0,0,0,0,0,0,0,0,0,0,0,0,0,0,0,0,0,0,0,0,0,0,0,0,0,0,0,0,0,0,0,0,0,0,0,0,0,0,0,0,0,0,0,0,0,0,176,128,25,0,0,0,0,0,0,0,0,0,0,0,0,0,0,0,0,0,0,0,0,0,0,0,0,126,253,252,55,0,0,0,0,0,0,0,0,0,0,0,0,0,0,0,0,0,0,0,0,0,0,0,0,140,253,252,55,0,0,0,0,0,0,0,0,0,0,0,0,0,0,0,0,0,0,0,0,0,0,0,4,153,253,242,49,0,0,0,0,0,0,0,0,0,0,0,0,0,0,0,0,0,0,0,0,0,0,0,29,252,253,167,0,0,0,0,0,0,0,0,0,0,0,0,0,0,0,0,0,0,0,0,0,0,0,0,29,253,255,168,0,0,0,0,0,0,0,0,0,0,0,0,0,0,0,0,0,0,0,0,0,0,0,0,29,252,253,121,0,0,0,0,0,0,0,0,0,0,0,0,0,0,0,0,0,0,0,0,0,0,0,0,138,252,253,27,0,0,0,0,0,0,0,0,0,0,0,0,0,0,0,0,0,0,0,0,0,0,0,7,178,252,240,24,0,0,0,0,0,7,29,29,0,0,0,0,0,0,0,0,0,0,0,0,0,0,0,57,252,252,140,0,0,0,0,0,48,165,252,252,79,0,0,0,0,0,0,0,0,0,0,0,0,0,0,198,253,253,141,0,0,0,0,51,238,253,253,253,255,90,0,0,0,0,0,0,0,0,0,0,0,0,0,197,252,252,94,0,0,10,85,238,252,233,167,167,253,243,50,0,0,0,0,0,0,0,0,0,0,0,0,197,252,141,0,0,0,60,252,253,201,74,0,0,253,252,55,0,0,0,0,0,0,0,0,0,0,0,0,197,249,99,0,0,132,224,252,162,9,0,4,107,253,252,55,0,0,0,0,0,0,0,0,0,0,0,0,197,223,0,0,0,197,236,112,0,0,0,29,252,253,252,55,0,0,0,0,0,0,0,0,0,0,0,0,198,253,112,0,38,222,162,0,0,0,89,207,253,255,106,0,0,0,0,0,0,0,0,0,0,0,0,0,197,252,158,0,85,201,9,0,38,131,246,252,252,106,3,0,0,0,0,0,0,0,0,0,0,0,0,0,165,252,252,135,122,239,181,135,222,252,252,214,118,0,0,0,0,0,0,0,0,0,0,0,0,0,0,0,19,180,252,253,252,252,252,252,253,226,192,28,0,0,0,0,0,0,0,0,0,0,0,0,0,0,0,0,0,13,112,253,252,252,252,252,112,12,0,0,0,0,0,0,0,0,0,0,0,0,0,0,0,0,0,0,0,0,0,0,0,0,0,0,0,0,0,0,0,0,0,0,0,0,0,0,0,0,0,0,0,0,0,0,0,0,0,0,0,0,0,0,0,0,0,0,0,0,0,0,0,0,0,0,0,0,0,0,0,0,0,0,0,0,0,0,0,0,0,0,0,0,0,0,0,0,0,0,0,0,0,0,0,0,0,0,0,0,0,0,0,0,0,0,0,0,0,0,0,0,0,0,0,0,0,0,0,0,0,0,0,0,0,0,0,0,0,0,0,0,0,0,0,0,0,0,0,0,0,0,0,0,0,0,0,0,0,0,0,0,0,0,0,0,0,0,0,0,0,0,0,0,0,0,0,0,0,0,0,0,0,0,0,0,0,0
4,0,0,0,0,0,0,0,0,0,0,0,0,0,0,0,0,0,0,0,0,0,0,0,0,0,0,0,0,0,0,0,0,0,0,0,0,0,0,0,0,0,0,0,0,0,0,0,0,0,0,0,0,0,0,0,0,0,0,0,0,0,0,0,0,0,0,0,0,0,0,0,0,0,0,0,0,0,0,0,0,0,0,0,0,0,0,0,0,0,0,0,0,0,0,0,0,0,0,0,0,0,0,0,0,0,0,0,0,0,0,0,0,0,0,0,0,0,0,0,0,0,0,0,0,0,0,0,0,0,0,0,0,0,0,0,0,0,0,0,0,0,0,0,0,0,0,0,0,0,0,0,0,0,0,0,0,0,0,0,0,0,0,0,0,0,0,0,0,0,0,0,0,0,0,0,0,0,0,0,0,23,177,97,0,0,0,0,0,0,61,94,17,10,0,0,0,0,0,0,0,0,0,0,0,0,0,7,156,234,253,194,34,0,0,0,0,91,248,253,232,37,0,0,0,0,0,0,0,0,0,0,0,0,0,51,253,253,188,70,15,0,0,0,3,180,253,249,97,9,0,0,0,0,0,0,0,0,0,0,0,0,79,216,247,146,3,0,0,0,0,3,128,253,247,84,0,0,0,0,0,0,0,0,0,0,0,0,0,2,184,253,164,0,0,0,0,0,0,97,253,253,216,0,0,0,0,0,0,0,0,0,0,0,0,0,0,94,253,207,9,0,0,0,0,0,24,205,253,249,95,0,0,0,0,0,0,0,0,0,0,0,0,0,0,197,253,81,0,0,0,0,0,0,163,253,253,174,0,0,0,0,0,0,0,0,0,0,0,0,0,0,9,209,180,1,0,0,0,0,0,120,252,253,180,4,0,0,0,0,0,0,0,0,0,0,0,0,0,0,49,253,132,0,0,0,7,39,123,240,253,253,132,0,0,0,0,0,0,0,0,0,0,0,0,0,0,0,131,249,53,0,7,95,129,253,253,254,253,176,22,0,0,0,0,0,0,0,0,0,0,0,0,0,0,0,108,254,254,254,254,254,254,254,254,255,205,21,0,0,0,0,0,0,0,0,0,0,0,0,0,0,0,0,19,210,253,253,253,253,253,253,253,244,34,0,0,0,0,0,0,0,0,0,0,0,0,0,0,0,0,0,0,27,212,243,243,246,253,253,253,184,0,0,0,0,0,0,0,0,0,0,0,0,0,0,0,0,0,0,0,0,0,0,0,147,253,253,253,67,0,0,0,0,0,0,0,0,0,0,0,0,0,0,0,0,0,0,0,0,0,0,28,220,253,253,148,0,0,0,0,0,0,0,0,0,0,0,0,0,0,0,0,0,0,0,0,0,0,0,189,253,253,153,12,0,0,0,0,0,0,0,0,0,0,0,0,0,0,0,0,0,0,0,0,0,0,0,207,253,181,39,0,0,0,0,0,0,0,0,0,0,0,0,0,0,0,0,0,0,0,0,0,0,0,46,251,253,47,0,0,0,0,0,0,0,0,0,0,0,0,0,0,0,0,0,0,0,0,0,0,0,0,42,247,201,5,0,0,0,0,0,0,0,0,0,0,0,0,0,0,0,0,0,0,0,0,0,0,0,0,0,207,75,0,0,0,0,0,0,0,0,0,0,0,0,0,0,0,0,0,0,0,0,0,0,0,0,0,0,0,0,0,0,0,0,0,0,0,0,0,0,0,0,0,0,0,0,0,0,0,0,0,0,0,0,0,0,0,0,0,0,0,0,0,0,0,0,0,0,0,0,0,0,0
6,0,0,0,0,0,0,0,0,0,0,0,0,0,0,0,0,0,0,0,0,0,0,0,0,0,0,0,0,0,0,0,0,0,0,0,0,0,0,0,0,0,0,0,0,0,0,0,0,0,0,0,0,0,0,0,0,0,0,0,0,0,0,0,0,0,0,0,0,0,0,0,0,0,0,0,0,0,0,0,0,0,0,0,0,0,0,0,0,0,0,0,0,0,0,0,0,0,0,0,21,176,208,35,0,0,0,0,0,0,0,0,0,0,0,0,0,0,0,0,0,0,0,0,0,0,0,0,125,253,147,4,0,0,0,0,0,0,0,0,0,0,0,0,0,0,0,0,0,0,0,0,0,0,0,124,241,160,5,0,0,0,0,0,0,0,0,0,0,0,0,0,0,0,0,0,0,0,0,0,0,0,54,238,248,68,0,0,0,0,0,0,0,0,0,0,0,0,0,0,0,0,0,0,0,0,0,0,0,0,173,253,117,0,0,0,0,0,0,0,0,0,0,0,0,0,0,0,0,0,0,0,0,0,0,0,0,89,254,169,0,0,0,0,0,0,0,0,0,0,0,0,0,0,0,0,0,0,0,0,0,0,0,0,12,225,253,72,0,0,0,0,0,0,0,0,0,0,0,0,0,0,0,0,0,0,0,0,0,0,0,0,68,253,179,11,0,0,0,0,0,0,0,0,0,0,0,0,0,0,0,0,0,0,0,0,0,0,0,0,216,250,50,0,0,0,0,0,0,0,0,0,0,0,0,0,0,0,0,0,0,0,0,0,0,0,0,27,242,216,0,0,0,0,0,0,0,0,0,0,0,0,0,0,0,0,0,0,0,0,0,0,0,0,0,189,254,69,0,0,0,0,0,0,0,0,0,0,0,0,0,0,0,0,0,0,0,0,0,0,0,0,0,254,253,36,0,0,16,55,87,32,0,0,0,0,0,0,0,0,0,0,0,0,0,0,0,0,0,0,14,254,193,5,0,59,228,232,138,165,108,0,0,0,0,0,0,0,0,0,0,0,0,0,0,0,0,0,91,254,108,0,2,186,242,68,0,77,233,0,0,0,0,0,0,0,0,0,0,0,0,0,0,0,0,0,59,254,108,0,51,253,59,0,0,44,253,0,0,0,0,0,0,0,0,0,0,0,0,0,0,0,0,0,0,255,199,0,110,163,0,0,0,45,228,0,0,0,0,0,0,0,0,0,0,0,0,0,0,0,0,0,0,202,249,53,122,162,0,0,0,109,162,0,0,0,0,0,0,0,0,0,0,0,0,0,0,0,0,0,0,49,244,176,11,88,33,0,90,230,107,0,0,0,0,0,0,0,0,0,0,0,0,0,0,0,0,0,0,0,122,250,204,77,77,160,236,121,0,0,0,0,0,0,0,0,0,0,0,0,0,0,0,0,0,0,0,0,0,139,233,253,254,201,49,0,0,0,0,0,0,0,0,0,0,0,0,0,0,0,0,0,0,0,0,0,0,0,0,0,0,0,0,0,0,0,0,0,0,0,0,0,0,0,0,0,0,0,0,0,0,0,0,0,0,0,0,0,0,0,0,0,0,0,0,0,0,0,0,0,0,0,0,0,0,0,0,0,0,0,0,0,0,0,0,0,0,0,0,0,0,0,0,0,0,0,0,0,0,0,0,0,0,0,0,0,0,0,0,0,0,0,0,0,0,0,0,0,0,0,0,0,0,0,0,0,0,0,0,0,0,0,0,0,0,0,0,0,0,0,0,0,0,0,0,0,0,0,0,0,0,0,0,0,0
7,0,0,0,0,0,0,0,0,0,0,0,0,0,0,0,0,0,0,0,0,0,0,0,0,0,0,0,0,0,0,0,0,0,0,0,0,0,0,0,0,0,0,0,0,0,0,0,0,0,0,0,0,0,0,0,0,0,0,0,0,0,0,0,0,0,0,0,0,0,0,0,0,0,0,0,0,0,0,0,0,0,0,0,0,0,0,0,0,0,0,0,0,0,0,0,0,0,0,0,0,0,0,0,0,0,0,0,0,0,0,0,0,0,0,0,0,0,0,0,0,0,0,0,0,0,0,0,0,0,0,0,0,0,0,0,0,0,0,0,0,0,0,0,0,0,0,0,0,0,0,0,0,0,0,0,0,0,0,0,0,0,0,0,0,0,0,0,0,0,0,0,0,0,0,0,0,0,0,0,0,0,0,0,0,0,0,0,0,0,0,0,0,0,0,0,0,0,0,0,0,0,0,0,0,0,0,0,0,0,0,0,0,0,0,0,0,0,0,0,0,0,0,0,0,0,19,111,144,144,144,144,144,144,144,144,144,144,144,134,82,34,34,34,149,254,0,0,0,0,0,0,0,0,221,253,253,253,253,253,253,253,253,253,255,253,253,253,253,253,253,253,253,253,0,0,0,0,0,0,0,0,44,44,44,44,44,44,44,44,44,44,44,44,135,154,154,154,245,253,223,106,0,0,0,0,0,0,0,0,0,0,0,0,0,0,0,0,0,0,0,0,0,0,0,0,127,253,176,0,0,0,0,0,0,0,0,0,0,0,0,0,0,0,0,0,0,0,0,0,0,0,0,0,194,253,176,0,0,0,0,0,0,0,0,0,0,0,0,0,0,0,0,0,0,0,0,0,0,0,0,0,232,253,90,0,0,0,0,0,0,0,0,0,0,0,0,0,0,0,0,0,0,0,0,0,0,0,0,0,232,253,66,0,0,0,0,0,0,0,0,0,0,0,0,0,0,0,0,0,0,0,0,0,0,0,0,16,236,226,26,0,0,0,0,0,0,0,0,0,0,0,0,0,0,0,0,0,0,0,0,0,0,0,0,89,253,209,0,0,0,0,0,0,0,0,0,0,0,0,0,0,0,0,0,0,0,0,0,0,0,0,0,89,253,161,0,0,0,0,0,0,0,0,0,0,0,0,0,0,0,0,0,0,0,0,0,0,0,0,0,90,255,100,0,0,0,0,0,0,0,0,0,0,0,0,0,0,0,0,0,0,0,0,0,0,0,0,0,118,253,99,0,0,0,0,0,0,0,0,0,0,0,0,0,0,0,0,0,0,0,0,0,0,0,0,0,199,253,99,0,0,0,0,0,0,0,0,0,0,0,0,0,0,0,0,0,0,0,0,0,0,0,0,0,199,253,99,0,0,0,0,0,0,0,0,0,0,0,0,0,0,0,0,0,0,0,0,0,0,0,0,0,199,253,99,0,0,0,0,0,0,0,0,0,0,0,0,0,0,0,0,0,0,0,0,0,0,0,0,0,199,253,99,0,0,0,0,0,0,0,0,0,0,0,0,0,0,0,0,0,0,0,0,0,0,0,0,0,146,253,153,3,0,0,0,0,0,0,0,0,0,0,0,0,0,0,0,0,0,0,0,0,0,0,0,0,74,250,253,85,0,0,0,0,0,0,0,0,0,0,0,0,0,0,0,0,0,0,0,0,0,0,0,0,0,232,253,176,0,0,0,0,0,0,0,0,0,0,0,0,0,0,0,0,0,0,0,0,0,0,0,0,0,135,253,128,0,0,0,0,0,0,0,0
3,0,0,0,0,0,0,0,0,0,0,0,0,0,0,0,0,0,0,0,0,0,0,0,0,0,0,0,0,0,0,0,0,0,0,0,0,0,0,0,0,0,0,0,0,0,0,0,0,0,0,0,0,0,0,0,0,0,0,0,0,0,0,0,0,0,0,0,0,0,0,0,0,0,0,0,0,0,0,0,0,0,0,0,0,0,0,0,0,0,0,0,0,0,0,0,0,0,0,0,0,0,0,0,0,0,0,0,0,0,0,0,0,0,0,0,0,0,0,0,0,0,0,0,0,0,0,0,0,0,0,0,0,0,0,0,0,0,0,0,0,0,0,0,0,0,0,2,13,100,133,232,254,254,254,134,63,0,0,0,0,0,0,0,0,0,0,0,0,0,0,0,0,0,3,58,253,253,253,245,229,229,229,254,243,128,9,0,0,0,0,0,0,0,0,0,0,0,0,0,0,0,42,253,229,188,96,64,0,0,0,160,238,253,166,11,0,0,0,0,0,0,0,0,0,0,0,0,0,0,145,253,84,0,0,0,0,0,0,0,60,235,253,152,0,0,0,0,0,0,0,0,0,0,0,0,0,0,117,253,84,0,0,0,0,0,0,0,0,62,233,236,43,0,0,0,0,0,0,0,0,0,0,0,0,0,18,163,20,0,0,0,0,0,0,0,0,0,169,253,60,0,0,0,0,0,0,0,0,0,0,0,0,0,0,0,0,0,0,0,0,0,0,0,0,0,169,253,60,0,0,0,0,0,0,0,0,0,0,0,0,0,0,0,0,0,0,0,0,0,0,0,0,14,202,230,37,0,0,0,0,0,0,0,0,0,0,0,0,0,0,0,0,0,0,0,0,0,0,0,0,89,253,193,0,0,0,0,0,0,0,0,0,0,0,0,0,0,0,0,0,0,0,0,0,0,0,0,82,249,253,77,0,0,0,0,0,0,0,0,0,0,0,0,0,0,0,0,0,0,0,0,0,0,128,198,254,254,255,167,41,3,0,0,0,0,0,0,0,0,0,0,0,0,0,0,0,0,0,0,0,121,249,254,251,229,234,253,253,68,4,0,0,0,0,0,0,0,0,0,0,0,0,0,0,0,0,0,0,94,252,212,87,0,19,96,216,253,111,0,0,0,0,0,0,0,0,0,0,0,0,0,0,0,0,0,0,0,81,0,0,0,0,0,113,253,221,16,0,0,0,0,0,0,0,0,0,0,0,0,0,0,0,0,0,0,0,0,0,0,0,0,73,253,253,24,0,0,0,0,0,0,0,0,0,0,0,0,0,0,0,0,0,0,0,0,0,0,0,0,165,253,225,17,0,0,0,0,0,0,0,0,0,0,0,0,0,0,0,0,0,0,0,0,0,0,0,91,242,253,116,0,0,0,0,0,0,0,0,0,0,0,0,0,19,28,0,0,0,0,0,5,98,98,178,243,253,134,5,0,0,0,0,0,0,0,0,0,0,0,0,0,49,237,137,110,110,219,230,232,253,253,180,58,24,5,0,0,0,0,0,0,0,0,0,0,0,0,0,0,26,132,225,253,253,253,195,132,132,57,4,0,0,0,0,0,0,0,0,0,0,0,0,0,0,0,0,0,0,0,0,0,0,0,0,0,0,0,0,0,0,0,0,0,0,0,0,0,0,0,0,0,0,0,0,0,0,0,0,0,0,0,0,0,0,0,0,0,0,0,0,0,0,0,0,0,0,0,0,0,0,0,0,0,0,0,0,0,0,0,0,0,0,0,0,0,0,0,0,0,0,0,0,0,0
1,0,0,0,0,0,0,0,0,0,0,0,0,0,0,0,0,0,0,0,0,0,0,0,0,0,0,0,0,0,0,0,0,0,0,0,0,0,0,0,0,0,0,0,0,0,0,0,0,0,0,0,0,0,0,0,0,0,0,0,0,0,0,0,0,0,0,0,0,0,0,0,0,0,0,0,0,0,0,0,0,0,0,0,0,0,0,0,0,0,0,0,0,0,0,0,0,0,0,0,0,0,0,0,0,0,0,0,0,0,0,0,0,0,0,0,0,0,0,0,0,0,0,0,0,0,0,7,170,119,0,0,0,0,0,0,0,0,0,0,0,0,0,0,0,0,0,0,0,0,0,0,0,0,0,125,253,101,0,0,0,0,0,0,0,0,0,0,0,0,0,0,0,0,0,0,0,0,0,0,0,0,0,207,253,93,0,0,0,0,0,0,0,0,0,0,0,0,0,0,0,0,0,0,0,0,0,0,0,0,0,207,253,93,0,0,0,0,0,0,0,0,0,0,0,0,0,0,0,0,0,0,0,0,0,0,0,0,0,208,254,93,0,0,0,0,0,0,0,0,0,0,0,0,0,0,0,0,0,0,0,0,0,0,0,0,0,207,253,93,0,0,0,0,0,0,0,0,0,0,0,0,0,0,0,0,0,0,0,0,0,0,0,0,0,207,253,93,0,0,0,0,0,0,0,0,0,0,0,0,0,0,0,0,0,0,0,0,0,0,0,0,17,224,253,93,0,0,0,0,0,0,0,0,0,0,0,0,0,0,0,0,0,0,0,0,0,0,0,0,47,254,254,93,0,0,0,0,0,0,0,0,0,0,0,0,0,0,0,0,0,0,0,0,0,0,0,0,64,253,253,9,0,0,0,0,0,0,0,0,0,0,0,0,0,0,0,0,0,0,0,0,0,0,0,0,147,253,177,0,0,0,0,0,0,0,0,0,0,0,0,0,0,0,0,0,0,0,0,0,0,0,0,0,230,253,94,0,0,0,0,0,0,0,0,0,0,0,0,0,0,0,0,0,0,0,0,0,0,0,0,45,245,254,69,0,0,0,0,0,0,0,0,0,0,0,0,0,0,0,0,0,0,0,0,0,0,0,0,170,253,232,6,0,0,0,0,0,0,0,0,0,0,0,0,0,0,0,0,0,0,0,0,0,0,0,0,254,253,145,0,0,0,0,0,0,0,0,0,0,0,0,0,0,0,0,0,0,0,0,0,0,0,0,34,254,253,46,0,0,0,0,0,0,0,0,0,0,0,0,0,0,0,0,0,0,0,0,0,0,0,0,119,255,241,34,0,0,0,0,0,0,0,0,0,0,0,0,0,0,0,0,0,0,0,0,0,0,0,0,184,254,215,9,0,0,0,0,0,0,0,0,0,0,0,0,0,0,0,0,0,0,0,0,0,0,0,0,142,254,253,46,0,0,0,0,0,0,0,0,0,0,0,0,0,0,0,0,0,0,0,0,0,0,0,0,25,254,168,29,0,0,0,0,0,0,0,0,0,0,0,0,0,0,0,0,0,0,0,0,0,0,0,0,0,0,0,0,0,0,0,0,0,0,0,0,0,0,0,0,0,0,0,0,0,0,0,0,0,0,0,0,0,0,0,0,0,0,0,0,0,0,0,0,0,0,0,0,0,0,0,0,0,0,0,0,0,0,0,0,0,0,0,0,0,0,0,0,0,0,0,0,0,0,0,0,0,0,0,0,0,0,0,0,0,0,0,0,0,0,0,0,0,0,0,0,0,0,0,0,0,0,0,0,0
7,0,0,0,0,0,0,0,0,0,0,0,0,0,0,0,0,0,0,0,0,0,0,0,0,0,0,0,0,0,0,0,0,0,0,0,0,0,0,0,0,0,0,0,0,0,0,0,0,0,0,0,0,0,0,0,0,0,0,0,0,0,0,0,0,0,0,0,0,0,0,0,0,0,0,0,0,0,0,0,0,0,0,0,0,0,0,0,0,0,0,0,0,0,0,0,0,0,0,0,0,0,0,0,0,0,0,0,0,0,0,0,0,0,0,0,0,0,0,0,0,0,0,0,0,0,0,0,0,0,0,0,0,0,0,0,0,0,0,0,0,0,0,0,0,0,0,0,0,0,0,0,0,0,0,0,0,0,0,0,0,0,0,0,0,0,0,0,0,0,0,0,0,0,0,0,0,0,0,0,0,0,0,0,0,0,0,0,0,0,0,0,0,0,0,0,0,0,0,0,0,0,0,0,0,0,0,0,72,152,152,193,214,253,254,172,21,0,0,0,0,0,0,0,0,0,0,0,0,0,0,0,0,41,163,203,253,252,253,252,253,252,253,252,102,0,0,0,0,0,0,0,0,0,0,0,0,0,0,0,0,163,255,253,254,253,254,233,203,203,214,253,183,0,0,0,0,0,0,0,0,0,0,0,0,0,0,0,0,162,233,151,151,111,50,30,0,0,51,252,102,0,0,0,0,0,0,0,0,0,0,0,0,0,0,0,0,0,0,0,0,0,0,0,0,0,173,253,102,0,0,0,0,0,0,0,0,0,0,0,0,0,0,0,0,0,0,0,0,0,0,0,0,0,253,252,61,0,0,0,0,0,0,0,0,0,0,0,0,0,0,0,0,0,0,0,0,0,0,0,11,173,254,233,0,0,0,0,0,0,0,0,0,0,0,0,0,0,0,0,0,0,0,0,0,0,0,82,132,252,253,70,0,0,0,0,0,0,0,0,0,0,0,0,0,0,0,0,0,62,214,253,254,253,254,253,254,253,254,253,193,112,41,0,0,0,0,0,0,0,0,0,0,0,0,0,0,102,253,252,253,252,253,252,253,252,253,252,253,212,162,0,0,0,0,0,0,0,0,0,0,0,0,0,0,183,254,213,203,203,234,253,244,203,163,122,102,20,0,0,0,0,0,0,0,0,0,0,0,0,0,0,0,20,50,10,0,0,193,252,203,0,0,0,0,0,0,0,0,0,0,0,0,0,0,0,0,0,0,0,0,0,0,0,0,163,254,233,41,0,0,0,0,0,0,0,0,0,0,0,0,0,0,0,0,0,0,0,0,0,0,0,82,243,253,111,0,0,0,0,0,0,0,0,0,0,0,0,0,0,0,0,0,0,0,0,0,0,0,21,254,253,123,0,0,0,0,0,0,0,0,0,0,0,0,0,0,0,0,0,0,0,0,0,0,0,0,142,253,171,0,0,0,0,0,0,0,0,0,0,0,0,0,0,0,0,0,0,0,0,0,0,0,0,52,253,255,50,0,0,0,0,0,0,0,0,0,0,0,0,0,0,0,0,0,0,0,0,0,0,0,0,132,252,213,10,0,0,0,0,0,0,0,0,0,0,0,0,0,0,0,0,0,0,0,0,0,0,0,0,173,253,123,0,0,0,0,0,0,0,0,0,0,0,0,0,0,0,0,0,0,0,0,0,0,0,0,0,213,171,0,0,0,0,0,0,0,0,0,0,0,0,0,0,0,0,0,0,0,0,0,0,0,0,0,0,0,0,0,0,0,0,0,0,0,0,0,0,0,0,0,0,0,0,0
1,0,0,0,0,0,0,0,0,0,0,0,0,0,0,0,0,0,0,0,0,0,0,0,0,0,0,0,0,0,0,0,0,0,0,0,0,0,0,0,0,0,0,0,0,0,0,0,0,0,0,0,0,0,0,0,0,0,0,0,0,0,0,0,0,0,0,0,0,0,0,0,0,0,0,0,0,0,0,0,0,0,0,0,0,0,0,0,0,0,0,0,0,0,0,0,0,0,0,0,0,0,0,0,0,0,0,0,0,0,0,0,0,0,0,0,0,0,0,0,0,0,0,0,0,100,254,0,0,0,0,0,0,0,0,0,0,0,0,0,0,0,0,0,0,0,0,0,0,0,0,0,0,212,253,0,0,0,0,0,0,0,0,0,0,0,0,0,0,0,0,0,0,0,0,0,0,0,0,0,0,166,253,0,0,0,0,0,0,0,0,0,0,0,0,0,0,0,0,0,0,0,0,0,0,0,0,0,73,251,253,16,0,0,0,0,0,0,0,0,0,0,0,0,0,0,0,0,0,0,0,0,0,0,0,0,48,245,253,98,0,0,0,0,0,0,0,0,0,0,0,0,0,0,0,0,0,0,0,0,0,0,0,0,0,235,254,196,0,0,0,0,0,0,0,0,0,0,0,0,0,0,0,0,0,0,0,0,0,0,0,0,0,151,253,222,18,0,0,0,0,0,0,0,0,0,0,0,0,0,0,0,0,0,0,0,0,0,0,0,0,69,253,235,27,0,0,0,0,0,0,0,0,0,0,0,0,0,0,0,0,0,0,0,0,0,0,0,0,40,253,227,21,0,0,0,0,0,0,0,0,0,0,0,0,0,0,0,0,0,0,0,0,0,0,0,0,40,253,254,39,0,0,0,0,0,0,0,0,0,0,0,0,0,0,0,0,0,0,0,0,0,0,0,0,31,240,255,39,0,0,0,0,0,0,0,0,0,0,0,0,0,0,0,0,0,0,0,0,0,0,0,0,0,150,254,122,0,0,0,0,0,0,0,0,0,0,0,0,0,0,0,0,0,0,0,0,0,0,0,0,0,98,254,165,0,0,0,0,0,0,0,0,0,0,0,0,0,0,0,0,0,0,0,0,0,0,0,0,0,83,254,233,0,0,0,0,0,0,0,0,0,0,0,0,0,0,0,0,0,0,0,0,0,0,0,0,0,0,254,233,0,0,0,0,0,0,0,0,0,0,0,0,0,0,0,0,0,0,0,0,0,0,0,0,0,0,255,254,78,0,0,0,0,0,0,0,0,0,0,0,0,0,0,0,0,0,0,0,0,0,0,0,0,0,254,253,78,0,0,0,0,0,0,0,0,0,0,0,0,0,0,0,0,0,0,0,0,0,0,0,0,0,254,253,78,0,0,0,0,0,0,0,0,0,0,0,0,0,0,0,0,0,0,0,0,0,0,0,0,0,238,253,78,0,0,0,0,0,0,0,0,0,0,0,0,0,0,0,0,0,0,0,0,0,0,0,0,0,81,237,18,0,0,0,0,0,0,0,0,0,0,0,0,0,0,0,0,0,0,0,0,0,0,0,0,0,0,0,0,0,0,0,0,0,0,0,0,0,0,0,0,0,0,0,0,0,0,0,0,0,0,0,0,0,0,0,0,0,0,0,0,0,0,0,0,0,0,0,0,0,0,0,0,0,0,0,0,0,0,0,0,0,0,0,0,0,0,0,0,0,0,0,0,0,0,0,0,0,0,0,0,0,0,0,0,0,0,0,0,0,0,0,0,0,0,0,0,0,0,0,0,0,0,0
8,0,0,0,0,0,0,0,0,0,0,0,0,0,0,0,0,0,0,0,0,0,0,0,0,0,0,0,0,0,0,0,0,0,0,0,0,0,0,0,0,0,0,0,0,0,0,0,0,0,0,0,0,0,0,0,0,0,0,0,0,0,0,0,0,0,0,0,0,0,0,0,0,0,0,0,0,0,0,0,0,0,0,0,0,0,0,0,0,0,0,0,0,0,0,0,0,0,0,0,0,0,0,0,0,0,0,0,0,0,0,0,0,0,0,0,0,0,0,0,0,0,0,0,0,0,0,0,0,0,0,0,0,0,0,0,0,0,0,0,0,0,0,0,0,0,0,0,0,0,0,0,0,0,30,137,216,255,245,50,0,0,0,0,0,0,0,0,0,0,0,0,0,0,0,0,0,0,0,0,4,76,212,253,253,253,253,86,0,0,0,0,0,0,0,0,0,0,0,0,0,0,0,0,0,0,0,39,212,253,253,253,253,251,253,132,0,15,141,222,7,0,0,0,0,0,0,0,0,0,0,0,0,0,26,228,253,253,239,157,102,59,161,86,59,206,253,253,95,0,0,0,0,0,0,0,0,0,0,0,0,2,157,253,250,172,68,0,0,0,6,102,214,253,253,186,3,0,0,0,0,0,0,0,0,0,0,0,0,153,253,250,94,0,0,0,0,4,123,245,253,236,107,5,0,0,0,0,0,0,0,0,0,0,0,0,0,222,253,172,0,0,0,0,34,192,253,253,235,50,0,0,0,0,0,0,0,0,0,0,0,0,0,0,0,222,253,90,0,0,0,43,168,253,253,196,57,0,0,0,0,0,0,0,0,0,0,0,0,0,0,0,0,222,253,168,9,0,6,179,253,253,245,81,0,0,0,0,0,0,0,0,0,0,0,0,0,0,0,0,0,199,253,253,206,55,168,253,253,234,51,0,0,0,0,0,0,0,0,0,0,0,0,0,0,0,0,0,0,29,253,253,253,253,253,253,171,34,0,0,0,0,0,0,0,0,0,0,0,0,0,0,0,0,0,0,0,1,81,204,251,253,253,253,101,0,0,0,0,0,0,0,0,0,0,0,0,0,0,0,0,0,0,0,0,0,0,54,245,253,253,253,212,39,0,0,0,0,0,0,0,0,0,0,0,0,0,0,0,0,0,0,0,0,0,82,253,193,189,253,253,236,13,0,0,0,0,0,0,0,0,0,0,0,0,0,0,0,0,0,0,0,24,219,243,4,4,164,253,253,74,0,0,0,0,0,0,0,0,0,0,0,0,0,0,0,0,0,0,0,44,253,243,0,0,6,118,253,203,22,0,0,0,0,0,0,0,0,0,0,0,0,0,0,0,0,0,0,26,227,247,40,0,0,99,253,235,15,0,0,0,0,0,0,0,0,0,0,0,0,0,0,0,0,0,0,0,129,253,251,249,203,252,253,218,0,0,0,0,0,0,0,0,0,0,0,0,0,0,0,0,0,0,0,0,24,175,253,253,253,253,253,48,0,0,0,0,0,0,0,0,0,0,0,0,0,0,0,0,0,0,0,0,0,7,145,228,253,230,60,3,0,0,0,0,0,0,0,0,0,0,0,0,0,0,0,0,0,0,0,0,0,0,0,0,0,0,0,0,0,0,0,0,0,0,0,0,0,0,0,0,0,0,0,0,0,0,0,0,0,0,0,0,0,0,0,0,0,0,0,0,0,0,0,0,0,0,0,0,0,0,0,0,0,0,0,0,0,0,0,0,0,0,0,0,0,0,0,0,0,0,0,0,0,0
2,0,0,0,0,0,0,0,0,0,0,0,0,0,0,0,0,0,0,0,0,0,0,0,0,0,0,0,0,0,0,0,0,0,0,0,0,0,0,0,0,0,0,0,0,0,0,0,0,0,0,0,0,0,0,0,0,0,0,0,0,0,0,0,0,0,0,0,0,0,0,0,0,0,0,0,0,0,0,0,0,0,0,0,0,0,0,0,0,0,0,0,0,0,0,0,0,30,91,154,254,254,255,169,12,0,0,0,0,0,0,0,0,0,0,0,0,0,0,0,0,0,0,5,17,200,253,253,253,253,253,253,189,76,0,0,0,0,0,0,0,0,0,0,0,0,0,0,0,0,0,66,253,253,249,146,146,195,253,253,253,167,7,0,0,0,0,0,0,0,0,0,0,0,0,0,0,0,19,196,253,189,55,0,0,26,83,237,253,253,37,0,0,0,0,0,0,0,0,0,0,0,0,0,0,25,195,253,177,88,0,0,0,0,0,131,253,253,179,0,0,0,0,0,0,0,0,0,0,0,0,0,0,50,253,197,16,0,0,0,0,0,0,131,253,253,179,0,0,0,0,0,0,0,0,0,0,0,0,0,0,23,190,187,0,0,0,0,0,0,23,198,253,253,179,0,0,0,0,0,0,0,0,0,0,0,0,0,0,0,13,18,0,0,0,0,0,0,42,253,253,253,30,0,0,0,0,0,0,0,0,0,0,0,0,0,0,0,0,0,0,0,0,0,0,0,42,253,253,253,15,0,0,0,0,0,0,0,0,0,0,0,0,0,0,0,0,0,0,0,0,0,0,0,201,253,253,205,10,0,0,0,0,0,0,0,0,0,0,0,0,0,5,9,9,7,6,1,0,0,0,79,238,253,253,106,0,0,0,0,0,0,0,0,0,0,0,0,0,13,174,253,253,213,194,103,99,99,99,169,253,253,230,65,0,0,0,0,0,0,0,0,0,0,0,2,95,197,253,253,253,253,253,253,253,253,253,253,253,240,70,0,0,0,0,0,0,0,0,0,0,0,0,17,253,253,253,156,138,138,138,250,253,253,253,253,253,122,0,0,0,0,0,0,0,0,0,0,0,0,0,149,253,248,132,8,0,11,42,141,253,253,253,253,253,122,0,0,0,0,0,0,0,0,0,0,0,0,0,180,253,220,0,0,73,163,253,253,253,253,253,253,253,190,102,0,0,0,0,0,0,0,0,0,0,0,0,180,253,249,222,222,239,253,253,253,253,230,195,221,253,253,195,0,0,0,0,0,0,0,0,0,0,0,0,85,253,253,253,253,253,253,253,205,106,65,0,116,253,253,229,62,0,0,0,0,0,0,0,0,0,0,0,12,179,237,253,253,253,186,78,10,0,0,0,116,253,253,253,106,0,0,0,0,0,0,0,0,0,0,0,0,0,70,89,89,89,9,0,0,0,0,0,41,116,253,215,37,0,0,0,0,0,0,0,0,0,0,0,0,0,0,0,0,0,0,0,0,0,0,0,0,0,0,0,0,0,0,0,0,0,0,0,0,0,0,0,0,0,0,0,0,0,0,0,0,0,0,0,0,0,0,0,0,0,0,0,0,0,0,0,0,0,0,0,0,0,0,0,0,0,0,0,0,0,0,0,0,0,0,0,0,0,0,0,0,0,0,0,0,0,0,0,0,0,0,0,0,0,0,0,0,0,0,0,0,0,0,0,0,0,0,0,0,0,0,0,0,0,0,0,0,0,0,0,0,0,0,0,0,0,0,0,0,0,0,0,0,0,0,0,0,0,0,0
0,0,0,0,0,0,0,0,0,0,0,0,0,0,0,0,0,0,0,0,0,0,0,0,0,0,0,0,0,0,0,0,0,0,0,0,0,0,0,0,0,0,0,0,0,0,0,0,0,0,0,0,0,0,0,0,0,0,0,0,0,0,0,0,0,0,0,0,0,0,0,0,0,0,0,0,0,0,0,0,0,0,0,0,0,0,0,0,0,0,0,0,0,0,0,0,0,0,0,0,0,0,0,0,0,0,0,0,0,0,0,0,0,0,0,0,0,0,0,0,0,0,0,0,0,0,0,80,210,138,4,0,0,0,0,0,0,0,0,0,0,0,0,0,0,0,0,0,0,0,0,0,0,0,84,242,253,252,186,28,0,0,0,0,0,0,0,0,0,0,0,0,0,0,0,0,0,0,0,0,0,20,211,252,241,247,252,239,92,0,0,0,0,0,0,0,0,0,0,0,0,0,0,0,0,0,0,0,0,197,252,226,35,63,212,252,173,0,0,0,0,0,0,0,0,0,0,0,0,0,0,0,0,0,0,0,71,249,252,59,0,0,30,217,252,89,0,0,0,0,0,0,0,0,0,0,0,0,0,0,0,0,0,25,227,253,84,0,0,0,0,152,253,212,0,0,0,0,0,0,0,0,0,0,0,0,0,0,0,0,0,78,252,201,21,0,0,0,0,16,221,211,0,0,0,0,0,0,0,0,0,0,0,0,0,0,0,0,54,245,252,73,0,0,0,0,0,0,158,232,32,0,0,0,0,0,0,0,0,0,0,0,0,0,0,0,106,253,252,21,0,0,0,0,0,0,106,253,63,0,0,0,0,0,0,0,0,0,0,0,0,0,0,0,150,253,137,4,0,0,0,0,0,0,106,253,107,0,0,0,0,0,0,0,0,0,0,0,0,0,0,38,236,247,53,0,0,0,0,0,0,0,107,255,168,0,0,0,0,0,0,0,0,0,0,0,0,0,0,143,252,211,0,0,0,0,0,0,0,0,106,253,132,0,0,0,0,0,0,0,0,0,0,0,0,0,0,169,252,202,0,0,0,0,0,0,0,0,158,253,63,0,0,0,0,0,0,0,0,0,0,0,0,0,15,225,252,106,0,0,0,0,0,0,0,16,221,243,47,0,0,0,0,0,0,0,0,0,0,0,0,0,4,182,252,106,0,0,0,0,0,0,0,152,252,211,0,0,0,0,0,0,0,0,0,0,0,0,0,0,0,169,253,219,11,0,0,0,0,0,48,218,253,132,0,0,0,0,0,0,0,0,0,0,0,0,0,0,0,133,252,253,127,7,0,0,15,121,247,252,173,0,0,0,0,0,0,0,0,0,0,0,0,0,0,0,0,6,161,253,252,181,127,127,237,252,251,134,12,0,0,0,0,0,0,0,0,0,0,0,0,0,0,0,0,0,80,227,252,252,252,252,253,252,91,0,0,0,0,0,0,0,0,0,0,0,0,0,0,0,0,0,0,0,0,25,77,191,217,208,129,42,4,0,0,0,0,0,0,0,0,0,0,0,0,0,0,0,0,0,0,0,0,0,0,0,0,0,0,0,0,0,0,0,0,0,0,0,0,0,0,0,0,0,0,0,0,0,0,0,0,0,0,0,0,0,0,0,0,0,0,0,0,0,0,0,0,0,0,0,0,0,0,0,0,0,0,0,0,0,0,0,0,0,0,0,0,0,0,0,0,0,0,0,0,0,0,0,0,0,0,0,0,0,0,0,0,0,0,0,0,0,0,0,0,0,0,0,0,0,0,0,0,0,0
2,0,0,0,0,0,0,0,0,0,0,0,0,0,0,0,0,0,0,0,0,0,0,0,0,0,0,0,0,0,0,0,0,0,0,0,0,0,0,0,0,0,0,0,0,0,0,0,0,0,0,0,0,0,0,0,0,0,0,0,0,0,0,0,0,0,0,0,0,0,0,0,0,0,0,0,0,0,0,0,0,0,0,0,0,0,0,0,0,0,0,0,0,0,0,0,0,0,0,0,0,0,0,0,0,0,0,0,0,0,0,0,0,0,0,0,0,0,0,0,0,0,0,0,0,0,0,0,0,0,0,0,0,0,0,0,0,0,0,0,0,0,0,0,0,0,0,0,0,0,0,0,0,4,3,0,0,0,0,0,0,0,0,0,0,0,0,0,0,0,0,0,0,0,0,0,0,0,0,0,76,237,218,97,2,0,0,0,0,0,0,0,0,0,0,0,0,0,0,0,0,0,0,0,0,0,0,0,32,139,224,252,193,38,0,0,0,0,0,0,0,0,0,0,0,0,0,0,0,0,0,0,0,0,0,0,0,0,0,70,237,242,27,0,0,0,0,0,0,0,0,0,0,0,0,0,0,0,0,0,0,0,0,0,0,0,0,0,83,251,72,0,0,0,0,0,0,0,0,0,0,0,0,0,0,0,0,0,0,0,0,0,0,0,0,0,0,213,121,0,0,0,0,0,0,0,0,0,0,0,0,0,0,0,0,0,0,0,27,114,176,159,75,16,43,225,40,0,0,0,0,0,0,0,0,0,0,0,0,0,0,0,0,0,13,98,240,241,221,225,254,229,200,170,0,0,0,0,0,0,0,0,0,0,0,0,0,0,0,0,0,0,78,168,128,30,0,6,77,254,254,186,31,0,0,0,0,0,0,0,0,0,0,0,0,0,0,0,0,59,240,75,0,0,0,0,89,254,220,248,231,55,0,0,0,0,0,0,0,0,0,0,0,0,0,0,0,199,205,13,0,0,0,73,228,205,23,78,221,246,40,0,0,0,0,0,0,0,0,0,0,0,0,0,0,171,108,0,0,0,30,227,220,24,0,0,36,221,215,30,0,0,0,0,0,0,0,0,0,0,0,0,0,53,223,77,0,75,215,203,36,0,0,0,0,36,221,215,11,0,0,0,0,0,0,0,0,0,0,0,0,0,129,253,171,247,221,26,0,0,0,0,0,0,36,241,179,9,0,0,0,0,0,0,0,0,0,0,0,0,12,191,209,96,14,0,0,0,0,0,0,0,0,71,243,208,7,0,0,0,0,0,0,0,0,0,0,0,0,8,6,0,0,0,0,0,0,0,0,0,0,0,41,245,186,2,0,0,0,0,0,0,0,0,0,0,0,0,0,0,0,0,0,0,0,0,0,0,0,0,0,90,251,110,0,0,0,0,0,0,0,0,0,0,0,0,0,0,0,0,0,0,0,0,0,0,0,0,0,0,111,251,81,0,0,0,0,0,0,0,0,0,0,0,0,0,0,0,0,0,0,0,0,0,0,0,0,0,3,195,224,0,0,0,0,0,0,0,0,0,0,0,0,0,0,0,0,0,0,0,0,0,0,0,0,0,0,2,4,0,0,0,0,0,0,0,0,0,0,0,0,0,0,0,0,0,0,0,0,0,0,0,0,0,0,0,0,0,0,0,0,0,0,0,0,0,0,0,0,0,0,0,0,0,0,0,0,0,0,0,0,0,0,0,0,0,0,0,0,0,0,0,0,0,0,0,0,0,0,0,0,0,0,0,0,0,0,0,0,0,0,0,0,0,0
9,0,0,0,0,0,0,0,0,0,0,0,0,0,0,0,0,0,0,0,0,0,0,0,0,0,0,0,0,0,0,0,0,0,0,0,0,0,0,0,0,0,0,0,0,0,0,0,0,0,0,0,0,0,0,0,0,0,0,0,0,0,0,0,0,0,0,0,0,0,0,0,0,0,0,0,0,0,0,0,0,0,0,0,0,0,0,0,0,0,0,0,0,0,0,0,0,0,0,0,0,0,0,0,0,0,0,0,0,0,0,0,0,0,0,0,0,0,0,0,0,0,0,0,0,0,0,0,0,0,0,0,0,0,0,0,0,0,0,0,0,0,0,0,0,0,0,0,0,0,0,0,0,1,18,130,188,182,79,1,0,0,0,0,0,0,0,0,0,0,0,0,0,0,0,0,0,0,0,0,46,171,254,254,254,254,254,142,1,0,0,0,0,0,0,0,0,0,0,0,0,0,0,0,0,0,0,85,239,253,201,158,175,253,254,251,20,0,0,0,0,0,0,0,0,0,0,0,0,0,0,0,0,0,113,239,230,104,0,0,0,107,234,103,0,0,0,0,0,0,0,0,0,0,0,0,0,0,0,0,0,16,218,242,32,0,0,0,0,0,22,22,0,0,0,0,0,0,0,0,0,0,0,0,0,0,0,0,2,174,254,153,0,0,0,0,0,0,0,15,103,7,0,0,0,0,0,0,0,0,0,0,0,0,0,0,64,254,234,33,0,0,0,0,0,0,36,222,254,81,0,0,0,0,0,0,0,0,0,0,0,0,0,0,184,254,134,0,0,0,0,0,0,8,212,254,254,62,0,0,0,0,0,0,0,0,0,0,0,0,0,0,184,254,115,0,0,0,0,0,33,194,254,254,254,16,0,0,0,0,0,0,0,0,0,0,0,0,0,0,170,254,250,108,42,42,42,155,248,254,254,254,118,3,0,0,0,0,0,0,0,0,0,0,0,0,0,0,22,221,254,254,254,254,254,254,214,167,254,254,76,0,0,0,0,0,0,0,0,0,0,0,0,0,0,0,0,28,185,254,254,190,231,197,30,182,254,254,21,0,0,0,0,0,0,0,0,0,0,0,0,0,0,0,0,0,14,70,78,18,27,6,0,222,254,200,3,0,0,0,0,0,0,0,0,0,0,0,0,0,0,0,0,0,0,0,0,0,0,0,0,222,254,118,0,0,0,0,0,0,0,0,0,0,0,0,0,0,0,0,0,0,0,0,0,0,0,0,13,230,254,135,0,0,0,0,0,0,0,0,0,0,0,0,0,0,0,0,0,0,0,0,0,0,0,0,73,254,254,109,0,0,0,0,0,0,0,0,0,0,0,0,0,0,0,0,0,0,0,0,0,0,0,0,134,255,254,109,0,0,0,0,0,0,0,0,0,0,0,0,0,0,0,0,0,0,0,0,0,0,0,0,134,254,254,109,0,0,0,0,0,0,0,0,0,0,0,0,0,0,0,0,0,0,0,0,0,0,0,0,134,254,254,109,0,0,0,0,0,0,0,0,0,0,0,0,0,0,0,0,0,0,0,0,0,0,0,0,134,254,254,54,0,0,0,0,0,0,0,0,0,0,0,0,0,0,0,0,0,0,0,0,0,0,0,0,0,0,0,0,0,0,0,0,0,0,0,0,0,0,0,0,0,0,0,0,0,0,0,0,0,0,0,0,0,0,0,0,0,0,0,0,0,0,0,0,0,0,0,0,0,0,0,0,0,0,0,0,0,0,0,0,0,0,0,0,0,0,0,0,0,0,0,0,0
9,0,0,0,0,0,0,0,0,0,0,0,0,0,0,0,0,0,0,0,0,0,0,0,0,0,0,0,0,0,0,0,0,0,0,0,0,0,0,0,0,0,0,0,0,0,0,0,0,0,0,0,0,0,0,0,0,0,0,0,0,0,0,0,0,0,0,0,0,0,0,0,0,0,0,0,0,0,0,0,0,0,0,0,0,0,0,0,0,0,0,0,0,0,0,0,0,0,0,0,0,0,0,0,0,0,0,0,0,0,0,0,0,0,0,0,0,0,0,0,0,0,0,0,0,0,0,0,0,0,0,0,0,0,0,0,0,0,0,0,0,0,0,0,0,0,0,0,0,0,0,90,141,253,253,253,255,197,121,19,0,0,0,0,0,0,0,0,0,0,0,0,0,0,0,0,0,132,240,249,252,252,252,252,253,252,252,165,0,0,0,0,0,0,0,0,0,0,0,0,0,0,0,0,133,248,252,252,237,158,82,75,253,252,252,201,20,0,0,0,0,0,0,0,0,0,0,0,0,0,0,34,235,226,136,39,33,0,0,133,253,218,201,252,53,0,0,0,0,0,0,0,0,0,0,0,0,0,0,212,252,172,0,0,0,0,0,28,253,173,26,221,158,0,0,0,0,0,0,0,0,0,0,0,0,0,26,242,252,172,0,0,0,0,0,0,129,249,74,221,185,0,0,0,0,0,0,0,0,0,0,0,0,0,38,244,252,81,0,0,0,0,0,0,0,148,252,252,185,0,0,0,0,0,0,0,0,0,0,0,0,0,0,226,252,39,0,0,0,0,0,0,0,39,236,252,185,0,0,0,0,0,0,0,0,0,0,0,0,0,0,107,252,117,0,0,0,0,0,0,0,6,228,252,189,4,0,0,0,0,0,0,0,0,0,0,0,0,0,51,238,214,99,0,0,0,0,0,64,183,252,252,252,66,0,0,0,0,0,0,0,0,0,0,0,0,0,0,164,253,253,225,121,121,121,121,255,253,159,0,68,253,80,0,0,0,0,0,0,0,0,0,0,0,0,0,5,55,230,252,252,252,252,252,202,90,8,0,4,133,135,0,0,0,0,0,0,0,0,0,0,0,0,0,0,0,21,125,158,158,151,26,14,0,0,0,0,6,177,132,0,0,0,0,0,0,0,0,0,0,0,0,0,0,0,0,0,0,0,0,0,0,0,0,0,0,173,225,0,0,0,0,0,0,0,0,0,0,0,0,0,0,0,0,0,0,0,0,0,0,0,0,0,0,138,246,84,0,0,0,0,0,0,0,0,0,0,0,0,0,0,0,0,0,0,0,0,0,0,0,0,0,19,203,176,0,0,0,0,0,0,0,0,0,0,0,0,0,0,0,0,5,41,41,174,173,89,0,0,0,131,252,106,0,0,0,0,0,0,0,0,0,0,0,0,0,0,0,0,112,252,252,253,252,50,27,27,126,223,249,95,0,0,0,0,0,0,0,0,0,0,0,0,0,0,0,0,82,239,252,253,252,252,252,252,252,243,143,0,0,0,0,0,0,0,0,0,0,0,0,0,0,0,0,0,0,7,119,120,245,252,252,252,224,38,0,0,0,0,0,0,0,0,0,0,0,0,0,0,0,0,0,0,0,0,0,0,0,0,0,0,0,0,0,0,0,0,0,0,0,0,0,0,0,0,0,0,0,0,0,0,0,0,0,0,0,0,0,0,0,0,0,0,0,0,0,0,0,0,0,0,0,0,0,0,0,0,0,0,0,0,0,0,0,0,0,0,0,0,0,0,0,0,0,0
5,0,0,0,0,0,0,0,0,0,0,0,0,0,0,0,0,0,0,0,0,0,0,0,0,0,0,0,0,0,0,0,0,0,0,0,0,0,0,0,0,0,0,0,0,0,0,0,0,0,0,0,0,0,0,0,0,0,0,0,0,0,0,0,0,0,0,0,0,0,0,0,0,0,0,0,0,0,0,0,0,0,0,0,0,0,0,0,0,0,0,0,0,0,0,0,0,0,0,0,0,0,0,0,0,0,0,0,0,0,0,0,0,0,0,0,0,0,0,0,0,0,0,0,0,0,0,0,0,0,0,0,0,0,0,0,0,0,0,0,0,0,0,0,0,0,0,0,0,0,0,0,0,0,0,0,0,0,0,0,0,0,0,0,0,0,0,0,0,0,0,0,0,0,0,0,0,0,0,0,0,0,0,0,0,0,0,20,30,0,0,0,0,0,0,0,0,0,0,0,0,0,0,0,0,0,0,0,0,69,77,114,178,100,185,221,238,185,185,185,138,138,185,138,0,0,0,0,0,0,0,0,0,0,0,1,122,251,254,254,252,249,249,193,166,249,249,249,254,254,249,156,0,0,0,0,0,0,0,0,0,0,0,44,254,254,160,103,53,0,0,0,0,0,0,0,86,90,0,0,0,0,0,0,0,0,0,0,0,0,0,44,254,211,25,0,0,0,0,0,0,0,0,0,0,0,0,0,0,0,0,0,0,0,0,0,0,0,1,145,254,38,0,0,0,0,0,0,0,0,0,0,0,0,0,0,0,0,0,0,0,0,0,0,0,0,73,254,204,10,0,0,0,0,0,0,0,0,0,0,0,0,0,0,0,0,0,0,0,0,0,0,0,0,151,240,68,0,0,0,0,0,0,0,0,0,0,0,0,0,0,0,0,0,0,0,0,0,0,0,0,124,252,214,17,17,17,11,0,0,0,0,0,0,0,0,0,0,0,0,0,0,0,0,0,0,0,0,9,200,254,254,254,254,254,223,107,0,0,0,0,0,0,0,0,0,0,0,0,0,0,0,0,0,0,0,78,254,254,254,254,171,162,194,238,0,0,0,0,0,0,0,0,0,0,0,0,0,0,0,0,0,0,0,240,254,187,60,16,2,0,88,240,8,0,0,0,0,0,0,0,0,0,0,0,0,0,0,0,0,0,0,66,116,11,0,0,0,0,88,251,71,0,0,0,0,0,0,0,0,0,0,0,0,0,0,0,0,0,0,0,0,0,0,0,0,0,175,238,0,0,0,0,0,0,0,0,0,0,0,0,0,0,0,0,0,0,0,12,0,0,0,0,0,38,227,238,0,0,0,0,0,0,0,0,0,0,0,0,0,0,0,0,0,0,0,162,48,0,0,0,0,158,254,164,0,0,0,0,0,0,0,0,0,0,0,0,0,0,0,0,0,0,0,211,224,71,0,0,98,238,219,31,0,0,0,0,0,0,0,0,0,0,0,0,0,0,0,0,0,0,0,19,216,253,250,250,254,234,100,0,0,0,0,0,0,0,0,0,0,0,0,0,0,0,0,0,0,0,0,0,55,125,184,184,87,29,0,0,0,0,0,0,0,0,0,0,0,0,0,0,0,0,0,0,0,0,0,0,0,0,0,0,0,0,0,0,0,0,0,0,0,0,0,0,0,0,0,0,0,0,0,0,0,0,0,0,0,0,0,0,0,0,0,0,0,0,0,0,0,0,0,0,0,0,0,0,0,0,0,0,0,0,0,0,0,0,0,0,0,0,0,0,0,0,0,0,0,0,0,0,0,0,0,0
5,0,0,0,0,0,0,0,0,0,0,0,0,0,0,0,0,0,0,0,0,0,0,0,0,0,0,0,0,0,0,0,0,0,0,0,0,0,0,0,0,0,0,0,0,0,0,0,0,0,0,0,0,0,0,0,0,0,0,0,0,0,0,0,0,0,0,0,0,0,0,0,0,0,0,0,0,0,0,0,0,0,0,0,0,0,0,0,0,0,0,0,0,0,0,0,0,0,0,0,0,0,0,0,0,0,0,0,0,0,0,0,0,0,0,0,0,0,0,0,0,0,0,0,0,114,255,170,0,0,0,0,0,0,0,0,0,0,0,0,0,0,0,0,0,0,0,0,0,0,0,0,29,226,226,29,0,0,0,0,0,0,0,0,0,0,0,0,0,0,0,0,0,0,0,0,0,0,0,0,198,255,114,57,86,86,86,86,86,29,0,0,0,0,0,0,0,0,0,0,0,0,0,0,0,0,0,86,255,255,255,255,255,255,255,255,255,141,0,0,0,0,0,0,0,0,0,0,0,0,0,0,0,0,0,198,255,255,198,141,86,86,86,57,29,0,0,0,0,0,0,0,0,0,0,0,0,0,0,0,0,0,29,255,170,0,0,0,0,0,0,0,0,0,0,0,0,0,0,0,0,0,0,0,0,0,0,0,0,0,86,255,114,0,0,0,0,0,0,0,0,0,0,0,0,0,0,0,0,0,0,0,0,0,0,0,0,0,86,255,226,57,0,0,0,0,0,0,0,0,0,0,0,0,0,0,0,0,0,0,0,0,0,0,0,0,0,170,255,255,255,141,29,0,0,0,0,0,0,0,0,0,0,0,0,0,0,0,0,0,0,0,0,0,0,0,57,170,255,255,255,141,0,0,0,0,0,0,0,0,0,0,0,0,0,0,0,0,0,0,0,0,0,0,0,0,0,86,198,255,198,29,0,0,0,0,0,0,0,0,0,0,0,0,0,0,0,0,0,0,0,0,0,0,0,0,0,170,255,141,0,0,0,0,0,0,0,0,0,0,0,0,0,0,0,0,0,0,0,0,0,0,0,0,0,0,170,255,57,0,0,0,0,0,0,0,0,0,0,0,0,0,0,0,29,170,114,0,0,0,0,0,0,0,57,255,170,0,0,0,0,0,0,0,0,0,0,0,0,0,0,0,114,198,29,0,0,0,0,0,0,0,0,226,170,0,0,0,0,0,0,0,0,0,0,0,0,0,0,0,141,198,0,0,0,0,0,0,0,0,0,170,255,0,0,0,0,0,0,0,0,0,0,0,0,0,0,0,86,255,141,0,0,0,0,0,0,0,29,255,198,0,0,0,0,0,0,0,0,0,0,0,0,0,0,0,0,170,255,170,57,0,0,0,0,29,198,255,114,0,0,0,0,0,0,0,0,0,0,0,0,0,0,0,0,0,114,226,255,170,170,170,198,255,255,141,0,0,0,0,0,0,0,0,0,0,0,0,0,0,0,0,0,0,0,29,141,170,255,255,255,170,57,0,0,0,0,0,0,0,0,0,0,0,0,0,0,0,0,0,0,0,0,0,0,0,0,0,0,0,0,0,0,0,0,0,0,0,0,0,0,0,0,0,0,0,0,0,0,0,0,0,0,0,0,0,0,0,0,0,0,0,0,0,0,0,0,0,0,0,0,0,0,0,0,0,0,0,0,0,0,0,0,0,0,0,0,0,0,0,0,0,0,0,0,0,0,0,0,0,0,0,0,0,0,0,0,0,0,0,0,0,0,0,0,0,0,0,0,0,0,0,0,0,0
1,0,0,0,0,0,0,0,0,0,0,0,0,0,0,0,0,0,0,0,0,0,0,0,0,0,0,0,0,0,0,0,0,0,0,0,0,0,0,0,0,0,0,0,0,0,0,0,0,0,0,0,0,0,0,0,0,0,0,0,0,0,0,0,0,0,0,0,0,0,0,0,0,0,0,0,0,0,0,0,0,0,0,0,0,0,0,0,0,0,0,0,0,0,0,0,0,0,0,0,0,0,0,0,0,0,0,0,0,0,0,0,0,0,0,0,0,0,0,0,0,0,0,0,0,0,6,191,31,0,0,0,0,0,0,0,0,0,0,0,0,0,0,0,0,0,0,0,0,0,0,0,0,0,87,254,52,0,0,0,0,0,0,0,0,0,0,0,0,0,0,0,0,0,0,0,0,0,0,0,0,0,95,254,110,0,0,0,0,0,0,0,0,0,0,0,0,0,0,0,0,0,0,0,0,0,0,0,0,0,117,254,155,0,0,0,0,0,0,0,0,0,0,0,0,0,0,0,0,0,0,0,0,0,0,0,0,0,118,254,155,0,0,0,0,0,0,0,0,0,0,0,0,0,0,0,0,0,0,0,0,0,0,0,0,0,37,254,155,0,0,0,0,0,0,0,0,0,0,0,0,0,0,0,0,0,0,0,0,0,0,0,0,0,6,254,155,0,0,0,0,0,0,0,0,0,0,0,0,0,0,0,0,0,0,0,0,0,0,0,0,0,6,254,220,3,0,0,0,0,0,0,0,0,0,0,0,0,0,0,0,0,0,0,0,0,0,0,0,0,1,172,255,92,0,0,0,0,0,0,0,0,0,0,0,0,0,0,0,0,0,0,0,0,0,0,0,0,0,156,254,109,0,0,0,0,0,0,0,0,0,0,0,0,0,0,0,0,0,0,0,0,0,0,0,0,0,156,254,109,0,0,0,0,0,0,0,0,0,0,0,0,0,0,0,0,0,0,0,0,0,0,0,0,3,213,254,109,0,0,0,0,0,0,0,0,0,0,0,0,0,0,0,0,0,0,0,0,0,0,0,0,6,254,254,109,0,0,0,0,0,0,0,0,0,0,0,0,0,0,0,0,0,0,0,0,0,0,0,0,6,254,254,109,0,0,0,0,0,0,0,0,0,0,0,0,0,0,0,0,0,0,0,0,0,0,0,0,6,254,254,34,0,0,0,0,0,0,0,0,0,0,0,0,0,0,0,0,0,0,0,0,0,0,0,0,6,254,255,48,0,0,0,0,0,0,0,0,0,0,0,0,0,0,0,0,0,0,0,0,0,0,0,0,6,254,254,5,0,0,0,0,0,0,0,0,0,0,0,0,0,0,0,0,0,0,0,0,0,0,0,0,6,254,254,5,0,0,0,0,0,0,0,0,0,0,0,0,0,0,0,0,0,0,0,0,0,0,0,0,6,254,191,2,0,0,0,0,0,0,0,0,0,0,0,0,0,0,0,0,0,0,0,0,0,0,0,0,49,254,113,0,0,0,0,0,0,0,0,0,0,0,0,0,0,0,0,0,0,0,0,0,0,0,0,0,0,0,0,0,0,0,0,0,0,0,0,0,0,0,0,0,0,0,0,0,0,0,0,0,0,0,0,0,0,0,0,0,0,0,0,0,0,0,0,0,0,0,0,0,0,0,0,0,0,0,0,0,0,0,0,0,0,0,0,0,0,0,0,0,0,0,0,0,0,0,0,0,0,0,0,0,0,0,0,0,0,0,0,0,0,0,0,0,0,0,0,0,0,0,0,0,0,0,0
5,0,0,0,0,0,0,0,0,0,0,0,0,0,0,0,0,0,0,0,0,0,0,0,0,0,0,0,0,0,0,0,0,0,0,0,0,0,0,0,0,0,0,0,0,0,0,0,0,0,0,0,0,0,0,0,0,0,0,0,0,0,0,0,0,0,0,0,0,0,0,0,0,0,0,0,0,0,0,0,0,0,0,0,0,0,0,0,0,0,0,0,0,0,0,0,0,0,0,0,0,0,0,0,0,0,0,0,0,0,0,0,0,0,0,0,0,0,0,0,0,0,0,0,0,0,0,0,0,0,2,36,132,132,132,237,143,6,0,0,0,0,0,0,0,0,0,0,0,0,0,0,0,0,0,0,0,84,160,252,252,252,252,252,252,11,0,0,0,0,0,0,0,0,0,0,0,0,0,0,0,0,0,0,25,211,252,252,252,252,252,221,164,5,0,0,0,0,0,0,0,0,0,0,0,0,0,0,0,42,28,0,213,252,252,252,217,169,84,12,0,0,0,0,0,0,0,0,0,0,0,0,0,0,0,18,101,242,221,95,195,252,197,72,21,0,0,0,0,0,0,0,0,0,0,0,0,0,0,0,0,0,81,210,252,252,221,37,3,60,23,0,0,0,0,0,0,0,0,0,0,0,0,0,0,0,0,0,13,108,239,252,252,220,96,0,0,0,0,0,0,0,0,0,0,0,0,0,0,0,0,0,0,0,0,0,37,252,252,252,220,39,0,0,0,0,0,0,0,0,0,0,0,0,0,0,0,0,0,0,0,0,0,11,187,252,252,252,204,109,62,0,0,0,0,0,0,0,0,0,0,0,0,0,0,0,0,0,0,0,0,82,252,252,252,252,252,252,247,241,122,52,0,0,0,0,0,0,0,0,0,0,0,0,0,0,0,0,0,12,197,245,247,250,253,253,253,253,255,253,161,10,0,0,0,0,0,0,0,0,0,0,0,0,0,0,0,0,16,36,52,83,108,153,250,252,253,252,252,204,0,0,0,0,0,0,0,0,0,0,0,0,0,0,0,0,0,0,0,0,0,0,87,153,253,252,252,204,0,0,0,0,0,0,0,0,0,0,0,0,0,0,0,0,0,0,0,0,0,0,0,0,172,252,252,204,0,0,0,0,0,0,0,0,0,0,0,0,0,0,0,0,0,0,0,0,0,0,0,58,219,252,252,204,0,0,0,0,0,0,0,0,0,0,0,0,0,0,0,0,0,0,0,0,0,28,125,250,253,252,242,88,0,0,0,0,0,0,0,0,0,0,0,0,0,0,5,85,32,0,0,65,85,206,252,252,253,244,87,0,0,0,0,0,0,0,0,0,0,0,0,0,0,0,8,211,230,217,217,244,252,252,252,252,202,84,0,0,0,0,0,0,0,0,0,0,0,0,0,0,0,0,0,93,252,252,252,252,252,252,252,200,11,0,0,0,0,0,0,0,0,0,0,0,0,0,0,0,0,0,0,2,29,131,218,252,212,131,80,6,0,0,0,0,0,0,0,0,0,0,0,0,0,0,0,0,0,0,0,0,0,0,0,0,0,0,0,0,0,0,0,0,0,0,0,0,0,0,0,0,0,0,0,0,0,0,0,0,0,0,0,0,0,0,0,0,0,0,0,0,0,0,0,0,0,0,0,0,0,0,0,0,0,0,0,0,0,0,0,0,0,0,0,0,0,0,0,0,0,0,0,0,0,0,0,0,0,0,0,0,0,0,0,0,0,0,0,0,0,0,0,0,0,0,0,0,0,0,0,0,0,0,0,0,0
6,0,0,0,0,0,0,0,0,0,0,0,0,0,0,0,0,0,0,0,0,0,0,0,0,0,0,0,0,0,0,0,0,0,0,0,0,0,13,224,186,0,0,0,0,0,0,0,0,0,0,0,0,0,0,0,0,0,0,0,0,0,0,0,0,0,21,254,224,0,0,0,0,0,0,0,0,0,0,0,0,0,0,0,0,0,0,0,0,0,0,0,0,0,21,254,224,0,0,0,0,0,0,0,0,0,0,0,0,0,0,0,0,0,0,0,0,0,0,0,0,0,108,254,137,0,0,0,0,0,0,0,0,0,0,0,0,0,0,0,0,0,0,0,0,0,0,0,0,0,189,254,56,0,0,0,0,0,0,0,0,0,0,0,0,0,0,0,0,0,0,0,0,0,0,0,0,34,238,254,25,0,0,0,0,0,0,0,0,0,0,0,0,0,0,0,0,0,0,0,0,0,0,0,0,66,254,254,25,0,0,0,0,0,0,0,0,0,0,0,0,0,0,0,0,0,0,0,0,0,0,0,0,66,254,254,25,0,0,0,0,0,0,0,0,0,0,0,0,0,0,0,0,0,0,0,0,0,0,0,0,66,254,254,25,0,0,0,0,0,0,0,0,0,0,0,0,0,0,0,0,0,0,0,0,0,0,0,0,66,254,254,25,0,0,0,0,0,0,0,0,0,0,0,0,0,0,0,0,0,0,0,0,0,0,0,0,66,254,254,25,0,0,0,0,0,0,0,0,0,0,0,0,0,0,0,0,0,0,0,0,0,0,0,0,66,254,237,19,0,0,0,0,0,0,0,0,0,0,0,0,0,0,0,0,0,0,0,0,0,0,0,0,66,254,179,0,0,0,0,0,0,10,67,215,215,144,21,0,0,0,0,0,0,0,0,0,0,0,0,0,66,254,230,17,0,0,0,0,32,223,254,254,254,254,243,44,0,0,0,0,0,0,0,0,0,0,0,0,59,251,254,25,0,0,0,45,237,254,188,129,41,189,251,58,0,0,0,0,0,0,0,0,0,0,0,0,0,220,254,56,0,0,0,122,254,236,27,0,50,233,219,0,0,0,0,0,0,0,0,0,0,0,0,0,0,167,254,233,37,0,0,203,252,52,3,63,194,243,71,0,0,0,0,0,0,0,0,0,0,0,0,0,0,39,226,254,174,91,91,252,251,115,194,254,246,74,0,0,0,0,0,0,0,0,0,0,0,0,0,0,0,0,36,223,254,254,254,254,254,254,252,182,60,0,0,0,0,0,0,0,0,0,0,0,0,0,0,0,0,0,0,40,154,154,231,215,254,231,145,0,0,0,0,0,0,0,0,0,0,0,0,0,0,0,0,0,0,0,0,0,0,0,0,0,0,0,0,0,0,0,0,0,0,0,0,0,0,0,0,0,0,0,0,0,0,0,0,0,0,0,0,0,0,0,0,0,0,0,0,0,0,0,0,0,0,0,0,0,0,0,0,0,0,0,0,0,0,0,0,0,0,0,0,0,0,0,0,0,0,0,0,0,0,0,0,0,0,0,0,0,0,0,0,0,0,0,0,0,0,0,0,0,0,0,0,0,0,0,0,0,0,0,0,0,0,0,0,0,0,0,0,0,0,0,0,0,0,0,0,0,0,0,0,0,0,0,0,0,0,0,0,0,0,0,0,0,0,0,0,0,0,0,0,0,0,0,0,0,0,0,0,0,0,0,0,0,0,0,0,0,0,0,0,0,0,0,0,0,0,0,0,0,0,0,0,0,0,0,0,0,0,0,0,0
0,0,0,0,0,0,0,0,0,0,0,0,0,0,0,0,0,0,0,0,0,0,0,0,0,0,0,0,0,0,0,0,0,0,0,0,0,0,0,0,0,0,0,0,0,0,0,0,0,0,0,0,0,0,0,0,0,0,0,0,0,0,0,0,0,0,0,0,0,0,0,0,0,0,0,0,0,0,0,0,0,0,0,0,0,0,0,0,0,0,0,0,0,0,0,0,0,0,0,0,0,0,0,0,0,0,0,0,0,0,0,0,0,0,0,0,0,0,0,0,0,0,0,0,0,0,51,131,0,0,0,0,0,0,0,0,0,0,0,0,0,0,0,0,0,0,0,0,0,0,0,0,0,0,51,252,183,20,0,0,0,0,0,0,0,0,0,0,0,0,0,0,0,0,0,0,0,0,0,0,51,193,254,253,234,233,173,10,0,0,0,0,0,0,0,0,0,0,0,0,0,0,0,0,0,0,0,41,233,252,253,252,253,252,253,131,0,0,0,0,0,0,0,0,0,0,0,0,0,0,0,0,0,0,0,203,254,253,142,183,82,41,234,253,82,0,0,0,0,0,0,0,0,0,0,0,0,0,0,0,0,0,41,243,253,212,0,0,0,0,71,252,243,40,0,0,0,0,0,0,0,0,0,0,0,0,0,0,0,0,113,253,244,40,0,0,0,0,0,41,254,131,0,0,0,0,0,0,0,0,0,0,0,0,0,0,0,0,152,252,122,0,0,0,0,0,0,0,253,171,0,0,0,0,0,0,0,0,0,0,0,0,0,0,0,0,152,253,102,0,0,0,0,0,0,0,254,253,62,0,0,0,0,0,0,0,0,0,0,0,0,0,0,0,233,252,61,0,0,0,0,0,0,0,253,252,20,0,0,0,0,0,0,0,0,0,0,0,0,0,0,102,254,213,0,0,0,0,0,0,0,0,254,253,0,0,0,0,0,0,0,0,0,0,0,0,0,0,0,102,253,252,0,0,0,0,0,0,0,0,253,252,0,0,0,0,0,0,0,0,0,0,0,0,0,0,0,41,254,253,0,0,0,0,0,0,0,21,254,253,0,0,0,0,0,0,0,0,0,0,0,0,0,0,0,41,253,252,0,0,0,0,0,0,0,142,253,212,0,0,0,0,0,0,0,0,0,0,0,0,0,0,0,0,254,253,21,0,0,0,0,0,51,253,254,91,0,0,0,0,0,0,0,0,0,0,0,0,0,0,0,0,172,252,142,0,0,0,0,41,173,252,253,50,0,0,0,0,0,0,0,0,0,0,0,0,0,0,0,0,0,142,234,152,21,0,11,132,255,253,41,0,0,0,0,0,0,0,0,0,0,0,0,0,0,0,0,0,0,61,253,252,223,203,213,252,253,212,0,0,0,0,0,0,0,0,0,0,0,0,0,0,0,0,0,0,0,0,21,102,255,253,255,253,224,122,0,0,0,0,0,0,0,0,0,0,0,0,0,0,0,0,0,0,0,0,0,0,71,192,192,111,20,0,0,0,0,0,0,0,0,0,0,0,0,0,0,0,0,0,0,0,0,0,0,0,0,0,0,0,0,0,0,0,0,0,0,0,0,0,0,0,0,0,0,0,0,0,0,0,0,0,0,0,0,0,0,0,0,0,0,0,0,0,0,0,0,0,0,0,0,0,0,0,0,0,0,0,0,0,0,0,0,0,0,0,0,0,0,0,0,0,0,0,0,0,0,0,0,0,0,0,0,0,0,0,0,0,0,0,0,0,0,0,0,0,0,0,0,0,0,0,0,0,0
3,0,0,0,0,0,0,0,0,0,0,0,0,0,0,0,0,0,0,0,0,0,0,0,0,0,0,0,0,0,0,0,0,0,0,0,0,0,0,0,0,0,0,0,0,0,0,0,0,0,0,0,0,0,0,0,0,0,0,0,0,0,0,0,0,0,0,0,0,0,0,0,0,0,0,0,0,0,0,0,0,0,0,0,0,0,0,0,0,0,0,0,0,0,0,0,0,0,0,0,0,0,0,0,0,0,0,0,0,0,0,0,0,0,0,0,0,0,15,77,77,142,166,166,197,150,41,0,0,0,0,0,0,0,0,0,0,0,0,0,0,0,0,0,0,0,220,254,254,254,254,254,254,254,249,139,0,0,0,0,0,0,0,0,0,0,0,0,0,0,0,0,0,0,211,254,254,254,254,254,226,205,246,164,0,0,0,0,0,0,0,0,0,0,0,0,0,0,0,0,0,0,22,116,90,40,40,40,17,7,217,245,35,0,0,0,0,0,0,0,0,0,0,0,0,0,0,0,0,0,0,0,0,0,0,0,0,117,254,254,150,8,0,0,0,0,0,0,0,0,0,0,0,0,0,0,0,0,0,0,0,0,0,0,0,131,254,254,254,182,10,0,0,0,0,0,0,0,0,0,0,0,0,0,0,0,0,0,0,0,0,0,0,15,133,254,254,254,210,38,0,0,0,0,0,0,0,0,0,0,0,0,0,0,0,0,0,0,0,0,0,0,1,4,37,176,254,234,48,0,0,0,0,0,0,0,0,0,0,0,0,0,0,0,0,0,0,0,0,0,0,0,0,6,174,254,208,0,0,0,0,0,0,0,0,0,0,0,0,0,0,0,0,0,0,0,0,0,0,0,0,0,32,227,235,26,0,0,0,0,0,0,0,0,0,0,0,0,0,0,0,0,0,0,0,0,0,0,0,0,0,101,254,92,0,0,0,0,0,0,0,0,0,0,0,0,0,0,0,0,0,0,0,0,0,0,0,0,0,54,254,144,0,0,0,0,0,0,0,0,0,0,0,0,0,0,0,0,0,0,0,0,0,0,0,0,0,54,254,228,0,0,0,0,0,0,0,0,0,0,0,0,0,0,0,0,0,0,0,0,0,0,0,0,0,54,254,199,0,0,0,0,0,0,0,0,0,0,0,0,0,0,0,0,24,0,0,0,0,0,0,0,0,110,254,138,0,0,0,0,0,0,0,0,0,0,0,0,0,0,0,59,241,176,60,7,0,0,0,0,38,238,254,88,0,0,0,0,0,0,0,0,0,0,0,0,0,0,0,53,254,254,254,224,208,130,99,130,194,254,234,24,0,0,0,0,0,0,0,0,0,0,0,0,0,0,0,2,180,254,254,254,254,254,254,254,254,249,128,0,0,0,0,0,0,0,0,0,0,0,0,0,0,0,0,0,21,207,249,254,254,254,254,254,254,164,0,0,0,0,0,0,0,0,0,0,0,0,0,0,0,0,0,0,0,0,44,92,165,165,198,254,175,33,0,0,0,0,0,0,0,0,0,0,0,0,0,0,0,0,0,0,0,0,0,0,0,0,0,0,0,0,0,0,0,0,0,0,0,0,0,0,0,0,0,0,0,0,0,0,0,0,0,0,0,0,0,0,0,0,0,0,0,0,0,0,0,0,0,0,0,0,0,0,0,0,0,0,0,0,0,0,0,0,0,0,0,0,0,0,0,0,0,0,0,0,0,0,0,0,0,0,0,0,0,0,0,0,0,0,0,0,0,0,0,0,0,0,0,0,0,0,0,0,0
4,0,0,0,0,0,0,0,0,0,0,0,0,0,0,0,0,0,0,0,0,0,0,0,0,0,0,0,0,0,0,0,0,0,0,0,0,0,0,0,0,0,0,0,0,0,0,0,0,0,0,0,0,0,0,0,0,0,0,0,0,0,0,0,0,0,0,0,0,0,0,0,0,0,0,0,0,0,0,0,0,0,0,0,0,0,0,0,0,0,0,0,0,0,0,0,0,0,0,0,0,0,0,0,0,0,0,0,0,0,0,0,0,0,0,0,0,0,0,0,0,0,0,0,0,0,0,0,0,0,0,0,0,0,0,0,0,0,0,0,0,0,0,0,0,0,0,0,0,0,0,0,0,0,0,13,165,195,0,0,0,0,0,0,0,0,0,0,0,0,0,0,0,0,0,0,0,0,0,0,0,0,0,99,254,142,0,0,0,0,0,0,0,0,0,0,0,0,0,0,0,0,0,0,0,0,0,0,0,0,0,119,233,19,0,0,0,0,0,0,0,0,0,0,0,0,0,0,0,0,0,0,0,0,0,0,0,0,51,238,253,49,0,0,0,0,0,0,0,0,0,0,0,0,0,0,0,0,0,0,0,0,0,0,0,57,220,254,254,52,0,0,0,0,0,0,0,0,0,0,0,0,0,0,0,0,0,0,0,0,0,0,72,240,244,144,254,52,0,0,0,0,0,0,0,0,0,0,0,0,0,0,0,0,0,0,0,0,0,32,232,225,47,40,254,52,0,0,0,0,0,0,0,0,0,0,0,0,0,0,0,0,0,0,0,0,51,233,208,26,0,40,254,128,0,0,0,0,0,0,0,0,0,0,0,0,0,0,0,0,0,0,0,13,226,209,26,0,0,19,230,137,0,0,0,0,0,0,0,0,0,0,0,0,0,0,0,0,0,0,0,153,244,34,0,0,0,0,208,211,0,0,0,0,0,0,0,0,0,0,0,0,0,0,0,0,0,0,0,238,203,40,40,40,40,53,231,229,9,0,0,0,0,0,0,0,0,0,0,0,0,0,0,0,0,0,0,226,254,254,254,254,254,254,254,254,218,208,164,0,0,0,0,0,0,0,0,0,0,0,0,0,0,0,0,31,130,90,52,52,52,112,254,201,137,137,100,0,0,0,0,0,0,0,0,0,0,0,0,0,0,0,0,0,0,0,0,0,0,40,254,137,0,0,0,0,0,0,0,0,0,0,0,0,0,0,0,0,0,0,0,0,0,0,0,0,0,40,254,137,0,0,0,0,0,0,0,0,0,0,0,0,0,0,0,0,0,0,0,0,0,0,0,0,0,40,254,137,0,0,0,0,0,0,0,0,0,0,0,0,0,0,0,0,0,0,0,0,0,0,0,0,0,40,254,137,0,0,0,0,0,0,0,0,0,0,0,0,0,0,0,0,0,0,0,0,0,0,0,0,0,40,255,137,0,0,0,0,0,0,0,0,0,0,0,0,0,0,0,0,0,0,0,0,0,0,0,0,0,40,255,78,0,0,0,0,0,0,0,0,0,0,0,0,0,0,0,0,0,0,0,0,0,0,0,0,0,26,227,34,0,0,0,0,0,0,0,0,0,0,0,0,0,0,0,0,0,0,0,0,0,0,0,0,0,0,0,0,0,0,0,0,0,0,0,0,0,0,0,0,0,0,0,0,0,0,0,0,0,0,0,0,0,0,0,0,0,0,0,0,0,0,0,0,0,0,0,0,0,0,0,0,0,0,0,0,0,0,0,0,0,0,0,0,0,0,0,0,0,0,0,0,0,0,0
4,0,0,0,0,0,0,0,0,0,0,0,0,0,0,0,0,0,0,0,0,0,0,0,0,0,0,0,0,0,0,0,0,0,0,0,0,0,0,0,0,0,0,0,0,0,0,0,0,0,0,0,0,0,0,0,0,0,0,0,0,0,0,0,0,0,0,0,0,0,0,0,0,0,0,0,0,0,0,0,0,0,0,0,0,0,0,0,0,0,0,0,0,0,0,0,0,0,0,0,0,0,0,0,0,0,0,0,0,0,0,0,0,0,0,0,0,0,0,0,0,0,13,233,206,0,0,0,0,0,0,0,0,0,0,0,0,0,0,0,0,0,0,0,0,0,0,0,0,0,82,254,205,0,0,0,0,0,0,0,0,0,0,0,0,0,0,0,0,0,0,0,0,0,0,0,0,0,177,254,205,0,0,0,0,0,0,0,0,0,0,0,0,0,0,0,0,0,0,0,0,0,0,0,0,0,190,254,205,0,0,0,0,0,0,0,0,0,0,0,0,0,0,0,0,0,0,0,0,0,0,0,0,33,238,254,205,0,0,0,0,7,82,170,179,26,0,0,0,0,0,0,0,0,0,0,0,0,0,0,0,49,254,254,205,0,0,0,0,27,254,254,254,128,0,0,0,0,0,0,0,0,0,0,0,0,0,0,0,152,254,254,205,0,0,0,18,201,254,254,234,81,0,0,0,0,0,0,0,0,0,0,0,0,0,0,0,152,254,254,159,0,0,0,93,254,254,179,118,19,0,0,0,0,0,0,0,0,0,0,0,0,0,0,0,53,254,254,205,0,0,0,146,254,254,57,9,0,0,0,0,0,0,0,0,0,0,0,0,0,0,0,0,35,241,254,216,13,0,35,235,254,242,38,0,0,0,0,0,0,0,0,0,0,0,0,0,0,0,0,0,0,190,254,254,176,8,140,254,254,195,0,0,0,0,0,0,0,0,0,0,0,0,0,0,0,0,0,0,0,47,232,254,254,140,210,254,254,200,5,0,0,0,0,0,0,0,0,0,0,0,0,0,0,0,0,0,0,0,95,254,254,254,254,254,254,189,17,0,0,0,0,0,0,0,0,0,0,0,0,0,0,0,0,0,0,0,3,116,190,254,254,254,237,17,0,0,0,0,0,0,0,0,0,0,0,0,0,0,0,0,0,0,0,0,0,0,4,130,254,254,174,0,0,0,0,0,0,0,0,0,0,0,0,0,0,0,0,0,0,0,0,0,0,0,0,51,255,254,125,0,0,0,0,0,0,0,0,0,0,0,0,0,0,0,0,0,0,0,0,0,0,0,0,17,254,254,215,0,0,0,0,0,0,0,0,0,0,0,0,0,0,0,0,0,0,0,0,0,0,0,0,8,204,254,245,117,33,33,25,0,0,0,0,0,0,0,0,0,0,0,0,0,0,0,0,0,0,0,0,0,133,254,254,254,254,254,235,30,0,0,0,0,0,0,0,0,0,0,0,0,0,0,0,0,0,0,0,0,8,117,254,254,254,254,152,7,0,0,0,0,0,0,0,0,0,0,0,0,0,0,0,0,0,0,0,0,0,0,0,0,0,0,0,0,0,0,0,0,0,0,0,0,0,0,0,0,0,0,0,0,0,0,0,0,0,0,0,0,0,0,0,0,0,0,0,0,0,0,0,0,0,0,0,0,0,0,0,0,0,0,0,0,0,0,0,0,0,0,0,0,0,0,0,0,0,0,0,0,0,0,0,0,0,0,0,0,0,0,0,0,0,0,0,0,0,0,0,0,0,0,0,0,0,0
6,0,0,0,0,0,0,0,0,0,0,0,0,0,0,0,0,0,0,0,0,0,0,0,0,0,0,0,0,0,0,0,0,0,0,0,0,0,0,0,0,0,0,0,0,0,0,0,0,0,0,0,0,0,0,0,0,0,0,0,0,0,0,0,0,0,0,0,0,0,0,0,0,0,0,15,142,175,152,0,0,0,0,0,0,0,0,0,0,0,0,0,0,0,0,0,0,0,0,0,0,0,18,191,254,254,119,0,0,0,0,0,0,0,0,0,0,0,0,0,0,0,0,0,0,0,0,0,0,59,194,254,191,67,6,0,0,0,0,0,0,0,0,0,0,0,0,0,0,0,0,0,0,0,0,0,75,205,244,169,4,0,0,0,0,0,0,0,0,0,0,0,0,0,0,0,0,0,0,0,0,0,0,76,241,213,86,0,0,0,0,0,0,0,0,0,0,0,0,0,0,0,0,0,0,0,0,0,0,0,71,245,206,66,0,0,0,0,0,0,0,0,0,0,0,0,0,0,0,0,0,0,0,0,0,0,0,75,247,244,44,0,0,0,0,0,0,0,0,0,0,0,0,0,0,0,0,0,0,0,0,0,0,0,75,241,249,86,0,0,0,0,0,0,0,0,0,0,0,0,0,0,0,0,0,0,0,0,0,0,0,118,247,249,84,0,0,0,0,0,0,0,0,0,0,0,0,0,0,0,0,0,0,0,0,0,0,0,18,234,244,86,0,0,0,0,0,0,0,0,0,0,0,0,0,0,0,0,0,0,0,0,0,0,0,16,191,254,120,0,0,0,0,0,0,0,0,0,0,0,0,0,0,0,0,0,0,0,0,0,0,0,10,109,254,179,6,0,0,0,0,0,0,18,22,22,4,0,0,0,0,0,0,0,0,0,0,0,0,0,115,254,254,27,0,0,0,0,94,162,168,238,254,254,183,101,0,0,0,0,0,0,0,0,0,0,0,0,202,254,254,27,19,135,207,207,244,204,221,254,254,254,254,222,0,0,0,0,0,0,0,0,0,0,0,9,226,254,254,94,219,143,112,10,10,5,7,10,187,254,254,222,0,0,0,0,0,0,0,0,0,0,0,77,254,254,254,61,0,0,0,0,0,0,0,0,136,255,254,194,0,0,0,0,0,0,0,0,0,0,0,77,254,254,254,161,0,0,0,0,0,0,0,85,231,254,212,21,0,0,0,0,0,0,0,0,0,0,0,2,209,254,254,254,183,141,42,33,33,135,213,254,251,194,68,0,0,0,0,0,0,0,0,0,0,0,0,0,83,226,254,254,254,254,254,254,254,254,238,184,72,0,0,0,0,0,0,0,0,0,0,0,0,0,0,0,0,41,146,243,254,217,239,146,60,84,29,0,0,0,0,0,0,0,0,0,0,0,0,0,0,0,0,0,0,0,0,0,0,0,0,0,0,0,0,0,0,0,0,0,0,0,0,0,0,0,0,0,0,0,0,0,0,0,0,0,0,0,0,0,0,0,0,0,0,0,0,0,0,0,0,0,0,0,0,0,0,0,0,0,0,0,0,0,0,0,0,0,0,0,0,0,0,0,0,0,0,0,0,0,0,0,0,0,0,0,0,0,0,0,0,0,0,0,0,0,0,0,0,0,0,0,0,0,0,0,0,0,0,0,0,0,0,0,0,0,0,0,0,0,0,0,0,0,0,0,0,0,0,0,0,0,0,0,0,0,0,0,0,0,0,0,0,0,0,0,0,0,0,0,0,0,0,0,0,0,0,0,0,0,0,0,0,0,0
5,0,0,0,0,0,0,0,0,0,0,0,0,0,0,0,0,0,0,0,0,0,0,0,0,0,0,0,0,0,0,0,0,0,0,0,0,0,0,0,0,0,0,0,0,0,0,0,0,0,0,0,0,0,0,0,0,0,0,0,0,0,0,0,0,0,0,0,0,0,0,0,0,0,0,0,0,0,0,0,0,0,0,0,0,0,0,0,0,0,0,0,0,0,0,0,0,0,0,0,0,0,0,0,0,0,0,0,0,0,0,0,0,0,0,0,0,0,0,0,0,0,0,0,0,0,0,0,0,0,0,0,0,0,0,0,0,0,0,0,0,0,0,0,0,0,0,0,0,0,0,162,140,125,125,25,65,65,90,125,144,170,137,254,174,0,0,0,0,0,0,0,0,0,0,0,0,0,49,240,253,253,253,249,251,251,252,253,253,253,253,253,253,114,0,0,0,0,0,0,0,0,0,0,0,0,161,253,253,253,253,253,253,253,253,253,253,253,253,253,253,183,0,0,0,0,0,0,0,0,0,0,0,0,235,253,253,253,253,253,199,253,253,234,149,149,149,138,19,9,0,0,0,0,0,0,0,0,0,0,0,0,235,253,253,177,25,25,13,25,25,21,0,0,0,0,0,0,0,0,0,0,0,0,0,0,0,0,0,98,251,253,253,55,0,0,0,0,0,0,0,0,0,0,0,0,0,0,0,0,0,0,0,0,0,0,0,154,253,253,253,38,0,0,0,0,0,0,0,0,0,0,0,0,0,0,0,0,0,0,0,0,0,0,0,241,253,253,253,172,55,0,0,0,0,0,0,0,0,0,0,0,0,0,0,0,0,0,0,0,0,0,0,106,248,253,253,253,237,165,17,0,0,0,0,0,0,0,0,0,0,0,0,0,0,0,0,0,0,0,0,0,54,175,188,243,253,253,209,99,19,0,0,0,0,0,0,0,0,0,0,0,0,0,0,0,0,0,0,0,0,0,0,55,171,241,253,253,180,18,0,0,0,0,0,0,0,0,0,0,0,0,0,0,0,0,0,0,0,0,0,0,0,57,171,240,253,204,61,0,0,0,0,0,0,0,0,0,0,0,0,0,0,0,0,0,0,0,0,0,0,0,0,99,253,253,174,0,0,0,0,0,0,0,0,0,0,0,0,0,0,0,0,0,0,0,0,0,0,0,0,59,253,253,214,0,0,0,0,0,0,0,0,0,0,0,0,0,0,0,160,107,3,0,0,0,0,0,0,76,253,253,214,0,0,0,0,0,0,0,0,0,0,0,0,0,0,0,248,253,110,17,0,0,0,0,21,196,253,253,214,0,0,0,0,0,0,0,0,0,0,0,0,0,0,0,170,253,253,213,150,107,128,150,230,253,253,250,197,0,0,0,0,0,0,0,0,0,0,0,0,0,0,0,51,240,253,253,253,253,253,253,253,253,253,201,0,0,0,0,0,0,0,0,0,0,0,0,0,0,0,0,0,51,237,253,253,253,253,253,253,252,220,36,0,0,0,0,0,0,0,0,0,0,0,0,0,0,0,0,0,0,0,161,186,253,253,253,219,95,0,0,0,0,0,0,0,0,0,0,0,0,0,0,0,0,0,0,0,0,0,0,0,0,0,0,0,0,0,0,0,0,0,0,0,0,0,0,0,0,0,0,0,0,0,0,0,0,0,0,0,0,0,0,0,0,0,0,0,0,0,0,0,0,0,0,0,0,0,0,0,0,0,0,0,0,0,0,0,0,0,0,0,0,0,0,0,0,0,0,0,0,0,0,0
4,0,0,0,0,0,0,0,0,0,0,0,0,0,0,0,0,0,0,0,0,0,0,0,0,0,0,0,0,0,0,0,0,0,0,0,0,0,0,0,0,0,0,0,0,0,0,0,0,0,0,0,0,0,0,0,0,0,0,0,0,0,0,0,0,0,0,0,0,0,0,0,0,0,0,0,0,0,0,0,0,0,0,0,0,0,0,0,0,0,0,0,0,0,0,0,0,0,0,0,0,0,0,0,0,0,0,0,0,0,0,0,0,0,0,0,0,0,0,0,0,0,0,0,0,0,0,0,0,0,0,0,0,0,0,0,0,0,0,0,0,0,0,0,0,0,0,0,0,0,0,0,0,0,0,0,0,0,0,0,0,0,0,0,0,0,0,0,0,0,0,0,0,0,0,45,233,131,0,0,0,0,0,0,0,0,0,92,176,19,0,0,0,0,0,0,0,0,0,0,0,0,0,141,254,208,33,0,0,0,0,0,0,0,0,212,254,170,0,0,0,0,0,0,0,0,0,0,0,0,16,169,254,224,39,0,0,0,0,0,0,0,33,222,254,237,0,0,0,0,0,0,0,0,0,0,0,0,62,254,254,131,0,0,0,0,0,0,0,0,132,254,254,237,0,0,0,0,0,0,0,0,0,0,0,0,215,254,254,131,0,0,0,0,0,0,0,47,238,254,254,206,0,0,0,0,0,0,0,0,0,0,0,0,239,254,254,131,0,0,0,0,0,0,0,54,254,254,254,61,0,0,0,0,0,0,0,0,0,0,0,128,251,254,219,27,0,0,0,0,0,0,0,54,254,254,254,61,0,0,0,0,0,0,0,0,0,0,0,159,254,254,229,55,0,0,0,0,0,0,0,54,254,254,254,61,0,0,0,0,0,0,0,0,0,0,0,44,237,254,254,221,185,185,185,185,185,185,185,200,254,254,254,189,6,0,0,0,0,0,0,0,0,0,0,0,41,215,254,254,254,254,254,254,254,254,254,254,254,254,254,254,157,0,0,0,0,0,0,0,0,0,0,0,0,49,116,254,254,254,254,254,254,254,254,254,254,254,254,243,54,0,0,0,0,0,0,0,0,0,0,0,0,0,2,8,148,111,8,69,184,184,184,248,254,254,143,7,0,0,0,0,0,0,0,0,0,0,0,0,0,0,0,0,0,0,0,0,0,0,0,230,254,234,58,0,0,0,0,0,0,0,0,0,0,0,0,0,0,0,0,0,0,0,0,0,0,0,0,230,254,219,0,0,0,0,0,0,0,0,0,0,0,0,0,0,0,0,0,0,0,0,0,0,0,0,0,230,254,219,0,0,0,0,0,0,0,0,0,0,0,0,0,0,0,0,0,0,0,0,0,0,0,0,126,250,254,219,0,0,0,0,0,0,0,0,0,0,0,0,0,0,0,0,0,0,0,0,0,0,0,0,150,254,254,139,0,0,0,0,0,0,0,0,0,0,0,0,0,0,0,0,0,0,0,0,0,0,0,0,150,254,254,43,0,0,0,0,0,0,0,0,0,0,0,0,0,0,0,0,0,0,0,0,0,0,0,0,150,254,254,43,0,0,0,0,0,0,0,0,0,0,0,0,0,0,0,0,0,0,0,0,0,0,0,0,46,200,78,13,0,0,0,0,0,0,0,0,0,0,0,0,0,0,0,0,0,0,0,0,0,0,0,0,0,0,0,0,0,0,0,0,0,0,0,0,0,0,0,0,0,0,0,0,0,0,0,0,0,0,0,0,0,0,0,0,0,0,0,0,0,0,0,0,0
6,0,0,0,0,0,0,0,0,0,0,0,0,0,0,0,0,0,0,0,0,0,0,0,0,0,0,0,0,0,0,0,0,0,0,0,0,0,0,0,0,0,0,0,0,0,0,0,0,0,0,0,0,0,0,0,0,0,0,0,0,0,0,0,0,0,0,0,0,0,0,0,0,0,0,0,0,0,0,0,0,0,0,0,0,0,0,0,0,0,0,0,0,0,100,236,212,0,0,0,0,0,0,0,0,0,0,0,0,0,0,0,0,0,0,0,0,0,0,0,0,0,169,252,131,0,0,0,0,0,0,0,0,0,0,0,0,0,0,0,0,0,0,0,0,0,0,0,0,0,160,252,115,0,0,0,0,0,0,0,0,0,0,0,0,0,0,0,0,0,0,0,0,0,0,0,0,0,64,252,211,0,0,0,0,0,0,0,0,0,0,0,0,0,0,0,0,0,0,0,0,0,0,0,0,0,64,252,167,0,0,0,0,0,0,0,0,0,0,0,0,0,0,0,0,0,0,0,0,0,0,0,0,0,126,253,89,0,0,0,0,0,0,0,0,0,0,0,0,0,0,0,0,0,0,0,0,0,0,0,0,0,169,252,0,0,0,0,0,0,0,0,0,0,0,0,0,0,0,0,0,0,0,0,0,0,0,0,0,18,239,252,0,0,0,0,0,0,8,31,101,22,0,0,0,0,0,0,0,0,0,0,0,0,0,0,0,6,190,252,0,0,0,0,0,38,171,252,252,252,109,16,0,0,0,0,0,0,0,0,0,0,0,0,0,22,252,252,0,0,0,0,0,236,252,252,226,191,253,63,0,0,0,0,0,0,0,0,0,0,0,0,0,0,169,253,62,0,0,0,124,255,222,62,0,0,255,168,0,0,0,0,0,0,0,0,0,0,0,0,0,0,169,252,106,0,0,48,242,253,63,0,0,80,253,89,0,0,0,0,0,0,0,0,0,0,0,0,0,0,72,252,203,0,11,202,252,153,5,0,6,206,214,5,0,0,0,0,0,0,0,0,0,0,0,0,0,0,64,252,239,42,92,252,226,0,0,6,112,252,115,0,0,0,0,0,0,0,0,0,0,0,0,0,0,0,11,218,253,186,223,252,103,0,80,206,252,252,0,0,0,0,0,0,0,0,0,0,0,0,0,0,0,0,0,45,254,253,253,253,253,255,253,253,199,62,0,0,0,0,0,0,0,0,0,0,0,0,0,0,0,0,0,0,138,252,252,252,252,253,224,116,21,0,0,0,0,0,0,0,0,0,0,0,0,0,0,0,0,0,0,0,43,252,251,134,21,21,14,0,0,0,0,0,0,0,0,0,0,0,0,0,0,0,0,0,0,0,0,0,43,252,245,142,64,0,0,0,0,0,0,0,0,0,0,0,0,0,0,0,0,0,0,0,0,0,0,0,7,156,252,226,103,0,0,0,0,0,0,0,0,0,0,0,0,0,0,0,0,0,0,0,0,0,0,0,0,0,0,0,0,0,0,0,0,0,0,0,0,0,0,0,0,0,0,0,0,0,0,0,0,0,0,0,0,0,0,0,0,0,0,0,0,0,0,0,0,0,0,0,0,0,0,0,0,0,0,0,0,0,0,0,0,0,0,0,0,0,0,0,0,0,0,0,0,0,0,0,0,0,0,0,0,0,0,0,0,0,0,0,0,0,0,0,0,0,0,0,0,0,0,0,0,0,0,0,0,0,0,0,0,0,0,0,0,0,0,0,0,0,0,0,0,0,0,0,0,0,0,0,0,0,0,0,0
5,0,0,0,0,0,0,0,0,0,0,0,0,0,0,0,0,0,0,0,0,0,0,0,0,0,0,0,0,0,0,0,0,0,0,0,0,0,0,0,0,0,0,0,0,0,0,0,0,0,0,0,0,0,0,0,0,0,0,0,0,0,0,0,0,0,0,0,0,0,0,0,0,0,0,0,0,0,0,0,0,0,0,0,0,0,0,0,0,0,0,0,0,0,0,0,0,0,0,0,0,0,0,0,0,0,0,0,0,0,0,0,0,0,0,0,0,0,0,0,0,0,0,0,2,34,34,130,144,173,163,84,0,0,0,0,0,0,0,0,0,0,0,0,0,0,0,0,0,45,177,177,180,253,253,253,254,253,253,231,0,0,0,0,0,0,0,0,0,0,0,0,0,0,0,0,0,225,253,253,253,253,253,253,254,253,253,188,0,0,0,0,0,0,0,0,0,0,0,0,0,0,0,0,0,243,253,246,183,212,121,121,107,88,29,5,0,0,0,0,0,0,0,0,0,0,0,0,0,0,0,0,0,243,253,165,0,0,0,0,0,0,0,0,0,0,0,0,0,0,0,0,0,0,0,0,0,0,0,0,0,243,253,165,0,0,0,0,0,0,0,0,0,0,0,0,0,0,0,0,0,0,0,0,0,0,0,0,5,244,253,165,0,0,0,0,0,0,0,0,0,0,0,0,0,0,0,0,0,0,0,0,0,0,0,0,100,253,253,180,45,45,79,107,45,45,8,0,0,0,0,0,0,0,0,0,0,0,0,0,0,0,0,0,100,253,253,253,253,253,253,253,255,253,199,130,27,0,0,0,0,0,0,0,0,0,0,0,0,0,0,0,13,245,253,253,253,253,253,253,254,253,253,253,232,134,10,0,0,0,0,0,0,0,0,0,0,0,0,0,0,107,111,111,111,111,111,111,112,111,202,253,255,254,99,0,0,0,0,0,0,0,0,0,0,0,0,0,0,0,0,0,0,0,0,0,0,0,0,84,230,253,242,0,0,0,0,0,0,0,0,0,0,0,0,0,0,0,0,0,0,0,0,0,0,0,0,0,118,253,242,0,0,0,0,0,0,0,0,0,0,0,0,0,0,0,0,0,0,0,0,0,0,0,0,0,166,253,247,44,0,0,0,0,0,0,0,0,0,0,0,0,0,0,37,56,5,0,0,0,0,0,0,0,94,253,250,65,0,0,0,0,0,0,0,0,0,0,0,0,0,57,235,253,22,0,0,0,0,0,0,8,173,253,250,65,0,0,0,0,0,0,0,0,0,0,0,0,0,133,253,253,80,5,0,0,0,0,5,129,253,253,189,0,0,0,0,0,0,0,0,0,0,0,0,0,0,114,253,253,253,193,155,155,45,122,193,253,253,238,109,0,0,0,0,0,0,0,0,0,0,0,0,0,0,6,107,253,253,253,253,253,254,253,253,247,176,67,0,0,0,0,0,0,0,0,0,0,0,0,0,0,0,0,8,71,143,210,253,253,254,176,143,130,0,0,0,0,0,0,0,0,0,0,0,0,0,0,0,0,0,0,0,0,0,0,0,0,0,0,0,0,0,0,0,0,0,0,0,0,0,0,0,0,0,0,0,0,0,0,0,0,0,0,0,0,0,0,0,0,0,0,0,0,0,0,0,0,0,0,0,0,0,0,0,0,0,0,0,0,0,0,0,0,0,0,0,0,0,0,0,0,0,0,0,0,0,0,0,0,0,0,0,0,0,0,0,0,0,0,0,0,0,0,0,0,0,0,0,0,0,0,0,0,0
4,0,0,0,0,0,0,0,0,0,0,0,0,0,0,0,0,0,0,0,0,0,0,0,0,0,0,0,0,0,0,0,0,0,0,0,0,0,0,0,0,0,0,0,0,0,0,0,0,0,0,0,0,0,0,0,0,0,0,0,0,0,0,0,0,0,0,0,0,0,0,0,0,0,0,0,0,0,0,0,0,0,0,0,0,0,0,0,0,0,0,0,0,0,0,0,0,0,0,0,0,0,0,0,0,0,0,0,0,0,0,0,0,0,0,0,0,0,0,0,0,0,0,0,0,0,0,0,0,0,0,0,0,0,0,0,0,0,0,0,0,0,0,0,0,0,0,0,0,0,0,0,1,202,243,60,0,0,0,0,0,0,0,0,0,0,0,0,0,0,0,0,0,0,0,0,0,0,0,0,30,254,254,181,0,0,0,25,93,93,69,1,0,0,0,0,0,0,0,0,0,0,0,0,0,0,0,0,30,254,224,14,0,0,21,212,254,254,255,67,0,0,0,0,0,0,0,0,0,0,0,0,0,0,0,0,91,254,128,0,0,0,148,251,115,71,71,4,0,0,0,0,0,0,0,0,0,0,0,0,0,0,0,3,180,230,13,0,0,38,246,196,0,0,0,0,0,0,0,0,0,0,0,0,0,0,0,0,0,0,0,53,254,193,0,0,0,51,254,168,0,0,0,0,0,0,0,0,0,0,0,0,0,0,0,0,0,0,0,128,254,146,0,0,0,51,254,186,0,0,0,0,0,0,0,0,0,0,0,0,0,0,0,0,0,0,0,192,241,29,0,0,0,89,254,113,0,0,10,2,0,0,0,0,0,0,0,0,0,0,0,0,0,0,30,242,185,0,0,0,0,174,254,73,0,57,203,11,0,0,0,0,0,0,0,0,0,0,0,0,0,0,146,254,73,0,0,0,0,218,254,140,201,240,71,0,0,0,0,0,0,0,0,0,0,0,0,0,0,73,244,218,10,0,0,8,62,236,254,254,192,37,0,0,0,0,0,0,0,0,0,0,0,0,0,0,0,184,250,62,23,89,174,224,254,254,254,89,4,0,0,0,0,0,0,0,0,0,0,0,0,0,0,0,29,245,245,174,236,254,254,210,155,254,207,4,0,0,0,0,0,0,0,0,0,0,0,0,0,0,0,0,143,254,254,254,209,130,45,6,47,254,200,0,0,0,0,0,0,0,0,0,0,0,0,0,0,0,0,0,156,186,74,25,6,0,0,0,95,254,152,0,0,0,0,0,0,0,0,0,0,0,0,0,0,0,0,0,7,0,0,0,0,0,0,0,207,254,40,0,0,0,0,0,0,0,0,0,0,0,0,0,0,0,0,0,0,0,0,0,0,0,0,0,213,254,33,0,0,0,0,0,0,0,0,0,0,0,0,0,0,0,0,0,0,0,0,0,0,0,0,0,213,223,13,0,0,0,0,0,0,0,0,0,0,0,0,0,0,0,0,0,0,0,0,0,0,0,0,0,213,220,11,0,0,0,0,0,0,0,0,0,0,0,0,0,0,0,0,0,0,0,0,0,0,0,0,0,158,210,22,0,0,0,0,0,0,0,0,0,0,0,0,0,0,0,0,0,0,0,0,0,0,0,0,0,0,0,0,0,0,0,0,0,0,0,0,0,0,0,0,0,0,0,0,0,0,0,0,0,0,0,0,0,0,0,0,0,0,0,0,0,0,0,0,0,0,0,0,0,0,0,0,0,0,0,0,0,0,0,0,0,0,0,0,0,0,0,0,0,0,0,0,0,0
5,0,0,0,0,0,0,0,0,0,0,0,0,0,0,0,0,0,0,0,0,0,0,0,0,0,0,0,0,0,0,0,0,0,0,0,0,0,0,0,0,0,0,0,0,0,0,0,0,0,0,0,0,0,0,0,0,0,0,0,0,0,0,0,0,0,0,0,0,0,0,0,0,0,0,0,0,0,0,0,0,0,0,0,0,0,0,0,0,0,0,0,0,0,0,0,0,0,0,0,0,0,0,0,0,0,0,0,0,0,0,0,0,0,0,0,0,0,0,0,0,0,0,0,0,0,0,0,0,0,0,0,0,0,0,0,0,0,0,0,0,0,0,0,0,0,0,0,0,0,0,0,0,0,0,0,0,0,0,0,0,0,0,0,0,0,0,0,0,0,0,0,0,0,0,0,0,0,0,0,0,0,0,0,0,0,0,0,0,0,0,0,0,0,0,0,0,0,0,0,0,0,0,0,0,0,0,0,0,0,0,0,0,0,0,0,0,0,0,0,0,0,0,0,0,0,0,0,0,0,0,0,0,0,0,0,0,0,0,0,12,62,121,121,81,32,21,10,0,0,0,0,0,0,0,0,0,0,0,0,0,0,0,0,0,0,0,29,141,253,254,190,178,245,253,212,139,33,0,0,0,0,0,0,0,0,0,0,0,0,0,0,0,0,17,153,253,186,24,4,0,71,155,228,254,240,112,0,0,0,0,0,0,0,0,0,0,0,0,0,0,29,217,254,217,14,0,0,0,0,0,10,69,165,168,0,0,0,0,0,0,0,0,0,0,0,0,28,142,244,253,254,172,24,0,0,0,0,0,0,0,0,0,0,0,0,0,0,0,0,0,0,0,62,142,235,254,254,254,254,254,229,195,105,0,0,0,0,0,0,0,0,0,0,0,0,0,0,0,0,128,252,254,253,208,131,104,143,124,203,215,253,155,6,0,0,0,0,0,0,0,0,0,0,0,0,0,0,208,252,193,49,5,0,0,0,0,0,13,223,225,18,0,0,0,0,0,0,0,0,0,0,0,0,0,0,41,70,0,0,0,0,0,0,0,27,182,254,122,0,0,0,0,0,0,0,0,0,0,0,0,0,0,0,0,0,0,0,0,0,0,6,94,231,254,196,46,0,0,0,0,0,0,0,0,0,0,0,0,0,0,0,0,0,0,0,64,70,126,201,253,252,160,13,0,0,0,0,0,0,0,0,0,0,0,0,0,0,0,87,126,126,132,225,251,254,254,234,150,29,0,0,0,0,0,0,0,0,0,0,0,0,0,0,0,0,0,255,253,253,184,173,173,173,119,18,0,0,0,0,0,0,0,0,0,0,0,0,0,0,0,0,0,0,0,59,20,20,3,0,0,0,0,0,0,0,0,0,0,0,0,0,0,0,0,0,0,0,0,0,0,0,0,0,0,0,0,0,0,0,0,0,0,0,0,0,0,0,0,0,0,0,0,0,0,0,0,0,0,0,0,0,0,0,0,0,0,0,0,0,0,0,0,0,0,0,0,0,0,0,0,0,0,0,0,0,0,0,0,0,0,0,0,0,0,0,0,0,0,0,0,0,0,0,0,0,0,0,0,0,0,0,0,0,0,0,0,0,0,0,0,0,0,0,0,0,0,0,0,0,0,0,0,0,0,0,0,0,0,0,0,0,0,0,0,0,0,0,0,0,0,0,0,0,0,0,0,0,0,0,0,0,0,0,0,0,0,0,0,0,0,0,0,0,0,0,0,0,0,0,0,0,0,0,0,0,0,0,0,0,0,0,0,0,0
1,0,0,0,0,0,0,0,0,0,0,0,0,0,0,0,0,0,0,0,0,0,0,0,0,0,0,0,0,0,0,0,0,0,0,0,0,0,0,0,0,0,0,0,0,0,0,0,0,0,0,0,0,0,0,0,0,0,0,0,0,0,0,0,0,0,0,0,0,0,0,0,0,0,0,0,0,0,0,0,0,0,0,0,0,0,0,0,0,0,0,0,0,0,0,0,0,0,0,0,0,0,0,0,0,0,0,0,0,0,0,0,0,0,0,0,0,0,0,0,0,0,0,0,0,13,156,172,32,0,0,0,0,0,0,0,0,0,0,0,0,0,0,0,0,0,0,0,0,0,0,0,0,80,254,254,59,0,0,0,0,0,0,0,0,0,0,0,0,0,0,0,0,0,0,0,0,0,0,0,0,105,254,254,59,0,0,0,0,0,0,0,0,0,0,0,0,0,0,0,0,0,0,0,0,0,0,0,0,142,254,254,59,0,0,0,0,0,0,0,0,0,0,0,0,0,0,0,0,0,0,0,0,0,0,0,0,142,254,254,101,0,0,0,0,0,0,0,0,0,0,0,0,0,0,0,0,0,0,0,0,0,0,0,0,38,254,254,177,0,0,0,0,0,0,0,0,0,0,0,0,0,0,0,0,0,0,0,0,0,0,0,0,83,254,254,177,0,0,0,0,0,0,0,0,0,0,0,0,0,0,0,0,0,0,0,0,0,0,0,0,131,254,254,177,0,0,0,0,0,0,0,0,0,0,0,0,0,0,0,0,0,0,0,0,0,0,0,0,24,254,254,158,0,0,0,0,0,0,0,0,0,0,0,0,0,0,0,0,0,0,0,0,0,0,0,0,24,254,255,59,0,0,0,0,0,0,0,0,0,0,0,0,0,0,0,0,0,0,0,0,0,0,0,0,24,254,254,59,0,0,0,0,0,0,0,0,0,0,0,0,0,0,0,0,0,0,0,0,0,0,0,0,24,254,255,59,0,0,0,0,0,0,0,0,0,0,0,0,0,0,0,0,0,0,0,0,0,0,0,0,24,254,254,112,0,0,0,0,0,0,0,0,0,0,0,0,0,0,0,0,0,0,0,0,0,0,0,0,24,254,254,177,0,0,0,0,0,0,0,0,0,0,0,0,0,0,0,0,0,0,0,0,0,0,0,0,94,254,255,222,24,0,0,0,0,0,0,0,0,0,0,0,0,0,0,0,0,0,0,0,0,0,0,0,66,254,254,218,89,11,0,0,0,0,0,0,0,0,0,0,0,0,0,0,0,0,0,0,0,0,0,0,80,254,254,254,159,0,0,0,0,0,0,0,0,0,0,0,0,0,0,0,0,0,0,0,0,0,0,0,17,224,254,254,235,18,0,0,0,0,0,0,0,0,0,0,0,0,0,0,0,0,0,0,0,0,0,0,0,114,254,254,169,14,0,0,0,0,0,0,0,0,0,0,0,0,0,0,0,0,0,0,0,0,0,0,0,42,254,182,3,0,0,0,0,0,0,0,0,0,0,0,0,0,0,0,0,0,0,0,0,0,0,0,0,0,0,0,0,0,0,0,0,0,0,0,0,0,0,0,0,0,0,0,0,0,0,0,0,0,0,0,0,0,0,0,0,0,0,0,0,0,0,0,0,0,0,0,0,0,0,0,0,0,0,0,0,0,0,0,0,0,0,0,0,0,0,0,0,0,0,0,0,0,0,0,0,0,0,0,0,0,0,0,0,0,0,0,0,0,0,0,0,0,0,0,0,0,0,0,0,0,0,0
4,0,0,0,0,0,0,0,0,0,0,0,0,0,0,0,0,0,0,0,0,0,0,0,0,0,0,0,0,0,0,0,0,0,0,0,0,0,0,0,0,0,0,0,0,0,0,0,0,0,0,0,0,0,0,0,0,0,0,0,0,0,0,0,0,0,0,0,0,0,0,0,0,0,0,0,0,0,0,0,0,0,0,0,0,0,0,0,0,0,0,0,0,0,0,0,0,0,0,0,0,0,0,0,0,0,0,0,0,0,0,0,0,0,0,0,0,0,0,0,0,0,0,0,0,0,0,0,0,0,0,0,0,0,0,0,0,0,0,0,0,0,0,0,0,0,0,0,0,0,0,0,0,0,0,0,0,21,198,40,0,0,0,0,0,0,0,0,0,0,0,0,0,0,0,0,0,0,40,164,20,0,0,0,0,87,254,60,0,0,0,0,0,0,0,0,0,0,0,0,0,0,0,0,0,0,86,254,85,0,0,0,0,142,254,60,0,0,0,0,0,0,0,0,0,0,0,0,0,0,0,0,0,0,171,254,64,0,0,0,0,203,254,60,0,0,0,0,0,0,0,0,0,0,0,0,0,0,0,0,0,0,212,235,20,0,0,0,0,181,254,82,0,0,0,0,0,0,0,0,0,0,0,0,0,0,0,0,0,0,168,241,23,0,0,0,0,118,254,146,0,0,0,0,0,0,0,0,0,0,0,0,0,0,0,0,0,37,245,198,0,0,0,0,0,118,254,146,0,0,0,0,0,0,0,0,0,0,0,0,0,0,0,0,0,141,254,151,0,28,53,53,45,134,254,146,0,0,0,0,0,0,0,0,0,0,0,0,0,0,0,0,0,151,254,187,211,239,254,254,250,248,254,162,0,0,0,0,0,0,0,0,0,0,0,0,0,0,0,0,0,225,254,254,254,232,167,197,217,254,254,251,99,0,0,0,0,0,0,0,0,0,0,0,0,0,0,0,0,238,254,233,122,21,0,0,35,254,254,254,150,0,0,0,0,0,0,0,0,0,0,0,0,0,0,0,0,96,133,30,0,0,0,0,106,254,242,170,130,0,0,0,0,0,0,0,0,0,0,0,0,0,0,0,0,0,0,0,0,0,0,0,122,254,189,0,0,0,0,0,0,0,0,0,0,0,0,0,0,0,0,0,0,0,0,0,0,0,0,0,130,254,142,0,0,0,0,0,0,0,0,0,0,0,0,0,0,0,0,0,0,0,0,0,0,0,0,0,208,254,142,0,0,0,0,0,0,0,0,0,0,0,0,0,0,0,0,0,0,0,0,0,0,0,0,0,208,254,78,0,0,0,0,0,0,0,0,0,0,0,0,0,0,0,0,0,0,0,0,0,0,0,0,16,226,254,56,0,0,0,0,0,0,0,0,0,0,0,0,0,0,0,0,0,0,0,0,0,0,0,0,72,255,254,88,0,0,0,0,0,0,0,0,0,0,0,0,0,0,0,0,0,0,0,0,0,0,0,0,125,255,254,112,0,0,0,0,0,0,0,0,0,0,0,0,0,0,0,0,0,0,0,0,0,0,0,0,26,239,204,18,0,0,0,0,0,0,0,0,0,0,0,0,0,0,0,0,0,0,0,0,0,0,0,0,0,0,0,0,0,0,0,0,0,0,0,0,0,0,0,0,0,0,0,0,0,0,0,0,0,0,0,0,0,0,0,0,0,0,0,0,0,0,0,0,0,0,0,0,0,0,0,0,0,0,0,0,0,0,0,0,0,0,0,0,0,0,0,0,0,0,0,0,0,0
4,0,0,0,0,0,0,0,0,0,0,0,0,0,0,0,0,0,0,0,0,0,0,0,0,0,0,0,0,0,0,0,0,0,0,0,0,0,0,0,0,0,0,0,0,0,0,0,0,0,0,0,0,0,0,0,0,0,0,0,0,0,0,0,0,0,0,0,0,0,0,0,0,0,0,0,0,0,0,0,0,0,0,0,0,0,0,0,0,0,0,0,0,0,0,0,0,0,0,0,0,0,0,0,0,0,0,0,0,0,0,0,0,0,0,0,0,0,0,0,0,0,0,0,0,0,0,0,0,0,0,0,0,0,0,0,0,0,0,0,0,0,0,0,0,0,0,0,0,0,0,0,0,0,0,0,0,0,13,215,55,0,0,0,0,0,0,0,0,0,0,0,0,0,0,0,0,0,0,3,55,0,0,0,0,0,128,252,55,0,0,0,0,0,0,0,0,0,0,0,0,0,0,0,0,0,0,146,245,98,0,0,0,0,242,206,10,0,0,0,0,0,0,0,0,0,0,0,0,0,0,0,0,0,0,231,252,118,0,0,0,96,252,92,0,0,0,0,0,0,0,0,0,0,0,0,0,0,0,0,0,0,20,236,252,66,0,0,0,100,243,50,0,0,0,0,0,0,0,0,0,0,0,0,0,0,0,0,0,20,193,252,218,14,0,0,0,100,252,88,0,0,0,0,0,0,0,0,0,0,0,0,0,0,0,0,0,56,252,252,108,0,0,0,0,100,252,88,0,0,0,0,0,0,0,0,0,0,0,0,0,0,0,0,0,56,252,246,39,0,0,0,0,100,239,34,0,0,0,0,0,0,0,0,0,0,0,0,0,0,0,0,0,56,252,241,0,0,0,0,0,100,247,65,0,0,0,0,0,0,0,0,0,0,0,0,0,0,0,0,0,56,252,251,153,111,111,111,111,166,252,88,0,0,0,0,0,0,0,0,0,0,0,0,0,0,0,0,0,0,126,251,253,253,253,255,253,253,250,77,0,0,0,0,0,0,0,0,0,0,0,0,0,0,0,0,0,0,0,70,143,186,186,187,186,241,230,0,0,0,0,0,0,0,0,0,0,0,0,0,0,0,0,0,0,0,0,0,0,0,0,0,0,119,230,0,0,0,0,0,0,0,0,0,0,0,0,0,0,0,0,0,0,0,0,0,0,0,0,0,0,157,242,46,0,0,0,0,0,0,0,0,0,0,0,0,0,0,0,0,0,0,0,0,0,0,0,0,0,209,252,88,0,0,0,0,0,0,0,0,0,0,0,0,0,0,0,0,0,0,0,0,0,0,0,0,0,209,252,88,0,0,0,0,0,0,0,0,0,0,0,0,0,0,0,0,0,0,0,0,0,0,0,0,0,156,233,12,0,0,0,0,0,0,0,0,0,0,0,0,0,0,0,0,0,0,0,0,0,0,0,0,0,100,252,107,0,0,0,0,0,0,0,0,0,0,0,0,0,0,0,0,0,0,0,0,0,0,0,0,0,69,249,197,0,0,0,0,0,0,0,0,0,0,0,0,0,0,0,0,0,0,0,0,0,0,0,0,0,0,194,245,48,0,0,0,0,0,0,0,0,0,0,0,0,0,0,0,0,0,0,0,0,0,0,0,0,0,0,0,0,0,0,0,0,0,0,0,0,0,0,0,0,0,0,0,0,0,0,0,0,0,0,0,0,0,0,0,0,0,0,0,0,0,0,0,0,0,0,0,0,0,0,0,0,0,0,0,0,0,0,0,0,0,0,0,0,0,0,0,0,0,0,0,0
7,0,0,0,0,0,0,0,0,0,0,0,0,0,0,0,0,0,0,0,0,0,0,0,0,0,0,0,0,0,0,0,0,0,0,0,0,0,0,0,0,0,0,0,0,0,0,0,0,0,0,0,0,0,0,0,0,0,0,0,0,0,0,0,0,0,0,0,0,0,0,0,0,0,0,0,0,0,0,0,0,0,0,0,0,0,0,0,0,0,0,0,0,0,0,0,0,0,0,0,0,0,0,0,0,0,0,0,0,0,0,0,0,0,0,0,0,0,0,0,0,0,0,0,0,0,0,0,0,0,0,0,0,0,0,0,0,0,0,0,0,0,0,0,0,0,0,0,0,0,0,0,0,0,0,0,0,0,0,0,0,0,0,0,0,0,0,0,0,0,0,0,0,0,0,0,0,0,0,91,253,201,132,133,64,13,10,0,0,0,0,0,0,0,0,0,0,0,0,0,0,0,0,0,0,0,0,205,252,252,252,253,252,252,231,145,111,17,0,0,0,0,0,0,0,0,0,0,0,0,0,0,0,0,0,130,252,252,252,253,252,252,252,252,252,220,111,4,0,0,0,0,0,0,0,0,0,0,0,0,0,0,0,85,252,252,252,253,252,252,252,252,252,252,252,23,0,0,0,0,0,0,0,0,0,0,0,0,0,0,0,24,72,181,221,253,252,252,252,252,252,252,252,23,0,0,0,0,0,0,0,0,0,0,0,0,0,0,0,0,0,0,29,60,60,105,212,252,252,252,252,23,0,0,0,0,0,0,0,0,0,0,0,0,0,0,0,0,0,0,0,0,9,189,252,252,252,252,133,5,0,0,0,0,0,0,0,0,0,0,0,0,0,0,0,0,0,0,0,11,220,252,252,252,252,179,5,0,0,0,0,0,0,0,0,0,0,0,0,0,0,0,0,0,0,0,53,173,252,252,252,252,221,38,0,0,0,0,0,0,0,0,0,0,0,0,0,0,0,0,0,0,0,53,241,253,252,252,252,252,65,0,0,0,0,0,0,0,0,0,0,0,0,0,0,0,0,0,0,0,57,242,253,255,253,253,228,35,0,0,0,0,0,0,0,0,0,0,0,0,0,0,0,0,0,0,0,49,237,252,252,253,252,249,127,0,0,0,0,0,0,0,0,0,0,0,0,0,0,0,0,0,0,0,28,166,252,252,252,253,252,198,0,0,0,0,0,0,0,0,0,0,0,0,0,0,0,0,0,0,0,41,233,252,252,252,252,253,213,32,0,0,0,0,0,0,0,0,0,0,0,0,0,0,0,0,0,0,64,198,252,252,252,252,252,216,31,0,0,0,0,0,0,0,0,0,0,0,0,0,0,0,0,0,0,63,233,252,252,252,252,252,126,29,0,0,0,0,0,0,0,0,0,0,0,0,0,0,0,0,0,0,9,189,252,252,252,252,220,59,3,0,0,0,0,0,0,0,0,0,0,0,0,0,0,0,0,0,0,0,15,216,252,252,252,220,39,0,0,0,0,0,0,0,0,0,0,0,0,0,0,0,0,0,0,0,0,0,0,157,252,252,169,96,0,0,0,0,0,0,0,0,0,0,0,0,0,0,0,0,0,0,0,0,0,0,0,82,212,252,118,0,0,0,0,0,0,0,0,0,0,0,0,0,0,0,0,0,0,0,0,0,0,0,0,0,0,0,0,0,0,0,0,0,0,0,0,0,0,0,0,0,0,0,0,0,0,0,0,0,0,0,0,0,0,0,0,0,0,0,0,0,0,0,0,0,0,0,0,0,0,0,0,0,0
2,0,0,0,0,0,0,0,0,0,0,0,0,0,0,0,0,0,0,0,0,0,0,0,0,0,0,0,0,0,0,0,0,0,0,0,0,0,0,0,0,0,0,0,0,0,0,0,0,0,0,0,0,0,0,0,0,0,0,0,0,0,0,0,0,0,0,0,0,0,0,0,0,0,0,0,0,0,0,0,0,0,0,0,0,0,0,0,0,0,0,0,0,0,0,0,0,0,0,0,0,0,0,0,0,0,0,0,0,0,0,0,0,0,0,0,0,0,0,0,0,0,0,0,1,28,154,254,163,225,254,254,254,209,82,1,0,0,0,0,0,0,0,0,0,0,0,0,0,1,86,136,154,253,253,253,253,253,253,253,253,253,253,24,0,0,0,0,0,0,0,0,0,0,0,0,8,151,253,253,253,253,240,235,235,235,137,156,253,253,253,24,0,0,0,0,0,0,0,0,0,0,0,0,13,251,228,228,210,105,33,0,0,0,8,158,253,253,183,10,0,0,0,0,0,0,0,0,0,0,0,0,5,92,0,0,0,0,0,0,0,24,157,253,253,181,12,0,0,0,0,0,0,0,0,0,0,0,0,0,0,0,0,0,0,0,0,0,10,201,253,253,179,14,0,0,0,0,0,0,0,0,0,0,0,0,0,0,0,0,0,0,0,0,0,38,188,253,240,170,15,0,0,0,0,0,0,0,0,0,0,0,0,0,0,0,0,0,0,0,0,0,59,191,253,240,143,0,0,0,0,0,0,0,0,0,0,0,0,0,0,0,0,0,0,0,0,0,0,10,191,253,240,84,0,0,0,0,0,0,0,0,0,0,0,0,0,0,0,0,0,0,0,0,0,0,28,198,253,240,84,0,0,0,0,0,0,0,0,0,0,0,0,0,0,0,0,0,0,0,0,0,0,58,201,253,240,84,0,0,0,0,0,0,0,0,0,0,0,0,0,0,0,0,0,0,0,0,0,6,87,232,253,240,84,0,0,0,0,0,0,0,0,0,0,0,0,0,0,0,0,0,0,0,0,0,4,94,253,253,223,41,0,0,0,0,0,0,0,0,0,0,0,0,0,0,0,0,0,0,0,0,0,0,117,253,253,200,82,0,0,0,0,0,0,0,0,0,0,0,0,0,0,0,0,0,0,0,0,0,0,52,237,253,244,63,0,0,0,0,0,0,0,0,0,0,0,39,148,217,217,0,0,0,0,0,0,0,0,179,253,246,79,0,0,0,0,0,0,0,0,0,0,86,209,236,253,207,33,0,0,0,0,0,0,0,0,254,253,235,0,0,0,0,0,24,106,106,203,230,230,250,253,157,94,13,0,0,0,0,0,0,0,0,0,254,253,243,112,112,112,194,236,240,253,253,253,253,160,97,18,2,0,0,0,0,0,0,0,0,0,0,0,79,253,253,253,253,253,253,253,253,253,163,135,35,2,0,0,0,0,0,0,0,0,0,0,0,0,0,0,1,73,138,253,253,253,232,129,102,5,2,0,0,0,0,0,0,0,0,0,0,0,0,0,0,0,0,0,0,0,0,0,0,0,0,0,0,0,0,0,0,0,0,0,0,0,0,0,0,0,0,0,0,0,0,0,0,0,0,0,0,0,0,0,0,0,0,0,0,0,0,0,0,0,0,0,0,0,0,0,0,0,0,0,0,0,0,0,0,0,0,0,0,0,0,0,0,0,0,0,0,0,0,0,0,0,0,0,0,0,0,0,0,0,0,0,0,0,0,0,0,0,0,0,0,0,0,0,0,0,0,0,0,0
3,0,0,0,0,0,0,0,0,0,0,0,0,0,0,0,0,0,0,0,0,0,0,0,0,0,0,0,0,0,0,0,0,0,0,0,0,0,0,0,0,0,0,0,0,0,0,0,0,0,0,0,0,0,0,0,0,0,0,0,0,0,0,0,0,0,0,0,0,0,0,0,0,0,0,0,0,0,0,0,0,0,0,0,0,0,0,0,0,0,0,0,0,0,0,0,0,0,0,0,0,0,0,0,0,0,0,0,0,0,0,0,0,0,0,0,0,0,0,0,0,0,0,0,0,0,0,0,0,0,0,0,0,0,0,0,0,0,0,0,0,0,0,0,0,0,0,0,0,56,155,155,155,250,218,254,173,43,0,0,0,0,0,0,0,0,0,0,0,0,0,0,0,0,0,48,175,244,215,184,144,144,144,106,229,244,76,0,0,0,0,0,0,0,0,0,0,0,0,0,0,0,0,85,147,48,0,0,0,0,0,0,39,230,204,0,0,0,0,0,0,0,0,0,0,0,0,0,0,0,0,2,12,0,0,0,0,0,0,0,1,168,232,0,0,0,0,0,0,0,0,0,0,0,0,0,0,0,0,0,0,0,0,0,0,0,0,0,75,254,110,0,0,0,0,0,0,0,0,0,0,0,0,0,0,0,0,0,0,0,0,0,0,5,31,128,221,207,34,31,4,0,0,0,0,0,0,0,0,0,0,0,0,0,0,0,0,0,0,44,86,191,254,254,254,254,254,254,183,25,0,0,0,0,0,0,0,0,0,0,0,0,0,0,0,4,138,248,254,215,254,156,34,15,100,181,234,213,27,0,0,0,0,0,0,0,0,0,0,0,0,0,0,98,254,254,254,239,123,1,0,0,0,0,30,197,157,0,0,0,0,0,0,0,0,0,0,0,0,0,0,50,105,105,71,4,0,0,0,0,0,0,0,106,250,123,0,0,0,0,0,0,0,0,0,0,0,0,0,0,0,0,0,0,0,0,0,0,0,0,0,0,192,166,1,0,0,0,0,0,0,0,0,0,0,0,0,0,0,0,0,0,0,0,0,0,0,0,0,0,36,254,10,0,0,0,0,0,0,0,0,0,0,0,0,2,85,11,0,0,0,0,0,0,0,0,0,0,127,249,9,0,0,0,0,0,0,0,0,0,0,0,0,115,176,8,0,0,0,0,0,0,0,0,0,54,239,80,0,0,0,0,0,0,0,0,0,0,0,0,33,219,10,0,0,0,0,0,0,0,0,0,72,205,209,0,0,0,0,0,0,0,0,0,0,0,0,0,66,234,0,0,0,0,0,0,0,0,0,121,246,198,35,0,0,0,0,0,0,0,0,0,0,0,0,0,5,168,137,4,0,0,0,0,0,46,180,239,160,14,0,0,0,0,0,0,0,0,0,0,0,0,0,0,0,46,254,96,0,0,0,36,40,231,249,80,0,0,0,0,0,0,0,0,0,0,0,0,0,0,0,0,0,9,139,249,212,145,183,240,204,186,24,0,0,0,0,0,0,0,0,0,0,0,0,0,0,0,0,0,0,0,0,61,154,194,154,85,0,0,0,0,0,0,0,0,0,0,0,0,0,0,0,0,0,0,0,0,0,0,0,0,0,0,0,0,0,0,0,0,0,0,0,0,0,0,0,0,0,0,0,0,0,0,0,0,0,0,0,0,0,0,0,0,0,0,0,0,0,0,0,0,0,0,0,0,0,0,0,0,0,0,0,0,0,0,0,0,0,0,0,0,0,0,0,0,0,0,0,0,0,0,0,0,0
2,0,0,0,0,0,0,0,0,0,0,0,0,0,0,0,0,0,0,0,0,0,0,0,0,0,0,0,0,0,0,0,0,0,0,0,0,0,0,0,0,0,0,0,0,0,0,0,0,0,0,0,0,0,0,0,0,0,0,0,0,0,0,0,0,0,0,0,0,0,0,0,0,0,0,0,0,0,0,0,0,0,0,0,0,0,0,0,0,0,0,0,0,0,0,0,0,0,0,0,0,0,0,0,0,0,0,0,0,0,0,0,0,0,0,0,0,0,0,0,0,0,0,0,89,207,253,255,206,88,0,0,0,0,0,0,0,0,0,0,0,0,0,0,0,0,0,0,0,0,0,76,215,252,252,253,252,246,122,0,0,0,0,0,0,0,0,0,0,0,0,0,0,0,0,0,0,0,0,225,239,180,55,119,246,252,230,25,0,0,0,0,0,0,0,0,0,0,0,0,0,0,0,0,0,0,0,225,195,0,0,0,122,246,252,112,0,0,0,0,0,0,0,0,0,0,0,0,0,0,0,0,0,0,0,225,195,0,0,0,0,197,252,112,0,0,0,0,0,0,0,0,0,0,0,0,0,0,0,0,0,0,0,126,31,0,0,0,0,198,253,112,0,0,0,0,0,0,0,0,0,0,0,0,0,0,0,0,0,0,0,0,0,0,0,0,0,72,252,112,0,0,0,0,0,0,0,0,0,0,0,0,0,0,0,0,0,0,0,0,0,0,0,0,0,88,252,112,0,0,0,0,0,0,0,0,0,0,0,0,0,0,0,0,0,0,0,0,0,0,0,0,0,197,252,112,0,0,0,0,0,0,0,0,0,0,0,0,0,0,0,0,0,0,0,0,0,0,0,0,0,197,252,112,0,0,0,0,0,0,0,0,0,0,0,0,0,0,0,0,0,0,0,0,0,0,0,0,85,253,225,0,0,0,0,0,0,0,0,0,0,0,0,0,0,0,0,0,0,0,0,29,85,85,38,0,210,252,99,0,0,0,0,0,0,0,0,0,0,0,0,0,0,0,0,0,0,32,120,215,252,252,221,198,246,208,19,0,0,0,0,0,0,0,0,0,0,0,0,0,0,0,0,0,0,140,253,242,223,227,252,253,252,195,0,0,0,0,0,0,0,0,0,0,0,0,0,0,0,0,0,0,16,203,253,89,0,13,189,253,252,195,0,0,0,0,0,0,0,0,0,0,0,0,0,0,0,0,0,0,29,253,255,27,0,92,253,255,253,253,84,0,0,0,0,0,0,0,0,0,0,0,0,0,0,0,0,0,29,252,253,103,117,243,252,106,103,252,218,38,0,0,0,0,0,0,0,0,0,0,0,0,0,0,0,0,7,165,253,252,252,245,118,0,19,177,252,112,0,0,0,0,0,0,0,0,0,0,0,0,0,0,0,0,0,126,253,242,192,74,0,0,0,57,252,205,29,3,0,0,0,0,0,0,0,0,0,0,0,0,0,0,0,0,112,74,0,0,0,0,0,25,205,252,253,27,0,0,0,0,0,0,0,0,0,0,0,0,0,0,0,0,0,0,0,0,0,0,0,0,0,0,0,0,0,0,0,0,0,0,0,0,0,0,0,0,0,0,0,0,0,0,0,0,0,0,0,0,0,0,0,0,0,0,0,0,0,0,0,0,0,0,0,0,0,0,0,0,0,0,0,0,0,0,0,0,0,0,0,0,0,0,0,0,0,0,0,0,0,0,0,0,0,0,0,0,0,0,0,0,0,0,0,0,0,0,0,0,0,0,0,0,0,0,0
7,0,0,0,0,0,0,0,0,0,0,0,0,0,0,0,0,0,0,0,0,0,0,0,0,0,0,0,0,0,0,0,0,0,0,0,0,0,0,0,0,0,0,0,0,0,0,0,0,0,0,0,0,0,0,0,0,0,0,0,0,0,0,0,0,0,0,0,0,0,0,0,0,0,0,0,0,0,0,0,0,0,0,0,0,0,0,0,0,0,0,0,0,0,0,0,0,0,0,0,0,0,0,0,0,0,0,0,0,0,0,0,0,0,0,0,0,0,0,0,0,0,0,0,0,0,0,0,0,0,0,0,0,0,0,0,0,0,0,0,0,0,0,0,0,0,0,0,0,0,0,0,0,0,0,0,0,0,0,0,0,0,0,0,0,0,0,0,0,0,0,0,0,0,0,0,0,0,0,0,14,145,231,217,237,158,8,0,0,0,0,0,0,0,0,0,0,0,0,0,0,0,0,0,0,0,0,69,183,171,26,0,52,254,128,0,0,0,0,0,0,0,0,0,0,0,0,0,0,0,0,0,0,0,0,133,93,0,0,0,13,169,156,0,0,0,0,0,0,0,0,0,0,0,0,0,0,0,0,0,0,0,0,0,0,0,0,0,4,183,138,0,0,0,0,0,0,0,0,0,0,0,0,0,0,0,0,0,0,0,0,0,0,0,0,0,104,210,13,0,0,0,0,0,0,0,0,0,0,0,0,0,0,0,0,0,0,0,0,0,0,0,0,0,130,195,0,0,0,0,0,0,0,0,0,0,0,0,0,0,0,0,0,0,0,0,0,0,0,0,0,0,130,195,0,0,0,0,0,0,0,0,0,0,0,0,0,0,0,0,0,0,0,0,0,0,0,0,0,0,214,157,0,0,0,0,0,0,0,0,0,0,0,0,0,0,0,0,0,0,0,0,0,0,0,0,0,46,247,87,0,0,0,0,0,0,0,0,0,0,0,0,0,0,0,0,0,0,0,0,0,0,0,0,0,162,171,31,0,0,0,0,0,0,0,0,0,0,0,0,0,0,0,0,0,0,0,0,0,0,0,0,0,201,125,0,0,0,0,0,0,0,0,0,0,0,0,0,0,0,0,0,0,0,0,0,0,0,0,0,0,201,125,0,0,0,0,0,0,0,0,0,0,0,0,0,0,0,0,0,0,0,0,0,0,0,0,0,37,215,49,0,0,0,0,0,0,0,0,0,0,0,0,0,0,0,0,0,0,0,0,0,0,0,0,0,97,74,0,0,0,0,0,0,0,0,0,0,0,0,0,0,0,0,0,0,0,0,0,0,0,0,0,2,173,100,0,0,0,0,0,0,0,0,0,0,0,0,0,0,0,0,0,0,0,0,0,0,0,0,0,17,255,54,0,0,0,0,0,0,0,0,0,0,0,0,0,0,0,0,0,0,0,0,0,0,0,0,0,61,209,9,0,0,0,0,0,0,0,0,0,0,0,0,0,0,0,0,0,0,0,0,0,0,0,0,0,185,160,54,0,0,0,0,0,0,0,0,0,0,0,0,0,0,0,0,0,0,0,0,0,0,0,0,0,234,254,54,0,0,0,0,0,0,0,0,0,0,0,0,0,0,0,0,0,0,0,0,0,0,0,0,0,187,161,8,0,0,0,0,0,0,0,0,0,0,0,0,0,0,0,0,0,0,0,0,0,0,0,0,0,0,0,0,0,0,0,0,0,0,0,0,0,0,0,0,0,0,0,0,0,0,0,0,0,0,0,0,0,0,0,0,0,0,0,0,0,0,0,0,0,0,0,0,0
1,0,0,0,0,0,0,0,0,0,0,0,0,0,0,0,0,0,0,0,0,0,0,0,0,0,0,0,0,0,0,0,0,0,0,0,0,0,0,0,0,0,0,0,0,0,0,0,0,0,0,0,0,0,0,0,0,0,0,0,0,0,0,0,0,0,0,0,0,0,0,0,0,0,0,0,0,0,0,0,0,0,0,0,0,0,0,0,0,0,0,0,0,0,0,0,0,0,0,0,0,0,0,0,0,0,0,0,0,0,0,0,0,0,0,0,0,0,0,0,0,0,0,0,0,0,0,185,94,0,0,0,0,0,0,0,0,0,0,0,0,0,0,0,0,0,0,0,0,0,0,0,0,0,2,131,39,0,0,0,0,0,0,0,0,0,0,0,0,0,0,0,0,0,0,0,0,0,0,0,0,0,74,254,42,0,0,0,0,0,0,0,0,0,0,0,0,0,0,0,0,0,0,0,0,0,0,0,0,0,71,254,116,0,0,0,0,0,0,0,0,0,0,0,0,0,0,0,0,0,0,0,0,0,0,0,0,0,71,254,99,0,0,0,0,0,0,0,0,0,0,0,0,0,0,0,0,0,0,0,0,0,0,0,0,0,126,254,121,0,0,0,0,0,0,0,0,0,0,0,0,0,0,0,0,0,0,0,0,0,0,0,0,0,126,254,121,0,0,0,0,0,0,0,0,0,0,0,0,0,0,0,0,0,0,0,0,0,0,0,0,0,126,254,55,0,0,0,0,0,0,0,0,0,0,0,0,0,0,0,0,0,0,0,0,0,0,0,0,0,126,254,37,0,0,0,0,0,0,0,0,0,0,0,0,0,0,0,0,0,0,0,0,0,0,0,0,0,126,254,37,0,0,0,0,0,0,0,0,0,0,0,0,0,0,0,0,0,0,0,0,0,0,0,0,0,126,254,37,0,0,0,0,0,0,0,0,0,0,0,0,0,0,0,0,0,0,0,0,0,0,0,0,0,142,215,6,0,0,0,0,0,0,0,0,0,0,0,0,0,0,0,0,0,0,0,0,0,0,0,0,0,209,190,0,0,0,0,0,0,0,0,0,0,0,0,0,0,0,0,0,0,0,0,0,0,0,0,0,34,249,125,0,0,0,0,0,0,0,0,0,0,0,0,0,0,0,0,0,0,0,0,0,0,0,0,0,38,254,125,0,0,0,0,0,0,0,0,0,0,0,0,0,0,0,0,0,0,0,0,0,0,0,0,0,13,225,125,0,0,0,0,0,0,0,0,0,0,0,0,0,0,0,0,0,0,0,0,0,0,0,0,0,62,255,102,0,0,0,0,0,0,0,0,0,0,0,0,0,0,0,0,0,0,0,0,0,0,0,0,0,122,228,16,0,0,0,0,0,0,0,0,0,0,0,0,0,0,0,0,0,0,0,0,0,0,0,0,0,122,213,0,0,0,0,0,0,0,0,0,0,0,0,0,0,0,0,0,0,0,0,0,0,0,0,0,0,122,185,0,0,0,0,0,0,0,0,0,0,0,0,0,0,0,0,0,0,0,0,0,0,0,0,0,0,0,0,0,0,0,0,0,0,0,0,0,0,0,0,0,0,0,0,0,0,0,0,0,0,0,0,0,0,0,0,0,0,0,0,0,0,0,0,0,0,0,0,0,0,0,0,0,0,0,0,0,0,0,0,0,0,0,0,0,0,0,0,0,0,0,0,0,0,0,0,0,0,0,0,0,0,0,0,0,0,0,0,0,0,0,0,0,0,0,0,0,0,0,0,0,0,0,0,0,0
8,0,0,0,0,0,0,0,0,0,0,0,0,0,0,0,0,0,0,0,0,0,0,0,0,0,0,0,0,0,0,0,0,0,0,0,0,0,0,0,0,0,0,0,0,0,0,0,0,0,0,0,0,0,0,0,0,0,0,0,0,0,0,0,0,0,0,0,0,0,0,0,0,0,0,0,0,0,0,0,0,0,0,0,0,0,0,0,0,0,0,0,0,0,0,0,0,0,0,0,0,0,0,0,0,0,0,0,0,0,0,0,0,0,0,0,0,0,0,0,0,0,0,0,0,0,0,0,0,0,0,0,0,0,0,0,0,0,0,0,0,0,0,0,0,0,0,0,0,0,0,0,0,21,214,253,254,213,132,10,0,0,0,0,0,0,0,0,0,0,0,0,0,0,0,0,0,0,0,0,21,162,253,252,253,252,253,172,0,0,0,0,0,0,0,0,0,0,0,0,0,0,0,0,0,0,0,0,72,253,254,131,62,102,193,253,21,0,0,0,0,0,0,0,0,0,0,0,0,0,0,0,0,0,0,0,233,252,172,10,0,0,71,252,102,0,0,0,0,0,0,0,0,0,0,0,0,0,0,0,0,0,0,102,254,253,0,0,0,0,51,253,102,0,0,0,0,0,0,0,0,0,0,0,0,0,0,0,0,0,0,142,253,171,0,0,0,0,92,252,102,0,0,0,0,0,0,0,0,0,0,0,0,0,0,0,0,0,0,203,254,91,0,0,0,41,214,253,41,0,0,0,0,0,0,0,0,0,0,0,0,0,0,0,0,0,41,243,233,30,0,0,41,243,253,212,0,0,0,0,0,0,0,0,0,0,0,0,0,0,0,0,0,0,113,253,234,30,0,0,173,253,254,91,0,0,0,0,0,0,0,0,0,0,0,0,0,0,0,0,0,0,71,252,253,172,21,183,253,252,253,91,0,0,0,0,0,0,0,0,0,0,0,0,0,0,0,0,0,0,0,183,254,253,254,253,254,172,254,253,0,0,0,0,0,0,0,0,0,0,0,0,0,0,0,0,0,0,0,61,213,252,253,252,131,10,131,252,123,0,0,0,0,0,0,0,0,0,0,0,0,0,0,0,0,0,0,0,113,253,254,50,0,0,51,253,203,0,0,0,0,0,0,0,0,0,0,0,0,0,0,0,0,0,0,0,233,252,172,10,0,0,51,252,223,20,0,0,0,0,0,0,0,0,0,0,0,0,0,0,0,0,0,0,254,253,0,0,0,0,51,253,203,0,0,0,0,0,0,0,0,0,0,0,0,0,0,0,0,0,0,41,253,252,0,0,0,0,92,252,162,0,0,0,0,0,0,0,0,0,0,0,0,0,0,0,0,0,0,103,255,253,0,0,11,173,255,233,0,0,0,0,0,0,0,0,0,0,0,0,0,0,0,0,0,0,0,102,253,252,41,41,173,252,213,30,0,0,0,0,0,0,0,0,0,0,0,0,0,0,0,0,0,0,0,41,234,253,255,253,255,172,41,0,0,0,0,0,0,0,0,0,0,0,0,0,0,0,0,0,0,0,0,0,71,252,253,212,91,10,0,0,0,0,0,0,0,0,0,0,0,0,0,0,0,0,0,0,0,0,0,0,0,0,0,0,0,0,0,0,0,0,0,0,0,0,0,0,0,0,0,0,0,0,0,0,0,0,0,0,0,0,0,0,0,0,0,0,0,0,0,0,0,0,0,0,0,0,0,0,0,0,0,0,0,0,0,0,0,0,0,0,0,0,0,0,0,0,0,0,0,0,0,0,0
1,0,0,0,0,0,0,0,0,0,0,0,0,0,0,0,0,0,0,0,0,0,0,0,0,0,0,0,0,0,0,0,0,0,0,0,0,0,0,0,0,0,0,0,0,0,0,0,0,0,0,0,0,0,0,0,0,0,0,0,0,0,0,0,0,0,0,0,0,0,0,0,0,0,0,0,0,0,0,0,0,0,0,0,0,0,0,0,0,0,0,0,0,0,0,0,0,0,0,0,0,0,0,0,0,0,0,0,0,0,0,0,0,0,0,0,0,0,0,0,0,0,0,0,0,0,0,0,123,138,4,0,0,0,0,0,0,0,0,0,0,0,0,0,0,0,0,0,0,0,0,0,0,0,0,116,253,252,21,0,0,0,0,0,0,0,0,0,0,0,0,0,0,0,0,0,0,0,0,0,0,0,0,211,253,210,11,0,0,0,0,0,0,0,0,0,0,0,0,0,0,0,0,0,0,0,0,0,0,0,0,211,253,224,14,0,0,0,0,0,0,0,0,0,0,0,0,0,0,0,0,0,0,0,0,0,0,0,0,211,253,252,21,0,0,0,0,0,0,0,0,0,0,0,0,0,0,0,0,0,0,0,0,0,0,0,0,212,255,204,9,0,0,0,0,0,0,0,0,0,0,0,0,0,0,0,0,0,0,0,0,0,0,0,48,242,253,132,0,0,0,0,0,0,0,0,0,0,0,0,0,0,0,0,0,0,0,0,0,0,0,0,73,252,253,63,0,0,0,0,0,0,0,0,0,0,0,0,0,0,0,0,0,0,0,0,0,0,0,0,169,252,253,63,0,0,0,0,0,0,0,0,0,0,0,0,0,0,0,0,0,0,0,0,0,0,0,0,169,252,218,11,0,0,0,0,0,0,0,0,0,0,0,0,0,0,0,0,0,0,0,0,0,0,0,0,170,253,212,0,0,0,0,0,0,0,0,0,0,0,0,0,0,0,0,0,0,0,0,0,0,0,0,8,197,252,211,0,0,0,0,0,0,0,0,0,0,0,0,0,0,0,0,0,0,0,0,0,0,0,0,13,217,252,211,0,0,0,0,0,0,0,0,0,0,0,0,0,0,0,0,0,0,0,0,0,0,0,0,22,252,252,211,0,0,0,0,0,0,0,0,0,0,0,0,0,0,0,0,0,0,0,0,0,0,0,0,22,252,252,211,0,0,0,0,0,0,0,0,0,0,0,0,0,0,0,0,0,0,0,0,0,0,0,0,22,253,253,212,0,0,0,0,0,0,0,0,0,0,0,0,0,0,0,0,0,0,0,0,0,0,0,0,22,252,252,211,0,0,0,0,0,0,0,0,0,0,0,0,0,0,0,0,0,0,0,0,0,0,0,0,22,252,252,211,0,0,0,0,0,0,0,0,0,0,0,0,0,0,0,0,0,0,0,0,0,0,0,0,16,231,252,211,0,0,0,0,0,0,0,0,0,0,0,0,0,0,0,0,0,0,0,0,0,0,0,0,0,169,252,124,0,0,0,0,0,0,0,0,0,0,0,0,0,0,0,0,0,0,0,0,0,0,0,0,0,0,0,0,0,0,0,0,0,0,0,0,0,0,0,0,0,0,0,0,0,0,0,0,0,0,0,0,0,0,0,0,0,0,0,0,0,0,0,0,0,0,0,0,0,0,0,0,0,0,0,0,0,0,0,0,0,0,0,0,0,0,0,0,0,0,0,0,0,0,0,0,0,0,0,0,0,0,0,0,0,0,0,0,0,0,0,0,0,0,0,0,0,0,0,0,0,0,0,0
8,0,0,0,0,0,0,0,0,0,0,0,0,0,0,0,0,0,0,0,0,0,0,0,0,0,0,0,0,0,0,0,0,0,0,0,0,0,0,0,0,0,0,0,0,0,0,0,0,0,0,0,0,0,0,0,0,0,0,0,0,0,0,0,0,0,0,0,0,0,0,0,0,0,0,0,0,0,0,0,0,0,0,0,0,0,0,0,0,0,0,0,0,0,0,0,0,0,0,0,0,0,0,0,0,0,0,0,0,0,0,0,0,0,0,0,0,0,0,0,0,0,0,0,0,0,73,56,79,240,161,7,0,0,0,0,0,0,0,0,0,0,0,0,0,0,0,0,0,0,0,4,10,48,195,254,254,254,254,117,0,0,0,0,0,0,0,0,0,0,0,0,0,0,0,0,0,0,52,91,250,254,254,254,254,225,233,246,74,0,0,0,0,0,0,0,0,0,0,0,0,0,0,0,2,119,247,232,254,254,235,151,35,20,177,254,174,0,0,0,0,0,0,0,0,0,0,0,0,0,0,0,15,231,254,254,254,159,2,0,0,16,254,247,84,0,0,0,0,0,0,0,0,0,0,0,0,0,0,0,8,206,254,254,254,161,1,0,0,33,221,229,0,0,0,0,0,0,0,0,0,0,0,0,0,0,0,0,0,117,213,254,254,254,5,0,117,244,254,162,0,0,0,0,0,0,0,0,0,0,0,0,0,0,0,0,0,0,59,216,254,254,181,28,175,254,188,2,0,0,0,0,0,0,0,0,0,0,0,0,0,0,0,0,0,0,0,77,174,254,254,208,254,254,108,0,0,0,0,0,0,0,0,0,0,0,0,0,0,0,0,0,0,0,0,0,17,141,254,254,254,180,2,0,0,0,0,0,0,0,0,0,0,0,0,0,0,0,0,0,0,0,0,0,0,4,251,254,254,141,0,0,0,0,0,0,0,0,0,0,0,0,0,0,0,0,0,0,0,0,0,0,10,209,254,254,254,243,20,0,0,0,0,0,0,0,0,0,0,0,0,0,0,0,0,0,0,0,0,6,131,254,254,240,206,254,169,0,0,0,0,0,0,0,0,0,0,0,0,0,0,0,0,0,0,0,9,132,254,254,241,36,20,201,231,48,0,0,0,0,0,0,0,0,0,0,0,0,0,0,0,0,0,8,170,254,254,254,67,0,0,106,254,178,0,0,0,0,0,0,0,0,0,0,0,0,0,0,0,0,0,76,254,254,242,98,2,0,0,5,195,237,24,0,0,0,0,0,0,0,0,0,0,0,0,0,0,0,0,115,254,254,220,36,1,0,0,0,78,254,89,0,0,0,0,0,0,0,0,0,0,0,0,0,0,0,0,19,236,254,254,254,191,190,190,190,208,254,174,0,0,0,0,0,0,0,0,0,0,0,0,0,0,0,0,0,173,254,254,254,254,254,254,254,254,254,174,0,0,0,0,0,0,0,0,0,0,0,0,0,0,0,0,0,91,254,254,254,254,254,254,254,227,154,67,0,0,0,0,0,0,0,0,0,0,0,0,0,0,0,0,0,0,0,0,0,0,0,0,0,0,0,0,0,0,0,0,0,0,0,0,0,0,0,0,0,0,0,0,0,0,0,0,0,0,0,0,0,0,0,0,0,0,0,0,0,0,0,0,0,0,0,0,0,0,0,0,0,0,0,0,0,0,0,0,0,0,0,0,0,0,0,0,0,0,0,0,0,0,0,0,0,0,0,0,0,0,0,0,0,0,0,0,0,0,0,0,0,0,0,0,0,0,0,0
1,0,0,0,0,0,0,0,0,0,0,0,0,0,0,0,0,0,0,0,0,0,0,0,0,0,0,0,0,0,0,0,0,0,0,0,0,0,0,0,0,0,0,0,0,0,0,0,0,0,0,0,0,0,0,0,0,0,0,0,0,0,0,0,0,0,0,0,0,0,0,0,0,0,0,0,0,0,0,0,0,0,0,0,0,0,0,0,0,0,0,0,0,0,0,0,0,0,0,0,0,0,0,0,0,0,0,0,0,0,0,0,0,0,0,0,0,0,0,0,0,0,0,0,0,0,0,0,0,0,0,0,0,0,0,0,0,0,0,0,0,0,0,0,0,0,0,0,0,0,0,0,0,0,0,185,255,109,0,0,0,0,0,0,0,0,0,0,0,0,0,0,0,0,0,0,0,0,0,0,0,0,11,242,253,108,0,0,0,0,0,0,0,0,0,0,0,0,0,0,0,0,0,0,0,0,0,0,0,0,42,245,253,108,0,0,0,0,0,0,0,0,0,0,0,0,0,0,0,0,0,0,0,0,0,0,0,0,0,241,253,108,0,0,0,0,0,0,0,0,0,0,0,0,0,0,0,0,0,0,0,0,0,0,0,0,53,246,253,108,0,0,0,0,0,0,0,0,0,0,0,0,0,0,0,0,0,0,0,0,0,0,0,0,0,241,253,108,0,0,0,0,0,0,0,0,0,0,0,0,0,0,0,0,0,0,0,0,0,0,0,0,0,241,253,108,0,0,0,0,0,0,0,0,0,0,0,0,0,0,0,0,0,0,0,0,0,0,0,0,0,241,253,108,0,0,0,0,0,0,0,0,0,0,0,0,0,0,0,0,0,0,0,0,0,0,0,0,99,251,253,108,0,0,0,0,0,0,0,0,0,0,0,0,0,0,0,0,0,0,0,0,0,0,0,0,109,252,242,5,0,0,0,0,0,0,0,0,0,0,0,0,0,0,0,0,0,0,0,0,0,0,0,0,110,253,242,0,0,0,0,0,0,0,0,0,0,0,0,0,0,0,0,0,0,0,0,0,0,0,0,0,109,252,241,0,0,0,0,0,0,0,0,0,0,0,0,0,0,0,0,0,0,0,0,0,0,0,0,0,109,252,241,0,0,0,0,0,0,0,0,0,0,0,0,0,0,0,0,0,0,0,0,0,0,0,0,0,109,252,241,0,0,0,0,0,0,0,0,0,0,0,0,0,0,0,0,0,0,0,0,0,0,0,0,0,109,252,154,0,0,0,0,0,0,0,0,0,0,0,0,0,0,0,0,0,0,0,0,0,0,0,0,0,109,252,121,0,0,0,0,0,0,0,0,0,0,0,0,0,0,0,0,0,0,0,0,0,0,0,0,0,207,252,121,0,0,0,0,0,0,0,0,0,0,0,0,0,0,0,0,0,0,0,0,0,0,0,0,0,229,252,167,0,0,0,0,0,0,0,0,0,0,0,0,0,0,0,0,0,0,0,0,0,0,0,0,0,229,252,241,0,0,0,0,0,0,0,0,0,0,0,0,0,0,0,0,0,0,0,0,0,0,0,0,0,114,252,127,0,0,0,0,0,0,0,0,0,0,0,0,0,0,0,0,0,0,0,0,0,0,0,0,0,0,0,0,0,0,0,0,0,0,0,0,0,0,0,0,0,0,0,0,0,0,0,0,0,0,0,0,0,0,0,0,0,0,0,0,0,0,0,0,0,0,0,0,0,0,0,0,0,0,0,0,0,0,0,0,0,0,0,0,0,0,0,0,0,0,0,0,0,0,0,0
8,0,0,0,0,0,0,0,0,0,0,0,0,0,0,0,0,0,0,0,0,0,0,0,0,0,0,0,0,0,0,0,0,0,0,0,0,0,0,0,0,0,0,0,0,0,0,0,0,0,0,0,0,0,0,0,0,0,0,0,0,0,0,0,0,0,0,0,0,0,0,0,0,0,0,0,0,0,0,0,0,0,0,0,0,0,0,0,0,0,0,0,0,0,0,0,0,0,0,0,0,0,0,0,0,0,0,0,0,0,0,0,0,0,0,0,0,0,0,0,0,0,0,0,31,34,116,143,206,253,253,186,12,0,0,0,0,0,0,0,0,0,0,0,0,0,0,0,0,0,0,138,246,252,252,252,253,252,252,252,164,0,0,0,0,0,0,0,0,0,0,0,0,0,0,0,0,0,46,243,252,252,252,252,240,153,153,162,197,0,0,0,0,0,0,0,0,0,0,0,0,0,0,0,0,0,161,252,252,239,148,24,9,0,0,1,8,0,0,0,0,0,0,0,0,0,0,0,0,0,0,0,0,0,165,252,245,34,0,0,0,0,0,0,13,12,0,0,0,0,0,0,0,0,0,0,0,0,0,0,0,0,165,252,250,116,0,0,0,0,0,56,210,140,0,0,0,0,0,0,0,0,0,0,0,0,0,0,0,0,111,245,252,249,117,2,0,8,146,242,250,61,0,0,0,0,0,0,0,0,0,0,0,0,0,0,0,0,0,35,201,252,252,119,59,223,252,252,178,0,0,0,0,0,0,0,0,0,0,0,0,0,0,0,0,0,0,0,8,189,252,252,253,252,252,154,23,0,0,0,0,0,0,0,0,0,0,0,0,0,0,0,0,0,0,0,0,25,224,252,253,252,209,20,0,0,0,0,0,0,0,0,0,0,0,0,0,0,0,0,0,0,0,0,84,210,253,253,255,253,210,21,0,0,0,0,0,0,0,0,0,0,0,0,0,0,0,0,0,0,0,62,246,252,252,252,139,232,252,149,0,0,0,0,0,0,0,0,0,0,0,0,0,0,0,0,0,0,0,89,252,252,252,161,0,31,217,239,35,0,0,0,0,0,0,0,0,0,0,0,0,0,0,0,0,0,0,146,252,252,212,20,0,0,96,251,198,5,0,0,0,0,0,0,0,0,0,0,0,0,0,0,0,0,0,198,252,252,104,0,0,0,0,218,252,55,0,0,0,0,0,0,0,0,0,0,0,0,0,0,0,0,0,198,252,237,43,0,0,0,0,171,252,140,0,0,0,0,0,0,0,0,0,0,0,0,0,0,0,0,0,98,252,229,37,10,12,12,146,251,252,159,0,0,0,0,0,0,0,0,0,0,0,0,0,0,0,0,0,35,239,252,222,240,253,252,252,252,219,22,0,0,0,0,0,0,0,0,0,0,0,0,0,0,0,0,0,0,149,252,252,252,253,252,252,212,89,0,0,0,0,0,0,0,0,0,0,0,0,0,0,0,0,0,0,0,64,52,176,252,253,223,142,20,0,0,0,0,0,0,0,0,0,0,0,0,0,0,0,0,0,0,0,0,0,0,0,0,0,0,0,0,0,0,0,0,0,0,0,0,0,0,0,0,0,0,0,0,0,0,0,0,0,0,0,0,0,0,0,0,0,0,0,0,0,0,0,0,0,0,0,0,0,0,0,0,0,0,0,0,0,0,0,0,0,0,0,0,0,0,0,0,0,0,0,0,0,0,0,0,0,0,0,0,0,0,0,0,0,0,0,0,0,0,0,0,0,0,0,0,0,0,0,0,0
5,0,0,0,0,0,0,0,0,0,0,0,0,0,0,0,0,0,0,0,0,0,0,0,0,0,0,0,0,0,0,0,0,0,0,0,0,0,0,0,0,0,0,0,0,0,0,0,0,0,0,0,0,0,0,0,0,0,0,0,0,0,0,0,0,0,0,0,0,0,0,0,0,0,0,0,0,0,0,0,0,0,0,0,0,0,0,0,0,0,0,0,0,0,0,0,0,0,0,0,0,0,0,0,0,0,0,0,0,0,0,0,0,0,0,0,0,0,0,0,0,0,0,0,0,0,0,0,0,0,0,0,0,0,0,0,0,0,0,0,0,0,0,0,0,0,0,0,0,0,0,0,0,0,0,0,0,0,50,127,209,216,61,0,0,0,0,0,0,0,0,0,0,0,0,0,0,0,0,0,0,0,0,11,95,215,247,253,242,158,15,0,0,0,0,0,0,0,0,0,0,0,0,0,0,0,0,0,0,37,146,217,253,254,253,198,43,0,0,0,0,0,0,0,0,0,0,0,0,0,0,0,0,0,0,0,123,243,253,253,253,154,34,6,0,0,0,0,0,0,0,0,0,0,0,0,0,0,0,0,0,0,0,0,254,253,253,237,118,0,0,0,0,0,0,0,0,0,0,0,0,0,0,0,0,0,0,0,0,0,0,23,255,254,235,53,0,0,0,0,0,0,0,0,0,0,0,0,0,0,0,0,0,0,0,0,0,0,0,98,254,253,129,0,0,0,0,0,0,0,0,0,0,0,0,0,0,0,0,0,0,0,0,0,0,0,0,98,254,239,24,0,0,0,0,0,0,0,0,0,0,0,0,0,0,0,0,0,0,0,0,0,0,0,0,135,254,158,0,0,0,0,0,0,0,0,0,0,0,0,0,0,0,0,0,0,0,0,0,0,0,0,0,60,254,241,30,0,0,0,0,0,0,0,0,0,0,0,0,0,0,0,0,0,0,0,0,0,0,0,0,0,156,254,223,57,0,0,0,0,0,0,0,0,0,0,0,0,0,0,0,0,0,0,0,0,0,0,0,0,47,227,253,247,139,0,0,0,0,0,0,0,0,0,0,0,0,0,0,0,0,0,0,0,0,0,0,0,0,44,229,253,253,176,87,0,0,0,0,0,0,0,0,0,0,0,0,0,0,0,0,0,0,0,0,0,0,0,44,94,229,238,251,87,0,0,0,0,0,0,0,0,0,0,0,0,0,0,0,0,0,0,0,0,0,0,0,0,23,81,253,205,8,0,0,0,0,0,0,0,0,0,0,0,0,0,0,0,0,0,0,0,0,0,0,0,0,217,254,205,8,0,0,0,0,0,0,0,0,0,0,0,0,0,0,0,0,0,0,0,0,0,0,4,132,254,253,92,0,0,0,0,0,0,0,0,0,0,0,0,0,0,0,0,0,0,0,0,0,0,25,142,253,254,239,24,0,0,0,0,0,0,0,0,0,0,0,0,0,0,0,0,0,0,0,0,220,234,240,253,253,229,47,0,0,0,0,0,0,0,0,0,0,0,0,0,0,0,0,0,0,0,0,0,59,200,253,237,193,23,0,0,0,0,0,0,0,0,0,0,0,0,0,0,0,0,0,0,0,0,0,0,0,0,0,0,0,0,0,0,0,0,0,0,0,0,0,0,0,0,0,0,0,0,0,0,0,0,0,0,0,0,0,0,0,0,0,0,0,0,0,0,0,0,0,0,0,0,0,0,0,0,0,0,0,0,0,0,0,0,0,0,0,0,0,0,0,0,0,0,0,0,0,0,0
0,0,0,0,0,0,0,0,0,0,0,0,0,0,0,0,0,0,0,0,0,0,0,0,0,0,0,0,0,0,0,0,0,0,0,0,0,0,0,0,0,0,0,0,0,0,0,0,0,0,0,0,0,0,0,0,0,0,0,0,0,0,0,0,0,0,0,0,0,0,0,0,0,0,0,0,0,0,0,0,0,0,0,0,0,0,0,0,0,0,0,0,0,0,0,0,0,0,0,0,0,0,0,0,0,0,0,0,0,0,0,0,0,0,0,0,0,0,0,0,0,0,0,0,64,191,255,255,255,255,255,128,64,0,0,0,0,0,0,0,0,0,0,0,0,0,0,0,0,0,0,191,255,255,255,255,128,64,128,255,255,128,0,0,0,0,0,0,0,0,0,0,0,0,0,0,0,0,191,255,255,255,255,191,0,0,0,128,255,255,191,0,0,0,0,0,0,0,0,0,0,0,0,0,0,64,255,255,191,128,128,64,0,0,0,0,255,255,255,64,0,0,0,0,0,0,0,0,0,0,0,0,0,191,255,255,128,0,0,0,0,0,0,0,64,255,255,255,64,0,0,0,0,0,0,0,0,0,0,0,191,255,255,255,0,0,0,0,0,0,0,0,0,128,255,255,128,0,0,0,0,0,0,0,0,0,0,0,255,255,255,64,0,0,0,0,0,0,0,0,0,64,255,255,191,0,0,0,0,0,0,0,0,0,0,191,255,255,255,0,0,0,0,0,0,0,0,0,0,0,128,255,255,0,0,0,0,0,0,0,0,0,64,255,255,255,64,0,0,0,0,0,0,0,0,0,0,0,64,255,255,128,0,0,0,0,0,0,0,0,128,255,255,128,0,0,0,0,0,0,0,0,0,0,0,0,64,255,255,128,0,0,0,0,0,0,0,0,255,255,255,64,0,0,0,0,0,0,0,0,0,0,0,0,191,255,255,64,0,0,0,0,0,0,0,0,255,255,255,0,0,0,0,0,0,0,0,0,0,0,0,128,255,255,128,0,0,0,0,0,0,0,0,0,255,255,128,0,0,0,0,0,0,0,0,0,0,0,128,255,255,191,0,0,0,0,0,0,0,0,0,0,255,255,191,0,0,0,0,0,0,0,0,0,0,128,255,255,255,64,0,0,0,0,0,0,0,0,0,0,255,255,255,0,0,0,0,0,0,0,0,0,191,255,255,255,255,0,0,0,0,0,0,0,0,0,0,0,255,255,255,128,0,0,0,0,0,0,64,255,255,255,255,191,0,0,0,0,0,0,0,0,0,0,0,0,128,255,255,255,128,0,0,64,128,191,255,255,255,255,64,0,0,0,0,0,0,0,0,0,0,0,0,0,64,191,255,255,255,255,255,255,255,255,255,255,191,0,0,0,0,0,0,0,0,0,0,0,0,0,0,0,0,0,191,255,255,255,255,255,255,255,191,0,0,0,0,0,0,0,0,0,0,0,0,0,0,0,0,0,0,0,0,64,255,255,255,255,255,64,0,0,0,0,0,0,0,0,0,0,0,0,0,0,0,0,0,0,0,0,0,0,0,0,0,0,0,0,0,0,0,0,0,0,0,0,0,0,0,0,0,0,0,0,0,0,0,0,0,0,0,0,0,0,0,0,0,0,0,0,0,0,0,0,0,0,0,0,0,0,0,0,0,0,0,0,0,0,0,0,0,0,0,0,0,0,0,0,0,0,0,0,0,0,0,0,0,0,0,0,0,0,0,0,0,0,0,0,0,0,0,0,0,0,0,0,0,0,0,0,0,0,0,0,0
8,0,0,0,0,0,0,0,0,0,0,0,0,0,0,0,0,0,0,0,0,0,0,0,0,0,0,0,0,0,0,0,0,0,0,0,0,0,0,0,0,0,0,0,0,0,0,0,0,0,0,0,0,0,0,0,0,0,0,0,0,0,0,0,0,0,0,0,0,0,0,0,0,0,0,0,0,0,0,0,0,0,0,0,0,0,0,0,0,0,0,0,0,0,0,0,0,0,0,0,0,0,0,0,0,0,0,0,0,0,0,0,0,0,0,0,0,0,0,0,0,0,0,0,12,96,96,96,155,253,173,72,0,0,0,0,0,0,0,0,0,0,0,0,0,0,0,0,0,0,0,12,154,220,180,161,161,181,236,236,91,0,0,0,0,0,0,0,0,0,0,0,0,0,0,0,0,0,0,48,110,0,0,0,0,0,127,251,251,0,0,0,0,0,0,0,0,0,0,0,0,0,0,0,0,0,0,0,0,0,0,0,0,0,16,225,251,40,0,0,0,0,0,0,0,0,0,0,0,0,0,0,0,0,0,0,0,0,0,0,0,0,80,240,251,59,0,0,0,0,0,0,0,0,0,0,0,0,0,0,0,0,0,0,0,0,0,0,0,0,128,253,193,0,0,0,0,0,0,0,0,0,0,0,0,0,0,0,0,8,131,191,190,190,51,12,12,52,221,251,94,0,0,0,0,0,0,0,0,0,0,0,0,0,0,0,0,32,126,126,220,251,251,173,174,251,251,219,47,0,0,0,0,0,0,0,0,0,0,0,0,0,0,0,0,0,0,0,43,188,204,251,253,251,251,50,0,0,0,0,0,0,0,0,0,0,0,0,0,0,0,0,0,0,0,0,0,0,162,251,253,251,251,129,0,0,0,0,0,0,0,0,0,0,0,0,0,0,0,0,0,0,0,0,32,253,253,253,159,170,253,253,95,0,0,0,0,0,0,0,0,0,0,0,0,0,0,0,0,0,0,92,197,251,184,62,0,8,157,251,94,0,0,0,0,0,0,0,0,0,0,0,0,0,0,0,0,0,0,253,251,188,15,0,0,0,127,251,173,0,0,0,0,0,0,0,0,0,0,0,0,0,0,0,0,0,139,253,223,15,0,0,0,0,127,251,113,0,0,0,0,0,0,0,0,0,0,0,0,0,0,0,0,0,158,253,121,0,0,0,0,20,205,251,94,0,0,0,0,0,0,0,0,0,0,0,0,0,0,0,0,24,194,255,63,0,0,0,36,115,253,229,59,0,0,0,0,0,0,0,0,0,0,0,0,0,0,0,0,16,181,253,82,0,20,20,214,251,235,66,0,0,0,0,0,0,0,0,0,0,0,0,0,0,0,0,0,0,158,253,236,127,205,205,253,251,126,0,0,0,0,0,0,0,0,0,0,0,0,0,0,0,0,0,0,0,119,253,251,251,251,251,229,69,15,0,0,0,0,0,0,0,0,0,0,0,0,0,0,0,0,0,0,0,0,95,94,173,211,94,59,0,0,0,0,0,0,0,0,0,0,0,0,0,0,0,0,0,0,0,0,0,0,0,0,0,0,0,0,0,0,0,0,0,0,0,0,0,0,0,0,0,0,0,0,0,0,0,0,0,0,0,0,0,0,0,0,0,0,0,0,0,0,0,0,0,0,0,0,0,0,0,0,0,0,0,0,0,0,0,0,0,0,0,0,0,0,0,0,0,0,0,0,0,0,0,0,0,0,0,0,0,0,0,0,0,0,0,0,0,0,0,0,0,0,0,0,0,0,0,0,0,0,0,0
9,0,0,0,0,0,0,0,0,0,0,0,0,0,0,0,0,0,0,0,0,0,0,0,0,0,0,0,0,0,0,0,0,0,0,0,0,0,0,0,0,0,0,0,0,0,0,0,0,0,0,0,0,0,0,0,0,0,0,0,0,0,0,0,0,0,0,0,0,0,0,0,0,0,0,0,0,0,0,0,0,0,0,0,0,0,0,0,0,0,0,0,0,0,0,0,0,0,0,0,0,0,0,0,0,0,0,0,0,0,0,0,0,0,0,0,0,0,0,0,0,0,0,0,0,0,0,0,0,0,0,0,0,0,0,0,0,0,0,0,0,0,0,0,0,0,0,0,0,0,0,0,0,0,0,21,140,254,214,116,0,0,0,0,0,0,0,0,0,0,0,0,0,0,0,0,0,0,0,0,0,0,35,254,253,253,245,152,0,0,0,0,0,0,0,0,0,0,0,0,0,0,0,0,0,0,0,0,0,112,216,254,237,112,36,0,0,0,0,0,0,0,0,0,0,0,0,0,0,0,0,0,0,0,0,0,131,249,253,175,28,0,0,0,0,0,0,0,0,0,0,0,0,0,0,0,0,0,0,0,0,0,0,129,250,253,153,5,0,0,0,0,0,0,0,0,0,0,0,0,0,0,0,0,0,0,0,0,0,0,71,234,254,106,0,0,0,0,0,139,225,74,0,0,0,0,0,0,0,0,0,0,0,0,0,0,0,70,209,253,123,8,0,0,0,0,93,249,254,118,0,0,0,0,0,0,0,0,0,0,0,0,0,0,32,231,254,187,9,0,0,0,0,39,247,253,254,103,0,0,0,0,0,0,0,0,0,0,0,0,0,0,133,253,195,18,0,0,0,0,38,213,253,253,245,28,0,0,0,0,0,0,0,0,0,0,0,0,0,0,192,253,110,0,0,0,0,90,244,253,253,253,163,0,0,0,0,0,0,0,0,0,0,0,0,0,0,0,218,254,50,0,0,0,90,255,252,251,254,254,100,0,0,0,0,0,0,0,0,0,0,0,0,0,0,0,142,253,72,32,97,156,249,242,167,227,253,183,0,0,0,0,0,0,0,0,0,0,0,0,0,0,0,0,47,230,239,253,253,253,208,55,112,253,253,55,0,0,0,0,0,0,0,0,0,0,0,0,0,0,0,0,0,45,214,225,126,91,2,9,216,253,197,2,0,0,0,0,0,0,0,0,0,0,0,0,0,0,0,0,0,0,6,9,0,0,0,41,253,253,140,0,0,0,0,0,0,0,0,0,0,0,0,0,0,0,0,0,0,0,0,0,0,0,0,96,254,236,20,0,0,0,0,0,0,0,0,0,0,0,0,0,0,0,0,0,0,0,0,0,0,0,0,130,253,160,0,0,0,0,0,0,0,0,0,0,0,0,0,0,0,0,0,0,0,0,0,0,0,0,0,134,237,24,0,0,0,0,0,0,0,0,0,0,0,0,0,0,0,0,0,0,0,0,0,0,0,0,0,96,221,0,0,0,0,0,0,0,0,0,0,0,0,0,0,0,0,0,0,0,0,0,0,0,0,0,0,46,251,143,0,0,0,0,0,0,0,0,0,0,0,0,0,0,0,0,0,0,0,0,0,0,0,0,0,0,0,0,0,0,0,0,0,0,0,0,0,0,0,0,0,0,0,0,0,0,0,0,0,0,0,0,0,0,0,0,0,0,0,0,0,0,0,0,0,0,0,0,0,0,0,0,0,0,0,0,0,0,0,0,0,0,0,0,0,0,0,0,0,0,0,0,0,0,0
2,0,0,0,0,0,0,0,0,0,0,0,0,0,0,0,0,0,0,0,0,0,0,0,0,0,0,0,0,0,0,0,0,0,0,0,0,0,0,0,0,0,0,0,0,0,0,0,0,0,0,0,0,0,0,0,0,0,0,0,0,0,0,0,0,0,0,0,0,0,0,0,0,0,0,0,0,0,0,0,0,0,0,0,0,0,0,0,0,0,0,0,0,0,0,0,0,0,0,0,0,0,0,0,0,0,0,0,0,0,0,0,0,0,0,0,0,0,0,0,0,45,121,121,220,254,254,247,121,122,70,0,0,0,0,0,0,0,0,0,0,0,0,0,0,0,0,0,0,221,253,253,253,253,253,253,253,254,248,82,0,0,0,0,0,0,0,0,0,0,0,0,0,0,0,0,97,251,253,253,253,253,253,253,253,254,253,244,36,0,0,0,0,0,0,0,0,0,0,0,0,0,0,0,108,253,253,253,253,253,253,253,253,254,253,253,82,0,0,0,0,0,0,0,0,0,0,0,0,0,0,0,23,233,232,186,158,53,53,130,186,254,253,253,137,0,0,0,0,0,0,0,0,0,0,0,0,0,0,0,0,60,45,0,0,0,0,3,125,254,253,253,39,0,0,0,0,0,0,0,0,0,0,0,0,0,0,0,0,0,0,0,0,0,0,106,253,254,253,238,33,0,0,0,0,0,0,0,0,0,0,0,0,0,0,0,0,0,0,0,0,0,18,214,253,254,253,75,0,0,0,0,0,0,0,0,0,0,0,0,0,0,0,0,0,0,0,0,0,3,110,253,253,254,191,11,0,0,0,0,0,0,0,0,0,0,0,0,0,0,0,0,0,0,0,0,0,41,253,253,253,254,76,0,0,0,0,0,0,0,0,0,0,0,0,0,0,0,0,0,0,0,0,0,26,213,254,254,254,134,0,0,0,0,0,0,0,0,0,0,0,0,0,0,0,0,0,0,0,0,0,29,209,253,253,253,196,7,0,0,0,0,0,0,0,0,0,0,0,0,0,0,0,0,0,0,0,0,30,207,253,253,253,191,13,0,0,0,0,0,0,0,0,0,0,0,0,0,0,0,0,0,0,0,0,0,81,253,253,253,245,73,0,0,0,0,26,81,109,123,30,0,0,0,0,0,0,0,0,0,0,0,0,111,217,253,253,243,96,0,0,0,64,117,217,253,253,253,199,0,0,0,0,0,0,0,0,0,0,0,0,228,253,253,253,243,187,187,187,188,250,253,253,253,253,195,59,0,0,0,0,0,0,0,0,0,0,0,0,228,253,253,253,253,253,253,253,255,253,253,240,213,114,25,0,0,0,0,0,0,0,0,0,0,0,0,0,228,253,253,253,253,253,253,253,255,253,179,64,0,0,0,0,0,0,0,0,0,0,0,0,0,0,0,0,228,253,253,253,253,253,253,253,241,113,11,0,0,0,0,0,0,0,0,0,0,0,0,0,0,0,0,0,157,253,253,253,253,253,175,120,0,0,0,0,0,0,0,0,0,0,0,0,0,0,0,0,0,0,0,0,0,0,0,0,0,0,0,0,0,0,0,0,0,0,0,0,0,0,0,0,0,0,0,0,0,0,0,0,0,0,0,0,0,0,0,0,0,0,0,0,0,0,0,0,0,0,0,0,0,0,0,0,0,0,0,0,0,0,0,0,0,0,0,0,0,0,0,0,0,0,0,0,0,0,0,0,0,0,0,0,0,0,0,0,0,0,0,0,0,0,0,0,0,0,0,0,0,0,0,0,0,0,0,0
5,0,0,0,0,0,0,0,0,0,0,0,0,0,0,0,0,0,0,0,0,0,0,0,0,0,0,0,0,0,0,0,0,0,0,0,0,0,0,0,0,0,0,0,0,0,0,0,0,0,0,0,0,0,0,0,0,0,0,0,0,0,0,0,0,0,0,0,0,0,0,0,0,0,0,0,0,0,0,0,0,0,0,0,0,0,0,0,0,0,0,0,0,0,0,0,0,0,0,0,0,0,0,0,0,0,0,0,0,0,0,0,0,0,0,0,0,0,0,0,0,0,0,0,0,0,0,0,0,0,0,0,0,0,0,0,0,0,0,0,0,0,0,0,0,0,0,0,0,0,6,201,255,254,224,158,158,94,63,37,0,0,0,0,0,0,0,0,0,0,0,0,0,0,0,0,0,0,72,254,254,254,254,254,254,254,254,240,86,0,0,0,0,0,0,0,0,0,0,0,0,0,0,0,0,0,121,254,254,254,254,254,254,254,254,254,235,18,0,0,0,0,0,0,0,0,0,0,0,0,0,0,0,0,121,254,180,4,4,95,101,129,124,196,212,118,0,0,0,0,0,0,0,0,0,0,0,0,0,0,0,0,202,254,60,0,0,0,0,0,0,0,11,18,0,0,0,0,0,0,0,0,0,0,0,0,0,0,0,0,216,191,3,0,0,0,0,0,0,0,0,0,0,0,0,0,0,0,0,0,0,0,0,0,0,0,0,0,216,167,0,0,0,0,0,0,0,0,0,0,0,0,0,0,0,0,0,0,0,0,0,0,0,0,0,0,216,173,16,17,51,25,25,50,9,0,0,0,0,0,0,0,0,0,0,0,0,0,0,0,0,0,0,0,185,254,238,241,254,254,254,254,212,134,0,0,0,0,0,0,0,0,0,0,0,0,0,0,0,0,0,0,103,254,254,254,254,254,254,254,254,253,213,50,0,0,0,0,0,0,0,0,0,0,0,0,0,0,0,0,5,185,239,232,179,53,48,84,189,203,249,217,4,0,0,0,0,0,0,0,0,0,0,0,0,0,0,0,0,0,0,0,0,0,0,0,0,0,81,217,123,0,0,0,0,0,0,0,0,0,0,0,0,0,0,0,0,0,0,0,0,0,0,0,0,0,0,99,242,0,0,0,0,0,0,0,0,0,0,0,0,0,0,0,0,0,0,0,0,0,0,0,0,0,0,134,249,0,0,0,0,0,0,0,0,0,0,0,0,0,0,0,0,0,0,0,0,0,0,0,0,0,0,162,249,0,0,0,0,0,0,0,0,0,0,0,0,0,84,209,35,0,0,0,0,0,0,0,0,17,94,251,249,0,0,0,0,0,0,0,0,0,0,0,0,0,92,254,227,164,102,94,5,5,9,102,153,220,254,253,171,0,0,0,0,0,0,0,0,0,0,0,0,0,33,226,254,254,254,254,254,254,219,254,254,254,254,215,0,0,0,0,0,0,0,0,0,0,0,0,0,0,0,17,74,156,220,235,254,254,254,254,153,32,97,24,0,0,0,0,0,0,0,0,0,0,0,0,0,0,0,0,0,0,0,36,225,217,254,123,5,0,0,0,0,0,0,0,0,0,0,0,0,0,0,0,0,0,0,0,0,0,0,0,0,0,0,0,0,0,0,0,0,0,0,0,0,0,0,0,0,0,0,0,0,0,0,0,0,0,0,0,0,0,0,0,0,0,0,0,0,0,0,0,0,0,0,0,0,0,0,0,0,0,0,0,0,0,0,0,0,0,0,0,0,0,0,0,0,0,0,0,0,0,0
0,0,0,0,0,0,0,0,0,0,0,0,0,0,0,0,0,0,0,0,0,0,0,0,0,0,0,0,0,0,0,0,0,0,0,0,0,0,0,0,0,0,0,0,0,0,0,0,0,0,0,0,0,0,0,0,0,0,0,0,0,0,0,0,0,0,0,0,0,0,0,0,0,0,0,0,0,0,0,0,0,0,0,0,0,0,0,0,0,0,0,0,0,0,0,0,0,0,0,0,0,0,0,0,0,0,0,0,0,0,0,0,0,0,0,0,0,0,0,0,0,0,0,0,0,0,0,0,0,0,0,0,0,0,0,0,0,0,0,0,0,0,0,0,0,0,0,0,0,0,0,0,0,38,222,237,50,0,0,0,0,0,0,0,0,0,0,0,0,0,0,0,0,0,0,0,0,0,0,0,38,219,252,252,237,86,85,85,76,0,0,0,0,0,0,0,0,0,0,0,0,0,0,0,0,0,0,0,144,252,252,252,252,253,252,252,246,197,135,38,0,0,0,0,0,0,0,0,0,0,0,0,0,0,4,107,253,252,252,252,252,253,252,252,252,252,253,224,53,0,0,0,0,0,0,0,0,0,0,0,0,0,29,252,253,252,252,252,252,253,252,252,236,189,253,252,227,47,0,0,0,0,0,0,0,0,0,0,0,0,29,253,255,253,196,0,0,0,0,0,0,0,192,253,253,225,0,0,0,0,0,0,0,0,0,0,0,19,181,252,253,223,52,0,0,0,0,0,0,0,12,228,252,223,0,0,0,0,0,0,0,0,0,0,0,88,252,252,253,58,0,0,0,0,0,0,0,0,0,225,252,223,0,0,0,0,0,0,0,0,0,0,0,197,252,252,178,9,0,0,0,0,0,0,0,0,76,243,252,223,0,0,0,0,0,0,0,0,0,0,0,197,252,252,140,0,0,0,0,0,0,0,0,0,113,252,252,145,0,0,0,0,0,0,0,0,0,0,86,253,253,190,0,0,0,0,0,0,0,0,0,63,255,253,228,47,0,0,0,0,0,0,0,0,0,0,210,252,252,112,0,0,0,0,0,0,0,0,26,240,253,223,52,0,0,0,0,0,0,0,0,0,0,89,246,252,230,25,0,0,0,0,0,0,0,45,156,252,228,52,0,0,0,0,0,0,0,0,0,0,0,113,252,252,223,0,0,0,0,0,0,0,10,203,252,252,126,0,0,0,0,0,0,0,0,0,0,0,0,113,252,252,223,0,0,0,0,0,0,63,178,252,252,173,0,0,0,0,0,0,0,0,0,0,0,0,0,114,253,253,225,0,0,0,0,13,113,255,253,253,162,0,0,0,0,0,0,0,0,0,0,0,0,0,0,75,243,252,233,85,48,76,85,181,252,253,223,136,9,0,0,0,0,0,0,0,0,0,0,0,0,0,0,0,225,252,252,252,229,246,252,252,252,228,52,0,0,0,0,0,0,0,0,0,0,0,0,0,0,0,0,0,122,246,252,252,253,252,252,249,145,47,0,0,0,0,0,0,0,0,0,0,0,0,0,0,0,0,0,0,0,88,205,252,253,252,141,99,0,0,0,0,0,0,0,0,0,0,0,0,0,0,0,0,0,0,0,0,0,0,0,0,0,0,0,0,0,0,0,0,0,0,0,0,0,0,0,0,0,0,0,0,0,0,0,0,0,0,0,0,0,0,0,0,0,0,0,0,0,0,0,0,0,0,0,0,0,0,0,0,0,0,0,0,0,0,0,0,0,0,0,0,0,0,0,0,0,0,0,0,0,0,0,0,0
1,0,0,0,0,0,0,0,0,0,0,0,0,0,0,0,0,0,0,0,0,0,0,0,0,0,0,0,0,0,0,0,0,0,0,0,0,0,0,0,0,0,0,0,0,0,0,0,0,0,0,0,0,0,0,0,0,0,0,0,0,0,0,0,0,0,0,0,0,0,0,0,0,0,0,0,0,0,0,0,0,0,0,0,0,0,0,0,0,0,0,0,0,0,0,0,0,0,0,0,0,0,0,0,0,0,0,0,0,0,0,0,0,0,0,0,0,0,0,0,0,0,0,0,0,122,165,0,0,0,0,0,0,0,0,0,0,0,0,0,0,0,0,0,0,0,0,0,0,0,0,0,0,204,209,0,0,0,0,0,0,0,0,0,0,0,0,0,0,0,0,0,0,0,0,0,0,0,0,0,0,191,209,0,0,0,0,0,0,0,0,0,0,0,0,0,0,0,0,0,0,0,0,0,0,0,0,0,0,222,222,9,0,0,0,0,0,0,0,0,0,0,0,0,0,0,0,0,0,0,0,0,0,0,0,0,0,151,249,71,0,0,0,0,0,0,0,0,0,0,0,0,0,0,0,0,0,0,0,0,0,0,0,0,0,91,255,114,0,0,0,0,0,0,0,0,0,0,0,0,0,0,0,0,0,0,0,0,0,0,0,0,0,29,254,179,0,0,0,0,0,0,0,0,0,0,0,0,0,0,0,0,0,0,0,0,0,0,0,0,0,15,254,179,0,0,0,0,0,0,0,0,0,0,0,0,0,0,0,0,0,0,0,0,0,0,0,0,0,13,243,214,0,0,0,0,0,0,0,0,0,0,0,0,0,0,0,0,0,0,0,0,0,0,0,0,0,0,150,254,67,0,0,0,0,0,0,0,0,0,0,0,0,0,0,0,0,0,0,0,0,0,0,0,0,0,90,254,107,0,0,0,0,0,0,0,0,0,0,0,0,0,0,0,0,0,0,0,0,0,0,0,0,0,46,254,167,0,0,0,0,0,0,0,0,0,0,0,0,0,0,0,0,0,0,0,0,0,0,0,0,0,3,200,253,69,0,0,0,0,0,0,0,0,0,0,0,0,0,0,0,0,0,0,0,0,0,0,0,0,0,93,255,132,0,0,0,0,0,0,0,0,0,0,0,0,0,0,0,0,0,0,0,0,0,0,0,0,0,9,232,247,35,0,0,0,0,0,0,0,0,0,0,0,0,0,0,0,0,0,0,0,0,0,0,0,0,0,128,254,90,0,0,0,0,0,0,0,0,0,0,0,0,0,0,0,0,0,0,0,0,0,0,0,0,0,105,254,129,0,0,0,0,0,0,0,0,0,0,0,0,0,0,0,0,0,0,0,0,0,0,0,0,0,33,251,235,0,0,0,0,0,0,0,0,0,0,0,0,0,0,0,0,0,0,0,0,0,0,0,0,0,6,217,225,0,0,0,0,0,0,0,0,0,0,0,0,0,0,0,0,0,0,0,0,0,0,0,0,0,22,241,142,0,0,0,0,0,0,0,0,0,0,0,0,0,0,0,0,0,0,0,0,0,0,0,0,0,0,0,0,0,0,0,0,0,0,0,0,0,0,0,0,0,0,0,0,0,0,0,0,0,0,0,0,0,0,0,0,0,0,0,0,0,0,0,0,0,0,0,0,0,0,0,0,0,0,0,0,0,0,0,0,0,0,0,0,0,0,0,0,0,0,0,0,0,0,0,0,0,0,0,0,0,0,0,0,0,0,0,0,0,0,0,0,0,0,0,0,0,0,0,0,0,0
1,0,0,0,0,0,0,0,0,0,0,0,0,0,0,0,0,0,0,0,0,0,0,0,0,0,0,0,0,0,0,0,0,0,0,0,0,0,0,0,0,0,0,0,0,0,0,0,0,0,0,0,0,0,0,0,0,0,0,0,0,0,0,0,0,0,0,0,0,0,0,0,0,0,0,0,0,0,0,0,0,0,0,0,0,0,0,0,0,0,0,0,0,0,0,0,0,0,0,0,0,0,0,0,0,0,0,0,0,0,0,0,0,0,0,0,0,0,0,0,0,0,0,0,0,0,0,0,0,0,0,0,0,0,0,0,0,0,0,0,0,0,0,0,0,0,0,0,0,0,0,0,0,0,0,0,1,94,253,149,4,0,0,0,0,0,0,0,0,0,0,0,0,0,0,0,0,0,0,0,0,0,0,0,24,252,252,252,83,0,0,0,0,0,0,0,0,0,0,0,0,0,0,0,0,0,0,0,0,0,0,0,132,252,252,252,192,0,0,0,0,0,0,0,0,0,0,0,0,0,0,0,0,0,0,0,0,0,0,24,213,252,252,252,192,0,0,0,0,0,0,0,0,0,0,0,0,0,0,0,0,0,0,0,0,0,0,92,253,252,252,252,106,0,0,0,0,0,0,0,0,0,0,0,0,0,0,0,0,0,0,0,0,0,84,193,253,252,252,215,17,0,0,0,0,0,0,0,0,0,0,0,0,0,0,0,0,0,0,0,0,0,207,252,253,252,252,204,0,0,0,0,0,0,0,0,0,0,0,0,0,0,0,0,0,0,0,0,0,84,249,252,253,252,252,101,0,0,0,0,0,0,0,0,0,0,0,0,0,0,0,0,0,0,0,0,0,97,205,247,248,206,236,48,0,0,0,0,0,0,0,0,0,0,0,0,0,0,0,0,0,0,0,0,0,51,236,252,253,236,55,0,0,0,0,0,0,0,0,0,0,0,0,0,0,0,0,0,0,0,0,0,0,57,242,253,255,229,0,0,0,0,0,0,0,0,0,0,0,0,0,0,0,0,0,0,0,0,0,0,61,237,252,252,252,148,0,0,0,0,0,0,0,0,0,0,0,0,0,0,0,0,0,0,0,0,0,11,212,252,252,252,241,0,0,0,0,0,0,0,0,0,0,0,0,0,0,0,0,0,0,0,0,0,0,153,252,252,252,252,160,0,0,0,0,0,0,0,0,0,0,0,0,0,0,0,0,0,0,0,0,0,0,193,252,252,252,252,35,0,0,0,0,0,0,0,0,0,0,0,0,0,0,0,0,0,0,0,0,0,0,193,252,252,221,156,0,0,0,0,0,0,0,0,0,0,0,0,0,0,0,0,0,0,0,0,0,0,0,193,252,252,104,121,0,0,0,0,0,0,0,0,0,0,0,0,0,0,0,0,0,0,0,0,0,0,0,120,234,252,220,130,0,0,0,0,0,0,0,0,0,0,0,0,0,0,0,0,0,0,0,0,0,0,0,0,153,252,252,131,0,0,0,0,0,0,0,0,0,0,0,0,0,0,0,0,0,0,0,0,0,0,0,0,4,115,189,69,0,0,0,0,0,0,0,0,0,0,0,0,0,0,0,0,0,0,0,0,0,0,0,0,0,0,0,0,0,0,0,0,0,0,0,0,0,0,0,0,0,0,0,0,0,0,0,0,0,0,0,0,0,0,0,0,0,0,0,0,0,0,0,0,0,0,0,0,0,0,0,0,0,0,0,0,0,0,0,0,0,0,0,0,0,0,0,0,0,0,0,0,0,0,0,0,0
1,0,0,0,0,0,0,0,0,0,0,0,0,0,0,0,0,0,0,0,0,0,0,0,0,0,0,0,0,0,0,0,0,0,0,0,0,0,0,0,0,0,0,0,0,0,0,0,0,0,0,0,0,0,0,0,0,0,0,0,0,0,0,0,0,0,0,0,0,0,0,0,0,0,0,0,0,0,0,0,0,0,0,0,0,0,0,0,0,0,0,0,0,0,0,0,0,0,0,0,0,0,0,0,0,0,0,0,0,0,0,0,0,0,0,0,0,0,0,0,0,0,12,182,71,0,0,0,0,0,0,0,0,0,0,0,0,0,0,0,0,0,0,0,0,0,0,0,0,0,66,247,239,46,0,0,0,0,0,0,0,0,0,0,0,0,0,0,0,0,0,0,0,0,0,0,0,0,0,231,252,109,0,0,0,0,0,0,0,0,0,0,0,0,0,0,0,0,0,0,0,0,0,0,0,0,0,68,252,249,89,0,0,0,0,0,0,0,0,0,0,0,0,0,0,0,0,0,0,0,0,0,0,0,0,12,252,252,214,0,0,0,0,0,0,0,0,0,0,0,0,0,0,0,0,0,0,0,0,0,0,0,0,3,175,252,252,87,0,0,0,0,0,0,0,0,0,0,0,0,0,0,0,0,0,0,0,0,0,0,0,0,52,249,252,163,0,0,0,0,0,0,0,0,0,0,0,0,0,0,0,0,0,0,0,0,0,0,0,0,0,187,252,220,0,0,0,0,0,0,0,0,0,0,0,0,0,0,0,0,0,0,0,0,0,0,0,0,0,187,252,245,57,0,0,0,0,0,0,0,0,0,0,0,0,0,0,0,0,0,0,0,0,0,0,0,0,92,252,253,172,0,0,0,0,0,0,0,0,0,0,0,0,0,0,0,0,0,0,0,0,0,0,0,0,0,159,255,253,106,0,0,0,0,0,0,0,0,0,0,0,0,0,0,0,0,0,0,0,0,0,0,0,0,34,253,252,153,0,0,0,0,0,0,0,0,0,0,0,0,0,0,0,0,0,0,0,0,0,0,0,0,0,253,252,153,0,0,0,0,0,0,0,0,0,0,0,0,0,0,0,0,0,0,0,0,0,0,0,0,0,138,252,248,10,0,0,0,0,0,0,0,0,0,0,0,0,0,0,0,0,0,0,0,0,0,0,0,0,34,252,252,83,0,0,0,0,0,0,0,0,0,0,0,0,0,0,0,0,0,0,0,0,0,0,0,0,34,252,252,121,0,0,0,0,0,0,0,0,0,0,0,0,0,0,0,0,0,0,0,0,0,0,0,0,3,182,252,221,0,0,0,0,0,0,0,0,0,0,0,0,0,0,0,0,0,0,0,0,0,0,0,0,0,176,252,230,0,0,0,0,0,0,0,0,0,0,0,0,0,0,0,0,0,0,0,0,0,0,0,0,0,75,239,247,65,0,0,0,0,0,0,0,0,0,0,0,0,0,0,0,0,0,0,0,0,0,0,0,0,0,161,194,50,0,0,0,0,0,0,0,0,0,0,0,0,0,0,0,0,0,0,0,0,0,0,0,0,0,0,0,0,0,0,0,0,0,0,0,0,0,0,0,0,0,0,0,0,0,0,0,0,0,0,0,0,0,0,0,0,0,0,0,0,0,0,0,0,0,0,0,0,0,0,0,0,0,0,0,0,0,0,0,0,0,0,0,0,0,0,0,0,0,0,0,0,0,0,0,0,0,0,0,0,0,0,0,0,0,0,0,0,0,0,0,0,0,0,0,0,0,0,0,0,0
0,0,0,0,0,0,0,0,0,0,0,0,0,0,0,0,0,0,0,0,0,0,0,0,0,0,0,0,0,0,0,0,0,0,0,0,0,0,0,0,0,0,0,0,0,0,0,0,0,0,0,0,0,0,0,0,0,0,0,0,0,0,0,0,0,0,0,0,0,0,0,0,0,0,0,0,0,0,0,0,0,0,0,0,0,0,0,0,0,0,0,0,0,0,0,0,0,0,0,0,0,0,0,0,0,0,0,0,0,0,0,0,0,0,0,0,0,0,0,0,0,0,0,0,0,0,0,0,0,0,32,106,231,254,167,9,0,0,0,0,0,0,0,0,0,0,0,0,0,0,0,0,0,0,0,0,0,99,250,253,253,253,242,126,0,0,0,0,0,0,0,0,0,0,0,0,0,0,0,0,0,0,0,0,147,246,253,253,253,249,137,96,0,0,0,0,0,0,0,0,0,0,0,0,0,0,0,0,0,0,0,196,250,253,174,145,231,252,232,44,0,0,0,0,0,0,0,0,0,0,0,0,0,0,0,0,0,17,152,254,253,164,4,0,0,160,253,193,8,0,0,0,0,0,0,0,0,0,0,0,0,0,0,0,16,139,253,254,115,10,0,0,0,35,253,253,33,0,0,0,0,0,0,0,0,0,0,0,0,0,0,1,150,253,253,70,7,0,0,0,0,7,210,253,33,0,0,0,0,0,0,0,0,0,0,0,0,0,0,146,253,240,161,0,0,0,0,0,0,31,253,240,27,0,0,0,0,0,0,0,0,0,0,0,0,0,100,248,253,142,0,0,0,0,0,0,0,122,253,176,0,0,0,0,0,0,0,0,0,0,0,0,0,49,247,253,186,37,0,0,0,0,0,0,0,170,234,51,0,0,0,0,0,0,0,0,0,0,0,0,28,216,254,253,87,0,0,0,0,0,0,8,159,255,195,0,0,0,0,0,0,0,0,0,0,0,0,0,162,253,253,88,0,0,0,0,0,0,6,155,253,246,30,0,0,0,0,0,0,0,0,0,0,0,0,127,252,253,136,4,0,0,0,0,0,0,66,253,253,108,0,0,0,0,0,0,0,0,0,0,0,0,35,233,253,200,3,0,0,0,0,0,16,110,249,249,106,1,0,0,0,0,0,0,0,0,0,0,0,0,139,253,249,107,0,0,0,0,0,56,194,253,239,69,0,0,0,0,0,0,0,0,0,0,0,0,0,12,204,253,192,0,0,0,0,0,126,254,253,253,106,0,0,0,0,0,0,0,0,0,0,0,0,0,0,34,253,253,121,0,0,64,122,204,251,255,168,89,1,0,0,0,0,0,0,0,0,0,0,0,0,0,0,34,253,253,202,155,155,245,253,253,234,100,30,0,0,0,0,0,0,0,0,0,0,0,0,0,0,0,0,24,230,253,253,253,253,253,240,142,37,0,0,0,0,0,0,0,0,0,0,0,0,0,0,0,0,0,0,0,23,216,253,253,253,147,27,0,0,0,0,0,0,0,0,0,0,0,0,0,0,0,0,0,0,0,0,0,0,0,0,0,0,0,0,0,0,0,0,0,0,0,0,0,0,0,0,0,0,0,0,0,0,0,0,0,0,0,0,0,0,0,0,0,0,0,0,0,0,0,0,0,0,0,0,0,0,0,0,0,0,0,0,0,0,0,0,0,0,0,0,0,0,0,0,0,0,0,0,0,0,0,0,0,0,0,0,0,0,0,0,0,0,0,0,0,0,0,0,0,0,0,0,0,0,0,0,0,0,0,0,0,0,0,0
9,0,0,0,0,0,0,0,0,0,0,0,0,0,0,0,0,0,0,0,0,0,0,0,0,0,0,0,0,0,0,0,0,0,0,0,0,0,0,0,0,0,0,0,0,0,0,0,0,0,0,0,0,0,0,0,0,0,0,0,0,0,0,0,0,0,0,0,0,0,0,0,0,0,0,0,0,0,0,0,0,0,0,0,0,0,0,0,0,0,0,0,0,0,0,0,0,0,0,0,0,0,0,0,0,0,0,0,0,0,0,0,0,0,0,0,0,0,0,0,0,0,0,0,0,0,0,0,0,0,0,0,0,0,0,0,0,0,0,0,0,0,0,0,0,0,0,0,0,0,0,0,0,0,0,0,0,0,0,0,0,0,0,0,0,0,0,0,0,0,0,0,0,0,0,0,17,107,227,254,254,254,174,80,0,0,0,0,0,0,0,0,0,0,0,0,0,0,0,0,0,0,0,9,191,253,253,189,143,105,185,243,80,0,0,0,0,0,0,0,0,0,0,0,0,0,0,0,0,0,0,111,253,220,155,5,0,0,2,167,248,81,0,0,0,0,0,0,0,0,0,0,0,0,0,0,0,0,0,219,253,38,0,0,0,0,0,9,172,217,22,0,0,0,0,0,0,0,0,0,0,0,0,0,0,0,0,219,253,93,0,0,0,0,0,0,42,229,197,0,0,0,0,0,0,0,0,0,0,0,0,0,0,0,0,76,244,229,48,0,0,0,0,0,0,80,231,9,0,0,0,0,0,0,0,0,0,0,0,0,0,0,0,0,117,245,230,78,0,0,0,44,179,48,232,108,0,0,0,0,0,0,0,0,0,0,0,0,0,0,0,0,0,76,243,251,163,34,0,60,253,139,130,249,18,0,0,0,0,0,0,0,0,0,0,0,0,0,0,0,0,0,43,168,253,242,193,132,253,183,49,253,20,0,0,0,0,0,0,0,0,0,0,0,0,0,0,0,0,0,0,1,42,202,224,253,253,252,171,253,79,0,0,0,0,0,0,0,0,0,0,0,0,0,0,0,0,0,0,0,0,0,21,49,181,253,131,253,120,0,0,0,0,0,0,0,0,0,0,0,0,0,0,0,0,0,0,0,0,0,0,0,115,253,39,207,181,0,0,0,0,0,0,0,0,0,0,0,0,0,0,0,0,0,0,0,0,0,0,0,115,253,29,179,134,0,0,0,0,0,0,0,0,0,0,0,0,0,0,0,0,0,0,0,0,0,0,0,115,253,29,179,120,0,0,0,0,0,0,0,0,0,0,0,0,0,0,0,0,0,0,0,0,0,0,0,115,253,52,245,120,0,0,0,0,0,0,0,0,0,0,0,0,0,0,0,0,0,0,0,0,0,0,0,115,253,86,253,49,0,0,0,0,0,0,0,0,0,0,0,0,0,0,0,0,0,0,0,0,0,0,0,115,253,207,253,20,0,0,0,0,0,0,0,0,0,0,0,0,0,0,0,0,0,0,0,0,0,0,0,115,253,254,225,13,0,0,0,0,0,0,0,0,0,0,0,0,0,0,0,0,0,0,0,0,0,0,0,115,253,239,36,0,0,0,0,0,0,0,0,0,0,0,0,0,0,0,0,0,0,0,0,0,0,0,0,70,220,150,0,0,0,0,0,0,0,0,0,0,0,0,0,0,0,0,0,0,0,0,0,0,0,0,0,0,0,0,0,0,0,0,0,0,0,0,0,0,0,0,0,0,0,0,0,0,0,0,0,0,0,0,0,0,0,0,0,0,0,0,0,0,0,0,0,0
0,0,0,0,0,0,0,0,0,0,0,0,0,0,0,0,0,0,0,0,0,0,0,0,0,0,0,0,0,0,0,0,0,0,0,0,0,0,0,0,0,0,0,0,0,0,0,0,0,0,0,0,0,0,0,0,0,0,0,0,0,0,0,0,0,0,0,0,0,0,0,0,0,0,0,0,0,0,0,0,0,0,0,0,0,0,0,0,0,0,0,0,0,0,0,0,0,0,0,0,0,0,0,0,0,0,0,0,0,0,0,0,0,0,0,0,0,0,0,0,0,0,0,0,0,0,0,0,0,0,0,0,0,0,0,0,0,0,0,0,0,0,0,0,0,0,0,0,0,0,11,13,97,222,253,253,244,65,17,0,0,0,0,0,0,0,0,0,0,0,0,0,0,0,0,0,0,0,136,212,252,252,252,252,253,252,196,9,0,0,0,0,0,0,0,0,0,0,0,0,0,0,0,0,0,26,236,253,252,252,195,183,253,252,252,196,48,0,0,0,0,0,0,0,0,0,0,0,0,0,0,0,0,187,252,159,252,252,45,0,46,119,227,252,232,95,0,0,0,0,0,0,0,0,0,0,0,0,0,0,0,207,252,138,252,189,4,0,0,0,48,232,252,116,0,0,0,0,0,0,0,0,0,0,0,0,0,0,0,0,116,255,253,122,0,0,0,0,0,85,251,244,50,0,0,0,0,0,0,0,0,0,0,0,0,0,0,0,116,253,244,56,0,0,0,0,0,0,230,253,164,0,0,0,0,0,0,0,0,0,0,0,0,0,0,100,215,247,98,0,0,0,0,0,0,0,199,253,206,0,0,0,0,0,0,0,0,0,0,0,0,0,0,207,252,230,0,0,0,0,0,0,0,0,116,253,244,56,0,0,0,0,0,0,0,0,0,0,0,0,0,207,252,230,0,0,0,0,0,0,0,0,168,253,231,37,0,0,0,0,0,0,0,0,0,0,0,0,38,233,243,53,0,0,0,0,0,0,0,0,231,255,207,0,0,0,0,0,0,0,0,0,0,0,0,0,70,252,137,0,0,0,0,0,0,0,0,0,230,253,185,0,0,0,0,0,0,0,0,0,0,0,0,0,70,252,106,0,0,0,0,0,0,0,0,100,246,247,67,0,0,0,0,0,0,0,0,0,0,0,0,0,112,252,22,0,0,0,0,0,0,0,57,244,252,135,0,0,0,0,0,0,0,0,0,0,0,0,0,0,131,210,12,0,0,0,0,0,0,22,205,252,252,63,0,0,0,0,0,0,0,0,0,0,0,0,0,0,70,253,86,0,0,0,0,0,13,170,253,253,75,0,0,0,0,0,0,0,0,0,0,0,0,0,0,0,122,252,211,26,17,0,81,109,212,252,252,193,8,0,0,0,0,0,0,0,0,0,0,0,0,0,0,0,70,252,252,222,209,184,240,252,253,240,151,44,0,0,0,0,0,0,0,0,0,0,0,0,0,0,0,0,13,215,252,253,252,252,210,242,203,79,0,0,0,0,0,0,0,0,0,0,0,0,0,0,0,0,0,0,0,19,179,253,252,168,85,137,11,0,0,0,0,0,0,0,0,0,0,0,0,0,0,0,0,0,0,0,0,0,0,0,0,0,0,0,0,0,0,0,0,0,0,0,0,0,0,0,0,0,0,0,0,0,0,0,0,0,0,0,0,0,0,0,0,0,0,0,0,0,0,0,0,0,0,0,0,0,0,0,0,0,0,0,0,0,0,0,0,0,0,0,0,0,0,0,0,0,0,0,0,0,0,0,0
3,0,0,0,0,0,0,0,0,0,0,0,0,0,0,0,0,0,0,0,0,0,0,0,0,0,0,0,0,0,0,0,0,0,0,0,0,0,0,0,0,0,0,0,0,0,0,0,0,0,0,0,0,0,0,0,0,0,0,0,0,0,0,0,0,0,0,0,0,0,0,0,0,0,0,0,0,0,0,0,0,0,0,0,0,0,0,0,0,0,0,0,0,0,0,0,0,0,0,0,0,0,0,0,0,0,0,0,0,0,0,0,0,0,0,0,0,0,0,0,0,0,0,0,0,0,0,0,0,0,0,0,0,0,0,0,0,0,0,0,0,0,0,0,0,0,0,0,0,0,0,0,0,0,0,0,0,0,0,0,0,0,0,0,0,0,0,0,0,0,0,0,0,0,0,0,0,115,202,254,255,209,66,0,0,0,0,0,0,0,0,0,0,0,0,0,0,0,0,0,0,0,0,5,160,231,132,28,84,220,159,0,0,0,0,0,0,0,0,0,0,0,0,0,0,0,0,0,0,0,0,10,254,39,0,0,0,120,233,0,0,0,0,0,0,0,0,0,0,0,0,0,0,0,0,0,0,0,0,7,229,18,0,0,0,29,254,64,0,0,0,0,0,0,0,0,0,0,0,0,0,0,0,0,0,0,0,0,41,8,0,0,0,29,254,95,0,0,0,0,0,0,0,0,0,0,0,0,0,0,0,0,0,0,0,0,0,0,0,0,0,36,254,95,0,0,0,0,0,0,0,0,0,0,0,0,0,0,0,0,0,0,0,0,0,0,0,0,0,123,254,63,0,0,0,0,0,0,0,0,0,0,0,0,0,0,0,0,0,0,0,0,0,0,0,0,0,143,197,0,0,0,0,0,0,0,0,0,0,0,0,0,0,0,0,0,0,0,0,0,0,0,0,0,38,235,114,0,0,0,0,0,0,0,0,0,0,0,0,0,0,0,0,0,0,0,0,0,0,0,0,0,186,254,205,189,174,56,0,0,0,0,0,0,0,0,0,0,0,0,0,0,0,0,0,0,0,0,0,0,246,223,188,189,198,254,226,12,0,0,0,0,0,0,0,0,0,0,0,0,0,0,0,0,0,0,0,0,27,15,0,0,5,31,149,208,53,0,0,0,0,0,0,0,0,0,0,0,0,0,0,0,0,0,0,0,0,0,0,0,0,0,0,123,241,31,0,0,0,0,0,0,0,0,0,0,0,0,0,0,0,0,0,0,0,0,0,0,0,0,0,0,207,137,0,0,0,0,0,0,0,0,0,0,0,0,0,0,0,0,0,0,0,0,0,0,0,0,0,0,121,248,8,0,0,0,0,0,0,0,0,0,0,0,0,0,0,0,0,0,0,0,0,0,0,0,0,0,37,254,9,0,0,0,0,0,0,0,0,0,0,0,0,0,0,0,0,0,0,0,0,0,0,0,0,0,19,254,9,0,0,0,0,0,0,0,0,0,0,0,0,0,0,0,0,0,0,0,0,0,0,0,0,0,97,254,9,0,0,0,0,0,0,0,0,0,0,0,0,0,0,0,0,0,0,0,0,0,0,0,0,6,212,135,2,0,0,0,0,0,0,0,0,0,0,0,0,0,0,0,0,0,0,0,0,0,0,0,29,159,247,47,0,0,0,0,0,0,0,0,0,0,0,0,0,0,0,0,0,0,0,0,0,0,0,0,0,0,0,0,0,0,0,0,0,0,0,0,0,0,0,0,0,0,0,0,0,0,0,0,0,0,0,0,0,0,0,0,0,0,0,0,0,0,0
1,0,0,0,0,0,0,0,0,0,0,0,0,0,0,0,0,0,0,0,0,0,0,0,0,0,0,0,0,0,0,0,0,0,0,0,0,0,0,0,0,0,0,0,0,0,0,0,0,0,0,0,0,0,0,0,0,0,0,0,0,0,0,0,0,0,0,0,0,0,0,0,0,0,0,0,0,0,0,0,0,0,0,0,0,0,0,0,0,0,0,0,0,0,0,0,0,0,0,0,0,0,0,0,0,0,0,0,0,0,0,0,0,0,0,0,0,0,0,0,0,0,0,0,0,3,131,216,9,0,0,0,0,0,0,0,0,0,0,0,0,0,0,0,0,0,0,0,0,0,0,0,0,17,254,254,128,0,0,0,0,0,0,0,0,0,0,0,0,0,0,0,0,0,0,0,0,0,0,0,0,19,254,254,252,76,0,0,0,0,0,0,0,0,0,0,0,0,0,0,0,0,0,0,0,0,0,0,0,126,254,254,254,87,0,0,0,0,0,0,0,0,0,0,0,0,0,0,0,0,0,0,0,0,0,0,0,126,254,254,254,87,0,0,0,0,0,0,0,0,0,0,0,0,0,0,0,0,0,0,0,0,0,0,0,126,254,254,254,87,0,0,0,0,0,0,0,0,0,0,0,0,0,0,0,0,0,0,0,0,0,0,0,146,254,254,254,87,0,0,0,0,0,0,0,0,0,0,0,0,0,0,0,0,0,0,0,0,0,0,0,234,254,254,254,87,0,0,0,0,0,0,0,0,0,0,0,0,0,0,0,0,0,0,0,0,0,0,0,234,254,254,244,44,0,0,0,0,0,0,0,0,0,0,0,0,0,0,0,0,0,0,0,0,0,0,0,234,254,254,233,0,0,0,0,0,0,0,0,0,0,0,0,0,0,0,0,0,0,0,0,0,0,0,69,250,254,254,233,0,0,0,0,0,0,0,0,0,0,0,0,0,0,0,0,0,0,0,0,0,0,0,88,254,254,254,233,0,0,0,0,0,0,0,0,0,0,0,0,0,0,0,0,0,0,0,0,0,0,0,88,254,254,254,233,0,0,0,0,0,0,0,0,0,0,0,0,0,0,0,0,0,0,0,0,0,0,0,88,254,254,254,233,0,0,0,0,0,0,0,0,0,0,0,0,0,0,0,0,0,0,0,0,0,0,0,88,254,254,254,233,0,0,0,0,0,0,0,0,0,0,0,0,0,0,0,0,0,0,0,0,0,0,0,88,254,255,254,233,0,0,0,0,0,0,0,0,0,0,0,0,0,0,0,0,0,0,0,0,0,0,0,88,254,254,254,233,0,0,0,0,0,0,0,0,0,0,0,0,0,0,0,0,0,0,0,0,0,0,0,88,254,254,254,233,0,0,0,0,0,0,0,0,0,0,0,0,0,0,0,0,0,0,0,0,0,0,0,63,249,254,254,202,0,0,0,0,0,0,0,0,0,0,0,0,0,0,0,0,0,0,0,0,0,0,0,0,187,208,38,19,0,0,0,0,0,0,0,0,0,0,0,0,0,0,0,0,0,0,0,0,0,0,0,0,0,0,0,0,0,0,0,0,0,0,0,0,0,0,0,0,0,0,0,0,0,0,0,0,0,0,0,0,0,0,0,0,0,0,0,0,0,0,0,0,0,0,0,0,0,0,0,0,0,0,0,0,0,0,0,0,0,0,0,0,0,0,0,0,0,0,0,0,0,0,0,0,0,0,0,0,0,0,0,0,0,0,0,0,0,0,0,0,0,0,0,0,0,0,0,0,0,0,0,0
6,0,0,0,0,0,0,0,0,0,0,0,0,0,0,0,0,0,0,0,0,0,0,0,0,0,0,0,0,0,0,0,0,0,0,0,0,0,0,0,0,0,0,0,0,0,0,0,0,0,0,0,0,0,0,0,0,0,0,0,0,0,0,0,0,0,0,0,0,0,0,0,0,0,0,0,0,0,0,0,0,0,0,0,0,0,0,0,0,0,0,0,0,0,0,0,0,0,0,0,0,0,0,191,255,191,0,0,0,0,0,0,0,0,0,0,0,0,0,0,0,0,0,0,0,0,0,0,0,64,191,255,255,255,0,0,0,0,0,0,0,0,0,0,0,0,0,0,0,0,0,0,0,0,0,0,128,255,255,255,255,255,0,0,0,0,0,0,0,0,0,0,0,0,0,0,0,0,0,0,0,0,0,191,255,255,255,255,64,0,0,0,0,0,0,0,0,0,0,0,0,0,0,0,0,0,0,0,0,0,191,255,255,255,255,0,0,0,0,0,0,0,0,0,0,0,0,0,0,0,0,0,0,0,0,0,0,191,255,255,255,191,0,0,0,0,0,0,0,0,0,0,0,0,0,0,0,0,0,0,0,0,0,0,64,255,255,255,191,64,0,0,0,0,0,0,0,0,0,0,0,0,0,0,0,0,0,0,0,0,0,0,191,255,255,255,0,0,0,0,0,0,0,0,0,0,0,0,0,0,0,0,0,0,0,0,0,0,0,128,255,255,255,64,0,0,0,0,0,0,0,0,0,0,0,0,0,0,0,0,0,0,0,0,0,0,64,255,255,255,128,0,0,0,0,0,0,0,0,0,0,0,0,0,0,0,0,0,0,0,0,0,0,0,255,255,255,255,0,0,0,0,0,0,0,0,0,0,0,0,0,0,0,0,0,0,0,0,0,0,0,0,255,255,255,64,191,255,255,255,255,0,0,0,0,0,0,0,0,0,0,0,0,0,0,0,0,0,0,64,255,255,255,255,255,255,255,255,255,191,0,0,0,0,0,0,0,0,0,0,0,0,0,0,0,0,0,128,255,255,255,255,255,255,255,191,255,255,64,0,0,0,0,0,0,0,0,0,0,0,0,0,0,0,0,128,255,255,255,255,255,191,0,191,255,255,128,0,0,0,0,0,0,0,0,0,0,0,0,0,0,0,0,128,255,255,255,255,128,0,191,255,255,255,0,0,0,0,0,0,0,0,0,0,0,0,0,0,0,0,0,0,255,255,255,255,128,255,255,255,255,64,0,0,0,0,0,0,0,0,0,0,0,0,0,0,0,0,0,0,255,255,255,255,255,255,255,255,128,0,0,0,0,0,0,0,0,0,0,0,0,0,0,0,0,0,0,0,64,255,255,255,255,255,255,64,0,0,0,0,0,0,0,0,0,0,0,0,0,0,0,0,0,0,0,0,0,64,128,255,255,191,0,0,0,0,0,0,0,0,0,0,0,0,0,0,0,0,0,0,0,0,0,0,0,0,0,0,0,0,0,0,0,0,0,0,0,0,0,0,0,0,0,0,0,0,0,0,0,0,0,0,0,0,0,0,0,0,0,0,0,0,0,0,0,0,0,0,0,0,0,0,0,0,0,0,0,0,0,0,0,0,0,0,0,0,0,0,0,0,0,0,0,0,0,0,0,0,0,0,0,0,0,0,0,0,0,0,0,0,0,0,0,0,0,0,0,0,0,0,0,0,0,0,0,0,0,0,0,0,0,0,0,0,0,0,0,0,0,0,0,0,0,0,0,0,0,0,0,0,0,0,0,0,0
4,0,0,0,0,0,0,0,0,0,0,0,0,0,0,0,0,0,0,0,0,0,0,0,0,0,0,0,0,0,0,0,0,0,0,0,0,0,0,0,0,0,0,0,0,0,0,0,0,0,0,0,0,0,0,0,0,0,0,0,0,0,0,0,0,0,0,0,0,0,0,0,0,0,0,0,0,0,0,0,0,0,0,0,0,0,0,0,0,0,0,0,0,0,0,0,0,0,0,0,0,0,0,0,0,0,0,0,0,0,0,0,0,0,0,0,0,0,0,0,0,0,0,0,0,0,0,0,0,0,0,0,0,0,0,0,0,0,0,0,0,0,0,0,0,0,0,0,0,0,0,0,0,0,0,0,0,0,0,0,0,0,0,0,0,0,0,0,0,0,0,0,0,0,0,0,0,0,0,1,79,199,157,15,0,0,0,0,3,4,0,0,0,0,0,0,0,0,0,0,0,0,0,0,0,0,0,86,254,231,42,0,0,0,0,44,221,187,0,0,0,0,0,0,0,0,0,0,0,0,0,0,0,0,2,195,254,189,0,0,0,0,3,175,254,97,0,0,0,0,0,0,0,0,0,0,0,0,0,0,0,0,21,254,254,132,0,0,0,0,55,254,230,13,0,0,0,0,0,0,0,0,0,0,0,0,0,0,0,0,56,254,242,32,0,0,0,0,96,254,185,0,0,0,0,0,0,0,0,0,0,0,0,0,0,0,0,0,114,254,217,0,0,0,0,39,247,254,100,0,0,0,0,0,0,0,0,0,0,0,0,0,0,0,0,0,188,254,151,0,0,0,0,60,254,254,25,0,0,0,0,0,0,0,0,0,0,0,0,0,0,0,0,0,188,254,229,8,0,0,0,134,254,227,14,0,0,0,0,0,0,0,0,0,0,0,0,0,0,0,0,0,109,254,254,161,0,0,7,152,254,196,0,0,0,0,0,0,0,0,0,0,0,0,0,0,0,0,0,0,11,210,254,249,209,209,217,254,254,128,0,0,0,0,0,0,0,0,0,0,0,0,0,0,0,0,0,0,0,26,162,230,254,254,254,254,254,43,0,0,0,0,0,0,0,0,0,0,0,0,0,0,0,0,0,0,0,0,0,17,50,52,104,254,226,14,0,0,0,0,0,0,0,0,0,0,0,0,0,0,0,0,0,0,0,0,0,0,0,0,47,254,200,0,0,0,0,0,0,0,0,0,0,0,0,0,0,0,0,0,0,0,0,0,0,0,0,0,94,254,200,0,0,0,0,0,0,0,0,0,0,0,0,0,0,0,0,0,0,0,0,0,0,0,0,0,130,254,152,0,0,0,0,0,0,0,0,0,0,0,0,0,0,0,0,0,0,0,0,0,0,0,0,12,218,254,95,0,0,0,0,0,0,0,0,0,0,0,0,0,0,0,0,0,0,0,0,0,0,0,0,42,254,254,33,0,0,0,0,0,0,0,0,0,0,0,0,0,0,0,0,0,0,0,0,0,0,0,0,95,254,240,24,0,0,0,0,0,0,0,0,0,0,0,0,0,0,0,0,0,0,0,0,0,0,0,0,153,254,204,0,0,0,0,0,0,0,0,0,0,0,0,0,0,0,0,0,0,0,0,0,0,0,0,0,99,239,83,0,0,0,0,0,0,0,0,0,0,0,0,0,0,0,0,0,0,0,0,0,0,0,0,0,0,0,0,0,0,0,0,0,0,0,0,0,0,0,0,0,0,0,0,0,0,0,0,0,0,0,0,0,0,0,0,0,0,0,0,0,0,0,0,0,0,0
2,0,0,0,0,0,0,0,0,0,0,0,0,0,0,0,0,0,0,0,0,0,0,0,0,0,0,0,0,0,0,0,0,0,0,0,0,0,0,0,0,0,0,0,0,0,0,0,0,0,0,0,0,0,0,0,0,0,0,0,0,0,0,0,0,0,0,0,0,0,0,0,0,0,0,0,0,0,0,0,0,0,0,0,0,0,0,0,0,0,0,0,0,0,0,0,0,0,0,0,0,0,0,0,0,0,0,0,0,0,0,0,0,0,0,0,0,0,0,0,0,0,0,0,0,58,132,255,253,236,132,105,3,0,0,0,0,0,0,0,0,0,0,0,0,0,0,0,0,0,0,20,71,191,252,253,252,252,252,252,128,0,0,0,0,0,0,0,0,0,0,0,0,0,0,0,0,0,46,234,252,252,252,253,252,252,252,252,225,47,0,0,0,0,0,0,0,0,0,0,0,0,0,0,0,0,73,252,252,252,252,253,252,252,252,252,252,184,7,0,0,0,0,0,0,0,0,0,0,0,0,0,0,0,73,252,252,252,194,72,72,98,252,252,252,252,36,0,0,0,0,0,0,0,0,0,0,0,0,0,0,0,17,100,180,128,3,0,0,37,252,252,252,252,36,0,0,0,0,0,0,0,0,0,0,0,0,0,0,0,0,0,0,0,0,0,0,37,252,252,252,252,36,0,0,0,0,0,0,0,0,0,0,0,0,0,0,0,0,0,0,0,0,0,0,140,252,252,252,179,5,0,0,0,0,0,0,0,0,0,0,0,0,0,0,0,0,0,0,0,0,0,131,243,252,252,221,38,0,0,0,0,0,0,0,0,0,0,0,0,0,0,0,0,0,0,0,0,0,70,247,252,252,252,180,0,0,0,0,0,0,0,0,0,0,0,0,0,0,0,0,0,0,0,0,0,70,255,253,253,253,216,29,0,0,0,0,0,0,0,0,0,0,0,0,0,0,0,0,0,0,0,0,75,247,253,252,252,247,65,0,0,0,0,0,0,0,0,0,0,0,0,0,0,0,0,0,0,0,0,78,243,252,253,252,252,211,28,0,0,0,0,0,0,0,0,0,0,0,0,0,0,0,0,0,0,0,80,241,252,252,253,252,252,252,232,134,10,0,0,0,0,0,0,0,0,0,0,0,0,0,0,0,44,96,239,252,252,252,253,252,252,252,252,252,77,0,0,0,0,0,0,0,0,0,0,0,0,0,11,153,235,252,252,252,252,252,253,252,252,252,252,231,62,0,0,0,0,0,0,0,0,0,0,0,0,0,37,252,252,252,252,252,252,252,253,252,252,252,252,139,0,0,0,0,0,0,0,0,0,0,0,0,0,0,140,252,252,252,252,252,252,252,253,243,155,155,127,9,0,0,0,0,0,0,0,0,0,0,0,0,0,0,106,252,252,252,252,252,205,143,24,21,0,0,0,0,0,0,0,0,0,0,0,0,0,0,0,0,0,0,19,154,252,252,154,86,7,0,0,0,0,0,0,0,0,0,0,0,0,0,0,0,0,0,0,0,0,0,0,0,0,0,0,0,0,0,0,0,0,0,0,0,0,0,0,0,0,0,0,0,0,0,0,0,0,0,0,0,0,0,0,0,0,0,0,0,0,0,0,0,0,0,0,0,0,0,0,0,0,0,0,0,0,0,0,0,0,0,0,0,0,0,0,0,0,0,0,0,0,0,0,0,0,0,0,0,0,0,0,0,0,0,0,0,0,0,0,0,0,0,0,0,0,0,0,0,0,0,0,0,0,0,0,0
3,0,0,0,0,0,0,0,0,0,0,0,0,0,0,0,0,0,0,0,0,0,0,0,0,0,0,0,0,0,0,0,0,0,0,0,0,0,0,0,0,0,0,0,0,0,0,0,0,0,0,0,0,0,0,0,0,0,0,0,0,0,0,0,0,0,0,0,0,0,0,0,0,0,0,0,0,0,0,0,0,0,0,0,0,0,0,0,0,0,0,0,0,0,0,0,0,0,0,0,0,0,0,0,0,0,0,0,0,0,0,0,0,0,0,0,0,0,0,0,0,0,79,109,255,253,253,253,255,253,253,170,63,0,0,0,0,0,0,0,0,0,0,0,0,0,0,0,0,105,242,252,253,252,252,252,253,252,252,252,176,10,0,0,0,0,0,0,0,0,0,0,0,0,0,0,0,217,252,252,253,252,252,252,253,252,252,252,253,35,0,0,0,0,0,0,0,0,0,0,0,0,0,0,0,217,252,252,253,252,252,252,253,252,252,252,253,119,0,0,0,0,0,0,0,0,0,0,0,0,0,0,0,154,252,252,253,252,252,252,253,252,252,252,253,179,0,0,0,0,0,0,0,0,0,0,0,0,0,0,0,52,179,179,35,35,35,159,253,252,252,252,253,138,0,0,0,0,0,0,0,0,0,0,0,0,0,0,0,0,0,0,16,37,140,221,253,252,252,252,175,10,0,0,0,0,0,0,0,0,0,0,0,0,0,0,0,0,0,0,191,252,252,252,253,252,252,252,144,0,0,0,0,0,0,0,0,0,0,0,0,0,0,0,0,0,182,253,255,253,253,253,255,253,253,253,145,0,0,0,0,0,0,0,0,0,0,0,0,0,0,0,0,21,201,252,253,252,252,252,253,252,252,252,238,72,0,0,0,0,0,0,0,0,0,0,0,0,0,0,0,21,201,252,253,252,252,252,253,252,252,252,253,231,52,0,0,0,0,0,0,0,0,0,0,0,0,0,0,0,181,252,253,252,252,252,191,232,252,252,253,252,71,0,0,0,0,0,0,0,0,0,0,32,109,47,0,0,182,253,255,222,125,0,0,73,253,253,255,253,72,0,0,0,0,0,0,0,0,0,0,197,252,232,42,0,46,179,180,45,0,0,32,207,252,252,253,252,71,0,0,0,0,0,0,0,0,0,0,196,252,252,221,57,37,37,37,37,37,120,212,252,252,252,253,252,71,0,0,0,0,0,0,0,0,0,0,31,211,252,252,252,252,252,253,252,252,252,253,252,252,252,253,210,31,0,0,0,0,0,0,0,0,0,0,0,182,253,253,253,253,253,255,253,253,253,255,253,253,253,208,20,0,0,0,0,0,0,0,0,0,0,0,0,57,252,252,252,252,252,253,252,252,252,253,252,252,252,104,0,0,0,0,0,0,0,0,0,0,0,0,0,11,71,133,226,252,252,253,252,252,252,253,252,205,71,0,0,0,0,0,0,0,0,0,0,0,0,0,0,0,0,0,31,108,108,253,252,252,252,108,108,31,0,0,0,0,0,0,0,0,0,0,0,0,0,0,0,0,0,0,0,0,0,0,0,0,0,0,0,0,0,0,0,0,0,0,0,0,0,0,0,0,0,0,0,0,0,0,0,0,0,0,0,0,0,0,0,0,0,0,0,0,0,0,0,0,0,0,0,0,0,0,0,0,0,0,0,0,0,0,0,0,0,0,0,0,0,0,0,0,0,0,0,0,0,0,0,0,0,0,0,0,0,0,0,0,0,0,0,0,0,0,0,0,0,0,0,0,0,0,0,0,0,0
6,0,0,0,0,0,0,0,0,0,0,0,0,0,0,0,0,0,0,0,0,0,0,0,0,0,0,0,0,0,0,0,0,0,0,0,0,0,0,0,0,0,0,0,0,0,0,0,0,0,0,0,0,0,0,0,0,0,0,0,0,0,0,0,0,0,0,0,0,39,162,123,0,0,0,0,0,0,0,0,0,0,0,0,0,0,0,0,0,0,0,0,0,0,0,0,0,207,254,253,64,0,0,0,0,0,0,0,0,0,0,0,0,0,0,0,0,0,0,0,0,0,0,0,82,252,254,254,65,0,0,0,0,0,0,0,0,0,0,0,0,0,0,0,0,0,0,0,0,0,0,86,175,254,254,227,38,0,0,0,0,0,0,0,0,0,0,0,0,0,0,0,0,0,0,0,0,0,0,142,254,173,156,49,0,0,0,0,0,0,0,0,0,0,0,0,0,0,0,0,0,0,0,0,0,0,133,251,180,6,0,0,0,0,0,0,0,0,0,0,0,0,0,0,0,0,0,0,0,0,0,0,0,133,251,224,45,0,0,0,0,0,0,0,0,0,0,0,0,0,0,0,0,0,0,0,0,0,0,0,93,251,254,123,0,0,0,0,0,0,0,0,0,0,0,0,0,0,0,0,0,0,0,0,0,0,0,0,148,254,227,23,0,0,0,0,0,0,0,0,10,73,73,69,0,0,0,0,0,0,0,0,0,0,0,31,246,254,55,0,0,0,0,0,0,0,0,45,157,254,254,252,193,32,0,0,0,0,0,0,0,0,0,216,254,230,20,0,0,0,0,0,0,13,83,233,254,254,254,254,254,124,0,0,0,0,0,0,0,0,0,249,254,149,0,0,0,0,0,0,13,95,254,246,202,202,138,254,254,124,0,0,0,0,0,0,0,0,87,253,254,127,0,0,0,0,0,12,162,254,246,109,0,0,20,254,254,124,0,0,0,0,0,0,0,0,125,254,254,19,0,0,0,0,0,87,254,246,109,0,0,0,108,254,250,41,0,0,0,0,0,0,0,0,45,251,254,36,0,0,0,0,47,234,254,185,0,0,5,115,218,253,148,0,0,0,0,0,0,0,0,0,0,249,254,214,29,0,0,0,73,254,248,64,5,47,170,255,254,228,0,0,0,0,0,0,0,0,0,0,0,239,254,254,214,151,40,4,150,254,200,47,169,254,254,255,233,45,0,0,0,0,0,0,0,0,0,0,0,52,241,254,254,254,254,163,232,254,254,254,254,254,253,160,45,0,0,0,0,0,0,0,0,0,0,0,0,0,52,171,250,254,254,254,254,254,254,254,250,160,102,0,0,0,0,0,0,0,0,0,0,0,0,0,0,0,0,0,48,124,124,124,228,254,224,124,38,0,0,0,0,0,0,0,0,0,0,0,0,0,0,0,0,0,0,0,0,0,0,0,0,0,0,0,0,0,0,0,0,0,0,0,0,0,0,0,0,0,0,0,0,0,0,0,0,0,0,0,0,0,0,0,0,0,0,0,0,0,0,0,0,0,0,0,0,0,0,0,0,0,0,0,0,0,0,0,0,0,0,0,0,0,0,0,0,0,0,0,0,0,0,0,0,0,0,0,0,0,0,0,0,0,0,0,0,0,0,0,0,0,0,0,0,0,0,0,0,0,0,0,0,0,0,0,0,0,0,0,0,0,0,0,0,0,0,0,0,0,0,0,0,0,0,0,0,0,0,0,0,0,0,0,0,0,0,0,0,0,0,0,0,0,0,0,0,0,0,0,0,0,0,0,0,0,0
1,0,0,0,0,0,0,0,0,0,0,0,0,0,0,0,0,0,0,0,0,0,0,0,0,0,0,0,0,0,0,0,0,0,0,0,0,0,0,0,0,0,0,0,0,0,0,0,0,0,0,0,0,0,0,0,0,0,0,0,0,0,0,0,0,0,0,0,0,0,0,0,0,0,0,0,0,0,0,0,0,0,0,0,0,0,0,0,0,0,0,0,0,0,0,0,0,0,0,0,0,0,0,0,0,0,0,0,0,0,0,0,0,0,0,0,0,0,0,0,0,0,0,0,0,0,0,0,0,0,92,146,0,0,0,0,0,0,0,0,0,0,0,0,0,0,0,0,0,0,0,0,0,0,0,0,0,0,66,133,38,0,0,0,0,0,0,0,0,0,0,0,0,0,0,0,0,0,0,0,0,0,0,0,0,0,204,228,168,0,0,0,0,0,0,0,0,0,0,0,0,0,0,0,0,0,0,0,0,0,0,0,0,0,253,252,68,0,0,0,0,0,0,0,0,0,0,0,0,0,0,0,0,0,0,0,0,0,0,0,0,126,255,222,25,0,0,0,0,0,0,0,0,0,0,0,0,0,0,0,0,0,0,0,0,0,0,0,57,243,253,171,0,0,0,0,0,0,0,0,0,0,0,0,0,0,0,0,0,0,0,0,0,0,0,0,123,252,253,84,0,0,0,0,0,0,0,0,0,0,0,0,0,0,0,0,0,0,0,0,0,0,0,101,246,252,178,9,0,0,0,0,0,0,0,0,0,0,0,0,0,0,0,0,0,0,0,0,0,0,4,179,253,241,0,0,0,0,0,0,0,0,0,0,0,0,0,0,0,0,0,0,0,0,0,0,0,0,128,252,252,115,0,0,0,0,0,0,0,0,0,0,0,0,0,0,0,0,0,0,0,0,0,0,0,0,253,252,186,6,0,0,0,0,0,0,0,0,0,0,0,0,0,0,0,0,0,0,0,0,0,0,0,151,253,252,68,0,0,0,0,0,0,0,0,0,0,0,0,0,0,0,0,0,0,0,0,0,0,0,48,241,254,134,0,0,0,0,0,0,0,0,0,0,0,0,0,0,0,0,0,0,0,0,0,0,0,0,85,252,234,28,0,0,0,0,0,0,0,0,0,0,0,0,0,0,0,0,0,0,0,0,0,0,0,0,172,252,137,0,0,0,0,0,0,0,0,0,0,0,0,0,0,0,0,0,0,0,0,0,0,0,0,51,246,252,63,0,0,0,0,0,0,0,0,0,0,0,0,0,0,0,0,0,0,0,0,0,0,0,0,170,253,241,0,0,0,0,0,0,0,0,0,0,0,0,0,0,0,0,0,0,0,0,0,0,0,0,7,187,252,139,0,0,0,0,0,0,0,0,0,0,0,0,0,0,0,0,0,0,0,0,0,0,0,0,29,252,252,228,0,0,0,0,0,0,0,0,0,0,0,0,0,0,0,0,0,0,0,0,0,0,0,0,4,178,252,202,0,0,0,0,0,0,0,0,0,0,0,0,0,0,0,0,0,0,0,0,0,0,0,0,0,0,0,0,0,0,0,0,0,0,0,0,0,0,0,0,0,0,0,0,0,0,0,0,0,0,0,0,0,0,0,0,0,0,0,0,0,0,0,0,0,0,0,0,0,0,0,0,0,0,0,0,0,0,0,0,0,0,0,0,0,0,0,0,0,0,0,0,0,0,0,0,0,0,0,0,0,0,0,0,0,0,0,0,0,0,0,0,0,0,0,0,0,0,0,0,0,0,0,0,0,0,0
1,0,0,0,0,0,0,0,0,0,0,0,0,0,0,0,0,0,0,0,0,0,0,0,0,0,0,0,0,0,0,0,0,0,0,0,0,0,0,0,0,0,0,0,0,0,0,0,0,0,0,0,0,0,0,0,0,0,0,0,0,0,0,0,0,0,0,0,0,0,0,0,0,0,0,0,0,0,0,0,0,0,0,0,0,0,0,0,0,0,0,0,0,0,0,0,0,0,0,0,0,0,0,0,0,0,0,0,0,0,0,0,0,0,0,0,0,0,0,0,0,0,0,0,0,0,0,0,0,0,0,0,0,0,0,0,0,0,0,0,0,0,0,0,0,0,0,0,0,0,0,0,0,0,0,112,226,50,0,0,0,0,0,0,0,0,0,0,0,0,0,0,0,0,0,0,0,0,0,0,0,0,0,223,217,22,0,0,0,0,0,0,0,0,0,0,0,0,0,0,0,0,0,0,0,0,0,0,0,0,32,249,104,0,0,0,0,0,0,0,0,0,0,0,0,0,0,0,0,0,0,0,0,0,0,0,0,0,85,254,83,0,0,0,0,0,0,0,0,0,0,0,0,0,0,0,0,0,0,0,0,0,0,0,0,0,156,254,83,0,0,0,0,0,0,0,0,0,0,0,0,0,0,0,0,0,0,0,0,0,0,0,0,0,156,254,83,0,0,0,0,0,0,0,0,0,0,0,0,0,0,0,0,0,0,0,0,0,0,0,0,0,112,254,83,0,0,0,0,0,0,0,0,0,0,0,0,0,0,0,0,0,0,0,0,0,0,0,0,0,122,254,83,0,0,0,0,0,0,0,0,0,0,0,0,0,0,0,0,0,0,0,0,0,0,0,0,0,156,254,83,0,0,0,0,0,0,0,0,0,0,0,0,0,0,0,0,0,0,0,0,0,0,0,0,0,156,254,83,0,0,0,0,0,0,0,0,0,0,0,0,0,0,0,0,0,0,0,0,0,0,0,0,0,75,255,86,0,0,0,0,0,0,0,0,0,0,0,0,0,0,0,0,0,0,0,0,0,0,0,0,0,22,248,164,0,0,0,0,0,0,0,0,0,0,0,0,0,0,0,0,0,0,0,0,0,0,0,0,0,0,246,164,0,0,0,0,0,0,0,0,0,0,0,0,0,0,0,0,0,0,0,0,0,0,0,0,0,0,246,164,0,0,0,0,0,0,0,0,0,0,0,0,0,0,0,0,0,0,0,0,0,0,0,0,0,0,220,164,0,0,0,0,0,0,0,0,0,0,0,0,0,0,0,0,0,0,0,0,0,0,0,0,0,0,246,164,0,0,0,0,0,0,0,0,0,0,0,0,0,0,0,0,0,0,0,0,0,0,0,0,0,0,246,236,0,0,0,0,0,0,0,0,0,0,0,0,0,0,0,0,0,0,0,0,0,0,0,0,0,0,172,246,0,0,0,0,0,0,0,0,0,0,0,0,0,0,0,0,0,0,0,0,0,0,0,0,0,0,164,249,22,0,0,0,0,0,0,0,0,0,0,0,0,0,0,0,0,0,0,0,0,0,0,0,0,0,32,254,100,0,0,0,0,0,0,0,0,0,0,0,0,0,0,0,0,0,0,0,0,0,0,0,0,0,0,0,0,0,0,0,0,0,0,0,0,0,0,0,0,0,0,0,0,0,0,0,0,0,0,0,0,0,0,0,0,0,0,0,0,0,0,0,0,0,0,0,0,0,0,0,0,0,0,0,0,0,0,0,0,0,0,0,0,0,0,0,0,0,0,0,0,0,0,0
1,0,0,0,0,0,0,0,0,0,0,0,0,0,0,0,0,0,0,0,0,0,0,0,0,0,0,0,0,0,0,0,0,0,0,0,0,0,0,0,0,0,0,0,0,0,0,0,0,0,0,0,0,0,0,0,0,0,0,0,0,0,0,0,0,0,0,0,0,0,0,0,0,0,0,0,0,0,0,0,0,0,0,0,0,0,0,0,0,0,0,0,0,0,0,0,0,0,0,0,0,0,0,0,0,0,0,0,0,0,0,0,0,0,0,0,0,0,0,0,0,0,0,0,0,0,0,0,0,49,232,33,0,0,0,0,0,0,0,0,0,0,0,0,0,0,0,0,0,0,0,0,0,0,0,0,0,78,254,89,0,0,0,0,0,0,0,0,0,0,0,0,0,0,0,0,0,0,0,0,0,0,0,0,0,78,254,53,0,0,0,0,0,0,0,0,0,0,0,0,0,0,0,0,0,0,0,0,0,0,0,0,9,221,212,1,0,0,0,0,0,0,0,0,0,0,0,0,0,0,0,0,0,0,0,0,0,0,0,0,97,254,211,0,0,0,0,0,0,0,0,0,0,0,0,0,0,0,0,0,0,0,0,0,0,0,0,0,180,254,142,0,0,0,0,0,0,0,0,0,0,0,0,0,0,0,0,0,0,0,0,0,0,0,0,49,235,238,18,0,0,0,0,0,0,0,0,0,0,0,0,0,0,0,0,0,0,0,0,0,0,0,0,144,254,177,0,0,0,0,0,0,0,0,0,0,0,0,0,0,0,0,0,0,0,0,0,0,0,0,0,144,250,84,0,0,0,0,0,0,0,0,0,0,0,0,0,0,0,0,0,0,0,0,0,0,0,0,16,238,222,0,0,0,0,0,0,0,0,0,0,0,0,0,0,0,0,0,0,0,0,0,0,0,0,0,125,254,143,0,0,0,0,0,0,0,0,0,0,0,0,0,0,0,0,0,0,0,0,0,0,0,0,6,201,240,64,0,0,0,0,0,0,0,0,0,0,0,0,0,0,0,0,0,0,0,0,0,0,0,0,36,254,206,0,0,0,0,0,0,0,0,0,0,0,0,0,0,0,0,0,0,0,0,0,0,0,0,0,120,254,129,0,0,0,0,0,0,0,0,0,0,0,0,0,0,0,0,0,0,0,0,0,0,0,0,0,212,254,111,0,0,0,0,0,0,0,0,0,0,0,0,0,0,0,0,0,0,0,0,0,0,0,0,0,212,255,111,0,0,0,0,0,0,0,0,0,0,0,0,0,0,0,0,0,0,0,0,0,0,0,0,0,212,254,111,0,0,0,0,0,0,0,0,0,0,0,0,0,0,0,0,0,0,0,0,0,0,0,0,60,239,254,85,0,0,0,0,0,0,0,0,0,0,0,0,0,0,0,0,0,0,0,0,0,0,0,0,149,255,213,7,0,0,0,0,0,0,0,0,0,0,0,0,0,0,0,0,0,0,0,0,0,0,0,0,94,231,71,0,0,0,0,0,0,0,0,0,0,0,0,0,0,0,0,0,0,0,0,0,0,0,0,0,0,0,0,0,0,0,0,0,0,0,0,0,0,0,0,0,0,0,0,0,0,0,0,0,0,0,0,0,0,0,0,0,0,0,0,0,0,0,0,0,0,0,0,0,0,0,0,0,0,0,0,0,0,0,0,0,0,0,0,0,0,0,0,0,0,0,0,0,0,0,0,0,0,0,0,0,0,0,0,0,0,0,0,0,0,0,0,0,0,0,0,0,0,0,0,0,0,0,0,0,0
3,0,0,0,0,0,0,0,0,0,0,0,0,0,0,0,0,0,0,0,0,0,0,0,0,0,0,0,0,0,0,0,0,0,0,0,0,0,0,0,0,0,0,0,0,0,0,0,0,0,0,0,0,0,0,0,0,0,0,0,0,0,0,0,0,0,0,0,0,0,0,0,0,0,0,0,0,0,0,0,0,0,0,0,0,0,0,0,0,0,0,0,0,0,0,0,0,0,0,0,0,0,0,0,0,0,0,0,0,0,0,0,0,0,0,0,0,0,0,0,0,0,0,0,0,0,0,0,0,0,0,0,0,0,0,0,0,0,0,0,0,0,0,0,0,0,0,0,0,136,254,254,254,254,254,131,0,0,0,0,0,0,0,0,0,0,0,0,0,0,0,0,0,0,0,0,60,240,142,44,44,82,163,251,124,2,0,0,0,0,0,0,0,0,0,0,0,0,0,0,0,0,0,0,95,179,9,0,0,0,0,179,253,104,0,0,0,0,0,0,0,0,0,0,0,0,0,0,0,0,0,0,3,11,0,0,0,0,0,105,253,131,0,0,0,0,0,0,0,0,0,0,0,0,0,0,0,0,0,0,0,0,0,0,0,0,0,105,253,108,0,0,0,0,0,0,0,0,0,0,0,0,0,0,0,0,0,0,0,0,0,0,0,0,0,156,223,29,0,0,0,0,0,0,0,0,0,0,0,0,0,0,0,0,0,0,0,0,0,0,0,0,142,240,160,0,0,0,0,0,0,0,0,0,0,0,0,0,0,0,0,0,0,0,0,0,0,0,7,193,253,210,20,0,0,0,0,0,0,0,0,0,0,0,0,0,0,0,0,0,0,0,0,0,0,0,193,253,253,253,216,194,128,11,0,0,0,0,0,0,0,0,0,0,0,0,0,0,0,0,0,0,0,142,253,253,204,104,128,206,253,191,15,0,0,0,0,0,0,0,0,0,0,0,0,0,0,0,0,0,0,36,128,49,21,0,0,3,105,253,76,0,0,0,0,0,0,0,0,0,0,0,0,0,0,0,0,0,0,0,0,0,0,0,0,0,0,224,224,12,0,0,0,0,0,0,0,0,0,0,0,0,0,0,0,0,0,0,0,0,0,0,0,0,0,224,253,20,0,0,0,0,0,0,0,0,0,0,0,0,0,0,0,0,0,0,0,0,0,0,0,0,0,224,253,20,0,0,0,0,0,0,0,0,0,0,0,0,0,0,0,0,0,0,0,0,0,0,0,0,45,239,204,10,0,0,0,0,0,0,0,0,0,0,0,0,0,0,0,0,0,0,0,0,0,0,0,43,229,246,51,0,0,0,0,0,0,0,0,0,0,0,0,0,0,0,0,0,0,0,0,0,0,15,122,243,244,80,0,0,0,0,0,0,0,0,0,0,0,0,0,0,0,0,0,0,0,0,0,0,109,216,253,213,80,0,0,0,0,0,0,0,0,0,0,0,0,0,0,0,0,0,0,0,0,0,41,221,253,217,146,21,0,0,0,0,0,0,0,0,0,0,0,0,0,0,0,0,0,0,0,0,0,0,179,253,97,11,0,0,0,0,0,0,0,0,0,0,0,0,0,0,0,0,0,0,0,0,0,0,0,0,0,0,0,0,0,0,0,0,0,0,0,0,0,0,0,0,0,0,0,0,0,0,0,0,0,0,0,0,0,0,0,0,0,0,0,0,0,0,0,0,0,0,0,0,0,0,0,0,0,0,0,0,0,0,0,0,0,0,0,0,0,0,0,0,0,0,0,0,0,0,0,0,0
9,0,0,0,0,0,0,0,0,0,0,0,0,0,0,0,0,0,0,0,0,0,0,0,0,0,0,0,0,0,0,0,0,0,0,0,0,0,0,0,0,0,0,0,0,0,0,0,0,0,0,0,0,0,0,0,0,0,0,0,0,0,0,0,0,0,0,0,0,0,0,0,0,0,0,0,0,0,0,0,0,0,0,0,0,0,0,0,0,0,0,0,0,0,0,0,0,0,0,0,0,0,0,0,0,0,0,0,0,0,0,0,0,0,0,0,0,0,0,0,0,0,0,0,0,0,0,0,0,0,0,0,0,0,0,0,0,0,0,0,0,0,0,0,0,0,0,0,0,0,0,0,0,0,0,0,0,0,0,0,0,0,0,0,0,0,0,0,0,0,0,0,0,0,0,0,0,0,0,0,0,19,128,255,253,253,211,86,11,0,0,0,0,0,0,0,0,0,0,0,0,0,0,0,0,0,0,9,130,236,252,253,252,252,252,252,116,0,0,0,0,0,0,0,0,0,0,0,0,0,0,0,0,0,38,155,252,252,252,253,208,202,252,252,146,0,0,0,0,0,0,0,0,0,0,0,0,0,0,0,0,95,233,252,252,252,210,46,17,13,88,244,230,0,0,0,0,0,0,0,0,0,0,0,0,0,0,0,43,230,253,252,252,116,12,0,0,0,0,178,241,42,0,0,0,0,0,0,0,0,0,0,0,0,0,0,208,253,255,253,69,0,11,0,15,55,44,55,106,0,0,0,0,0,0,0,0,0,0,0,0,0,0,0,207,252,253,252,186,161,203,162,219,252,252,22,0,0,0,0,0,0,0,0,0,0,0,0,0,0,0,0,176,252,253,252,252,252,252,253,252,252,252,22,0,0,0,0,0,0,0,0,0,0,0,0,0,0,0,0,17,192,253,252,252,252,252,253,252,252,252,22,0,0,0,0,0,0,0,0,0,0,0,0,0,0,0,0,0,11,33,137,137,43,22,96,252,252,252,22,0,0,0,0,0,0,0,0,0,0,0,0,0,0,0,0,0,0,0,0,0,0,0,149,253,253,203,11,0,0,0,0,0,0,0,0,0,0,0,0,0,0,0,0,0,0,0,0,0,0,0,253,252,252,160,0,0,0,0,0,0,0,0,0,0,0,0,0,0,0,0,0,0,0,0,0,0,0,0,253,252,252,77,0,0,0,0,0,0,0,0,0,0,0,0,0,0,0,0,0,0,0,0,0,0,0,0,253,252,252,45,0,0,0,0,0,0,0,0,0,0,0,0,0,0,0,0,0,0,0,0,0,0,0,106,253,252,189,4,0,0,0,0,0,0,0,0,0,0,0,0,0,0,0,0,0,0,0,0,0,0,0,116,255,253,184,0,0,0,0,0,0,0,0,0,0,0,0,0,0,0,0,0,0,0,0,0,0,0,0,95,253,252,183,0,0,0,0,0,0,0,0,0,0,0,0,0,0,0,0,0,0,0,0,0,0,0,0,0,253,252,234,90,7,32,0,0,0,0,0,0,0,0,0,0,0,0,0,0,0,0,0,0,0,0,0,0,169,252,252,252,211,229,75,0,0,0,0,0,0,0,0,0,0,0,0,0,0,0,0,0,0,0,0,0,3,96,221,252,252,180,8,0,0,0,0,0,0,0,0,0,0,0,0,0,0,0,0,0,0,0,0,0,0,0,0,0,0,0,0,0,0,0,0,0,0,0,0,0,0,0,0,0,0,0,0,0,0,0,0,0,0,0,0,0,0,0,0,0,0,0,0,0,0,0
5,0,0,0,0,0,0,0,0,0,0,0,0,0,0,0,0,0,0,0,0,0,0,0,0,0,0,0,0,0,0,0,0,0,0,0,0,0,0,0,0,0,0,0,0,0,0,0,0,0,0,0,0,0,0,0,0,0,0,0,0,0,0,0,0,0,0,0,0,0,0,0,0,0,0,0,0,0,0,0,0,0,0,0,0,0,0,0,0,0,0,0,0,0,0,0,0,0,0,0,0,0,0,0,0,0,0,0,0,0,0,0,0,0,0,0,0,0,0,0,0,0,0,0,0,0,0,0,0,0,0,0,0,0,0,0,0,0,0,0,0,0,0,0,0,0,0,0,0,159,216,156,112,59,27,23,82,148,18,0,0,0,0,0,0,0,0,0,0,0,0,0,0,0,0,0,61,248,253,254,253,253,232,229,254,253,78,0,0,0,0,0,0,0,0,0,0,0,0,0,0,0,0,0,0,136,253,235,174,199,222,192,175,129,24,0,0,0,0,0,0,0,0,0,0,0,0,0,0,0,0,0,0,55,253,195,0,6,12,5,0,0,0,0,0,0,0,0,0,0,0,0,0,0,0,0,0,0,0,0,0,100,253,195,0,0,0,0,0,0,0,0,0,0,0,0,0,0,0,0,0,0,0,0,0,0,0,0,0,62,254,196,28,59,112,119,46,0,0,0,0,0,0,0,0,0,0,0,0,0,0,0,0,0,0,0,0,136,253,222,217,253,253,253,245,131,50,2,0,0,0,0,0,0,0,0,0,0,0,0,0,0,0,0,0,204,253,254,253,228,159,115,193,253,253,117,0,0,0,0,0,0,0,0,0,0,0,0,0,0,0,0,0,234,253,254,129,13,0,0,5,72,241,250,69,0,0,0,0,0,0,0,0,0,0,0,0,0,0,0,0,159,253,96,9,0,0,0,0,0,71,245,230,38,0,0,0,0,0,0,0,0,0,0,0,0,0,0,0,16,98,0,0,0,0,0,0,0,0,152,254,172,9,0,0,0,0,0,0,0,0,0,0,0,0,0,0,0,0,0,0,0,0,0,0,0,0,67,226,254,46,0,0,0,0,0,0,0,0,0,0,0,0,0,0,0,0,0,0,0,0,0,0,0,0,30,165,254,135,0,0,0,0,0,0,0,0,0,0,0,0,0,0,0,0,25,6,0,0,0,0,0,0,0,135,254,135,0,0,0,0,0,0,0,0,0,0,0,0,0,0,0,38,231,204,60,0,0,0,0,0,0,173,254,135,0,0,0,0,0,0,0,0,0,0,0,0,0,0,0,135,255,226,60,0,0,0,0,0,0,135,255,174,0,0,0,0,0,0,0,0,0,0,0,0,0,0,0,91,254,235,117,9,0,0,0,0,26,207,254,91,0,0,0,0,0,0,0,0,0,0,0,0,0,0,0,0,155,253,253,211,101,0,0,25,172,253,213,12,0,0,0,0,0,0,0,0,0,0,0,0,0,0,0,0,5,72,226,253,253,235,234,240,253,237,53,0,0,0,0,0,0,0,0,0,0,0,0,0,0,0,0,0,0,0,18,148,230,254,253,253,200,58,0,0,0,0,0,0,0,0,0,0,0,0,0,0,0,0,0,0,0,0,0,0,0,0,0,0,0,0,0,0,0,0,0,0,0,0,0,0,0,0,0,0,0,0,0,0,0,0,0,0,0,0,0,0,0,0,0,0,0,0,0,0,0,0,0,0,0,0,0,0,0,0,0,0,0,0,0,0,0,0,0,0,0,0,0,0,0,0,0,0,0,0
2,0,0,0,0,0,0,0,0,0,0,0,0,0,0,0,0,0,0,0,0,0,0,0,0,0,0,0,0,0,0,0,0,0,0,0,0,0,0,0,0,0,0,0,0,0,0,0,0,0,0,0,0,0,0,0,0,0,0,0,0,0,0,0,0,0,0,0,0,0,0,0,0,0,0,0,0,0,0,0,0,0,0,0,0,0,0,0,0,0,0,0,0,0,0,0,0,0,0,0,0,0,0,0,0,0,0,0,0,0,0,0,0,0,0,0,0,0,0,0,0,0,0,0,23,108,122,163,178,171,184,11,0,0,0,0,0,0,0,0,0,0,0,0,0,0,0,0,0,0,0,25,198,253,253,253,253,255,253,181,15,0,0,0,0,0,0,0,0,0,0,0,0,0,0,0,0,0,0,68,253,253,245,96,39,40,200,253,39,0,0,0,0,0,0,0,0,0,0,0,0,0,0,0,0,0,0,50,158,124,47,0,0,0,23,233,145,0,0,0,0,0,0,0,0,0,0,0,0,0,0,0,0,0,0,0,0,0,0,0,0,0,0,228,173,0,0,0,0,0,0,0,0,0,0,0,0,0,0,0,0,0,0,0,0,0,0,0,0,0,0,228,173,0,0,0,0,0,0,0,0,0,0,0,0,0,0,0,0,0,0,0,0,0,0,0,0,0,69,244,88,0,0,0,0,0,0,0,0,0,0,0,0,0,0,0,0,0,0,0,0,0,0,0,0,0,185,248,37,0,0,0,0,0,0,0,0,0,0,0,0,0,0,0,0,0,0,0,0,0,0,0,0,0,241,159,0,0,0,0,0,0,0,0,0,0,0,0,0,0,0,0,0,0,0,0,0,0,0,0,0,58,248,97,0,0,0,0,0,0,0,0,0,0,0,0,0,0,0,0,0,0,0,0,0,0,0,0,0,177,208,15,0,0,0,0,0,0,0,0,0,0,0,0,0,0,0,0,0,0,0,50,70,94,94,94,164,254,146,0,0,0,0,0,0,0,0,0,0,0,0,0,0,0,0,0,0,30,194,235,243,253,253,253,253,254,237,165,81,17,0,0,0,0,0,0,0,0,0,0,0,0,0,0,86,220,253,253,253,253,253,253,253,254,253,253,253,212,158,11,25,40,68,0,0,0,0,0,0,0,0,0,135,253,253,253,253,253,253,222,199,201,199,199,199,242,239,198,211,223,128,0,0,0,0,0,0,0,0,84,249,253,140,225,253,253,213,34,0,0,0,0,0,63,80,80,80,75,0,0,0,0,0,0,0,0,0,191,253,253,253,253,247,205,34,0,0,0,0,0,0,0,0,0,0,0,0,0,0,0,0,0,0,0,0,51,233,240,240,204,84,0,0,0,0,0,0,0,0,0,0,0,0,0,0,0,0,0,0,0,0,0,0,0,0,0,0,0,0,0,0,0,0,0,0,0,0,0,0,0,0,0,0,0,0,0,0,0,0,0,0,0,0,0,0,0,0,0,0,0,0,0,0,0,0,0,0,0,0,0,0,0,0,0,0,0,0,0,0,0,0,0,0,0,0,0,0,0,0,0,0,0,0,0,0,0,0,0,0,0,0,0,0,0,0,0,0,0,0,0,0,0,0,0,0,0,0,0,0,0,0,0,0,0,0,0,0,0,0,0,0,0,0,0,0,0,0,0,0,0,0,0,0,0,0,0,0,0,0,0,0,0,0,0,0,0,0,0,0,0,0,0,0,0,0,0,0,0,0,0,0,0,0,0,0,0,0,0,0,0,0,0,0,0,0
9,0,0,0,0,0,0,0,0,0,0,0,0,0,0,0,0,0,0,0,0,0,0,0,0,0,0,0,0,0,0,0,0,0,0,0,0,0,0,0,0,0,0,0,0,0,0,0,0,0,0,0,0,0,0,0,0,0,0,0,0,0,0,0,0,0,0,0,0,0,0,0,0,0,0,0,0,0,0,0,0,0,0,0,0,0,0,0,0,0,0,0,0,0,0,0,0,0,0,0,0,0,0,0,0,0,0,0,0,0,0,0,0,0,0,0,0,0,0,0,0,0,0,0,0,0,0,0,0,0,0,0,0,0,0,0,0,0,0,0,0,0,0,0,0,0,0,0,0,0,0,0,0,0,0,0,0,0,0,0,0,0,0,0,0,0,0,0,0,0,0,0,0,0,0,0,0,0,0,0,0,0,0,0,0,0,0,0,0,0,0,0,0,0,0,0,0,0,0,0,0,0,0,0,0,0,0,10,59,132,248,255,253,161,10,0,0,0,0,0,0,0,0,0,0,0,0,0,0,0,0,0,0,47,145,232,252,252,252,253,252,252,231,41,0,0,0,0,0,0,0,0,0,0,0,0,0,0,0,0,48,225,252,252,252,252,252,253,252,252,252,72,0,0,0,0,0,0,0,0,0,0,0,0,0,0,0,0,169,252,252,252,252,252,252,253,252,252,252,72,0,0,0,0,0,0,0,0,0,0,0,0,0,0,0,0,169,252,252,252,252,252,252,253,252,252,252,129,0,0,0,0,0,0,0,0,0,0,0,0,0,0,0,28,233,252,252,252,252,252,252,253,252,252,252,106,0,0,0,0,0,0,0,0,0,0,0,0,0,0,0,37,252,252,252,252,252,252,252,253,252,252,252,241,146,0,0,0,0,0,0,0,0,0,0,0,0,0,0,6,180,252,252,252,252,252,252,253,252,252,252,252,207,19,0,0,0,0,0,0,0,0,0,0,0,0,0,0,39,221,252,252,252,252,252,253,252,252,252,252,252,48,0,0,0,0,0,0,0,0,0,0,0,0,0,0,0,8,11,11,11,11,11,69,23,131,212,252,252,162,0,0,0,0,0,0,0,0,0,0,0,0,0,0,0,0,0,0,0,0,0,0,0,0,0,182,253,213,19,0,0,0,0,0,0,0,0,0,0,0,0,0,0,0,0,0,0,0,0,0,0,0,0,181,252,244,32,0,0,0,0,0,0,0,0,0,0,0,0,0,0,0,0,0,0,0,0,0,0,0,0,181,252,167,0,0,0,0,0,0,0,0,0,0,0,0,0,0,0,0,0,0,0,0,0,0,0,0,0,181,252,167,0,0,0,0,0,0,0,0,0,0,0,0,0,0,0,0,0,0,0,0,0,0,0,0,0,181,252,167,0,0,0,0,0,0,0,0,0,0,0,0,0,0,0,0,0,0,0,0,0,0,0,0,38,235,252,76,0,0,0,0,0,0,0,0,0,0,0,0,0,0,0,0,0,0,0,0,0,0,0,0,146,252,252,105,0,0,0,0,0,0,0,0,0,0,0,0,0,0,0,0,0,0,0,0,0,0,0,0,169,252,252,48,0,0,0,0,0,0,0,0,0,0,0,0,0,0,0,0,0,0,0,0,0,0,0,0,118,252,221,27,0,0,0,0,0,0,0,0,0,0,0,0,0,0,0,0,0,0,0,0,0,0,0,0,3,184,123,0,0,0,0,0,0,0,0,0,0,0,0,0,0,0,0,0,0,0,0,0,0,0,0,0,0,0,0,0,0,0,0,0,0,0,0
4,0,0,0,0,0,0,0,0,0,0,0,0,0,0,0,0,0,0,0,0,0,0,0,0,0,0,0,0,0,0,0,0,0,0,0,0,0,0,0,0,0,0,0,0,0,0,0,0,0,0,0,0,0,0,0,0,0,0,0,0,0,0,0,0,0,0,0,0,0,0,0,0,0,0,0,0,0,0,0,0,0,0,0,0,0,0,0,0,0,0,0,0,0,0,0,0,0,0,0,0,0,0,0,0,0,0,0,0,0,0,0,0,0,0,0,0,0,0,0,0,0,0,0,0,0,0,0,0,0,0,0,0,0,0,0,0,0,0,0,0,0,0,0,0,0,0,0,0,0,0,0,0,0,0,0,0,0,0,0,0,0,0,0,0,0,0,0,0,0,0,0,0,0,0,0,32,134,61,0,0,0,0,0,0,0,0,0,0,178,223,12,0,0,0,0,0,0,0,0,0,0,0,0,144,253,142,0,0,0,0,0,0,0,0,0,28,232,216,10,0,0,0,0,0,0,0,0,0,0,0,0,234,253,128,0,0,0,0,0,0,0,0,0,89,253,107,0,0,0,0,0,0,0,0,0,0,0,0,0,234,253,83,0,0,0,0,0,0,0,0,0,156,242,36,0,0,0,0,0,0,0,0,0,0,0,0,0,234,253,0,0,0,0,0,0,0,0,0,0,231,233,0,0,0,0,0,0,0,0,0,0,0,0,13,224,254,155,0,0,0,0,0,0,0,0,0,61,255,234,0,0,0,0,0,0,0,0,0,0,0,0,28,253,253,73,0,0,0,0,0,0,0,0,0,98,254,188,0,0,0,0,0,0,0,0,0,0,0,0,88,253,237,36,0,0,0,0,0,0,0,0,0,165,254,68,0,0,0,0,0,0,0,0,0,0,0,0,9,196,253,126,40,24,40,9,24,0,0,0,52,248,199,3,0,0,0,0,0,0,0,0,0,0,0,0,0,18,238,253,254,230,253,208,230,196,195,195,226,253,195,0,0,0,0,0,0,0,0,0,0,0,0,0,0,0,0,76,99,98,68,0,0,0,0,0,235,254,135,0,0,0,0,0,0,0,0,0,0,0,0,0,0,0,0,0,0,0,0,0,0,0,0,112,250,245,15,0,0,0,0,0,0,0,0,0,0,0,0,0,0,0,0,0,0,0,0,0,0,0,0,175,253,155,0,0,0,0,0,0,0,0,0,0,0,0,0,0,0,0,0,0,0,0,0,0,0,0,4,187,253,140,0,0,0,0,0,0,0,0,0,0,0,0,0,0,0,0,0,0,0,0,0,0,0,0,20,253,253,58,0,0,0,0,0,0,0,0,0,0,0,0,0,0,0,0,0,0,0,0,0,0,0,0,80,254,229,23,0,0,0,0,0,0,0,0,0,0,0,0,0,0,0,0,0,0,0,0,0,0,0,0,200,253,138,0,0,0,0,0,0,0,0,0,0,0,0,0,0,0,0,0,0,0,0,0,0,0,0,0,214,253,146,0,0,0,0,0,0,0,0,0,0,0,0,0,0,0,0,0,0,0,0,0,0,0,0,0,214,253,102,0,0,0,0,0,0,0,0,0,0,0,0,0,0,0,0,0,0,0,0,0,0,0,0,0,214,192,5,0,0,0,0,0,0,0,0,0,0,0,0,0,0,0,0,0,0,0,0,0,0,0,0,0,0,0,0,0,0,0,0,0,0,0,0,0,0,0,0,0,0,0,0,0,0,0,0,0,0,0,0,0,0,0,0,0,0,0,0,0,0,0,0,0,0
5,0,0,0,0,0,0,0,0,0,0,0,0,0,0,0,0,0,0,0,0,0,0,0,0,0,0,0,0,0,0,0,0,0,0,0,0,0,0,0,0,0,0,0,0,0,0,0,0,0,0,0,0,0,0,0,0,0,0,0,0,0,0,0,0,0,0,0,0,0,0,0,0,0,0,0,0,0,0,0,0,0,0,0,0,0,0,0,0,0,0,0,0,0,0,0,0,0,0,0,0,0,0,0,0,0,0,0,0,0,0,0,0,0,0,0,0,0,0,0,0,0,0,0,0,0,0,0,0,0,0,0,0,0,0,0,0,0,0,0,0,0,0,0,0,0,0,0,0,0,0,0,0,0,0,0,0,0,0,0,0,0,0,0,0,0,0,0,0,0,0,0,0,0,0,0,0,0,0,0,0,0,0,0,0,15,71,252,252,240,255,216,19,0,0,0,0,0,0,0,0,0,0,0,0,0,0,0,0,0,0,53,154,237,238,212,88,120,253,186,14,0,0,0,0,0,0,0,0,0,0,0,0,0,0,0,0,5,128,229,212,101,46,3,68,225,209,17,0,0,0,0,0,0,0,0,0,0,0,0,0,0,0,0,71,195,242,154,15,27,124,192,253,185,48,0,0,0,0,0,0,0,0,0,0,0,0,0,0,0,0,128,251,203,83,63,125,224,253,208,96,16,0,0,0,0,0,0,0,0,0,0,0,0,0,0,0,0,128,250,198,13,0,128,253,164,95,14,0,0,0,0,0,0,0,0,0,0,0,0,0,0,0,0,0,35,230,151,6,0,0,3,11,2,0,0,0,0,0,0,0,0,0,0,0,0,0,0,0,0,0,0,0,72,253,147,0,0,0,0,0,0,0,0,0,0,0,0,0,0,0,0,0,0,0,0,0,0,0,0,0,27,224,164,2,0,0,0,0,0,0,0,0,0,0,0,0,0,0,0,0,0,0,0,0,0,0,0,0,0,179,253,176,0,0,0,0,0,0,0,0,0,0,0,0,0,0,0,0,0,0,0,0,0,0,0,0,0,21,195,252,129,29,0,0,0,0,0,0,0,0,0,0,0,0,0,0,0,0,0,0,0,0,0,0,0,0,17,200,253,153,29,0,0,0,0,0,0,0,0,0,0,0,0,0,0,0,0,0,0,0,0,0,0,0,0,12,100,253,238,53,0,0,0,0,0,0,0,0,0,0,0,0,0,0,0,0,0,0,0,0,0,0,0,0,1,25,209,250,40,0,0,0,0,0,0,0,0,0,0,0,0,0,0,0,0,0,0,0,0,0,0,0,0,0,60,253,110,0,0,0,0,0,0,0,0,0,0,0,0,0,0,0,0,0,0,0,0,0,0,0,0,28,186,253,82,0,0,0,0,0,0,0,0,0,0,0,0,0,0,0,0,0,26,145,0,0,0,0,7,151,253,167,12,0,0,0,0,0,0,0,0,0,0,0,0,0,0,0,0,0,36,242,51,0,0,44,206,253,167,12,0,0,0,0,0,0,0,0,0,0,0,0,0,0,0,0,0,0,5,135,228,219,163,236,244,79,11,0,0,0,0,0,0,0,0,0,0,0,0,0,0,0,0,0,0,0,0,4,106,176,203,135,68,0,0,0,0,0,0,0,0,0,0,0,0,0,0,0,0,0,0,0,0,0,0,0,0,0,0,0,0,0,0,0,0,0,0,0,0,0,0,0,0,0,0,0,0,0,0,0,0,0,0,0,0,0,0,0,0,0,0,0,0,0,0,0,0,0,0,0,0,0,0,0
9,0,0,0,0,0,0,0,0,0,0,0,0,0,0,0,0,0,0,0,0,0,0,0,0,0,0,0,0,0,0,0,0,0,0,0,0,0,0,0,0,0,0,0,0,0,0,0,0,0,0,0,0,0,0,0,0,0,0,0,0,0,0,0,0,0,0,0,0,0,0,0,0,0,0,0,0,0,0,0,0,0,0,0,0,0,0,0,0,0,0,0,0,0,0,0,0,0,0,0,0,0,0,0,0,0,0,0,0,0,0,0,0,0,0,0,0,0,0,0,0,0,0,0,0,0,0,0,0,0,0,0,0,0,0,0,0,0,0,0,0,0,0,0,0,0,0,0,0,0,0,0,0,0,0,0,0,0,0,0,0,0,0,0,0,0,0,0,0,0,0,0,0,0,0,0,0,0,0,0,0,0,0,0,0,0,0,0,0,0,0,0,0,0,0,0,0,0,0,0,0,0,0,0,62,152,152,254,172,152,112,41,0,0,0,0,0,0,0,0,0,0,0,0,0,0,0,0,0,0,0,0,183,253,252,253,252,253,252,243,162,0,0,0,0,0,0,0,0,0,0,0,0,0,0,0,0,0,0,31,233,254,253,254,253,254,253,254,253,234,51,0,0,0,0,0,0,0,0,0,0,0,0,0,0,0,0,132,252,233,70,50,50,71,192,253,252,253,232,41,0,0,0,0,0,0,0,0,0,0,0,0,0,0,0,254,253,163,0,0,0,0,0,193,253,254,253,214,31,0,0,0,0,0,0,0,0,0,0,0,0,0,0,253,252,203,0,0,0,0,0,71,252,253,252,253,151,0,0,0,0,0,0,0,0,0,0,0,0,0,0,234,253,234,112,41,21,31,51,214,253,254,253,254,253,62,0,0,0,0,0,0,0,0,0,0,0,0,0,92,232,253,252,243,223,233,252,253,252,151,232,253,252,142,0,0,0,0,0,0,0,0,0,0,0,0,0,0,41,214,253,254,253,254,253,254,172,0,203,254,253,203,0,0,0,0,0,0,0,0,0,0,0,0,0,0,0,10,50,112,151,151,151,131,10,0,203,253,252,203,0,0,0,0,0,0,0,0,0,0,0,0,0,0,0,0,0,0,0,0,0,0,0,0,142,254,253,203,0,0,0,0,0,0,0,0,0,0,0,0,0,0,0,0,0,0,0,0,0,0,0,0,102,253,252,203,0,0,0,0,0,0,0,0,0,0,0,0,0,0,0,0,0,0,0,0,0,0,0,0,102,254,253,254,50,0,0,0,0,0,0,0,0,0,0,0,0,0,0,0,0,0,0,0,0,0,0,0,102,253,252,253,50,0,0,0,0,0,0,0,0,0,0,0,0,0,0,0,0,0,0,0,0,0,0,0,102,254,253,254,71,0,0,0,0,0,0,0,0,0,0,0,0,0,0,0,0,0,0,0,0,0,0,0,102,253,252,253,111,0,0,0,0,0,0,0,0,0,0,0,0,0,0,0,0,0,0,0,0,0,0,0,102,254,253,255,50,0,0,0,0,0,0,0,0,0,0,0,0,0,0,0,0,0,0,0,0,0,0,0,102,253,252,253,50,0,0,0,0,0,0,0,0,0,0,0,0,0,0,0,0,0,0,0,0,0,0,0,102,254,253,203,0,0,0,0,0,0,0,0,0,0,0,0,0,0,0,0,0,0,0,0,0,0,0,0,20,131,212,122,0,0,0,0,0,0,0,0,0,0,0,0,0,0,0,0,0,0,0,0,0,0,0,0,0,0,0,0,0,0,0,0,0,0,0
3,0,0,0,0,0,0,0,0,0,0,0,0,0,0,0,0,0,0,0,0,0,0,0,0,0,0,0,0,0,0,0,0,0,0,0,0,0,0,0,0,0,0,0,0,0,0,0,0,0,0,0,0,0,0,0,0,0,0,0,0,0,0,0,0,0,0,0,0,0,0,0,0,0,0,0,0,0,0,0,0,0,0,0,0,0,0,0,0,0,0,0,0,0,0,0,0,0,0,0,0,0,0,0,0,0,0,0,0,0,0,0,0,0,0,0,0,0,0,0,0,0,0,0,0,0,0,0,0,0,0,0,0,0,0,0,0,0,0,0,0,0,0,0,0,0,0,0,0,16,223,255,186,107,38,0,0,0,0,0,0,0,0,0,0,0,0,0,0,0,0,0,0,0,0,0,0,17,198,242,253,253,242,197,81,0,0,0,0,0,0,0,0,0,0,0,0,0,0,0,0,0,0,0,0,0,4,9,10,99,224,253,252,244,87,0,0,0,0,0,0,0,0,0,0,0,0,0,0,0,0,0,0,0,0,0,0,0,14,108,252,253,232,24,0,0,0,0,0,0,0,0,0,0,0,0,0,0,0,0,0,0,0,0,0,0,0,0,80,222,253,167,0,0,0,0,0,0,0,0,0,0,0,0,0,0,0,0,0,0,0,0,0,0,0,0,59,235,253,146,0,0,0,0,0,0,0,0,0,0,0,0,0,0,0,0,0,0,0,0,0,0,0,54,239,248,85,9,0,0,0,0,0,0,0,0,0,0,0,0,0,0,0,0,0,0,0,0,0,0,60,236,253,98,0,0,0,0,0,0,0,0,0,0,0,0,0,0,0,0,0,0,0,0,0,0,30,154,238,253,172,10,0,0,0,0,0,0,0,0,0,0,0,0,0,0,0,0,0,0,0,0,0,0,166,253,253,253,26,0,0,0,0,0,0,0,0,0,0,0,0,0,0,0,0,0,0,0,0,0,0,0,34,138,215,253,224,166,6,0,0,0,0,0,0,0,0,0,0,0,0,0,0,0,0,0,0,0,0,0,0,0,24,207,253,253,117,0,0,0,0,0,0,0,0,0,0,0,0,0,0,0,0,0,0,0,0,0,0,0,0,24,250,253,119,0,0,0,0,0,0,0,0,0,0,0,0,0,0,0,0,0,0,0,0,0,0,0,0,53,252,243,62,0,0,0,0,0,0,0,0,0,0,0,0,0,0,0,0,0,0,0,0,0,0,0,16,189,253,133,0,0,0,0,0,0,0,0,0,0,0,0,0,0,0,0,0,0,0,0,0,0,0,0,61,253,224,32,0,0,0,0,0,0,0,0,0,0,0,0,0,0,0,0,0,0,0,0,0,0,0,32,222,253,38,0,0,0,0,0,0,0,0,0,0,0,0,0,0,0,0,0,0,0,0,0,0,5,105,233,230,57,1,0,0,0,0,0,0,0,0,0,0,0,0,0,0,0,0,0,0,0,0,0,40,192,253,229,114,0,0,0,0,0,0,0,0,0,0,0,0,0,0,0,0,0,0,0,0,0,0,0,134,247,149,43,0,0,0,0,0,0,0,0,0,0,0,0,0,0,0,0,0,0,0,0,0,0,0,0,0,0,0,0,0,0,0,0,0,0,0,0,0,0,0,0,0,0,0,0,0,0,0,0,0,0,0,0,0,0,0,0,0,0,0,0,0,0,0,0,0,0,0,0,0,0,0,0,0,0,0,0,0,0,0,0,0,0,0,0,0,0,0,0,0,0,0,0,0,0,0,0,0,0,0
9,0,0,0,0,0,0,0,0,0,0,0,0,0,0,0,0,0,0,0,0,0,0,0,0,0,0,0,0,0,0,0,0,0,0,0,0,0,0,0,0,0,0,0,0,0,0,0,0,0,0,0,0,0,0,0,0,0,0,0,0,0,0,0,0,0,0,0,0,0,0,0,0,0,0,0,0,0,0,0,0,0,0,0,0,0,0,0,0,0,0,0,0,0,0,0,0,0,0,0,0,0,0,0,0,0,0,0,0,0,0,0,0,0,0,0,0,0,0,0,0,0,0,0,0,0,0,0,0,0,0,0,0,0,0,0,0,0,0,0,0,0,0,0,0,0,0,0,0,0,0,0,0,0,0,0,0,0,0,0,0,0,0,0,0,0,0,0,0,0,0,0,0,0,0,0,0,0,0,0,22,114,192,193,148,30,0,0,0,0,0,0,0,0,0,0,0,0,0,0,0,0,0,0,0,0,15,121,221,252,252,253,252,221,142,0,0,0,0,0,0,0,0,0,0,0,0,0,0,0,0,0,0,0,139,252,252,252,252,253,252,252,247,188,54,0,0,0,0,0,0,0,0,0,0,0,0,0,0,0,0,27,218,252,252,252,199,128,184,252,252,252,176,0,0,0,0,0,0,0,0,0,0,0,0,0,0,0,0,150,253,252,244,77,7,0,85,252,252,252,211,0,0,0,0,0,0,0,0,0,0,0,0,0,0,0,0,212,255,253,127,0,0,0,85,253,253,253,107,0,0,0,0,0,0,0,0,0,0,0,0,0,0,0,0,211,253,252,126,0,0,0,85,252,252,252,106,0,0,0,0,0,0,0,0,0,0,0,0,0,0,0,0,202,253,252,180,22,22,128,213,252,252,252,53,0,0,0,0,0,0,0,0,0,0,0,0,0,0,0,0,35,253,252,252,252,252,253,252,252,252,155,0,0,0,0,0,0,0,0,0,0,0,0,0,0,0,0,0,0,165,252,252,252,252,253,252,252,252,42,0,0,0,0,0,0,0,0,0,0,0,0,0,0,0,0,0,0,18,141,229,211,211,237,253,253,253,42,0,0,0,0,0,0,0,0,0,0,0,0,0,0,0,0,0,0,0,0,27,0,0,148,252,252,252,77,0,0,0,0,0,0,0,0,0,0,0,0,0,0,0,0,0,0,0,0,0,0,0,139,252,252,252,244,0,0,0,0,0,0,0,0,0,0,0,0,0,0,0,0,0,0,0,0,0,0,0,114,252,252,252,226,0,0,0,0,0,0,0,0,0,0,0,0,0,0,0,0,0,0,0,0,0,0,0,148,252,252,252,191,0,0,0,0,0,0,0,0,0,0,0,0,0,0,0,0,0,0,0,0,0,0,0,193,253,253,253,253,0,0,0,0,0,0,0,0,0,0,0,0,0,0,0,0,0,0,0,0,0,0,0,148,252,252,252,252,0,0,0,0,0,0,0,0,0,0,0,0,0,0,0,0,0,0,0,0,0,0,0,148,252,252,252,252,0,0,0,0,0,0,0,0,0,0,0,0,0,0,0,0,0,0,0,0,0,0,0,78,252,252,252,155,0,0,0,0,0,0,0,0,0,0,0,0,0,0,0,0,0,0,0,0,0,0,0,7,121,191,147,24,0,0,0,0,0,0,0,0,0,0,0,0,0,0,0,0,0,0,0,0,0,0,0,0,0,0,0,0,0,0,0,0,0,0,0,0,0,0,0,0,0,0,0,0,0,0,0,0,0,0,0,0,0,0,0,0,0,0,0,0,0,0,0,0,0
0,0,0,0,0,0,0,0,0,0,0,0,0,0,0,0,0,0,0,0,0,0,0,0,0,0,0,0,0,0,0,0,0,0,0,0,0,0,0,0,0,0,0,0,0,0,0,0,0,0,0,0,0,0,0,0,0,0,0,0,0,0,0,0,0,0,0,0,0,0,0,0,0,0,0,0,0,0,0,0,0,0,0,0,0,0,0,0,0,0,0,0,0,0,0,0,0,0,0,0,0,0,0,0,0,0,0,0,0,0,0,0,0,0,0,0,0,0,0,0,0,0,0,0,0,2,32,116,224,248,128,9,0,0,0,0,0,0,0,0,0,0,0,0,0,0,0,0,0,0,0,0,0,152,253,253,253,254,253,204,21,0,0,0,0,0,0,0,0,0,0,0,0,0,0,0,0,0,0,0,150,254,253,253,253,254,253,253,139,0,0,0,0,0,0,0,0,0,0,0,0,0,0,0,0,0,0,150,252,254,253,144,49,230,253,253,247,25,0,0,0,0,0,0,0,0,0,0,0,0,0,0,0,0,112,242,254,241,85,0,0,37,231,254,254,25,0,0,0,0,0,0,0,0,0,0,0,0,0,0,0,16,240,253,253,144,0,0,0,7,213,253,253,0,0,0,0,0,0,0,0,0,0,0,0,0,0,0,0,62,253,253,235,12,0,0,0,0,195,253,253,0,0,0,0,0,0,0,0,0,0,0,0,0,0,0,0,170,253,253,151,0,0,0,0,0,195,253,253,0,0,0,0,0,0,0,0,0,0,0,0,0,0,0,0,255,254,249,42,0,0,0,0,0,196,254,254,0,0,0,0,0,0,0,0,0,0,0,0,0,0,0,0,254,253,194,0,0,0,0,0,0,195,253,253,0,0,0,0,0,0,0,0,0,0,0,0,0,0,0,0,254,253,152,0,0,0,0,0,17,244,253,253,0,0,0,0,0,0,0,0,0,0,0,0,0,0,0,73,254,253,45,0,0,0,0,0,92,253,253,253,0,0,0,0,0,0,0,0,0,0,0,0,0,0,0,79,255,254,39,0,0,0,0,0,176,254,254,193,0,0,0,0,0,0,0,0,0,0,0,0,0,0,0,79,254,253,39,0,0,0,0,49,236,253,253,61,0,0,0,0,0,0,0,0,0,0,0,0,0,0,0,79,254,253,39,0,0,0,50,208,254,253,239,15,0,0,0,0,0,0,0,0,0,0,0,0,0,0,0,79,254,229,15,0,0,13,196,253,254,253,123,0,0,0,0,0,0,0,0,0,0,0,0,0,0,0,0,0,255,254,69,0,44,194,254,254,255,142,12,0,0,0,0,0,0,0,0,0,0,0,0,0,0,0,0,0,218,253,222,195,236,253,253,253,190,14,0,0,0,0,0,0,0,0,0,0,0,0,0,0,0,0,0,0,68,253,253,253,254,253,253,168,12,0,0,0,0,0,0,0,0,0,0,0,0,0,0,0,0,0,0,0,2,116,217,253,254,217,115,8,0,0,0,0,0,0,0,0,0,0,0,0,0,0,0,0,0,0,0,0,0,0,0,0,0,0,0,0,0,0,0,0,0,0,0,0,0,0,0,0,0,0,0,0,0,0,0,0,0,0,0,0,0,0,0,0,0,0,0,0,0,0,0,0,0,0,0,0,0,0,0,0,0,0,0,0,0,0,0,0,0,0,0,0,0,0,0,0,0,0,0,0,0,0,0,0,0,0,0,0,0,0,0,0,0,0,0,0,0,0,0,0,0,0,0,0,0,0,0,0,0,0,0,0
3,0,0,0,0,0,0,0,0,0,0,0,0,0,0,0,0,0,0,0,0,0,0,0,0,0,0,0,0,0,0,0,0,0,0,0,0,0,0,0,0,0,0,0,0,0,0,0,0,0,0,0,0,0,0,0,0,0,0,0,0,0,0,0,0,0,0,0,0,0,0,0,0,0,0,0,0,0,0,0,0,0,0,0,0,0,0,0,0,0,0,0,0,0,0,0,0,0,0,0,0,0,0,0,0,0,0,0,0,0,0,0,0,0,0,0,0,0,0,0,0,0,0,0,0,0,0,0,0,0,0,0,0,0,0,0,0,0,0,0,0,0,0,0,0,0,0,0,0,4,53,132,132,248,255,253,253,172,47,3,0,0,0,0,0,0,0,0,0,0,0,0,0,0,0,0,0,141,252,252,252,252,253,252,252,252,252,71,0,0,0,0,0,0,0,0,0,0,0,0,0,0,0,0,0,193,223,216,216,158,96,164,221,252,252,180,0,0,0,0,0,0,0,0,0,0,0,0,0,0,0,0,0,64,16,0,0,0,0,0,12,173,252,180,0,0,0,0,0,0,0,0,0,0,0,0,0,0,0,0,0,0,0,0,0,0,0,0,0,49,252,180,0,0,0,0,0,0,0,0,0,0,0,0,0,0,0,0,0,0,0,0,0,0,0,0,11,164,252,145,0,0,0,0,0,0,0,0,0,0,0,0,0,0,0,0,0,0,0,0,0,0,0,0,134,252,232,40,0,0,0,0,0,0,0,0,0,0,0,0,0,0,0,0,0,0,0,0,0,0,51,166,239,252,89,0,0,0,0,0,0,0,0,0,0,0,0,0,0,0,0,0,0,0,0,0,47,166,242,252,252,252,236,106,0,0,0,0,0,0,0,0,0,0,0,0,0,0,0,0,0,0,0,0,224,252,253,252,252,252,252,249,103,0,0,0,0,0,0,0,0,0,0,0,0,0,0,0,0,0,0,47,241,248,242,241,241,241,250,253,168,0,0,0,0,0,0,0,0,0,0,0,0,0,0,0,0,0,0,0,98,57,0,0,0,0,112,252,167,0,0,0,0,0,0,0,0,0,0,0,0,0,0,0,0,0,0,0,0,0,0,0,0,0,135,252,93,0,0,0,0,0,0,0,0,0,0,0,0,0,0,0,0,0,0,0,0,0,0,0,0,56,229,204,16,0,0,0,0,0,0,0,0,0,0,0,0,0,0,0,0,0,0,0,0,0,0,0,55,229,252,94,0,0,0,0,0,0,0,0,0,0,0,0,0,0,0,0,0,0,0,0,0,0,79,193,230,252,114,14,0,0,0,0,0,0,0,0,0,0,0,0,0,0,0,0,21,85,85,85,136,205,253,252,240,88,14,0,0,0,0,0,0,0,0,0,0,0,0,0,0,0,0,19,191,252,252,252,252,252,253,185,31,0,0,0,0,0,0,0,0,0,0,0,0,0,0,0,0,0,16,194,252,252,252,252,252,200,24,10,0,0,0,0,0,0,0,0,0,0,0,0,0,0,0,0,0,0,19,212,252,217,131,86,11,6,0,0,0,0,0,0,0,0,0,0,0,0,0,0,0,0,0,0,0,0,0,0,0,0,0,0,0,0,0,0,0,0,0,0,0,0,0,0,0,0,0,0,0,0,0,0,0,0,0,0,0,0,0,0,0,0,0,0,0,0,0,0,0,0,0,0,0,0,0,0,0,0,0,0,0,0,0,0,0,0,0,0,0,0,0,0,0,0,0,0,0,0,0,0,0,0,0,0,0
6,0,0,0,0,0,0,0,0,0,0,0,0,0,0,0,0,0,0,0,0,0,0,0,0,0,0,0,0,0,0,0,0,0,0,0,0,0,0,0,0,0,0,0,0,0,0,0,0,0,0,0,0,0,0,0,0,0,0,0,0,0,0,0,0,0,0,0,0,0,0,0,0,0,0,0,0,0,0,0,0,0,0,0,0,0,0,0,0,0,0,0,0,0,0,0,0,0,0,0,0,0,0,0,0,0,0,0,0,0,0,0,0,0,0,0,0,0,0,0,0,0,0,0,0,0,0,0,0,0,0,0,4,56,105,155,195,155,49,0,0,0,0,0,0,0,0,0,0,0,0,0,0,0,0,0,0,0,5,58,173,254,254,254,254,254,205,0,0,0,0,0,0,0,0,0,0,0,0,0,0,0,0,0,0,39,183,254,254,254,254,234,189,189,42,0,0,0,0,0,0,0,0,0,0,0,0,0,0,0,0,4,134,241,254,254,239,134,46,24,0,0,0,0,0,0,0,0,0,0,0,0,0,0,0,0,0,0,0,138,254,254,254,183,44,0,0,0,0,0,0,0,0,0,0,0,0,0,0,0,0,0,0,0,0,4,136,253,254,249,141,9,0,0,0,0,0,0,0,0,0,0,0,0,0,0,0,0,0,0,0,0,0,136,254,254,223,97,0,0,0,0,0,0,0,0,0,0,0,0,0,0,0,0,0,0,0,0,0,4,138,253,254,248,56,0,0,0,0,0,0,0,0,0,0,0,0,0,0,0,0,0,0,0,0,0,0,98,254,254,254,61,0,0,0,0,0,0,0,0,0,0,0,0,0,0,0,0,0,0,0,0,0,0,59,239,254,249,99,1,0,0,0,0,0,0,0,0,0,0,0,0,0,0,0,0,0,0,0,0,0,1,167,254,254,237,106,11,2,0,0,0,0,0,0,0,0,0,0,0,0,0,0,0,0,0,0,0,0,11,254,254,254,254,254,254,145,25,0,0,0,0,0,0,0,0,0,0,0,0,0,0,0,0,0,0,0,140,254,254,254,254,254,254,254,212,23,0,0,0,0,0,0,0,0,0,0,0,0,0,0,0,0,0,0,210,254,241,85,85,85,150,254,254,117,0,0,0,0,0,0,0,0,0,0,0,0,0,0,0,0,0,0,210,254,145,0,0,0,51,254,254,149,0,0,0,0,0,0,0,0,0,0,0,0,0,0,0,0,0,0,210,254,134,0,0,0,172,254,254,149,0,0,0,0,0,0,0,0,0,0,0,0,0,0,0,0,0,0,210,254,134,0,5,141,253,254,228,31,0,0,0,0,0,0,0,0,0,0,0,0,0,0,0,0,0,0,139,254,224,190,198,254,254,254,95,0,0,0,0,0,0,0,0,0,0,0,0,0,0,0,0,0,0,0,5,203,254,254,254,254,230,96,1,0,0,0,0,0,0,0,0,0,0,0,0,0,0,0,0,0,0,0,0,101,202,254,203,154,30,0,0,0,0,0,0,0,0,0,0,0,0,0,0,0,0,0,0,0,0,0,0,0,0,0,0,0,0,0,0,0,0,0,0,0,0,0,0,0,0,0,0,0,0,0,0,0,0,0,0,0,0,0,0,0,0,0,0,0,0,0,0,0,0,0,0,0,0,0,0,0,0,0,0,0,0,0,0,0,0,0,0,0,0,0,0,0,0,0,0,0,0,0,0,0,0,0,0,0,0,0,0,0,0,0,0,0,0,0,0,0,0,0,0,0,0,0,0,0,0,0,0,0,0,0
5,0,0,0,0,0,0,0,0,0,0,0,0,0,0,0,0,0,0,0,0,0,0,0,0,0,0,0,0,0,0,0,0,0,0,0,0,0,0,0,0,0,0,0,0,0,0,0,0,0,0,0,0,0,0,0,0,0,0,0,0,0,0,0,0,0,0,0,0,0,0,0,0,0,0,0,0,0,0,0,0,0,0,0,0,0,0,0,0,0,0,0,0,0,0,0,0,0,0,0,0,0,0,0,0,0,0,0,0,0,0,0,0,0,0,0,0,0,0,0,0,0,0,0,0,0,0,0,0,0,0,0,0,0,0,0,0,0,0,0,0,0,0,0,0,0,0,0,0,0,0,0,0,0,0,0,0,0,0,0,0,0,0,0,0,0,0,0,0,0,0,0,0,0,0,0,0,0,0,0,23,192,42,0,0,0,0,0,0,0,0,0,0,0,0,0,0,0,0,0,0,0,0,0,0,0,0,17,212,252,77,0,0,0,0,11,13,13,13,13,1,0,0,0,0,0,0,0,0,0,0,0,0,0,0,41,254,211,4,19,19,114,83,233,254,254,254,255,151,7,0,0,0,0,0,0,0,0,0,0,0,0,0,156,254,236,170,254,254,254,254,254,254,254,254,232,174,5,0,0,0,0,0,0,0,0,0,0,0,0,4,168,254,254,254,232,223,223,223,123,99,99,99,10,0,0,0,0,0,0,0,0,0,0,0,0,0,0,105,254,212,175,131,27,0,0,0,0,0,0,0,0,0,0,0,0,0,0,0,0,0,0,0,0,0,0,149,254,93,0,0,0,0,0,0,0,0,0,0,0,0,0,0,0,0,0,0,0,0,0,0,0,0,0,126,254,185,17,0,0,0,0,0,0,0,0,0,0,0,0,0,0,0,0,0,0,0,0,0,0,0,0,8,157,254,184,46,0,0,0,0,0,0,0,0,0,0,0,0,0,0,0,0,0,0,0,0,0,0,0,0,9,86,233,241,99,17,0,0,0,0,0,0,0,0,0,0,0,0,0,0,0,0,0,0,0,0,0,0,0,0,124,233,254,68,0,0,0,0,0,0,0,0,0,0,0,0,0,0,0,0,0,0,0,0,0,0,0,0,0,77,254,183,19,0,0,0,0,0,0,0,0,0,0,0,0,0,0,0,0,0,0,0,0,0,0,0,0,10,195,254,62,0,0,0,0,0,0,0,0,0,0,0,0,0,0,0,0,0,0,0,0,0,0,0,0,42,242,254,62,0,0,0,0,0,0,0,0,0,0,0,0,0,0,0,0,0,0,0,0,0,0,0,17,186,254,155,9,0,0,0,0,0,0,0,0,0,0,0,0,0,0,0,0,0,0,0,0,0,0,15,187,254,232,42,0,0,0,0,0,0,0,0,0,0,0,0,0,0,0,0,0,0,0,0,0,0,14,189,254,234,55,0,0,0,0,0,0,0,0,0,0,0,0,0,0,0,0,0,0,0,0,6,50,67,191,254,180,54,0,0,0,0,0,0,0,0,0,0,0,0,0,0,0,0,0,0,0,0,0,13,248,250,254,179,47,0,0,0,0,0,0,0,0,0,0,0,0,0,0,0,0,0,0,0,0,0,0,7,139,181,115,2,0,0,0,0,0,0,0,0,0,0,0,0,0,0,0,0,0,0,0,0,0,0,0,0,0,0,0,0,0,0,0,0,0,0,0,0,0,0,0,0,0,0,0,0,0,0,0,0,0,0,0,0,0,0,0,0,0,0,0,0,0,0,0,0,0,0,0,0,0,0,0,0
5,0,0,0,0,0,0,0,0,0,0,0,0,0,0,0,0,0,0,0,0,0,0,0,0,0,0,0,0,0,0,0,0,0,0,0,0,0,0,0,0,0,0,0,0,0,0,0,0,0,0,0,0,0,0,0,0,0,0,0,0,0,0,0,0,0,0,0,0,0,0,0,0,0,0,0,0,0,0,0,0,0,0,0,0,0,0,0,0,0,0,0,0,0,0,0,0,0,0,0,0,0,0,0,0,0,0,0,0,0,0,0,0,0,0,0,0,0,0,0,0,0,0,0,0,0,0,0,0,0,0,0,0,0,0,0,0,0,0,0,0,0,0,0,0,0,0,0,0,0,0,0,0,0,0,0,0,0,0,0,0,0,3,5,31,32,0,0,0,0,0,0,0,0,0,0,0,0,0,0,0,0,0,18,162,33,27,93,140,176,224,254,254,226,0,0,0,0,0,0,0,0,0,0,0,0,0,0,0,2,93,217,254,254,254,254,254,247,242,242,161,79,0,0,0,0,0,0,0,0,0,0,0,0,0,0,18,148,254,254,254,251,165,135,71,29,0,0,0,0,0,0,0,0,0,0,0,0,0,0,0,0,0,0,114,254,254,254,167,66,0,0,0,0,0,0,0,0,0,0,0,0,0,0,0,0,0,0,0,0,0,3,182,254,254,151,11,0,0,0,0,0,0,0,0,0,0,0,0,0,0,0,0,0,0,0,0,0,0,91,254,241,141,40,100,114,186,197,94,0,0,0,0,0,0,0,0,0,0,0,0,0,0,0,0,0,0,147,254,202,244,254,254,226,221,240,241,55,0,0,0,0,0,0,0,0,0,0,0,0,0,0,0,0,17,242,254,254,254,223,77,8,0,103,254,105,0,0,0,0,0,0,0,0,0,0,0,0,0,0,0,0,4,109,129,91,46,9,0,0,0,11,234,172,0,0,0,0,0,0,0,0,0,0,0,0,0,0,0,0,0,0,0,0,0,0,0,0,0,0,230,200,3,0,0,0,0,0,0,0,0,0,0,0,0,0,0,0,0,0,0,0,0,0,0,0,0,31,243,197,3,0,0,0,0,0,0,0,0,0,0,0,0,20,34,0,0,0,0,0,0,0,0,0,0,131,254,115,0,0,0,0,0,0,0,0,0,0,0,0,69,210,233,0,0,0,0,0,0,0,0,0,32,196,240,25,0,0,0,0,0,0,0,0,0,0,0,0,247,254,194,0,0,0,0,0,0,0,0,50,233,254,117,0,0,0,0,0,0,0,0,0,0,0,0,0,184,254,136,0,0,0,0,0,0,0,115,245,254,148,17,0,0,0,0,0,0,0,0,0,0,0,0,0,89,221,26,0,0,0,0,33,84,168,252,217,66,2,0,0,0,0,0,0,0,0,0,0,0,0,0,0,89,254,242,159,159,159,196,248,254,254,148,18,0,0,0,0,0,0,0,0,0,0,0,0,0,0,0,0,4,147,175,175,175,175,175,136,80,8,2,0,0,0,0,0,0,0,0,0,0,0,0,0,0,0,0,0,0,2,0,0,0,0,0,0,0,0,0,0,0,0,0,0,0,0,0,0,0,0,0,0,0,0,0,0,0,0,0,0,0,0,0,0,0,0,0,0,0,0,0,0,0,0,0,0,0,0,0,0,0,0,0,0,0,0,0,0,0,0,0,0,0,0,0,0,0,0,0,0,0,0,0,0,0,0,0,0,0,0,0,0,0,0,0,0,0,0,0,0,0,0,0,0,0,0,0,0,0,0,0,0,0,0,0
7,0,0,0,0,0,0,0,0,0,0,0,0,0,0,0,0,0,0,0,0,0,0,0,0,0,0,0,0,0,0,0,0,0,0,0,0,0,0,0,0,0,0,0,0,0,0,0,0,0,0,0,0,0,0,0,0,0,0,0,0,0,0,0,0,0,0,0,0,0,0,0,0,0,0,0,0,0,0,0,0,0,0,0,0,0,0,0,0,0,0,0,0,0,0,0,0,0,0,0,0,0,0,0,0,0,0,0,0,0,0,0,0,0,0,0,0,0,0,0,0,0,0,0,0,0,0,0,0,0,0,0,0,0,0,0,0,0,0,0,0,0,0,0,0,0,0,0,0,0,0,0,0,0,0,0,0,0,0,0,0,0,0,0,0,0,0,0,0,0,0,0,0,0,0,0,0,0,0,5,174,23,134,122,11,0,0,0,0,0,0,0,0,0,0,0,0,0,0,0,0,0,0,0,0,7,124,187,253,253,254,253,238,123,7,0,0,0,0,0,0,0,0,0,0,0,0,0,0,0,0,0,9,156,253,253,253,253,254,253,253,253,155,9,0,0,0,0,0,0,0,0,0,0,0,0,0,0,0,33,190,253,253,253,253,253,254,249,235,253,253,60,0,0,0,0,0,0,0,0,0,0,0,0,0,0,0,49,253,253,253,253,224,224,130,65,45,164,253,164,12,0,0,0,0,0,0,0,0,0,0,0,0,0,0,84,253,253,253,144,32,32,0,0,0,49,253,253,48,0,0,0,0,0,0,0,0,0,0,0,0,0,0,169,253,253,143,7,0,0,0,0,0,49,253,253,146,0,0,0,0,0,0,0,0,0,0,0,0,0,0,169,253,225,30,0,0,0,0,0,0,49,253,253,168,0,0,0,0,0,0,0,0,0,0,0,0,0,0,118,253,71,0,0,0,0,0,0,0,158,253,253,168,0,0,0,0,0,0,0,0,0,0,0,0,0,0,26,132,32,0,0,0,0,0,0,0,169,253,253,111,0,0,0,0,0,0,0,0,0,0,0,0,0,0,0,0,0,0,0,0,0,0,0,37,255,254,254,48,0,0,0,0,0,0,0,0,0,0,0,0,0,0,0,0,0,0,0,0,0,0,0,31,213,253,253,48,0,0,0,0,0,0,0,0,0,0,0,0,0,0,0,0,0,0,0,0,0,0,0,157,253,253,208,18,0,0,0,0,0,0,0,0,0,0,0,0,0,0,0,0,0,0,0,0,0,0,0,157,253,253,100,0,0,0,0,0,0,0,0,0,0,0,0,0,0,0,0,0,0,0,0,0,0,0,0,157,253,253,60,0,0,0,0,0,0,0,0,0,0,0,0,0,0,0,0,0,0,0,0,0,0,0,7,185,253,253,60,0,0,0,0,0,0,0,0,0,0,0,0,0,0,0,0,0,0,0,0,0,0,0,65,253,253,253,60,0,0,0,0,0,0,0,0,0,0,0,0,0,0,0,0,0,0,0,0,0,0,11,238,253,253,230,37,0,0,0,0,0,0,0,0,0,0,0,0,0,0,0,0,0,0,0,0,0,0,174,253,253,253,83,0,0,0,0,0,0,0,0,0,0,0,0,0,0,0,0,0,0,0,0,0,0,59,254,253,253,149,4,0,0,0,0,0,0,0,0,0,0,0,0,0,0,0,0,0,0,0,0,0,0,0,0,0,0,0,0,0,0,0,0,0,0,0,0,0,0,0,0,0,0,0,0,0,0,0,0,0,0,0,0,0,0,0,0,0,0,0,0,0,0,0,0,0,0
2,0,0,0,0,0,0,0,0,0,0,0,0,0,0,0,0,0,0,0,0,0,0,0,0,0,0,0,0,0,0,0,0,0,0,0,0,0,0,0,0,0,0,0,0,0,0,0,0,0,0,0,0,0,0,0,0,0,0,0,0,0,0,0,0,0,0,0,0,0,0,0,0,0,0,0,0,0,0,0,0,0,0,0,0,0,0,0,0,0,0,0,0,0,0,0,0,0,0,0,0,0,0,0,0,0,0,0,0,0,0,0,0,0,0,0,0,0,0,0,0,0,23,131,192,131,131,37,2,0,0,0,0,0,0,0,0,0,0,0,0,0,0,0,0,0,0,0,81,137,212,254,254,254,254,254,162,33,0,0,0,0,0,0,0,0,0,0,0,0,0,0,0,0,0,2,157,254,243,236,236,236,250,254,254,219,24,0,0,0,0,0,0,0,0,0,0,0,0,0,0,0,0,17,244,254,93,0,0,0,78,206,254,254,167,22,0,0,0,0,0,0,0,0,0,0,0,0,0,0,0,0,59,175,82,0,0,0,0,27,205,254,254,113,0,0,0,0,0,0,0,0,0,0,0,0,0,0,0,0,0,0,0,0,0,0,0,0,64,247,254,161,0,0,0,0,0,0,0,0,0,0,0,0,0,0,0,0,0,0,0,0,0,0,0,0,0,124,254,177,6,0,0,0,0,0,0,0,0,0,0,0,0,0,0,0,0,0,0,0,0,0,0,0,0,26,225,254,135,5,0,0,0,0,0,0,0,0,0,0,0,0,0,0,0,0,0,0,0,0,0,0,0,0,212,254,254,24,0,0,0,0,0,0,0,0,0,0,0,0,0,0,0,0,0,0,0,0,0,0,0,0,121,254,254,55,0,0,0,0,0,0,0,0,0,0,0,0,0,0,0,119,193,193,169,69,19,0,0,0,22,227,254,148,0,0,0,0,0,0,0,0,0,0,0,0,0,0,57,233,254,254,254,254,214,106,75,15,0,218,254,148,0,0,0,0,0,0,0,0,0,0,0,0,0,0,149,254,243,173,229,254,254,254,254,175,14,218,254,148,0,0,0,0,0,0,0,0,0,0,0,0,0,0,149,254,217,0,30,43,134,233,254,254,219,248,254,148,0,0,0,0,0,0,0,0,0,0,0,0,0,0,105,254,249,74,0,0,0,62,188,254,254,254,254,148,0,0,0,0,0,0,0,0,0,0,0,0,0,0,16,216,254,213,32,0,0,0,9,131,238,254,254,39,0,0,0,0,0,0,0,0,0,0,0,0,0,0,0,156,255,255,132,0,0,0,32,107,230,254,254,24,0,0,0,0,0,0,0,0,0,0,0,0,0,0,0,27,214,254,251,209,113,146,242,254,254,254,210,14,0,0,0,0,0,0,0,0,0,0,0,0,0,0,0,0,26,214,254,254,254,254,254,254,254,108,7,0,0,0,0,0,0,0,0,0,0,0,0,0,0,0,0,0,0,4,91,218,255,160,130,91,6,1,0,0,0,0,0,0,0,0,0,0,0,0,0,0,0,0,0,0,0,0,0,0,0,0,0,0,0,0,0,0,0,0,0,0,0,0,0,0,0,0,0,0,0,0,0,0,0,0,0,0,0,0,0,0,0,0,0,0,0,0,0,0,0,0,0,0,0,0,0,0,0,0,0,0,0,0,0,0,0,0,0,0,0,0,0,0,0,0,0,0,0,0,0,0,0,0,0,0,0,0,0,0,0,0,0,0,0,0,0,0,0,0,0,0,0,0,0,0,0,0,0
2,0,0,0,0,0,0,0,0,0,0,0,0,0,0,0,0,0,0,0,0,0,0,0,0,0,0,0,0,0,0,0,0,0,0,0,0,0,0,0,0,0,0,0,0,0,0,0,0,0,0,0,0,0,0,0,0,0,0,0,0,0,0,0,0,0,0,0,0,0,0,0,0,0,0,0,0,0,0,0,0,0,0,0,0,0,0,0,0,0,0,0,0,0,0,0,0,0,0,0,0,0,0,0,0,0,0,0,0,0,0,0,0,0,0,0,0,0,0,0,0,0,0,0,0,0,0,0,0,0,0,0,0,0,0,0,0,0,0,0,0,0,0,0,0,0,0,0,0,0,0,0,45,125,164,254,254,224,99,0,0,0,0,0,0,0,0,0,0,0,0,0,0,0,0,0,0,0,110,235,250,253,253,253,253,253,252,136,0,0,0,0,0,0,0,0,0,0,0,0,0,0,0,0,52,112,243,253,253,253,253,253,253,253,253,251,137,0,0,0,0,0,0,0,0,0,0,0,0,0,0,52,241,253,253,253,253,253,253,253,253,253,253,253,214,0,0,0,0,0,0,0,0,0,0,0,0,0,0,242,253,253,253,253,253,253,223,155,155,178,253,253,229,35,0,0,0,0,0,0,0,0,0,0,0,0,0,254,253,253,253,253,173,51,22,0,0,59,253,253,253,204,0,0,0,0,0,0,0,0,0,0,0,0,0,39,249,253,253,127,5,0,0,0,0,9,193,253,253,220,0,0,0,0,0,0,0,0,0,0,0,0,0,0,105,175,54,5,0,0,0,0,0,49,241,253,253,220,0,0,0,0,0,0,0,0,0,0,0,0,0,0,0,0,38,65,72,72,72,72,54,59,253,253,253,220,0,0,0,0,0,0,0,0,0,0,0,0,0,0,31,123,225,248,253,253,253,253,238,209,253,253,253,153,0,0,0,0,0,0,0,0,0,0,0,0,0,0,148,253,253,253,253,253,253,253,253,253,253,253,253,245,109,55,0,0,0,0,0,0,0,0,0,0,0,90,252,253,253,253,253,253,253,253,253,253,253,253,253,253,253,248,183,183,116,0,0,0,0,0,0,0,0,215,253,253,253,253,237,223,253,253,253,253,253,253,253,253,253,253,253,253,253,0,0,0,0,0,0,0,0,167,253,253,237,97,54,29,156,253,253,253,253,253,253,253,253,253,253,253,253,0,0,0,0,0,0,0,0,109,253,253,162,21,29,143,237,253,253,253,246,130,111,220,224,253,253,253,236,0,0,0,0,0,0,0,0,0,234,253,253,216,241,253,253,253,253,247,114,0,0,0,10,97,97,97,47,0,0,0,0,0,0,0,0,0,118,253,253,253,253,253,253,253,248,113,0,0,0,0,0,0,0,0,0,0,0,0,0,0,0,0,0,0,51,240,253,253,253,253,253,253,115,0,0,0,0,0,0,0,0,0,0,0,0,0,0,0,0,0,0,0,0,51,237,249,247,247,206,117,27,0,0,0,0,0,0,0,0,0,0,0,0,0,0,0,0,0,0,0,0,0,0,48,16,0,0,0,0,0,0,0,0,0,0,0,0,0,0,0,0,0,0,0,0,0,0,0,0,0,0,0,0,0,0,0,0,0,0,0,0,0,0,0,0,0,0,0,0,0,0,0,0,0,0,0,0,0,0,0,0,0,0,0,0,0,0,0,0,0,0,0,0,0,0,0,0,0,0,0,0,0,0,0,0,0,0,0,0,0,0,0,0,0,0,0,0,0,0,0,0,0,0,0,0
7,0,0,0,0,0,0,0,0,0,0,0,0,0,0,0,0,0,0,0,0,0,0,0,0,0,0,0,0,0,0,0,0,0,0,0,0,0,0,0,0,0,0,0,0,0,0,0,0,0,0,0,0,0,0,0,0,0,0,0,0,0,0,0,0,0,0,0,0,0,0,0,0,0,0,0,0,0,0,0,0,0,0,0,0,0,0,0,0,0,0,0,0,0,0,0,0,0,0,0,0,0,0,0,0,0,0,0,0,0,0,0,0,0,0,0,0,0,0,0,0,0,0,0,0,0,0,0,0,0,0,0,0,0,0,0,0,0,0,0,0,0,0,0,0,0,0,0,0,0,0,0,0,0,0,0,0,0,0,0,0,0,0,0,0,0,0,0,0,0,0,0,0,0,0,0,0,0,0,0,0,0,0,0,0,0,0,0,0,0,0,0,0,0,0,0,0,0,0,0,0,0,0,0,0,0,0,61,118,165,255,254,240,118,60,0,0,0,0,0,0,0,0,0,0,0,0,0,0,0,0,0,104,159,234,244,253,253,253,253,253,253,244,178,13,0,0,0,0,0,0,0,0,0,0,0,0,0,0,23,211,253,253,253,253,253,253,253,253,253,253,253,173,17,0,0,0,0,0,0,0,0,0,0,0,0,0,76,241,228,198,198,138,61,61,61,61,139,225,253,253,84,0,0,0,0,0,0,0,0,0,0,0,0,0,25,64,45,0,0,0,0,0,0,0,0,125,253,253,191,0,0,0,0,0,0,0,0,0,0,0,0,0,0,0,0,0,0,0,0,0,0,0,12,201,253,253,110,0,0,0,0,0,0,0,0,0,0,0,0,0,0,0,0,0,0,0,0,0,0,0,144,253,253,210,27,0,0,0,0,0,0,0,0,0,0,0,0,0,0,0,0,0,0,0,0,0,0,12,192,253,253,170,0,0,0,0,0,0,0,0,0,0,0,0,0,0,0,0,0,0,0,0,0,0,18,182,253,253,217,36,0,0,0,0,0,0,0,0,0,0,0,0,0,0,0,0,0,0,0,0,0,0,49,253,253,253,38,0,0,0,0,0,0,0,0,0,0,0,0,0,0,0,0,0,0,0,0,0,0,77,198,253,252,137,4,0,0,0,0,0,0,0,0,0,0,0,0,0,0,0,0,0,0,0,0,0,10,211,253,253,156,0,0,0,0,0,0,0,0,0,0,0,0,0,0,0,0,0,0,0,0,0,0,63,183,253,253,252,106,0,0,0,0,0,0,0,0,0,0,0,0,0,0,0,0,0,0,0,0,0,0,111,253,253,230,116,0,0,0,0,0,0,0,0,0,0,0,0,0,0,0,0,0,0,0,0,0,0,54,243,253,253,149,0,0,0,0,0,0,0,0,0,0,0,0,0,0,0,0,0,0,0,0,0,0,5,170,253,253,148,9,0,0,0,0,0,0,0,0,0,0,0,0,0,0,0,0,0,0,0,0,0,0,48,253,253,231,36,0,0,0,0,0,0,0,0,0,0,0,0,0,0,0,0,0,0,0,0,0,0,47,223,253,253,141,0,0,0,0,0,0,0,0,0,0,0,0,0,0,0,0,0,0,0,0,0,0,0,172,253,253,184,10,0,0,0,0,0,0,0,0,0,0,0,0,0,0,0,0,0,0,0,0,0,0,0,98,253,182,66,0,0,0,0,0,0,0,0,0,0,0,0,0,0,0,0,0,0,0,0,0,0,0,0,0,0,0,0,0,0,0,0,0,0,0,0,0,0,0,0,0,0,0,0
1,0,0,0,0,0,0,0,0,0,0,0,0,0,0,0,0,0,0,0,0,0,0,0,0,0,0,0,0,0,0,0,0,0,0,0,0,0,0,0,0,0,0,0,0,0,0,0,0,0,0,0,0,0,0,0,0,0,0,0,0,0,0,0,0,0,0,0,0,0,0,0,0,0,0,0,0,0,0,0,0,0,0,0,0,0,0,0,0,0,0,0,0,0,0,0,0,0,0,0,0,0,0,0,0,0,0,0,0,0,0,0,0,0,0,0,0,0,0,0,0,0,0,0,0,0,0,0,0,0,83,216,0,0,0,0,0,0,0,0,0,0,0,0,0,0,0,0,0,0,0,0,0,0,0,0,0,0,165,115,0,0,0,0,0,0,0,0,0,0,0,0,0,0,0,0,0,0,0,0,0,0,0,0,0,0,209,90,0,0,0,0,0,0,0,0,0,0,0,0,0,0,0,0,0,0,0,0,0,0,0,0,0,25,247,38,0,0,0,0,0,0,0,0,0,0,0,0,0,0,0,0,0,0,0,0,0,0,0,0,0,119,211,15,0,0,0,0,0,0,0,0,0,0,0,0,0,0,0,0,0,0,0,0,0,0,0,0,6,212,117,0,0,0,0,0,0,0,0,0,0,0,0,0,0,0,0,0,0,0,0,0,0,0,0,0,90,255,35,0,0,0,0,0,0,0,0,0,0,0,0,0,0,0,0,0,0,0,0,0,0,0,0,2,194,163,2,0,0,0,0,0,0,0,0,0,0,0,0,0,0,0,0,0,0,0,0,0,0,0,0,36,252,61,0,0,0,0,0,0,0,0,0,0,0,0,0,0,0,0,0,0,0,0,0,0,0,0,0,179,186,0,0,0,0,0,0,0,0,0,0,0,0,0,0,0,0,0,0,0,0,0,0,0,0,0,22,248,64,0,0,0,0,0,0,0,0,0,0,0,0,0,0,0,0,0,0,0,0,0,0,0,0,0,183,212,8,0,0,0,0,0,0,0,0,0,0,0,0,0,0,0,0,0,0,0,0,0,0,0,0,42,252,56,0,0,0,0,0,0,0,0,0,0,0,0,0,0,0,0,0,0,0,0,0,0,0,0,0,164,199,5,0,0,0,0,0,0,0,0,0,0,0,0,0,0,0,0,0,0,0,0,0,0,0,0,44,247,73,0,0,0,0,0,0,0,0,0,0,0,0,0,0,0,0,0,0,0,0,0,0,0,0,0,162,149,4,0,0,0,0,0,0,0,0,0,0,0,0,0,0,0,0,0,0,0,0,0,0,0,0,36,252,101,0,0,0,0,0,0,0,0,0,0,0,0,0,0,0,0,0,0,0,0,0,0,0,0,0,64,247,43,0,0,0,0,0,0,0,0,0,0,0,0,0,0,0,0,0,0,0,0,0,0,0,0,0,64,230,38,0,0,0,0,0,0,0,0,0,0,0,0,0,0,0,0,0,0,0,0,0,0,0,0,0,64,244,54,0,0,0,0,0,0,0,0,0,0,0,0,0,0,0,0,0,0,0,0,0,0,0,0,0,0,0,0,0,0,0,0,0,0,0,0,0,0,0,0,0,0,0,0,0,0,0,0,0,0,0,0,0,0,0,0,0,0,0,0,0,0,0,0,0,0,0,0,0,0,0,0,0,0,0,0,0,0,0,0,0,0,0,0,0,0,0,0,0,0,0,0,0,0,0,0,0,0,0,0,0,0,0,0,0,0,0,0,0,0,0,0,0,0,0,0,0,0,0,0,0,0,0,0,0,0,0
2,0,0,0,0,0,0,0,0,0,0,0,0,0,0,0,0,0,0,0,0,0,0,0,0,0,0,0,0,0,0,0,0,0,0,0,0,0,0,0,0,0,0,0,0,0,0,0,0,0,0,0,0,0,0,0,0,0,0,0,0,0,0,0,0,0,0,0,0,0,0,0,0,0,0,0,0,0,0,0,0,0,0,0,0,0,0,0,0,0,0,0,0,0,0,0,0,0,0,0,0,0,0,0,0,0,0,0,0,0,0,0,0,0,0,0,0,0,0,0,0,38,145,154,170,254,254,254,254,170,154,106,38,0,0,0,0,0,0,0,0,0,0,0,0,0,0,0,17,240,253,253,253,253,253,253,253,253,253,253,240,103,0,0,0,0,0,0,0,0,0,0,0,0,0,0,21,253,253,206,173,89,89,89,89,173,188,246,253,241,68,0,0,0,0,0,0,0,0,0,0,0,0,0,21,253,172,10,0,0,0,0,0,0,0,80,211,254,206,5,0,0,0,0,0,0,0,0,0,0,0,0,15,201,24,0,0,0,0,0,0,0,0,0,80,253,253,9,0,0,0,0,0,0,0,0,0,0,0,0,0,8,3,0,0,0,0,0,0,0,0,0,8,236,253,9,0,0,0,0,0,0,0,0,0,0,0,0,0,0,0,0,0,0,0,0,0,0,0,0,59,248,253,9,0,0,0,0,0,0,0,0,0,0,0,0,0,0,0,0,0,0,0,0,0,0,0,4,146,253,204,5,0,0,0,0,0,0,0,0,0,0,0,0,0,0,0,0,0,0,0,0,0,0,0,139,253,240,64,0,0,0,0,0,0,0,0,0,0,0,0,0,0,0,0,0,0,0,0,0,0,3,144,253,238,58,0,0,0,0,0,0,0,0,0,0,0,0,0,0,0,0,0,0,0,0,0,0,2,137,253,241,63,0,0,0,0,0,0,0,0,0,0,0,0,0,0,0,0,0,0,0,0,0,0,2,145,253,237,60,0,0,0,0,0,0,0,0,0,0,0,0,0,0,0,0,0,0,0,0,0,0,3,137,253,247,95,0,0,0,0,0,0,0,0,0,0,0,0,0,0,0,0,0,0,0,0,0,0,0,144,253,237,62,0,0,0,0,0,0,0,0,0,0,0,0,0,0,0,0,0,0,0,0,0,0,20,162,248,227,60,0,0,0,0,0,0,0,0,0,0,0,0,0,0,0,0,0,0,0,0,0,0,59,186,253,172,0,0,0,0,0,0,0,0,0,0,0,0,0,0,0,0,0,0,0,0,0,3,65,186,248,253,152,8,0,0,0,0,0,57,148,234,88,0,0,0,0,0,0,0,0,0,0,0,0,91,253,253,253,188,15,0,0,0,0,61,139,235,254,151,3,0,0,0,0,0,0,0,0,0,0,20,135,252,253,253,129,65,145,145,145,168,244,251,254,190,56,3,0,0,0,0,0,0,0,0,0,0,0,110,253,253,253,253,232,253,253,253,253,253,253,159,54,16,0,0,0,0,0,0,0,0,0,0,0,0,0,0,0,0,0,0,0,0,0,0,0,0,0,0,0,0,0,0,0,0,0,0,0,0,0,0,0,0,0,0,0,0,0,0,0,0,0,0,0,0,0,0,0,0,0,0,0,0,0,0,0,0,0,0,0,0,0,0,0,0,0,0,0,0,0,0,0,0,0,0,0,0,0,0,0,0,0,0,0,0,0,0,0,0,0,0,0,0,0,0,0,0,0,0,0,0,0,0,0,0,0,0,0,0,0,0,0,0
8,0,0,0,0,0,0,0,0,0,0,0,0,0,0,0,0,0,0,0,0,0,0,0,0,0,0,0,0,0,0,0,0,0,0,0,0,0,0,0,0,0,0,0,0,0,0,0,0,0,0,0,0,0,0,0,0,0,0,0,0,0,0,0,0,0,0,0,0,0,0,0,0,0,0,0,0,0,0,0,0,0,0,0,0,0,0,0,0,0,0,0,0,0,0,0,0,0,0,0,0,0,0,0,0,0,0,0,0,0,0,0,0,0,0,0,0,0,0,0,0,0,0,0,0,0,0,0,0,0,0,0,0,0,0,0,0,0,0,0,0,0,0,0,0,0,0,0,0,0,13,43,80,76,244,79,0,0,0,0,0,0,0,0,0,0,0,0,0,0,0,0,0,0,0,0,0,111,207,254,254,254,250,67,0,0,0,0,0,0,0,0,0,0,0,0,0,0,0,0,0,0,0,0,0,152,254,254,254,254,208,94,0,0,0,3,111,40,1,0,0,0,0,0,0,0,0,0,0,0,0,0,4,213,254,254,254,254,180,81,0,0,19,117,254,254,169,3,0,0,0,0,0,0,0,0,0,0,0,0,41,254,254,254,239,236,95,0,0,132,218,242,254,254,131,2,0,0,0,0,0,0,0,0,0,0,0,0,115,201,247,254,229,223,124,7,136,253,254,171,107,254,54,0,0,0,0,0,0,0,0,0,0,0,0,0,44,39,67,249,254,254,254,213,254,254,254,236,113,178,17,0,0,0,0,0,0,0,0,0,0,0,0,0,0,0,0,191,254,254,254,254,254,254,254,156,0,0,0,0,0,0,0,0,0,0,0,0,0,0,0,0,0,0,0,20,171,226,254,254,254,254,146,13,0,0,0,0,0,0,0,0,0,0,0,0,0,0,0,0,0,0,0,0,0,196,254,254,254,185,110,0,0,0,0,0,0,0,0,0,0,0,0,0,0,0,0,0,0,0,0,0,0,196,254,254,254,232,177,18,0,0,0,0,0,0,0,0,0,0,0,0,0,0,0,0,0,0,0,0,82,226,254,254,254,254,201,154,71,0,0,0,0,0,0,0,0,0,0,0,0,0,0,0,0,0,0,3,180,254,171,123,168,244,254,254,227,0,0,0,0,0,0,0,0,0,0,0,0,0,0,0,0,0,0,11,254,254,129,34,122,197,231,116,188,32,0,0,0,0,0,0,0,0,0,0,0,0,0,0,0,0,0,11,254,254,141,0,5,96,252,100,59,12,0,0,0,0,0,0,0,0,0,0,0,0,0,0,0,0,0,11,254,254,238,38,128,222,255,182,178,81,0,0,0,0,0,0,0,0,0,0,0,0,0,0,0,0,0,11,254,254,252,221,254,236,254,254,232,14,0,0,0,0,0,0,0,0,0,0,0,0,0,0,0,0,0,10,242,254,254,254,254,254,254,242,13,0,0,0,0,0,0,0,0,0,0,0,0,0,0,0,0,0,0,0,68,238,254,254,254,254,208,143,0,0,0,0,0,0,0,0,0,0,0,0,0,0,0,0,0,0,0,0,0,113,199,231,146,136,13,16,0,0,0,0,0,0,0,0,0,0,0,0,0,0,0,0,0,0,0,0,0,0,0,0,0,0,0,0,0,0,0,0,0,0,0,0,0,0,0,0,0,0,0,0,0,0,0,0,0,0,0,0,0,0,0,0,0,0,0,0,0,0,0,0,0,0,0,0,0,0,0,0,0,0,0,0,0,0,0,0,0,0,0,0,0,0,0,0,0,0,0,0,0
4,0,0,0,0,0,0,0,0,0,0,0,0,0,0,0,0,0,0,0,0,0,0,0,0,0,0,0,0,0,0,0,0,0,0,0,0,0,0,0,0,0,0,0,0,0,0,0,0,0,0,0,0,0,0,0,0,0,0,0,0,0,0,0,0,0,0,0,0,0,0,0,0,0,0,0,0,0,0,0,0,0,0,0,0,0,0,0,0,0,0,0,0,0,0,0,0,0,0,0,0,0,0,0,0,0,0,0,0,0,0,0,0,0,0,0,0,0,0,0,0,0,0,0,0,0,177,100,0,0,0,0,0,0,0,0,0,0,0,0,0,0,0,0,0,0,0,0,0,0,0,0,0,29,241,168,0,0,0,0,0,0,0,0,0,0,0,0,0,0,0,0,0,0,0,0,0,0,0,0,0,161,255,122,0,0,0,0,0,0,0,0,0,0,0,0,0,0,0,0,0,0,0,0,0,0,0,0,0,43,255,54,0,0,0,0,0,0,0,0,0,0,0,0,0,0,0,0,0,0,0,0,0,0,0,0,0,100,232,18,0,0,0,96,15,0,0,0,0,0,0,0,0,0,0,0,0,0,0,0,0,0,0,0,0,184,191,0,0,0,8,249,61,0,0,0,0,0,0,0,0,0,0,0,0,0,0,0,0,0,0,0,38,232,107,0,0,0,10,235,2,0,0,0,0,0,0,0,0,0,0,0,0,0,0,0,0,0,0,1,159,238,33,0,0,0,121,229,0,0,0,0,0,0,0,0,0,0,0,0,0,0,0,0,0,0,0,49,253,78,0,0,0,0,205,144,0,0,0,0,0,0,0,0,0,0,0,0,0,0,0,0,0,0,0,166,161,0,0,0,0,13,250,61,0,0,0,0,0,0,0,0,0,0,0,0,0,0,0,0,0,0,39,238,61,0,0,0,0,120,246,0,0,0,0,0,0,0,0,0,0,0,0,0,0,0,0,0,0,0,166,226,65,126,146,146,100,234,174,0,0,0,0,0,0,0,0,0,0,0,0,0,0,0,0,0,0,58,253,254,254,254,193,177,246,254,65,0,0,0,0,0,0,0,0,0,0,0,0,0,0,0,0,0,0,40,165,87,80,4,1,0,147,254,4,0,0,0,0,0,0,0,0,0,0,0,0,0,0,0,0,0,0,0,0,0,0,0,0,0,204,199,1,0,0,0,0,0,0,0,0,0,0,0,0,0,0,0,0,0,0,0,0,0,0,0,0,0,227,116,0,0,0,0,0,0,0,0,0,0,0,0,0,0,0,0,0,0,0,0,0,0,0,0,0,10,232,83,0,0,0,0,0,0,0,0,0,0,0,0,0,0,0,0,0,0,0,0,0,0,0,0,0,71,254,16,0,0,0,0,0,0,0,0,0,0,0,0,0,0,0,0,0,0,0,0,0,0,0,0,0,133,216,7,0,0,0,0,0,0,0,0,0,0,0,0,0,0,0,0,0,0,0,0,0,0,0,0,0,133,113,0,0,0,0,0,0,0,0,0,0,0,0,0,0,0,0,0,0,0,0,0,0,0,0,0,0,0,0,0,0,0,0,0,0,0,0,0,0,0,0,0,0,0,0,0,0,0,0,0,0,0,0,0,0,0,0,0,0,0,0,0,0,0,0,0,0,0,0,0,0,0,0,0,0,0,0,0,0,0,0,0,0,0,0,0,0,0,0,0,0,0,0,0,0,0,0,0,0,0,0,0,0,0,0,0,0,0,0,0,0,0,0,0,0,0,0,0,0,0,0,0,0,0,0
1,0,0,0,0,0,0,0,0,0,0,0,0,0,0,0,0,0,0,0,0,0,0,0,0,0,0,0,0,0,0,0,0,0,0,0,0,0,0,0,0,0,0,0,0,0,0,0,0,0,0,0,0,0,0,0,0,0,0,0,0,0,0,0,0,0,0,0,0,0,0,0,0,0,0,0,0,0,0,0,0,0,0,0,0,0,0,0,0,0,0,0,0,0,0,0,0,0,0,0,0,0,0,0,0,0,0,0,0,0,0,0,0,0,0,0,0,0,0,0,0,0,0,0,0,0,0,0,0,51,152,0,0,0,0,0,0,0,0,0,0,0,0,0,0,0,0,0,0,0,0,0,0,0,0,0,0,193,252,0,0,0,0,0,0,0,0,0,0,0,0,0,0,0,0,0,0,0,0,0,0,0,0,0,163,255,253,82,0,0,0,0,0,0,0,0,0,0,0,0,0,0,0,0,0,0,0,0,0,0,0,0,203,253,212,0,0,0,0,0,0,0,0,0,0,0,0,0,0,0,0,0,0,0,0,0,0,0,0,31,233,255,253,0,0,0,0,0,0,0,0,0,0,0,0,0,0,0,0,0,0,0,0,0,0,0,0,132,252,253,130,0,0,0,0,0,0,0,0,0,0,0,0,0,0,0,0,0,0,0,0,0,0,0,0,152,253,142,0,0,0,0,0,0,0,0,0,0,0,0,0,0,0,0,0,0,0,0,0,0,0,0,0,233,252,142,0,0,0,0,0,0,0,0,0,0,0,0,0,0,0,0,0,0,0,0,0,0,0,0,82,254,253,183,0,0,0,0,0,0,0,0,0,0,0,0,0,0,0,0,0,0,0,0,0,0,0,0,203,253,252,102,0,0,0,0,0,0,0,0,0,0,0,0,0,0,0,0,0,0,0,0,0,0,0,31,233,244,81,0,0,0,0,0,0,0,0,0,0,0,0,0,0,0,0,0,0,0,0,0,0,0,0,51,252,203,0,0,0,0,0,0,0,0,0,0,0,0,0,0,0,0,0,0,0,0,0,0,0,0,0,132,253,102,0,0,0,0,0,0,0,0,0,0,0,0,0,0,0,0,0,0,0,0,0,0,0,0,41,253,252,142,0,0,0,0,0,0,0,0,0,0,0,0,0,0,0,0,0,0,0,0,0,0,0,0,102,254,253,82,0,0,0,0,0,0,0,0,0,0,0,0,0,0,0,0,0,0,0,0,0,0,0,82,223,253,171,0,0,0,0,0,0,0,0,0,0,0,0,0,0,0,0,0,0,0,0,0,0,0,0,72,253,203,40,0,0,0,0,0,0,0,0,0,0,0,0,0,0,0,0,0,0,0,0,0,0,0,0,193,252,163,0,0,0,0,0,0,0,0,0,0,0,0,0,0,0,0,0,0,0,0,0,0,0,0,123,244,243,41,0,0,0,0,0,0,0,0,0,0,0,0,0,0,0,0,0,0,0,0,0,0,0,0,162,182,101,0,0,0,0,0,0,0,0,0,0,0,0,0,0,0,0,0,0,0,0,0,0,0,0,0,0,0,0,0,0,0,0,0,0,0,0,0,0,0,0,0,0,0,0,0,0,0,0,0,0,0,0,0,0,0,0,0,0,0,0,0,0,0,0,0,0,0,0,0,0,0,0,0,0,0,0,0,0,0,0,0,0,0,0,0,0,0,0,0,0,0,0,0,0,0,0,0,0,0,0,0,0,0,0,0,0,0,0,0,0,0,0,0,0,0,0,0,0,0,0,0,0,0,0,0,0,0,0
7,0,0,0,0,0,0,0,0,0,0,0,0,0,0,0,0,0,0,0,0,0,0,0,0,0,0,0,0,0,0,0,0,0,0,0,0,0,0,0,0,0,0,0,0,0,0,0,0,0,0,0,0,0,0,0,0,0,0,0,0,0,0,0,0,0,0,0,0,0,0,0,0,0,0,0,0,0,0,0,0,0,0,0,0,0,0,0,0,0,0,0,0,0,0,0,0,0,0,0,0,0,0,0,0,0,0,0,0,0,0,0,0,0,0,0,0,0,0,0,0,0,0,0,0,0,0,0,0,0,0,0,0,0,0,0,0,0,0,0,0,0,0,0,0,0,0,0,0,0,0,0,0,0,0,0,0,0,0,0,0,0,0,0,0,0,0,0,0,0,0,0,0,0,0,0,0,0,0,0,0,0,0,0,0,0,0,0,0,0,0,0,0,0,0,0,0,0,0,0,0,0,0,0,0,0,0,0,11,92,173,172,152,152,82,0,0,0,0,0,0,0,0,0,0,0,0,0,0,0,0,0,0,0,123,203,213,252,253,252,253,252,243,40,0,0,0,0,0,0,0,0,0,0,0,0,0,0,0,0,72,253,244,203,142,102,102,102,0,204,255,50,0,0,0,0,0,0,0,0,0,0,0,0,0,0,0,0,172,70,40,0,0,0,0,0,0,203,253,131,0,0,0,0,0,0,0,0,0,0,0,0,0,0,0,0,0,0,0,0,0,0,0,0,0,204,255,50,0,0,0,0,0,0,0,0,0,0,0,0,0,0,0,0,0,0,0,0,0,0,0,0,0,203,233,30,0,0,0,0,0,0,0,0,0,0,0,0,0,0,0,0,0,0,0,0,0,0,0,0,0,203,183,0,0,0,0,0,0,0,0,0,0,0,0,0,0,0,0,0,0,0,0,0,0,0,0,0,41,243,102,0,0,0,0,0,0,0,0,0,0,0,0,0,0,0,0,0,0,0,0,0,0,0,0,0,152,253,41,0,0,0,0,0,0,0,0,0,0,0,0,0,0,0,0,0,0,0,0,0,0,0,0,0,233,212,0,0,0,0,0,0,0,0,0,0,0,0,0,0,0,0,0,0,0,0,0,0,0,0,0,21,254,91,0,0,0,0,0,0,0,0,0,0,0,0,0,0,0,0,0,0,0,0,0,0,0,0,0,102,253,50,0,0,0,0,0,0,0,0,0,0,0,0,0,0,0,0,0,0,0,0,0,0,0,0,11,213,203,20,0,0,0,0,0,0,0,0,0,0,0,0,0,0,0,0,0,0,0,0,0,0,0,0,51,252,61,0,0,0,0,0,0,0,0,0,0,0,0,0,0,0,0,0,0,0,0,0,0,0,0,0,132,253,0,0,0,0,0,0,0,0,0,0,0,0,0,0,0,0,0,0,0,0,0,0,0,0,0,41,253,171,0,0,0,0,0,0,0,0,0,0,0,0,0,0,0,0,0,0,0,0,0,0,0,0,0,103,244,81,0,0,0,0,0,0,0,0,0,0,0,0,0,0,0,0,0,0,0,0,0,0,0,0,0,183,203,0,0,0,0,0,0,0,0,0,0,0,0,0,0,0,0,0,0,0,0,0,0,0,0,0,72,253,123,0,0,0,0,0,0,0,0,0,0,0,0,0,0,0,0,0,0,0,0,0,0,0,0,0,112,212,0,0,0,0,0,0,0,0,0,0,0,0,0,0,0,0,0,0,0,0,0,0,0,0,0,0,0,0,0,0,0,0,0,0,0,0,0,0,0,0,0,0,0
3,0,0,0,0,0,0,0,0,0,0,0,0,0,0,0,0,0,0,0,0,0,0,0,0,0,0,0,0,0,0,0,0,0,0,0,0,0,0,0,0,0,0,0,0,0,0,0,0,0,0,0,0,0,0,0,0,0,0,0,0,0,0,0,0,0,0,0,0,0,0,0,0,0,0,0,0,0,0,0,0,0,0,0,0,0,0,0,0,0,0,0,0,0,0,0,0,0,0,0,0,0,0,0,0,0,0,0,0,0,0,0,0,0,0,0,0,0,0,0,0,0,0,8,122,240,216,216,193,75,8,0,0,0,0,0,0,0,0,0,0,0,0,0,0,0,0,0,0,0,0,50,254,254,254,254,254,254,81,0,0,0,0,0,0,0,0,0,0,0,0,0,0,0,0,0,0,0,0,7,116,140,140,231,254,254,242,102,0,0,0,0,0,0,0,0,0,0,0,0,0,0,0,0,0,0,0,0,0,0,10,210,254,254,238,9,0,0,0,0,0,0,0,0,0,0,0,0,0,0,0,0,0,0,0,0,0,48,204,254,254,235,61,0,0,0,0,0,0,0,0,0,0,0,0,0,0,0,0,0,0,0,0,0,41,232,254,254,142,57,0,0,0,0,0,0,0,0,0,0,0,0,0,0,0,0,0,0,0,0,0,0,88,254,254,254,104,0,0,0,0,0,0,0,0,0,0,0,0,0,0,0,0,0,0,0,0,0,0,0,21,164,254,254,249,170,17,0,0,0,0,0,0,0,0,0,0,0,0,0,0,0,0,0,0,0,0,0,0,2,44,221,254,254,196,12,0,0,0,0,0,0,0,0,0,0,0,0,0,0,0,0,0,0,0,0,0,0,0,34,152,254,254,188,0,0,0,0,0,0,0,0,0,0,0,0,0,0,0,0,0,0,0,0,0,0,0,0,5,147,254,249,104,0,0,0,0,0,0,0,0,0,0,0,0,0,0,0,0,0,0,0,0,0,0,0,0,30,221,254,223,78,0,0,0,0,0,0,0,0,0,0,0,0,0,0,0,0,0,0,0,0,0,0,0,0,99,254,254,151,0,0,0,0,0,0,0,0,0,0,0,0,0,0,0,0,0,0,0,0,0,0,0,24,205,254,254,63,0,0,0,0,0,0,0,0,0,0,0,0,0,0,0,0,0,0,0,0,0,22,139,247,254,240,126,2,0,0,0,0,0,0,0,0,0,0,0,0,0,0,0,0,0,0,0,61,89,238,254,255,254,45,0,0,0,0,0,0,0,0,0,0,0,0,0,0,0,0,18,138,207,104,140,251,254,254,201,126,43,2,0,0,0,0,0,0,0,0,0,0,0,0,0,0,0,0,150,254,254,254,254,254,254,189,9,0,0,0,0,0,0,0,0,0,0,0,0,0,0,0,0,0,0,3,196,254,254,254,230,177,76,16,0,0,0,0,0,0,0,0,0,0,0,0,0,0,0,0,0,0,0,0,152,220,95,38,25,0,0,0,0,0,0,0,0,0,0,0,0,0,0,0,0,0,0,0,0,0,0,0,0,0,0,0,0,0,0,0,0,0,0,0,0,0,0,0,0,0,0,0,0,0,0,0,0,0,0,0,0,0,0,0,0,0,0,0,0,0,0,0,0,0,0,0,0,0,0,0,0,0,0,0,0,0,0,0,0,0,0,0,0,0,0,0,0,0,0,0,0,0,0,0,0,0,0,0,0,0,0,0,0,0,0,0,0,0,0,0,0,0,0,0,0,0,0,0,0,0,0,0,0,0,0,0,0
3,0,0,0,0,0,0,0,0,0,0,0,0,0,0,0,0,0,0,0,0,0,0,0,0,0,0,0,0,0,0,0,0,0,0,0,0,0,0,0,0,0,0,0,0,0,0,0,0,0,0,0,0,0,0,0,0,0,0,0,0,0,0,0,0,0,0,0,0,0,0,0,0,0,0,0,0,0,0,0,0,0,0,0,0,0,0,0,0,0,0,0,0,0,0,0,0,0,0,0,0,0,0,0,0,0,0,0,0,0,0,0,0,0,0,0,0,0,0,0,0,0,0,0,27,223,199,172,172,109,24,2,0,0,0,0,0,0,0,0,0,0,0,0,0,0,0,0,0,0,0,0,132,254,243,249,243,254,254,105,0,0,0,0,0,0,0,0,0,0,0,0,0,0,0,0,0,0,0,0,156,246,22,47,23,76,233,241,24,0,0,0,0,0,0,0,0,0,0,0,0,0,0,0,0,0,0,0,156,109,0,0,0,0,205,254,33,0,0,0,0,0,0,0,0,0,0,0,0,0,0,0,0,0,0,0,81,47,0,0,0,80,244,200,7,0,0,0,0,0,0,0,0,0,0,0,0,0,0,0,0,0,0,0,0,0,0,0,37,245,246,46,0,0,0,0,0,0,0,0,0,0,0,0,0,0,0,0,0,0,0,0,0,0,0,23,166,246,85,0,0,0,0,0,0,0,0,0,0,0,0,0,0,0,0,0,0,0,0,0,0,43,125,239,254,99,0,0,0,0,0,0,0,0,0,0,0,0,0,0,0,0,0,0,0,0,0,0,70,248,254,244,37,4,0,0,0,0,0,0,0,0,0,0,0,0,0,0,0,0,0,0,0,0,0,0,27,117,148,253,150,19,0,0,0,0,0,0,0,0,0,0,0,0,0,0,0,0,0,0,0,0,0,0,0,0,0,149,255,89,0,0,0,0,0,0,0,0,0,0,0,0,0,0,0,0,0,0,0,0,0,0,0,0,0,11,228,223,4,0,0,0,0,0,0,0,0,0,0,0,0,0,0,0,0,0,0,0,0,0,0,0,0,0,128,254,49,0,0,0,0,0,0,0,0,0,0,0,0,0,0,0,0,0,0,0,0,0,0,0,0,0,44,254,49,0,0,0,0,0,0,0,0,0,0,0,0,0,0,0,0,0,14,0,0,0,0,0,0,0,105,254,49,0,0,0,0,0,0,0,0,0,0,0,0,0,0,0,0,34,173,14,0,0,0,0,0,0,189,237,24,0,0,0,0,0,0,0,0,0,0,0,0,0,0,0,0,116,185,28,0,0,0,0,0,4,203,202,0,0,0,0,0,0,0,0,0,0,0,0,0,0,0,0,0,22,204,225,88,18,5,0,0,65,254,118,0,0,0,0,0,0,0,0,0,0,0,0,0,0,0,0,0,0,48,205,250,242,239,158,156,220,215,22,0,0,0,0,0,0,0,0,0,0,0,0,0,0,0,0,0,0,0,4,125,198,222,254,254,195,47,0,0,0,0,0,0,0,0,0,0,0,0,0,0,0,0,0,0,0,0,0,0,0,0,0,0,0,0,0,0,0,0,0,0,0,0,0,0,0,0,0,0,0,0,0,0,0,0,0,0,0,0,0,0,0,0,0,0,0,0,0,0,0,0,0,0,0,0,0,0,0,0,0,0,0,0,0,0,0,0,0,0,0,0,0,0,0,0,0,0,0,0,0,0,0,0,0,0,0,0,0,0,0,0,0,0,0,0,0,0,0,0,0,0,0,0,0,0,0,0,0,0,0,0
8,0,0,0,0,0,0,0,0,0,0,0,0,0,0,0,0,0,0,0,0,0,0,0,0,0,0,0,0,0,0,0,0,0,0,0,0,0,0,0,0,0,0,0,0,0,0,0,0,0,0,0,0,0,0,0,0,0,0,0,0,0,0,0,0,0,0,0,0,0,0,0,0,0,0,0,0,0,0,0,0,0,0,0,0,0,0,0,0,0,0,0,0,0,0,0,0,0,0,0,0,0,0,0,0,0,0,0,0,0,0,0,0,0,0,0,0,0,0,0,0,0,0,0,0,32,59,217,171,156,156,59,0,0,0,0,0,0,0,0,0,0,0,0,0,0,0,0,0,0,0,25,147,235,253,254,253,253,253,200,8,0,0,0,0,0,0,0,0,0,0,0,0,0,0,0,0,31,102,241,253,253,253,254,186,174,247,253,98,0,0,0,0,0,0,0,0,0,0,0,0,0,0,0,0,150,254,253,253,201,79,19,3,0,86,244,158,0,0,0,0,0,0,0,0,0,0,0,0,0,0,0,0,195,254,245,88,5,0,0,0,0,0,157,0,0,0,0,0,0,0,0,0,0,0,0,0,0,0,0,0,196,255,246,48,0,0,0,0,0,0,0,0,0,0,0,0,0,0,0,0,0,0,0,0,0,0,0,0,105,254,253,226,31,0,0,0,0,0,0,0,0,0,0,0,0,0,0,0,0,0,0,0,0,0,0,0,0,223,253,253,226,48,0,0,0,0,0,0,0,0,0,0,0,0,0,0,0,0,0,0,0,0,0,0,0,35,217,253,253,245,77,77,77,77,24,0,0,0,0,0,0,0,0,0,0,0,0,0,0,0,0,0,0,0,35,223,253,253,254,253,222,245,155,0,0,0,0,0,0,0,0,0,0,0,0,0,0,0,0,0,0,0,0,102,254,254,255,254,193,43,0,0,0,0,0,0,0,0,0,0,0,0,0,0,0,0,0,0,0,0,70,241,253,253,254,253,253,64,0,0,0,0,0,0,0,0,0,0,0,0,0,0,0,0,0,0,0,19,226,253,253,192,78,226,253,211,71,0,0,0,0,0,0,0,0,0,0,0,0,0,0,0,0,0,0,112,253,253,216,5,0,62,211,253,245,68,0,0,0,0,0,0,0,0,0,0,0,0,0,0,0,0,0,156,253,253,213,0,0,0,138,253,253,195,0,0,0,0,0,0,0,0,0,0,0,0,0,0,0,0,0,97,254,254,214,0,0,0,0,212,254,196,0,0,0,0,0,0,0,0,0,0,0,0,0,0,0,0,0,9,220,253,247,177,58,20,14,144,253,195,0,0,0,0,0,0,0,0,0,0,0,0,0,0,0,0,0,0,117,253,253,253,254,253,229,247,253,195,0,0,0,0,0,0,0,0,0,0,0,0,0,0,0,0,0,0,2,117,235,253,254,253,253,253,237,128,0,0,0,0,0,0,0,0,0,0,0,0,0,0,0,0,0,0,0,0,32,133,216,253,185,140,36,0,0,0,0,0,0,0,0,0,0,0,0,0,0,0,0,0,0,0,0,0,0,0,0,0,0,0,0,0,0,0,0,0,0,0,0,0,0,0,0,0,0,0,0,0,0,0,0,0,0,0,0,0,0,0,0,0,0,0,0,0,0,0,0,0,0,0,0,0,0,0,0,0,0,0,0,0,0,0,0,0,0,0,0,0,0,0,0,0,0,0,0,0,0,0,0,0,0,0,0,0,0,0,0,0,0,0,0,0,0,0,0,0,0,0,0,0,0,0,0,0
8,0,0,0,0,0,0,0,0,0,0,0,0,0,0,0,0,0,0,0,0,0,0,0,0,0,0,0,0,0,0,0,0,0,0,0,0,0,0,0,0,0,0,0,0,0,0,0,0,0,0,0,0,0,0,0,0,0,0,0,0,0,0,0,0,0,0,0,0,0,0,0,0,0,0,0,0,0,0,0,0,0,0,0,0,0,0,0,0,0,0,0,0,0,0,0,0,0,0,0,0,0,0,0,0,0,0,0,0,0,0,0,0,0,0,0,0,0,0,0,0,0,0,0,0,0,0,0,0,0,0,0,0,0,0,0,0,0,0,0,0,0,0,0,0,0,0,0,0,0,0,0,0,0,0,0,0,0,0,0,0,0,0,0,0,0,0,0,0,0,0,0,0,0,0,0,0,0,0,0,83,121,121,190,255,197,121,121,25,0,0,0,0,0,0,0,0,0,0,0,0,0,0,0,40,219,240,240,248,252,252,252,253,252,252,252,109,0,0,0,0,0,0,0,0,0,0,0,0,0,0,0,213,252,252,252,252,252,252,252,253,252,252,252,210,25,0,0,0,0,0,0,0,0,0,0,0,0,0,0,226,252,252,252,252,252,252,252,253,252,252,252,252,223,122,30,0,0,0,0,0,0,0,0,0,0,0,0,191,252,252,209,53,67,220,185,123,53,53,74,224,252,252,93,0,0,0,0,0,0,0,0,0,0,0,0,25,223,252,210,17,0,35,0,0,0,20,187,252,241,177,24,0,0,0,0,0,0,0,0,0,0,0,0,0,110,222,252,176,36,0,0,0,17,189,252,252,198,0,0,0,0,0,0,0,0,0,0,0,0,0,0,0,0,60,231,252,242,82,0,0,191,252,252,195,73,0,0,0,0,0,0,0,0,0,0,0,0,0,0,0,0,0,23,197,247,246,146,77,247,252,248,50,0,0,0,0,0,0,0,0,0,0,0,0,0,0,0,0,0,0,0,0,90,252,252,253,252,202,82,0,0,0,0,0,0,0,0,0,0,0,0,0,0,0,0,0,0,0,0,0,15,203,253,255,253,26,0,0,0,0,0,0,0,0,0,0,0,0,0,0,0,0,0,0,0,0,0,0,0,146,252,253,252,26,0,0,0,0,0,0,0,0,0,0,0,0,0,0,0,0,0,0,0,0,0,0,25,241,252,253,252,145,0,0,0,0,0,0,0,0,0,0,0,0,0,0,0,0,0,0,0,0,0,0,70,252,209,110,199,237,33,0,0,0,0,0,0,0,0,0,0,0,0,0,0,0,0,0,0,0,0,32,233,248,88,0,107,252,39,0,0,0,0,0,0,0,0,0,0,0,0,0,0,0,0,0,0,0,0,138,252,140,0,0,205,252,39,0,0,0,0,0,0,0,0,0,0,0,0,0,0,0,0,0,0,0,0,173,252,128,111,174,248,188,13,0,0,0,0,0,0,0,0,0,0,0,0,0,0,0,0,0,0,0,0,173,252,252,252,253,252,144,0,0,0,0,0,0,0,0,0,0,0,0,0,0,0,0,0,0,0,0,0,173,252,252,252,253,183,11,0,0,0,0,0,0,0,0,0,0,0,0,0,0,0,0,0,0,0,0,0,103,252,252,181,120,6,0,0,0,0,0,0,0,0,0,0,0,0,0,0,0,0,0,0,0,0,0,0,0,0,0,0,0,0,0,0,0,0,0,0,0,0,0,0,0,0,0,0,0,0,0,0,0,0,0,0,0,0,0,0,0,0,0,0,0,0,0,0,0,0,0,0,0
7,0,0,0,0,0,0,0,0,0,0,0,0,0,0,0,0,0,0,0,0,0,0,0,0,0,0,0,0,0,0,0,0,0,0,0,0,0,0,0,0,0,0,0,0,0,0,0,0,0,0,0,0,0,0,0,0,0,0,0,0,0,0,0,0,0,0,0,0,0,0,0,0,0,0,0,0,0,0,0,0,0,0,0,0,0,0,0,0,0,0,0,0,0,0,0,0,0,0,0,0,0,0,0,0,0,0,0,0,0,0,0,0,0,0,0,0,0,0,0,0,0,0,0,0,0,0,0,0,0,0,0,0,0,0,0,0,0,0,0,0,0,0,0,0,0,0,0,0,0,0,0,0,0,0,0,0,0,0,0,0,0,0,0,0,0,0,0,0,0,0,0,0,0,0,0,0,0,0,0,32,67,91,160,164,254,254,72,0,0,0,0,0,0,0,0,0,0,0,0,0,0,0,0,39,209,226,226,239,254,254,254,254,254,254,140,0,0,0,0,0,0,0,0,0,0,0,0,0,0,0,0,49,80,216,209,198,150,150,136,56,115,254,140,0,0,0,0,0,0,0,0,0,0,0,0,0,0,0,0,0,0,0,0,0,0,0,0,0,76,254,140,0,0,0,0,0,0,0,0,0,0,0,0,0,0,0,0,0,0,0,0,0,0,0,0,0,163,254,140,0,0,0,0,0,0,0,0,0,0,0,0,0,0,0,0,0,0,0,0,0,0,0,0,8,238,254,64,0,0,0,0,0,0,0,0,0,0,0,0,0,0,0,0,0,0,0,0,0,0,0,0,10,254,238,31,0,0,0,0,0,0,0,0,0,0,0,0,0,0,0,0,0,0,0,0,0,0,0,0,101,254,185,0,0,0,0,0,0,0,0,0,0,0,0,0,0,0,0,0,0,0,0,0,0,0,0,0,149,254,67,0,0,0,0,0,0,0,0,0,0,0,0,0,0,0,0,0,0,0,0,0,0,0,0,0,198,254,18,0,0,0,0,0,0,0,0,0,0,0,0,0,0,0,0,0,0,0,0,0,0,0,0,24,234,254,19,0,0,0,0,0,0,0,0,0,0,0,0,0,0,0,0,0,0,0,0,0,0,0,0,52,254,172,2,0,0,0,0,0,0,0,0,0,0,0,0,0,0,0,0,0,0,0,0,0,0,0,0,170,250,50,0,0,0,0,0,0,0,0,0,0,0,0,0,0,0,0,0,0,0,0,0,0,0,0,45,244,244,0,0,0,0,0,0,0,0,0,0,0,0,0,0,0,0,0,0,0,0,0,0,0,0,0,84,254,227,32,39,0,0,0,0,0,0,0,0,0,0,0,0,0,0,0,0,0,0,0,0,0,0,0,202,254,164,176,4,0,0,0,0,0,0,0,0,0,0,0,0,0,0,0,0,0,0,0,0,0,0,67,255,254,250,84,0,0,0,0,0,0,0,0,0,0,0,0,0,0,0,0,0,0,0,0,0,0,0,95,254,254,167,0,0,0,0,0,0,0,0,0,0,0,0,0,0,0,0,0,0,0,0,0,0,0,0,175,254,211,9,0,0,0,0,0,0,0,0,0,0,0,0,0,0,0,0,0,0,0,0,0,0,0,0,119,230,42,0,0,0,0,0,0,0,0,0,0,0,0,0,0,0,0,0,0,0,0,0,0,0,0,0,0,0,0,0,0,0,0,0,0,0,0,0,0,0,0,0,0,0,0,0,0,0,0,0,0,0,0,0,0,0,0,0,0,0,0,0,0,0,0,0,0,0,0,0
9,0,0,0,0,0,0,0,0,0,0,0,0,0,0,0,0,0,0,0,0,0,0,0,0,0,0,0,0,0,0,0,0,0,0,0,0,0,0,0,0,0,0,0,0,0,0,0,0,0,0,0,0,0,0,0,0,0,0,0,0,0,0,0,0,0,0,0,0,0,0,0,0,0,0,0,0,0,0,0,0,0,0,0,0,0,0,0,0,0,0,0,0,0,0,0,0,0,0,0,0,0,0,0,0,0,0,0,0,0,0,0,0,0,0,0,0,0,0,0,0,0,0,0,0,0,0,0,0,0,0,0,0,0,0,0,0,0,0,0,0,0,0,0,0,0,0,0,0,0,0,0,0,0,0,0,0,0,0,0,0,0,0,0,0,0,0,0,0,0,0,0,0,0,0,0,0,0,0,0,0,0,0,0,0,0,0,0,0,0,0,0,0,0,0,0,0,0,0,0,0,0,0,0,0,0,0,42,150,169,254,255,254,208,87,0,0,0,0,0,0,0,0,0,0,0,0,0,0,0,0,0,0,20,145,239,253,210,198,199,198,226,251,170,0,0,0,0,0,0,0,0,0,0,0,0,0,0,0,0,16,230,254,167,49,8,0,0,0,18,161,253,66,0,0,0,0,0,0,0,0,0,0,0,0,0,0,0,97,253,54,4,0,0,0,0,0,0,116,253,0,0,0,0,0,0,0,0,0,0,0,0,0,0,0,27,238,188,0,0,0,0,0,0,0,0,167,188,27,39,0,0,0,0,0,0,0,0,0,0,0,0,0,14,219,189,0,0,0,0,0,0,0,0,0,59,255,199,0,0,0,0,0,0,0,0,0,0,0,0,0,0,147,253,53,0,0,0,0,0,0,0,0,175,254,198,0,0,0,0,0,0,0,0,0,0,0,0,0,0,31,253,179,3,0,0,0,0,0,0,62,243,254,76,0,0,0,0,0,0,0,0,0,0,0,0,0,0,4,119,254,131,3,0,0,0,0,0,147,253,190,4,0,0,0,0,0,0,0,0,0,0,0,0,0,0,0,0,130,247,178,52,0,0,0,59,238,220,26,0,0,0,0,0,0,0,0,0,0,0,0,0,0,0,0,0,0,20,205,254,189,163,247,254,254,136,0,0,0,0,0,0,0,0,0,0,0,0,0,0,0,0,0,0,0,0,9,89,173,234,221,245,242,31,0,0,0,0,0,0,0,0,0,0,0,0,0,0,0,0,0,0,0,0,0,0,0,23,23,222,189,0,0,0,0,0,0,0,0,0,0,0,0,0,0,0,0,0,0,0,0,0,0,0,0,0,94,253,144,0,0,0,0,0,0,0,0,0,0,0,0,0,0,0,0,0,0,0,0,0,0,0,0,0,113,253,176,0,0,0,0,0,0,0,0,0,0,0,0,0,0,0,0,0,0,0,0,0,0,0,0,0,55,254,144,0,0,0,0,0,0,0,0,0,0,0,0,0,0,0,0,0,0,0,0,0,0,0,0,0,24,232,228,0,0,0,0,0,0,0,0,0,0,0,0,0,0,0,0,0,0,0,0,0,0,0,0,0,0,217,235,0,0,0,0,0,0,0,0,0,0,0,0,0,0,0,0,0,0,0,0,0,0,0,0,0,0,217,235,0,0,0,0,0,0,0,0,0,0,0,0,0,0,0,0,0,0,0,0,0,0,0,0,0,0,185,235,0,0,0,0,0,0,0,0,0,0,0,0,0,0,0,0,0,0,0,0,0,0,0,0,0,0,0,0,0,0,0,0,0,0,0,0,0,0
2,0,0,0,0,0,0,0,0,0,0,0,0,0,0,0,0,0,0,0,0,0,0,0,0,0,0,0,0,0,0,0,0,0,0,0,0,0,0,0,0,0,0,0,0,0,0,0,0,0,0,0,0,0,0,0,0,0,0,0,0,0,0,0,0,0,0,0,0,0,0,0,0,0,0,0,0,0,0,0,0,0,0,0,0,0,0,0,0,0,0,0,64,191,255,255,255,128,0,0,0,0,0,0,0,0,0,0,0,0,0,0,0,0,0,0,0,0,0,0,128,255,255,255,255,255,191,64,0,0,0,0,0,0,0,0,0,0,0,0,0,0,0,0,0,0,0,0,128,255,255,255,255,255,255,255,0,0,0,0,0,0,0,0,0,0,0,0,0,0,0,0,0,0,0,0,64,191,128,128,128,128,255,255,255,64,0,0,0,0,0,0,0,0,0,0,0,0,0,0,0,0,0,0,0,0,0,0,0,0,64,255,255,191,0,0,0,0,0,0,0,0,0,0,0,0,0,0,0,0,0,0,0,0,0,0,0,0,0,64,255,255,191,0,0,0,0,0,0,0,0,0,0,0,0,0,0,0,0,0,0,0,0,0,0,0,0,0,191,255,255,64,0,0,0,0,0,0,0,0,0,0,0,0,0,0,0,0,0,0,0,0,0,0,0,0,64,191,255,255,0,0,0,0,0,0,0,0,0,0,0,0,0,0,0,0,0,0,0,0,0,0,0,0,0,128,255,255,0,0,0,0,0,0,0,0,0,0,0,0,0,0,0,0,0,0,0,0,0,0,0,0,0,128,255,255,64,0,0,0,0,0,0,0,0,0,0,0,0,0,0,0,0,0,0,0,0,0,0,0,0,128,255,255,128,0,0,0,0,0,0,0,0,0,0,0,0,0,0,0,0,0,0,0,0,0,0,0,0,191,255,255,0,0,0,0,0,0,0,0,0,0,0,0,0,0,0,0,0,0,0,0,0,0,0,0,191,255,255,255,0,0,0,0,0,0,0,0,0,0,0,0,0,0,0,0,0,0,0,0,0,0,0,191,255,255,255,64,0,0,0,0,0,0,0,0,0,0,0,0,0,0,0,0,0,0,0,0,0,64,255,255,255,255,255,0,0,0,0,0,0,0,0,0,0,0,0,0,0,0,0,0,0,0,0,0,191,255,255,255,255,255,128,0,0,0,0,0,0,0,0,0,0,0,0,0,0,0,0,0,0,0,0,128,255,255,255,255,255,255,0,0,0,0,0,0,0,0,0,0,0,0,0,0,0,0,0,0,0,0,0,128,255,255,255,255,255,255,255,255,255,255,191,64,0,0,0,0,0,0,0,0,0,0,0,0,0,0,0,0,255,255,255,255,255,255,255,255,255,255,191,64,0,0,0,0,0,0,0,0,0,0,0,0,0,0,0,0,191,255,255,255,255,255,255,255,255,128,64,0,0,0,0,0,0,0,0,0,0,0,0,0,0,0,0,0,0,0,0,0,0,0,0,0,0,0,0,0,0,0,0,0,0,0,0,0,0,0,0,0,0,0,0,0,0,0,0,0,0,0,0,0,0,0,0,0,0,0,0,0,0,0,0,0,0,0,0,0,0,0,0,0,0,0,0,0,0,0,0,0,0,0,0,0,0,0,0,0,0,0,0,0,0,0,0,0,0,0,0,0,0,0,0,0,0,0,0,0,0,0,0,0,0,0,0,0,0,0,0,0,0,0,0,0,0,0,0,0,0,0,0,0,0,0,0,0,0,0,0,0,0,0,0,0,0
2,0,0,0,0,0,0,0,0,0,0,0,0,0,0,0,0,0,0,0,0,0,0,0,0,0,0,0,0,0,0,0,0,0,0,0,0,0,0,0,0,0,0,0,0,0,0,0,0,0,0,0,0,0,0,0,0,0,0,0,0,0,0,0,0,0,0,0,0,108,221,96,30,0,0,0,0,0,0,0,0,0,0,0,0,0,0,0,0,0,0,0,0,0,0,0,0,115,187,245,244,130,0,0,0,0,0,0,0,0,0,0,0,0,0,0,0,0,0,0,0,0,0,0,0,0,0,87,254,242,119,4,0,0,0,0,0,0,0,0,0,0,0,0,0,0,0,0,0,0,0,0,0,0,0,0,138,253,253,20,0,0,0,0,0,0,0,0,0,0,0,0,0,0,0,0,0,0,0,0,0,0,0,0,12,203,253,121,0,0,0,0,0,0,0,0,0,0,0,0,0,0,0,0,0,0,0,0,0,0,0,0,0,177,253,121,0,0,0,0,0,0,0,0,0,0,0,0,0,0,0,0,0,0,0,0,0,0,0,0,0,177,253,121,0,0,0,0,0,0,0,0,0,0,0,0,0,0,0,0,0,0,0,0,0,0,0,0,0,177,253,121,0,0,0,0,0,0,0,0,0,0,0,0,0,0,0,0,0,0,0,0,0,0,0,0,11,200,253,121,0,0,0,0,0,0,0,0,0,0,0,0,0,0,0,0,0,0,0,0,0,0,0,0,34,253,253,73,0,0,0,0,0,0,0,0,0,0,0,0,0,0,0,0,0,0,0,0,0,0,0,0,144,254,254,11,0,0,0,0,0,0,0,0,0,0,0,0,0,0,0,0,0,0,0,0,0,0,0,0,221,253,227,8,0,0,0,0,0,0,0,0,0,0,0,0,0,0,0,0,0,0,0,0,0,0,0,92,254,253,106,0,0,0,0,0,0,0,0,0,0,0,0,0,0,0,0,0,0,0,0,8,13,23,23,171,255,209,25,0,0,0,0,0,0,0,0,0,0,0,0,0,0,0,0,0,0,30,128,196,215,253,253,253,247,60,0,0,0,0,0,0,0,0,0,0,0,0,0,0,0,0,0,0,0,220,253,253,176,253,253,253,233,66,0,0,0,0,0,0,0,0,0,0,0,0,0,0,0,0,0,0,53,248,174,45,71,253,253,244,254,248,232,117,12,3,0,0,0,0,0,0,0,0,0,0,0,0,0,0,210,253,117,84,245,253,187,13,114,240,253,253,253,176,155,80,0,0,0,0,0,0,0,0,0,0,0,0,176,253,253,253,253,187,17,0,0,46,66,124,176,203,250,98,0,0,0,0,0,0,0,0,0,0,0,0,57,152,253,215,90,13,0,0,0,0,0,0,0,12,31,0,0,0,0,0,0,0,0,0,0,0,0,0,0,0,0,0,0,0,0,0,0,0,0,0,0,0,0,0,0,0,0,0,0,0,0,0,0,0,0,0,0,0,0,0,0,0,0,0,0,0,0,0,0,0,0,0,0,0,0,0,0,0,0,0,0,0,0,0,0,0,0,0,0,0,0,0,0,0,0,0,0,0,0,0,0,0,0,0,0,0,0,0,0,0,0,0,0,0,0,0,0,0,0,0,0,0,0,0,0,0,0,0,0,0,0,0,0,0,0,0,0,0,0,0,0,0,0,0,0,0,0,0,0,0,0,0,0,0,0,0,0,0,0,0,0,0,0,0,0,0,0,0,0,0,0,0,0,0,0,0,0,0,0,0,0,0,0,0,0,0,0,0,0
4,0,0,0,0,0,0,0,0,0,0,0,0,0,0,0,0,0,0,0,0,0,0,0,0,0,0,0,0,0,0,0,0,0,0,0,0,0,0,0,0,0,0,0,0,0,0,0,0,0,0,0,0,0,0,0,0,0,0,0,0,0,0,0,0,0,0,0,0,0,0,0,0,0,0,0,0,0,0,0,0,0,0,0,0,0,0,0,0,0,0,0,0,0,0,0,0,0,0,0,0,0,0,0,0,0,0,0,0,0,0,0,0,0,0,0,0,0,0,0,0,0,0,0,0,0,0,0,0,0,0,0,0,0,0,0,0,0,0,0,0,0,0,0,0,0,0,0,0,0,0,0,0,0,0,0,0,0,0,130,225,38,0,0,0,0,0,0,0,0,0,0,0,0,0,0,0,0,0,0,0,0,0,0,0,0,77,249,229,46,0,0,0,0,0,0,0,0,0,0,0,0,0,0,0,0,0,0,0,0,0,0,0,0,200,252,198,0,0,0,0,0,0,0,0,0,0,0,0,0,0,0,0,22,178,179,0,0,0,0,0,0,213,252,86,0,0,0,0,0,0,0,0,0,0,0,0,0,0,0,0,172,252,244,74,0,0,0,0,0,142,252,66,0,0,0,0,0,0,0,0,0,0,0,0,0,0,0,17,211,252,222,24,0,0,0,0,20,221,252,66,0,0,0,0,0,0,0,0,0,0,0,0,0,0,0,102,252,243,108,0,0,0,0,0,115,252,252,66,0,0,0,0,0,0,0,0,0,0,0,0,0,0,60,238,252,198,0,0,0,0,0,0,226,252,252,66,0,0,0,0,0,0,0,0,0,0,0,0,0,0,94,252,252,198,0,0,8,14,14,70,241,252,252,69,7,5,0,0,0,0,0,0,0,0,0,0,0,0,94,252,252,198,0,85,202,252,253,252,252,252,252,189,189,93,0,0,0,0,0,0,0,0,0,0,0,0,94,253,253,253,253,253,253,253,255,253,253,253,253,253,149,0,0,0,0,0,0,0,0,0,0,0,0,0,94,252,252,252,252,252,252,252,146,190,252,252,132,13,4,0,0,0,0,0,0,0,0,0,0,0,0,0,59,158,233,252,188,144,26,26,0,156,252,180,6,0,0,0,0,0,0,0,0,0,0,0,0,0,0,0,0,0,31,39,13,0,0,0,102,250,252,172,0,0,0,0,0,0,0,0,0,0,0,0,0,0,0,0,0,0,0,0,0,0,0,0,121,252,252,172,0,0,0,0,0,0,0,0,0,0,0,0,0,0,0,0,0,0,0,0,0,0,0,0,121,252,252,143,0,0,0,0,0,0,0,0,0,0,0,0,0,0,0,0,0,0,0,0,0,0,0,0,121,252,237,33,0,0,0,0,0,0,0,0,0,0,0,0,0,0,0,0,0,0,0,0,0,0,0,0,121,252,75,0,0,0,0,0,0,0,0,0,0,0,0,0,0,0,0,0,0,0,0,0,0,0,0,0,121,252,26,0,0,0,0,0,0,0,0,0,0,0,0,0,0,0,0,0,0,0,0,0,0,0,0,0,121,195,12,0,0,0,0,0,0,0,0,0,0,0,0,0,0,0,0,0,0,0,0,0,0,0,0,0,0,0,0,0,0,0,0,0,0,0,0,0,0,0,0,0,0,0,0,0,0,0,0,0,0,0,0,0,0,0,0,0,0,0,0,0,0,0,0,0,0,0,0,0,0,0,0,0,0,0,0,0,0,0,0,0,0,0,0,0,0,0,0,0,0,0,0,0,0,0
1,0,0,0,0,0,0,0,0,0,0,0,0,0,0,0,0,0,0,0,0,0,0,0,0,0,0,0,0,0,0,0,0,0,0,0,0,0,0,0,0,0,0,0,0,0,0,0,0,0,0,0,0,0,0,0,0,0,0,0,0,0,0,0,0,0,0,0,0,0,0,0,0,0,0,0,0,0,0,0,0,0,0,0,0,0,0,0,0,0,0,0,0,0,0,0,0,0,0,0,0,0,0,0,0,0,0,0,0,0,0,0,0,0,0,0,0,0,0,0,0,0,0,0,0,0,0,163,102,0,0,0,0,0,0,0,0,0,0,0,0,0,0,0,0,0,0,0,0,0,0,0,0,0,21,223,102,0,0,0,0,0,0,0,0,0,0,0,0,0,0,0,0,0,0,0,0,0,0,0,0,0,51,253,163,0,0,0,0,0,0,0,0,0,0,0,0,0,0,0,0,0,0,0,0,0,0,0,0,0,51,252,203,0,0,0,0,0,0,0,0,0,0,0,0,0,0,0,0,0,0,0,0,0,0,0,0,0,72,253,214,10,0,0,0,0,0,0,0,0,0,0,0,0,0,0,0,0,0,0,0,0,0,0,0,0,233,252,253,50,0,0,0,0,0,0,0,0,0,0,0,0,0,0,0,0,0,0,0,0,0,0,0,0,254,253,234,30,0,0,0,0,0,0,0,0,0,0,0,0,0,0,0,0,0,0,0,0,0,0,0,0,213,252,213,10,0,0,0,0,0,0,0,0,0,0,0,0,0,0,0,0,0,0,0,0,0,0,0,0,152,253,203,0,0,0,0,0,0,0,0,0,0,0,0,0,0,0,0,0,0,0,0,0,0,0,0,0,152,252,203,0,0,0,0,0,0,0,0,0,0,0,0,0,0,0,0,0,0,0,0,0,0,0,0,0,152,253,203,0,0,0,0,0,0,0,0,0,0,0,0,0,0,0,0,0,0,0,0,0,0,0,0,0,152,252,203,0,0,0,0,0,0,0,0,0,0,0,0,0,0,0,0,0,0,0,0,0,0,0,0,0,51,253,244,40,0,0,0,0,0,0,0,0,0,0,0,0,0,0,0,0,0,0,0,0,0,0,0,0,51,252,243,40,0,0,0,0,0,0,0,0,0,0,0,0,0,0,0,0,0,0,0,0,0,0,0,0,132,253,254,50,0,0,0,0,0,0,0,0,0,0,0,0,0,0,0,0,0,0,0,0,0,0,0,0,51,252,253,50,0,0,0,0,0,0,0,0,0,0,0,0,0,0,0,0,0,0,0,0,0,0,0,0,152,253,255,50,0,0,0,0,0,0,0,0,0,0,0,0,0,0,0,0,0,0,0,0,0,0,0,0,71,252,253,50,0,0,0,0,0,0,0,0,0,0,0,0,0,0,0,0,0,0,0,0,0,0,0,0,21,223,255,71,0,0,0,0,0,0,0,0,0,0,0,0,0,0,0,0,0,0,0,0,0,0,0,0,0,162,253,151,0,0,0,0,0,0,0,0,0,0,0,0,0,0,0,0,0,0,0,0,0,0,0,0,0,0,0,0,0,0,0,0,0,0,0,0,0,0,0,0,0,0,0,0,0,0,0,0,0,0,0,0,0,0,0,0,0,0,0,0,0,0,0,0,0,0,0,0,0,0,0,0,0,0,0,0,0,0,0,0,0,0,0,0,0,0,0,0,0,0,0,0,0,0,0,0,0,0,0,0,0,0,0,0,0,0,0,0,0,0,0,0,0,0,0,0,0,0,0,0,0,0,0
5,0,0,0,0,0,0,0,0,0,0,0,0,0,0,0,0,0,0,0,0,0,0,0,0,0,0,0,0,0,0,0,0,0,0,0,0,0,0,0,0,0,0,0,0,0,0,0,0,0,0,0,0,0,0,0,0,0,0,0,0,0,0,0,0,0,0,0,0,0,0,0,0,0,0,0,0,0,0,0,0,0,0,0,0,0,0,0,0,0,0,0,0,0,0,0,0,0,0,0,0,0,0,0,0,0,0,0,0,0,0,0,0,0,0,0,0,0,0,0,0,0,0,0,0,0,21,56,136,155,201,228,40,0,0,0,0,0,0,0,0,0,0,0,0,0,0,0,0,0,0,0,37,165,227,254,254,254,254,254,212,0,0,0,0,0,0,0,0,0,0,0,0,0,0,0,0,0,0,20,195,254,254,254,254,254,254,254,204,0,0,0,0,0,0,0,0,0,0,0,0,0,0,0,0,0,0,86,254,254,217,253,117,122,236,68,57,0,0,0,0,0,0,0,0,0,0,0,0,0,0,0,0,0,23,238,254,254,197,81,16,0,32,0,0,0,0,0,0,0,0,0,0,0,0,0,0,0,0,0,0,0,76,254,199,109,6,0,0,0,0,0,0,0,0,0,0,0,0,0,0,0,0,0,0,0,0,0,0,0,76,254,103,0,0,0,0,0,0,0,0,0,0,0,0,0,0,0,0,0,0,0,0,0,0,0,0,0,76,254,250,130,10,0,0,0,0,0,0,0,0,0,0,0,0,0,0,0,0,0,0,0,0,0,0,0,76,254,254,254,209,136,56,0,0,0,0,0,0,0,0,0,0,0,0,0,0,0,0,0,0,0,0,0,2,152,254,254,254,254,253,187,141,0,0,0,0,0,0,0,0,0,0,0,0,0,0,0,0,0,0,0,0,6,50,238,253,254,254,254,252,178,13,0,0,0,0,0,0,0,0,0,0,0,0,0,0,0,0,0,0,0,0,0,73,133,175,218,245,254,93,0,0,0,0,0,0,0,0,0,0,0,0,0,0,0,0,0,0,0,0,0,0,0,0,16,85,250,215,5,0,0,0,0,0,0,0,0,0,0,0,0,0,0,0,0,0,0,0,0,0,0,0,0,0,143,254,75,0,0,0,0,0,0,0,0,0,0,0,0,0,0,0,0,0,0,0,0,0,0,0,0,0,64,252,75,0,0,0,0,0,0,0,0,0,0,0,0,0,0,0,0,0,0,0,0,0,0,0,0,0,0,225,75,0,0,0,0,0,0,0,0,0,0,0,0,0,0,0,0,41,80,26,36,36,1,0,9,42,163,252,75,0,0,0,0,0,0,0,0,0,0,0,0,0,0,0,0,76,247,237,254,254,191,190,205,254,254,254,75,0,0,0,0,0,0,0,0,0,0,0,0,0,0,0,0,76,254,254,254,254,254,254,254,254,254,205,32,0,0,0,0,0,0,0,0,0,0,0,0,0,0,0,0,17,67,82,243,215,254,254,254,170,88,7,0,0,0,0,0,0,0,0,0,0,0,0,0,0,0,0,0,0,0,0,0,0,0,0,0,0,0,0,0,0,0,0,0,0,0,0,0,0,0,0,0,0,0,0,0,0,0,0,0,0,0,0,0,0,0,0,0,0,0,0,0,0,0,0,0,0,0,0,0,0,0,0,0,0,0,0,0,0,0,0,0,0,0,0,0,0,0,0,0,0,0,0,0,0,0,0,0,0,0,0,0,0,0,0,0,0,0,0,0,0,0,0,0,0,0,0,0,0,0,0
9,0,0,0,0,0,0,0,0,0,0,0,0,0,0,0,0,0,0,0,0,0,0,0,0,0,0,0,0,0,0,0,0,0,0,0,0,0,0,0,0,0,0,0,0,0,0,0,0,0,0,0,0,0,0,0,0,0,0,0,0,0,0,0,0,0,0,0,0,0,0,0,0,0,0,0,0,0,0,0,0,0,0,0,0,0,0,0,0,0,0,0,0,0,0,0,0,0,0,0,0,0,0,0,0,0,0,0,0,0,0,0,0,0,0,0,0,0,0,0,0,0,0,0,0,0,0,0,0,0,0,0,0,0,0,0,0,0,0,0,0,0,0,0,0,0,0,0,0,0,0,26,130,219,254,254,157,91,5,0,0,0,0,0,0,0,0,0,0,0,0,0,0,0,0,0,0,2,92,214,253,253,253,253,253,253,213,26,0,0,0,0,0,0,0,0,0,0,0,0,0,0,0,0,0,102,253,253,240,146,111,111,147,250,253,167,3,0,0,0,0,0,0,0,0,0,0,0,0,0,0,0,88,213,253,215,33,0,0,0,0,85,228,253,30,0,0,0,0,0,0,0,0,0,0,0,0,0,0,0,149,253,230,34,0,0,0,0,0,0,211,253,30,0,0,0,0,0,0,0,0,0,0,0,0,0,0,0,149,253,137,0,0,0,0,0,0,0,211,253,30,0,0,0,0,0,0,0,0,0,0,0,0,0,0,0,149,253,114,0,0,0,0,0,0,0,129,253,113,0,0,0,0,0,0,0,0,0,0,0,0,0,0,0,149,253,216,0,0,0,0,0,0,0,172,253,154,0,0,0,0,0,0,0,0,0,0,0,0,0,0,0,149,253,242,62,0,0,0,0,0,0,211,253,154,0,0,0,0,0,0,0,0,0,0,0,0,0,0,0,52,229,253,209,102,63,63,96,186,186,242,253,178,6,0,0,0,0,0,0,0,0,0,0,0,0,0,0,0,122,253,253,253,253,253,253,253,253,253,253,253,24,0,0,0,0,0,0,0,0,0,0,0,0,0,0,0,7,74,179,215,179,233,233,179,79,124,253,253,24,0,0,0,0,0,0,0,0,0,0,0,0,0,0,0,0,0,0,24,0,36,36,0,0,88,253,253,64,0,0,0,0,0,0,0,0,0,0,0,0,0,0,0,0,0,0,0,0,0,0,0,0,88,253,253,106,0,0,0,0,0,0,0,0,0,0,0,0,0,0,22,217,138,32,0,0,0,0,0,0,88,253,253,24,0,0,0,0,0,0,0,0,0,0,0,0,0,0,3,119,253,151,32,0,0,0,0,0,88,253,253,24,0,0,0,0,0,0,0,0,0,0,0,0,0,0,0,19,215,253,213,106,80,0,0,0,138,253,212,14,0,0,0,0,0,0,0,0,0,0,0,0,0,0,0,0,30,215,253,253,249,236,236,236,250,253,100,0,0,0,0,0,0,0,0,0,0,0,0,0,0,0,0,0,0,29,158,253,253,253,253,253,253,210,16,0,0,0,0,0,0,0,0,0,0,0,0,0,0,0,0,0,0,0,1,5,97,129,226,192,150,21,0,0,0,0,0,0,0,0,0,0,0,0,0,0,0,0,0,0,0,0,0,0,0,0,0,0,0,0,0,0,0,0,0,0,0,0,0,0,0,0,0,0,0,0,0,0,0,0,0,0,0,0,0,0,0,0,0,0,0,0,0,0,0,0,0,0,0,0,0,0,0,0,0,0,0,0,0,0,0,0,0,0,0,0,0,0,0,0,0,0,0,0,0
8,0,0,0,0,0,0,0,0,0,0,0,0,0,0,0,0,0,0,0,0,0,0,0,0,0,0,0,0,0,0,0,0,0,0,0,0,0,0,0,0,0,0,0,0,0,0,0,0,0,0,0,0,0,0,0,0,0,0,0,0,0,0,0,0,0,0,0,0,0,0,0,0,0,0,0,0,0,0,0,0,0,0,0,0,0,0,0,0,0,0,0,0,0,0,0,0,0,0,0,0,0,0,0,0,0,0,0,0,0,0,0,0,0,0,0,0,0,0,0,0,0,0,0,0,0,0,0,0,0,0,0,0,0,0,0,0,0,0,0,0,0,0,0,0,0,0,0,0,0,0,0,0,0,0,0,0,0,0,0,0,0,0,0,0,0,0,0,0,0,0,0,0,0,0,0,0,0,0,0,0,20,121,121,190,255,197,121,121,25,0,0,0,0,0,0,0,0,0,0,0,0,0,0,0,0,0,0,23,200,252,252,252,253,252,252,252,242,189,0,0,0,0,0,0,0,0,0,0,0,0,0,0,0,0,25,197,252,252,252,252,253,252,168,237,252,218,30,0,0,0,0,0,0,0,0,0,0,0,0,0,0,0,110,252,252,252,252,139,39,39,4,33,75,214,54,0,0,0,0,0,0,0,0,0,0,0,0,0,0,57,214,252,252,245,108,25,0,0,0,0,18,193,200,200,120,0,0,0,0,0,0,0,0,0,0,0,0,213,252,252,252,225,0,0,0,0,20,96,204,252,252,252,210,0,0,0,0,0,0,0,0,0,0,0,0,213,252,252,245,120,0,0,20,167,202,252,252,252,252,212,33,0,0,0,0,0,0,0,0,0,0,0,0,213,252,252,128,0,2,98,204,252,252,252,252,246,133,34,0,0,0,0,0,0,0,0,0,0,0,0,0,142,252,252,88,28,152,252,253,252,252,252,206,84,0,0,0,0,0,0,0,0,0,0,0,0,0,0,0,213,252,252,252,252,252,252,253,252,252,139,25,0,0,0,0,0,0,0,0,0,0,0,0,0,0,0,0,214,253,253,253,253,253,253,255,253,97,0,0,0,0,0,0,0,0,0,0,0,0,0,0,0,0,0,90,250,252,252,252,252,252,252,83,13,2,0,0,0,0,0,0,0,0,0,0,0,0,0,0,0,0,40,222,252,252,252,252,252,190,26,0,0,0,0,0,0,0,0,0,0,0,0,0,0,0,0,0,0,0,149,252,252,252,252,239,158,17,0,0,0,0,0,0,0,0,0,0,0,0,0,0,0,0,0,0,0,0,240,252,252,252,252,176,0,0,0,0,0,0,0,0,0,0,0,0,0,0,0,0,0,0,0,0,0,26,242,252,252,252,252,79,0,0,0,0,0,0,0,0,0,0,0,0,0,0,0,0,0,0,0,0,0,38,222,252,252,252,252,100,0,0,0,0,0,0,0,0,0,0,0,0,0,0,0,0,0,0,0,0,0,0,96,249,252,252,252,216,10,0,0,0,0,0,0,0,0,0,0,0,0,0,0,0,0,0,0,0,0,0,0,144,238,242,242,248,169,0,0,0,0,0,0,0,0,0,0,0,0,0,0,0,0,0,0,0,0,0,0,0,0,32,31,152,107,0,0,0,0,0,0,0,0,0,0,0,0,0,0,0,0,0,0,0,0,0,0,0,0,0,0,0,0,0,0,0,0,0,0,0,0,0,0,0,0,0,0,0,0,0,0,0,0,0,0,0,0,0,0,0,0,0,0,0,0,0,0,0,0,0,0,0,0,0,0
7,0,0,0,0,0,0,0,0,0,0,0,0,0,0,0,0,0,0,0,0,0,0,0,0,0,0,0,0,0,0,0,0,0,0,0,0,0,0,0,0,0,0,0,0,0,0,0,0,0,0,0,0,0,0,0,0,0,0,0,0,0,0,0,0,0,0,0,0,0,0,0,0,0,0,0,0,0,0,0,0,0,0,0,0,0,0,0,0,0,0,0,0,0,0,0,0,0,0,0,0,0,0,0,0,0,0,0,0,0,0,0,0,0,0,0,0,0,0,0,0,0,0,0,0,0,0,0,0,0,0,0,0,0,0,0,0,0,0,0,0,0,0,0,0,0,0,0,0,0,0,0,0,0,0,0,0,0,0,0,0,0,0,0,0,0,0,0,0,0,0,0,0,0,0,0,0,0,0,0,0,0,0,0,0,0,0,0,0,0,0,0,0,0,0,0,0,0,0,0,0,0,0,65,131,179,245,246,179,175,92,13,0,0,0,0,0,0,0,0,0,0,0,0,0,0,0,0,0,0,187,245,253,253,253,201,253,253,253,227,76,0,0,0,0,0,0,0,0,0,0,0,0,0,0,0,0,0,227,192,19,15,15,2,15,41,137,247,252,73,0,0,0,0,0,0,0,0,0,0,0,0,0,0,0,0,42,46,0,0,0,0,0,0,0,79,241,239,11,0,0,0,0,0,0,0,0,0,0,0,0,0,0,0,0,0,0,0,0,0,0,0,0,0,179,253,59,0,0,0,0,0,0,0,0,0,0,0,0,0,0,0,0,0,0,0,0,0,0,0,0,0,106,254,90,0,0,0,0,0,0,0,0,0,0,0,0,0,0,0,0,0,0,0,0,0,0,0,0,0,105,253,89,0,0,0,15,60,60,104,0,0,0,0,0,0,0,0,0,0,0,0,80,165,226,239,226,230,245,253,244,239,239,240,242,253,253,244,0,0,0,0,0,0,0,0,0,0,3,159,246,254,253,253,253,253,254,253,250,208,208,209,190,133,99,25,0,0,0,0,0,0,0,0,0,0,33,236,122,74,30,30,30,30,188,253,41,0,0,0,0,0,0,0,0,0,0,0,0,0,0,0,0,0,0,150,48,0,0,0,0,0,180,247,13,0,0,0,0,0,0,0,0,0,0,0,0,0,0,0,0,0,0,0,0,0,0,0,0,0,219,193,0,0,0,0,0,0,0,0,0,0,0,0,0,0,0,0,0,0,0,0,0,0,0,0,0,5,254,189,0,0,0,0,0,0,0,0,0,0,0,0,0,0,0,0,0,0,0,0,0,0,0,0,0,75,254,119,0,0,0,0,0,0,0,0,0,0,0,0,0,0,0,0,0,0,0,0,0,0,0,0,0,119,254,163,0,0,0,0,0,0,0,0,0,0,0,0,0,0,0,0,0,0,0,0,0,0,0,0,0,75,255,120,0,0,0,0,0,0,0,0,0,0,0,0,0,0,0,0,0,0,0,0,0,0,0,0,0,115,254,80,0,0,0,0,0,0,0,0,0,0,0,0,0,0,0,0,0,0,0,0,0,0,0,0,0,145,254,49,0,0,0,0,0,0,0,0,0,0,0,0,0,0,0,0,0,0,0,0,0,0,0,0,0,97,254,176,0,0,0,0,0,0,0,0,0,0,0,0,0,0,0,0,0,0,0,0,0,0,0,0,0,9,114,71,0,0,0,0,0,0,0,0,0,0,0,0,0,0,0,0,0,0,0,0,0,0,0,0,0,0,0,0,0,0,0,0,0,0,0,0,0,0,0
2,0,0,0,0,0,0,0,0,0,0,0,0,0,0,0,0,0,0,0,0,0,0,0,0,0,0,0,0,0,0,0,0,0,0,0,0,0,0,0,0,0,0,0,0,0,0,0,0,0,0,0,0,0,0,0,0,0,0,0,0,0,0,0,0,0,0,0,0,0,0,0,0,0,0,0,0,0,0,0,0,0,0,0,0,0,0,0,0,0,0,0,0,0,0,0,0,0,0,0,0,0,0,0,0,0,0,0,0,0,0,0,0,0,0,0,0,0,0,0,0,0,96,255,246,128,51,0,0,0,0,0,0,0,0,0,0,0,0,0,0,0,0,0,0,0,0,0,0,0,246,254,254,254,248,38,0,0,0,0,0,0,0,0,0,0,0,0,0,0,0,0,0,0,0,0,0,0,105,155,230,247,254,161,5,0,0,0,0,0,0,0,0,0,0,0,0,0,0,0,0,0,0,0,0,0,0,0,0,84,254,254,114,0,0,0,0,0,0,0,0,0,0,0,0,0,0,0,0,0,0,0,0,0,0,0,0,0,137,254,170,19,0,0,0,0,0,0,0,0,0,0,0,0,0,0,0,0,0,0,0,0,0,0,0,0,32,224,254,153,0,0,0,0,0,0,0,0,0,0,0,0,0,0,0,0,0,0,0,0,0,0,0,0,0,130,254,161,0,0,0,0,0,0,0,0,0,0,0,0,0,0,0,0,0,0,0,0,0,0,0,0,0,30,237,161,0,0,0,0,0,0,0,0,0,0,0,0,0,0,0,0,0,0,0,0,0,0,0,0,0,0,184,221,0,0,0,0,0,0,0,0,0,0,0,0,0,0,0,0,0,0,0,0,0,0,0,0,0,0,116,254,0,0,0,0,0,0,0,0,0,0,0,0,0,0,0,0,0,0,0,0,0,0,0,0,0,0,116,254,0,0,0,0,0,0,0,0,0,0,0,0,0,0,0,0,0,0,0,0,0,0,0,0,0,0,116,254,0,0,0,0,0,0,0,0,0,0,0,0,0,0,0,0,0,0,0,0,0,0,0,0,96,179,254,254,230,145,38,0,0,0,0,0,0,0,0,0,0,0,0,0,0,0,0,0,0,0,30,206,254,254,254,237,254,254,235,55,0,0,0,0,0,0,0,0,0,0,0,0,0,0,0,0,0,30,212,237,80,159,226,29,71,105,180,231,0,0,0,0,0,0,0,0,0,0,0,0,0,0,0,0,0,206,245,44,0,172,105,0,0,0,0,51,0,0,0,0,0,0,0,0,0,0,0,0,0,0,0,0,45,246,46,0,96,200,17,0,0,0,0,0,0,0,0,0,0,0,0,0,0,0,0,0,0,0,0,0,154,254,46,34,213,99,0,0,0,0,0,0,0,0,0,0,0,0,0,0,0,0,0,0,0,0,0,0,162,254,216,241,114,4,0,0,0,0,0,0,0,0,0,0,0,0,0,0,0,0,0,0,0,0,0,0,70,245,254,152,0,0,0,0,0,0,0,0,0,0,0,0,0,0,0,0,0,0,0,0,0,0,0,0,0,0,0,0,0,0,0,0,0,0,0,0,0,0,0,0,0,0,0,0,0,0,0,0,0,0,0,0,0,0,0,0,0,0,0,0,0,0,0,0,0,0,0,0,0,0,0,0,0,0,0,0,0,0,0,0,0,0,0,0,0,0,0,0,0,0,0,0,0,0,0,0,0,0,0,0,0,0,0,0,0,0,0,0,0,0,0,0,0,0,0,0,0,0,0,0,0,0,0,0,0,0,0
3,0,0,0,0,0,0,0,0,0,0,0,0,0,0,0,0,0,0,0,0,0,0,0,0,0,0,0,0,0,0,0,0,0,0,0,0,0,0,0,0,0,0,0,0,0,0,0,0,0,0,0,0,0,0,0,0,0,0,0,0,0,0,0,0,0,0,0,0,0,0,0,0,0,0,0,0,0,0,0,0,0,0,0,0,0,0,0,0,0,0,0,0,0,0,0,0,0,0,0,0,0,0,0,0,0,0,0,0,0,0,0,0,0,0,0,0,159,0,0,0,0,0,0,0,0,0,0,0,0,0,0,0,0,0,0,0,0,0,0,0,0,0,0,0,250,67,0,0,0,0,0,0,0,0,0,0,0,0,0,0,0,0,0,0,0,0,0,0,0,0,0,0,102,209,41,0,0,0,0,0,0,0,0,0,0,0,0,0,0,0,0,0,0,0,0,0,0,0,0,0,0,146,179,106,106,107,106,106,132,211,150,27,0,0,0,0,0,0,0,0,0,0,0,0,0,0,0,0,0,36,162,253,253,212,225,253,253,174,255,63,0,0,0,0,0,0,0,0,0,0,0,0,0,0,0,0,0,0,6,63,63,0,21,107,63,82,253,63,0,0,0,0,0,0,0,0,0,0,0,0,0,0,0,0,0,0,0,0,0,0,0,0,59,249,250,58,0,0,0,0,0,0,0,0,0,0,0,0,0,0,0,0,0,0,0,0,0,0,0,41,190,252,115,0,54,0,0,0,0,0,0,0,0,0,0,0,0,0,0,0,0,0,0,0,0,0,80,223,252,252,168,211,246,211,211,107,71,0,0,0,0,0,0,0,0,0,0,0,0,0,0,0,0,210,253,253,253,253,212,131,53,0,0,62,141,232,156,7,0,0,0,0,0,0,0,0,0,0,0,0,0,218,252,210,141,63,0,0,0,0,0,0,0,41,224,156,0,0,0,0,0,0,0,0,0,0,0,0,0,12,21,11,0,0,0,0,0,0,0,0,0,2,176,252,0,0,0,0,0,0,0,0,0,0,0,0,0,0,0,0,0,0,0,0,0,0,0,0,0,119,252,226,0,0,0,0,0,0,0,0,0,0,0,0,0,0,0,0,0,0,0,0,0,0,0,0,116,249,226,42,0,0,0,0,0,0,0,0,0,0,66,253,253,36,0,0,0,0,0,0,0,0,36,210,253,223,80,0,0,0,0,0,0,0,0,0,0,0,6,133,239,243,155,43,0,0,0,64,94,190,242,253,189,40,0,0,0,0,0,0,0,0,0,0,0,0,0,0,17,83,126,223,232,232,233,247,251,231,143,65,5,0,0,0,0,0,0,0,0,0,0,0,0,0,0,0,0,0,0,42,84,84,145,153,77,0,0,0,0,0,0,0,0,0,0,0,0,0,0,0,0,0,0,0,0,0,0,0,0,0,0,0,0,0,0,0,0,0,0,0,0,0,0,0,0,0,0,0,0,0,0,0,0,0,0,0,0,0,0,0,0,0,0,0,0,0,0,0,0,0,0,0,0,0,0,0,0,0,0,0,0,0,0,0,0,0,0,0,0,0,0,0,0,0,0,0,0,0,0,0,0,0,0,0,0,0,0,0,0,0,0,0,0,0,0,0,0,0,0,0,0,0,0,0,0,0,0,0,0,0,0,0,0,0,0,0,0,0,0,0,0,0,0,0,0,0,0,0,0,0,0,0,0,0,0,0,0,0,0,0,0,0,0,0,0,0,0,0,0,0,0,0,0,0,0,0,0,0,0,0,0,0,0,0
0,0,0,0,0,0,0,0,0,0,0,0,0,0,0,0,0,0,0,0,0,0,0,0,0,0,0,0,0,0,0,0,0,0,0,0,0,0,0,0,0,0,0,0,0,0,0,0,0,0,0,0,0,0,0,0,0,0,0,0,0,0,0,0,0,0,0,0,0,0,0,0,0,0,0,0,0,0,0,0,0,0,0,0,0,0,0,0,0,0,0,0,0,0,0,0,0,0,0,0,0,0,0,0,0,0,0,0,0,0,0,0,0,0,0,0,0,0,0,0,0,0,0,66,136,147,254,255,163,37,2,0,0,0,0,0,0,0,0,0,0,0,0,0,0,0,0,0,0,10,132,242,253,253,253,253,253,253,163,75,0,0,0,0,0,0,0,0,0,0,0,0,0,0,0,0,12,164,253,253,253,248,209,253,253,253,253,148,0,0,0,0,0,0,0,0,0,0,0,0,0,0,0,0,87,253,253,253,216,59,11,65,155,242,253,250,175,25,0,0,0,0,0,0,0,0,0,0,0,0,0,71,238,253,253,216,29,0,0,0,0,84,204,253,253,201,25,0,0,0,0,0,0,0,0,0,0,0,0,154,253,253,216,30,0,0,0,0,0,0,66,251,253,253,175,0,0,0,0,0,0,0,0,0,0,0,76,249,253,253,107,0,0,0,0,0,0,0,0,77,251,253,251,148,17,0,0,0,0,0,0,0,0,0,136,253,253,202,21,0,0,0,0,0,0,0,0,0,79,245,253,253,55,2,0,0,0,0,0,0,0,0,136,253,253,65,0,0,0,0,0,0,0,0,0,0,0,84,242,253,253,92,0,0,0,0,0,0,0,0,164,253,253,65,0,0,0,0,0,0,0,0,0,0,0,0,101,253,253,135,0,0,0,0,0,0,0,0,163,253,253,65,0,0,0,0,0,0,0,0,0,0,0,0,66,253,253,171,0,0,0,0,0,0,0,0,136,253,253,109,0,0,0,0,0,0,0,0,0,0,0,0,11,209,253,253,0,0,0,0,0,0,0,0,136,253,253,214,21,0,0,0,0,0,0,0,0,0,0,0,0,201,253,253,0,0,0,0,0,0,0,0,11,202,253,253,52,0,0,0,0,0,0,0,0,0,0,0,4,204,253,192,0,0,0,0,0,0,0,0,0,140,253,253,216,86,0,0,0,0,0,0,0,0,0,0,66,253,253,135,0,0,0,0,0,0,0,0,0,29,216,253,253,216,163,21,0,0,0,0,0,0,0,32,155,253,253,58,0,0,0,0,0,0,0,0,0,0,40,237,253,253,253,214,164,66,66,66,66,66,66,188,253,253,180,5,0,0,0,0,0,0,0,0,0,0,0,40,149,244,253,253,253,253,253,253,253,253,253,253,253,226,48,0,0,0,0,0,0,0,0,0,0,0,0,0,0,31,148,209,253,253,253,253,253,253,253,187,123,24,0,0,0,0,0,0,0,0,0,0,0,0,0,0,0,0,0,10,92,135,135,135,135,129,17,6,0,0,0,0,0,0,0,0,0,0,0,0,0,0,0,0,0,0,0,0,0,0,0,0,0,0,0,0,0,0,0,0,0,0,0,0,0,0,0,0,0,0,0,0,0,0,0,0,0,0,0,0,0,0,0,0,0,0,0,0,0,0,0,0,0,0,0,0,0,0,0,0,0,0,0,0,0,0,0,0,0,0,0,0,0,0,0,0,0,0,0,0,0,0,0,0,0,0,0,0,0,0,0,0,0,0,0,0,0,0,0,0,0,0,0,0,0,0,0
4,0,0,0,0,0,0,0,0,0,0,0,0,0,0,0,0,0,0,0,0,0,0,0,0,0,0,0,0,0,0,0,0,0,0,0,0,0,0,0,0,0,0,0,0,0,0,0,0,0,0,0,0,0,0,0,0,0,0,0,0,0,0,0,0,0,0,0,0,0,0,0,10,178,144,0,0,0,0,0,0,0,0,0,0,0,0,0,0,0,0,0,0,0,0,0,0,0,0,0,38,254,245,17,0,0,0,0,0,0,0,0,0,0,0,0,0,0,0,0,0,0,0,0,0,0,0,0,38,254,223,11,0,0,0,0,0,0,0,0,0,0,0,0,0,0,0,0,0,0,0,0,0,0,0,0,38,254,150,0,0,0,0,0,0,0,0,0,0,0,0,0,0,0,0,0,0,0,0,0,0,0,0,0,143,248,38,0,0,0,0,0,0,0,0,0,0,0,0,0,0,0,0,0,0,0,0,0,0,0,0,30,238,237,0,0,0,0,0,0,0,0,0,0,0,0,0,0,0,0,0,0,0,0,0,0,0,0,0,98,254,119,0,0,0,0,0,0,0,0,0,0,0,0,0,0,0,0,0,0,0,0,0,0,0,0,22,216,231,23,0,0,0,0,0,0,0,0,0,0,0,0,0,0,0,0,0,0,0,0,0,0,0,0,95,254,170,0,9,13,0,0,0,0,0,0,0,0,0,0,0,0,0,0,0,0,0,0,0,0,0,11,188,254,52,4,177,200,18,0,0,0,0,0,0,0,0,0,0,0,0,0,0,0,0,0,0,0,0,124,254,189,0,70,254,254,47,0,0,0,0,0,0,0,0,0,0,0,0,0,0,0,0,0,0,0,44,226,254,91,20,217,254,229,23,0,0,0,0,0,0,0,0,0,0,0,0,0,0,0,0,0,5,77,228,254,254,10,81,254,254,226,27,7,0,0,0,0,0,0,0,0,0,0,0,0,0,0,0,15,190,254,254,254,254,254,254,254,254,254,254,225,69,0,0,0,0,0,0,0,0,0,0,0,0,0,15,155,254,254,243,127,113,202,254,254,254,254,254,220,119,0,0,0,0,0,0,0,0,0,0,0,0,5,155,254,254,254,114,0,8,237,254,253,207,140,64,14,0,0,0,0,0,0,0,0,0,0,0,0,0,42,254,254,254,162,3,0,95,255,254,181,0,0,0,0,0,0,0,0,0,0,0,0,0,0,0,0,0,160,254,254,221,31,0,0,116,254,161,2,0,0,0,0,0,0,0,0,0,0,0,0,0,0,0,0,19,225,254,248,55,0,0,0,143,247,74,0,0,0,0,0,0,0,0,0,0,0,0,0,0,0,0,0,24,233,254,67,0,0,0,0,25,49,0,0,0,0,0,0,0,0,0,0,0,0,0,0,0,0,0,0,0,0,0,0,0,0,0,0,0,0,0,0,0,0,0,0,0,0,0,0,0,0,0,0,0,0,0,0,0,0,0,0,0,0,0,0,0,0,0,0,0,0,0,0,0,0,0,0,0,0,0,0,0,0,0,0,0,0,0,0,0,0,0,0,0,0,0,0,0,0,0,0,0,0,0,0,0,0,0,0,0,0,0,0,0,0,0,0,0,0,0,0,0,0,0,0,0,0,0,0,0,0,0,0,0,0,0,0,0,0,0,0,0,0,0,0,0,0,0,0,0,0,0,0,0,0,0,0,0,0,0,0,0,0,0,0,0,0,0,0,0,0,0,0,0,0,0,0,0,0,0,0,0,0,0,0,0,0,0,0,0,0,0
4,0,0,0,0,0,0,0,0,0,0,0,0,0,0,0,0,0,0,0,0,0,0,0,0,0,0,0,0,0,0,0,0,0,0,0,0,0,0,0,0,0,0,0,0,0,0,0,0,0,0,0,0,0,0,0,0,0,0,0,0,0,0,0,0,0,0,0,0,0,0,0,0,0,0,0,0,0,0,0,0,0,0,0,0,0,0,0,0,0,0,0,0,0,0,0,0,0,0,0,0,0,0,0,0,0,0,0,0,0,0,0,0,0,0,0,0,0,0,0,0,0,0,0,0,0,0,0,0,0,0,0,0,0,0,0,0,0,0,0,0,0,0,0,0,0,0,0,0,0,0,0,0,0,0,0,0,0,0,64,202,253,137,5,0,0,0,0,0,0,0,0,0,0,0,0,0,0,0,0,0,0,0,0,0,0,0,116,253,252,208,17,0,0,0,0,0,0,0,0,0,0,0,0,26,122,123,57,0,0,0,0,0,0,0,116,253,252,183,0,0,0,0,0,0,0,0,0,0,0,0,0,134,252,253,244,99,0,0,0,0,0,0,210,253,252,89,0,0,0,0,0,0,0,0,0,0,0,0,0,207,252,253,252,183,0,0,0,0,0,136,250,253,252,69,0,0,0,0,0,0,0,0,0,0,0,0,38,233,253,255,218,84,0,0,0,0,7,212,253,255,207,0,0,0,0,0,0,0,0,0,0,0,0,0,142,252,252,253,92,0,0,0,0,0,70,252,252,253,132,0,0,0,0,0,0,0,0,0,0,0,0,0,184,252,252,253,92,0,0,0,0,13,172,252,252,247,67,0,0,0,0,0,0,0,0,0,0,0,0,0,184,252,252,245,58,0,0,0,0,26,221,252,252,230,0,0,0,0,0,0,0,0,0,0,0,0,0,43,246,252,252,230,0,0,0,0,0,47,252,252,252,230,0,0,0,0,0,0,0,0,0,0,0,0,0,47,253,253,253,255,107,24,24,24,139,212,253,253,253,168,0,0,0,0,0,0,0,0,0,0,0,0,0,38,240,252,252,253,252,252,252,252,253,252,252,252,252,116,0,0,0,0,0,0,0,0,0,0,0,0,0,0,153,252,252,253,252,252,252,252,253,252,252,252,252,32,0,0,0,0,0,0,0,0,0,0,0,0,0,0,13,88,160,253,252,227,160,56,98,177,252,252,210,0,0,0,0,0,0,0,0,0,0,0,0,0,0,0,0,0,0,23,22,16,0,0,0,161,252,252,137,0,0,0,0,0,0,0,0,0,0,0,0,0,0,0,0,0,0,0,0,0,0,0,87,253,253,253,137,0,0,0,0,0,0,0,0,0,0,0,0,0,0,0,0,0,0,0,0,0,0,0,138,252,252,252,117,0,0,0,0,0,0,0,0,0,0,0,0,0,0,0,0,0,0,0,0,0,0,0,222,252,252,252,22,0,0,0,0,0,0,0,0,0,0,0,0,0,0,0,0,0,0,0,0,0,0,0,253,252,252,252,22,0,0,0,0,0,0,0,0,0,0,0,0,0,0,0,0,0,0,0,0,0,0,0,253,252,252,168,2,0,0,0,0,0,0,0,0,0,0,0,0,0,0,0,0,0,0,0,0,0,0,0,0,0,0,0,0,0,0,0,0,0,0,0,0,0,0,0,0,0,0,0,0,0,0,0,0,0,0,0,0,0,0,0,0,0,0,0,0,0,0,0,0,0,0,0,0,0,0,0,0,0,0,0,0,0,0,0,0,0,0,0,0,0,0,0,0,0,0,0,0,0
2,0,0,0,0,0,0,0,0,0,0,0,0,0,0,0,0,0,0,0,0,0,0,0,0,0,0,0,0,0,0,0,0,0,0,0,0,0,0,0,0,0,0,0,0,0,0,0,0,0,0,0,0,0,0,0,0,0,0,0,0,0,0,0,0,0,0,0,0,0,0,0,0,0,0,0,0,0,0,0,0,0,0,0,0,0,0,0,0,0,0,0,0,0,0,0,0,129,229,229,196,82,0,0,0,0,0,0,0,0,0,0,0,0,0,0,0,0,0,0,0,0,0,0,27,238,254,254,254,232,145,61,0,0,0,0,0,0,0,0,0,0,0,0,0,0,0,0,0,0,0,0,0,29,101,185,238,254,254,176,0,0,0,0,0,0,0,0,0,0,0,0,0,0,0,0,0,0,0,0,0,0,0,0,31,177,250,254,72,0,0,0,0,0,0,0,0,0,0,0,0,0,0,0,0,0,0,0,0,0,0,0,0,0,200,254,59,0,0,0,0,0,0,0,0,0,0,0,0,0,0,0,0,0,0,0,0,0,0,0,0,11,216,255,92,0,0,0,0,0,0,0,0,0,0,0,0,0,0,0,0,0,0,0,0,0,0,0,0,37,254,169,7,0,0,0,0,0,0,0,0,0,0,0,0,0,0,0,0,0,0,0,0,0,0,0,0,128,254,163,0,0,0,0,0,0,0,0,0,0,0,0,0,0,0,0,0,0,0,0,0,0,0,0,83,246,246,87,0,0,0,0,0,0,0,0,0,0,0,0,0,0,0,0,0,0,0,0,0,0,0,0,178,254,113,0,0,0,0,0,0,0,0,0,0,0,0,0,0,0,0,0,0,0,0,0,0,0,0,100,255,205,20,0,0,0,0,0,0,0,0,0,0,0,0,0,0,0,0,0,0,0,0,0,0,0,72,248,254,75,0,0,0,0,0,0,0,0,0,0,0,0,0,0,0,0,0,0,0,0,0,0,0,10,218,244,114,5,0,0,0,0,0,0,0,0,0,0,0,0,0,0,0,0,0,0,0,0,0,0,23,184,254,142,0,0,0,0,0,0,0,0,0,0,0,0,0,0,0,0,0,0,0,0,0,0,0,0,192,254,221,26,0,0,0,0,0,0,0,0,0,0,0,0,0,0,0,0,0,0,0,0,0,0,0,81,254,254,130,0,0,0,0,0,0,0,0,0,0,0,0,0,0,0,0,0,0,0,0,0,0,0,95,240,254,254,215,146,132,236,236,236,105,0,0,0,0,0,0,0,0,0,0,0,0,0,0,0,0,125,242,254,254,254,254,254,254,241,225,133,59,0,0,0,0,0,0,0,0,0,0,0,0,0,0,0,0,182,254,254,254,200,210,145,126,35,31,0,0,0,0,0,0,0,0,0,0,0,0,0,0,0,0,0,0,85,196,143,72,16,0,0,0,0,0,0,0,0,0,0,0,0,0,0,0,0,0,0,0,0,0,0,0,0,0,0,0,0,0,0,0,0,0,0,0,0,0,0,0,0,0,0,0,0,0,0,0,0,0,0,0,0,0,0,0,0,0,0,0,0,0,0,0,0,0,0,0,0,0,0,0,0,0,0,0,0,0,0,0,0,0,0,0,0,0,0,0,0,0,0,0,0,0,0,0,0,0,0,0,0,0,0,0,0,0,0,0,0,0,0,0,0,0,0,0,0,0,0,0,0,0,0,0,0,0,0,0,0,0,0,0,0,0,0,0,0,0,0,0,0,0,0,0,0,0,0,0,0,0,0,0,0,0,0,0
4,0,0,0,0,0,0,0,0,0,0,0,0,0,0,0,0,0,0,0,0,0,0,0,0,0,0,0,0,0,0,0,0,0,0,0,0,0,0,0,0,0,0,0,0,0,0,0,0,0,0,0,0,0,0,0,0,0,0,0,0,0,0,0,0,0,0,0,0,0,0,0,0,0,0,0,0,0,0,0,0,0,0,0,0,0,0,0,0,0,0,0,0,0,0,0,0,0,0,0,0,0,0,0,0,0,0,0,0,0,0,0,0,0,0,0,0,0,0,0,0,0,0,0,0,0,0,0,0,0,0,0,0,0,0,0,0,0,0,0,0,0,0,0,0,0,0,0,0,0,0,8,122,29,0,0,29,172,214,6,0,0,0,0,0,0,0,0,0,0,0,0,0,0,0,0,0,0,4,157,254,208,0,0,130,254,254,122,0,0,0,0,0,0,0,0,0,0,0,0,0,0,0,0,0,0,155,254,254,252,81,2,179,254,254,228,2,0,0,0,0,0,0,0,0,0,0,0,0,0,0,0,0,0,228,254,254,254,92,38,245,254,254,250,67,0,0,0,0,0,0,0,0,0,0,0,0,0,0,0,0,0,228,254,254,242,24,0,239,254,254,227,0,0,0,0,0,0,0,0,0,0,0,0,0,0,0,0,0,79,252,254,254,238,0,40,246,254,254,227,0,0,0,0,0,0,0,0,0,0,0,0,0,0,0,0,9,203,254,254,254,150,0,0,239,254,254,232,16,0,0,0,0,0,0,0,0,0,0,0,0,0,0,0,44,254,254,254,254,96,0,32,244,254,254,254,81,0,0,0,0,0,0,0,0,0,0,0,0,0,0,0,51,254,254,254,254,253,234,241,254,254,254,254,208,19,0,0,0,0,0,0,0,0,0,0,0,0,0,0,152,254,254,254,254,254,254,254,254,254,254,254,120,0,0,0,0,0,0,0,0,0,0,0,0,0,0,0,67,254,254,254,254,254,254,254,254,254,254,254,81,0,0,0,0,0,0,0,0,0,0,0,0,0,0,0,3,51,222,246,254,254,254,254,254,254,254,252,74,0,0,0,0,0,0,0,0,0,0,0,0,0,0,0,0,0,0,54,87,87,87,219,254,254,254,227,0,0,0,0,0,0,0,0,0,0,0,0,0,0,0,0,0,0,0,0,0,0,0,201,254,254,254,227,0,0,0,0,0,0,0,0,0,0,0,0,0,0,0,0,0,0,0,0,0,0,0,143,254,254,254,195,44,0,0,0,0,0,0,0,0,0,0,0,0,0,0,0,0,0,0,0,0,0,0,93,254,255,254,254,81,0,0,0,0,0,0,0,0,0,0,0,0,0,0,0,0,0,0,0,0,0,0,93,254,254,254,254,125,0,0,0,0,0,0,0,0,0,0,0,0,0,0,0,0,0,0,0,0,0,0,93,254,254,254,254,83,0,0,0,0,0,0,0,0,0,0,0,0,0,0,0,0,0,0,0,0,0,0,67,250,254,254,235,24,0,0,0,0,0,0,0,0,0,0,0,0,0,0,0,0,0,0,0,0,0,0,0,193,254,166,84,0,0,0,0,0,0,0,0,0,0,0,0,0,0,0,0,0,0,0,0,0,0,0,0,0,0,0,0,0,0,0,0,0,0,0,0,0,0,0,0,0,0,0,0,0,0,0,0,0,0,0,0,0,0,0,0,0,0,0,0,0,0,0,0,0,0,0,0,0,0,0,0,0,0,0,0,0,0,0,0,0,0,0,0,0,0,0,0,0,0,0,0,0
1,0,0,0,0,0,0,0,0,0,0,0,0,0,0,0,0,0,0,0,0,0,0,0,0,0,0,0,0,0,0,0,0,0,0,0,0,0,0,0,0,0,0,0,0,0,0,0,0,0,0,0,0,0,0,0,0,0,0,0,0,0,0,0,0,0,0,0,0,0,0,0,0,0,0,0,0,0,0,0,0,0,0,0,0,0,0,0,0,0,0,0,0,0,0,0,0,0,0,0,0,0,0,0,0,0,0,0,0,0,0,0,0,0,0,0,0,0,0,0,0,0,0,0,0,0,0,0,0,0,0,0,0,0,0,0,0,0,0,0,0,0,0,0,0,0,0,0,0,0,0,0,0,36,195,69,0,0,0,0,0,0,0,0,0,0,0,0,0,0,0,0,0,0,0,0,0,0,0,0,0,163,255,163,6,0,0,0,0,0,0,0,0,0,0,0,0,0,0,0,0,0,0,0,0,0,0,0,0,212,254,220,48,0,0,0,0,0,0,0,0,0,0,0,0,0,0,0,0,0,0,0,0,0,0,0,0,212,236,127,19,0,0,0,0,0,0,0,0,0,0,0,0,0,0,0,0,0,0,0,0,0,0,0,0,212,211,113,0,0,0,0,0,0,0,0,0,0,0,0,0,0,0,0,0,0,0,0,0,0,0,0,0,111,254,137,0,0,0,0,0,0,0,0,0,0,0,0,0,0,0,0,0,0,0,0,0,0,0,0,0,132,254,111,0,0,0,0,0,0,0,0,0,0,0,0,0,0,0,0,0,0,0,0,0,0,0,0,0,125,254,103,0,0,0,0,0,0,0,0,0,0,0,0,0,0,0,0,0,0,0,0,0,0,0,0,0,119,254,14,0,0,0,0,0,0,0,0,0,0,0,0,0,0,0,0,0,0,0,0,0,0,0,0,41,208,254,69,0,0,0,0,0,0,0,0,0,0,0,0,0,0,0,0,0,0,0,0,0,0,0,0,0,19,250,111,0,0,0,0,0,0,0,0,0,0,0,0,0,0,0,0,0,0,0,0,0,0,0,0,0,0,178,111,0,0,0,0,0,0,0,0,0,0,0,0,0,0,0,0,0,0,0,0,0,0,0,0,0,0,178,199,0,0,0,0,0,0,0,0,0,0,0,0,0,0,0,0,0,0,0,0,0,0,0,0,0,0,175,226,20,0,0,0,0,0,0,0,0,0,0,0,0,0,0,0,0,0,0,0,0,0,0,0,0,0,59,251,112,0,0,0,0,0,0,0,0,0,0,0,0,0,0,0,0,0,0,0,0,0,0,0,0,0,0,226,195,0,0,0,0,0,0,0,0,0,0,0,0,0,0,0,0,0,0,0,0,0,0,0,0,0,0,144,246,33,0,0,0,0,0,0,0,0,0,0,0,0,0,0,0,0,0,0,0,0,0,0,0,0,0,70,242,143,0,0,0,0,0,0,0,0,0,0,0,0,0,0,0,0,0,0,0,0,0,0,0,0,0,0,122,217,35,0,0,0,0,0,0,0,0,0,0,0,0,0,0,0,0,0,0,0,0,0,0,0,0,0,33,187,174,0,0,0,0,0,0,0,0,0,0,0,0,0,0,0,0,0,0,0,0,0,0,0,0,0,0,0,0,0,0,0,0,0,0,0,0,0,0,0,0,0,0,0,0,0,0,0,0,0,0,0,0,0,0,0,0,0,0,0,0,0,0,0,0,0,0,0,0,0,0,0,0,0,0,0,0,0,0,0,0,0,0,0,0,0,0,0,0,0,0,0,0,0,0
9,0,0,0,0,0,0,0,0,0,0,0,0,0,0,0,0,0,0,0,0,0,0,0,0,0,0,0,0,0,0,0,0,0,0,0,0,0,0,0,0,0,0,0,0,0,0,0,0,0,0,0,0,0,0,0,0,0,0,0,0,0,0,0,0,0,0,0,0,0,0,0,0,0,0,0,0,0,0,0,0,0,0,0,0,0,0,0,0,0,0,0,0,0,0,0,0,0,0,0,0,0,0,0,0,0,0,0,0,0,0,0,0,0,0,0,0,0,0,0,0,0,0,0,0,0,0,0,0,0,0,0,0,0,0,0,0,0,0,0,0,0,0,0,0,0,0,0,0,0,0,0,0,0,0,0,0,0,0,0,0,0,0,0,0,0,0,0,0,0,0,0,0,0,0,0,0,0,0,0,0,0,0,0,0,0,0,0,0,0,0,0,0,0,0,0,0,0,0,0,0,0,0,0,0,0,0,4,114,236,255,253,100,0,0,0,0,0,0,0,0,0,0,0,0,0,0,0,0,0,0,0,0,0,0,136,252,252,253,252,247,163,50,0,0,0,0,0,0,0,0,0,0,0,0,0,0,0,0,0,0,13,180,251,252,252,250,152,189,252,244,128,32,0,0,0,0,0,0,0,0,0,0,0,0,0,0,0,0,218,252,252,252,199,70,0,127,252,252,253,63,0,0,0,0,0,0,0,0,0,0,0,0,0,0,0,132,253,252,252,155,7,0,36,223,252,252,253,63,0,0,0,0,0,0,0,0,0,0,0,0,0,0,38,236,254,253,127,0,0,43,183,253,253,253,247,53,0,0,0,0,0,0,0,0,0,0,0,0,0,0,64,252,253,252,47,0,36,227,252,252,252,252,211,0,0,0,0,0,0,0,0,0,0,0,0,0,0,0,64,252,253,174,13,119,241,253,252,252,252,252,211,0,0,0,0,0,0,0,0,0,0,0,0,0,0,0,48,242,253,224,211,252,252,253,205,247,252,252,185,0,0,0,0,0,0,0,0,0,0,0,0,0,0,0,0,79,253,252,252,252,252,86,11,144,252,252,150,0,0,0,0,0,0,0,0,0,0,0,0,0,0,0,0,0,18,106,203,211,211,0,0,145,253,253,194,0,0,0,0,0,0,0,0,0,0,0,0,0,0,0,0,0,0,0,0,0,0,0,0,197,252,252,106,0,0,0,0,0,0,0,0,0,0,0,0,0,0,0,0,0,0,0,0,0,0,0,0,180,252,252,53,0,0,0,0,0,0,0,0,0,0,0,0,0,0,0,0,0,0,0,0,0,0,0,0,232,252,252,0,0,0,0,0,0,0,0,0,0,0,0,0,0,0,0,0,0,0,0,0,0,0,0,0,232,252,252,0,0,0,0,0,0,0,0,0,0,0,0,0,0,0,0,0,0,0,0,0,0,0,0,0,233,253,253,0,0,0,0,0,0,0,0,0,0,0,0,0,0,0,0,0,0,0,0,0,0,0,0,0,232,252,252,0,0,0,0,0,0,0,0,0,0,0,0,0,0,0,0,0,0,0,0,0,0,0,0,0,232,252,252,0,0,0,0,0,0,0,0,0,0,0,0,0,0,0,0,0,0,0,0,0,0,0,0,0,206,252,252,0,0,0,0,0,0,0,0,0,0,0,0,0,0,0,0,0,0,0,0,0,0,0,0,0,127,252,252,0,0,0,0,0,0,0,0,0,0,0,0,0,0,0,0,0,0,0,0,0,0,0,0,0,0,0,0,0,0,0,0,0,0,0,0,0,0
5,0,0,0,0,0,0,0,0,0,0,0,0,0,0,0,0,0,0,0,0,0,0,0,0,0,0,0,0,0,0,0,0,0,0,0,0,0,0,0,0,0,0,0,0,0,0,0,0,0,0,0,0,0,0,0,0,0,0,0,0,0,0,0,0,0,0,0,0,0,0,0,0,0,0,0,0,0,0,0,0,0,0,0,0,0,0,0,0,0,0,0,0,0,0,0,0,0,0,0,0,0,0,0,0,0,0,0,0,0,0,0,0,0,0,0,0,0,0,0,0,0,0,0,0,0,0,0,0,0,0,0,0,0,0,0,0,0,0,0,0,0,0,0,0,0,0,0,0,0,0,0,0,24,0,0,51,128,211,254,254,255,254,187,0,0,0,0,0,0,0,0,0,0,0,0,0,0,0,0,105,233,153,179,247,245,208,128,128,128,128,59,0,0,0,0,0,0,0,0,0,0,0,0,0,0,0,0,157,238,254,202,121,47,0,0,0,0,0,0,0,0,0,0,0,0,0,0,0,0,0,0,0,0,0,0,0,211,116,2,0,0,0,0,0,0,0,0,0,0,0,0,0,0,0,0,0,0,0,0,0,0,0,0,55,247,77,0,0,0,0,0,0,0,0,0,0,0,0,0,0,0,0,0,0,0,0,0,0,0,0,0,218,240,22,0,0,0,0,0,0,0,0,0,0,0,0,0,0,0,0,0,0,0,0,0,0,0,0,51,250,86,0,0,0,0,0,0,0,0,0,0,0,0,0,0,0,0,0,0,0,0,0,0,0,0,11,199,254,218,211,121,116,45,0,0,0,0,0,0,0,0,0,0,0,0,0,0,0,0,0,0,0,0,25,254,254,185,172,187,254,231,147,0,0,0,0,0,0,0,0,0,0,0,0,0,0,0,0,0,0,0,11,110,54,3,0,3,56,189,251,104,0,0,0,0,0,0,0,0,0,0,0,0,0,0,0,0,0,0,0,0,0,0,0,0,0,44,240,226,0,0,0,0,0,0,0,0,0,0,0,0,0,0,0,0,0,0,0,0,0,0,0,0,0,0,139,244,0,0,0,0,0,0,0,0,0,0,0,0,0,0,0,0,0,0,0,0,0,0,0,0,0,0,139,244,0,0,0,0,0,0,0,0,0,0,0,0,0,0,0,0,0,0,0,0,0,0,0,0,0,0,216,204,0,0,0,0,0,0,0,0,0,0,0,0,0,0,0,0,61,130,0,0,0,0,0,0,0,52,247,121,0,0,0,0,0,0,0,0,0,0,0,0,0,0,0,0,106,196,0,0,0,0,0,0,3,140,214,5,0,0,0,0,0,0,0,0,0,0,0,0,0,0,0,0,185,219,19,0,0,0,0,1,128,254,170,0,0,0,0,0,0,0,0,0,0,0,0,0,0,0,0,0,68,253,245,72,0,0,0,135,254,204,7,0,0,0,0,0,0,0,0,0,0,0,0,0,0,0,0,0,0,116,254,244,226,145,197,252,184,51,0,0,0,0,0,0,0,0,0,0,0,0,0,0,0,0,0,0,0,14,108,190,254,254,186,104,12,0,0,0,0,0,0,0,0,0,0,0,0,0,0,0,0,0,0,0,0,0,0,0,0,0,0,0,0,0,0,0,0,0,0,0,0,0,0,0,0,0,0,0,0,0,0,0,0,0,0,0,0,0,0,0,0,0,0,0,0,0,0,0,0,0,0,0,0,0,0,0,0,0,0,0,0,0,0,0,0,0,0,0,0,0,0,0,0,0,0,0,0,0,0,0,0
7,0,0,0,0,0,0,0,0,0,0,0,0,0,0,0,0,0,0,0,0,0,0,0,0,0,0,0,0,0,0,0,0,0,0,0,0,0,0,0,0,0,0,0,0,0,0,0,0,0,0,0,0,0,0,0,0,0,0,0,0,0,0,0,0,0,0,0,0,0,0,0,0,0,0,0,0,0,0,0,0,0,0,0,0,0,0,0,0,0,0,0,0,0,0,0,0,0,0,0,0,0,0,0,0,0,0,0,0,0,0,0,0,0,0,0,0,0,0,0,0,0,0,0,0,0,0,0,0,0,0,0,0,0,0,0,0,0,0,0,0,0,0,0,0,0,0,0,0,0,0,0,0,0,0,0,0,0,0,0,0,0,0,0,0,0,0,0,0,0,0,0,0,0,0,0,0,0,0,0,0,0,0,0,0,0,0,0,0,0,0,0,0,0,0,0,0,0,0,0,0,0,0,0,25,43,52,148,192,166,253,253,183,148,36,0,0,0,0,0,0,0,0,0,0,0,0,0,0,0,57,128,227,252,252,252,252,253,252,252,252,252,243,83,0,0,0,0,0,0,0,0,0,0,0,0,0,117,246,252,250,231,231,160,126,65,21,21,21,161,253,246,19,0,0,0,0,0,0,0,0,0,0,0,0,51,231,182,70,0,0,0,0,0,0,0,0,106,253,252,21,0,0,0,0,0,0,0,0,0,0,0,0,0,28,24,0,0,0,0,0,0,0,0,0,106,253,252,21,0,0,0,0,0,0,0,0,0,0,0,0,0,0,0,0,0,0,0,0,0,0,0,0,107,255,239,17,0,0,0,0,0,0,0,0,0,0,0,0,0,0,0,0,0,0,0,0,0,0,0,0,106,253,168,0,0,0,0,0,0,0,0,0,0,0,0,0,0,0,0,0,0,0,0,0,0,0,0,0,106,253,116,0,0,0,0,0,0,0,0,0,0,0,0,0,0,0,0,0,0,0,0,0,0,0,0,0,176,253,63,0,0,0,0,0,0,0,0,0,0,0,0,0,0,0,0,0,0,0,0,0,0,0,0,54,246,236,37,0,0,0,0,0,0,0,0,0,0,0,0,0,0,0,0,0,0,0,0,0,0,0,0,64,253,212,0,0,0,0,0,0,0,0,0,0,0,0,0,0,0,0,0,0,0,0,0,0,0,0,0,99,252,211,0,0,0,0,0,0,0,0,0,0,0,0,0,0,0,0,0,0,0,0,0,0,0,0,0,169,252,202,0,0,0,0,0,0,0,0,0,0,0,0,0,0,0,0,0,0,0,0,0,0,0,0,6,190,252,80,0,0,0,0,0,0,0,0,0,0,0,0,0,0,0,0,0,0,0,0,0,0,0,0,110,252,208,0,0,0,0,0,0,0,0,0,0,0,0,0,0,0,0,0,0,0,0,0,0,0,0,0,233,253,86,0,0,0,0,0,0,0,0,0,0,0,0,0,0,0,0,0,0,0,0,0,0,0,0,100,247,205,11,0,0,0,0,0,0,0,0,0,0,0,0,0,0,0,0,0,0,0,0,0,0,0,39,247,251,86,0,0,0,0,0,0,0,0,0,0,0,0,0,0,0,0,0,0,0,0,0,0,0,0,43,252,231,0,0,0,0,0,0,0,0,0,0,0,0,0,0,0,0,0,0,0,0,0,0,0,0,0,25,226,143,0,0,0,0,0,0,0,0,0,0,0,0,0,0,0,0,0,0,0,0,0,0,0,0,0,0,0,0,0,0,0,0,0,0,0,0,0,0,0,0,0
7,0,0,0,0,0,0,0,0,0,0,0,0,0,0,0,0,0,0,0,0,0,0,0,0,0,0,0,0,0,0,0,0,0,0,0,0,0,0,0,0,0,0,0,0,0,0,0,0,0,0,0,0,0,0,0,0,0,0,0,0,0,0,0,0,0,0,0,0,0,0,0,0,0,0,0,0,0,0,0,0,0,0,0,0,0,0,0,0,0,0,0,0,0,0,0,0,0,0,0,0,0,0,0,0,0,0,0,0,0,0,0,0,0,0,0,0,0,0,0,0,0,0,0,0,0,0,0,0,0,0,0,0,0,0,0,0,0,0,0,0,0,0,0,0,0,0,0,0,0,0,0,0,0,0,0,0,0,0,0,0,0,0,0,0,0,0,0,0,0,0,0,0,0,0,0,0,75,105,245,253,253,255,253,156,55,0,0,0,0,0,0,0,0,0,0,0,0,0,0,0,0,0,0,18,196,252,252,252,252,228,206,252,231,24,0,0,0,0,0,0,0,0,0,0,0,0,0,0,0,0,0,71,247,252,237,210,88,53,57,246,252,38,0,0,0,0,0,0,0,0,0,0,0,0,0,0,0,0,0,0,95,132,8,0,0,0,0,164,252,177,0,0,0,0,0,0,0,0,0,0,0,0,0,0,0,0,0,0,0,0,0,0,0,0,0,164,252,243,65,0,0,0,0,0,0,0,0,0,0,0,0,0,0,0,0,0,0,0,0,0,0,0,0,164,252,252,74,0,0,0,0,0,0,0,0,0,0,0,0,0,0,0,0,0,0,0,0,0,0,0,0,164,252,212,35,0,0,0,0,0,0,0,0,0,0,0,0,0,0,0,0,0,0,0,0,0,0,0,0,164,252,177,0,0,0,0,0,0,0,0,0,0,0,0,0,0,0,0,0,0,0,0,0,0,0,0,11,179,252,177,0,0,0,0,0,0,0,0,0,0,0,0,0,0,0,0,0,0,0,0,0,0,0,0,60,252,252,177,0,0,0,0,0,0,0,0,0,0,0,0,0,0,0,0,0,0,0,0,0,0,0,0,61,253,253,178,0,0,0,0,0,0,0,0,0,0,0,0,0,0,0,0,0,0,0,0,0,0,0,0,60,252,252,177,0,0,0,0,0,0,0,0,0,0,0,0,0,0,0,0,0,0,0,0,0,0,0,0,156,252,252,81,0,0,0,0,0,0,0,0,0,0,0,0,0,0,0,0,0,0,0,0,0,0,0,0,208,252,252,29,0,0,0,0,0,0,0,0,0,0,0,0,0,0,0,0,0,0,0,0,0,0,0,31,221,252,252,29,0,0,0,0,0,0,0,0,0,0,0,0,0,0,0,0,0,0,0,0,0,0,0,105,252,252,252,29,0,0,0,0,0,0,0,0,0,0,0,0,0,0,0,0,0,0,0,0,0,0,0,105,252,252,252,29,0,0,0,0,0,0,0,0,0,0,0,0,0,0,0,0,0,0,0,0,0,0,0,105,252,252,209,19,0,0,0,0,0,0,0,0,0,0,0,0,0,0,0,0,0,0,0,0,0,0,0,105,252,249,110,0,0,0,0,0,0,0,0,0,0,0,0,0,0,0,0,0,0,0,0,0,0,0,0,105,128,97,0,0,0,0,0,0,0,0,0,0,0,0,0,0,0,0,0,0,0,0,0,0,0,0,0,0,0,0,0,0,0,0,0,0,0,0,0,0,0,0,0,0,0,0,0,0,0,0,0,0,0,0,0,0,0,0,0,0,0,0,0,0,0,0,0,0,0,0
2,0,0,0,0,0,0,0,0,0,0,0,0,0,0,0,0,0,0,0,0,0,0,0,0,0,0,0,0,0,0,0,0,0,0,0,0,0,0,0,0,0,0,0,0,0,0,0,0,0,0,0,0,0,0,0,0,0,0,0,0,0,0,0,0,0,0,0,0,0,0,0,0,0,0,0,0,0,0,0,0,0,0,0,0,0,0,0,0,0,0,0,0,0,0,0,0,0,0,0,0,0,0,0,0,0,0,0,0,0,0,0,0,0,0,0,0,0,0,0,0,0,0,0,0,0,21,56,136,155,195,52,0,0,0,0,0,0,0,0,0,0,0,0,0,0,0,0,0,0,0,6,44,111,204,254,254,254,254,197,21,0,0,0,0,0,0,0,0,0,0,0,0,0,0,0,0,0,75,211,254,254,230,228,200,168,254,254,229,0,0,0,0,0,0,0,0,0,0,0,0,0,0,0,0,8,206,252,241,220,45,21,7,61,254,254,229,0,0,0,0,0,0,0,0,0,0,0,0,0,0,0,0,0,55,110,27,5,0,0,0,129,254,254,229,0,0,0,0,0,0,0,0,0,0,0,0,0,0,0,0,0,0,0,0,0,0,0,3,208,254,246,85,0,0,0,0,0,0,0,0,0,0,0,0,0,0,0,0,0,0,0,0,0,0,0,112,254,249,123,0,0,0,0,0,0,0,0,0,0,0,0,0,0,0,0,0,0,0,0,0,0,0,64,252,254,145,0,0,0,0,0,0,0,0,0,0,0,0,0,0,0,0,0,0,0,0,0,0,0,0,227,254,254,139,0,0,0,0,0,0,0,0,0,0,0,0,0,0,0,0,0,0,0,0,0,0,8,164,254,254,219,18,0,0,0,0,0,0,0,0,0,0,0,0,0,0,0,0,0,0,0,0,0,0,41,254,254,252,112,0,0,0,0,0,0,0,0,0,0,0,0,0,0,0,0,0,0,0,0,0,0,0,128,254,254,126,0,0,0,0,0,0,0,0,0,0,0,0,0,0,0,0,0,0,0,0,0,0,0,79,252,254,232,27,0,0,0,0,0,0,0,0,0,0,0,0,0,0,0,0,0,0,0,0,0,0,9,204,254,254,149,0,0,0,0,0,0,0,0,0,0,0,0,0,0,0,0,0,0,0,0,0,0,0,128,254,254,254,5,11,26,26,53,116,26,2,0,0,0,0,0,0,0,0,0,0,0,0,0,0,0,85,247,254,254,254,181,211,254,254,254,254,254,91,0,0,0,0,0,0,0,0,0,0,0,0,0,0,25,217,254,254,254,254,254,254,254,239,219,209,120,96,0,0,0,0,0,0,0,0,0,0,0,0,0,0,195,254,254,254,254,254,183,182,102,36,0,0,0,0,0,0,0,0,0,0,0,0,0,0,0,0,0,0,220,254,254,239,154,33,2,2,0,0,0,0,0,0,0,0,0,0,0,0,0,0,0,0,0,0,0,0,133,223,243,103,0,0,0,0,0,0,0,0,0,0,0,0,0,0,0,0,0,0,0,0,0,0,0,0,0,0,0,0,0,0,0,0,0,0,0,0,0,0,0,0,0,0,0,0,0,0,0,0,0,0,0,0,0,0,0,0,0,0,0,0,0,0,0,0,0,0,0,0,0,0,0,0,0,0,0,0,0,0,0,0,0,0,0,0,0,0,0,0,0,0,0,0,0,0,0,0,0,0,0,0,0,0,0,0,0,0,0,0,0,0,0,0,0,0,0,0,0,0,0,0,0,0,0,0,0,0,0,0
8,0,0,0,0,0,0,0,0,0,0,0,0,0,0,0,0,0,0,0,0,0,0,0,0,0,0,0,0,0,0,0,0,0,0,0,0,0,0,0,0,0,0,0,0,0,0,0,0,0,0,0,0,0,0,0,0,0,0,0,0,0,0,0,0,0,0,0,0,0,0,0,0,0,0,0,0,0,0,0,0,0,0,0,0,0,0,0,0,0,0,0,0,0,0,0,0,0,0,0,0,0,0,0,0,0,0,0,0,0,0,0,0,0,0,0,0,0,0,0,0,0,0,0,144,254,254,254,136,57,0,0,0,0,0,0,0,0,0,0,0,0,0,0,0,0,0,0,0,0,0,0,86,87,131,215,254,249,148,13,0,0,0,0,0,0,0,0,0,0,0,0,0,0,0,0,0,0,0,0,74,118,5,0,145,253,253,84,0,0,0,0,0,0,0,0,0,0,0,0,0,0,0,0,0,0,0,7,206,253,103,0,222,253,246,28,0,0,0,0,0,0,0,0,0,0,0,0,0,0,0,0,0,0,0,0,178,253,90,70,254,253,173,0,0,0,0,0,0,0,0,0,0,0,0,0,0,0,0,0,0,0,0,0,136,253,195,241,254,253,56,0,0,0,0,0,0,0,0,0,0,0,0,0,0,0,0,0,0,0,0,0,85,253,253,253,254,226,17,0,0,0,0,0,0,0,0,0,0,0,0,0,0,0,0,0,0,0,0,0,35,248,253,253,254,34,0,0,0,0,0,0,0,0,0,0,0,0,0,0,0,0,0,0,0,0,0,0,0,174,253,253,197,4,0,0,0,0,0,0,0,0,0,0,0,0,0,0,0,0,0,0,0,0,0,0,63,250,253,253,188,0,0,0,0,0,0,0,0,0,0,0,0,0,0,0,0,0,0,0,0,0,0,0,144,254,254,254,255,52,0,0,0,0,0,0,0,0,0,0,0,0,0,0,0,0,0,0,0,0,0,17,245,253,253,225,254,224,43,0,0,0,0,0,0,0,0,0,0,0,0,0,0,0,0,0,0,0,0,93,253,253,241,39,177,253,226,35,0,0,0,0,0,0,0,0,0,0,0,0,0,0,0,0,0,0,0,113,253,253,224,0,22,206,253,146,0,0,0,0,0,0,0,0,0,0,0,0,0,0,0,0,0,0,0,113,253,253,207,0,0,131,253,247,17,0,0,0,0,0,0,0,0,0,0,0,0,0,0,0,0,0,0,113,253,253,130,0,0,173,253,191,4,0,0,0,0,0,0,0,0,0,0,0,0,0,0,0,0,0,0,113,253,253,130,0,113,245,249,84,0,0,0,0,0,0,0,0,0,0,0,0,0,0,0,0,0,0,0,113,253,253,158,161,250,253,152,0,0,0,0,0,0,0,0,0,0,0,0,0,0,0,0,0,0,0,0,66,234,253,253,253,254,143,43,0,0,0,0,0,0,0,0,0,0,0,0,0,0,0,0,0,0,0,0,0,22,176,253,218,66,7,0,0,0,0,0,0,0,0,0,0,0,0,0,0,0,0,0,0,0,0,0,0,0,0,0,0,0,0,0,0,0,0,0,0,0,0,0,0,0,0,0,0,0,0,0,0,0,0,0,0,0,0,0,0,0,0,0,0,0,0,0,0,0,0,0,0,0,0,0,0,0,0,0,0,0,0,0,0,0,0,0,0,0,0,0,0,0,0,0,0,0,0,0,0,0,0,0,0,0,0,0,0,0,0,0,0,0,0,0,0,0,0,0,0,0,0,0,0,0,0,0,0,0
2,0,0,0,0,0,0,0,0,0,0,0,0,0,0,0,0,0,0,0,0,0,0,0,0,0,0,0,0,0,0,0,0,0,0,0,0,0,0,0,0,0,0,0,0,0,0,0,0,0,0,0,0,0,0,0,0,0,0,0,0,0,0,0,0,0,0,0,0,0,0,0,0,0,0,0,0,0,0,0,0,0,0,0,0,0,0,0,0,0,0,0,0,0,0,101,144,253,253,255,128,88,0,0,0,0,0,0,0,0,0,0,0,0,0,0,0,0,0,0,0,48,226,249,252,252,252,253,252,246,122,0,0,0,0,0,0,0,0,0,0,0,0,0,0,0,0,0,0,140,253,252,252,252,252,253,252,252,246,119,0,0,0,0,0,0,0,0,0,0,0,0,0,0,0,0,0,47,253,252,245,223,223,162,84,215,252,252,95,0,0,0,0,0,0,0,0,0,0,0,0,0,0,0,0,0,112,112,87,0,0,0,0,119,252,252,203,15,0,0,0,0,0,0,0,0,0,0,0,0,0,0,0,0,0,0,0,0,0,0,0,0,108,253,255,27,0,0,0,0,0,0,0,0,0,0,0,0,0,0,0,0,0,0,0,0,0,0,0,0,3,152,253,152,0,0,0,0,0,0,0,0,0,0,0,0,0,0,0,0,0,0,0,0,0,0,0,0,0,140,253,186,13,0,0,0,0,0,0,0,0,0,0,0,0,0,0,0,0,0,0,0,0,0,0,0,0,140,253,252,55,0,0,0,0,0,0,0,0,0,0,0,0,0,0,0,0,0,0,0,0,0,0,0,0,140,253,252,55,0,0,0,0,0,0,0,0,0,0,0,0,0,0,0,0,0,0,0,0,0,0,0,92,253,255,253,56,0,0,0,0,0,0,0,0,0,0,0,0,0,0,0,0,0,0,0,0,0,0,51,243,252,253,223,37,0,0,0,0,0,0,0,0,0,0,0,0,13,73,197,198,150,57,57,57,0,19,178,252,252,253,167,0,0,0,0,0,0,0,0,0,0,0,0,0,51,242,252,253,252,252,252,252,169,196,252,252,252,253,74,0,0,0,0,0,0,0,0,0,0,0,0,0,0,169,252,253,252,252,252,252,253,252,252,252,252,112,12,0,0,0,0,0,0,0,0,0,0,0,0,0,0,108,253,255,253,253,253,253,255,253,253,253,253,114,12,0,0,0,0,0,0,0,0,0,0,0,0,0,0,19,214,253,252,252,252,252,253,252,252,252,252,253,228,50,0,0,0,0,0,0,0,0,0,0,0,0,0,0,110,253,252,252,252,252,253,252,252,252,252,253,252,55,0,0,0,0,0,0,0,0,0,0,0,0,0,0,0,84,209,230,249,223,84,84,115,242,252,253,102,19,0,0,0,0,0,0,0,0,0,0,0,0,0,0,0,0,0,25,99,0,0,0,0,75,112,174,27,0,0,0,0,0,0,0,0,0,0,0,0,0,0,0,0,0,0,0,0,0,0,0,0,0,0,0,0,0,0,0,0,0,0,0,0,0,0,0,0,0,0,0,0,0,0,0,0,0,0,0,0,0,0,0,0,0,0,0,0,0,0,0,0,0,0,0,0,0,0,0,0,0,0,0,0,0,0,0,0,0,0,0,0,0,0,0,0,0,0,0,0,0,0,0,0,0,0,0,0,0,0,0,0,0,0,0,0,0,0,0,0,0,0,0,0,0,0,0,0,0,0,0,0,0,0,0,0,0,0,0,0,0,0,0,0,0,0,0,0,0,0,0,0,0,0,0
6,0,0,0,0,0,0,0,0,0,0,0,0,0,0,0,0,0,0,0,0,0,0,0,0,0,0,0,0,0,0,0,0,0,0,0,0,0,0,0,0,0,0,0,0,0,0,0,0,0,0,0,0,0,0,0,0,0,0,0,0,0,0,0,0,0,0,0,0,0,0,0,0,0,0,0,0,0,0,0,0,0,0,0,0,0,0,0,0,0,0,0,0,0,0,0,45,235,255,52,0,0,0,0,0,0,0,0,0,0,0,0,0,0,0,0,0,0,0,0,0,0,0,156,250,253,217,28,0,0,0,0,0,0,0,0,0,0,0,0,0,0,0,0,0,0,0,0,0,0,0,228,253,216,32,0,0,0,0,0,0,0,0,0,0,0,0,0,0,0,0,0,0,0,0,0,0,0,150,251,215,32,0,0,0,0,0,0,0,0,0,0,0,0,0,0,0,0,0,0,0,0,0,0,0,0,235,253,45,0,0,0,0,0,0,0,0,0,0,0,0,0,0,0,0,0,0,0,0,0,0,0,0,98,251,167,4,0,0,26,92,92,26,0,0,0,0,0,0,0,0,0,0,0,0,0,0,0,0,0,0,112,253,112,0,73,192,226,253,253,226,215,195,85,33,0,0,0,0,0,0,0,0,0,0,0,0,0,0,219,253,25,76,247,253,253,253,253,253,253,253,253,212,32,0,0,0,0,0,0,0,0,0,0,0,0,95,251,253,140,221,253,194,78,51,51,51,51,138,228,253,140,0,0,0,0,0,0,0,0,0,0,0,0,118,253,253,253,253,231,34,0,0,0,0,0,0,63,253,249,85,0,0,0,0,0,0,0,0,0,0,0,118,253,253,253,232,63,0,0,0,0,0,0,0,26,231,253,140,0,0,0,0,0,0,0,0,0,0,0,118,253,253,233,128,0,0,0,0,0,0,0,0,0,63,253,240,0,0,0,0,0,0,0,0,0,0,0,118,253,253,65,0,0,0,0,0,0,0,0,0,0,27,253,240,0,0,0,0,0,0,0,0,0,0,0,118,253,253,25,0,0,0,0,0,0,0,0,0,0,47,253,240,0,0,0,0,0,0,0,0,0,0,0,118,253,253,25,0,0,0,0,0,0,0,0,0,5,169,253,156,0,0,0,0,0,0,0,0,0,0,0,45,246,253,116,17,0,0,0,0,0,0,0,0,47,253,241,42,0,0,0,0,0,0,0,0,0,0,0,0,164,253,253,216,107,4,0,0,0,0,4,40,216,253,156,0,0,0,0,0,0,0,0,0,0,0,0,0,49,163,245,253,253,163,143,143,143,77,163,253,235,110,45,0,0,0,0,0,0,0,0,0,0,0,0,0,0,0,45,163,249,253,253,253,253,253,253,229,102,0,0,0,0,0,0,0,0,0,0,0,0,0,0,0,0,0,0,0,42,163,253,253,253,226,123,41,0,0,0,0,0,0,0,0,0,0,0,0,0,0,0,0,0,0,0,0,0,0,0,0,0,0,0,0,0,0,0,0,0,0,0,0,0,0,0,0,0,0,0,0,0,0,0,0,0,0,0,0,0,0,0,0,0,0,0,0,0,0,0,0,0,0,0,0,0,0,0,0,0,0,0,0,0,0,0,0,0,0,0,0,0,0,0,0,0,0,0,0,0,0,0,0,0,0,0,0,0,0,0,0,0,0,0,0,0,0,0,0,0,0,0,0,0,0,0,0,0,0,0,0,0,0,0,0,0,0,0,0,0,0,0,0,0,0,0,0,0,0,0,0,0,0,0,0
8,0,0,0,0,0,0,0,0,0,0,0,0,0,0,0,0,0,0,0,0,0,0,0,0,0,0,0,0,0,0,0,0,0,0,0,0,0,0,0,0,0,0,0,0,0,0,0,0,0,0,0,0,0,0,0,0,0,0,0,0,0,0,0,0,0,0,0,0,0,0,0,0,0,0,0,0,0,0,0,0,0,0,0,0,0,0,0,0,0,0,0,0,0,0,0,0,0,0,0,0,0,0,0,0,0,0,0,0,0,0,0,0,0,0,0,0,0,0,0,0,0,0,0,0,0,0,0,0,0,0,0,0,0,0,0,0,0,0,0,0,0,0,0,0,0,0,0,0,0,0,0,0,0,0,0,0,0,0,0,84,209,175,51,0,0,0,0,0,0,0,0,0,0,0,0,0,0,0,0,0,0,0,34,152,249,249,249,253,254,255,241,52,0,0,0,0,0,0,0,0,0,0,0,0,0,0,0,0,96,220,246,254,254,231,52,33,59,105,254,235,0,0,0,0,0,0,0,0,0,0,0,0,0,0,145,236,252,254,254,173,120,15,0,0,0,2,158,254,109,0,0,0,0,0,0,0,0,0,0,0,0,213,252,254,221,116,25,6,0,0,0,0,0,61,191,254,117,0,0,0,0,0,0,0,0,0,0,0,0,236,219,116,21,0,0,0,0,0,0,0,77,242,254,250,75,0,0,0,0,0,0,0,0,0,0,0,0,236,156,0,0,0,0,0,0,0,60,106,241,246,159,37,0,0,0,0,0,0,0,0,0,0,0,0,0,195,237,27,0,0,0,0,19,106,241,254,120,41,0,0,0,0,0,0,0,0,0,0,0,0,0,0,0,76,247,162,11,0,0,56,182,254,204,95,19,0,0,0,0,0,0,0,0,0,0,0,0,0,0,0,0,0,128,254,72,95,197,241,239,162,18,0,0,0,0,0,0,0,0,0,0,0,0,0,0,0,0,0,0,0,99,254,233,243,254,209,83,0,0,0,0,0,0,0,0,0,0,0,0,0,0,0,0,0,0,0,0,0,99,254,254,238,98,17,0,0,0,0,0,0,0,0,0,0,0,0,0,0,0,0,0,0,0,0,21,167,207,214,156,231,36,0,0,0,0,0,0,0,0,0,0,0,0,0,0,0,0,0,0,0,0,19,201,254,168,11,29,204,187,39,0,0,0,0,0,0,0,0,0,0,0,0,0,0,0,0,0,0,0,119,254,103,9,0,0,69,248,75,0,0,0,0,0,0,0,0,0,0,0,0,0,0,0,0,0,0,0,119,254,19,0,0,0,0,115,223,54,0,0,0,0,0,0,0,0,0,0,0,0,0,0,0,0,0,0,119,254,105,13,0,0,0,0,187,200,6,0,0,0,0,0,0,0,0,0,0,0,0,0,0,0,0,0,113,254,254,212,30,2,0,4,76,254,145,0,0,0,0,0,0,0,0,0,0,0,0,0,0,0,0,0,0,112,238,248,250,155,138,171,255,254,131,0,0,0,0,0,0,0,0,0,0,0,0,0,0,0,0,0,0,0,0,0,45,191,124,228,187,224,35,0,0,0,0,0,0,0,0,0,0,0,0,0,0,0,0,0,0,0,0,0,0,0,0,0,0,0,0,0,0,0,0,0,0,0,0,0,0,0,0,0,0,0,0,0,0,0,0,0,0,0,0,0,0,0,0,0,0,0,0,0,0,0,0,0,0,0,0,0,0,0,0,0,0,0,0,0,0,0,0,0,0,0,0,0,0,0,0,0,0,0,0,0,0
5,0,0,0,0,0,0,0,0,0,0,0,0,0,0,0,0,0,0,0,0,0,0,0,0,0,0,0,0,0,0,0,0,0,0,0,0,0,0,0,0,0,0,0,0,0,0,0,0,0,0,0,0,0,0,0,0,0,0,0,0,0,0,0,0,0,0,0,0,0,0,0,0,0,0,0,0,0,0,0,0,0,0,0,0,0,0,0,0,0,0,0,0,0,0,0,0,0,0,0,0,0,0,0,0,0,0,0,0,0,0,0,0,0,0,0,0,0,0,0,0,0,0,0,0,0,0,0,0,0,0,0,0,0,0,0,0,0,0,0,0,0,0,0,0,0,0,0,0,0,0,0,0,0,0,0,84,134,32,0,0,0,0,0,0,0,0,0,0,0,0,0,0,0,0,0,0,0,0,0,0,0,0,79,245,255,128,0,0,0,0,0,0,0,0,0,0,0,0,0,0,0,0,0,0,0,0,0,0,37,79,173,254,254,188,176,176,176,117,79,24,0,0,0,0,0,0,0,0,0,0,0,0,0,0,0,10,214,254,254,254,254,254,254,254,254,254,254,241,220,100,0,0,0,0,0,0,0,0,0,0,0,0,0,59,254,254,254,178,59,58,58,58,58,59,58,89,155,119,0,0,0,0,0,0,0,0,0,0,0,0,0,0,0,177,254,133,0,0,0,0,0,0,0,0,0,0,0,0,0,0,0,0,0,0,0,0,0,0,0,0,10,212,220,9,0,0,0,0,0,0,0,0,0,0,0,0,0,0,0,0,0,0,0,0,0,0,0,0,88,254,184,0,0,0,0,0,0,0,0,0,0,0,0,0,0,0,0,0,0,0,0,0,0,0,0,0,27,254,117,0,0,0,0,0,0,0,0,0,0,0,0,0,0,0,0,0,0,0,0,0,0,0,0,0,20,254,192,0,0,0,0,0,0,0,0,0,0,0,0,0,0,0,0,0,0,0,0,0,0,0,0,0,16,237,239,59,0,0,0,0,0,0,0,0,0,0,0,0,0,0,0,0,0,0,0,0,0,0,0,0,0,168,254,201,8,0,0,0,0,0,0,0,0,0,0,0,0,0,0,0,0,0,0,0,0,0,0,0,0,24,210,254,166,0,0,0,0,0,0,0,0,0,0,0,0,0,0,0,0,0,0,0,0,0,0,0,0,13,193,254,143,0,0,0,0,0,0,0,0,0,0,0,0,0,0,0,0,0,0,0,0,0,0,0,0,154,254,216,23,0,0,0,0,0,0,0,0,0,0,0,0,0,0,0,0,0,97,47,0,0,0,14,187,254,245,83,0,0,0,0,0,0,0,0,0,0,0,0,0,0,0,0,0,0,202,143,8,26,118,225,254,247,123,0,0,0,0,0,0,0,0,0,0,0,0,0,0,0,0,0,0,0,186,248,206,218,254,254,217,84,0,0,0,0,0,0,0,0,0,0,0,0,0,0,0,0,0,0,0,0,95,232,254,247,214,57,11,0,0,0,0,0,0,0,0,0,0,0,0,0,0,0,0,0,0,0,0,0,0,27,58,49,0,0,0,0,0,0,0,0,0,0,0,0,0,0,0,0,0,0,0,0,0,0,0,0,0,0,0,0,0,0,0,0,0,0,0,0,0,0,0,0,0,0,0,0,0,0,0,0,0,0,0,0,0,0,0,0,0,0,0,0,0,0,0,0,0,0,0,0,0,0,0,0,0,0,0,0,0,0,0,0,0,0,0,0,0,0,0,0,0,0,0,0,0,0,0,0,0,0,0,0,0,0
7,0,0,0,0,0,0,0,0,0,0,0,0,0,0,0,0,0,0,0,0,0,0,0,0,0,0,0,0,0,0,0,0,0,0,0,0,0,0,0,0,0,0,0,0,0,0,0,0,0,0,0,0,0,0,0,0,0,0,0,0,0,0,0,0,0,0,0,0,0,0,0,0,0,0,0,0,0,0,0,0,0,0,0,0,0,0,0,0,0,0,0,0,0,0,0,0,0,0,0,0,0,0,0,0,0,0,0,0,0,0,0,0,0,0,0,0,0,0,0,0,0,0,0,0,0,0,0,0,0,0,0,0,0,0,0,0,0,0,0,0,0,0,0,0,0,0,0,0,0,0,0,0,0,0,0,0,0,0,0,0,0,0,0,0,0,0,0,0,0,0,0,0,0,0,0,0,0,0,0,0,0,0,0,0,0,0,0,0,0,0,0,0,0,0,0,0,0,0,0,0,0,0,0,0,0,0,0,0,0,0,0,0,0,0,0,0,0,0,0,0,0,0,0,0,0,0,8,13,100,133,133,133,133,133,134,122,13,13,100,133,133,238,254,132,0,0,0,0,0,0,0,0,19,145,212,253,253,253,253,253,253,253,254,253,253,253,253,253,253,253,253,132,0,0,0,0,0,0,0,0,57,217,199,96,96,96,96,142,107,96,97,108,217,217,217,217,229,253,253,132,0,0,0,0,0,0,0,0,0,0,0,0,0,0,0,0,0,0,0,0,0,0,0,0,86,253,253,52,0,0,0,0,0,0,0,0,0,0,0,0,0,0,0,0,0,0,0,0,0,0,0,0,86,253,253,11,0,0,0,0,0,0,0,0,0,0,0,0,0,0,0,0,0,0,0,0,0,0,0,0,177,253,253,11,0,0,0,0,0,0,0,0,0,0,0,0,0,0,0,0,0,0,0,0,0,0,0,0,206,253,164,3,0,0,0,0,0,0,0,0,0,0,0,0,0,0,0,0,0,0,0,0,0,0,0,28,224,253,99,0,0,0,0,0,0,0,0,0,0,0,0,0,0,0,0,0,0,0,0,0,0,0,0,73,253,253,24,0,0,0,0,0,0,0,0,0,0,0,0,0,0,0,0,0,0,0,0,0,0,0,0,73,253,253,24,0,0,0,0,0,0,0,0,0,0,0,0,0,0,0,0,0,0,0,0,0,0,0,0,137,254,254,24,0,0,0,0,0,0,0,0,0,0,0,0,0,0,0,0,0,0,0,0,0,0,0,0,194,253,253,24,0,0,0,0,0,0,0,0,0,0,0,0,0,0,0,0,0,0,0,0,0,0,0,0,194,253,253,24,0,0,0,0,0,0,0,0,0,0,0,0,0,0,0,0,0,0,0,0,0,0,0,0,194,253,235,19,0,0,0,0,0,0,0,0,0,0,0,0,0,0,0,0,0,0,0,0,0,0,0,0,194,253,156,0,0,0,0,0,0,0,0,0,0,0,0,0,0,0,0,0,0,0,0,0,0,0,0,0,194,253,156,0,0,0,0,0,0,0,0,0,0,0,0,0,0,0,0,0,0,0,0,0,0,0,0,21,214,253,156,0,0,0,0,0,0,0,0,0,0,0,0,0,0,0,0,0,0,0,0,0,0,0,0,61,253,253,53,0,0,0,0,0,0,0,0,0,0,0,0,0,0,0,0,0,0,0,0,0,0,0,0,114,253,253,36,0,0,0,0,0,0,0,0,0,0,0,0,0,0,0,0,0,0,0,0,0,0,0,0,182,253,172,2,0,0,0,0,0,0,0,0,0,0
7,0,0,0,0,0,0,0,0,0,0,0,0,0,0,0,0,0,0,0,0,0,0,0,0,0,0,0,0,0,0,0,0,0,0,0,0,0,0,0,0,0,0,0,0,0,0,0,0,0,0,0,0,0,0,0,0,0,0,0,0,0,0,0,0,0,0,0,0,0,0,0,0,0,0,0,0,0,0,0,0,0,0,0,0,0,0,0,0,0,0,0,0,0,0,0,0,0,0,0,0,0,0,0,0,0,0,0,0,0,0,0,0,0,0,0,0,0,0,0,0,0,0,0,0,0,0,0,0,0,0,0,0,0,0,0,0,0,0,0,0,0,0,0,0,0,0,0,0,0,0,0,0,0,0,0,0,0,0,0,0,0,0,0,0,0,0,0,0,0,0,0,0,0,0,0,0,0,0,0,0,0,0,0,0,0,0,0,0,0,0,0,0,0,0,0,0,0,0,0,0,0,0,0,0,0,0,40,48,130,151,151,151,151,237,50,0,0,0,0,0,0,0,0,0,0,0,0,0,0,0,0,66,101,198,245,254,254,254,254,254,254,254,83,0,0,0,0,0,0,0,0,0,0,0,0,0,0,62,237,252,255,254,255,232,218,116,114,189,254,255,83,0,0,0,0,0,0,0,0,0,0,0,0,0,0,84,214,231,171,145,67,26,0,0,0,135,254,254,83,0,0,0,0,0,0,0,0,0,0,0,0,0,0,0,11,15,0,0,0,0,0,0,0,232,254,252,75,0,0,0,0,0,0,0,0,0,0,0,0,0,0,0,0,0,0,0,0,0,0,0,0,240,254,234,0,0,0,0,0,0,0,0,0,0,0,0,0,0,0,0,0,0,0,0,0,0,0,0,0,240,254,234,0,0,0,0,0,0,0,0,0,0,0,0,0,0,0,0,0,0,0,0,0,0,0,0,0,240,254,165,0,0,0,0,0,0,0,0,0,0,0,0,0,0,0,0,0,0,0,0,0,0,0,0,2,240,254,129,0,0,0,0,0,0,0,0,0,0,0,0,0,0,0,0,0,0,0,0,0,0,0,0,111,254,254,66,0,0,0,0,0,0,0,0,0,0,0,0,0,0,0,0,0,0,0,0,0,0,0,17,217,254,224,16,0,0,0,0,0,0,0,0,0,0,0,0,0,0,0,0,0,0,0,0,0,0,0,42,254,254,117,0,0,0,0,0,0,0,0,0,0,0,0,0,0,0,0,0,0,0,0,0,0,0,0,122,254,254,73,0,0,0,0,0,0,0,0,0,0,0,0,0,0,0,0,0,0,0,0,0,0,0,0,159,254,238,34,0,0,0,0,0,0,0,0,0,0,0,0,0,0,0,0,0,0,0,0,0,0,0,31,252,254,191,0,0,0,0,0,0,0,0,0,0,0,0,0,0,0,0,0,0,0,0,0,0,0,0,100,254,254,68,0,0,0,0,0,0,0,0,0,0,0,0,0,0,0,0,0,0,0,0,0,0,0,0,128,254,254,15,0,0,0,0,0,0,0,0,0,0,0,0,0,0,0,0,0,0,0,0,0,0,0,3,205,254,214,9,0,0,0,0,0,0,0,0,0,0,0,0,0,0,0,0,0,0,0,0,0,0,0,53,254,254,166,0,0,0,0,0,0,0,0,0,0,0,0,0,0,0,0,0,0,0,0,0,0,0,0,53,254,237,56,0,0,0,0,0,0,0,0,0,0,0,0,0,0,0,0,0,0,0,0,0,0,0,0,0,0,0,0,0,0,0,0,0,0,0,0,0,0,0,0,0
9,0,0,0,0,0,0,0,0,0,0,0,0,0,0,0,0,0,0,0,0,0,0,0,0,0,0,0,0,0,0,0,0,0,0,0,0,0,0,0,0,0,0,0,0,0,0,0,0,0,0,0,0,0,0,0,0,0,0,0,0,0,0,0,0,0,0,0,0,0,0,0,0,0,0,0,0,0,0,0,0,0,0,0,0,0,0,0,0,0,0,0,0,0,0,0,0,0,0,0,0,0,0,0,0,0,0,0,0,0,0,0,0,0,0,0,0,0,0,0,0,0,0,0,0,0,0,0,0,0,0,0,0,0,0,0,0,0,0,0,0,0,0,0,0,0,0,0,0,0,0,0,132,233,220,52,0,0,0,0,0,0,0,0,0,0,0,0,0,0,0,0,0,0,0,0,0,0,0,59,251,253,253,187,0,0,0,0,0,0,0,0,0,0,0,0,0,0,0,0,0,0,0,0,0,0,11,214,246,126,212,253,52,0,0,0,0,0,0,0,0,0,0,0,0,0,0,0,0,0,0,0,0,0,171,253,160,0,118,253,179,72,0,0,0,0,0,0,0,0,0,0,0,0,0,0,0,0,0,0,0,0,219,253,52,0,9,253,254,243,15,0,0,0,0,0,0,0,0,0,0,0,0,0,0,0,0,0,0,0,219,253,52,0,9,253,254,253,47,0,0,0,0,0,0,0,0,0,0,0,0,0,0,0,0,0,0,0,219,253,52,0,5,218,254,253,17,0,0,0,0,0,0,0,0,0,0,0,0,0,0,0,0,0,0,0,116,253,95,0,0,175,254,199,4,0,0,0,0,0,0,0,0,0,0,0,0,0,0,0,0,0,0,0,43,251,246,177,129,231,254,180,0,0,0,0,0,0,0,0,0,0,0,0,0,0,0,0,0,0,0,0,0,149,253,253,253,253,254,156,0,0,0,0,0,0,0,0,0,0,0,0,0,0,0,0,0,0,0,0,0,0,70,125,141,88,255,205,6,0,0,0,0,0,0,0,0,0,0,0,0,0,0,0,0,0,0,0,0,0,0,0,0,0,254,253,17,0,0,0,0,0,0,0,0,0,0,0,0,0,0,0,0,0,0,0,0,0,0,0,0,0,254,253,99,0,0,0,0,0,0,0,0,0,0,0,0,0,0,0,0,0,0,0,0,0,0,0,0,0,205,253,152,0,0,0,0,0,0,0,0,0,0,0,0,0,0,0,0,0,0,0,0,0,0,0,0,0,166,253,191,0,0,0,0,0,0,0,0,0,0,0,0,0,0,0,0,0,0,0,0,0,0,0,0,0,94,253,200,4,0,0,0,0,0,0,0,0,0,0,0,0,0,0,0,0,0,0,0,0,0,0,0,0,17,246,253,96,0,0,0,0,0,0,0,0,0,0,0,0,0,0,0,0,0,0,0,0,0,0,0,0,0,208,253,153,3,7,0,0,0,0,0,0,0,0,0,0,0,0,0,0,0,0,0,0,0,0,0,0,0,125,253,253,147,167,0,0,0,0,0,0,0,0,0,0,0,0,0,0,0,0,0,0,0,0,0,0,0,22,211,253,253,187,0,0,0,0,0,0,0,0,0,0,0,0,0,0,0,0,0,0,0,0,0,0,0,0,0,0,0,0,0,0,0,0,0,0,0,0,0,0,0,0,0,0,0,0,0,0,0,0,0,0,0,0,0,0,0,0,0,0,0,0,0,0,0,0,0,0,0,0,0,0,0,0,0,0,0,0,0,0,0,0,0,0,0,0,0,0,0,0,0,0,0
1,0,0,0,0,0,0,0,0,0,0,0,0,0,0,0,0,0,0,0,0,0,0,0,0,0,0,0,0,0,0,0,0,0,0,0,0,0,0,0,0,0,0,0,0,0,0,0,0,0,0,0,0,0,0,0,0,0,0,0,0,0,0,0,0,0,0,0,0,0,0,0,0,0,0,0,0,0,0,0,0,0,0,0,0,0,0,0,0,0,0,0,0,0,0,0,0,0,0,0,0,0,0,0,0,0,0,0,0,0,0,0,0,0,0,0,0,0,0,0,0,0,0,0,0,13,218,253,237,55,0,0,0,0,0,0,0,0,0,0,0,0,0,0,0,0,0,0,0,0,0,0,0,101,252,252,253,168,0,0,0,0,0,0,0,0,0,0,0,0,0,0,0,0,0,0,0,0,0,0,0,119,252,252,253,168,0,0,0,0,0,0,0,0,0,0,0,0,0,0,0,0,0,0,0,0,0,0,0,16,231,252,253,168,0,0,0,0,0,0,0,0,0,0,0,0,0,0,0,0,0,0,0,0,0,0,0,0,169,252,253,80,0,0,0,0,0,0,0,0,0,0,0,0,0,0,0,0,0,0,0,0,0,0,0,0,169,253,254,63,0,0,0,0,0,0,0,0,0,0,0,0,0,0,0,0,0,0,0,0,0,0,0,8,197,252,253,63,0,0,0,0,0,0,0,0,0,0,0,0,0,0,0,0,0,0,0,0,0,0,0,22,252,252,253,63,0,0,0,0,0,0,0,0,0,0,0,0,0,0,0,0,0,0,0,0,0,0,0,22,252,252,253,63,0,0,0,0,0,0,0,0,0,0,0,0,0,0,0,0,0,0,0,0,0,0,0,22,252,252,253,63,0,0,0,0,0,0,0,0,0,0,0,0,0,0,0,0,0,0,0,0,0,0,0,22,253,253,255,63,0,0,0,0,0,0,0,0,0,0,0,0,0,0,0,0,0,0,0,0,0,0,0,57,252,252,253,63,0,0,0,0,0,0,0,0,0,0,0,0,0,0,0,0,0,0,0,0,0,0,0,127,252,252,253,63,0,0,0,0,0,0,0,0,0,0,0,0,0,0,0,0,0,0,0,0,0,0,0,127,252,252,253,63,0,0,0,0,0,0,0,0,0,0,0,0,0,0,0,0,0,0,0,0,0,0,0,127,252,252,253,63,0,0,0,0,0,0,0,0,0,0,0,0,0,0,0,0,0,0,0,0,0,0,0,110,253,253,255,81,0,0,0,0,0,0,0,0,0,0,0,0,0,0,0,0,0,0,0,0,0,0,0,22,252,252,253,231,16,0,0,0,0,0,0,0,0,0,0,0,0,0,0,0,0,0,0,0,0,0,0,22,252,252,253,252,21,0,0,0,0,0,0,0,0,0,0,0,0,0,0,0,0,0,0,0,0,0,0,16,231,252,253,196,7,0,0,0,0,0,0,0,0,0,0,0,0,0,0,0,0,0,0,0,0,0,0,0,99,235,191,54,0,0,0,0,0,0,0,0,0,0,0,0,0,0,0,0,0,0,0,0,0,0,0,0,0,0,0,0,0,0,0,0,0,0,0,0,0,0,0,0,0,0,0,0,0,0,0,0,0,0,0,0,0,0,0,0,0,0,0,0,0,0,0,0,0,0,0,0,0,0,0,0,0,0,0,0,0,0,0,0,0,0,0,0,0,0,0,0,0,0,0,0,0,0,0,0,0,0,0,0,0,0,0,0,0,0,0,0,0,0,0,0,0,0,0,0,0,0,0,0,0,0,0
8,0,0,0,0,0,0,0,0,0,0,0,0,0,0,0,0,0,0,0,0,0,0,0,0,0,0,0,0,0,0,0,0,0,0,0,0,0,0,0,0,0,0,0,0,0,0,0,0,0,0,0,0,0,0,0,0,0,0,0,0,0,0,0,0,0,0,0,0,0,0,0,0,0,0,0,0,0,0,0,0,0,0,0,0,0,0,0,0,0,0,0,0,0,0,0,0,0,0,0,0,0,0,0,0,0,0,0,0,0,0,0,0,0,0,0,0,0,0,0,0,0,0,0,0,0,0,64,185,254,134,19,0,0,0,0,0,0,0,0,0,0,0,0,0,0,0,0,0,0,0,0,0,12,185,247,254,253,253,200,23,0,0,0,0,0,0,0,0,0,0,0,0,0,0,0,0,0,0,0,15,181,253,253,160,199,253,253,53,0,0,0,0,0,0,0,0,0,0,0,0,0,0,0,0,0,0,0,153,253,249,103,0,108,253,253,165,0,0,0,0,0,0,0,0,0,0,0,0,0,0,0,0,0,18,166,237,253,133,0,0,108,253,253,151,0,0,0,0,0,0,0,0,0,0,0,0,0,0,0,0,18,177,253,253,253,107,0,0,135,253,253,53,0,0,0,0,0,0,0,0,0,0,0,0,0,0,0,0,81,253,253,253,253,107,22,105,249,253,253,53,0,0,0,0,0,0,0,0,0,0,0,0,0,0,0,0,81,253,253,253,168,143,210,254,253,253,253,144,27,9,0,0,0,0,0,0,0,0,0,0,0,0,0,0,81,253,253,253,253,253,253,254,253,253,253,253,253,80,0,0,0,0,0,0,0,0,0,0,0,0,0,0,38,225,253,253,253,253,253,254,196,120,162,253,253,80,0,0,0,0,0,0,0,0,0,0,0,0,0,0,0,68,254,254,254,254,254,134,7,0,0,138,254,80,0,0,0,0,0,0,0,0,0,0,0,0,0,0,0,68,253,253,253,191,76,0,0,0,0,194,253,80,0,0,0,0,0,0,0,0,0,0,0,0,0,0,0,117,253,253,179,11,0,0,0,0,30,220,253,80,0,0,0,0,0,0,0,0,0,0,0,0,0,0,26,217,253,219,15,0,0,0,0,0,194,253,253,80,0,0,0,0,0,0,0,0,0,0,0,0,0,0,81,253,253,213,0,0,0,0,29,68,225,253,239,59,0,0,0,0,0,0,0,0,0,0,0,0,0,0,81,253,253,213,0,0,0,54,138,253,253,239,87,0,0,0,0,0,0,0,0,0,0,0,0,0,0,0,172,253,253,213,5,119,174,255,253,253,240,86,0,0,0,0,0,0,0,0,0,0,0,0,0,0,0,0,129,253,253,238,170,253,253,255,253,229,84,0,0,0,0,0,0,0,0,0,0,0,0,0,0,0,0,0,77,243,253,253,253,253,253,184,107,11,0,0,0,0,0,0,0,0,0,0,0,0,0,0,0,0,0,0,0,32,147,253,253,246,120,64,0,0,0,0,0,0,0,0,0,0,0,0,0,0,0,0,0,0,0,0,0,0,0,0,0,0,0,0,0,0,0,0,0,0,0,0,0,0,0,0,0,0,0,0,0,0,0,0,0,0,0,0,0,0,0,0,0,0,0,0,0,0,0,0,0,0,0,0,0,0,0,0,0,0,0,0,0,0,0,0,0,0,0,0,0,0,0,0,0,0,0,0,0,0,0,0,0,0,0,0,0,0,0,0,0,0,0,0,0,0,0,0,0,0,0,0,0,0,0,0,0,0,0,0
1,0,0,0,0,0,0,0,0,0,0,0,0,0,0,0,0,0,0,0,0,0,0,0,0,0,0,0,0,0,0,0,0,0,0,0,0,0,0,0,0,0,0,0,0,0,0,0,0,0,0,0,0,0,0,0,0,0,0,0,0,0,0,0,0,0,0,0,0,0,0,0,0,0,0,0,0,0,0,0,0,0,0,0,0,0,0,0,0,0,0,0,0,0,0,0,0,0,0,0,0,0,0,0,0,0,0,0,0,0,0,0,0,0,0,0,0,0,0,0,0,0,0,0,0,0,7,190,121,6,0,0,0,0,0,0,0,0,0,0,0,0,0,0,0,0,0,0,0,0,0,0,0,0,14,252,253,139,0,0,0,0,0,0,0,0,0,0,0,0,0,0,0,0,0,0,0,0,0,0,0,0,63,252,253,145,0,0,0,0,0,0,0,0,0,0,0,0,0,0,0,0,0,0,0,0,0,0,0,0,146,252,253,145,0,0,0,0,0,0,0,0,0,0,0,0,0,0,0,0,0,0,0,0,0,0,0,0,146,252,253,145,0,0,0,0,0,0,0,0,0,0,0,0,0,0,0,0,0,0,0,0,0,0,0,0,146,252,253,145,0,0,0,0,0,0,0,0,0,0,0,0,0,0,0,0,0,0,0,0,0,0,0,5,163,252,253,145,0,0,0,0,0,0,0,0,0,0,0,0,0,0,0,0,0,0,0,0,0,0,0,27,252,252,253,213,17,0,0,0,0,0,0,0,0,0,0,0,0,0,0,0,0,0,0,0,0,0,0,27,252,252,253,252,26,0,0,0,0,0,0,0,0,0,0,0,0,0,0,0,0,0,0,0,0,0,0,27,252,252,253,252,26,0,0,0,0,0,0,0,0,0,0,0,0,0,0,0,0,0,0,0,0,0,0,27,253,253,255,253,26,0,0,0,0,0,0,0,0,0,0,0,0,0,0,0,0,0,0,0,0,0,0,27,252,252,253,252,26,0,0,0,0,0,0,0,0,0,0,0,0,0,0,0,0,0,0,0,0,0,0,17,213,252,253,156,3,0,0,0,0,0,0,0,0,0,0,0,0,0,0,0,0,0,0,0,0,0,0,23,236,252,253,145,0,0,0,0,0,0,0,0,0,0,0,0,0,0,0,0,0,0,0,0,0,0,0,27,252,252,253,145,0,0,0,0,0,0,0,0,0,0,0,0,0,0,0,0,0,0,0,0,0,0,0,27,252,252,253,145,0,0,0,0,0,0,0,0,0,0,0,0,0,0,0,0,0,0,0,0,0,0,0,27,252,252,253,162,5,0,0,0,0,0,0,0,0,0,0,0,0,0,0,0,0,0,0,0,0,0,0,24,241,252,253,252,26,0,0,0,0,0,0,0,0,0,0,0,0,0,0,0,0,0,0,0,0,0,0,0,146,252,253,183,11,0,0,0,0,0,0,0,0,0,0,0,0,0,0,0,0,0,0,0,0,0,0,0,70,189,120,6,0,0,0,0,0,0,0,0,0,0,0,0,0,0,0,0,0,0,0,0,0,0,0,0,0,0,0,0,0,0,0,0,0,0,0,0,0,0,0,0,0,0,0,0,0,0,0,0,0,0,0,0,0,0,0,0,0,0,0,0,0,0,0,0,0,0,0,0,0,0,0,0,0,0,0,0,0,0,0,0,0,0,0,0,0,0,0,0,0,0,0,0,0,0,0,0,0,0,0,0,0,0,0,0,0,0,0,0,0,0,0,0,0,0,0,0,0,0,0,0,0,0,0
8,0,0,0,0,0,0,0,0,0,0,0,0,0,0,0,0,0,0,0,0,0,0,0,0,0,0,0,0,0,0,0,0,0,0,0,0,0,0,0,0,0,0,0,0,0,0,0,0,0,0,0,0,0,0,0,0,0,0,0,0,0,0,0,0,0,0,0,0,0,0,0,0,0,0,0,0,0,0,0,0,0,0,0,0,0,0,0,0,0,0,0,0,0,0,0,0,0,0,0,0,0,0,0,0,0,0,0,0,0,0,0,0,0,0,0,0,0,0,0,0,0,0,157,234,108,0,0,0,0,0,0,0,0,0,0,0,0,0,0,0,0,0,0,0,0,0,0,0,0,105,254,253,250,164,145,145,126,28,0,0,0,0,0,0,0,0,0,0,0,0,0,0,0,0,0,6,146,243,243,159,253,250,216,217,250,235,139,11,0,0,0,0,0,0,0,0,0,0,0,0,0,0,0,115,253,207,39,32,231,189,0,0,70,224,253,214,51,2,0,0,0,0,0,0,0,0,0,0,0,0,0,217,246,46,0,0,49,35,0,0,0,11,149,253,254,83,0,0,0,0,0,0,0,0,0,0,0,0,0,218,235,0,0,0,0,0,0,0,0,0,0,66,228,234,49,0,0,0,0,0,0,0,0,0,0,0,0,165,245,61,0,0,0,0,0,0,0,0,0,0,143,253,145,0,0,0,0,0,0,0,0,0,0,0,0,64,213,207,102,3,0,0,0,0,0,0,0,0,11,225,248,47,0,0,0,0,0,0,0,0,0,0,0,0,69,248,254,203,122,38,6,0,0,0,0,0,12,185,237,31,0,0,0,0,0,0,0,0,0,0,0,0,0,84,189,253,253,253,201,92,39,0,7,124,228,253,151,0,0,0,0,0,0,0,0,0,0,0,0,0,0,0,0,20,91,193,254,255,254,254,254,254,234,129,13,0,0,0,0,0,0,0,0,0,0,0,0,0,43,120,204,203,235,243,253,199,249,253,246,124,13,0,0,0,0,0,0,0,0,0,0,0,0,0,0,110,245,240,191,127,114,36,36,0,53,222,253,162,0,0,0,0,0,0,0,0,0,0,0,0,0,0,24,213,199,35,0,0,0,0,0,0,0,40,230,253,79,0,0,0,0,0,0,0,0,0,0,0,0,0,55,253,144,0,0,0,0,0,0,0,0,0,103,253,207,7,0,0,0,0,0,0,0,0,0,0,0,0,20,205,208,21,0,0,0,0,0,0,0,0,0,182,255,18,0,0,0,0,0,0,0,0,0,0,0,0,0,68,241,208,40,0,0,0,0,0,0,0,121,248,192,8,0,0,0,0,0,0,0,0,0,0,0,0,0,0,74,242,243,114,32,0,0,11,37,128,245,227,46,0,0,0,0,0,0,0,0,0,0,0,0,0,0,0,0,104,241,253,245,199,134,215,253,253,232,41,0,0,0,0,0,0,0,0,0,0,0,0,0,0,0,0,0,0,21,124,162,201,253,254,233,117,16,0,0,0,0,0,0,0,0,0,0,0,0,0,0,0,0,0,0,0,0,0,0,0,0,0,0,0,0,0,0,0,0,0,0,0,0,0,0,0,0,0,0,0,0,0,0,0,0,0,0,0,0,0,0,0,0,0,0,0,0,0,0,0,0,0,0,0,0,0,0,0,0,0,0,0,0,0,0,0,0,0,0,0,0,0,0,0,0,0,0,0,0,0,0,0,0,0,0,0,0,0,0,0,0,0,0,0,0,0,0,0,0,0,0,0,0,0,0,0,0,0
0,0,0,0,0,0,0,0,0,0,0,0,0,0,0,0,0,0,0,0,0,0,0,0,0,0,0,0,0,0,0,0,0,0,0,0,0,0,0,0,0,0,0,0,0,0,0,0,0,0,0,0,0,0,0,0,0,0,0,0,0,0,0,0,0,0,0,0,0,0,0,0,0,0,0,0,0,0,0,0,0,0,0,0,0,0,0,0,0,0,0,0,0,0,0,0,0,0,0,0,0,0,0,0,0,0,0,0,0,0,0,0,0,0,0,0,0,0,0,0,0,0,0,0,0,0,0,0,0,0,0,0,0,0,0,0,0,0,0,0,0,0,0,0,0,0,0,0,0,0,0,0,0,0,0,0,0,0,0,0,0,0,0,0,0,0,0,0,0,0,0,0,0,0,0,0,0,0,0,0,85,116,65,57,24,17,0,0,0,0,0,0,0,0,0,0,0,0,0,0,0,0,0,0,0,0,17,168,234,254,253,253,253,235,134,84,0,0,0,0,0,0,0,0,0,0,0,0,0,0,0,0,0,0,130,254,136,93,214,197,235,254,254,254,186,119,0,0,0,0,0,0,0,0,0,0,0,0,0,0,0,164,251,130,6,0,13,4,17,56,107,194,253,248,88,0,0,0,0,0,0,0,0,0,0,0,0,0,85,254,164,9,0,0,0,0,0,0,0,5,79,254,244,80,0,0,0,0,0,0,0,0,0,0,0,85,234,228,15,0,0,0,0,0,0,0,0,0,0,94,245,221,50,0,0,0,0,0,0,0,0,0,47,254,254,68,0,0,0,0,0,0,0,0,0,0,0,0,102,241,186,0,0,0,0,0,0,0,0,0,114,253,185,0,0,0,0,0,0,0,0,0,0,0,0,0,0,207,253,0,0,0,0,0,0,0,0,32,241,234,13,0,0,0,0,0,0,0,0,0,0,0,0,0,5,212,253,0,0,0,0,0,0,0,0,70,253,162,0,0,0,0,0,0,0,0,0,0,0,0,0,0,147,253,253,0,0,0,0,0,0,0,0,221,254,46,0,0,0,0,0,0,0,0,0,0,0,0,26,128,245,254,136,0,0,0,0,0,0,0,0,254,210,4,0,0,0,0,0,0,0,0,0,0,0,22,189,254,253,232,56,0,0,0,0,0,0,0,0,211,206,0,0,0,0,0,0,0,0,0,9,7,83,211,253,254,232,58,0,0,0,0,0,0,0,0,0,161,240,67,0,0,0,0,0,0,51,101,209,204,228,169,253,195,15,0,0,0,0,0,0,0,0,0,0,70,254,245,161,70,153,161,161,221,254,254,254,255,254,214,93,0,0,0,0,0,0,0,0,0,0,0,0,7,73,115,115,115,115,115,115,115,115,115,115,115,98,13,0,0,0,0,0,0,0,0,0,0,0,0,0,0,0,0,0,0,0,0,0,0,0,0,0,0,0,0,0,0,0,0,0,0,0,0,0,0,0,0,0,0,0,0,0,0,0,0,0,0,0,0,0,0,0,0,0,0,0,0,0,0,0,0,0,0,0,0,0,0,0,0,0,0,0,0,0,0,0,0,0,0,0,0,0,0,0,0,0,0,0,0,0,0,0,0,0,0,0,0,0,0,0,0,0,0,0,0,0,0,0,0,0,0,0,0,0,0,0,0,0,0,0,0,0,0,0,0,0,0,0,0,0,0,0,0,0,0,0,0,0,0,0,0,0,0,0,0,0,0,0,0,0,0,0,0,0,0,0,0,0,0,0,0,0,0,0,0,0,0,0,0,0,0,0,0,0
3,0,0,0,0,0,0,0,0,0,0,0,0,0,0,0,0,0,0,0,0,0,0,0,0,0,0,0,0,0,0,0,0,0,0,0,0,0,0,0,0,0,0,0,0,0,0,0,0,0,0,0,0,0,0,0,0,0,0,0,0,0,0,0,0,0,0,0,0,0,0,0,0,0,0,0,0,0,0,0,0,0,0,0,0,0,0,0,0,0,0,0,0,0,0,0,0,0,0,0,0,0,0,0,0,0,0,0,0,0,0,0,0,0,0,0,0,0,0,0,0,0,0,0,0,0,0,0,0,0,0,0,0,0,0,0,0,0,0,0,0,0,0,0,0,0,0,0,0,0,54,162,121,121,121,122,121,170,212,25,0,0,0,0,0,0,0,0,0,0,0,0,0,0,46,157,241,241,244,253,253,253,253,254,253,253,253,180,0,0,0,0,0,0,0,0,0,0,0,0,0,0,68,244,253,253,253,238,159,214,253,254,253,253,253,136,0,0,0,0,0,0,0,0,0,0,0,0,0,0,0,36,152,67,68,75,0,23,82,254,253,253,142,9,0,0,0,0,0,0,0,0,0,0,0,0,0,0,0,0,0,0,0,0,8,145,229,254,253,143,9,0,0,0,0,0,0,0,0,0,0,0,0,0,0,0,0,0,0,0,0,0,56,253,253,254,145,7,0,0,0,0,0,0,0,0,0,0,0,0,0,0,0,0,0,0,0,0,0,28,224,253,253,150,4,0,0,0,0,0,0,0,0,0,0,0,0,0,0,0,0,0,0,0,0,0,0,55,253,253,253,91,34,17,0,0,0,0,0,0,0,0,0,0,0,0,0,0,0,0,0,0,0,0,0,167,253,253,253,254,253,214,35,3,0,0,0,0,0,0,0,0,0,0,0,0,0,0,0,0,0,0,0,41,253,253,253,254,253,253,253,124,0,0,0,0,0,0,0,0,0,0,0,0,0,0,0,0,0,0,0,0,0,0,0,0,0,121,236,254,155,38,0,0,0,0,0,0,0,0,0,0,0,0,0,0,0,0,0,0,0,0,0,0,0,0,11,203,253,135,0,0,0,0,0,0,0,0,0,0,0,0,0,0,0,0,0,0,0,0,0,0,0,0,0,81,253,228,35,0,0,0,0,0,0,0,0,0,0,0,0,0,0,0,0,0,0,0,0,0,0,0,0,11,155,253,93,0,0,0,0,0,0,0,0,0,0,0,0,0,0,0,0,0,0,0,0,0,0,0,0,0,54,253,199,0,0,0,0,0,0,0,0,0,0,0,0,0,0,0,0,0,0,0,0,0,0,0,0,0,83,253,226,0,0,0,0,0,0,0,0,0,0,0,0,0,0,0,0,22,0,0,0,0,0,0,0,47,233,253,226,0,0,0,0,0,0,0,0,0,0,0,0,0,136,161,161,210,161,161,91,27,27,27,27,87,253,249,131,0,0,0,0,0,0,0,0,0,0,0,0,0,203,240,240,169,241,253,253,255,253,253,253,253,250,131,0,0,0,0,0,0,0,0,0,0,0,0,0,0,0,0,0,0,13,120,190,183,253,253,253,218,95,0,0,0,0,0,0,0,0,0,0,0,0,0,0,0,0,0,0,0,0,0,0,0,0,0,0,0,0,0,0,0,0,0,0,0,0,0,0,0,0,0,0,0,0,0,0,0,0,0,0,0,0,0,0,0,0,0,0,0,0,0,0,0,0,0,0,0,0,0,0,0,0,0,0,0,0,0,0,0,0,0,0,0,0,0,0,0,0,0,0,0,0
0,0,0,0,0,0,0,0,0,0,0,0,0,0,0,0,0,0,0,0,0,0,0,0,0,0,0,0,0,0,0,0,0,0,0,0,0,0,0,0,0,0,0,0,0,0,0,0,0,0,0,0,0,0,0,0,0,0,0,0,0,0,0,0,0,0,0,0,0,0,0,0,0,0,0,0,0,0,0,0,0,0,0,0,0,0,0,0,0,0,0,0,0,0,0,0,0,0,0,0,0,0,0,0,0,0,0,0,0,0,0,0,0,0,0,0,0,0,0,0,0,0,0,0,0,80,214,212,43,0,0,0,0,0,0,0,0,0,0,0,0,0,0,0,0,0,0,0,0,0,0,0,159,244,254,254,244,120,0,0,0,0,0,0,0,0,0,0,0,0,0,0,0,0,0,0,0,0,0,82,250,254,254,254,254,239,0,0,0,0,0,0,0,0,0,0,0,0,0,0,0,0,0,0,0,0,27,245,254,254,254,246,247,233,21,11,0,0,0,0,0,0,0,0,0,0,0,0,0,0,0,0,0,0,100,254,254,254,190,47,74,74,254,215,52,0,0,0,0,0,0,0,0,0,0,0,0,0,0,0,0,9,184,254,254,194,12,0,0,16,254,254,174,3,0,0,0,0,0,0,0,0,0,0,0,0,0,0,0,109,254,254,192,17,0,0,0,5,159,254,254,93,0,0,0,0,0,0,0,0,0,0,0,0,0,0,12,219,254,254,20,0,0,0,0,0,71,254,254,120,0,0,0,0,0,0,0,0,0,0,0,0,0,0,98,254,254,151,4,0,0,0,0,0,71,254,254,157,0,0,0,0,0,0,0,0,0,0,0,0,0,0,179,254,225,2,0,0,0,0,0,0,71,254,254,240,38,0,0,0,0,0,0,0,0,0,0,0,0,29,234,254,141,0,0,0,0,0,0,0,71,254,254,254,65,0,0,0,0,0,0,0,0,0,0,0,0,165,254,254,25,0,0,0,0,0,0,0,94,254,254,254,65,0,0,0,0,0,0,0,0,0,0,0,0,121,254,225,15,0,0,0,0,0,0,0,54,241,254,254,110,0,0,0,0,0,0,0,0,0,0,0,0,66,254,254,92,0,0,0,0,0,0,0,115,245,254,254,98,0,0,0,0,0,0,0,0,0,0,0,0,34,188,254,134,0,0,0,0,0,0,18,212,254,254,223,8,0,0,0,0,0,0,0,0,0,0,0,0,0,121,254,246,50,0,0,0,2,105,214,254,254,254,219,0,0,0,0,0,0,0,0,0,0,0,0,0,0,57,212,254,241,126,73,155,236,254,254,254,254,243,111,0,0,0,0,0,0,0,0,0,0,0,0,0,0,0,101,254,254,254,254,254,254,254,254,254,210,74,0,0,0,0,0,0,0,0,0,0,0,0,0,0,0,0,3,151,242,254,254,254,254,254,252,142,56,0,0,0,0,0,0,0,0,0,0,0,0,0,0,0,0,0,0,0,113,194,231,235,154,154,106,0,0,0,0,0,0,0,0,0,0,0,0,0,0,0,0,0,0,0,0,0,0,0,0,0,0,0,0,0,0,0,0,0,0,0,0,0,0,0,0,0,0,0,0,0,0,0,0,0,0,0,0,0,0,0,0,0,0,0,0,0,0,0,0,0,0,0,0,0,0,0,0,0,0,0,0,0,0,0,0,0,0,0,0,0,0,0,0,0,0,0,0,0,0,0,0,0,0,0,0,0,0,0,0,0,0,0,0,0,0,0,0,0,0,0,0,0,0,0,0,0,0,0
1,0,0,0,0,0,0,0,0,0,0,0,0,0,0,0,0,0,0,0,0,0,0,0,0,0,0,0,0,0,0,0,0,0,0,0,0,0,0,0,0,0,0,0,0,0,0,0,0,0,0,0,0,0,0,0,0,0,0,0,0,0,0,0,0,0,0,0,0,0,0,0,0,0,0,0,0,0,0,0,0,0,0,0,0,0,0,0,0,0,0,0,0,0,0,0,0,0,0,0,0,0,0,0,0,0,0,0,0,0,0,0,0,0,0,0,0,0,0,0,0,0,0,0,0,0,0,0,0,0,0,0,0,0,0,0,0,0,0,0,0,0,0,0,0,0,0,0,0,0,0,0,0,0,18,171,161,0,0,0,0,0,0,0,0,0,0,0,0,0,0,0,0,0,0,0,0,0,0,0,0,0,59,254,223,0,0,0,0,0,0,0,0,0,0,0,0,0,0,0,0,0,0,0,0,0,0,0,0,0,108,254,245,41,0,0,0,0,0,0,0,0,0,0,0,0,0,0,0,0,0,0,0,0,0,0,0,0,148,254,223,0,0,0,0,0,0,0,0,0,0,0,0,0,0,0,0,0,0,0,0,0,0,0,0,0,148,254,223,0,0,0,0,0,0,0,0,0,0,0,0,0,0,0,0,0,0,0,0,0,0,0,0,0,148,254,223,0,0,0,0,0,0,0,0,0,0,0,0,0,0,0,0,0,0,0,0,0,0,0,0,0,148,254,223,0,0,0,0,0,0,0,0,0,0,0,0,0,0,0,0,0,0,0,0,0,0,0,0,0,148,254,223,0,0,0,0,0,0,0,0,0,0,0,0,0,0,0,0,0,0,0,0,0,0,0,0,0,148,254,223,0,0,0,0,0,0,0,0,0,0,0,0,0,0,0,0,0,0,0,0,0,0,0,0,0,148,254,223,0,0,0,0,0,0,0,0,0,0,0,0,0,0,0,0,0,0,0,0,0,0,0,0,0,137,254,223,0,0,0,0,0,0,0,0,0,0,0,0,0,0,0,0,0,0,0,0,0,0,0,0,0,59,254,223,0,0,0,0,0,0,0,0,0,0,0,0,0,0,0,0,0,0,0,0,0,0,0,0,0,59,254,223,0,0,0,0,0,0,0,0,0,0,0,0,0,0,0,0,0,0,0,0,0,0,0,0,0,59,254,223,0,0,0,0,0,0,0,0,0,0,0,0,0,0,0,0,0,0,0,0,0,0,0,0,0,59,254,242,36,0,0,0,0,0,0,0,0,0,0,0,0,0,0,0,0,0,0,0,0,0,0,0,0,59,254,243,38,0,0,0,0,0,0,0,0,0,0,0,0,0,0,0,0,0,0,0,0,0,0,0,0,38,244,254,104,0,0,0,0,0,0,0,0,0,0,0,0,0,0,0,0,0,0,0,0,0,0,0,0,53,251,254,147,0,0,0,0,0,0,0,0,0,0,0,0,0,0,0,0,0,0,0,0,0,0,0,0,0,188,254,147,0,0,0,0,0,0,0,0,0,0,0,0,0,0,0,0,0,0,0,0,0,0,0,0,0,88,196,64,0,0,0,0,0,0,0,0,0,0,0,0,0,0,0,0,0,0,0,0,0,0,0,0,0,0,0,0,0,0,0,0,0,0,0,0,0,0,0,0,0,0,0,0,0,0,0,0,0,0,0,0,0,0,0,0,0,0,0,0,0,0,0,0,0,0,0,0,0,0,0,0,0,0,0,0,0,0,0,0,0,0,0,0,0,0,0,0,0,0,0,0,0,0,0
9,0,0,0,0,0,0,0,0,0,0,0,0,0,0,0,0,0,0,0,0,0,0,0,0,0,0,0,0,0,0,0,0,0,0,0,0,0,0,0,0,0,0,0,0,0,0,0,0,0,0,0,0,0,0,0,0,0,0,0,0,0,0,0,0,0,0,0,0,0,0,0,0,0,0,0,0,0,0,0,0,0,0,0,0,0,0,0,0,0,0,0,0,0,0,0,0,0,0,0,0,0,0,0,0,0,0,0,0,0,0,0,0,0,0,0,0,0,0,0,0,0,0,0,0,0,0,0,0,0,0,0,0,0,0,0,0,0,0,0,0,0,0,0,0,0,0,0,0,0,0,0,0,0,0,0,0,0,0,0,0,0,0,0,0,0,0,0,0,0,0,0,0,0,0,0,0,0,0,0,0,76,113,255,253,253,253,253,63,0,0,0,0,0,0,0,0,0,0,0,0,0,0,0,0,0,38,131,225,243,252,253,252,252,252,252,241,72,0,0,0,0,0,0,0,0,0,0,0,0,0,0,0,32,222,252,252,252,252,196,195,195,195,227,253,167,0,0,0,0,0,0,0,0,0,0,0,0,0,0,114,215,253,242,192,84,84,0,0,0,0,140,253,177,7,0,0,0,0,0,0,0,0,0,0,0,0,0,169,252,253,89,0,0,0,0,0,0,0,140,253,252,55,0,0,0,0,0,0,0,0,0,0,0,0,26,207,253,79,0,0,0,0,0,0,0,169,253,255,168,0,0,0,0,0,0,0,0,0,0,0,0,0,57,252,252,0,0,0,0,0,0,29,117,243,252,215,33,0,0,0,0,0,0,0,0,0,0,0,0,0,57,252,252,0,0,0,0,0,26,122,252,252,252,31,0,0,0,0,0,0,0,0,0,0,0,0,0,0,19,196,252,108,19,0,4,29,207,252,252,249,145,0,0,0,0,0,0,0,0,0,0,0,0,0,0,0,0,169,252,253,214,140,153,252,253,252,252,145,0,0,0,0,0,0,0,0,0,0,0,0,0,0,0,0,0,16,203,255,253,253,253,253,255,253,253,84,0,0,0,0,0,0,0,0,0,0,0,0,0,0,0,0,0,0,15,168,167,186,195,167,206,252,252,84,0,0,0,0,0,0,0,0,0,0,0,0,0,0,0,0,0,0,0,0,0,13,19,0,113,252,252,84,0,0,0,0,0,0,0,0,0,0,0,0,0,0,0,0,0,0,0,0,0,0,0,0,128,252,214,28,0,0,0,0,0,0,0,0,0,0,0,0,0,0,0,0,0,0,0,0,0,0,0,0,253,252,195,0,0,0,0,0,0,0,0,0,0,0,0,0,0,0,0,0,0,0,0,0,0,0,0,0,255,253,56,0,0,0,0,0,0,0,0,0,0,0,0,0,0,0,0,0,0,0,0,0,0,0,0,48,253,252,122,153,0,0,0,0,0,0,0,0,0,0,0,0,0,0,0,0,0,0,0,0,0,0,7,165,253,252,252,114,0,0,0,0,0,0,0,0,0,0,0,0,0,0,0,0,0,0,0,0,0,0,29,252,253,242,114,28,0,0,0,0,0,0,0,0,0,0,0,0,0,0,0,0,0,0,0,0,0,0,13,189,190,74,0,0,0,0,0,0,0,0,0,0,0,0,0,0,0,0,0,0,0,0,0,0,0,0,0,0,0,0,0,0,0,0,0,0,0,0,0,0,0,0,0,0,0,0,0,0,0,0,0,0,0,0,0,0,0,0,0,0,0,0,0,0,0,0,0,0,0,0
9,0,0,0,0,0,0,0,0,0,0,0,0,0,0,0,0,0,0,0,0,0,0,0,0,0,0,0,0,0,0,0,0,0,0,0,0,0,0,0,0,0,0,0,0,0,0,0,0,0,0,0,0,0,0,0,0,0,0,0,0,0,0,0,0,0,0,0,0,0,0,0,0,0,0,0,0,0,0,0,0,0,0,0,0,0,0,0,0,0,0,0,0,0,0,0,0,0,0,0,0,0,0,0,0,0,0,0,0,0,0,0,0,0,0,0,0,0,0,0,0,0,0,0,0,0,0,0,0,0,0,0,0,0,0,0,0,0,0,0,0,0,0,0,0,0,0,0,0,0,0,0,0,0,0,0,0,0,0,0,0,0,0,0,0,0,0,0,0,0,0,0,0,0,0,0,0,0,68,86,163,228,228,163,163,87,0,0,0,0,0,0,0,0,0,0,0,0,0,0,0,0,0,0,72,171,252,253,253,253,254,253,253,251,203,20,0,0,0,0,0,0,0,0,0,0,0,0,0,0,0,107,243,254,253,253,253,253,243,216,222,253,253,205,9,0,0,0,0,0,0,0,0,0,0,0,0,0,3,203,253,254,242,125,137,54,39,0,8,171,253,254,24,0,0,0,0,0,0,0,0,0,0,0,0,0,166,253,253,195,37,0,0,0,0,0,0,141,253,254,140,0,0,0,0,0,0,0,0,0,0,0,0,0,218,254,254,66,0,0,0,0,0,0,37,254,254,255,215,11,0,0,0,0,0,0,0,0,0,0,0,0,114,253,168,0,0,0,0,0,0,12,116,253,253,254,253,36,0,0,0,0,0,0,0,0,0,0,0,0,19,226,207,0,0,0,0,0,0,113,253,253,253,254,253,36,0,0,0,0,0,0,0,0,0,0,0,0,0,152,248,116,2,0,0,0,64,249,253,253,246,254,253,42,0,0,0,0,0,0,0,0,0,0,0,0,0,0,117,254,134,13,0,33,228,253,253,240,112,254,253,127,0,0,0,0,0,0,0,0,0,0,0,0,0,0,0,118,249,254,254,254,255,254,254,151,92,255,254,127,0,0,0,0,0,0,0,0,0,0,0,0,0,0,0,0,88,226,253,253,254,253,180,4,59,254,253,127,0,0,0,0,0,0,0,0,0,0,0,0,0,0,0,0,0,18,75,127,127,75,5,0,91,254,253,81,0,0,0,0,0,0,0,0,0,0,0,0,0,0,0,0,0,0,0,0,0,0,0,0,98,254,253,107,0,0,0,0,0,0,0,0,0,0,0,0,0,0,0,0,0,0,0,0,0,0,0,14,232,254,253,94,0,0,0,0,0,0,0,0,0,0,0,0,0,0,0,0,0,0,0,0,0,0,0,45,254,255,254,36,0,0,0,0,0,0,0,0,0,0,0,0,0,0,0,0,0,0,0,0,0,0,53,109,253,254,202,3,0,0,0,0,0,0,0,0,0,0,0,0,0,0,0,0,0,0,0,0,0,0,122,233,253,254,198,0,0,0,0,0,0,0,0,0,0,0,0,0,0,0,0,0,0,0,0,0,0,0,56,253,253,254,159,0,0,0,0,0,0,0,0,0,0,0,0,0,0,0,0,0,0,0,0,0,0,0,11,118,253,254,43,0,0,0,0,0,0,0,0,0,0,0,0,0,0,0,0,0,0,0,0,0,0,0,0,0,0,0,0,0,0,0,0,0,0,0,0,0,0,0,0,0,0,0,0,0,0,0,0,0,0,0,0,0,0,0,0,0,0,0,0,0,0,0,0
4,0,0,0,0,0,0,0,0,0,0,0,0,0,0,0,0,0,0,0,0,0,0,0,0,0,0,0,0,0,0,0,0,0,0,0,0,0,0,0,0,0,0,0,0,0,0,0,0,0,0,0,0,0,0,0,0,0,0,0,0,0,0,0,0,0,0,0,0,0,0,0,0,0,0,0,0,0,0,0,0,0,0,0,0,0,0,0,0,0,0,0,0,0,0,0,0,0,0,0,0,0,0,0,0,0,0,0,0,0,0,0,0,0,0,0,0,0,0,0,0,0,0,0,0,0,0,0,0,0,0,0,0,0,0,0,0,0,0,0,0,0,0,0,0,0,0,0,0,0,0,0,0,0,0,0,0,0,0,0,0,0,0,0,0,0,0,0,0,0,0,0,0,0,0,0,0,0,0,90,255,217,29,0,0,0,0,0,0,0,0,0,0,0,0,0,0,0,0,0,0,0,0,0,0,0,25,235,253,253,129,0,0,0,0,0,0,20,76,2,0,0,0,0,0,0,0,0,0,0,0,0,0,0,176,253,253,214,25,0,0,0,0,3,167,230,251,5,0,0,0,0,0,0,0,0,0,0,0,0,0,8,200,253,253,148,0,0,0,0,0,162,253,242,79,0,0,0,0,0,0,0,0,0,0,0,0,0,0,79,253,253,238,40,0,0,0,0,20,221,253,188,0,0,0,0,0,0,0,0,0,0,0,0,0,0,1,156,253,253,149,0,0,0,0,0,111,253,253,137,0,0,0,0,0,0,0,0,0,0,0,0,0,0,6,253,253,222,0,0,0,0,0,0,168,253,253,81,0,0,0,0,0,0,0,0,0,0,0,0,0,0,6,253,253,134,0,0,0,0,0,17,234,253,244,53,0,0,0,0,0,0,0,0,0,0,0,0,0,0,6,253,253,134,0,0,0,11,56,182,253,253,173,0,0,0,0,0,0,0,0,0,0,0,0,0,0,0,6,253,253,211,162,80,153,221,253,253,253,253,119,0,0,0,0,0,0,0,0,0,0,0,0,0,0,0,4,216,253,253,253,253,253,253,253,253,253,253,119,0,0,0,0,0,0,0,0,0,0,0,0,0,0,0,0,10,177,242,253,253,233,162,85,239,253,253,63,0,0,0,0,0,0,0,0,0,0,0,0,0,0,0,0,0,0,41,86,86,7,0,22,242,253,253,10,0,0,0,0,0,0,0,0,0,0,0,0,0,0,0,0,0,0,0,0,0,0,0,93,253,253,174,2,0,0,0,0,0,0,0,0,0,0,0,0,0,0,0,0,0,0,0,0,0,0,0,93,253,253,99,0,0,0,0,0,0,0,0,0,0,0,0,0,0,0,0,0,0,0,0,0,0,0,0,93,253,253,48,0,0,0,0,0,0,0,0,0,0,0,0,0,0,0,0,0,0,0,0,0,0,0,0,93,253,253,48,0,0,0,0,0,0,0,0,0,0,0,0,0,0,0,0,0,0,0,0,0,0,0,0,93,253,253,48,0,0,0,0,0,0,0,0,0,0,0,0,0,0,0,0,0,0,0,0,0,0,0,0,28,243,253,193,7,0,0,0,0,0,0,0,0,0,0,0,0,0,0,0,0,0,0,0,0,0,0,0,0,91,217,165,6,0,0,0,0,0,0,0,0,0,0,0,0,0,0,0,0,0,0,0,0,0,0,0,0,0,0,0,0,0,0,0,0,0,0,0,0,0,0,0,0,0,0,0,0,0,0,0,0,0,0,0,0,0,0,0,0,0,0,0,0,0,0,0,0
1,0,0,0,0,0,0,0,0,0,0,0,0,0,0,0,0,0,0,0,0,0,0,0,0,0,0,0,0,0,0,0,0,0,0,0,0,0,0,0,0,0,0,0,0,0,0,0,0,0,0,0,0,0,0,0,0,0,0,0,0,0,0,0,0,0,0,0,0,0,0,0,0,0,0,0,0,0,0,0,0,0,0,0,0,0,0,0,0,0,0,0,0,0,0,0,0,0,0,0,0,0,0,0,0,0,0,0,0,0,0,0,0,0,0,0,0,0,0,0,0,0,0,0,0,0,0,211,249,131,0,0,0,0,0,0,0,0,0,0,0,0,0,0,0,0,0,0,0,0,0,0,0,0,27,237,254,250,0,0,0,0,0,0,0,0,0,0,0,0,0,0,0,0,0,0,0,0,0,0,0,0,45,254,254,250,0,0,0,0,0,0,0,0,0,0,0,0,0,0,0,0,0,0,0,0,0,0,0,0,45,254,254,206,0,0,0,0,0,0,0,0,0,0,0,0,0,0,0,0,0,0,0,0,0,0,0,0,109,254,254,192,0,0,0,0,0,0,0,0,0,0,0,0,0,0,0,0,0,0,0,0,0,0,0,0,49,254,254,227,0,0,0,0,0,0,0,0,0,0,0,0,0,0,0,0,0,0,0,0,0,0,0,0,134,254,254,250,0,0,0,0,0,0,0,0,0,0,0,0,0,0,0,0,0,0,0,0,0,0,0,0,159,254,254,161,0,0,0,0,0,0,0,0,0,0,0,0,0,0,0,0,0,0,0,0,0,0,0,0,224,254,254,109,0,0,0,0,0,0,0,0,0,0,0,0,0,0,0,0,0,0,0,0,0,0,0,21,235,254,251,59,0,0,0,0,0,0,0,0,0,0,0,0,0,0,0,0,0,0,0,0,0,0,0,49,249,254,237,0,0,0,0,0,0,0,0,0,0,0,0,0,0,0,0,0,0,0,0,0,0,0,0,59,254,254,237,0,0,0,0,0,0,0,0,0,0,0,0,0,0,0,0,0,0,0,0,0,0,0,0,124,254,254,172,0,0,0,0,0,0,0,0,0,0,0,0,0,0,0,0,0,0,0,0,0,0,0,0,176,254,245,69,0,0,0,0,0,0,0,0,0,0,0,0,0,0,0,0,0,0,0,0,0,0,0,19,242,254,223,0,0,0,0,0,0,0,0,0,0,0,0,0,0,0,0,0,0,0,0,0,0,0,0,72,254,254,223,0,0,0,0,0,0,0,0,0,0,0,0,0,0,0,0,0,0,0,0,0,0,0,0,72,254,254,209,0,0,0,0,0,0,0,0,0,0,0,0,0,0,0,0,0,0,0,0,0,0,0,0,82,254,254,125,0,0,0,0,0,0,0,0,0,0,0,0,0,0,0,0,0,0,0,0,0,0,0,0,193,254,254,81,0,0,0,0,0,0,0,0,0,0,0,0,0,0,0,0,0,0,0,0,0,0,0,0,161,254,254,133,0,0,0,0,0,0,0,0,0,0,0,0,0,0,0,0,0,0,0,0,0,0,0,0,0,0,0,0,0,0,0,0,0,0,0,0,0,0,0,0,0,0,0,0,0,0,0,0,0,0,0,0,0,0,0,0,0,0,0,0,0,0,0,0,0,0,0,0,0,0,0,0,0,0,0,0,0,0,0,0,0,0,0,0,0,0,0,0,0,0,0,0,0,0,0,0,0,0,0,0,0,0,0,0,0,0,0,0,0,0,0,0,0,0,0,0,0,0,0,0,0,0,0,0,0
8,0,0,0,0,0,0,0,0,0,0,0,0,0,0,0,0,0,0,0,0,0,0,0,0,0,0,0,0,0,0,0,0,0,0,0,0,0,0,0,0,0,0,0,0,0,0,0,0,0,0,0,0,0,0,0,0,0,0,0,0,0,0,0,0,0,0,0,0,0,0,0,0,0,0,0,0,0,0,0,0,0,0,0,0,0,0,0,0,0,0,0,0,0,0,0,0,0,0,0,0,0,0,0,0,0,0,0,0,0,0,0,0,0,0,0,0,0,0,0,0,0,0,0,0,0,0,0,0,0,0,0,0,0,0,0,0,0,0,0,0,0,0,0,0,0,0,0,0,0,0,0,0,106,164,254,254,157,99,0,0,0,0,0,0,0,0,0,0,0,0,0,0,0,0,0,0,0,49,118,232,252,253,253,253,253,252,136,0,0,0,0,0,0,0,0,0,0,0,0,0,0,0,0,0,163,246,253,253,253,253,253,253,253,253,207,0,0,0,0,0,0,0,0,0,0,0,0,0,0,0,0,0,241,253,253,253,218,149,149,176,253,253,207,0,0,0,0,0,0,0,0,0,0,0,0,0,0,0,0,0,241,253,253,253,102,0,0,66,253,253,207,0,0,0,0,0,0,0,0,0,0,0,0,0,0,0,0,0,241,253,253,253,243,87,0,42,230,253,160,0,0,0,0,0,0,0,0,0,0,0,0,0,0,0,0,0,94,203,253,253,253,241,112,20,29,38,27,85,169,215,131,0,0,0,0,0,0,0,0,0,0,0,0,0,0,73,175,243,253,253,253,185,79,172,217,253,253,253,244,57,0,0,0,0,0,0,0,0,0,0,0,0,0,0,0,92,242,253,253,253,253,253,253,253,253,246,167,0,0,0,0,0,0,0,0,0,0,0,0,0,0,0,0,0,115,253,253,253,253,253,253,243,171,52,0,0,0,0,0,0,0,0,0,0,0,0,0,0,0,0,0,0,116,253,253,253,253,253,189,55,0,0,0,0,0,0,0,0,0,0,0,0,0,0,0,0,0,0,0,160,243,253,253,253,253,253,78,0,0,0,0,0,0,0,0,0,0,0,0,0,0,0,0,0,0,0,0,154,253,253,240,243,253,253,168,0,0,0,0,0,0,0,0,0,0,0,0,0,0,0,0,0,0,0,0,222,253,253,161,196,253,253,207,0,0,0,0,0,0,0,0,0,0,0,0,0,0,0,0,0,0,0,0,222,253,203,28,203,253,253,191,0,0,0,0,0,0,0,0,0,0,0,0,0,0,0,0,0,0,0,61,241,253,161,86,253,253,248,70,0,0,0,0,0,0,0,0,0,0,0,0,0,0,0,0,0,0,0,40,235,253,168,232,253,253,201,0,0,0,0,0,0,0,0,0,0,0,0,0,0,0,0,0,0,0,0,0,215,253,253,253,253,250,124,0,0,0,0,0,0,0,0,0,0,0,0,0,0,0,0,0,0,0,0,0,92,253,253,253,253,125,0,0,0,0,0,0,0,0,0,0,0,0,0,0,0,0,0,0,0,0,0,0,45,166,253,253,152,32,0,0,0,0,0,0,0,0,0,0,0,0,0,0,0,0,0,0,0,0,0,0,0,0,0,0,0,0,0,0,0,0,0,0,0,0,0,0,0,0,0,0,0,0,0,0,0,0,0,0,0,0,0,0,0,0,0,0,0,0,0,0,0,0,0,0,0,0,0,0,0,0,0,0,0,0,0,0,0,0,0,0,0,0,0,0,0,0,0,0,0,0,0,0,0
2,0,0,0,0,0,0,0,0,0,0,0,0,0,0,0,0,0,0,0,0,0,0,0,0,0,0,0,0,0,0,0,0,0,0,0,0,0,0,0,0,0,0,0,0,0,0,0,0,0,0,0,0,0,0,0,0,0,0,0,0,0,0,0,0,0,0,0,0,0,0,0,0,0,0,0,0,0,0,0,0,0,0,0,0,0,0,0,0,0,0,0,0,0,0,0,0,0,0,0,0,0,0,0,0,0,0,0,0,0,0,0,0,0,0,0,0,0,0,0,0,0,0,0,0,128,191,255,255,255,128,0,0,0,0,0,0,0,0,0,0,0,0,0,0,0,0,0,0,0,0,191,255,255,255,255,255,255,255,64,0,0,0,0,0,0,0,0,0,0,0,0,0,0,0,0,0,64,255,255,255,255,255,255,191,255,255,128,0,0,0,0,0,0,0,0,0,0,0,0,0,0,0,0,64,255,255,255,255,64,0,0,0,64,191,255,64,0,0,0,0,0,0,0,0,0,0,0,0,0,0,0,128,255,255,128,0,0,0,0,0,0,64,255,255,0,0,0,0,0,0,0,0,0,0,0,0,0,0,64,255,255,64,0,0,0,0,0,0,0,0,255,255,0,0,0,0,0,0,0,0,0,0,0,0,0,0,128,255,64,0,0,0,0,0,0,0,0,0,255,255,0,0,0,0,0,0,0,0,0,0,0,0,0,0,128,255,0,0,0,0,0,0,0,0,0,128,255,191,0,0,0,0,0,0,0,0,0,0,0,0,0,0,64,255,128,0,0,0,0,0,0,0,0,191,255,128,0,0,0,0,0,0,0,0,0,0,0,0,0,0,0,128,191,0,0,0,0,0,0,0,0,255,255,64,0,0,0,0,0,0,0,0,0,0,0,0,0,0,0,0,0,0,0,0,0,0,0,0,64,255,191,0,0,0,0,0,0,0,0,0,0,0,0,0,0,0,0,0,0,0,0,0,0,64,128,191,255,255,128,0,0,0,0,0,0,0,0,0,0,0,0,0,0,0,0,0,0,0,64,128,255,255,255,255,255,255,64,0,0,0,0,0,0,0,0,0,0,0,0,0,0,0,0,0,0,128,255,255,255,255,255,255,255,255,191,128,0,0,0,0,0,0,0,0,0,0,0,0,0,0,0,0,0,255,255,255,255,255,255,255,255,255,255,255,0,0,0,0,0,0,0,0,0,0,0,0,0,0,0,0,128,255,191,0,64,255,255,191,0,0,255,255,255,128,128,0,0,0,0,0,0,0,0,0,0,0,0,0,255,255,191,128,255,255,255,64,0,0,0,191,255,255,191,0,0,0,0,0,0,0,0,0,0,0,0,0,191,255,255,255,255,255,64,0,0,0,0,0,0,0,0,0,0,0,0,0,0,0,0,0,0,0,0,0,64,255,255,255,255,64,0,0,0,0,0,0,0,0,0,0,0,0,0,0,0,0,0,0,0,0,0,0,0,191,255,255,64,0,0,0,0,0,0,0,0,0,0,0,0,0,0,0,0,0,0,0,0,0,0,0,0,0,0,0,0,0,0,0,0,0,0,0,0,0,0,0,0,0,0,0,0,0,0,0,0,0,0,0,0,0,0,0,0,0,0,0,0,0,0,0,0,0,0,0,0,0,0,0,0,0,0,0,0,0,0,0,0,0,0,0,0,0,0,0,0,0,0,0,0,0,0,0,0,0,0,0,0,0,0,0,0,0,0,0,0,0,0,0,0,0,0,0,0,0,0,0,0,0,0,0,0,0,0,0
1,0,0,0,0,0,0,0,0,0,0,0,0,0,0,0,0,0,0,0,0,0,0,0,0,0,0,0,0,0,0,0,0,0,0,0,0,0,0,0,0,0,0,0,0,0,0,0,0,0,0,0,0,0,0,0,0,0,0,0,0,0,0,0,0,0,0,0,0,0,0,0,0,0,0,0,0,0,0,0,0,0,0,0,0,0,0,0,0,0,0,0,0,0,0,0,0,0,0,0,0,0,0,0,0,0,0,0,0,0,0,0,0,0,0,0,0,0,0,0,0,0,0,0,0,0,21,134,111,0,0,0,0,0,0,0,0,0,0,0,0,0,0,0,0,0,0,0,0,0,0,0,0,0,92,255,149,0,0,0,0,0,0,0,0,0,0,0,0,0,0,0,0,0,0,0,0,0,0,0,0,0,0,251,149,0,0,0,0,0,0,0,0,0,0,0,0,0,0,0,0,0,0,0,0,0,0,0,0,0,0,251,197,0,0,0,0,0,0,0,0,0,0,0,0,0,0,0,0,0,0,0,0,0,0,0,0,0,0,251,250,0,0,0,0,0,0,0,0,0,0,0,0,0,0,0,0,0,0,0,0,0,0,0,0,0,0,251,250,0,0,0,0,0,0,0,0,0,0,0,0,0,0,0,0,0,0,0,0,0,0,0,0,0,0,251,250,0,0,0,0,0,0,0,0,0,0,0,0,0,0,0,0,0,0,0,0,0,0,0,0,0,0,251,250,0,0,0,0,0,0,0,0,0,0,0,0,0,0,0,0,0,0,0,0,0,0,0,0,0,0,251,250,0,0,0,0,0,0,0,0,0,0,0,0,0,0,0,0,0,0,0,0,0,0,0,0,0,0,251,250,0,0,0,0,0,0,0,0,0,0,0,0,0,0,0,0,0,0,0,0,0,0,0,0,0,40,252,208,0,0,0,0,0,0,0,0,0,0,0,0,0,0,0,0,0,0,0,0,0,0,0,0,0,36,252,149,0,0,0,0,0,0,0,0,0,0,0,0,0,0,0,0,0,0,0,0,0,0,0,0,0,0,251,155,0,0,0,0,0,0,0,0,0,0,0,0,0,0,0,0,0,0,0,0,0,0,0,0,0,27,252,250,0,0,0,0,0,0,0,0,0,0,0,0,0,0,0,0,0,0,0,0,0,0,0,0,0,11,251,250,0,0,0,0,0,0,0,0,0,0,0,0,0,0,0,0,0,0,0,0,0,0,0,0,0,0,251,250,0,0,0,0,0,0,0,0,0,0,0,0,0,0,0,0,0,0,0,0,0,0,0,0,0,0,251,250,0,0,0,0,0,0,0,0,0,0,0,0,0,0,0,0,0,0,0,0,0,0,0,0,0,0,251,250,0,0,0,0,0,0,0,0,0,0,0,0,0,0,0,0,0,0,0,0,0,0,0,0,0,0,193,254,92,0,0,0,0,0,0,0,0,0,0,0,0,0,0,0,0,0,0,0,0,0,0,0,0,0,33,176,95,0,0,0,0,0,0,0,0,0,0,0,0,0,0,0,0,0,0,0,0,0,0,0,0,0,0,0,0,0,0,0,0,0,0,0,0,0,0,0,0,0,0,0,0,0,0,0,0,0,0,0,0,0,0,0,0,0,0,0,0,0,0,0,0,0,0,0,0,0,0,0,0,0,0,0,0,0,0,0,0,0,0,0,0,0,0,0,0,0,0,0,0,0,0,0,0,0,0,0,0,0,0,0,0,0,0,0,0,0,0,0,0,0,0,0,0,0,0,0,0,0,0,0
2,0,0,0,0,0,0,0,0,0,0,0,0,0,0,0,0,0,0,0,0,0,0,0,0,0,0,0,0,0,0,0,0,0,0,0,0,0,0,0,0,0,0,0,0,0,0,0,0,0,0,0,0,0,0,0,0,0,0,0,0,0,0,0,0,0,0,0,0,0,0,0,0,0,0,0,0,0,0,0,0,0,0,0,0,0,0,0,0,0,0,0,0,0,0,0,52,210,254,156,153,56,9,0,0,0,0,0,0,0,0,0,0,0,0,0,0,0,0,0,0,0,0,0,49,200,253,253,253,253,210,41,0,0,0,0,0,0,0,0,0,0,0,0,0,0,0,0,0,0,0,0,0,15,127,188,241,253,253,229,110,0,0,0,0,0,0,0,0,0,0,0,0,0,0,0,0,0,0,0,0,0,0,0,28,97,235,253,240,35,0,0,0,0,0,0,0,0,0,0,0,0,0,0,0,0,0,0,0,0,0,0,0,0,214,253,253,74,0,0,0,0,0,0,0,0,0,0,0,0,0,0,0,0,0,0,0,0,0,0,0,106,250,253,253,74,0,0,0,0,0,0,0,0,0,0,0,0,0,0,0,0,0,0,0,0,0,0,2,191,253,253,235,21,0,0,0,0,0,0,0,0,0,0,0,0,0,0,0,0,0,0,0,0,0,0,154,253,253,253,158,0,0,0,0,0,0,0,0,0,0,0,0,0,0,0,0,0,0,0,0,0,0,152,242,253,253,200,7,0,0,0,0,0,0,0,0,0,0,0,0,0,0,0,0,0,0,0,0,0,76,252,253,253,225,36,0,0,0,0,0,0,0,0,0,0,0,0,0,0,0,0,0,0,0,0,0,35,242,253,253,252,97,0,0,0,0,0,0,0,0,0,0,0,0,0,0,0,0,0,0,0,0,0,21,206,253,253,252,109,0,0,0,0,0,0,0,0,0,0,0,0,0,0,0,0,0,0,0,0,0,38,228,253,253,245,117,0,0,0,0,0,0,0,0,0,0,0,0,0,0,0,0,0,0,0,0,0,49,236,253,253,253,77,0,0,0,0,0,0,0,0,0,0,0,0,0,0,0,0,0,0,0,0,0,69,213,253,253,250,154,1,0,0,0,0,0,0,0,0,0,0,0,0,0,0,0,0,0,0,0,0,78,244,253,253,253,213,0,0,0,0,0,0,0,0,0,0,0,0,0,0,0,0,0,0,0,0,0,0,151,254,253,253,208,50,0,28,15,35,35,102,134,134,188,60,0,0,0,0,0,0,0,0,0,0,0,0,17,228,253,253,232,240,189,240,216,253,253,253,254,253,206,42,0,0,0,0,0,0,0,0,0,0,0,0,0,56,208,253,253,253,254,253,253,253,253,253,231,138,12,0,0,0,0,0,0,0,0,0,0,0,0,0,0,0,38,144,226,253,253,253,173,153,148,54,28,0,0,0,0,0,0,0,0,0,0,0,0,0,0,0,0,0,0,0,0,0,0,0,0,0,0,0,0,0,0,0,0,0,0,0,0,0,0,0,0,0,0,0,0,0,0,0,0,0,0,0,0,0,0,0,0,0,0,0,0,0,0,0,0,0,0,0,0,0,0,0,0,0,0,0,0,0,0,0,0,0,0,0,0,0,0,0,0,0,0,0,0,0,0,0,0,0,0,0,0,0,0,0,0,0,0,0,0,0,0,0,0,0,0,0,0,0,0,0,0,0,0,0,0,0,0,0,0,0,0,0,0,0,0,0,0,0,0,0,0,0,0,0,0,0,0,0,0
9,0,0,0,0,0,0,0,0,0,0,0,0,0,0,0,0,0,0,0,0,0,0,0,0,0,0,0,0,0,0,0,0,0,0,0,0,0,0,0,0,0,0,0,0,0,0,0,0,0,0,0,0,0,0,0,0,0,0,0,0,0,0,0,0,0,0,0,0,0,0,0,0,0,0,0,0,0,0,0,0,0,0,0,0,0,0,0,0,0,0,0,0,0,0,0,0,0,0,0,0,0,0,0,0,0,0,0,0,0,0,0,0,0,0,0,0,0,0,0,0,0,0,0,0,0,0,0,0,0,0,0,0,0,0,0,0,0,0,0,0,0,0,0,0,0,0,0,0,0,0,0,0,0,0,0,0,0,0,0,0,0,0,0,0,0,0,0,0,0,0,0,0,0,0,0,0,0,0,0,0,0,29,141,255,255,255,141,0,0,0,0,0,0,0,0,0,0,0,0,0,0,0,0,0,0,0,0,0,57,255,255,255,226,198,255,170,0,0,0,0,0,0,0,0,0,0,0,0,0,0,0,0,0,0,0,57,255,255,255,114,0,0,29,226,86,0,0,0,0,0,0,0,0,0,0,0,0,0,0,0,0,0,29,226,255,255,86,0,0,0,0,86,255,114,0,0,0,0,0,0,0,0,0,0,0,0,0,0,0,0,170,255,255,86,0,0,0,0,57,226,255,255,0,0,0,0,0,0,0,0,0,0,0,0,0,0,0,114,255,255,141,0,0,0,0,86,255,255,255,170,0,0,0,0,0,0,0,0,0,0,0,0,0,0,141,255,255,86,0,0,0,0,141,255,255,255,226,29,0,0,0,0,0,0,0,0,0,0,0,0,0,0,226,255,170,0,0,0,57,226,255,255,255,255,57,0,0,0,0,0,0,0,0,0,0,0,0,0,0,57,255,255,86,0,0,86,226,255,255,255,255,198,0,0,0,0,0,0,0,0,0,0,0,0,0,0,0,29,226,255,29,57,226,255,255,198,255,255,255,57,0,0,0,0,0,0,0,0,0,0,0,0,0,0,0,0,141,255,255,255,255,255,170,114,255,255,114,0,0,0,0,0,0,0,0,0,0,0,0,0,0,0,0,0,0,226,255,255,255,170,29,198,255,226,0,0,0,0,0,0,0,0,0,0,0,0,0,0,0,0,0,0,0,0,57,29,0,0,86,255,255,114,0,0,0,0,0,0,0,0,0,0,0,0,0,0,0,0,0,0,0,0,0,0,0,0,226,255,198,0,0,0,0,0,0,0,0,0,0,0,0,0,0,0,0,0,0,0,0,0,0,0,0,114,255,255,57,0,0,0,0,0,0,0,0,0,0,0,0,0,0,0,0,0,0,0,0,0,0,0,0,198,255,141,0,0,0,0,0,0,0,0,0,0,0,0,0,0,0,0,0,0,0,0,0,0,0,0,57,255,255,86,0,0,0,0,0,0,0,0,0,0,0,0,0,0,0,0,0,0,0,0,0,0,0,0,141,255,170,0,0,0,0,0,0,0,0,0,0,0,0,0,0,0,0,0,0,0,0,0,0,0,0,0,170,255,86,0,0,0,0,0,0,0,0,0,0,0,0,0,0,0,0,0,0,0,0,0,0,0,0,0,86,226,57,0,0,0,0,0,0,0,0,0,0,0,0,0,0,0,0,0,0,0,0,0,0,0,0,0,0,0,0,0,0,0,0,0,0,0,0,0,0,0,0,0,0,0,0,0,0,0,0,0,0,0,0,0,0,0,0,0,0,0,0,0,0,0,0,0,0,0,0,0
7,0,0,0,0,0,0,0,0,0,0,0,0,0,0,0,0,0,0,0,0,0,0,0,0,0,0,0,0,0,0,0,0,0,0,0,0,0,0,0,0,0,0,0,0,0,0,0,0,0,0,0,0,0,0,0,0,0,0,0,0,0,0,0,0,0,0,0,0,0,0,0,0,0,0,0,0,0,0,0,0,0,0,0,0,0,0,0,0,0,0,0,0,0,0,0,0,0,0,0,0,0,0,0,0,0,0,0,0,0,0,0,0,0,0,0,0,0,0,0,0,0,0,0,0,0,0,0,0,0,0,0,0,0,0,0,0,0,0,0,0,0,0,0,0,0,0,0,0,0,0,0,0,0,0,0,88,163,195,47,0,0,0,0,0,0,0,0,0,0,0,0,0,0,0,0,0,0,0,0,0,50,177,236,252,253,253,136,0,0,0,0,0,0,0,0,0,0,0,0,0,0,0,0,0,0,0,8,128,245,253,254,240,253,253,118,0,0,0,0,0,0,0,0,0,0,0,0,0,0,0,0,0,0,103,211,253,245,169,54,78,253,253,155,0,0,0,0,0,0,0,0,0,0,0,0,0,0,0,0,0,0,221,253,227,41,0,0,120,253,253,72,0,0,0,0,0,0,0,0,0,0,0,0,0,0,0,0,0,0,59,39,0,0,0,0,236,254,254,72,0,0,0,0,0,0,0,0,0,0,0,0,0,0,0,0,0,0,0,0,0,0,0,0,235,253,223,31,0,0,0,0,0,0,0,0,0,0,0,0,0,0,0,0,0,0,0,0,0,0,0,37,244,253,99,0,0,0,0,0,0,0,0,0,0,0,0,0,0,0,0,0,0,0,0,0,0,0,0,73,253,253,54,0,0,0,0,0,0,0,0,0,0,0,0,0,0,0,0,0,0,0,0,0,0,0,0,73,253,253,54,0,0,0,0,0,0,0,0,0,0,0,0,0,0,0,0,0,0,0,0,0,0,0,0,99,254,230,20,0,0,0,0,0,0,0,0,0,0,0,0,0,0,0,0,0,0,0,0,0,0,0,0,182,253,216,0,0,0,0,0,0,0,0,0,0,0,0,0,0,0,0,0,0,0,0,0,0,6,43,128,254,253,248,108,11,0,0,0,0,0,0,0,0,0,0,0,0,0,0,0,0,0,0,32,128,207,253,253,254,253,253,245,67,0,0,0,0,0,0,0,0,0,0,0,0,0,0,0,0,0,0,73,253,240,162,194,254,253,129,41,0,0,0,0,0,0,0,0,0,0,0,0,0,0,0,0,0,0,0,0,53,78,0,92,255,254,36,0,0,0,0,0,0,0,0,0,0,0,0,0,0,0,0,0,0,0,0,0,0,0,4,190,254,253,36,0,0,0,0,0,0,0,0,0,0,0,0,0,0,0,0,0,0,0,0,0,0,0,19,253,254,253,36,0,0,0,0,0,0,0,0,0,0,0,0,0,0,0,0,0,0,0,0,0,0,0,19,253,254,210,8,0,0,0,0,0,0,0,0,0,0,0,0,0,0,0,0,0,0,0,0,0,0,0,12,194,254,102,0,0,0,0,0,0,0,0,0,0,0,0,0,0,0,0,0,0,0,0,0,0,0,0,0,0,0,0,0,0,0,0,0,0,0,0,0,0,0,0,0,0,0,0,0,0,0,0,0,0,0,0,0,0,0,0,0,0,0,0,0,0,0,0,0,0,0,0,0,0,0,0,0,0,0,0,0,0,0,0,0,0,0,0,0,0,0,0,0,0,0,0,0,0,0,0
5,0,0,0,0,0,0,0,0,0,0,0,0,0,0,0,0,0,0,0,0,0,0,0,0,0,0,0,0,0,0,0,0,0,0,0,0,0,0,0,0,0,0,0,0,0,0,0,0,0,0,0,0,0,0,0,0,0,0,0,0,0,0,0,0,0,0,0,0,0,0,0,0,0,0,0,0,0,0,0,0,0,0,0,0,0,0,0,0,0,0,0,0,0,0,0,0,0,0,0,0,0,0,0,0,0,0,0,0,0,0,0,0,0,0,0,0,0,0,0,0,0,0,0,0,0,0,0,0,0,0,0,0,0,0,0,0,0,0,0,0,0,0,0,0,0,0,0,0,0,0,0,0,0,0,0,0,0,0,0,0,0,0,0,0,0,0,0,0,0,0,0,0,0,0,0,0,0,0,0,0,0,0,0,0,0,0,0,10,97,255,216,254,201,59,0,0,0,0,0,0,0,0,0,0,0,0,0,0,0,0,0,8,20,65,147,220,253,254,236,233,218,46,0,0,0,0,0,0,0,0,0,0,0,0,0,0,0,31,88,205,254,253,253,210,174,78,12,0,0,0,0,0,0,0,0,0,0,0,0,0,0,0,0,32,144,241,251,222,154,117,87,9,0,0,0,0,0,0,0,0,0,0,0,0,0,0,0,0,0,0,38,209,253,185,65,14,0,0,0,0,0,0,0,0,0,0,0,0,0,0,0,0,0,0,0,0,0,0,99,218,53,0,0,0,0,0,0,0,0,0,0,0,0,0,0,0,0,0,0,0,0,0,0,0,0,0,180,150,0,0,0,0,0,0,0,0,0,0,0,0,0,0,0,0,0,0,0,0,0,0,0,0,0,0,195,128,0,0,0,0,0,0,0,0,0,0,0,0,0,0,0,0,0,0,0,0,0,0,0,0,0,0,142,204,6,0,0,0,0,0,0,0,0,0,0,0,0,0,0,0,0,0,0,0,0,0,0,0,0,0,60,254,151,0,0,0,0,0,0,0,0,0,0,0,0,0,0,0,0,0,0,0,0,0,0,0,0,0,0,97,254,186,12,0,0,0,0,0,0,0,0,0,0,0,0,0,0,0,0,0,0,0,0,0,0,0,0,9,46,203,201,27,0,0,0,0,0,0,0,0,0,0,0,0,0,0,0,0,0,0,0,0,0,0,0,0,0,0,166,118,0,0,0,0,0,0,0,0,0,0,0,0,0,0,0,0,0,0,0,0,0,0,0,0,0,0,41,244,91,0,0,0,0,0,0,0,0,0,0,0,0,0,0,0,0,0,0,0,0,0,0,0,0,0,0,195,98,0,0,0,0,0,0,0,0,0,0,0,0,0,0,0,0,0,0,0,0,0,0,0,0,0,47,231,38,0,0,0,0,0,0,0,0,0,0,0,0,0,0,0,0,0,0,0,0,0,0,0,2,50,228,162,0,0,0,0,0,0,0,0,0,0,0,0,0,0,0,0,0,0,49,12,0,0,0,79,167,253,195,18,0,0,0,0,0,0,0,0,0,0,0,0,0,0,0,0,0,0,156,237,234,234,234,254,227,87,9,0,0,0,0,0,0,0,0,0,0,0,0,0,0,0,0,0,0,0,36,140,185,162,155,58,31,0,0,0,0,0,0,0,0,0,0,0,0,0,0,0,0,0,0,0,0,0,0,0,0,0,0,0,0,0,0,0,0,0,0,0,0,0,0,0,0,0,0,0,0,0,0,0,0,0,0,0,0,0,0,0,0,0,0,0,0,0,0,0,0,0,0,0,0,0,0,0
9,0,0,0,0,0,0,0,0,0,0,0,0,0,0,0,0,0,0,0,0,0,0,0,0,0,0,0,0,0,0,0,0,0,0,0,0,0,0,0,0,0,0,0,0,0,0,0,0,0,0,0,0,0,0,0,0,0,0,0,0,0,0,0,0,0,0,0,0,0,0,0,0,0,0,0,0,0,0,0,0,0,0,0,0,0,0,0,0,0,0,0,0,0,0,0,0,0,0,0,0,0,0,0,0,0,0,0,0,0,0,0,0,0,0,0,0,0,0,0,0,0,0,0,0,0,0,0,0,0,0,0,0,0,0,0,0,0,0,0,0,0,0,0,0,0,0,0,0,0,0,0,0,0,0,0,0,0,0,0,0,0,0,0,0,0,0,0,0,0,0,0,0,0,0,0,0,0,0,0,49,159,197,239,255,157,26,0,0,0,0,0,0,0,0,0,0,0,0,0,0,0,0,0,0,0,0,21,246,254,254,254,254,254,185,27,0,0,0,0,0,0,0,0,0,0,0,0,0,0,0,0,0,5,181,236,254,225,204,130,116,149,254,67,0,0,0,0,0,0,0,0,0,0,0,0,0,0,0,0,0,48,254,254,193,23,0,0,0,1,183,173,0,0,0,0,0,0,0,0,0,0,0,0,0,0,0,0,16,224,254,246,4,0,0,0,0,0,169,240,65,0,0,0,0,0,0,0,0,0,0,0,0,0,0,0,39,254,247,101,0,0,0,0,0,0,169,254,134,0,0,0,0,0,0,0,0,0,0,0,0,0,0,0,126,254,157,0,0,0,0,0,0,0,109,254,191,13,0,0,0,0,0,0,0,0,0,0,0,0,0,0,126,254,188,0,0,0,0,0,0,0,81,254,200,0,0,0,0,0,0,0,0,0,0,0,0,0,0,0,126,254,239,0,0,0,0,0,0,0,81,254,200,0,0,0,0,0,0,0,0,0,0,0,0,0,0,0,15,207,253,71,0,0,0,0,0,19,203,254,200,0,0,0,0,0,0,0,0,0,0,0,0,0,0,0,0,145,245,194,65,32,48,131,178,226,254,254,200,0,0,0,0,0,0,0,0,0,0,0,0,0,0,0,0,0,109,220,254,254,247,254,202,145,151,254,200,0,0,0,0,0,0,0,0,0,0,0,0,0,0,0,0,0,0,49,158,223,57,71,16,0,81,254,220,13,0,0,0,0,0,0,0,0,0,0,0,0,0,0,0,0,0,0,0,0,0,0,0,0,81,254,254,35,0,0,0,0,0,0,0,0,0,0,0,0,0,0,0,0,0,0,0,0,0,0,0,0,81,254,239,26,0,0,0,0,0,0,0,0,0,0,0,0,0,0,0,0,0,0,0,0,0,0,0,0,81,254,200,0,0,0,0,0,0,0,0,0,0,0,0,0,0,0,0,0,0,0,0,0,0,0,0,0,40,249,246,31,0,0,0,0,0,0,0,0,0,0,0,0,0,0,0,0,0,0,0,0,0,0,0,0,0,246,254,35,0,0,0,0,0,0,0,0,0,0,0,0,0,0,0,0,0,0,0,0,0,0,0,0,0,246,254,35,0,0,0,0,0,0,0,0,0,0,0,0,0,0,0,0,0,0,0,0,0,0,0,0,0,183,235,23,0,0,0,0,0,0,0,0,0,0,0,0,0,0,0,0,0,0,0,0,0,0,0,0,0,0,0,0,0,0,0,0,0,0,0,0,0,0,0,0,0,0,0,0,0,0,0,0,0,0,0,0,0,0,0,0,0,0,0,0,0,0,0
2,0,0,0,0,0,0,0,0,0,0,0,0,0,0,0,0,0,0,0,0,0,0,0,0,0,0,0,0,0,0,0,0,0,0,0,0,0,0,0,0,0,0,0,0,0,0,0,0,0,0,0,0,0,0,0,0,0,0,0,0,0,0,0,0,0,0,0,0,0,0,0,0,0,0,0,0,0,0,0,0,0,0,0,0,0,0,0,0,0,0,0,59,170,200,175,218,254,146,35,0,0,0,0,0,0,0,0,0,0,0,0,0,0,0,0,0,0,0,91,244,253,254,253,253,253,254,244,78,0,0,0,0,0,0,0,0,0,0,0,0,0,0,0,0,0,29,214,253,217,147,194,152,225,254,253,226,71,0,0,0,0,0,0,0,0,0,0,0,0,0,0,0,0,98,253,193,38,0,0,0,12,104,211,253,223,25,0,0,0,0,0,0,0,0,0,0,0,0,0,0,0,61,109,0,0,0,0,0,0,0,13,167,254,162,0,0,0,0,0,0,0,0,0,0,0,0,0,0,0,0,0,0,0,0,0,0,0,0,0,14,190,249,45,0,0,0,0,0,0,0,0,0,0,0,0,0,0,0,0,0,0,0,0,0,0,0,0,0,79,254,125,0,0,0,0,0,0,0,0,0,0,0,0,0,0,0,0,0,0,0,0,0,0,0,0,0,55,254,136,0,0,0,0,0,0,0,0,0,0,0,0,0,0,0,0,0,0,0,0,0,0,0,0,0,0,200,190,0,0,0,0,0,0,0,0,0,0,0,0,0,0,0,0,0,0,0,0,0,0,0,0,0,0,139,214,0,0,0,0,0,0,0,0,0,0,0,0,0,0,0,0,0,0,0,0,0,0,0,0,0,0,98,235,21,0,0,0,0,0,0,0,0,0,0,0,0,0,0,0,0,0,0,0,0,0,0,0,0,0,98,229,15,0,0,0,0,0,0,0,0,0,0,0,0,0,0,0,0,0,0,0,0,13,50,122,98,26,158,214,0,0,0,0,0,0,0,0,0,0,0,0,0,0,0,0,0,0,0,0,64,225,254,253,253,253,254,214,0,0,0,0,0,0,0,0,0,0,0,0,0,0,0,0,0,0,0,10,212,253,254,253,253,253,254,223,9,0,0,0,0,0,0,0,0,0,0,0,0,0,0,0,0,0,0,135,253,181,98,37,104,247,254,253,177,30,0,0,0,0,0,0,0,0,0,0,0,0,0,0,0,0,8,218,254,62,0,0,29,242,255,254,254,181,37,0,0,0,0,0,0,0,0,0,0,0,0,0,0,0,11,226,253,253,147,195,226,253,136,214,253,253,231,159,156,6,0,0,0,0,0,0,0,0,0,0,0,0,0,177,253,253,254,253,253,168,0,30,214,253,254,253,111,0,0,0,0,0,0,0,0,0,0,0,0,0,0,21,139,223,254,217,91,8,0,0,29,169,175,79,3,0,0,0,0,0,0,0,0,0,0,0,0,0,0,0,0,0,0,0,0,0,0,0,0,0,0,0,0,0,0,0,0,0,0,0,0,0,0,0,0,0,0,0,0,0,0,0,0,0,0,0,0,0,0,0,0,0,0,0,0,0,0,0,0,0,0,0,0,0,0,0,0,0,0,0,0,0,0,0,0,0,0,0,0,0,0,0,0,0,0,0,0,0,0,0,0,0,0,0,0,0,0,0,0,0,0,0,0,0,0,0,0,0,0,0,0,0,0,0,0,0,0,0,0,0,0,0,0,0,0,0,0,0,0,0,0,0,0,0,0,0,0,0,0
6,0,0,0,0,0,0,0,0,0,0,0,0,0,0,0,0,0,0,0,0,0,0,0,0,0,0,0,0,0,0,0,0,0,0,0,0,0,0,0,0,0,0,0,0,0,0,0,0,0,0,0,0,0,0,0,0,0,0,0,0,0,0,0,0,0,0,0,0,0,0,0,0,0,0,0,0,0,0,0,0,0,0,0,0,0,0,0,0,0,0,0,0,0,0,0,0,0,0,0,1,94,254,254,72,0,0,0,0,0,0,0,0,0,0,0,0,0,0,0,0,0,0,0,0,0,0,0,94,253,253,253,72,0,0,0,0,0,0,0,0,0,0,0,0,0,0,0,0,0,0,0,0,0,16,95,254,253,253,253,72,0,0,0,0,0,0,0,0,0,0,0,0,0,0,0,0,0,0,0,0,19,195,253,254,230,246,181,24,0,0,0,0,0,0,0,0,0,0,0,0,0,0,0,0,0,0,0,0,184,253,253,188,38,62,0,0,0,0,0,0,0,0,0,0,0,0,0,0,0,0,0,0,0,0,0,25,228,253,218,0,0,0,0,0,0,0,0,0,0,0,0,0,0,0,0,0,0,0,0,0,0,0,0,85,253,253,34,0,0,0,0,0,0,0,0,0,0,0,0,0,0,0,0,0,0,0,0,0,0,0,28,207,253,159,2,0,0,0,0,0,0,0,0,0,0,0,0,0,0,0,0,0,0,0,0,0,0,0,73,253,253,144,0,0,0,0,0,0,0,0,0,0,0,0,0,0,0,0,0,0,0,0,0,0,0,0,73,253,253,29,0,0,0,0,0,0,0,0,0,0,0,0,0,0,0,0,0,0,0,0,0,0,0,0,74,254,208,24,7,0,0,0,0,0,0,0,0,0,0,0,0,0,0,0,0,0,0,0,0,0,0,0,130,253,253,243,62,0,0,0,0,0,0,0,0,0,0,0,0,0,0,0,0,0,0,0,0,0,0,0,73,253,253,212,100,158,157,83,13,0,0,0,0,0,0,0,0,0,0,0,0,0,0,0,0,0,0,0,73,253,253,253,253,254,253,253,108,0,0,0,0,0,0,0,0,0,0,0,0,0,0,0,0,0,0,0,73,253,253,253,224,196,253,253,216,18,0,0,0,0,0,0,0,0,0,0,0,0,0,0,0,0,0,0,52,240,253,253,40,3,171,253,253,107,0,0,0,0,0,0,0,0,0,0,0,0,0,0,0,0,0,0,0,206,253,253,52,0,47,253,253,193,0,0,0,0,0,0,0,0,0,0,0,0,0,0,0,0,0,0,0,159,253,253,236,219,221,253,253,193,0,0,0,0,0,0,0,0,0,0,0,0,0,0,0,0,0,0,0,8,169,253,253,254,253,253,253,193,0,0,0,0,0,0,0,0,0,0,0,0,0,0,0,0,0,0,0,0,5,64,132,138,253,178,132,43,0,0,0,0,0,0,0,0,0,0,0,0,0,0,0,0,0,0,0,0,0,0,0,0,0,0,0,0,0,0,0,0,0,0,0,0,0,0,0,0,0,0,0,0,0,0,0,0,0,0,0,0,0,0,0,0,0,0,0,0,0,0,0,0,0,0,0,0,0,0,0,0,0,0,0,0,0,0,0,0,0,0,0,0,0,0,0,0,0,0,0,0,0,0,0,0,0,0,0,0,0,0,0,0,0,0,0,0,0,0,0,0,0,0,0,0,0,0,0,0,0,0,0,0,0,0,0,0,0,0,0,0,0,0,0,0,0,0,0,0,0,0,0,0,0,0,0,0
4,0,0,0,0,0,0,0,0,0,0,0,0,0,0,0,0,0,0,0,0,0,0,0,0,0,0,0,0,0,0,0,0,0,0,0,0,0,0,0,0,0,0,0,0,0,0,0,0,0,0,0,0,0,0,0,0,0,0,0,0,0,0,0,0,0,0,0,0,0,0,0,0,0,0,0,0,0,0,0,0,0,0,0,0,0,0,0,0,0,0,0,0,0,0,0,0,0,0,0,0,0,0,0,0,0,0,0,0,0,0,0,0,0,0,0,0,0,0,0,0,0,0,0,0,0,0,0,0,0,0,0,0,0,0,0,0,0,0,0,0,0,0,0,0,0,0,0,0,0,0,0,0,0,0,0,0,0,0,0,0,0,0,0,0,0,0,0,0,0,0,0,0,0,0,0,0,0,0,0,0,0,0,0,0,0,0,0,0,0,0,0,0,0,0,0,0,0,0,0,0,24,112,43,0,0,0,0,0,0,0,0,0,0,0,72,190,111,4,0,0,0,0,0,0,0,0,0,0,190,251,220,48,0,0,0,0,0,0,0,0,0,0,174,251,251,110,0,0,0,0,0,0,0,0,0,84,244,251,251,94,0,0,0,0,0,0,0,0,0,0,253,251,251,148,0,0,0,0,0,0,0,0,0,194,251,251,211,35,0,0,0,0,0,0,0,0,0,0,153,251,251,31,0,0,0,0,0,0,0,0,0,255,253,253,31,0,0,0,0,0,0,0,0,0,0,0,96,253,253,91,0,0,0,0,0,0,0,0,0,253,251,251,31,0,32,32,32,171,190,191,190,190,190,190,214,251,251,196,12,0,0,0,0,0,0,0,0,253,251,251,141,127,253,251,251,251,251,253,251,251,251,251,253,251,251,251,173,0,0,0,0,0,0,0,0,253,251,251,251,251,253,251,251,251,251,253,251,251,235,228,253,251,251,251,113,0,0,0,0,0,0,0,0,153,251,251,251,251,253,251,172,94,94,95,94,94,70,59,153,251,251,251,94,0,0,0,0,0,0,0,0,0,120,158,158,158,255,63,0,0,0,0,0,0,0,0,60,230,253,253,95,0,0,0,0,0,0,0,0,0,0,0,0,0,63,16,0,0,0,0,0,0,0,0,0,71,251,251,114,0,0,0,0,0,0,0,0,0,0,0,0,0,0,0,0,0,0,0,0,0,0,0,0,32,251,251,251,0,0,0,0,0,0,0,0,0,0,0,0,0,0,0,0,0,0,0,0,0,0,0,0,32,251,251,251,0,0,0,0,0,0,0,0,0,0,0,0,0,0,0,0,0,0,0,0,0,0,0,0,32,251,251,251,0,0,0,0,0,0,0,0,0,0,0,0,0,0,0,0,0,0,0,0,0,0,0,0,32,253,253,193,0,0,0,0,0,0,0,0,0,0,0,0,0,0,0,0,0,0,0,0,0,0,0,0,32,251,251,94,0,0,0,0,0,0,0,0,0,0,0,0,0,0,0,0,0,0,0,0,0,0,0,0,16,188,219,47,0,0,0,0,0,0,0,0,0,0,0,0,0,0,0,0,0,0,0,0,0,0,0,0,0,16,23,0,0,0,0,0,0,0,0,0,0,0,0,0,0,0,0,0,0,0,0,0,0,0,0,0,0,0,0,0,0,0,0,0,0,0,0,0,0,0,0,0,0,0,0,0,0,0,0,0,0,0,0,0,0,0,0,0,0,0,0,0,0,0,0,0,0,0,0,0,0,0,0,0,0,0,0,0,0,0,0,0,0,0,0,0,0,0,0,0,0
1,0,0,0,0,0,0,0,0,0,0,0,0,0,0,0,0,0,0,0,0,0,0,0,0,0,0,0,0,0,0,0,0,0,0,0,0,0,0,0,0,0,0,0,0,0,0,0,0,0,0,0,0,0,0,0,0,0,0,0,0,0,0,0,0,0,0,0,0,0,0,0,0,0,0,0,0,0,0,0,0,0,0,0,0,0,0,0,0,0,0,0,0,0,0,0,0,0,0,0,0,0,0,0,0,0,0,0,0,0,0,0,0,0,0,0,0,0,0,0,0,0,0,0,0,0,0,0,0,0,0,0,0,0,0,0,0,0,0,0,0,0,0,0,0,0,0,0,0,0,0,0,0,0,0,0,0,64,255,191,0,0,0,0,0,0,0,0,0,0,0,0,0,0,0,0,0,0,0,0,0,0,0,0,191,255,255,191,0,0,0,0,0,0,0,0,0,0,0,0,0,0,0,0,0,0,0,0,0,0,0,64,255,255,255,64,0,0,0,0,0,0,0,0,0,0,0,0,0,0,0,0,0,0,0,0,0,0,0,255,255,255,64,0,0,0,0,0,0,0,0,0,0,0,0,0,0,0,0,0,0,0,0,0,0,0,64,255,255,255,0,0,0,0,0,0,0,0,0,0,0,0,0,0,0,0,0,0,0,0,0,0,0,0,191,255,255,128,0,0,0,0,0,0,0,0,0,0,0,0,0,0,0,0,0,0,0,0,0,0,0,128,255,255,255,64,0,0,0,0,0,0,0,0,0,0,0,0,0,0,0,0,0,0,0,0,0,0,0,128,255,255,128,0,0,0,0,0,0,0,0,0,0,0,0,0,0,0,0,0,0,0,0,0,0,0,0,128,255,255,128,0,0,0,0,0,0,0,0,0,0,0,0,0,0,0,0,0,0,0,0,0,0,0,0,255,255,255,128,0,0,0,0,0,0,0,0,0,0,0,0,0,0,0,0,0,0,0,0,0,0,0,0,255,255,255,64,0,0,0,0,0,0,0,0,0,0,0,0,0,0,0,0,0,0,0,0,0,0,0,0,191,255,255,64,0,0,0,0,0,0,0,0,0,0,0,0,0,0,0,0,0,0,0,0,0,0,0,0,255,255,255,128,0,0,0,0,0,0,0,0,0,0,0,0,0,0,0,0,0,0,0,0,0,0,0,64,255,255,255,0,0,0,0,0,0,0,0,0,0,0,0,0,0,0,0,0,0,0,0,0,0,0,0,128,255,255,128,0,0,0,0,0,0,0,0,0,0,0,0,0,0,0,0,0,0,0,0,0,0,0,0,128,255,255,128,0,0,0,0,0,0,0,0,0,0,0,0,0,0,0,0,0,0,0,0,0,0,0,0,128,255,255,128,0,0,0,0,0,0,0,0,0,0,0,0,0,0,0,0,0,0,0,0,0,0,0,0,191,255,255,0,0,0,0,0,0,0,0,0,0,0,0,0,0,0,0,0,0,0,0,0,0,0,0,0,128,255,255,0,0,0,0,0,0,0,0,0,0,0,0,0,0,0,0,0,0,0,0,0,0,0,0,0,128,255,255,0,0,0,0,0,0,0,0,0,0,0,0,0,0,0,0,0,0,0,0,0,0,0,0,0,0,0,0,0,0,0,0,0,0,0,0,0,0,0,0,0,0,0,0,0,0,0,0,0,0,0,0,0,0,0,0,0,0,0,0,0,0,0,0,0,0,0,0,0,0,0,0,0,0,0,0,0,0,0,0,0,0,0,0,0,0,0,0,0,0,0,0,0,0,0,0,0,0
5,0,0,0,0,0,0,0,0,0,0,0,0,0,0,0,0,0,0,0,0,0,0,0,0,0,0,0,0,0,0,0,0,0,0,0,0,0,0,0,0,0,0,0,0,0,0,0,0,0,0,0,0,0,0,0,0,0,0,0,0,0,0,0,0,0,0,0,0,0,0,0,0,0,0,0,0,0,0,0,0,0,0,0,0,0,0,0,0,0,0,0,0,0,0,0,0,0,0,0,0,0,0,0,0,0,0,0,0,0,0,0,0,0,0,0,0,0,0,0,0,0,0,0,0,68,231,254,254,95,0,0,0,0,0,0,0,0,0,0,0,0,0,0,0,0,0,0,0,0,7,113,210,251,253,224,105,54,0,0,0,0,0,0,0,0,0,0,0,0,0,0,0,0,0,0,0,6,195,253,253,202,89,2,0,0,0,0,0,0,0,0,0,0,0,0,0,0,0,0,0,0,0,0,0,107,253,243,128,16,0,0,0,0,0,0,0,0,0,0,0,0,0,0,0,0,0,0,0,0,0,0,0,121,253,124,0,0,0,0,0,0,0,0,0,0,0,0,0,0,0,0,0,0,0,0,0,0,0,0,0,120,253,124,0,0,0,0,0,0,0,0,0,0,0,0,0,0,0,0,0,0,0,0,0,0,0,0,0,121,253,157,0,0,0,0,0,0,0,0,0,0,0,0,0,0,0,0,0,0,0,0,0,0,0,0,0,120,253,240,139,85,26,0,0,0,0,0,0,0,0,0,0,0,0,0,0,0,0,0,0,0,0,0,0,44,253,253,253,253,231,97,19,0,0,0,0,0,0,0,0,0,0,0,0,0,0,0,0,0,0,0,0,1,156,228,203,203,242,253,250,113,0,0,0,0,0,0,0,0,0,0,0,0,0,0,0,0,0,0,0,0,15,24,0,0,38,109,231,242,153,2,0,0,0,0,0,0,0,0,0,0,0,0,0,0,0,0,0,0,0,0,0,0,0,0,41,231,253,146,0,0,0,0,0,0,0,0,0,0,0,0,0,0,0,0,0,0,0,0,0,0,0,0,0,49,191,243,116,0,0,0,0,0,0,0,0,0,0,0,0,0,0,0,0,0,0,0,0,0,0,0,0,0,44,230,235,21,0,0,0,0,0,0,0,0,0,0,0,0,0,0,0,0,0,0,0,0,0,0,0,0,0,121,254,131,2,0,0,0,0,0,0,0,0,0,0,0,0,0,0,0,0,53,179,81,0,0,0,0,0,48,244,253,20,0,0,0,0,0,0,0,0,0,0,0,0,0,0,0,0,117,254,227,98,35,21,0,0,0,197,253,33,0,0,0,0,0,0,0,0,0,0,0,0,0,0,0,0,8,64,243,254,253,227,190,106,91,145,253,120,0,0,0,0,0,0,0,0,0,0,0,0,0,0,0,0,0,0,9,86,216,253,254,253,253,254,239,59,0,0,0,0,0,0,0,0,0,0,0,0,0,0,0,0,0,0,0,0,11,54,78,159,226,153,67,0,0,0,0,0,0,0,0,0,0,0,0,0,0,0,0,0,0,0,0,0,0,0,0,0,0,0,0,0,0,0,0,0,0,0,0,0,0,0,0,0,0,0,0,0,0,0,0,0,0,0,0,0,0,0,0,0,0,0,0,0,0,0,0,0,0,0,0,0,0,0,0,0,0,0,0,0,0,0,0,0,0,0,0,0,0,0,0,0,0,0,0,0,0,0,0,0,0,0,0,0,0,0,0,0,0,0,0,0,0,0,0,0,0,0,0,0,0,0
8,0,0,0,0,0,0,0,0,0,0,0,0,0,0,0,0,0,0,0,0,0,0,0,0,0,0,0,0,0,0,0,0,0,0,0,0,0,0,0,0,0,0,0,0,0,0,0,0,0,0,0,0,0,0,0,0,0,0,0,0,0,0,0,0,0,0,0,0,0,0,0,0,0,0,0,0,0,0,0,0,0,0,0,0,0,0,0,0,0,0,0,0,0,0,0,0,0,0,0,0,0,0,0,0,0,0,0,0,0,0,0,0,0,0,0,0,0,0,0,0,0,0,0,0,0,0,0,0,0,0,0,0,0,0,0,0,0,0,0,0,0,0,0,0,0,0,0,0,0,0,0,210,254,189,0,0,0,0,0,0,0,0,0,0,0,0,0,0,0,0,0,0,0,0,0,0,0,0,143,252,253,128,0,0,0,0,0,0,0,0,0,0,0,0,0,0,0,0,0,0,0,0,0,0,0,144,251,253,185,3,0,0,101,241,241,241,155,0,0,0,0,0,0,0,0,0,0,0,0,0,0,0,41,235,253,221,107,0,0,103,248,253,253,188,71,0,0,0,0,0,0,0,0,0,0,0,0,0,0,0,216,253,220,41,0,0,104,246,253,101,25,10,0,0,0,0,0,0,0,0,0,0,0,0,0,0,0,38,237,253,122,0,0,0,189,253,237,54,0,0,0,0,0,0,0,0,0,0,0,0,0,0,0,0,0,148,253,175,6,0,0,100,244,253,97,0,0,0,0,0,0,0,0,0,0,0,0,0,0,0,0,0,35,241,253,162,0,65,116,243,253,226,38,0,0,0,0,0,0,0,0,0,0,0,0,0,0,0,0,0,112,253,253,188,183,244,253,253,253,253,218,67,0,0,0,0,0,0,0,0,0,0,0,0,0,0,0,0,112,253,253,253,253,253,253,253,253,253,253,215,104,0,0,0,0,0,0,0,0,0,0,0,0,0,0,0,112,253,253,253,203,194,241,253,209,206,253,253,228,23,0,0,0,0,0,0,0,0,0,0,0,0,0,0,31,71,138,71,11,0,202,253,65,15,95,236,253,124,0,0,0,0,0,0,0,0,0,0,0,0,0,0,0,0,0,0,0,0,179,253,65,0,0,170,253,227,0,0,0,0,0,0,0,0,0,0,0,0,0,0,0,0,0,0,0,0,72,253,65,0,0,83,253,245,70,0,0,0,0,0,0,0,0,0,0,0,0,0,0,0,0,0,0,0,72,253,81,0,0,35,242,253,104,0,0,0,0,0,0,0,0,0,0,0,0,0,0,0,0,0,0,0,28,218,231,125,0,0,163,253,104,0,0,0,0,0,0,0,0,0,0,0,0,0,0,0,0,0,0,0,0,114,248,232,60,10,170,253,104,0,0,0,0,0,0,0,0,0,0,0,0,0,0,0,0,0,0,0,0,0,182,253,253,197,253,253,104,0,0,0,0,0,0,0,0,0,0,0,0,0,0,0,0,0,0,0,0,0,27,144,253,253,253,253,104,0,0,0,0,0,0,0,0,0,0,0,0,0,0,0,0,0,0,0,0,0,0,26,146,253,253,172,51,0,0,0,0,0,0,0,0,0,0,0,0,0,0,0,0,0,0,0,0,0,0,0,0,0,0,0,0,0,0,0,0,0,0,0,0,0,0,0,0,0,0,0,0,0,0,0,0,0,0,0,0,0,0,0,0,0,0,0,0,0,0,0,0,0,0,0,0,0,0,0,0,0,0,0,0,0,0,0,0,0,0,0,0,0,0,0,0,0,0,0
2,0,0,0,0,0,0,0,0,0,0,0,0,0,0,0,0,0,0,0,0,0,0,0,0,0,0,0,0,0,0,0,0,0,0,0,0,0,0,0,0,0,0,0,0,0,0,0,0,0,0,0,0,0,0,0,0,0,0,0,0,0,0,0,0,0,0,0,0,0,0,0,0,0,0,0,0,0,0,0,0,0,0,0,0,0,0,0,0,0,0,0,0,0,0,0,0,0,0,14,63,136,252,255,232,102,0,0,0,0,0,0,0,0,0,0,0,0,0,0,0,0,0,0,0,23,119,231,253,253,253,253,253,219,25,0,0,0,0,0,0,0,0,0,0,0,0,0,0,0,0,2,120,223,253,253,233,200,87,204,253,188,0,0,0,0,0,0,0,0,0,0,0,0,0,0,0,0,0,128,253,253,237,92,41,0,46,253,253,155,0,0,0,0,0,0,0,0,0,0,0,0,0,0,0,73,194,251,192,47,36,0,0,0,227,253,215,13,0,0,0,0,0,0,0,0,0,0,0,0,0,0,0,170,147,144,13,0,0,0,0,149,253,253,156,0,0,0,0,0,0,0,0,0,0,0,0,0,0,0,0,5,0,0,0,0,0,0,149,252,253,167,4,0,0,0,0,0,0,0,0,0,0,0,0,0,0,0,0,0,0,0,0,0,0,55,236,253,224,47,0,0,0,0,0,0,0,0,0,0,0,0,0,0,0,0,0,0,0,0,0,0,10,205,253,235,4,0,0,0,0,0,0,0,0,0,0,0,0,0,0,0,0,0,0,0,0,0,0,30,195,253,187,43,0,0,0,0,0,0,0,0,0,0,0,0,0,0,0,0,0,0,0,0,0,0,55,205,253,230,56,0,0,0,0,0,0,0,0,0,0,0,0,0,0,0,0,0,0,0,0,0,0,94,236,253,231,56,0,0,0,0,0,0,0,0,0,0,0,0,0,0,0,0,0,0,0,0,0,0,48,247,253,235,53,0,0,0,0,0,0,0,0,0,0,0,0,0,0,0,0,0,0,0,0,0,0,46,182,253,236,104,0,0,0,0,0,0,0,0,0,0,0,0,0,0,0,0,0,0,0,0,0,0,23,163,253,253,99,0,0,0,0,0,0,0,0,0,0,0,0,0,0,0,0,0,0,0,0,0,0,33,201,253,253,93,0,0,0,0,0,0,0,0,0,0,0,0,0,0,0,0,0,0,0,0,0,0,26,231,253,253,146,3,0,0,16,66,66,6,31,39,66,66,66,9,0,0,0,0,0,0,0,0,0,0,129,253,253,253,207,201,201,201,213,253,253,206,226,232,253,253,253,128,0,0,0,0,0,0,0,0,0,0,154,253,253,253,253,253,253,253,253,253,253,253,253,253,253,253,173,37,0,0,0,0,0,0,0,0,0,0,27,135,135,135,240,253,253,178,135,135,135,135,135,135,135,105,4,0,0,0,0,0,0,0,0,0,0,0,0,0,0,0,0,0,0,0,0,0,0,0,0,0,0,0,0,0,0,0,0,0,0,0,0,0,0,0,0,0,0,0,0,0,0,0,0,0,0,0,0,0,0,0,0,0,0,0,0,0,0,0,0,0,0,0,0,0,0,0,0,0,0,0,0,0,0,0,0,0,0,0,0,0,0,0,0,0,0,0,0,0,0,0,0,0,0,0,0,0,0,0,0,0,0,0,0,0,0,0,0,0,0,0,0,0,0,0,0,0,0,0,0,0,0,0,0,0,0,0,0,0,0,0,0,0,0,0,0,0,0,0,0,0,0
9,0,0,0,0,0,0,0,0,0,0,0,0,0,0,0,0,0,0,0,0,0,0,0,0,0,0,0,0,0,0,0,0,0,0,0,0,0,0,0,0,0,0,0,0,0,0,0,0,0,0,0,0,0,0,0,0,0,0,0,0,0,0,0,0,0,0,0,0,0,0,0,0,0,0,0,0,0,0,0,0,0,0,0,0,0,0,0,0,0,0,0,0,0,0,0,0,0,0,0,0,0,0,0,0,0,0,0,0,0,0,0,0,0,0,0,0,0,0,0,0,0,0,0,0,0,0,0,0,0,0,0,0,0,0,0,0,0,0,0,0,0,0,0,0,0,0,0,0,0,0,0,0,0,0,0,0,0,0,0,0,0,0,0,0,0,0,0,0,0,0,0,0,0,0,0,0,0,0,15,96,218,209,148,148,139,14,0,0,0,0,0,0,0,0,0,0,0,0,0,0,0,0,0,0,0,0,164,252,252,252,253,252,252,163,0,0,0,0,0,0,0,0,0,0,0,0,0,0,0,0,0,0,0,101,247,252,252,252,236,252,252,221,21,0,0,0,0,0,0,0,0,0,0,0,0,0,0,0,0,0,98,253,252,252,210,84,14,211,252,252,42,0,0,0,0,0,0,0,0,0,0,0,0,0,0,0,0,27,228,253,252,190,31,0,0,190,252,252,129,0,0,0,0,0,0,0,0,0,0,0,0,0,0,0,0,64,253,254,239,62,0,0,0,129,253,253,253,0,0,0,0,0,0,0,0,0,0,0,0,0,0,0,0,64,252,253,89,0,0,0,0,21,237,252,252,0,0,0,0,0,0,0,0,0,0,0,0,0,0,0,0,59,249,253,63,0,0,0,0,0,223,252,252,98,0,0,0,0,0,0,0,0,0,0,0,0,0,0,0,0,185,253,89,0,0,0,0,0,153,252,252,80,0,0,0,0,0,0,0,0,0,0,0,0,0,0,0,0,106,253,239,17,0,0,0,0,232,252,252,0,0,0,0,0,0,0,0,0,0,0,0,0,0,0,0,0,0,255,253,104,32,0,0,32,237,253,253,0,0,0,0,0,0,0,0,0,0,0,0,0,0,0,0,0,0,253,252,252,237,190,191,237,252,252,137,0,0,0,0,0,0,0,0,0,0,0,0,0,0,0,0,0,0,38,205,251,252,252,253,252,252,252,42,0,0,0,0,0,0,0,0,0,0,0,0,0,0,0,0,0,0,0,0,77,111,189,145,145,247,252,42,0,0,0,0,0,0,0,0,0,0,0,0,0,0,0,0,0,0,0,0,0,0,0,0,0,232,252,218,0,0,0,0,0,0,0,0,0,0,0,0,0,0,0,0,0,0,0,0,0,0,0,0,0,233,253,253,0,0,0,0,0,0,0,0,0,0,0,0,0,0,0,0,0,0,0,0,0,0,0,0,0,232,252,208,71,0,0,0,0,0,0,0,0,0,0,0,0,0,0,0,0,0,0,0,0,0,0,0,0,232,252,252,250,58,0,0,0,0,0,0,0,0,0,0,0,0,0,0,0,0,0,0,0,0,0,0,0,206,252,252,253,63,0,0,0,0,0,0,0,0,0,0,0,0,0,0,0,0,0,0,0,0,0,0,0,127,252,252,253,63,0,0,0,0,0,0,0,0,0,0,0,0,0,0,0,0,0,0,0,0,0,0,0,0,0,0,0,0,0,0,0,0,0,0,0,0,0,0,0,0,0,0,0,0,0,0,0,0,0,0,0,0,0,0,0,0,0,0,0,0,0,0,0
2,0,0,0,0,0,0,0,0,0,0,0,0,0,0,0,0,0,0,0,0,0,0,0,0,0,0,0,0,0,0,0,0,0,0,0,0,0,0,0,0,0,0,0,0,0,0,0,0,0,0,0,0,0,0,0,0,0,0,0,0,0,0,0,0,0,0,0,0,0,0,0,0,0,0,0,0,0,0,0,0,0,0,0,0,0,0,0,0,0,0,0,0,0,0,0,0,0,0,0,0,0,0,0,0,0,0,0,0,0,0,0,0,0,0,0,0,0,0,0,0,3,99,167,253,149,81,13,0,0,0,0,0,0,0,0,0,0,0,0,0,0,0,0,0,0,0,0,0,44,245,252,252,252,252,252,81,0,0,0,0,0,0,0,0,0,0,0,0,0,0,0,0,0,0,0,0,0,69,130,245,252,252,252,249,67,0,0,0,0,0,0,0,0,0,0,0,0,0,0,0,0,0,0,0,0,0,0,68,205,252,252,253,135,42,0,0,0,0,0,0,0,0,0,0,0,0,0,0,0,0,0,0,0,0,0,0,28,124,249,253,252,224,20,0,0,0,0,0,0,0,0,0,0,0,0,0,0,0,0,0,0,0,0,0,0,0,241,253,252,252,84,0,0,0,0,0,0,0,0,0,0,0,0,0,0,0,0,0,0,0,0,0,0,0,46,253,252,252,84,0,0,0,0,0,0,0,0,0,0,0,0,0,0,0,0,0,0,0,0,0,0,0,0,253,252,252,129,0,0,0,0,0,0,0,0,0,0,0,0,0,0,0,0,0,0,0,0,0,0,0,0,253,252,252,204,0,0,0,0,0,0,0,0,0,0,0,0,0,0,0,0,0,0,29,87,0,0,0,0,253,252,252,146,0,0,0,0,0,0,0,0,0,0,0,0,0,0,0,0,0,90,219,253,213,87,7,122,255,253,253,84,0,0,0,0,0,0,0,0,0,0,0,0,0,0,0,0,4,177,252,252,252,252,206,196,253,252,252,84,0,0,0,0,0,0,0,0,0,0,0,0,0,0,0,0,54,252,252,252,252,252,252,252,253,252,230,32,0,0,0,0,0,0,0,0,0,0,0,0,0,0,0,0,157,252,252,146,221,252,252,252,253,247,118,0,0,0,0,0,0,0,0,0,0,0,0,0,0,0,0,0,62,232,252,232,239,252,252,252,253,234,23,0,0,0,0,0,0,0,0,0,0,0,0,0,0,0,0,0,0,169,252,252,252,252,252,252,253,252,198,59,0,0,0,0,0,0,0,0,0,0,0,0,0,0,0,0,0,55,167,232,252,220,204,212,213,252,252,243,156,0,29,53,0,0,0,0,0,0,0,0,0,0,0,0,0,0,0,27,36,22,16,19,83,211,252,252,244,217,229,155,0,0,0,0,0,0,0,0,0,0,0,0,0,0,0,0,0,0,0,0,0,36,252,252,252,252,252,104,0,0,0,0,0,0,0,0,0,0,0,0,0,0,0,0,0,0,0,0,0,2,11,92,160,68,69,2,0,0,0,0,0,0,0,0,0,0,0,0,0,0,0,0,0,0,0,0,0,0,0,0,0,0,0,0,0,0,0,0,0,0,0,0,0,0,0,0,0,0,0,0,0,0,0,0,0,0,0,0,0,0,0,0,0,0,0,0,0,0,0,0,0,0,0,0,0,0,0,0,0,0,0,0,0,0,0,0,0,0,0,0,0,0,0,0,0,0,0,0,0,0,0,0,0,0,0,0,0,0,0,0,0,0,0,0,0,0,0,0,0,0,0,0,0
0,0,0,0,0,0,0,0,0,0,0,0,0,0,0,0,0,0,0,0,0,0,0,0,0,0,0,0,0,0,0,0,0,0,0,0,0,0,0,0,0,0,0,0,0,0,0,0,0,0,0,0,0,0,0,0,0,0,0,0,0,0,0,0,0,0,0,0,0,0,0,0,0,0,0,0,0,0,0,0,0,0,0,0,0,0,0,0,0,0,0,0,0,0,0,0,0,0,0,0,0,0,0,0,0,0,0,0,0,0,0,0,0,0,0,0,0,0,0,0,0,0,0,0,0,0,0,0,0,0,0,0,0,0,0,0,0,0,0,0,0,0,0,0,0,0,0,0,0,0,0,0,47,157,171,255,196,77,15,0,0,0,0,0,0,0,0,0,0,0,0,0,0,0,0,0,0,0,8,157,246,254,254,254,254,254,194,93,0,0,0,0,0,0,0,0,0,0,0,0,0,0,0,0,0,0,48,254,254,254,254,254,254,249,251,209,11,0,0,0,0,0,0,0,0,0,0,0,0,0,0,0,0,0,34,240,254,254,254,162,85,41,135,254,175,0,0,0,0,0,0,0,0,0,0,0,0,0,0,0,0,0,0,155,254,254,254,66,0,0,11,189,233,61,0,0,0,0,0,0,0,0,0,0,0,0,0,0,0,0,4,124,254,221,60,12,0,0,0,42,239,235,0,0,0,0,0,0,0,0,0,0,0,0,0,0,0,0,48,254,254,37,0,0,0,0,0,0,141,235,0,0,0,0,0,0,0,0,0,0,0,0,0,0,0,0,104,254,203,4,0,0,0,0,0,0,141,253,73,0,0,0,0,0,0,0,0,0,0,0,0,0,0,37,195,254,89,0,0,0,0,0,0,0,61,254,155,0,0,0,0,0,0,0,0,0,0,0,0,0,0,76,254,240,20,0,0,0,0,0,0,0,48,254,169,0,0,0,0,0,0,0,0,0,0,0,0,0,0,135,254,236,0,0,0,0,0,0,0,0,48,254,169,0,0,0,0,0,0,0,0,0,0,0,0,0,0,169,254,136,0,0,0,0,0,0,0,0,48,254,213,5,0,0,0,0,0,0,0,0,0,0,0,0,8,204,252,45,0,0,0,0,0,0,0,0,86,254,250,9,0,0,0,0,0,0,0,0,0,0,0,0,104,254,206,0,0,0,0,0,0,0,0,0,169,254,106,0,0,0,0,0,0,0,0,0,0,0,0,0,104,254,206,0,0,0,0,0,0,0,0,43,246,236,6,0,0,0,0,0,0,0,0,0,0,0,0,0,58,216,245,38,0,0,0,0,0,0,47,190,254,116,0,0,0,0,0,0,0,0,0,0,0,0,0,0,0,138,254,144,0,0,0,0,0,125,209,254,189,14,0,0,0,0,0,0,0,0,0,0,0,0,0,0,0,59,250,246,151,95,57,57,176,253,254,188,11,0,0,0,0,0,0,0,0,0,0,0,0,0,0,0,0,0,105,248,254,254,254,254,254,225,93,13,0,0,0,0,0,0,0,0,0,0,0,0,0,0,0,0,0,0,0,61,159,215,254,254,135,32,0,0,0,0,0,0,0,0,0,0,0,0,0,0,0,0,0,0,0,0,0,0,0,0,0,0,0,0,0,0,0,0,0,0,0,0,0,0,0,0,0,0,0,0,0,0,0,0,0,0,0,0,0,0,0,0,0,0,0,0,0,0,0,0,0,0,0,0,0,0,0,0,0,0,0,0,0,0,0,0,0,0,0,0,0,0,0,0,0,0,0,0,0,0,0
4,0,0,0,0,0,0,0,0,0,0,0,0,0,0,0,0,0,0,0,0,0,0,0,0,0,0,0,0,0,0,0,0,0,0,0,0,0,0,0,0,0,0,0,0,0,0,0,0,0,0,0,0,0,0,0,0,0,0,0,0,0,0,0,0,0,0,0,0,0,0,0,0,0,0,0,0,0,0,0,0,0,0,0,0,0,0,0,0,0,0,0,0,0,0,0,0,0,0,0,0,0,0,0,0,0,0,0,0,0,0,0,0,0,0,0,0,0,0,0,0,0,0,0,0,0,0,0,0,0,0,0,0,0,0,0,0,0,0,0,0,0,0,0,0,0,0,0,0,0,0,0,0,0,0,0,76,193,106,2,0,0,0,0,0,0,0,0,0,0,0,0,0,0,0,0,0,0,0,0,0,0,0,0,130,254,254,10,0,0,0,0,0,0,0,0,0,0,0,0,0,0,0,0,20,80,1,0,0,0,0,0,130,254,254,59,0,0,0,0,0,0,0,0,0,0,0,0,0,0,0,0,91,254,110,0,0,0,0,0,130,254,254,119,0,0,0,0,0,0,0,0,0,0,0,0,0,0,0,0,44,254,244,0,0,0,0,0,130,254,254,200,0,0,0,0,0,0,0,0,0,0,0,0,0,0,0,0,44,254,244,5,0,0,0,0,80,254,254,227,0,0,0,0,0,0,0,0,0,0,0,0,0,0,0,0,44,254,254,97,0,0,0,0,22,254,254,227,0,0,0,0,0,0,0,0,0,0,0,0,0,0,0,0,44,254,254,151,88,88,88,56,22,254,254,248,63,0,0,0,0,0,0,0,0,0,0,0,0,0,0,0,98,254,254,254,254,254,254,247,236,254,254,254,81,0,0,0,0,0,0,0,0,0,0,0,0,0,0,4,218,254,254,254,254,254,254,254,254,254,254,254,81,0,0,0,0,0,0,0,0,0,0,0,0,0,0,2,174,254,254,197,162,155,54,54,110,184,254,254,166,0,0,0,0,0,0,0,0,0,0,0,0,0,0,0,28,125,120,6,0,0,0,0,0,60,254,254,180,0,0,0,0,0,0,0,0,0,0,0,0,0,0,0,0,0,0,0,0,0,0,0,0,60,254,254,81,0,0,0,0,0,0,0,0,0,0,0,0,0,0,0,0,0,0,0,0,0,0,0,0,60,254,254,81,0,0,0,0,0,0,0,0,0,0,0,0,0,0,0,0,0,0,0,0,0,0,0,0,54,249,254,138,0,0,0,0,0,0,0,0,0,0,0,0,0,0,0,0,0,0,0,0,0,0,0,0,0,207,254,189,0,0,0,0,0,0,0,0,0,0,0,0,0,0,0,0,0,0,0,0,0,0,0,0,0,207,254,244,36,0,0,0,0,0,0,0,0,0,0,0,0,0,0,0,0,0,0,0,0,0,0,0,0,100,254,254,43,0,0,0,0,0,0,0,0,0,0,0,0,0,0,0,0,0,0,0,0,0,0,0,0,71,252,254,73,0,0,0,0,0,0,0,0,0,0,0,0,0,0,0,0,0,0,0,0,0,0,0,0,0,152,254,151,0,0,0,0,0,0,0,0,0,0,0,0,0,0,0,0,0,0,0,0,0,0,0,0,0,0,0,0,0,0,0,0,0,0,0,0,0,0,0,0,0,0,0,0,0,0,0,0,0,0,0,0,0,0,0,0,0,0,0,0,0,0,0,0,0,0,0,0,0,0,0,0,0,0,0,0,0,0,0,0,0,0,0,0,0,0,0,0,0,0,0
0,0,0,0,0,0,0,0,0,0,0,0,0,0,0,0,0,0,0,0,0,0,0,0,0,0,0,0,0,0,0,0,0,0,0,0,0,0,0,0,0,0,0,0,0,0,0,0,0,0,0,0,0,0,0,0,0,0,0,0,0,0,0,0,0,0,0,0,0,0,0,0,0,0,0,0,0,0,0,0,0,0,0,0,0,0,0,0,0,0,0,0,0,0,0,0,0,0,0,0,0,0,0,0,0,0,0,0,0,0,0,0,0,0,0,0,0,0,0,0,0,0,0,0,0,0,0,44,140,254,183,12,0,0,0,0,0,0,0,0,0,0,0,0,0,0,0,0,0,0,0,0,0,0,125,229,253,253,253,65,0,0,0,0,0,0,0,0,0,0,0,0,0,0,0,0,0,0,0,0,68,164,217,254,253,253,253,227,164,78,0,0,0,0,0,0,0,0,0,0,0,0,0,0,0,0,0,64,246,253,253,254,253,182,253,253,253,182,78,0,0,0,0,0,0,0,0,0,0,0,0,0,0,0,72,240,253,253,253,254,68,21,178,245,253,253,243,52,0,0,0,0,0,0,0,0,0,0,0,0,0,72,232,253,253,248,223,74,13,0,0,119,253,253,253,77,0,0,0,0,0,0,0,0,0,0,0,0,0,224,253,253,253,128,0,0,0,0,0,36,214,253,253,232,56,0,0,0,0,0,0,0,0,0,0,6,161,251,253,253,116,4,0,0,0,0,0,0,38,253,253,253,104,0,0,0,0,0,0,0,0,0,0,130,253,253,248,128,4,0,0,0,0,0,0,0,7,162,253,253,104,0,0,0,0,0,0,0,0,0,36,217,253,253,223,0,0,0,0,0,0,0,0,0,0,134,253,253,192,0,0,0,0,0,0,0,0,0,211,254,254,223,44,0,0,0,0,0,0,0,0,0,0,135,255,254,255,0,0,0,0,0,0,0,0,87,246,253,253,55,0,0,0,0,0,0,0,0,0,0,0,134,253,253,253,0,0,0,0,0,0,0,0,114,253,253,246,27,0,0,0,0,0,0,0,0,0,0,0,134,253,253,253,0,0,0,0,0,0,0,0,254,253,253,133,0,0,0,0,0,0,0,0,0,0,0,86,191,253,253,182,0,0,0,0,0,0,0,0,254,253,240,16,0,0,0,0,0,0,0,0,5,75,120,245,253,253,240,73,0,0,0,0,0,0,0,0,148,253,249,109,22,0,0,0,0,18,31,154,184,253,253,253,253,253,190,0,0,0,0,0,0,0,0,0,105,253,253,253,218,134,134,134,134,205,254,253,253,253,253,253,253,126,28,0,0,0,0,0,0,0,0,0,6,212,253,253,253,253,253,253,253,253,255,253,253,253,253,242,84,1,0,0,0,0,0,0,0,0,0,0,0,49,158,253,253,253,253,253,253,253,236,208,199,129,164,52,0,0,0,0,0,0,0,0,0,0,0,0,0,0,7,104,236,253,253,164,226,104,62,0,0,0,0,0,0,0,0,0,0,0,0,0,0,0,0,0,0,0,0,0,0,0,0,0,0,0,0,0,0,0,0,0,0,0,0,0,0,0,0,0,0,0,0,0,0,0,0,0,0,0,0,0,0,0,0,0,0,0,0,0,0,0,0,0,0,0,0,0,0,0,0,0,0,0,0,0,0,0,0,0,0,0,0,0,0,0,0,0,0,0,0,0,0,0,0,0,0,0,0,0,0,0,0,0,0,0,0,0,0,0,0,0,0,0,0,0,0,0,0,0,0,0,0,0
0,0,0,0,0,0,0,0,0,0,0,0,0,0,0,0,0,0,0,0,0,0,0,0,0,0,0,0,0,0,0,0,0,0,0,0,0,0,0,0,0,0,0,0,0,0,0,0,0,0,0,0,0,0,0,0,0,0,0,0,0,0,0,0,0,0,0,0,0,0,0,0,0,0,0,0,0,0,0,0,0,0,0,0,0,0,0,0,0,0,0,0,0,0,0,0,0,0,0,0,0,0,0,0,0,0,0,0,0,0,0,0,0,0,0,0,0,0,0,0,0,0,0,0,0,0,0,0,0,0,0,0,0,0,0,0,0,0,0,0,0,0,0,0,0,0,0,0,0,9,139,145,0,0,0,0,0,0,0,0,0,0,0,0,0,0,0,0,0,0,0,0,0,0,0,0,0,85,253,243,45,0,0,0,2,65,65,65,59,0,0,0,0,0,0,0,0,0,0,0,0,0,0,0,31,222,253,253,69,0,53,139,220,253,253,253,250,219,153,6,0,0,0,0,0,0,0,0,0,0,0,0,133,253,253,253,99,28,235,253,253,253,249,178,186,253,253,159,3,0,0,0,0,0,0,0,0,0,0,17,210,253,186,115,83,20,200,223,180,24,23,0,3,56,181,253,195,7,0,0,0,0,0,0,0,0,0,143,253,247,80,0,0,0,0,0,0,0,0,0,0,0,10,134,253,88,0,0,0,0,0,0,0,0,31,234,253,139,0,0,0,0,0,0,0,0,0,0,0,0,0,41,249,169,0,0,0,0,0,0,0,0,131,253,253,58,0,0,0,0,0,0,0,0,0,0,0,0,0,0,245,253,0,0,0,0,0,0,0,0,174,253,170,1,0,0,0,0,0,0,0,0,0,0,0,0,0,0,244,253,0,0,0,0,0,0,0,0,254,253,128,0,0,0,0,0,0,0,0,0,0,0,0,0,0,73,252,210,0,0,0,0,0,0,0,0,254,253,89,0,0,0,0,0,0,0,0,0,0,0,0,0,46,193,243,42,0,0,0,0,0,0,0,0,254,253,89,0,0,0,0,0,0,0,0,0,0,0,0,11,181,253,163,0,0,0,0,0,0,0,0,0,254,253,117,0,0,0,0,0,0,0,0,0,0,0,7,200,253,229,40,0,0,0,0,0,0,0,0,0,166,253,195,4,0,0,0,0,0,0,0,0,2,92,216,253,226,84,0,0,0,0,0,0,0,0,0,0,67,240,253,142,57,0,0,0,0,0,2,80,169,253,253,228,82,0,0,0,0,0,0,0,0,0,0,0,0,143,253,254,218,134,102,35,112,154,235,254,253,244,169,43,0,0,0,0,0,0,0,0,0,0,0,0,0,3,151,253,253,253,253,253,253,253,253,253,171,47,0,0,0,0,0,0,0,0,0,0,0,0,0,0,0,0,3,57,109,109,109,109,109,109,108,9,2,0,0,0,0,0,0,0,0,0,0,0,0,0,0,0,0,0,0,0,0,0,0,0,0,0,0,0,0,0,0,0,0,0,0,0,0,0,0,0,0,0,0,0,0,0,0,0,0,0,0,0,0,0,0,0,0,0,0,0,0,0,0,0,0,0,0,0,0,0,0,0,0,0,0,0,0,0,0,0,0,0,0,0,0,0,0,0,0,0,0,0,0,0,0,0,0,0,0,0,0,0,0,0,0,0,0,0,0,0,0,0,0,0,0,0,0,0,0,0,0,0,0,0,0,0,0,0,0,0,0,0,0,0,0,0,0,0,0,0,0,0,0,0,0,0,0,0,0,0,0
2,0,0,0,0,0,0,0,0,0,0,0,0,0,0,0,0,0,0,0,0,0,0,0,0,0,0,0,0,0,0,0,0,0,0,0,0,0,0,0,0,0,0,0,0,0,0,0,0,0,0,0,0,0,0,0,0,0,0,0,0,0,0,0,0,0,0,0,0,0,0,0,0,0,0,0,0,0,0,0,0,0,0,0,0,0,0,0,0,0,0,0,0,0,0,0,0,0,0,0,0,0,0,0,0,0,0,0,0,0,0,0,0,0,0,0,0,0,0,0,0,0,0,0,0,0,16,94,164,193,164,96,44,0,0,0,0,0,0,0,0,0,0,0,0,0,0,0,0,0,0,0,39,208,247,254,254,254,254,254,250,137,0,0,0,0,0,0,0,0,0,0,0,0,0,0,0,0,19,172,186,254,254,194,184,113,169,184,239,253,61,0,0,0,0,0,0,0,0,0,0,0,0,0,0,0,128,254,254,198,56,3,0,0,0,0,198,254,64,0,0,0,0,0,0,0,0,0,0,0,0,0,0,0,70,254,148,18,0,0,0,0,0,8,211,254,64,0,0,0,0,0,0,0,0,0,0,0,0,0,0,0,7,164,10,0,0,0,0,0,8,167,254,242,29,0,0,0,0,0,0,0,0,0,0,0,0,0,0,0,0,0,0,0,0,0,0,8,167,254,254,110,0,0,0,0,0,0,0,0,0,0,0,0,0,0,0,0,0,0,0,0,0,0,56,211,254,254,169,8,0,0,0,0,0,0,0,0,0,0,0,0,0,0,0,0,0,0,0,0,39,163,248,254,254,199,9,0,0,0,0,0,0,0,0,0,0,0,0,0,0,0,0,0,0,0,23,165,249,254,254,248,132,9,0,0,0,0,0,0,0,0,0,0,0,0,0,0,0,0,0,0,12,106,234,254,254,254,210,54,0,0,0,0,0,0,0,0,0,0,0,0,0,0,0,0,0,0,0,138,220,250,254,254,209,63,8,0,0,0,0,0,0,0,0,0,0,0,0,0,0,0,0,0,0,9,137,252,254,254,230,102,7,0,0,0,0,0,0,0,0,0,0,0,0,0,0,0,0,0,0,0,0,185,254,254,210,66,5,0,0,0,0,0,0,0,0,0,0,0,0,0,0,0,0,0,0,0,0,0,0,255,254,229,14,0,0,0,0,0,0,0,9,10,52,104,104,162,165,190,131,0,0,0,0,0,0,0,0,157,254,254,212,185,185,185,168,174,185,185,218,202,201,254,254,254,254,245,241,0,0,0,0,0,0,0,0,24,248,254,254,254,254,254,254,254,254,254,254,247,245,179,159,126,73,22,0,0,0,0,0,0,0,0,0,0,50,160,245,168,163,163,163,163,163,163,151,16,0,0,0,0,0,0,0,0,0,0,0,0,0,0,0,0,0,0,0,0,0,0,0,0,0,0,0,0,0,0,0,0,0,0,0,0,0,0,0,0,0,0,0,0,0,0,0,0,0,0,0,0,0,0,0,0,0,0,0,0,0,0,0,0,0,0,0,0,0,0,0,0,0,0,0,0,0,0,0,0,0,0,0,0,0,0,0,0,0,0,0,0,0,0,0,0,0,0,0,0,0,0,0,0,0,0,0,0,0,0,0,0,0,0,0,0,0,0,0,0,0,0,0,0,0,0,0,0,0,0,0,0,0,0,0,0,0,0,0,0,0,0,0,0,0,0,0,0,0,0,0,0,0,0,0,0,0,0,0,0,0,0,0,0,0,0,0,0,0,0,0,0,0,0,0,0,0
8,0,0,0,0,0,0,0,0,0,0,0,0,0,0,0,0,0,0,0,0,0,0,0,0,0,0,0,0,0,0,0,0,0,0,0,0,0,0,0,0,0,0,0,0,0,0,0,0,0,0,0,0,0,0,0,0,0,0,0,0,0,0,0,0,0,0,0,0,0,0,0,0,0,0,0,0,0,0,0,0,0,0,0,0,0,0,0,0,0,0,0,0,0,0,0,0,0,0,0,0,0,0,0,0,0,0,0,0,0,0,0,0,0,0,0,0,0,0,0,0,0,0,0,0,0,0,0,0,0,0,0,0,0,0,0,0,0,0,0,0,0,0,0,0,0,0,0,0,0,0,0,72,152,152,233,254,253,193,112,0,0,0,0,0,0,0,0,0,0,0,0,0,0,0,0,0,0,0,82,253,252,253,252,253,252,253,252,142,183,163,0,0,0,0,0,0,0,0,0,0,0,0,0,0,0,0,102,254,253,102,20,0,0,31,233,254,253,82,0,0,0,0,0,0,0,0,0,0,0,0,0,0,0,0,20,213,252,41,0,0,0,92,252,253,90,0,0,0,0,0,0,0,0,0,0,0,0,0,0,0,0,0,0,51,253,234,30,0,82,254,253,123,0,0,0,0,0,0,0,0,0,0,0,0,0,0,0,0,0,0,0,31,232,253,172,82,243,253,130,0,0,0,0,0,0,0,0,0,0,0,0,0,0,0,0,0,0,0,0,0,82,254,253,254,253,123,0,0,0,0,0,0,0,0,0,0,0,0,0,0,0,0,0,0,0,0,0,0,0,213,252,253,171,0,0,0,0,0,0,0,0,0,0,0,0,0,0,0,0,0,0,0,0,0,0,0,41,254,253,254,71,0,0,0,0,0,0,0,0,0,0,0,0,0,0,0,0,0,0,0,0,0,0,41,243,253,212,253,192,0,0,0,0,0,0,0,0,0,0,0,0,0,0,0,0,0,0,0,0,0,21,214,253,82,0,193,253,123,0,0,0,0,0,0,0,0,0,0,0,0,0,0,0,0,0,0,0,21,203,253,171,0,0,112,252,203,0,0,0,0,0,0,0,0,0,0,0,0,0,0,0,0,0,0,0,173,253,224,20,0,0,0,203,234,30,0,0,0,0,0,0,0,0,0,0,0,0,0,0,0,0,0,0,253,252,81,0,0,0,0,203,253,50,0,0,0,0,0,0,0,0,0,0,0,0,0,0,0,0,0,163,254,91,0,0,0,0,0,102,254,151,0,0,0,0,0,0,0,0,0,0,0,0,0,0,0,0,41,243,172,10,0,0,0,0,0,102,253,70,0,0,0,0,0,0,0,0,0,0,0,0,0,0,0,0,52,253,102,0,0,0,0,0,52,233,224,20,0,0,0,0,0,0,0,0,0,0,0,0,0,0,0,0,51,252,203,20,0,0,21,142,233,252,122,0,0,0,0,0,0,0,0,0,0,0,0,0,0,0,0,0,0,183,255,253,214,253,254,253,224,81,0,0,0,0,0,0,0,0,0,0,0,0,0,0,0,0,0,0,0,20,151,192,253,252,233,111,20,0,0,0,0,0,0,0,0,0,0,0,0,0,0,0,0,0,0,0,0,0,0,0,0,0,0,0,0,0,0,0,0,0,0,0,0,0,0,0,0,0,0,0,0,0,0,0,0,0,0,0,0,0,0,0,0,0,0,0,0,0,0,0,0,0,0,0,0,0,0,0,0,0,0,0,0,0,0,0,0,0,0,0,0,0,0,0,0,0,0,0,0,0,0,0,0
4,0,0,0,0,0,0,0,0,0,0,0,0,0,0,0,0,0,0,0,0,0,0,0,0,0,0,0,0,0,0,0,0,0,0,0,0,0,0,0,0,0,0,0,0,0,0,0,0,0,0,0,0,0,0,0,0,0,0,0,0,0,0,0,0,0,0,0,0,0,0,0,0,0,0,0,0,0,0,0,0,0,0,0,0,0,0,0,0,0,0,0,0,0,0,0,0,0,0,0,0,0,0,0,0,0,0,0,0,0,0,0,0,0,0,0,0,0,0,0,0,0,0,0,0,0,0,0,0,0,0,0,0,0,0,0,0,0,0,0,0,0,0,0,0,0,0,0,0,0,0,0,0,0,0,0,193,192,0,0,0,0,0,0,0,0,0,0,0,0,0,0,0,0,0,0,0,0,0,0,0,0,0,35,242,223,0,0,0,0,0,0,0,0,0,0,0,0,0,0,0,0,0,0,0,0,0,0,0,0,0,76,255,223,0,0,0,0,0,0,0,0,0,0,0,0,0,0,0,0,0,0,0,0,0,0,0,0,11,226,254,147,0,0,0,0,0,0,0,0,0,0,0,0,0,0,0,0,0,0,0,0,0,0,0,0,120,254,254,63,0,0,0,0,0,0,0,0,0,0,0,0,0,0,0,0,0,0,0,0,0,0,1,101,254,254,254,44,0,0,0,0,0,0,0,0,0,0,0,0,0,0,0,0,0,0,0,0,0,0,40,254,254,224,254,44,0,0,0,0,0,0,0,0,0,0,0,0,0,0,0,0,0,0,0,0,0,48,252,254,39,236,254,44,0,0,0,0,0,0,0,0,0,0,0,0,0,0,0,0,0,0,0,0,42,226,249,46,1,237,213,3,0,0,0,0,0,0,0,0,0,0,0,0,0,0,0,0,0,0,0,27,225,243,85,0,80,252,116,0,0,0,0,0,0,69,74,0,0,0,0,0,0,0,0,0,0,0,0,124,254,127,0,0,204,247,27,0,0,0,0,86,122,189,96,0,0,0,0,0,0,0,0,0,0,0,0,132,254,229,197,197,254,241,119,108,177,197,197,235,218,102,11,0,0,0,0,0,0,0,0,0,0,0,0,14,84,160,227,254,254,250,250,250,212,223,160,6,0,0,0,0,0,0,0,0,0,0,0,0,0,0,0,0,0,0,9,254,178,6,0,0,0,0,0,0,0,0,0,0,0,0,0,0,0,0,0,0,0,0,0,0,0,0,120,254,70,0,0,0,0,0,0,0,0,0,0,0,0,0,0,0,0,0,0,0,0,0,0,0,0,0,188,254,4,0,0,0,0,0,0,0,0,0,0,0,0,0,0,0,0,0,0,0,0,0,0,0,0,12,222,181,1,0,0,0,0,0,0,0,0,0,0,0,0,0,0,0,0,0,0,0,0,0,0,0,0,23,254,97,0,0,0,0,0,0,0,0,0,0,0,0,0,0,0,0,0,0,0,0,0,0,0,0,0,23,251,48,0,0,0,0,0,0,0,0,0,0,0,0,0,0,0,0,0,0,0,0,0,0,0,0,0,47,191,0,0,0,0,0,0,0,0,0,0,0,0,0,0,0,0,0,0,0,0,0,0,0,0,0,0,0,0,0,0,0,0,0,0,0,0,0,0,0,0,0,0,0,0,0,0,0,0,0,0,0,0,0,0,0,0,0,0,0,0,0,0,0,0,0,0,0,0,0,0,0,0,0,0,0,0,0,0,0,0,0,0,0,0,0,0,0,0,0,0,0,0,0,0,0,0,0,0,0,0
7,0,0,0,0,0,0,0,0,0,0,0,0,0,0,0,0,0,0,0,0,0,0,0,0,0,0,0,0,0,0,0,0,0,0,0,0,0,0,0,0,0,0,0,0,0,0,0,0,0,0,0,0,0,0,0,0,0,0,0,0,0,0,0,0,0,0,0,0,0,0,0,0,0,0,0,0,0,0,0,0,0,0,0,0,0,0,0,0,0,0,0,0,0,0,0,0,0,0,0,0,0,0,0,0,0,0,0,0,0,0,0,0,0,0,0,0,0,0,0,0,0,0,0,0,0,0,0,0,0,0,0,0,0,0,0,0,0,0,0,0,0,0,0,0,0,0,0,0,0,0,0,0,0,0,0,0,0,0,0,0,0,0,0,0,0,0,0,0,0,0,0,0,0,0,7,200,255,255,255,254,230,130,40,5,0,0,0,0,0,0,0,0,0,0,0,0,0,0,0,0,0,0,12,248,253,253,253,253,253,253,253,222,40,3,0,0,0,0,0,0,0,0,0,0,0,0,0,0,0,0,0,132,246,253,253,253,253,253,253,253,253,58,0,0,0,0,0,0,0,0,0,0,0,0,0,0,0,0,0,0,62,105,183,245,253,253,253,253,253,172,0,0,0,0,0,0,0,0,0,0,0,0,0,0,0,0,0,0,0,0,0,147,222,222,230,253,253,222,26,0,0,0,0,0,0,0,0,0,0,0,0,0,0,0,0,0,0,0,0,0,0,0,63,253,253,253,43,0,0,0,0,0,0,0,0,0,0,0,0,0,0,0,0,0,0,0,0,0,0,0,63,253,253,253,43,0,0,0,0,0,0,0,0,0,0,0,0,0,0,0,0,0,0,0,0,0,0,0,63,253,253,253,43,0,0,0,0,0,0,0,0,0,0,0,0,0,0,0,0,0,0,0,0,0,0,0,63,253,253,253,70,0,0,0,0,0,0,0,0,0,0,0,0,0,0,0,0,45,186,186,186,186,186,186,203,253,253,253,230,186,186,186,44,0,0,0,0,0,0,0,0,0,0,0,0,49,253,253,253,253,253,253,253,253,253,253,253,253,253,253,141,0,0,0,0,0,0,0,0,0,0,0,0,5,171,253,253,253,253,253,253,253,253,253,253,253,253,222,40,0,0,0,0,0,0,0,0,0,0,0,0,0,29,49,179,253,214,253,253,253,253,148,49,49,49,29,0,0,0,0,0,0,0,0,0,0,0,0,0,0,0,0,107,85,22,89,253,253,253,49,0,0,0,0,0,0,0,0,0,0,0,0,0,0,0,0,0,0,0,0,0,0,0,162,253,253,253,49,0,0,0,0,0,0,0,0,0,0,0,0,0,0,0,0,0,0,0,0,0,0,0,180,253,253,253,49,0,0,0,0,0,0,0,0,0,0,0,0,0,0,0,0,0,0,0,0,0,0,46,246,253,253,253,49,0,0,0,0,0,0,0,0,0,0,0,0,0,0,0,0,0,0,0,0,0,0,28,221,253,253,253,49,0,0,0,0,0,0,0,0,0,0,0,0,0,0,0,0,0,0,0,0,0,0,0,180,253,253,125,3,0,0,0,0,0,0,0,0,0,0,0,0,0,0,0,0,0,0,0,0,0,0,0,120,162,35,2,0,0,0,0,0,0,0,0,0,0,0,0,0,0,0,0,0,0,0,0,0,0,0,0,0,0,0,0,0,0,0,0,0,0,0,0,0,0,0,0,0,0,0,0,0,0,0,0,0,0,0,0,0,0,0,0,0,0,0,0,0,0,0,0,0,0,0
1,0,0,0,0,0,0,0,0,0,0,0,0,0,0,0,0,0,0,0,0,0,0,0,0,0,0,0,0,0,0,0,0,0,0,0,0,0,0,0,0,0,0,0,0,0,0,0,0,0,0,0,0,0,0,0,0,0,0,0,0,0,0,0,0,0,0,0,0,0,0,0,0,0,0,0,0,0,0,0,0,0,0,0,0,0,0,0,0,0,0,0,0,0,0,0,0,0,0,0,0,0,0,0,0,0,0,0,0,0,0,0,0,0,0,0,0,0,0,0,0,0,0,0,0,0,189,206,0,0,0,0,0,0,0,0,0,0,0,0,0,0,0,0,0,0,0,0,0,0,0,0,0,0,188,253,30,0,0,0,0,0,0,0,0,0,0,0,0,0,0,0,0,0,0,0,0,0,0,0,0,0,188,253,111,0,0,0,0,0,0,0,0,0,0,0,0,0,0,0,0,0,0,0,0,0,0,0,0,0,188,253,121,0,0,0,0,0,0,0,0,0,0,0,0,0,0,0,0,0,0,0,0,0,0,0,0,0,188,253,149,0,0,0,0,0,0,0,0,0,0,0,0,0,0,0,0,0,0,0,0,0,0,0,0,0,188,253,111,0,0,0,0,0,0,0,0,0,0,0,0,0,0,0,0,0,0,0,0,0,0,0,0,2,191,253,111,0,0,0,0,0,0,0,0,0,0,0,0,0,0,0,0,0,0,0,0,0,0,0,0,45,253,253,178,0,0,0,0,0,0,0,0,0,0,0,0,0,0,0,0,0,0,0,0,0,0,0,0,12,205,253,221,0,0,0,0,0,0,0,0,0,0,0,0,0,0,0,0,0,0,0,0,0,0,0,0,0,188,253,221,0,0,0,0,0,0,0,0,0,0,0,0,0,0,0,0,0,0,0,0,0,0,0,0,6,197,254,222,0,0,0,0,0,0,0,0,0,0,0,0,0,0,0,0,0,0,0,0,0,0,0,0,45,253,253,221,0,0,0,0,0,0,0,0,0,0,0,0,0,0,0,0,0,0,0,0,0,0,0,0,45,253,253,178,0,0,0,0,0,0,0,0,0,0,0,0,0,0,0,0,0,0,0,0,0,0,0,0,45,253,253,111,0,0,0,0,0,0,0,0,0,0,0,0,0,0,0,0,0,0,0,0,0,0,0,0,45,253,253,183,0,0,0,0,0,0,0,0,0,0,0,0,0,0,0,0,0,0,0,0,0,0,0,0,10,202,253,247,61,0,0,0,0,0,0,0,0,0,0,0,0,0,0,0,0,0,0,0,0,0,0,0,0,84,252,254,178,0,0,0,0,0,0,0,0,0,0,0,0,0,0,0,0,0,0,0,0,0,0,0,0,0,221,255,187,0,0,0,0,0,0,0,0,0,0,0,0,0,0,0,0,0,0,0,0,0,0,0,0,0,221,254,187,0,0,0,0,0,0,0,0,0,0,0,0,0,0,0,0,0,0,0,0,0,0,0,0,0,77,240,106,0,0,0,0,0,0,0,0,0,0,0,0,0,0,0,0,0,0,0,0,0,0,0,0,0,0,0,0,0,0,0,0,0,0,0,0,0,0,0,0,0,0,0,0,0,0,0,0,0,0,0,0,0,0,0,0,0,0,0,0,0,0,0,0,0,0,0,0,0,0,0,0,0,0,0,0,0,0,0,0,0,0,0,0,0,0,0,0,0,0,0,0,0,0,0,0,0,0,0,0,0,0,0,0,0,0,0,0,0,0,0,0,0,0,0,0,0,0,0,0,0,0,0
2,0,0,0,0,0,0,0,0,0,0,0,0,0,0,0,0,0,0,0,0,0,0,0,0,0,0,0,0,0,0,0,0,0,0,0,0,0,0,0,0,0,0,0,0,0,0,0,0,0,0,0,0,0,0,0,0,0,0,0,0,0,0,0,0,0,0,0,0,0,0,0,0,0,0,0,0,0,0,0,0,0,0,0,0,0,0,0,0,0,0,0,0,0,0,0,0,0,0,0,0,0,0,0,0,0,0,0,0,0,0,0,0,0,0,0,0,0,0,0,0,0,0,0,0,0,0,0,0,0,0,0,0,0,0,0,0,0,0,0,0,0,0,0,0,0,0,0,0,0,0,0,0,0,0,0,0,0,0,0,0,0,0,0,0,0,0,0,0,0,0,0,0,0,0,0,0,9,49,116,82,116,149,116,38,0,0,0,0,0,0,0,0,0,0,0,0,0,0,0,0,0,0,0,119,209,254,253,177,194,161,177,246,118,0,0,0,0,0,0,0,0,0,0,0,0,0,0,0,0,19,204,254,169,34,0,0,0,0,0,85,184,136,7,0,0,0,0,0,0,0,0,0,0,0,0,0,0,153,244,156,6,0,0,0,0,0,0,0,0,186,165,9,0,0,0,0,0,0,0,0,0,0,0,0,0,237,131,0,0,0,0,0,0,0,0,0,0,13,226,54,0,0,0,0,0,0,0,0,0,0,0,0,0,254,115,0,0,0,0,0,0,0,0,0,0,0,138,137,0,0,0,0,0,0,0,0,0,0,0,0,0,119,50,0,0,0,0,0,0,0,0,0,0,0,139,138,0,0,0,0,0,0,0,0,0,0,0,0,0,0,0,0,0,0,0,0,0,0,0,0,0,0,138,137,0,0,0,0,0,0,0,0,0,0,0,0,0,0,0,0,0,0,0,0,0,15,11,19,7,7,216,96,0,0,0,0,0,0,0,0,0,0,0,0,0,0,0,0,0,0,0,0,34,195,215,240,203,170,185,13,0,0,0,0,0,0,0,0,0,0,0,0,0,0,0,0,0,0,30,203,254,127,142,216,254,255,140,0,0,0,0,0,0,0,0,0,0,0,0,0,0,0,0,0,0,0,147,248,173,0,0,132,236,207,245,142,0,0,0,0,0,0,0,0,0,0,0,0,0,0,0,0,0,32,241,230,0,7,91,217,54,0,76,211,174,17,0,0,0,0,0,0,0,0,0,0,0,0,0,0,0,19,236,238,59,170,202,29,0,0,0,99,194,176,76,0,0,0,0,0,0,0,0,0,0,0,0,0,0,0,81,254,254,127,9,0,0,0,0,0,0,60,164,80,0,0,0,0,0,0,0,0,0,0,0,0,0,0,5,23,23,0,0,0,0,0,0,0,0,0,29,146,127,0,0,0,0,0,0,0,0,0,0,0,0,0,0,0,0,0,0,0,0,0,0,0,0,0,0,0,0,0,0,0,0,0,0,0,0,0,0,0,0,0,0,0,0,0,0,0,0,0,0,0,0,0,0,0,0,0,0,0,0,0,0,0,0,0,0,0,0,0,0,0,0,0,0,0,0,0,0,0,0,0,0,0,0,0,0,0,0,0,0,0,0,0,0,0,0,0,0,0,0,0,0,0,0,0,0,0,0,0,0,0,0,0,0,0,0,0,0,0,0,0,0,0,0,0,0,0,0,0,0,0,0,0,0,0,0,0,0,0,0,0,0,0,0,0,0,0,0,0,0,0,0,0,0,0,0,0,0,0,0,0,0,0,0,0,0,0,0,0,0,0
4,0,0,0,0,0,0,0,0,0,0,0,0,0,0,0,0,0,0,0,0,0,0,0,0,0,0,0,0,0,0,0,0,0,0,0,0,0,0,0,0,0,0,0,0,0,0,0,0,0,0,0,0,0,0,0,0,0,0,0,0,0,0,0,0,0,0,0,0,0,0,0,0,0,0,0,0,0,0,0,0,0,0,0,0,0,0,0,0,0,0,0,0,0,0,0,0,0,0,0,0,0,0,0,0,0,0,0,0,0,0,0,0,0,0,0,0,0,0,0,0,0,0,0,0,0,0,0,0,0,0,0,0,0,0,0,0,0,0,0,0,0,0,0,0,0,0,0,0,2,35,4,0,0,0,0,172,222,47,0,0,0,0,0,0,0,0,0,0,0,0,0,0,0,0,0,0,39,253,199,18,0,0,0,172,253,146,0,0,0,0,0,0,0,0,0,0,0,0,0,0,0,0,0,0,115,253,253,114,0,0,0,172,253,207,0,0,0,0,0,0,0,0,0,0,0,0,0,0,0,0,0,0,115,253,253,114,0,0,0,209,253,228,0,0,0,0,0,0,0,0,0,0,0,0,0,0,0,0,0,0,89,253,253,88,0,0,0,214,253,228,0,0,0,0,0,0,0,0,0,0,0,0,0,0,0,0,0,0,115,253,253,99,0,0,0,172,253,228,0,0,0,0,0,0,0,0,0,0,0,0,0,0,0,0,0,0,115,253,253,32,0,0,0,217,253,210,0,0,0,0,0,0,0,0,0,0,0,0,0,0,0,0,0,0,115,253,253,54,0,0,75,254,253,146,0,0,56,9,0,0,0,0,0,0,0,0,0,0,0,0,0,0,65,253,253,244,163,155,187,254,253,246,237,237,250,32,0,0,0,0,0,0,0,0,0,0,0,0,0,0,23,237,253,253,253,253,253,254,253,253,253,213,87,1,0,0,0,0,0,0,0,0,0,0,0,0,0,0,0,14,125,163,238,245,253,255,253,150,72,0,0,0,0,0,0,0,0,0,0,0,0,0,0,0,0,0,0,0,0,0,0,0,245,254,231,0,0,0,0,0,0,0,0,0,0,0,0,0,0,0,0,0,0,0,0,0,0,0,0,55,251,254,154,0,0,0,0,0,0,0,0,0,0,0,0,0,0,0,0,0,0,0,0,0,0,0,0,111,253,254,144,0,0,0,0,0,0,0,0,0,0,0,0,0,0,0,0,0,0,0,0,0,0,0,54,234,253,250,38,0,0,0,0,0,0,0,0,0,0,0,0,0,0,0,0,0,0,0,0,0,0,0,134,253,253,245,0,0,0,0,0,0,0,0,0,0,0,0,0,0,0,0,0,0,0,0,0,0,0,0,192,253,253,194,17,0,0,0,0,0,0,0,0,0,0,0,0,0,0,0,0,0,0,0,0,0,0,15,235,253,253,254,127,0,0,0,0,0,0,0,0,0,0,0,0,0,0,0,0,0,0,0,0,0,0,23,214,253,253,174,29,0,0,0,0,0,0,0,0,0,0,0,0,0,0,0,0,0,0,0,0,0,0,0,74,195,173,3,0,0,0,0,0,0,0,0,0,0,0,0,0,0,0,0,0,0,0,0,0,0,0,0,0,0,0,0,0,0,0,0,0,0,0,0,0,0,0,0,0,0,0,0,0,0,0,0,0,0,0,0,0,0,0,0,0,0,0,0,0,0,0,0,0,0,0,0,0,0,0,0,0,0,0,0,0,0,0,0,0,0,0,0,0,0,0,0,0,0,0,0,0,0,0,0
0,0,0,0,0,0,0,0,0,0,0,0,0,0,0,0,0,0,0,0,0,0,0,0,0,0,0,0,0,0,0,0,0,0,0,0,0,0,0,0,0,0,0,0,0,0,0,0,0,0,0,0,0,0,0,0,0,0,0,0,0,0,0,0,0,0,0,0,0,0,0,0,0,0,0,0,0,0,0,0,0,0,0,0,0,0,0,0,0,0,0,0,0,0,0,0,0,0,0,0,0,0,0,0,0,0,0,0,0,0,0,0,0,0,0,0,0,0,0,0,0,0,0,0,0,0,0,0,0,0,0,0,0,0,0,0,0,0,0,0,0,0,0,0,0,0,0,0,0,43,253,253,253,253,253,253,253,255,242,116,13,4,0,0,0,0,0,0,0,0,0,0,0,0,0,0,26,211,252,252,252,252,252,252,229,229,242,252,252,175,104,0,0,0,0,0,0,0,0,0,0,0,0,2,160,252,245,216,124,205,252,184,5,0,55,96,176,242,225,157,22,0,0,0,0,0,0,0,0,0,0,13,252,245,108,0,0,69,245,143,0,0,0,0,0,60,189,252,134,5,0,0,0,0,0,0,0,0,0,99,252,216,0,0,0,0,217,143,0,0,0,0,0,0,21,189,252,110,0,0,0,0,0,0,0,0,0,167,252,124,0,0,0,0,155,45,0,0,0,0,0,0,0,20,225,227,9,0,0,0,0,0,0,0,0,253,252,193,0,0,0,0,0,0,0,0,0,0,0,0,0,0,177,252,110,0,0,0,0,0,0,0,0,253,252,113,0,0,0,0,0,0,0,0,0,0,0,0,0,0,97,252,177,0,0,0,0,0,0,0,0,253,252,96,0,0,0,0,0,0,0,0,0,0,0,0,0,0,97,252,252,0,0,0,0,0,0,0,0,253,252,96,0,0,0,0,0,0,0,0,0,0,0,0,0,0,97,252,252,0,0,0,0,0,0,0,0,255,253,96,0,0,0,0,0,0,0,0,0,0,0,0,0,0,103,253,132,0,0,0,0,0,0,0,0,253,252,96,0,0,0,0,0,0,0,0,0,0,0,0,0,0,217,252,121,0,0,0,0,0,0,0,0,236,252,170,0,0,0,0,0,0,0,0,0,0,0,0,0,53,239,236,10,0,0,0,0,0,0,0,0,110,252,223,16,0,0,0,0,0,0,0,0,0,0,0,14,174,252,121,0,0,0,0,0,0,0,0,0,4,175,252,170,0,0,0,0,0,0,0,0,0,0,0,102,252,154,7,0,0,0,0,0,0,0,0,0,0,111,252,241,90,0,0,0,0,0,0,0,0,49,159,238,228,25,0,0,0,0,0,0,0,0,0,0,0,5,134,252,241,89,0,0,0,0,0,49,102,237,252,193,32,0,0,0,0,0,0,0,0,0,0,0,0,0,6,134,252,242,217,171,97,97,218,237,252,252,154,25,0,0,0,0,0,0,0,0,0,0,0,0,0,0,0,5,110,227,252,252,252,252,253,252,167,23,7,0,0,0,0,0,0,0,0,0,0,0,0,0,0,0,0,0,0,44,131,131,131,131,132,63,5,0,0,0,0,0,0,0,0,0,0,0,0,0,0,0,0,0,0,0,0,0,0,0,0,0,0,0,0,0,0,0,0,0,0,0,0,0,0,0,0,0,0,0,0,0,0,0,0,0,0,0,0,0,0,0,0,0,0,0,0,0,0,0,0,0,0,0,0,0,0,0,0,0,0,0,0,0,0,0,0,0,0,0,0,0,0,0,0,0,0,0,0,0
2,0,0,0,0,0,0,0,0,0,0,0,0,0,0,0,0,0,0,0,0,0,0,0,0,0,0,0,0,0,0,0,0,0,0,0,0,0,0,0,0,0,0,0,0,0,0,0,0,0,0,0,0,0,0,0,0,0,0,0,0,0,0,0,0,0,0,0,0,0,0,0,0,0,0,0,0,0,0,0,0,0,0,0,0,0,0,0,0,0,0,0,0,0,0,0,19,154,255,192,60,0,0,0,0,0,0,0,0,0,0,0,0,0,0,0,0,0,0,0,0,0,0,7,188,253,253,254,235,114,0,0,0,0,0,0,0,0,0,0,0,0,0,0,0,0,0,0,0,0,0,117,253,253,177,254,253,235,60,0,0,0,0,0,0,0,0,0,0,0,0,0,0,0,0,0,0,0,0,141,253,128,3,104,253,253,241,0,0,0,0,0,0,0,0,0,0,0,0,0,0,0,0,0,0,0,0,127,201,25,0,0,170,254,254,0,0,0,0,0,0,0,0,0,0,0,0,0,0,0,0,0,0,0,0,0,0,0,0,0,95,253,253,0,0,0,0,0,0,0,0,0,0,0,0,0,0,0,0,0,0,0,0,0,0,0,0,0,57,253,253,0,0,0,0,0,0,0,0,0,0,0,0,0,0,0,0,0,0,0,0,0,0,0,0,0,108,253,253,0,0,0,0,0,0,0,0,0,0,0,0,0,0,0,0,0,0,0,0,0,0,0,0,0,170,254,191,0,0,0,0,0,0,0,0,0,0,0,0,0,0,0,0,0,0,0,0,0,0,0,0,19,226,253,65,0,0,0,0,0,0,0,0,0,0,0,0,0,0,0,0,0,0,0,0,0,0,0,0,205,253,187,6,0,0,0,0,0,0,0,0,0,0,0,0,0,0,0,0,0,0,0,0,0,0,0,151,254,253,119,0,0,0,0,0,0,0,0,0,0,0,0,0,0,0,0,0,0,0,0,0,0,7,105,254,252,75,0,0,0,0,0,0,0,0,0,0,0,0,0,0,0,0,0,0,0,0,0,0,0,132,253,253,126,0,0,0,0,0,0,0,0,0,0,0,0,0,0,0,0,0,0,0,0,0,0,0,148,235,253,177,0,0,0,0,0,0,0,0,0,0,0,0,0,0,0,0,0,0,0,0,0,0,0,51,254,253,177,3,0,0,0,0,0,0,0,51,127,226,50,0,0,0,0,0,0,0,0,0,0,7,154,254,252,126,0,0,0,19,29,79,142,166,254,242,164,38,0,0,0,0,0,0,0,0,0,0,0,132,253,253,232,57,95,169,170,226,253,253,248,197,159,47,0,0,0,0,0,0,0,0,0,0,0,0,0,169,253,253,254,253,253,253,254,196,168,68,50,0,0,0,0,0,0,0,0,0,0,0,0,0,0,0,0,44,178,203,141,116,78,28,28,9,0,0,0,0,0,0,0,0,0,0,0,0,0,0,0,0,0,0,0,0,0,0,0,0,0,0,0,0,0,0,0,0,0,0,0,0,0,0,0,0,0,0,0,0,0,0,0,0,0,0,0,0,0,0,0,0,0,0,0,0,0,0,0,0,0,0,0,0,0,0,0,0,0,0,0,0,0,0,0,0,0,0,0,0,0,0,0,0,0,0,0,0,0,0,0,0,0,0,0,0,0,0,0,0,0,0,0,0,0,0,0,0,0,0,0,0,0,0,0,0,0,0,0,0,0,0,0,0,0,0,0,0,0,0,0,0,0,0,0,0,0,0,0,0,0,0,0,0,0,0,0,0
7,0,0,0,0,0,0,0,0,0,0,0,0,0,0,0,0,0,0,0,0,0,0,0,0,0,0,0,0,0,0,0,0,0,0,0,0,0,0,0,0,0,0,0,0,0,0,0,0,0,0,0,0,0,0,0,0,0,0,0,0,0,0,0,0,0,0,0,0,0,0,0,0,0,0,0,0,0,0,0,0,0,0,0,0,0,0,0,0,0,0,0,0,0,0,0,0,0,0,0,0,0,0,0,0,0,0,0,0,0,0,0,0,0,0,0,0,0,0,0,0,0,0,0,0,0,0,0,0,0,0,0,0,0,0,0,0,0,0,0,0,0,0,0,0,0,0,0,0,0,0,0,0,0,0,0,0,0,0,0,0,0,0,0,0,0,0,0,0,0,0,0,0,0,0,0,0,0,0,0,0,0,29,88,150,187,255,73,0,0,0,0,0,0,0,0,0,0,0,0,0,0,0,0,0,0,0,0,24,96,232,253,253,253,253,72,0,0,0,0,0,0,0,0,0,0,0,0,0,0,0,0,12,228,244,244,246,253,246,217,116,162,253,129,0,0,0,0,0,0,0,0,0,0,0,0,0,0,0,0,22,205,253,253,199,126,53,0,0,165,253,141,0,0,0,0,0,0,0,0,0,0,0,0,0,0,0,0,0,11,20,20,7,0,0,0,5,198,250,65,0,0,0,0,0,0,0,0,0,0,0,0,0,0,0,0,0,0,0,0,0,0,0,0,42,253,192,0,0,0,0,0,0,0,0,0,0,0,0,0,0,0,0,0,0,0,0,0,0,0,0,0,182,253,119,0,0,0,0,0,0,0,0,0,0,0,0,0,0,0,0,0,0,0,0,0,0,0,0,0,249,253,94,0,0,0,0,0,0,0,0,0,0,0,0,0,0,0,0,0,0,0,0,0,0,3,6,46,251,253,63,6,5,0,0,0,0,0,0,0,0,0,0,0,0,0,0,0,0,0,37,143,156,198,253,253,253,253,253,237,142,0,0,0,0,0,0,0,0,0,0,0,0,0,0,0,0,21,238,253,253,253,253,253,253,253,188,36,0,0,0,0,0,0,0,0,0,0,0,0,0,0,0,0,0,12,138,212,212,212,220,253,253,65,2,0,0,0,0,0,0,0,0,0,0,0,0,0,0,0,0,0,0,0,0,0,0,0,53,253,222,15,0,0,0,0,0,0,0,0,0,0,0,0,0,0,0,0,0,0,0,0,0,0,0,0,65,253,212,0,0,0,0,0,0,0,0,0,0,0,0,0,0,0,0,0,0,0,0,0,0,0,0,0,156,253,137,0,0,0,0,0,0,0,0,0,0,0,0,0,0,0,0,0,0,0,0,0,0,0,0,0,156,253,109,0,0,0,0,0,0,0,0,0,0,0,0,0,0,0,0,0,0,0,0,0,0,0,0,4,222,253,38,0,0,0,0,0,0,0,0,0,0,0,0,0,0,0,0,0,0,0,0,0,0,0,0,53,253,253,5,0,0,0,0,0,0,0,0,0,0,0,0,0,0,0,0,0,0,0,0,0,0,0,0,110,253,253,5,0,0,0,0,0,0,0,0,0,0,0,0,0,0,0,0,0,0,0,0,0,0,0,0,67,253,130,1,0,0,0,0,0,0,0,0,0,0,0,0,0,0,0,0,0,0,0,0,0,0,0,0,0,0,0,0,0,0,0,0,0,0,0,0,0,0,0,0,0,0,0,0,0,0,0,0,0,0,0,0,0,0,0,0,0,0,0,0,0,0,0,0,0,0,0,0
4,0,0,0,0,0,0,0,0,0,0,0,0,0,0,0,0,0,0,0,0,0,0,0,0,0,0,0,0,0,0,0,0,0,0,0,0,0,0,0,0,0,0,0,0,0,0,0,0,0,0,0,0,0,0,0,0,0,0,0,0,0,0,0,0,0,0,0,0,0,0,0,0,0,0,0,0,0,0,0,0,0,0,0,0,0,0,0,0,0,0,0,0,0,0,0,0,0,0,0,0,0,0,0,0,0,0,0,0,0,0,0,0,0,0,0,0,0,0,0,0,0,0,0,0,0,0,0,0,0,0,0,0,0,0,0,0,0,0,0,0,0,0,0,0,0,0,0,0,0,0,0,0,0,0,0,0,0,0,0,8,158,194,0,0,0,0,0,0,0,0,0,0,0,0,0,0,0,0,0,0,0,0,0,0,0,0,74,193,252,212,0,0,0,0,0,0,0,0,0,0,0,0,0,0,106,209,136,0,0,0,0,0,0,0,151,252,252,88,0,0,0,0,0,0,0,0,0,0,0,0,0,96,252,252,164,0,0,0,0,0,0,9,239,252,252,21,0,0,0,0,0,0,0,0,0,0,0,0,0,100,252,252,183,5,0,0,0,0,0,171,252,252,252,21,0,0,0,0,0,0,0,0,0,0,0,0,0,100,252,252,221,14,0,0,0,0,53,243,252,252,144,5,0,0,0,0,0,0,0,0,0,0,0,0,0,100,252,252,168,1,0,0,0,2,170,252,252,202,5,0,0,0,0,0,0,0,0,0,0,0,0,0,0,100,252,252,252,21,0,0,0,53,252,252,252,197,0,0,0,0,0,0,0,0,0,0,0,0,0,0,0,26,245,252,252,184,0,0,34,225,252,252,246,89,0,0,0,0,0,0,0,0,0,0,0,0,0,0,0,0,242,252,252,251,201,29,111,253,252,252,134,0,0,0,0,0,0,0,0,0,0,0,0,0,0,0,0,0,68,242,253,253,253,253,253,255,253,240,57,0,0,0,0,0,0,0,0,0,0,0,0,0,0,0,0,0,0,136,252,252,252,252,252,253,252,125,0,0,0,0,0,0,0,0,0,0,0,0,0,0,0,0,0,0,0,10,82,201,252,252,252,253,252,44,0,0,0,0,0,0,0,0,0,0,0,0,0,0,0,0,0,0,0,0,0,5,14,195,252,253,179,2,0,0,0,0,0,0,0,0,0,0,0,0,0,0,0,0,0,0,0,0,0,0,69,252,252,253,77,0,0,0,0,0,0,0,0,0,0,0,0,0,0,0,0,0,0,0,0,0,0,4,188,252,252,242,50,0,0,0,0,0,0,0,0,0,0,0,0,0,0,0,0,0,0,0,0,0,0,12,252,252,252,222,12,7,0,0,0,0,0,0,0,0,0,0,0,0,0,0,0,0,0,0,0,0,0,12,252,252,252,253,252,196,5,0,0,0,0,0,0,0,0,0,0,0,0,0,0,0,0,0,0,0,0,12,252,252,252,253,252,120,0,0,0,0,0,0,0,0,0,0,0,0,0,0,0,0,0,0,0,0,0,7,209,219,142,47,66,6,0,0,0,0,0,0,0,0,0,0,0,0,0,0,0,0,0,0,0,0,0,0,0,0,0,0,0,0,0,0,0,0,0,0,0,0,0,0,0,0,0,0,0,0,0,0,0,0,0,0,0,0,0,0,0,0,0,0,0,0,0,0,0,0,0,0,0,0,0,0,0,0,0,0,0,0,0,0,0,0,0,0,0,0,0,0,0,0,0,0,0,0,0,0
3,0,0,0,0,0,0,0,0,0,0,0,0,0,0,0,0,0,0,0,0,0,0,0,0,0,0,0,0,0,0,0,0,0,0,0,0,0,0,0,0,0,0,0,0,0,0,0,0,0,0,0,0,0,0,0,0,0,0,0,0,0,0,0,0,0,0,0,0,0,0,0,0,0,0,0,0,0,0,0,0,0,0,0,0,0,0,0,0,0,0,0,0,0,0,0,0,0,0,0,0,0,0,0,0,0,0,0,0,0,0,0,0,0,0,0,0,0,0,44,157,241,254,254,254,255,223,86,3,0,0,0,0,0,0,0,0,0,0,0,0,0,0,0,0,0,15,219,200,87,74,74,124,155,244,254,183,4,0,0,0,0,0,0,0,0,0,0,0,0,0,0,0,0,157,128,13,0,0,0,0,0,26,223,254,57,0,0,0,0,0,0,0,0,0,0,0,0,0,0,0,0,19,0,0,0,0,0,0,0,2,190,254,57,0,0,0,0,0,0,0,0,0,0,0,0,0,0,0,0,0,0,0,0,0,0,0,0,22,254,234,11,0,0,0,0,0,0,0,0,0,0,0,0,0,0,0,0,0,0,0,0,0,0,0,0,149,254,118,0,0,0,0,0,0,0,0,0,0,0,0,0,0,0,0,0,0,0,0,0,0,0,0,83,254,221,9,0,0,0,0,0,0,0,0,0,0,0,0,0,0,0,0,0,0,0,0,0,0,0,65,251,204,15,0,0,0,0,0,0,0,0,0,0,0,0,0,0,0,0,0,0,0,0,0,0,0,0,85,252,156,0,0,0,0,0,0,0,0,0,0,0,0,0,0,0,0,0,0,0,0,0,0,0,0,0,0,166,254,150,0,0,0,0,0,0,0,0,0,0,0,0,0,0,0,0,0,0,0,0,0,0,0,0,0,0,141,252,185,79,0,0,0,0,0,0,0,0,0,0,0,0,0,0,0,0,0,0,0,0,0,0,0,0,0,58,218,244,141,27,0,0,0,0,0,0,0,0,0,0,0,0,0,0,0,0,0,0,0,0,0,0,0,0,7,169,254,241,67,0,0,0,0,0,0,0,0,0,0,0,0,0,0,0,0,0,0,0,0,0,0,0,0,8,136,248,222,33,0,0,0,0,0,0,0,0,0,0,0,0,0,0,0,0,0,0,0,0,0,0,0,0,0,108,254,188,0,0,0,0,0,0,0,0,0,0,0,0,0,0,0,0,0,0,0,0,0,0,0,0,0,82,254,188,0,0,0,0,0,0,0,0,0,0,0,0,0,0,0,0,0,0,0,0,0,0,6,69,179,249,254,151,0,0,0,0,0,0,0,0,0,0,0,0,0,0,11,32,0,0,0,0,45,129,232,254,254,241,98,3,0,0,0,0,0,0,0,0,0,0,0,0,0,0,168,203,156,156,180,238,249,254,254,196,114,26,0,0,0,0,0,0,0,0,0,0,0,0,0,0,0,0,126,254,254,254,254,200,172,114,82,2,0,0,0,0,0,0,0,0,0,0,0,0,0,0,0,0,0,0,0,0,0,0,0,0,0,0,0,0,0,0,0,0,0,0,0,0,0,0,0,0,0,0,0,0,0,0,0,0,0,0,0,0,0,0,0,0,0,0,0,0,0,0,0,0,0,0,0,0,0,0,0,0,0,0,0,0,0,0,0,0,0,0,0,0,0,0,0,0,0,0,0,0,0,0,0,0,0,0,0,0,0,0,0,0,0,0,0,0,0,0,0,0,0,0,0,0,0,0,0,0,0,0,0
3,0,0,0,0,0,0,0,0,0,0,0,0,0,0,0,0,0,0,0,0,0,0,0,0,0,0,0,0,0,0,0,0,0,0,0,0,0,0,0,0,0,0,0,0,0,0,0,0,0,0,0,0,0,0,0,0,0,0,0,0,0,0,0,0,0,0,0,0,0,0,0,0,0,0,0,0,0,0,0,0,0,0,0,0,0,0,0,0,0,0,0,0,0,0,0,0,0,0,0,0,0,0,0,0,0,0,0,0,0,0,0,0,0,0,0,0,0,0,0,0,0,0,0,29,141,255,226,114,29,0,0,0,0,0,0,0,0,0,0,0,0,0,0,0,0,0,0,0,0,0,57,226,255,198,226,255,226,0,0,0,0,0,0,0,0,0,0,0,0,0,0,0,0,0,0,0,0,29,226,255,86,0,0,170,255,86,0,0,0,0,0,0,0,0,0,0,0,0,0,0,0,0,0,0,0,170,226,29,0,0,0,0,198,170,0,0,0,0,0,0,0,0,0,0,0,0,0,0,0,0,0,0,0,141,226,57,0,0,0,0,226,170,0,0,0,0,0,0,0,0,0,0,0,0,0,0,0,0,0,0,0,0,0,0,0,0,0,29,255,170,0,0,0,0,0,0,0,0,0,0,0,0,0,0,0,0,0,0,0,0,0,0,0,0,0,114,255,114,0,0,0,0,0,0,0,0,0,0,0,0,0,0,0,0,0,0,0,0,0,0,0,0,0,198,255,29,0,0,0,0,0,0,0,0,0,0,0,0,0,0,0,0,0,0,0,0,0,29,86,86,198,255,114,0,0,0,0,0,0,0,0,0,0,0,0,0,0,0,0,0,0,0,0,0,114,255,255,255,255,255,226,141,29,0,0,0,0,0,0,0,0,0,0,0,0,0,0,0,0,0,0,0,170,255,255,255,170,86,141,255,226,57,0,0,0,0,0,0,0,0,0,0,0,0,0,0,0,0,0,0,114,170,170,57,0,0,0,57,226,226,29,0,0,0,0,0,0,0,0,0,0,0,0,0,0,0,0,0,0,0,0,0,0,0,0,0,57,255,86,0,0,0,0,0,0,0,0,0,0,0,0,0,0,0,0,0,0,0,0,0,0,0,0,0,0,226,170,0,0,0,0,0,0,0,0,0,0,0,0,0,0,0,0,0,0,0,0,0,0,0,0,0,29,255,170,0,0,0,0,0,0,0,0,0,0,0,0,0,0,0,0,0,0,0,0,0,0,0,0,0,198,255,86,0,0,0,0,0,0,0,0,0,0,0,0,0,0,0,0,57,57,0,0,0,0,0,0,198,255,170,0,0,0,0,0,0,0,0,0,0,0,0,0,0,0,0,0,170,255,170,29,0,0,57,226,255,170,29,0,0,0,0,0,0,0,0,0,0,0,0,0,0,0,0,0,0,141,255,255,255,226,255,255,141,0,0,0,0,0,0,0,0,0,0,0,0,0,0,0,0,0,0,0,0,0,57,198,255,226,114,29,0,0,0,0,0,0,0,0,0,0,0,0,0,0,0,0,0,0,0,0,0,0,0,0,0,0,0,0,0,0,0,0,0,0,0,0,0,0,0,0,0,0,0,0,0,0,0,0,0,0,0,0,0,0,0,0,0,0,0,0,0,0,0,0,0,0,0,0,0,0,0,0,0,0,0,0,0,0,0,0,0,0,0,0,0,0,0,0,0,0,0,0,0,0,0,0,0,0,0,0,0,0,0,0,0,0,0,0,0,0,0,0,0,0,0,0,0,0,0,0,0,0,0
0,0,0,0,0,0,0,0,0,0,0,0,0,0,0,0,0,0,0,0,0,0,0,0,0,0,0,0,0,0,0,0,0,0,0,0,0,0,0,0,0,0,0,0,0,0,0,0,0,0,0,0,0,0,0,0,0,0,0,0,0,0,0,0,0,0,0,0,0,0,0,0,0,0,0,0,0,0,0,0,0,0,0,0,0,0,0,0,0,0,0,0,0,0,0,0,0,0,0,0,0,0,0,0,0,0,0,0,0,0,0,0,0,0,0,0,0,0,0,0,0,0,0,176,253,253,253,253,255,128,113,38,0,0,0,0,0,0,0,0,0,0,0,0,0,0,0,0,0,10,163,253,252,252,252,252,253,252,252,218,85,0,0,0,0,0,0,0,0,0,0,0,0,0,0,0,0,60,252,253,252,252,252,252,253,252,252,252,252,57,6,0,0,0,0,0,0,0,0,0,0,0,0,0,7,178,252,253,252,252,252,252,253,252,252,252,252,253,122,0,0,0,0,0,0,0,0,0,0,0,0,0,57,252,252,253,252,252,252,252,253,252,252,252,252,253,167,0,0,0,0,0,0,0,0,0,0,0,0,0,57,253,253,255,253,228,47,0,63,178,253,253,253,255,253,119,0,0,0,0,0,0,0,0,0,0,0,29,200,252,252,253,223,52,0,0,0,57,233,252,252,253,252,214,28,0,0,0,0,0,0,0,0,0,0,85,252,252,252,253,167,0,0,0,0,0,75,233,252,253,252,252,84,0,0,0,0,0,0,0,0,0,0,85,252,252,252,253,74,0,0,0,0,0,0,169,252,253,252,252,99,0,0,0,0,0,0,0,0,0,0,163,252,252,252,253,27,0,0,0,0,0,0,169,252,253,252,252,223,0,0,0,0,0,0,0,0,0,0,226,253,253,253,255,27,0,0,0,0,0,0,169,253,255,253,253,225,0,0,0,0,0,0,0,0,0,0,178,252,252,252,253,27,0,0,0,0,0,0,122,252,253,252,252,145,0,0,0,0,0,0,0,0,0,0,85,252,252,252,253,136,0,0,0,0,0,0,60,252,253,252,252,223,0,0,0,0,0,0,0,0,0,0,85,252,252,252,253,224,59,10,0,0,10,138,224,252,253,252,252,208,0,0,0,0,0,0,0,0,0,0,38,221,252,252,253,252,252,177,140,141,178,252,252,252,253,252,252,84,0,0,0,0,0,0,0,0,0,0,0,198,253,253,255,253,253,253,253,255,253,253,253,253,255,253,196,0,0,0,0,0,0,0,0,0,0,0,0,150,252,252,253,252,252,252,252,253,252,252,252,252,253,223,52,0,0,0,0,0,0,0,0,0,0,0,0,13,155,252,253,252,252,252,252,253,252,252,252,252,228,52,0,0,0,0,0,0,0,0,0,0,0,0,0,0,10,84,237,252,252,252,252,253,252,252,249,145,47,0,0,0,0,0,0,0,0,0,0,0,0,0,0,0,0,0,50,112,112,128,252,253,252,141,99,0,0,0,0,0,0,0,0,0,0,0,0,0,0,0,0,0,0,0,0,0,0,0,0,0,0,0,0,0,0,0,0,0,0,0,0,0,0,0,0,0,0,0,0,0,0,0,0,0,0,0,0,0,0,0,0,0,0,0,0,0,0,0,0,0,0,0,0,0,0,0,0,0,0,0,0,0,0,0,0,0,0,0,0,0,0,0,0,0,0,0,0,0,0,0,0,0,0,0,0,0,0,0,0,0,0,0,0,0,0,0,0,0,0,0,0,0,0,0,0,0
0,0,0,0,0,0,0,0,0,0,0,0,0,0,0,0,0,0,0,0,0,0,0,0,0,0,0,0,0,0,0,0,0,0,0,0,0,0,0,0,0,0,0,0,0,0,0,0,0,0,0,0,0,0,0,0,0,0,0,0,0,0,0,0,0,0,0,0,0,0,0,0,0,0,0,0,0,0,0,0,0,0,0,0,0,0,0,0,0,0,0,0,0,0,0,0,0,0,0,0,0,0,0,0,0,0,0,0,0,0,0,0,0,0,0,0,0,0,0,0,0,0,0,0,0,0,12,128,192,133,117,13,4,0,0,0,0,0,0,0,0,0,0,0,0,0,0,0,0,0,0,0,0,68,243,253,254,253,253,253,147,6,0,0,0,0,0,0,0,0,0,0,0,0,0,0,0,0,0,11,135,240,253,253,253,217,240,253,253,135,0,0,0,0,0,0,0,0,0,0,0,0,0,0,0,0,0,97,253,253,253,253,81,0,70,237,253,123,0,0,0,0,0,0,0,0,0,0,0,0,0,0,0,0,73,236,253,230,140,72,0,0,0,140,253,180,0,0,0,0,0,0,0,0,0,0,0,0,0,0,0,0,182,253,253,64,0,0,0,0,0,49,253,236,72,0,0,0,0,0,0,0,0,0,0,0,0,0,0,40,240,253,253,36,0,0,0,0,0,49,253,253,168,0,0,0,0,0,0,0,0,0,0,0,0,0,0,96,253,253,180,5,0,0,0,0,0,49,253,253,209,17,0,0,0,0,0,0,0,0,0,0,0,0,34,246,253,253,168,0,0,0,0,0,0,49,253,253,168,0,0,0,0,0,0,0,0,0,0,0,0,0,95,253,253,218,30,0,0,0,0,0,0,49,253,253,168,0,0,0,0,0,0,0,0,0,0,0,0,0,158,254,254,220,25,0,0,0,0,0,2,174,254,254,163,0,0,0,0,0,0,0,0,0,0,0,0,0,157,253,253,253,48,0,0,0,0,0,37,253,253,253,48,0,0,0,0,0,0,0,0,0,0,0,0,0,83,253,253,253,48,0,0,0,0,0,112,253,253,208,18,0,0,0,0,0,0,0,0,0,0,0,0,0,37,253,253,253,48,0,0,0,0,40,222,253,253,180,0,0,0,0,0,0,0,0,0,0,0,0,0,0,37,253,253,253,134,0,0,0,9,223,253,253,239,80,0,0,0,0,0,0,0,0,0,0,0,0,0,0,37,253,253,253,193,11,0,35,198,253,253,239,137,0,0,0,0,0,0,0,0,0,0,0,0,0,0,0,7,144,253,253,253,36,37,223,254,253,241,79,0,0,0,0,0,0,0,0,0,0,0,0,0,0,0,0,0,30,226,253,253,223,233,253,254,186,31,0,0,0,0,0,0,0,0,0,0,0,0,0,0,0,0,0,0,0,182,253,253,253,253,201,82,10,0,0,0,0,0,0,0,0,0,0,0,0,0,0,0,0,0,0,0,0,8,81,253,253,143,11,0,0,0,0,0,0,0,0,0,0,0,0,0,0,0,0,0,0,0,0,0,0,0,0,0,0,0,0,0,0,0,0,0,0,0,0,0,0,0,0,0,0,0,0,0,0,0,0,0,0,0,0,0,0,0,0,0,0,0,0,0,0,0,0,0,0,0,0,0,0,0,0,0,0,0,0,0,0,0,0,0,0,0,0,0,0,0,0,0,0,0,0,0,0,0,0,0,0,0,0,0,0,0,0,0,0,0,0,0,0,0,0,0,0,0,0,0,0,0,0,0,0,0,0,0
3,0,0,0,0,0,0,0,0,0,0,0,0,0,0,0,0,0,0,0,0,0,0,0,0,0,0,0,0,0,0,0,0,0,0,0,0,0,0,0,0,0,0,0,0,0,0,0,0,0,0,0,0,0,0,0,0,0,0,0,0,0,0,0,0,0,0,0,0,0,0,0,0,0,0,0,0,0,0,0,0,0,0,0,0,0,0,0,0,0,0,0,0,0,0,0,0,0,0,0,0,0,0,0,0,0,0,0,0,0,0,0,0,0,0,0,0,0,0,0,6,73,163,182,208,163,130,0,0,0,0,0,0,0,0,0,0,0,0,0,0,0,0,0,0,0,32,145,237,253,254,233,245,222,253,85,0,0,0,0,0,0,0,0,0,0,0,0,0,0,0,0,0,37,231,234,216,184,101,23,31,31,253,91,0,0,0,0,0,0,0,0,0,0,0,0,0,0,0,0,0,100,150,72,0,0,0,0,0,64,253,20,0,0,0,0,0,0,0,0,0,0,0,0,0,0,0,0,0,0,0,0,0,0,0,0,27,238,253,0,0,0,0,0,0,0,0,0,0,0,0,0,0,0,0,0,0,0,0,0,0,0,0,16,196,248,84,0,0,0,0,0,0,0,0,0,0,0,0,0,0,0,0,0,0,0,0,0,0,0,16,162,253,215,0,0,0,0,0,0,0,0,0,0,0,0,0,0,0,0,0,0,0,0,0,0,0,14,196,253,247,59,0,0,0,0,0,0,0,0,0,0,0,0,0,0,0,0,0,0,0,0,0,0,15,193,254,253,232,109,77,45,57,16,0,0,0,0,0,0,0,0,0,0,0,0,0,0,0,0,0,0,44,253,254,253,253,253,253,254,253,242,181,117,92,7,0,0,0,0,0,0,0,0,0,0,0,0,0,0,0,66,92,111,168,162,207,182,197,254,254,254,255,254,121,0,0,0,0,0,0,0,0,0,0,0,0,0,0,0,0,0,0,0,7,0,4,63,147,198,215,253,250,102,0,0,0,0,0,0,0,0,0,0,0,0,0,0,0,0,0,0,0,0,0,0,0,0,11,238,253,222,0,0,0,0,0,0,0,0,0,0,0,0,0,0,0,0,0,0,0,0,0,0,0,0,0,50,225,249,57,0,0,0,0,0,0,0,0,0,0,0,0,0,0,0,0,0,0,0,0,0,0,0,0,72,243,240,21,0,0,0,0,0,0,0,0,0,0,0,0,0,27,0,0,0,0,0,0,0,0,0,21,176,243,104,0,0,0,0,0,0,0,0,0,0,0,0,0,72,175,0,0,0,0,0,0,0,4,87,209,253,145,0,0,0,0,0,0,0,0,0,0,0,0,0,16,243,217,108,37,37,37,37,121,140,220,253,254,147,5,0,0,0,0,0,0,0,0,0,0,0,0,0,17,248,254,253,253,253,253,254,253,253,253,240,151,4,0,0,0,0,0,0,0,0,0,0,0,0,0,0,0,84,130,181,253,253,253,195,162,162,91,21,0,0,0,0,0,0,0,0,0,0,0,0,0,0,0,0,0,0,0,0,0,0,0,0,0,0,0,0,0,0,0,0,0,0,0,0,0,0,0,0,0,0,0,0,0,0,0,0,0,0,0,0,0,0,0,0,0,0,0,0,0,0,0,0,0,0,0,0,0,0,0,0,0,0,0,0,0,0,0,0,0,0,0,0,0,0,0,0,0,0,0,0,0,0,0,0,0,0,0,0,0,0,0,0,0,0,0,0,0,0,0,0,0,0,0,0,0,0,0,0,0
1,0,0,0,0,0,0,0,0,0,0,0,0,0,0,0,0,0,0,0,0,0,0,0,0,0,0,0,0,0,0,0,0,0,0,0,0,0,0,0,0,0,0,0,0,0,0,0,0,0,0,0,0,0,0,0,0,0,0,0,0,0,0,0,0,0,0,0,0,0,0,0,0,0,0,0,0,0,0,0,0,0,0,0,0,0,0,0,0,0,0,0,0,0,0,0,0,0,0,0,0,0,0,0,0,0,0,0,0,0,0,0,0,0,0,0,0,0,0,0,0,0,0,0,0,0,0,128,191,255,0,0,0,0,0,0,0,0,0,0,0,0,0,0,0,0,0,0,0,0,0,0,0,0,128,255,255,191,0,0,0,0,0,0,0,0,0,0,0,0,0,0,0,0,0,0,0,0,0,0,0,0,128,255,255,0,0,0,0,0,0,0,0,0,0,0,0,0,0,0,0,0,0,0,0,0,0,0,0,0,255,255,128,0,0,0,0,0,0,0,0,0,0,0,0,0,0,0,0,0,0,0,0,0,0,0,0,0,255,255,128,0,0,0,0,0,0,0,0,0,0,0,0,0,0,0,0,0,0,0,0,0,0,0,0,0,255,255,191,0,0,0,0,0,0,0,0,0,0,0,0,0,0,0,0,0,0,0,0,0,0,0,0,0,255,255,255,0,0,0,0,0,0,0,0,0,0,0,0,0,0,0,0,0,0,0,0,0,0,0,0,0,255,255,255,0,0,0,0,0,0,0,0,0,0,0,0,0,0,0,0,0,0,0,0,0,0,0,0,0,255,255,255,64,0,0,0,0,0,0,0,0,0,0,0,0,0,0,0,0,0,0,0,0,0,0,0,0,255,255,255,0,0,0,0,0,0,0,0,0,0,0,0,0,0,0,0,0,0,0,0,0,0,0,0,0,255,255,255,0,0,0,0,0,0,0,0,0,0,0,0,0,0,0,0,0,0,0,0,0,0,0,0,0,255,255,255,0,0,0,0,0,0,0,0,0,0,0,0,0,0,0,0,0,0,0,0,0,0,0,0,0,255,255,255,128,0,0,0,0,0,0,0,0,0,0,0,0,0,0,0,0,0,0,0,0,0,0,0,0,128,255,255,128,0,0,0,0,0,0,0,0,0,0,0,0,0,0,0,0,0,0,0,0,0,0,0,0,128,255,255,128,0,0,0,0,0,0,0,0,0,0,0,0,0,0,0,0,0,0,0,0,0,0,0,0,128,255,255,128,0,0,0,0,0,0,0,0,0,0,0,0,0,0,0,0,0,0,0,0,0,0,0,0,128,255,255,128,0,0,0,0,0,0,0,0,0,0,0,0,0,0,0,0,0,0,0,0,0,0,0,0,128,255,255,255,0,0,0,0,0,0,0,0,0,0,0,0,0,0,0,0,0,0,0,0,0,0,0,0,128,255,255,128,0,0,0,0,0,0,0,0,0,0,0,0,0,0,0,0,0,0,0,0,0,0,0,0,64,255,191,0,0,0,0,0,0,0,0,0,0,0,0,0,0,0,0,0,0,0,0,0,0,0,0,0,0,0,0,0,0,0,0,0,0,0,0,0,0,0,0,0,0,0,0,0,0,0,0,0,0,0,0,0,0,0,0,0,0,0,0,0,0,0,0,0,0,0,0,0,0,0,0,0,0,0,0,0,0,0,0,0,0,0,0,0,0,0,0,0,0,0,0,0,0,0,0,0,0,0,0,0,0,0,0,0,0,0,0,0,0,0,0,0,0,0,0,0,0,0,0,0,0,0,0
9,0,0,0,0,0,0,0,0,0,0,0,0,0,0,0,0,0,0,0,0,0,0,0,0,0,0,0,0,0,0,0,0,0,0,0,0,0,0,0,0,0,0,0,0,0,0,0,0,0,0,0,0,0,0,0,0,0,0,0,0,0,0,0,0,0,0,0,0,0,0,0,0,0,0,0,0,0,0,0,0,0,0,0,0,0,0,0,0,0,0,0,0,0,0,0,0,0,0,0,0,0,0,0,0,0,0,0,0,0,0,0,0,0,0,0,0,0,0,0,0,0,0,0,0,0,0,0,0,0,0,0,0,0,0,0,0,0,0,0,0,0,0,0,0,0,0,0,0,0,0,0,0,0,0,0,0,0,0,0,0,0,0,0,0,0,0,0,0,0,0,0,0,0,0,0,0,0,0,0,48,96,194,255,133,96,72,0,0,0,0,0,0,0,0,0,0,0,0,0,0,0,0,0,0,20,92,190,221,251,251,253,251,251,236,190,20,0,0,0,0,0,0,0,0,0,0,0,0,0,0,0,0,158,253,251,251,251,251,253,251,251,251,251,206,32,0,0,0,0,0,0,0,0,0,0,0,0,0,0,56,181,253,251,219,50,31,31,31,110,204,251,253,201,0,0,0,0,0,0,0,0,0,0,0,0,0,80,240,251,253,132,47,0,0,0,0,0,64,251,253,240,79,0,0,0,0,0,0,0,0,0,0,0,0,128,253,193,100,0,0,0,0,0,0,0,0,0,255,253,126,0,0,0,0,0,0,0,0,0,0,0,4,142,251,94,0,0,0,0,0,0,0,0,28,32,141,220,110,0,0,0,0,0,0,0,0,0,0,0,16,188,251,94,0,0,0,0,0,0,16,127,236,251,158,0,0,0,0,0,0,0,0,0,0,0,0,0,0,127,251,133,0,0,0,0,40,64,186,251,251,251,158,0,0,0,0,0,0,0,0,0,0,0,0,0,0,127,251,251,159,59,158,158,217,253,251,251,251,251,158,0,0,0,0,0,0,0,0,0,0,0,0,0,0,0,223,253,255,253,253,253,253,255,253,253,253,253,0,0,0,0,0,0,0,0,0,0,0,0,0,0,0,0,95,240,253,251,251,251,251,241,224,251,251,231,0,0,0,0,0,0,0,0,0,0,0,0,0,0,0,0,0,79,126,220,251,140,126,79,32,251,251,94,0,0,0,0,0,0,0,0,0,0,0,0,0,0,0,0,0,0,0,23,31,4,0,24,186,251,196,12,0,0,0,0,0,0,0,0,0,0,0,0,0,0,0,0,0,0,0,0,0,0,0,194,251,251,188,0,0,0,0,0,0,0,0,0,0,0,0,0,0,0,0,0,0,0,0,0,0,0,60,255,253,253,31,0,0,0,0,0,0,0,0,0,0,0,0,0,0,0,0,0,0,0,0,0,0,0,158,253,247,140,8,0,0,0,0,0,0,0,0,0,0,0,0,0,0,0,0,0,0,0,0,0,0,32,205,253,220,0,0,0,0,0,0,0,0,0,0,0,0,0,0,0,0,0,0,0,0,0,0,0,0,162,251,253,220,0,0,0,0,0,0,0,0,0,0,0,0,0,0,0,0,0,0,0,0,0,0,0,0,24,193,253,121,0,0,0,0,0,0,0,0,0,0,0,0,0,0,0,0,0,0,0,0,0,0,0,0,0,0,0,0,0,0,0,0,0,0,0,0,0,0,0,0,0,0,0,0,0,0,0,0,0,0,0,0,0,0,0,0,0,0,0,0,0,0,0,0,0,0,0,0
6,0,0,0,0,0,0,0,0,0,0,0,0,0,0,0,0,0,0,0,0,0,0,0,0,0,0,0,0,0,0,0,0,0,0,0,0,0,0,0,0,0,0,0,0,0,0,0,0,0,0,0,0,0,0,0,0,0,0,0,0,0,0,0,0,0,0,0,0,0,0,0,0,0,0,0,0,0,0,0,0,0,0,0,0,0,0,0,0,0,0,0,0,0,0,0,0,0,0,0,0,0,0,0,0,76,113,176,90,0,0,0,0,0,0,0,0,0,0,0,0,0,0,0,0,0,0,0,0,0,0,29,194,243,252,206,243,50,0,0,0,0,0,0,0,0,0,0,0,0,0,0,0,0,0,0,0,0,57,200,252,198,55,25,199,165,0,0,0,0,0,0,0,0,0,0,0,0,0,0,0,0,0,0,4,107,253,242,192,28,0,0,28,65,0,0,0,0,0,0,0,0,0,0,0,0,0,0,0,0,0,0,107,252,253,89,0,0,0,0,0,0,0,0,0,0,0,0,0,0,0,0,0,0,0,0,0,0,38,144,253,253,0,0,0,0,0,0,0,0,0,0,0,0,0,0,0,0,0,0,0,0,0,0,0,0,131,252,242,89,0,0,0,0,0,0,0,0,0,0,0,0,0,0,0,0,0,0,0,0,0,0,0,120,246,252,114,0,0,0,0,0,0,0,0,0,0,0,0,0,0,0,0,0,0,0,0,0,0,4,107,253,242,192,28,0,0,0,0,0,0,0,0,0,0,0,0,0,0,0,0,0,0,0,0,0,0,107,252,253,214,140,47,0,0,0,0,0,0,0,0,0,0,0,0,0,0,0,0,0,0,0,0,0,0,170,253,255,253,253,253,112,0,0,0,0,0,0,0,0,0,0,0,0,0,0,0,0,0,0,0,0,51,243,252,253,176,186,252,237,0,0,0,0,0,0,0,0,0,0,0,0,0,0,0,0,0,0,0,0,166,252,252,56,6,13,187,252,0,0,0,0,0,0,0,0,0,0,0,0,0,0,0,0,0,0,0,57,234,252,236,0,0,0,169,252,95,0,0,0,0,0,0,0,0,0,0,0,0,0,0,0,0,0,0,85,252,252,112,0,0,0,169,252,140,0,0,0,0,0,0,0,0,0,0,0,0,0,0,0,0,0,0,86,253,253,174,0,0,0,169,253,79,0,0,0,0,0,0,0,0,0,0,0,0,0,0,0,0,0,0,9,203,252,252,163,57,19,196,252,0,0,0,0,0,0,0,0,0,0,0,0,0,0,0,0,0,0,0,0,88,252,252,253,233,209,252,252,0,0,0,0,0,0,0,0,0,0,0,0,0,0,0,0,0,0,0,0,19,99,223,253,252,252,233,145,0,0,0,0,0,0,0,0,0,0,0,0,0,0,0,0,0,0,0,0,0,0,0,253,252,220,37,0,0,0,0,0,0,0,0,0,0,0,0,0,0,0,0,0,0,0,0,0,0,0,0,0,0,0,0,0,0,0,0,0,0,0,0,0,0,0,0,0,0,0,0,0,0,0,0,0,0,0,0,0,0,0,0,0,0,0,0,0,0,0,0,0,0,0,0,0,0,0,0,0,0,0,0,0,0,0,0,0,0,0,0,0,0,0,0,0,0,0,0,0,0,0,0,0,0,0,0,0,0,0,0,0,0,0,0,0,0,0,0,0,0,0,0,0,0,0,0,0,0,0,0,0,0,0,0,0,0,0,0,0,0,0,0,0,0,0,0,0,0,0,0,0,0,0,0,0,0,0,0
5,0,0,0,0,0,0,0,0,0,0,0,0,0,0,0,0,0,0,0,0,0,0,0,0,0,0,0,0,0,0,0,0,0,0,0,0,0,0,0,0,0,0,0,0,0,0,0,0,0,0,0,0,0,0,0,0,0,0,0,0,0,0,0,0,0,0,0,0,0,0,0,0,0,0,0,0,0,0,0,0,0,0,0,0,0,0,0,0,0,0,0,0,0,0,0,0,0,0,0,0,0,0,0,0,0,0,0,0,0,0,0,0,0,0,0,0,0,0,0,0,0,0,0,0,0,0,0,0,0,0,0,0,0,0,0,0,0,0,0,0,0,0,0,0,0,0,0,0,0,0,0,0,0,0,0,0,0,0,0,0,0,0,0,0,0,0,0,0,0,0,0,0,0,0,0,0,0,0,0,0,0,0,0,0,0,0,0,0,0,0,0,0,0,0,0,0,0,0,0,0,0,0,0,0,0,0,0,0,0,0,0,0,0,0,0,0,0,0,0,0,0,0,0,0,0,0,0,0,0,0,0,0,0,0,0,0,0,0,0,0,0,0,0,0,38,113,114,188,225,125,0,0,0,0,0,0,0,0,0,0,0,0,0,0,0,0,0,19,66,141,154,253,253,253,255,253,244,225,0,0,0,0,0,0,0,0,0,0,0,0,7,82,169,169,170,225,252,252,253,252,252,252,253,189,56,0,0,0,0,0,0,0,0,0,0,57,85,85,204,252,252,252,253,252,252,252,206,168,168,68,56,19,0,0,0,0,0,0,0,0,0,0,176,243,252,252,253,252,252,252,253,252,164,40,13,0,0,0,0,0,0,0,0,0,0,0,0,0,0,0,251,225,225,225,229,253,253,253,0,0,0,0,0,0,0,0,0,0,0,0,0,0,0,0,0,0,0,0,75,0,0,0,29,252,252,252,170,56,0,0,0,0,0,0,0,0,0,0,0,0,0,0,0,0,0,0,0,0,0,0,19,224,252,252,253,190,19,0,0,0,0,0,0,0,0,0,0,0,0,0,0,0,0,0,0,0,0,0,0,19,116,240,253,252,156,0,0,0,0,0,0,0,0,0,0,0,0,0,0,0,0,0,0,0,0,0,0,0,0,26,254,253,168,0,0,0,0,0,0,0,0,0,0,0,0,0,0,0,0,0,0,0,0,0,0,38,95,243,253,252,168,0,0,0,0,0,0,0,0,0,0,0,0,0,0,0,0,0,0,57,85,85,198,234,252,252,253,196,62,0,0,0,0,0,0,0,0,0,0,0,0,0,0,0,0,0,0,94,228,252,253,252,252,252,178,9,0,0,0,0,0,0,0,0,0,0,0,0,0,0,0,0,0,0,0,0,76,225,176,150,113,63,0,0,0,0,0,0,0,0,0,0,0,0,0,0,0,0,0,0,0,0,0,0,0,0,0,0,0,0,0,0,0,0,0,0,0,0,0,0,0,0,0,0,0,0,0,0,0,0,0,0,0,0,0,0,0,0,0,0,0,0,0,0,0,0,0,0,0,0,0,0,0,0,0,0,0,0,0,0,0,0,0,0,0,0,0,0,0,0,0,0,0,0,0,0,0,0,0,0,0,0,0,0,0,0,0,0,0,0,0,0,0,0,0,0,0,0,0,0,0,0,0,0,0,0,0,0,0,0,0,0,0,0,0,0,0,0,0,0,0,0,0,0,0,0,0,0,0,0,0,0,0,0,0,0,0,0,0,0,0,0,0,0,0,0,0,0,0,0,0,0,0,0,0,0,0,0,0,0,0,0,0,0
2,0,0,0,0,0,0,0,0,0,0,0,0,0,0,0,0,0,0,0,0,0,0,0,0,0,0,0,0,0,0,0,0,0,0,0,0,0,0,0,0,0,0,0,0,0,0,0,0,0,0,0,0,0,0,0,0,0,0,0,0,0,0,0,0,0,0,0,0,0,0,0,0,0,0,0,0,0,0,0,0,0,0,0,0,0,0,0,0,0,0,0,0,0,0,0,0,0,0,0,0,0,0,0,0,0,0,0,0,0,0,0,0,0,0,0,0,0,0,7,124,150,180,255,254,255,254,254,237,115,3,0,0,0,0,0,0,0,0,0,0,0,0,0,0,0,0,155,253,253,253,253,192,160,217,253,253,253,188,27,0,0,0,0,0,0,0,0,0,0,0,0,0,0,147,248,140,61,10,10,4,0,6,10,27,192,251,215,29,0,0,0,0,0,0,0,0,0,0,0,0,0,163,229,22,0,0,0,0,0,0,0,0,0,205,253,212,27,0,0,0,0,0,0,0,0,0,0,0,0,46,67,6,0,0,0,0,0,0,0,0,0,24,217,253,185,4,0,0,0,0,0,0,0,0,0,0,0,0,0,0,0,0,0,0,0,0,0,0,0,0,88,246,253,66,0,0,0,0,0,0,0,0,0,0,0,0,0,0,0,0,0,0,0,0,0,0,0,0,0,179,253,231,0,0,0,0,0,0,0,0,0,0,0,0,0,0,0,0,0,0,0,0,0,0,0,0,0,125,253,250,61,0,0,0,0,0,0,0,0,0,0,0,0,0,0,0,0,0,5,6,6,6,2,0,0,38,253,253,93,0,0,0,0,0,0,0,0,0,0,0,0,0,0,15,102,156,238,253,253,253,179,156,82,22,237,253,93,0,0,0,0,0,0,0,0,0,0,0,0,0,62,217,253,253,253,253,253,253,253,253,253,207,237,245,19,0,0,0,0,0,0,0,0,0,0,0,0,14,235,242,163,109,109,45,47,22,109,122,242,253,253,243,0,0,0,0,0,0,0,0,0,0,0,0,0,162,253,181,0,0,0,0,0,0,0,0,77,245,253,243,0,0,0,0,0,0,0,0,0,0,0,0,0,187,253,181,0,0,0,0,0,0,0,0,55,242,253,158,0,0,0,0,0,0,0,0,0,0,0,0,0,187,253,181,0,0,0,0,0,0,0,10,204,253,233,200,0,0,0,0,0,0,0,0,0,0,0,0,0,187,253,187,3,0,0,0,0,0,16,220,253,235,53,11,0,0,0,0,0,0,0,0,0,0,0,0,0,95,248,253,128,0,0,0,0,56,234,253,253,102,0,0,0,0,0,0,0,0,0,0,0,0,0,0,0,0,187,253,251,150,70,75,155,238,253,252,95,4,0,0,0,0,0,0,0,0,0,0,0,0,0,0,0,0,48,181,253,253,253,253,253,253,253,91,0,0,0,0,0,0,0,0,0,0,0,0,0,0,0,0,0,0,0,14,95,175,253,253,253,134,46,3,0,0,0,0,0,0,0,0,0,0,0,0,0,0,0,0,0,0,0,0,0,0,0,0,0,0,0,0,0,0,0,0,0,0,0,0,0,0,0,0,0,0,0,0,0,0,0,0,0,0,0,0,0,0,0,0,0,0,0,0,0,0,0,0,0,0,0,0,0,0,0,0,0,0,0,0,0,0,0,0,0,0,0,0,0,0,0,0,0,0,0,0,0,0,0,0,0,0,0,0,0,0,0,0,0,0,0,0,0,0,0,0,0,0,0,0,0,0,0,0,0,0
5,0,0,0,0,0,0,0,0,0,0,0,0,0,0,0,0,0,0,0,0,0,0,0,0,0,0,0,0,0,0,0,0,0,0,0,0,0,0,0,0,0,0,0,0,0,0,0,0,0,0,0,0,0,0,0,0,0,0,0,0,0,0,0,0,0,0,0,0,0,0,0,0,0,0,0,0,0,0,0,0,0,0,0,0,0,0,0,0,0,0,0,0,0,0,0,0,0,0,0,0,0,0,0,0,0,0,0,0,0,0,0,0,0,0,0,0,0,0,0,0,0,0,0,0,120,159,194,255,254,254,226,12,0,0,0,0,0,0,0,0,0,0,0,0,0,0,0,0,0,21,115,198,252,253,253,254,253,225,253,32,0,0,0,0,0,0,0,0,0,0,0,0,0,0,0,0,0,214,253,246,152,139,91,56,56,18,218,39,0,0,0,0,0,0,0,0,0,0,0,0,0,0,0,0,51,247,212,25,0,0,0,0,0,0,57,6,0,0,0,0,0,0,0,0,0,0,0,0,0,0,0,2,143,253,88,0,0,0,0,0,0,0,0,0,0,0,0,0,0,0,0,0,0,0,0,0,0,0,0,10,253,253,47,0,0,0,0,0,0,0,0,0,0,0,0,0,0,0,0,0,0,0,0,0,0,0,0,41,253,253,47,0,0,0,0,0,0,0,0,0,0,0,0,0,0,0,0,0,0,0,0,0,0,0,9,206,253,151,2,0,0,0,0,0,0,0,0,0,0,0,0,0,0,0,0,0,0,0,0,0,0,0,49,253,253,145,123,123,143,170,123,123,109,29,29,2,0,0,0,0,0,0,0,0,0,0,0,0,0,25,211,253,253,253,253,253,253,253,253,254,253,253,253,192,105,0,0,0,0,0,0,0,0,0,0,0,0,49,246,254,254,254,254,207,188,195,254,255,254,254,254,254,254,187,30,0,0,0,0,0,0,0,0,0,0,0,39,125,152,34,28,9,0,4,28,28,28,28,28,132,232,253,236,82,0,0,0,0,0,0,0,0,0,0,0,0,0,0,0,0,0,0,0,0,0,0,0,0,25,153,252,205,3,0,0,0,0,0,0,0,0,0,0,0,0,0,0,0,0,0,0,0,0,0,0,0,0,0,244,253,65,0,0,0,0,0,0,0,0,0,0,0,0,0,0,0,0,0,0,0,0,0,0,0,0,48,249,253,65,0,0,0,0,0,0,0,0,0,0,8,207,137,4,0,0,0,0,0,0,0,0,0,23,194,253,251,61,0,0,0,0,0,0,0,0,0,0,10,253,253,144,0,0,0,0,0,0,0,26,103,239,253,253,127,0,0,0,0,0,0,0,0,0,0,0,1,37,242,252,213,95,57,57,57,71,154,247,253,253,253,122,2,0,0,0,0,0,0,0,0,0,0,0,0,0,105,247,253,253,253,253,254,253,253,253,226,147,65,2,0,0,0,0,0,0,0,0,0,0,0,0,0,0,0,61,159,214,253,253,254,253,214,131,5,0,0,0,0,0,0,0,0,0,0,0,0,0,0,0,0,0,0,0,0,0,0,0,0,0,0,0,0,0,0,0,0,0,0,0,0,0,0,0,0,0,0,0,0,0,0,0,0,0,0,0,0,0,0,0,0,0,0,0,0,0,0,0,0,0,0,0,0,0,0,0,0,0,0,0,0,0,0,0,0,0,0,0,0,0,0,0,0,0,0,0,0,0,0,0,0,0,0,0,0,0,0,0,0,0,0,0,0,0,0,0,0,0,0,0,0,0,0,0,0
9,0,0,0,0,0,0,0,0,0,0,0,0,0,0,0,0,0,0,0,0,0,0,0,0,0,0,0,0,0,0,0,0,0,0,0,0,0,0,0,0,0,0,0,0,0,0,0,0,0,0,0,0,0,0,0,0,0,0,0,0,0,0,0,0,0,0,0,0,0,0,0,0,0,0,0,0,0,0,0,0,0,0,0,0,0,0,0,0,0,0,0,0,0,0,0,0,0,0,0,0,0,0,0,0,0,0,0,0,0,0,0,0,0,0,0,0,0,0,0,0,0,0,0,0,0,0,0,0,0,0,0,0,0,0,0,0,0,0,0,0,0,0,0,0,0,0,0,0,0,0,0,0,0,0,0,0,0,0,0,0,0,0,0,0,0,0,0,0,0,0,0,0,0,0,0,0,0,0,0,53,155,193,157,75,21,0,0,0,0,0,0,0,0,0,0,0,0,0,0,0,0,0,0,0,0,0,25,225,254,251,254,254,203,61,0,0,0,0,0,0,0,0,0,0,0,0,0,0,0,0,0,0,0,0,23,237,239,72,88,223,254,139,0,0,0,0,0,0,0,0,0,0,0,0,0,0,0,0,0,0,0,0,0,177,254,68,0,28,133,239,81,0,0,0,0,0,0,0,0,0,0,0,0,0,0,0,0,0,0,0,0,86,254,225,97,175,225,250,91,0,0,0,0,0,0,0,0,0,0,0,0,0,0,0,0,0,0,0,0,76,253,254,254,254,247,94,0,0,0,0,0,0,0,0,0,0,0,0,0,0,0,0,0,0,0,0,0,0,82,130,253,254,194,0,0,0,0,0,0,0,0,0,0,0,0,0,0,0,0,0,0,0,0,0,0,0,0,0,250,254,100,0,0,0,0,0,0,0,0,0,0,0,0,0,0,0,0,0,0,0,0,0,0,0,0,0,250,254,95,0,0,0,0,0,0,0,0,0,0,0,0,0,0,0,0,0,0,0,0,0,0,0,0,19,251,254,76,0,0,0,0,0,0,0,0,0,0,0,0,0,0,0,0,0,0,0,0,0,0,0,0,96,254,248,0,0,0,0,0,0,0,0,0,0,0,0,0,0,0,0,0,0,0,0,0,0,0,0,0,120,254,149,0,0,0,0,0,0,0,0,0,0,0,0,0,0,0,0,0,0,0,0,0,0,0,0,19,222,254,65,0,0,0,0,0,0,0,0,0,0,0,0,0,0,0,0,0,0,0,0,0,0,0,0,41,254,254,50,0,0,0,0,0,0,0,0,0,0,0,0,0,0,0,0,0,0,0,0,0,0,0,0,41,255,254,50,0,0,0,0,0,0,0,0,0,0,0,0,0,0,0,0,0,0,0,0,0,0,0,0,41,254,254,50,0,0,0,0,0,0,0,0,0,0,0,0,0,0,0,0,0,0,0,0,0,0,0,0,41,255,254,50,0,0,0,0,0,0,0,0,0,0,0,0,0,0,0,0,0,0,0,0,0,0,0,0,41,254,254,50,0,0,0,0,0,0,0,0,0,0,0,0,0,0,0,0,0,0,0,0,0,0,0,0,18,203,254,247,187,0,0,0,0,0,0,0,0,0,0,0,0,0,0,0,0,0,0,0,0,0,0,0,0,21,251,253,79,0,0,0,0,0,0,0,0,0,0,0,0,0,0,0,0,0,0,0,0,0,0,0,0,0,0,0,0,0,0,0,0,0,0,0,0,0,0,0,0,0,0,0,0,0,0,0,0,0,0,0,0,0,0,0,0,0,0,0,0,0,0,0,0,0,0,0
2,0,0,0,0,0,0,0,0,0,0,0,0,0,0,0,0,0,0,0,0,0,0,0,0,0,0,0,0,0,0,0,0,0,0,0,0,0,0,0,0,0,0,0,0,0,0,0,0,0,0,0,0,0,0,0,0,0,0,0,0,0,0,0,0,0,0,0,0,0,0,0,0,0,0,0,0,0,0,0,0,0,0,0,0,0,0,0,0,0,0,0,0,0,0,0,0,0,0,0,0,0,0,0,0,0,0,0,0,0,0,0,0,0,0,0,0,0,0,0,0,0,0,0,0,0,0,0,0,0,0,0,0,0,0,0,0,0,0,0,0,0,0,0,0,0,0,0,0,0,0,0,0,0,0,0,0,0,0,0,0,0,0,0,0,0,0,0,0,0,0,0,0,0,0,0,0,0,0,16,53,143,143,254,253,253,253,229,31,0,0,0,0,0,0,0,0,0,0,0,0,0,0,0,0,0,91,213,252,252,252,253,206,212,252,252,55,0,0,0,0,0,0,0,0,0,0,0,0,0,0,0,0,90,243,252,235,153,106,44,13,17,244,252,145,0,0,0,0,0,0,0,0,0,0,0,0,0,0,0,10,189,192,68,9,0,0,0,0,9,243,252,59,0,0,0,0,0,0,0,0,0,0,0,0,0,0,0,0,0,0,0,0,0,0,0,0,124,252,216,19,0,0,0,0,0,0,0,0,0,0,0,0,0,0,0,0,0,0,0,0,0,0,0,53,243,252,111,0,0,0,0,0,0,0,0,0,0,0,0,0,0,0,0,0,0,0,0,0,0,0,2,123,252,237,46,0,0,0,0,0,0,0,0,0,0,0,0,0,0,0,0,0,0,0,0,0,0,0,101,252,252,102,0,0,0,0,0,0,0,0,0,0,0,0,0,0,0,0,0,0,0,0,0,0,0,0,177,252,222,7,0,0,0,0,0,0,0,0,0,0,0,0,0,0,0,0,0,0,0,0,0,0,0,49,253,252,106,0,0,0,0,0,0,0,0,0,0,0,0,0,0,0,0,0,0,0,0,0,0,0,11,177,255,187,0,0,0,0,0,0,0,0,0,0,0,0,0,0,0,0,0,0,0,0,0,0,0,0,107,252,245,90,0,0,0,0,0,0,0,0,0,0,0,0,0,0,0,0,0,0,0,0,0,0,0,37,241,252,129,0,0,0,0,0,0,0,0,0,0,0,0,0,0,0,0,0,0,0,0,0,0,0,1,158,252,252,53,0,0,0,0,0,0,0,0,0,0,0,0,0,0,0,0,0,0,0,0,0,0,0,84,252,252,156,0,0,0,0,0,0,0,0,0,0,0,0,0,0,0,0,0,0,0,0,0,0,0,0,122,252,252,33,0,0,0,87,0,0,0,0,0,0,0,0,0,0,0,0,0,0,0,0,0,0,0,0,174,252,128,3,7,89,213,67,0,0,0,0,0,0,0,0,0,0,0,0,0,0,0,0,0,0,0,0,231,252,146,45,210,241,118,4,0,0,0,0,0,0,0,0,0,0,0,0,0,0,0,0,0,0,0,0,149,252,252,252,253,152,0,0,0,0,0,0,0,0,0,0,0,0,0,0,0,0,0,0,0,0,0,0,21,209,252,204,81,10,0,0,0,0,0,0,0,0,0,0,0,0,0,0,0,0,0,0,0,0,0,0,0,0,0,0,0,0,0,0,0,0,0,0,0,0,0,0,0,0,0,0,0,0,0,0,0,0,0,0,0,0,0,0,0,0,0,0,0,0,0,0,0,0,0,0,0,0
9,0,0,0,0,0,0,0,0,0,0,0,0,0,0,0,0,0,0,0,0,0,0,0,0,0,0,0,0,0,0,0,0,0,0,0,0,0,0,0,0,0,0,0,0,0,0,0,0,0,0,0,0,0,0,0,0,0,0,0,0,0,0,0,0,0,0,0,0,0,0,0,0,0,0,0,0,0,0,0,0,0,0,0,0,0,0,0,0,0,0,0,0,0,0,0,0,0,0,0,0,0,0,0,0,0,0,0,0,0,0,0,0,0,0,0,0,0,0,0,0,0,0,0,0,0,0,0,0,0,0,0,0,0,0,0,0,0,0,0,0,0,0,0,0,0,0,0,0,0,0,0,0,0,0,0,0,0,0,0,0,0,0,0,0,0,0,0,0,0,0,0,0,0,0,0,0,0,0,0,0,0,0,0,0,0,0,0,0,0,0,0,0,0,0,0,0,0,0,0,0,0,0,0,0,0,0,0,0,73,222,192,100,0,0,81,112,0,0,0,0,0,0,0,0,0,0,0,0,0,0,0,0,0,0,40,226,251,255,254,253,204,80,206,228,0,0,0,0,0,0,0,0,0,0,0,0,0,0,0,0,0,145,247,254,223,229,254,254,229,207,254,228,0,0,0,0,0,0,0,0,0,0,0,0,0,0,0,0,92,252,254,168,70,221,230,77,215,254,241,67,0,0,0,0,0,0,0,0,0,0,0,0,0,0,0,95,239,219,113,5,190,229,53,171,254,254,222,0,0,0,0,0,0,0,0,0,0,0,0,0,0,0,0,106,254,162,0,0,93,82,223,246,254,254,107,0,0,0,0,0,0,0,0,0,0,0,0,0,0,0,0,106,254,241,106,127,106,226,254,254,254,254,91,0,0,0,0,0,0,0,0,0,0,0,0,0,0,0,0,19,193,254,254,241,246,254,236,149,191,254,199,0,0,0,0,0,0,0,0,0,0,0,0,0,0,0,0,0,20,192,254,254,254,199,73,15,199,254,222,0,0,0,0,0,0,0,0,0,0,0,0,0,0,0,0,0,0,21,58,58,58,14,0,53,254,254,222,0,0,0,0,0,0,0,0,0,0,0,0,0,0,0,0,0,0,0,0,0,0,0,0,53,254,254,124,0,0,0,0,0,0,0,0,0,0,0,0,0,0,0,0,0,0,0,0,0,0,0,0,53,254,254,185,0,0,0,0,0,0,0,0,0,0,0,0,0,0,0,0,0,0,0,0,0,0,0,0,53,254,254,222,0,0,0,0,0,0,0,0,0,0,0,0,0,0,0,0,0,0,0,0,0,0,0,0,18,203,254,222,0,0,0,0,0,0,0,0,0,0,0,0,0,0,0,0,0,0,0,0,0,0,0,0,0,177,254,222,0,0,0,0,0,0,0,0,0,0,0,0,0,0,0,0,0,0,0,0,0,0,0,0,0,163,254,222,0,0,0,0,0,0,0,0,0,0,0,0,0,0,0,0,0,0,0,0,0,0,0,0,0,47,254,222,0,0,0,0,0,0,0,0,0,0,0,0,0,0,0,0,0,0,0,0,0,0,0,0,0,53,254,222,0,0,0,0,0,0,0,0,0,0,0,0,0,0,0,0,0,0,0,0,0,0,0,0,0,177,254,222,0,0,0,0,0,0,0,0,0,0,0,0,0,0,0,0,0,0,0,0,0,0,0,0,0,110,254,222,0,0,0,0,0,0,0,0,0,0,0,0,0,0,0,0,0,0,0,0,0,0,0,0,0,0,0,0,0,0,0,0,0,0,0,0,0
3,0,0,0,0,0,0,0,0,0,0,0,0,0,0,0,0,0,0,0,0,0,0,0,0,0,0,0,0,0,0,0,0,0,0,0,0,0,0,0,0,0,0,0,0,0,0,0,0,0,0,0,0,0,0,0,0,0,0,0,0,0,0,0,0,0,0,0,0,0,0,0,0,0,0,0,0,0,0,0,0,0,0,0,0,0,0,0,0,0,0,0,0,0,0,0,0,0,0,0,0,0,0,0,0,0,0,0,0,0,0,0,0,0,0,0,0,0,0,0,0,0,91,219,255,254,171,92,12,0,0,0,0,0,0,0,0,0,0,0,0,0,0,0,0,0,0,0,0,0,223,253,253,253,253,253,211,89,0,0,0,0,0,0,0,0,0,0,0,0,0,0,0,0,0,0,0,0,51,10,10,10,93,173,245,252,137,4,0,0,0,0,0,0,0,0,0,0,0,0,0,0,0,0,0,0,0,0,0,0,0,0,51,174,253,193,95,0,0,0,0,0,0,0,0,0,0,0,0,0,0,0,0,0,0,0,0,0,0,0,0,3,177,253,186,0,0,0,0,0,0,0,0,0,0,0,0,0,0,0,0,0,0,0,0,0,0,0,0,9,171,253,186,0,0,0,0,0,0,0,0,0,0,0,0,0,0,0,0,0,0,0,0,10,16,76,155,227,253,252,174,0,0,0,0,0,0,0,0,0,0,0,0,0,0,0,0,0,0,0,139,220,253,253,253,253,209,133,0,0,0,0,0,0,0,0,0,0,0,0,0,0,0,0,0,0,0,0,213,253,253,146,66,41,12,0,0,0,0,0,0,0,0,0,0,0,0,0,0,0,0,0,0,0,0,0,85,233,253,47,0,0,0,0,0,0,0,0,0,0,0,0,0,0,0,0,0,0,0,0,0,0,0,0,0,116,253,228,24,0,0,0,0,0,0,0,0,0,0,0,0,0,0,0,0,0,0,0,0,0,0,0,0,1,186,253,214,26,0,0,0,0,0,0,0,0,0,0,0,0,0,0,0,0,0,0,0,0,0,0,0,0,24,171,253,208,26,0,0,0,0,0,0,0,0,0,0,0,0,0,0,0,0,0,0,0,0,0,0,0,0,43,233,253,85,0,0,0,0,0,0,0,0,0,0,0,0,0,0,0,0,0,0,0,0,0,0,0,0,0,26,243,199,8,0,0,0,0,0,0,0,0,0,0,0,0,0,0,0,0,0,0,0,0,0,0,0,0,0,239,253,25,0,0,0,0,0,0,0,0,0,0,0,0,0,0,0,0,0,0,0,0,0,0,0,12,104,249,201,9,0,0,0,0,0,0,0,0,0,0,0,0,0,0,0,0,0,0,5,11,11,11,94,180,253,252,84,0,0,0,0,0,0,0,0,0,0,0,0,0,0,0,0,77,161,161,204,253,253,253,253,253,210,88,0,0,0,0,0,0,0,0,0,0,0,0,0,0,0,0,0,187,253,253,253,253,253,253,213,132,12,0,0,0,0,0,0,0,0,0,0,0,0,0,0,0,0,0,0,0,0,0,0,0,0,0,0,0,0,0,0,0,0,0,0,0,0,0,0,0,0,0,0,0,0,0,0,0,0,0,0,0,0,0,0,0,0,0,0,0,0,0,0,0,0,0,0,0,0,0,0,0,0,0,0,0,0,0,0,0,0,0,0,0,0,0,0,0,0,0,0,0,0,0,0,0,0,0,0,0,0,0,0,0,0,0,0,0,0,0,0,0,0,0,0,0,0,0,0,0,0,0,0,0,0
0,0,0,0,0,0,0,0,0,0,0,0,0,0,0,0,0,0,0,0,0,0,0,0,0,0,0,0,0,0,0,0,0,0,0,0,0,0,0,0,0,0,0,0,0,0,0,0,0,0,0,0,0,0,0,0,0,0,0,0,0,0,0,0,0,0,0,0,0,0,0,0,0,0,0,0,0,0,0,0,0,0,0,0,0,0,0,0,0,0,0,0,0,0,0,0,0,0,0,0,0,0,0,0,0,0,0,0,0,0,0,0,0,0,0,0,0,0,0,0,0,0,0,0,0,86,195,125,0,0,0,0,0,0,0,0,0,0,0,0,0,0,0,0,0,0,0,0,0,0,0,0,41,229,254,226,22,0,0,0,0,0,0,0,0,0,0,0,0,0,0,0,0,0,0,0,0,0,0,0,185,254,204,253,50,0,0,0,0,0,0,0,0,0,0,0,0,0,0,0,0,0,0,0,0,0,0,82,245,172,8,203,136,0,0,0,0,0,0,0,0,0,0,0,0,0,0,0,0,0,0,0,0,0,0,230,254,85,96,222,81,0,0,0,0,0,0,0,0,0,0,0,0,0,0,0,0,0,0,0,0,0,39,243,211,7,195,254,192,24,0,0,0,0,0,0,0,0,0,0,0,0,0,0,0,0,0,0,0,0,148,254,97,0,91,220,254,238,96,0,0,0,0,0,0,0,0,0,0,0,0,0,0,0,0,0,0,12,219,254,70,0,0,9,137,254,254,146,5,0,0,0,0,0,0,0,0,0,0,0,0,0,0,0,0,21,254,243,44,0,0,0,2,60,224,254,107,0,0,0,0,0,0,0,0,0,0,0,0,0,0,0,0,21,254,224,0,0,0,0,0,0,49,205,253,132,0,0,0,0,0,0,0,0,0,0,0,0,0,0,0,102,254,143,0,0,0,0,0,0,0,61,240,174,0,0,0,0,0,0,0,0,0,0,0,0,0,0,0,121,254,101,0,0,0,0,0,0,0,0,126,193,5,0,0,0,0,0,0,0,0,0,0,0,0,0,0,115,254,31,0,0,0,0,0,0,0,0,165,254,20,0,0,0,0,0,0,0,0,0,0,0,0,0,0,21,254,125,0,0,0,0,0,0,0,0,126,254,20,0,0,0,0,0,0,0,0,0,0,0,0,0,0,21,254,134,0,0,0,0,0,0,0,0,135,254,20,0,0,0,0,0,0,0,0,0,0,0,0,0,0,21,254,224,0,0,0,0,0,0,0,50,246,229,14,0,0,0,0,0,0,0,0,0,0,0,0,0,0,10,212,229,10,0,0,0,0,0,0,71,251,112,0,0,0,0,0,0,0,0,0,0,0,0,0,0,0,0,175,254,105,0,0,0,0,0,0,145,229,0,0,0,0,0,0,0,0,0,0,0,0,0,0,0,0,0,119,254,184,3,0,0,0,0,27,218,154,0,0,0,0,0,0,0,0,0,0,0,0,0,0,0,0,0,17,236,254,94,0,0,0,0,154,199,7,0,0,0,0,0,0,0,0,0,0,0,0,0,0,0,0,0,0,0,0,0,0,0,0,0,0,0,0,0,0,0,0,0,0,0,0,0,0,0,0,0,0,0,0,0,0,0,0,0,0,0,0,0,0,0,0,0,0,0,0,0,0,0,0,0,0,0,0,0,0,0,0,0,0,0,0,0,0,0,0,0,0,0,0,0,0,0,0,0,0,0,0,0,0,0,0,0,0,0,0,0,0,0,0,0,0,0,0,0,0,0,0,0,0,0,0,0,0,0,0
4,0,0,0,0,0,0,0,0,0,0,0,0,0,0,0,0,0,0,0,0,0,0,0,0,0,0,0,0,0,0,0,0,0,0,0,0,0,0,0,0,0,0,0,0,0,0,0,0,0,0,0,0,0,0,0,0,0,0,0,0,0,0,0,0,0,0,0,0,0,0,0,0,0,0,0,0,0,0,0,0,0,0,0,0,0,0,0,0,0,0,0,0,0,0,0,0,0,0,0,0,0,0,0,0,0,0,0,0,0,0,0,0,0,0,0,0,0,0,0,0,0,0,0,0,0,0,0,0,0,0,0,0,0,0,0,0,0,0,0,0,0,0,0,0,0,0,0,0,0,0,0,0,0,45,230,130,0,0,0,0,0,0,0,0,0,0,0,0,0,0,0,0,0,0,0,0,0,0,0,0,8,228,254,129,0,0,0,0,0,0,0,0,0,0,0,0,0,0,0,0,0,0,0,0,0,0,0,0,60,254,254,81,0,0,0,0,0,0,0,0,0,0,0,0,0,0,0,0,0,0,0,0,0,0,0,14,189,254,202,9,0,0,0,0,0,0,0,0,0,0,0,0,0,0,0,0,0,0,0,0,0,0,0,82,254,239,68,0,0,0,0,0,0,56,117,14,0,0,0,0,0,0,0,0,0,0,0,0,0,0,2,182,254,150,0,0,0,0,0,0,93,242,252,41,0,0,0,0,0,0,0,0,0,0,0,0,0,0,65,254,244,0,0,0,0,0,0,105,236,249,107,0,0,0,0,0,0,0,0,0,0,0,0,0,0,0,152,254,160,0,0,0,0,0,92,235,254,190,0,0,0,0,0,0,0,0,0,0,0,0,0,0,0,0,152,254,36,0,0,0,4,103,247,254,199,14,0,0,0,0,0,0,0,0,0,0,0,0,0,0,0,0,152,254,27,0,0,58,183,254,254,146,18,0,0,0,0,0,0,0,0,0,0,0,0,0,0,0,0,0,152,254,155,114,201,250,255,254,158,19,0,0,0,0,0,0,0,0,0,0,0,0,0,0,0,0,0,0,143,254,254,254,254,254,254,198,8,0,0,0,0,0,0,0,0,0,0,0,0,0,0,0,0,0,0,0,15,122,195,232,254,254,218,19,0,0,0,0,0,0,0,0,0,0,0,0,0,0,0,0,0,0,0,0,0,0,5,195,254,206,77,0,0,0,0,0,0,0,0,0,0,0,0,0,0,0,0,0,0,0,0,0,0,0,23,254,245,70,0,0,0,0,0,0,0,0,0,0,0,0,0,0,0,0,0,0,0,0,0,0,0,21,201,254,94,0,0,0,0,0,0,0,0,0,0,0,0,0,0,0,0,0,0,0,0,0,0,0,0,126,254,235,35,0,0,0,0,0,0,0,0,0,0,0,0,0,0,0,0,0,0,0,0,0,0,0,6,198,248,45,0,0,0,0,0,0,0,0,0,0,0,0,0,0,0,0,0,0,0,0,0,0,0,0,44,254,244,0,0,0,0,0,0,0,0,0,0,0,0,0,0,0,0,0,0,0,0,0,0,0,0,0,7,153,197,0,0,0,0,0,0,0,0,0,0,0,0,0,0,0,0,0,0,0,0,0,0,0,0,0,0,0,0,0,0,0,0,0,0,0,0,0,0,0,0,0,0,0,0,0,0,0,0,0,0,0,0,0,0,0,0,0,0,0,0,0,0,0,0,0,0,0,0,0,0,0,0,0,0,0,0,0,0,0,0,0,0,0,0,0,0,0,0,0,0,0,0,0,0,0,0,0,0,0
2,0,0,0,0,0,0,0,0,0,0,0,0,0,0,0,0,0,0,0,0,0,0,0,0,0,0,0,0,0,0,0,0,0,0,0,0,0,0,0,0,0,0,0,0,0,0,0,0,0,0,0,0,0,0,0,0,0,0,0,0,0,0,0,0,0,0,0,0,0,43,193,114,0,0,0,0,0,0,0,0,0,0,0,0,0,0,0,0,0,0,0,0,0,0,0,0,0,195,254,254,82,0,0,0,0,0,0,0,0,0,0,0,0,0,0,0,0,0,0,0,0,0,0,0,0,107,253,254,194,0,0,0,0,0,0,0,0,0,0,0,0,0,0,0,0,0,0,0,0,0,0,0,0,0,250,254,194,0,0,0,0,0,0,0,0,0,0,0,0,0,0,0,0,0,0,0,0,0,0,0,0,66,253,254,194,0,0,0,0,0,0,0,0,0,0,0,0,0,0,0,0,0,0,0,0,0,0,0,0,96,254,254,194,0,0,0,0,0,0,0,0,0,0,0,0,0,0,0,0,0,0,0,0,0,0,0,0,128,254,251,53,0,0,0,0,0,0,0,0,0,0,0,0,0,0,0,0,0,0,0,0,0,0,0,0,195,254,234,0,0,0,0,0,0,0,0,0,0,0,0,0,0,0,0,0,0,0,0,0,0,0,0,0,195,254,113,0,0,0,0,0,0,0,0,0,0,0,0,0,0,0,0,0,0,0,0,0,0,0,0,99,254,245,40,0,0,0,0,0,0,0,0,0,0,0,0,0,0,0,0,0,0,0,0,0,0,0,0,182,254,163,0,0,0,0,0,0,0,0,0,0,0,0,0,0,0,0,0,0,0,0,0,0,0,0,54,249,254,81,0,0,0,0,0,0,0,0,0,0,0,0,0,0,0,0,0,0,0,0,0,0,0,14,201,254,174,1,0,0,0,0,0,0,0,0,0,0,0,0,0,0,0,0,0,0,0,0,0,0,0,125,254,254,93,0,0,0,0,0,0,0,0,0,0,0,0,0,0,0,0,0,0,0,0,0,0,0,77,252,254,225,31,0,0,0,0,0,0,0,0,0,0,0,0,0,0,0,0,0,0,0,0,0,0,46,231,254,181,114,81,81,81,81,81,27,0,0,0,0,0,0,0,0,0,0,0,0,0,0,0,2,61,231,254,254,254,254,254,254,254,254,254,242,146,65,3,0,0,0,0,0,0,0,0,0,0,0,20,175,254,254,254,254,254,254,219,237,201,198,205,254,254,254,181,59,0,0,0,0,0,0,0,0,0,0,134,254,254,251,209,119,70,15,6,8,4,4,11,70,120,241,255,251,131,28,0,0,0,0,0,0,0,0,34,237,189,103,0,0,0,0,0,0,0,0,0,0,0,39,108,229,237,94,0,0,0,0,0,0,0,0,0,0,0,0,0,0,0,0,0,0,0,0,0,0,0,0,0,0,0,0,0,0,0,0,0,0,0,0,0,0,0,0,0,0,0,0,0,0,0,0,0,0,0,0,0,0,0,0,0,0,0,0,0,0,0,0,0,0,0,0,0,0,0,0,0,0,0,0,0,0,0,0,0,0,0,0,0,0,0,0,0,0,0,0,0,0,0,0,0,0,0,0,0,0,0,0,0,0,0,0,0,0,0,0,0,0,0,0,0,0,0,0,0,0,0,0,0,0,0,0,0,0,0,0,0,0,0,0,0,0,0,0,0,0,0,0,0,0,0,0,0,0,0,0,0,0,0,0,0,0,0,0,0,0,0,0,0,0,0,0,0,0,0
0,0,0,0,0,0,0,0,0,0,0,0,0,0,0,0,0,0,0,0,0,0,0,0,0,0,0,0,0,0,0,0,0,0,0,0,0,0,0,0,0,0,0,0,0,0,0,0,0,0,0,0,0,0,0,0,0,0,0,0,0,0,0,0,0,0,0,0,0,0,0,0,0,0,0,0,0,0,0,0,0,0,0,0,0,0,0,0,0,0,0,0,0,0,0,0,0,0,0,0,0,0,0,0,0,0,0,0,0,0,0,0,0,0,0,0,0,0,0,0,0,0,0,0,0,0,0,191,255,255,255,64,0,0,0,0,0,0,0,0,0,0,0,0,0,0,0,0,0,0,0,0,0,64,191,255,255,255,255,128,128,191,64,0,0,0,0,0,0,0,0,0,0,0,0,0,0,0,0,0,64,255,255,255,191,128,128,0,255,255,255,64,0,0,0,0,0,0,0,0,0,0,0,0,0,0,0,0,255,255,255,255,64,0,0,0,191,255,255,128,0,0,0,0,0,0,0,0,0,0,0,0,0,0,0,191,255,255,255,64,0,0,0,0,0,255,255,255,0,0,0,0,0,0,0,0,0,0,0,0,0,0,128,255,255,255,191,0,0,0,0,0,0,255,255,255,0,0,0,0,0,0,0,0,0,0,0,0,0,64,255,255,255,191,0,0,0,0,0,0,0,255,255,255,0,0,0,0,0,0,0,0,0,0,0,0,0,255,255,255,191,0,0,0,0,0,0,0,0,255,255,255,0,0,0,0,0,0,0,0,0,0,0,0,128,255,255,255,0,0,0,0,0,0,0,0,64,255,255,255,0,0,0,0,0,0,0,0,0,0,0,64,255,255,255,191,0,0,0,0,0,0,0,64,255,255,255,191,0,0,0,0,0,0,0,0,0,0,0,128,255,255,255,64,0,0,0,0,0,0,0,128,255,255,255,64,0,0,0,0,0,0,0,0,0,0,0,128,255,255,191,0,0,0,0,0,0,0,0,128,255,255,128,0,0,0,0,0,0,0,0,0,0,0,0,128,255,255,128,0,0,0,0,0,0,0,64,255,255,255,64,0,0,0,0,0,0,0,0,0,0,0,0,128,255,255,128,0,0,0,0,0,0,0,255,255,255,191,0,0,0,0,0,0,0,0,0,0,0,0,0,128,255,255,128,0,0,0,0,0,0,191,255,255,255,0,0,0,0,0,0,0,0,0,0,0,0,0,0,64,255,255,191,64,0,0,0,0,191,255,255,255,128,0,0,0,0,0,0,0,0,0,0,0,0,0,0,0,128,255,255,255,0,0,64,191,255,255,255,255,0,0,0,0,0,0,0,0,0,0,0,0,0,0,0,0,0,255,255,255,255,255,255,255,255,255,191,0,0,0,0,0,0,0,0,0,0,0,0,0,0,0,0,0,0,128,255,255,255,255,255,255,255,128,0,0,0,0,0,0,0,0,0,0,0,0,0,0,0,0,0,0,0,0,191,255,255,255,255,191,64,0,0,0,0,0,0,0,0,0,0,0,0,0,0,0,0,0,0,0,0,0,0,0,0,0,0,0,0,0,0,0,0,0,0,0,0,0,0,0,0,0,0,0,0,0,0,0,0,0,0,0,0,0,0,0,0,0,0,0,0,0,0,0,0,0,0,0,0,0,0,0,0,0,0,0,0,0,0,0,0,0,0,0,0,0,0,0,0,0,0,0,0,0,0,0,0,0,0,0,0,0,0,0,0,0,0,0,0,0,0,0,0,0,0,0,0,0,0,0,0,0,0,0,0
7,0,0,0,0,0,0,0,0,0,0,0,0,0,0,0,0,0,0,0,0,0,0,0,0,0,0,0,0,0,0,0,0,0,0,0,0,0,0,0,0,0,0,0,0,0,0,0,0,0,0,0,0,0,0,0,0,0,0,0,0,0,0,0,0,0,0,0,0,0,0,0,0,0,0,0,0,0,0,0,0,0,0,0,0,0,0,0,0,0,0,0,0,0,0,0,0,0,0,0,0,0,0,0,0,0,0,0,0,0,0,0,0,0,0,0,0,0,0,0,0,0,0,0,0,0,0,0,0,0,0,0,0,0,0,0,0,0,0,0,0,0,0,0,0,0,0,0,0,0,0,0,0,0,0,0,0,0,0,0,0,0,0,0,0,0,0,0,0,0,0,0,0,0,0,0,0,0,0,0,0,0,0,0,15,96,218,122,0,0,0,0,0,0,0,0,0,0,0,0,0,0,0,0,0,0,0,0,0,0,71,103,211,252,252,252,80,0,0,0,0,0,0,0,0,0,0,0,0,0,0,0,15,22,128,162,232,232,249,253,252,252,252,252,106,0,0,0,0,0,0,0,0,0,0,0,0,0,0,6,190,252,253,252,252,252,252,253,252,252,252,252,80,0,0,0,0,0,0,0,0,0,0,0,0,0,0,13,173,252,253,252,252,226,147,147,138,252,252,76,0,0,0,0,0,0,0,0,0,0,0,0,0,0,0,0,0,89,168,176,97,0,0,8,157,253,216,18,0,0,0,0,0,0,0,0,0,0,0,0,0,0,0,0,0,0,0,0,0,0,0,123,252,245,126,0,0,0,0,0,0,0,0,0,0,0,0,0,0,0,0,0,0,0,0,0,0,0,0,156,252,231,0,0,0,0,0,0,0,0,0,0,0,0,0,0,0,0,0,0,0,0,0,0,0,0,0,253,252,231,0,0,11,108,6,0,0,0,0,0,0,0,0,0,0,0,0,0,0,0,0,0,0,0,0,253,252,143,0,89,114,147,12,0,0,0,0,0,0,0,0,0,0,0,0,0,0,0,0,0,4,43,43,255,253,253,253,253,132,0,0,0,0,0,0,0,0,0,0,0,0,0,0,0,0,0,0,29,142,252,252,253,252,245,168,80,0,0,0,0,0,0,0,0,0,0,0,0,0,0,0,0,0,0,4,142,252,252,252,253,210,27,0,0,0,0,0,0,0,0,0,0,0,0,0,0,0,0,0,0,0,0,32,237,252,226,252,253,168,0,0,0,0,0,0,0,0,0,0,0,0,0,0,0,0,0,0,0,0,0,0,67,94,24,218,253,168,0,0,0,0,0,0,0,0,0,0,0,0,0,0,0,0,0,0,0,0,0,0,0,0,0,212,255,107,0,0,0,0,0,0,0,0,0,0,0,0,0,0,0,0,0,0,0,0,0,0,0,0,128,242,253,63,0,0,0,0,0,0,0,0,0,0,0,0,0,0,0,0,0,0,0,0,0,0,0,0,72,252,253,63,0,0,0,0,0,0,0,0,0,0,0,0,0,0,0,0,0,0,0,0,0,0,0,0,64,252,225,21,0,0,0,0,0,0,0,0,0,0,0,0,0,0,0,0,0,0,0,0,0,0,0,0,11,174,211,0,0,0,0,0,0,0,0,0,0,0,0,0,0,0,0,0,0,0,0,0,0,0,0,0,0,0,0,0,0,0,0,0,0,0,0,0,0,0,0,0,0,0,0,0,0,0,0,0,0,0,0,0,0,0,0,0,0,0,0,0,0,0,0,0,0,0,0,0
1,0,0,0,0,0,0,0,0,0,0,0,0,0,0,0,0,0,0,0,0,0,0,0,0,0,0,0,0,0,0,0,0,0,0,0,0,0,0,0,0,0,0,0,0,0,0,0,0,0,0,0,0,0,0,0,0,0,0,0,0,0,0,0,0,0,0,0,0,0,0,0,0,0,0,0,0,0,0,0,0,0,0,0,0,0,0,0,0,0,0,0,0,0,0,0,0,0,0,0,0,0,0,0,0,0,0,0,0,0,0,0,0,0,0,0,0,0,0,0,0,0,0,0,0,0,0,97,223,135,0,0,0,0,0,0,0,0,0,0,0,0,0,0,0,0,0,0,0,0,0,0,0,0,34,223,254,202,0,0,0,0,0,0,0,0,0,0,0,0,0,0,0,0,0,0,0,0,0,0,0,0,73,254,254,202,0,0,0,0,0,0,0,0,0,0,0,0,0,0,0,0,0,0,0,0,0,0,0,0,73,254,254,202,0,0,0,0,0,0,0,0,0,0,0,0,0,0,0,0,0,0,0,0,0,0,0,0,73,254,254,202,0,0,0,0,0,0,0,0,0,0,0,0,0,0,0,0,0,0,0,0,0,0,0,0,73,254,254,202,0,0,0,0,0,0,0,0,0,0,0,0,0,0,0,0,0,0,0,0,0,0,0,0,73,254,254,202,0,0,0,0,0,0,0,0,0,0,0,0,0,0,0,0,0,0,0,0,0,0,0,0,180,254,254,202,0,0,0,0,0,0,0,0,0,0,0,0,0,0,0,0,0,0,0,0,0,0,0,0,203,254,254,202,0,0,0,0,0,0,0,0,0,0,0,0,0,0,0,0,0,0,0,0,0,0,0,21,216,254,254,101,0,0,0,0,0,0,0,0,0,0,0,0,0,0,0,0,0,0,0,0,0,0,0,79,254,254,254,71,0,0,0,0,0,0,0,0,0,0,0,0,0,0,0,0,0,0,0,0,0,0,0,79,254,254,254,71,0,0,0,0,0,0,0,0,0,0,0,0,0,0,0,0,0,0,0,0,0,0,0,79,254,255,254,71,0,0,0,0,0,0,0,0,0,0,0,0,0,0,0,0,0,0,0,0,0,0,0,27,220,254,254,159,0,0,0,0,0,0,0,0,0,0,0,0,0,0,0,0,0,0,0,0,0,0,0,11,210,254,254,202,0,0,0,0,0,0,0,0,0,0,0,0,0,0,0,0,0,0,0,0,0,0,0,79,254,254,254,122,0,0,0,0,0,0,0,0,0,0,0,0,0,0,0,0,0,0,0,0,0,0,0,79,254,254,219,29,0,0,0,0,0,0,0,0,0,0,0,0,0,0,0,0,0,0,0,0,0,0,0,75,252,254,195,0,0,0,0,0,0,0,0,0,0,0,0,0,0,0,0,0,0,0,0,0,0,0,0,0,200,254,195,0,0,0,0,0,0,0,0,0,0,0,0,0,0,0,0,0,0,0,0,0,0,0,0,0,36,225,195,0,0,0,0,0,0,0,0,0,0,0,0,0,0,0,0,0,0,0,0,0,0,0,0,0,0,0,0,0,0,0,0,0,0,0,0,0,0,0,0,0,0,0,0,0,0,0,0,0,0,0,0,0,0,0,0,0,0,0,0,0,0,0,0,0,0,0,0,0,0,0,0,0,0,0,0,0,0,0,0,0,0,0,0,0,0,0,0,0,0,0,0,0,0,0,0,0,0,0,0,0,0,0,0,0,0,0,0,0,0,0,0,0,0,0,0,0,0,0,0,0,0,0,0
1,0,0,0,0,0,0,0,0,0,0,0,0,0,0,0,0,0,0,0,0,0,0,0,0,0,0,0,0,0,0,0,0,0,0,0,0,0,0,0,0,0,0,0,0,0,0,0,0,0,0,0,0,0,0,0,0,0,0,0,0,0,0,0,0,0,0,0,0,0,0,0,0,0,0,0,0,0,0,0,0,0,0,0,0,0,0,0,0,0,0,0,0,0,0,0,0,0,0,0,0,0,0,0,0,0,0,0,0,0,0,0,0,0,0,0,0,0,0,0,0,0,0,0,0,0,0,72,215,22,0,0,0,0,0,0,0,0,0,0,0,0,0,0,0,0,0,0,0,0,0,0,0,0,0,156,254,147,0,0,0,0,0,0,0,0,0,0,0,0,0,0,0,0,0,0,0,0,0,0,0,0,6,251,254,155,0,0,0,0,0,0,0,0,0,0,0,0,0,0,0,0,0,0,0,0,0,0,0,0,6,254,254,109,0,0,0,0,0,0,0,0,0,0,0,0,0,0,0,0,0,0,0,0,0,0,0,0,6,254,254,56,0,0,0,0,0,0,0,0,0,0,0,0,0,0,0,0,0,0,0,0,0,0,0,0,36,254,255,35,0,0,0,0,0,0,0,0,0,0,0,0,0,0,0,0,0,0,0,0,0,0,0,0,110,254,254,103,0,0,0,0,0,0,0,0,0,0,0,0,0,0,0,0,0,0,0,0,0,0,0,0,135,254,254,5,0,0,0,0,0,0,0,0,0,0,0,0,0,0,0,0,0,0,0,0,0,0,0,0,214,254,254,5,0,0,0,0,0,0,0,0,0,0,0,0,0,0,0,0,0,0,0,0,0,0,0,0,192,254,254,26,0,0,0,0,0,0,0,0,0,0,0,0,0,0,0,0,0,0,0,0,0,0,0,0,110,254,254,109,0,0,0,0,0,0,0,0,0,0,0,0,0,0,0,0,0,0,0,0,0,0,0,0,110,254,254,109,0,0,0,0,0,0,0,0,0,0,0,0,0,0,0,0,0,0,0,0,0,0,0,0,110,254,254,109,0,0,0,0,0,0,0,0,0,0,0,0,0,0,0,0,0,0,0,0,0,0,0,0,110,254,254,24,0,0,0,0,0,0,0,0,0,0,0,0,0,0,0,0,0,0,0,0,0,0,0,0,110,254,254,77,0,0,0,0,0,0,0,0,0,0,0,0,0,0,0,0,0,0,0,0,0,0,0,0,203,254,254,48,0,0,0,0,0,0,0,0,0,0,0,0,0,0,0,0,0,0,0,0,0,0,0,0,214,254,254,5,0,0,0,0,0,0,0,0,0,0,0,0,0,0,0,0,0,0,0,0,0,0,0,0,214,254,173,1,0,0,0,0,0,0,0,0,0,0,0,0,0,0,0,0,0,0,0,0,0,0,0,0,214,254,254,5,0,0,0,0,0,0,0,0,0,0,0,0,0,0,0,0,0,0,0,0,0,0,0,0,84,171,173,1,0,0,0,0,0,0,0,0,0,0,0,0,0,0,0,0,0,0,0,0,0,0,0,0,0,0,0,0,0,0,0,0,0,0,0,0,0,0,0,0,0,0,0,0,0,0,0,0,0,0,0,0,0,0,0,0,0,0,0,0,0,0,0,0,0,0,0,0,0,0,0,0,0,0,0,0,0,0,0,0,0,0,0,0,0,0,0,0,0,0,0,0,0,0,0,0,0,0,0,0,0,0,0,0,0,0,0,0,0,0,0,0,0,0,0,0,0,0,0,0,0,0,0
2,0,0,0,0,0,0,0,0,0,0,0,0,0,0,0,0,0,0,0,0,0,0,0,0,0,0,0,0,0,0,0,0,0,0,0,0,0,0,0,0,0,0,0,0,0,0,0,0,0,0,0,0,0,0,0,0,0,0,0,0,0,0,0,0,0,0,0,0,0,0,0,0,0,0,0,0,0,0,0,0,0,0,0,0,0,0,0,0,0,0,0,0,0,0,0,0,0,0,0,0,0,0,0,0,0,0,0,0,0,0,0,0,0,0,0,0,0,0,164,254,254,254,254,254,255,254,240,155,44,0,0,0,0,0,0,0,0,0,0,0,0,0,0,0,0,0,29,222,232,176,176,80,22,90,105,188,240,125,17,0,0,0,0,0,0,0,0,0,0,0,0,0,0,0,0,5,6,0,0,0,0,0,0,2,61,239,139,0,0,0,0,0,0,0,0,0,0,0,0,0,0,0,0,0,0,0,0,0,0,0,0,0,0,121,239,61,0,0,0,0,0,0,0,0,0,0,0,0,0,0,0,0,0,0,0,0,0,0,0,0,0,117,254,146,0,0,0,0,0,0,0,0,0,0,0,0,0,0,0,0,0,0,0,0,0,0,0,0,32,242,254,126,0,0,0,0,0,0,0,0,0,0,0,0,0,0,0,0,0,0,0,0,0,0,0,0,84,254,220,27,0,0,0,0,0,0,0,0,0,0,0,0,0,0,0,0,0,0,0,0,0,0,0,26,177,247,84,0,0,0,0,0,0,0,0,0,0,0,0,0,0,0,0,0,0,0,0,0,0,0,39,222,254,178,0,0,0,0,0,0,0,0,0,0,0,0,0,0,0,0,0,0,0,0,0,0,0,0,144,254,248,85,0,0,0,0,0,0,0,0,0,0,0,0,0,0,0,0,0,0,0,0,0,0,0,53,247,254,134,0,0,0,0,0,0,0,0,0,0,0,0,0,0,0,0,0,0,0,0,0,0,0,37,191,254,181,9,0,0,0,0,0,0,0,0,0,0,0,0,0,0,0,0,0,0,0,0,0,0,7,152,254,179,26,0,0,0,0,0,0,0,0,0,0,0,0,0,0,0,0,0,0,0,0,0,0,7,164,254,249,53,0,0,0,0,0,0,0,0,0,0,0,0,0,0,0,0,0,0,0,0,0,0,0,134,254,254,133,0,0,0,0,0,0,0,0,0,0,0,0,0,0,0,0,0,0,0,0,0,0,0,62,241,254,174,9,0,0,0,0,0,0,0,0,7,12,0,0,0,0,0,0,0,0,0,0,0,0,28,220,254,208,8,0,0,2,13,53,109,156,185,185,199,71,0,0,0,0,0,0,0,0,0,0,0,0,70,254,254,114,86,96,139,192,254,254,250,245,210,126,21,0,0,0,0,0,0,0,0,0,0,0,0,0,45,246,254,227,254,254,254,253,208,153,43,0,0,0,0,0,0,0,0,0,0,0,0,0,0,0,0,0,0,100,217,235,167,167,152,69,0,0,0,0,0,0,0,0,0,0,0,0,0,0,0,0,0,0,0,0,0,0,0,0,0,0,0,0,0,0,0,0,0,0,0,0,0,0,0,0,0,0,0,0,0,0,0,0,0,0,0,0,0,0,0,0,0,0,0,0,0,0,0,0,0,0,0,0,0,0,0,0,0,0,0,0,0,0,0,0,0,0,0,0,0,0,0,0,0,0,0,0,0,0,0,0,0,0,0,0,0,0,0,0,0,0,0,0,0,0,0,0,0,0,0,0,0,0,0,0,0,0,0,0
1,0,0,0,0,0,0,0,0,0,0,0,0,0,0,0,0,0,0,0,0,0,0,0,0,0,0,0,0,0,0,0,0,0,0,0,0,0,0,0,0,0,0,0,0,0,0,0,0,0,0,0,0,0,0,0,0,0,0,0,0,0,0,0,0,0,0,0,0,0,0,0,0,0,0,0,0,0,0,0,0,0,0,0,0,0,0,0,0,0,0,0,0,0,0,0,0,0,0,0,0,0,0,0,0,0,0,0,0,0,0,0,0,0,0,0,0,0,0,0,0,0,0,0,0,0,0,0,133,121,0,0,0,0,0,0,0,0,0,0,0,0,0,0,0,0,0,0,0,0,0,0,0,0,0,0,254,228,0,0,0,0,0,0,0,0,0,0,0,0,0,0,0,0,0,0,0,0,0,0,0,0,0,76,254,243,60,0,0,0,0,0,0,0,0,0,0,0,0,0,0,0,0,0,0,0,0,0,0,0,0,144,254,248,78,0,0,0,0,0,0,0,0,0,0,0,0,0,0,0,0,0,0,0,0,0,0,0,0,242,254,228,0,0,0,0,0,0,0,0,0,0,0,0,0,0,0,0,0,0,0,0,0,0,0,0,0,242,254,228,0,0,0,0,0,0,0,0,0,0,0,0,0,0,0,0,0,0,0,0,0,0,0,0,0,242,254,228,0,0,0,0,0,0,0,0,0,0,0,0,0,0,0,0,0,0,0,0,0,0,0,0,42,246,254,228,0,0,0,0,0,0,0,0,0,0,0,0,0,0,0,0,0,0,0,0,0,0,0,0,110,253,254,176,0,0,0,0,0,0,0,0,0,0,0,0,0,0,0,0,0,0,0,0,0,0,0,0,166,253,254,108,0,0,0,0,0,0,0,0,0,0,0,0,0,0,0,0,0,0,0,0,0,0,0,0,231,254,255,104,0,0,0,0,0,0,0,0,0,0,0,0,0,0,0,0,0,0,0,0,0,0,0,0,230,253,242,0,0,0,0,0,0,0,0,0,0,0,0,0,0,0,0,0,0,0,0,0,0,0,0,0,230,253,242,0,0,0,0,0,0,0,0,0,0,0,0,0,0,0,0,0,0,0,0,0,0,0,0,0,230,253,242,0,0,0,0,0,0,0,0,0,0,0,0,0,0,0,0,0,0,0,0,0,0,0,0,0,230,253,213,0,0,0,0,0,0,0,0,0,0,0,0,0,0,0,0,0,0,0,0,0,0,0,0,28,236,253,122,0,0,0,0,0,0,0,0,0,0,0,0,0,0,0,0,0,0,0,0,0,0,0,0,97,253,253,122,0,0,0,0,0,0,0,0,0,0,0,0,0,0,0,0,0,0,0,0,0,0,0,0,14,233,253,122,0,0,0,0,0,0,0,0,0,0,0,0,0,0,0,0,0,0,0,0,0,0,0,0,0,177,253,122,0,0,0,0,0,0,0,0,0,0,0,0,0,0,0,0,0,0,0,0,0,0,0,0,0,57,247,122,0,0,0,0,0,0,0,0,0,0,0,0,0,0,0,0,0,0,0,0,0,0,0,0,0,0,0,0,0,0,0,0,0,0,0,0,0,0,0,0,0,0,0,0,0,0,0,0,0,0,0,0,0,0,0,0,0,0,0,0,0,0,0,0,0,0,0,0,0,0,0,0,0,0,0,0,0,0,0,0,0,0,0,0,0,0,0,0,0,0,0,0,0,0,0,0,0,0,0,0,0,0,0,0,0,0,0,0,0,0,0,0,0,0,0,0,0,0,0,0,0,0,0,0
5,0,0,0,0,0,0,0,0,0,0,0,0,0,0,0,0,0,0,0,0,0,0,0,0,0,0,0,0,0,0,0,0,0,0,0,0,0,0,0,0,0,0,0,0,0,0,0,0,0,0,0,0,0,0,0,0,0,0,0,0,0,0,0,0,0,0,0,0,0,0,0,0,0,0,0,0,0,0,0,0,0,0,0,0,0,0,0,0,0,0,0,0,0,0,0,0,0,0,0,0,0,0,0,0,0,0,0,0,0,0,0,0,0,0,0,0,0,0,0,0,0,0,0,0,0,0,0,0,0,0,0,0,0,0,0,0,0,0,0,0,0,0,0,0,0,0,0,0,0,1,7,89,130,219,254,254,254,254,254,209,130,18,1,0,0,0,0,0,0,0,0,0,0,0,0,0,20,151,253,253,245,241,241,241,241,140,117,223,252,253,144,13,0,0,0,0,0,0,0,0,0,0,0,11,208,253,223,111,35,0,0,0,0,0,0,0,98,231,253,144,1,0,0,0,0,0,0,0,0,0,0,92,253,235,38,0,0,0,0,0,0,0,0,0,0,44,243,253,5,0,0,0,0,0,0,0,0,0,0,143,253,207,0,0,0,0,0,0,0,0,0,0,0,0,146,179,2,0,0,0,0,0,0,0,0,0,0,125,253,182,14,0,0,0,0,0,0,0,0,0,0,0,0,46,0,0,0,0,0,0,0,0,0,0,0,16,235,253,114,0,0,0,0,0,0,0,0,0,0,0,0,0,0,0,0,0,0,0,0,0,0,0,0,0,64,253,242,144,0,0,0,0,0,0,0,0,0,0,0,0,0,0,0,0,0,0,0,0,0,0,0,0,8,89,233,241,155,17,0,0,0,0,0,0,0,0,0,0,0,0,0,0,0,0,0,0,0,0,0,0,0,0,62,232,253,178,47,0,0,0,0,0,0,0,0,0,0,0,0,0,0,0,0,0,0,0,0,0,0,0,0,62,232,253,208,50,0,0,0,0,0,0,0,0,0,0,0,0,0,0,0,0,0,0,0,0,0,0,0,0,38,159,253,238,43,0,0,0,0,0,0,0,0,0,0,0,0,0,0,0,0,0,0,0,0,0,0,0,0,11,159,253,215,79,0,0,0,0,0,0,0,0,0,0,0,0,0,0,0,0,0,0,0,0,0,0,0,0,11,160,253,172,0,0,0,0,0,0,0,0,0,0,0,0,0,0,0,0,0,0,0,0,0,0,0,0,0,10,206,242,37,0,0,0,0,0,0,0,0,0,0,0,0,0,0,0,0,0,0,0,0,0,0,0,0,0,199,253,92,0,0,0,0,0,0,0,0,0,0,0,0,0,0,0,0,0,0,0,0,0,0,0,0,0,199,253,166,0,0,0,0,0,0,0,0,0,0,0,0,0,0,0,0,0,0,0,0,75,112,112,142,236,249,253,112,0,0,0,0,0,0,0,0,0,0,0,0,0,0,3,119,119,119,194,242,249,253,253,253,253,253,119,2,0,0,0,0,0,0,0,0,0,0,0,0,0,0,1,73,138,253,253,253,253,253,226,190,129,32,1,0,0,0,0,0,0,0,0,0,0,0,0,0,0,0,0,0,0,0,0,0,0,0,0,0,0,0,0,0,0,0,0,0,0,0,0,0,0,0,0,0,0,0,0,0,0,0,0,0,0,0,0,0,0,0,0,0,0,0,0,0,0,0,0,0,0,0,0,0,0,0,0,0,0,0,0,0,0,0,0,0,0,0,0,0,0,0,0,0,0,0,0,0,0
3,0,0,0,0,0,0,0,0,0,0,0,0,0,0,0,0,0,0,0,0,0,0,0,0,0,0,0,0,0,0,0,0,0,0,0,0,0,0,0,0,0,0,0,0,0,0,0,0,0,0,0,0,0,0,0,0,0,0,0,0,0,0,0,0,0,0,0,0,0,0,0,0,0,0,0,0,0,0,0,0,0,0,0,0,0,0,0,0,0,0,0,0,0,0,0,0,0,0,0,0,0,0,0,0,0,0,0,0,0,0,0,0,0,0,0,0,0,0,0,0,0,0,0,0,0,0,0,0,0,0,0,0,0,0,0,0,0,0,0,0,0,0,0,0,0,0,0,0,37,104,224,254,254,255,254,254,238,119,23,0,0,0,0,0,0,0,0,0,0,0,0,0,0,0,4,95,239,198,135,83,39,39,46,99,199,253,180,0,0,0,0,0,0,0,0,0,0,0,0,0,0,0,107,253,152,42,0,0,0,0,0,0,69,253,213,12,0,0,0,0,0,0,0,0,0,0,0,0,0,0,168,64,0,0,0,0,0,0,0,0,3,199,222,18,0,0,0,0,0,0,0,0,0,0,0,0,0,0,23,0,0,0,0,0,0,0,0,0,16,217,195,0,0,0,0,0,0,0,0,0,0,0,0,0,0,0,0,0,0,0,0,0,0,0,0,0,159,254,135,0,0,0,0,0,0,0,0,0,0,0,0,0,0,0,0,0,0,0,0,0,0,0,25,185,250,162,15,0,0,0,0,0,0,0,0,0,0,0,0,0,0,0,0,0,0,0,25,79,116,176,241,253,253,88,0,0,0,0,0,0,0,0,0,0,0,0,0,0,0,0,0,0,0,0,153,253,253,214,213,213,235,245,106,0,0,0,0,0,0,0,0,0,0,0,0,0,0,0,0,0,0,0,18,58,58,0,0,0,32,133,240,68,0,0,0,0,0,0,0,0,0,0,0,0,0,0,0,0,0,0,0,0,0,0,0,0,0,0,232,234,0,0,0,0,0,0,0,0,0,0,0,0,0,0,0,0,0,0,0,0,0,0,0,0,0,0,156,233,0,0,0,0,0,0,0,0,0,0,0,0,0,0,0,0,0,0,0,0,0,0,0,0,0,0,186,233,0,0,0,0,0,0,0,0,0,0,0,0,0,0,0,0,0,0,0,0,0,0,0,0,0,53,254,233,0,0,0,0,0,0,0,0,0,0,0,0,0,0,0,114,76,0,0,0,0,0,0,0,0,135,254,121,0,0,0,0,0,0,0,0,0,0,0,0,0,0,123,254,0,0,0,0,0,0,0,0,123,254,196,15,0,0,0,0,0,0,0,0,0,0,0,0,0,0,234,253,8,0,0,0,0,0,25,185,250,207,15,0,0,0,0,0,0,0,0,0,0,0,0,0,0,0,204,253,128,31,0,0,0,102,241,253,195,48,0,0,0,0,0,0,0,0,0,0,0,0,0,0,0,0,78,244,249,241,234,234,234,254,212,117,16,0,0,0,0,0,0,0,0,0,0,0,0,0,0,0,0,0,0,45,155,193,193,155,155,58,9,0,0,0,0,0,0,0,0,0,0,0,0,0,0,0,0,0,0,0,0,0,0,0,0,0,0,0,0,0,0,0,0,0,0,0,0,0,0,0,0,0,0,0,0,0,0,0,0,0,0,0,0,0,0,0,0,0,0,0,0,0,0,0,0,0,0,0,0,0,0,0,0,0,0,0,0,0,0,0,0,0,0,0,0,0,0,0,0,0,0,0,0,0,0,0,0,0
3,0,0,0,0,0,0,0,0,0,0,0,0,0,0,0,0,0,0,0,0,0,0,0,0,0,0,0,0,0,0,0,0,0,0,0,0,0,0,0,0,0,0,0,0,0,0,0,0,0,0,0,0,0,0,0,0,0,0,0,0,0,0,0,0,0,0,0,0,0,0,0,0,0,0,0,0,0,0,0,0,0,0,0,0,0,0,0,0,0,0,0,0,0,0,0,0,0,0,0,0,0,0,0,0,0,0,0,0,0,0,0,0,0,0,0,0,0,0,0,0,0,0,0,26,142,166,254,255,243,117,7,0,0,0,0,0,0,0,0,0,0,0,0,0,0,0,0,0,0,13,145,244,254,253,209,197,229,253,81,0,0,0,0,0,0,0,0,0,0,0,0,0,0,0,0,0,10,173,253,215,156,56,13,0,54,253,197,10,0,0,0,0,0,0,0,0,0,0,0,0,0,0,0,0,79,253,215,28,0,0,0,0,29,253,253,28,0,0,0,0,0,0,0,0,0,0,0,0,0,0,0,0,76,226,50,0,0,0,0,0,29,254,156,0,0,0,0,0,0,0,0,0,0,0,0,0,0,0,0,0,0,0,0,0,0,0,0,0,54,253,56,0,0,0,0,0,0,0,0,0,0,0,0,0,0,0,0,0,0,0,0,0,0,0,0,0,179,234,37,0,0,0,0,0,0,0,0,0,0,0,0,0,0,0,0,0,0,0,0,0,0,0,0,151,242,59,0,0,0,0,0,0,0,0,0,0,0,0,0,0,0,0,0,0,0,0,0,0,0,7,154,254,151,0,0,0,0,0,0,0,0,0,0,0,0,0,0,0,0,0,0,0,0,0,0,0,45,188,253,203,0,0,0,0,0,0,0,0,0,0,0,0,0,0,0,0,0,0,0,0,0,0,0,0,141,253,253,253,177,0,0,0,0,0,0,0,0,0,0,0,0,0,0,0,0,0,0,0,0,0,0,0,16,53,140,241,251,201,25,0,0,0,0,0,0,0,0,0,0,0,0,0,0,0,0,0,0,0,0,0,0,0,0,0,180,254,128,4,0,0,0,0,0,0,0,0,0,0,0,0,0,0,0,0,0,0,0,0,0,0,0,0,23,235,253,53,0,0,0,0,0,0,0,0,0,0,0,0,0,0,0,0,0,0,0,0,76,0,0,0,0,82,253,140,0,0,0,0,0,0,0,0,0,0,0,0,0,0,0,0,0,0,38,214,75,0,0,0,0,32,229,140,0,0,0,0,0,0,0,0,0,0,0,0,0,0,0,0,0,7,205,204,0,0,0,0,0,70,254,141,0,0,0,0,0,0,0,0,0,0,0,0,0,0,0,0,0,57,253,253,158,45,0,51,121,226,234,59,0,0,0,0,0,0,0,0,0,0,0,0,0,0,0,0,0,13,210,253,254,241,198,247,254,196,62,0,0,0,0,0,0,0,0,0,0,0,0,0,0,0,0,0,0,0,22,78,204,253,253,203,78,9,0,0,0,0,0,0,0,0,0,0,0,0,0,0,0,0,0,0,0,0,0,0,0,0,0,0,0,0,0,0,0,0,0,0,0,0,0,0,0,0,0,0,0,0,0,0,0,0,0,0,0,0,0,0,0,0,0,0,0,0,0,0,0,0,0,0,0,0,0,0,0,0,0,0,0,0,0,0,0,0,0,0,0,0,0,0,0,0,0,0,0,0,0,0,0,0,0,0,0,0,0,0,0,0,0,0,0,0,0,0,0,0,0,0,0,0,0,0,0,0,0,0
9,0,0,0,0,0,0,0,0,0,0,0,0,0,0,0,0,0,0,0,0,0,0,0,0,0,0,0,0,0,0,0,0,0,0,0,0,0,0,0,0,0,0,0,0,0,0,0,0,0,0,0,0,0,0,0,0,0,0,0,0,0,0,0,0,0,0,0,0,0,0,0,0,0,0,0,0,0,0,0,0,0,0,0,0,0,0,0,0,0,0,0,0,0,0,0,0,0,0,0,0,0,0,0,0,0,0,0,0,0,0,0,0,0,0,0,0,0,0,0,0,0,0,0,0,0,0,0,0,0,0,0,0,0,0,0,0,0,0,0,0,0,0,0,0,0,0,0,0,0,0,0,0,42,118,219,241,51,0,0,0,0,0,0,0,0,0,0,0,0,0,0,0,0,0,0,0,0,6,98,232,242,254,254,254,240,50,0,0,0,0,0,0,0,0,0,0,0,0,0,0,0,0,0,0,11,161,254,254,228,178,193,254,254,167,4,0,0,0,0,0,0,0,0,0,0,0,0,0,0,0,0,13,157,254,254,140,40,0,38,235,254,254,118,0,0,0,0,0,0,0,0,0,0,0,0,0,0,0,0,56,254,254,165,2,0,0,0,73,254,254,221,23,0,0,0,0,0,0,0,0,0,0,0,0,0,0,0,56,254,246,50,0,0,0,0,36,254,254,254,34,0,0,0,0,0,0,0,0,0,0,0,0,0,0,0,127,254,241,0,0,0,0,0,166,254,254,254,34,0,0,0,0,0,0,0,0,0,0,0,0,0,0,0,194,254,180,0,0,0,0,0,31,254,254,254,34,0,0,0,0,0,0,0,0,0,0,0,0,0,0,69,248,254,151,0,0,0,0,0,28,254,254,254,34,0,0,0,0,0,0,0,0,0,0,0,0,0,0,15,205,254,252,207,73,45,0,0,21,225,254,254,34,0,0,0,0,0,0,0,0,0,0,0,0,0,0,0,82,239,254,254,254,231,187,187,172,166,254,254,34,0,0,0,0,0,0,0,0,0,0,0,0,0,0,0,0,80,243,254,254,254,255,254,255,254,254,254,34,0,0,0,0,0,0,0,0,0,0,0,0,0,0,0,0,0,66,110,169,248,249,254,254,254,254,254,34,0,0,0,0,0,0,0,0,0,0,0,0,0,0,0,0,0,0,0,0,0,36,153,187,254,254,254,102,0,0,0,0,0,0,0,0,0,0,0,0,0,0,0,0,0,0,0,0,0,0,3,6,150,254,254,116,0,0,0,0,0,0,0,0,0,0,0,0,0,0,0,0,0,0,0,0,0,0,0,0,26,254,254,79,0,0,0,0,0,0,0,0,0,0,0,0,0,0,0,0,0,0,0,0,0,0,0,0,7,254,254,171,0,0,0,0,0,0,0,0,0,0,0,0,0,0,0,0,0,0,0,0,0,0,0,0,7,254,254,185,9,0,0,0,0,0,0,0,0,0,0,0,0,0,0,0,0,0,0,0,0,0,0,0,7,244,254,254,55,0,0,0,0,0,0,0,0,0,0,0,0,0,0,0,0,0,0,0,0,0,0,0,0,125,254,254,129,0,0,0,0,0,0,0,0,0,0,0,0,0,0,0,0,0,0,0,0,0,0,0,0,0,0,0,0,0,0,0,0,0,0,0,0,0,0,0,0,0,0,0,0,0,0,0,0,0,0,0,0,0,0,0,0,0,0,0,0,0,0,0,0,0,0,0,0,0,0,0,0,0,0,0,0,0,0,0,0,0,0,0,0,0,0,0,0,0,0,0
7,0,0,0,0,0,0,0,0,0,0,0,0,0,0,0,0,0,0,0,0,0,0,0,0,0,0,0,0,0,0,0,0,0,0,0,0,0,0,0,0,0,0,0,0,0,0,0,0,0,0,0,0,0,0,0,0,0,0,0,0,0,0,0,0,0,0,0,0,0,0,0,0,0,0,0,0,0,0,0,0,0,0,0,0,0,0,0,0,0,0,0,0,0,0,0,0,0,0,0,0,0,0,0,0,0,0,0,0,0,0,0,0,0,0,0,0,0,0,0,0,0,0,0,0,0,0,0,0,0,0,0,0,0,0,0,0,0,0,0,0,0,0,0,0,0,0,0,0,0,0,0,0,0,0,0,0,0,0,0,0,0,0,0,0,0,0,0,0,0,0,0,0,0,0,0,0,0,0,0,0,0,0,0,0,0,0,0,0,0,0,0,0,0,0,0,0,0,0,0,0,0,0,0,0,50,127,156,194,232,239,223,35,0,0,0,0,0,0,0,0,0,0,0,0,0,0,0,0,0,19,118,215,247,253,242,241,254,253,253,232,139,46,0,0,0,0,0,0,0,0,0,0,0,0,0,0,25,142,253,254,216,107,36,30,78,128,253,253,253,145,42,0,0,0,0,0,0,0,0,0,0,0,0,0,94,253,222,95,10,0,0,0,0,2,19,167,253,254,150,0,0,0,0,0,0,0,0,0,0,0,0,8,205,237,36,0,0,0,0,0,0,0,0,24,230,254,248,98,0,0,0,0,0,0,0,0,0,0,0,16,195,53,0,0,0,0,0,0,0,0,0,0,173,255,254,175,0,0,0,0,0,0,0,0,0,0,0,0,0,0,0,0,0,0,0,0,0,0,0,0,98,254,253,174,0,0,0,0,0,0,0,0,0,0,0,0,0,0,0,0,0,0,0,0,0,0,0,0,98,254,253,174,0,0,0,0,0,0,0,0,0,0,0,0,0,0,0,0,0,0,0,0,0,0,0,0,83,254,253,174,0,0,0,0,0,0,0,0,0,0,0,0,0,0,0,0,0,0,0,0,0,0,0,0,150,254,253,137,0,0,0,0,0,0,0,0,0,0,0,0,0,0,0,0,0,0,0,0,0,0,0,0,196,255,136,0,0,0,0,0,0,0,0,0,0,0,0,0,0,0,0,0,0,0,0,0,0,0,0,41,244,254,91,0,0,0,0,0,0,0,0,0,0,0,0,0,0,0,0,0,0,0,0,0,0,0,0,204,253,235,27,0,0,0,0,0,0,0,0,0,0,0,0,0,0,0,0,0,0,0,0,0,0,4,137,251,253,142,0,0,0,0,0,0,0,0,0,0,0,0,0,0,0,0,0,0,0,0,0,0,0,132,253,253,215,23,0,0,0,0,0,0,0,0,0,0,0,0,0,0,0,0,0,0,0,0,0,0,141,254,254,184,23,0,0,0,0,0,0,0,0,0,0,0,0,0,0,0,0,0,0,0,0,0,0,91,254,251,203,10,0,0,0,0,0,0,0,0,0,0,0,0,0,0,0,0,0,0,0,0,0,0,43,213,254,173,0,0,0,0,0,0,0,0,0,0,0,0,0,0,0,0,0,0,0,0,0,0,0,0,136,253,169,3,0,0,0,0,0,0,0,0,0,0,0,0,0,0,0,0,0,0,0,0,0,0,0,0,122,118,0,0,0,0,0,0,0,0,0,0,0,0,0,0,0,0,0,0,0,0,0,0,0,0,0,0,0,0,0,0,0,0,0,0,0,0,0,0,0,0,0,0,0,0
8,0,0,0,0,0,0,0,0,0,0,0,0,0,0,0,0,0,0,0,0,0,0,0,0,0,0,0,0,0,0,0,0,0,0,0,0,0,0,0,0,0,0,0,0,0,0,0,0,0,0,0,0,0,0,0,0,0,0,0,0,0,0,0,0,0,0,0,0,0,0,0,0,0,0,0,0,0,0,0,0,0,0,0,0,0,0,0,0,0,0,0,0,0,0,0,0,0,0,0,0,0,0,0,0,0,0,0,0,0,0,0,0,0,0,0,0,0,0,0,0,0,0,0,0,0,0,0,0,0,0,0,0,0,0,0,0,0,0,0,0,0,0,0,0,0,0,0,0,0,20,129,139,139,170,159,139,139,65,7,0,0,0,0,0,0,0,0,0,0,0,0,0,0,0,0,9,79,237,253,254,253,253,253,253,254,253,186,120,5,0,0,0,0,0,0,0,0,0,0,0,0,0,0,131,253,253,253,254,253,171,69,69,69,142,235,253,54,0,0,0,0,0,0,0,0,0,0,0,0,0,0,162,253,253,117,46,67,44,0,0,0,0,143,253,233,0,0,0,0,0,0,0,0,0,0,0,0,0,0,15,138,253,128,0,0,0,0,0,0,0,7,212,253,0,0,0,0,0,0,0,0,0,0,0,0,0,0,0,70,254,202,77,9,0,0,0,0,5,55,234,254,53,0,0,0,0,0,0,0,0,0,0,0,0,0,0,57,224,253,254,195,162,162,162,163,178,253,253,211,0,0,0,0,0,0,0,0,0,0,0,0,0,0,0,0,25,205,254,253,253,253,253,254,253,253,253,138,64,0,0,0,0,0,0,0,0,0,0,0,0,0,0,0,34,219,254,253,253,253,253,254,253,253,253,253,250,76,0,0,0,0,0,0,0,0,0,0,0,0,0,64,239,253,254,179,54,23,23,76,23,23,118,190,254,165,85,0,0,0,0,0,0,0,0,0,0,0,111,254,254,244,106,0,0,0,0,0,0,0,0,0,182,254,223,25,0,0,0,0,0,0,0,0,0,5,178,253,253,64,0,0,0,0,0,0,0,0,0,0,9,122,253,120,0,0,0,0,0,0,0,0,0,24,253,253,154,6,0,0,0,0,0,0,0,0,0,0,0,47,253,203,11,0,0,0,0,0,0,0,0,24,253,253,46,0,0,0,0,0,0,0,0,0,0,0,0,141,253,161,0,0,0,0,0,0,0,0,0,24,253,253,99,0,0,0,0,0,0,0,0,0,0,0,0,162,253,109,0,0,0,0,0,0,0,0,0,11,204,254,254,33,0,0,0,0,0,0,0,0,0,0,13,213,248,42,0,0,0,0,0,0,0,0,0,0,141,253,253,212,100,17,0,0,0,0,0,0,0,0,119,253,163,0,0,0,0,0,0,0,0,0,0,0,13,120,253,253,255,210,153,70,7,0,13,70,112,185,255,188,19,0,0,0,0,0,0,0,0,0,0,0,0,13,88,245,254,253,253,253,212,209,216,253,253,253,204,59,0,0,0,0,0,0,0,0,0,0,0,0,0,0,0,21,86,137,222,253,253,254,253,253,253,147,11,0,0,0,0,0,0,0,0,0,0,0,0,0,0,0,0,0,0,0,0,0,0,0,0,0,0,0,0,0,0,0,0,0,0,0,0,0,0,0,0,0,0,0,0,0,0,0,0,0,0,0,0,0,0,0,0,0,0,0,0,0,0,0,0,0,0,0,0,0,0,0,0,0,0,0,0,0,0,0,0,0,0,0,0,0,0,0,0,0,0
6,0,0,0,0,0,0,0,0,0,0,0,0,0,0,0,0,0,0,0,0,0,0,0,0,0,0,0,0,0,0,0,0,0,0,0,0,0,0,0,0,0,0,0,0,0,0,0,0,0,0,0,0,0,0,0,0,0,0,0,0,0,0,0,0,0,0,0,0,0,0,0,0,0,0,0,0,0,0,0,0,0,0,0,0,0,0,0,0,0,0,0,0,0,0,0,0,0,0,9,38,139,171,255,254,227,41,0,0,0,0,0,0,0,0,0,0,0,0,0,0,0,0,0,0,0,5,160,253,253,253,192,177,197,119,0,0,0,0,0,0,0,0,0,0,0,0,0,0,0,0,0,0,2,160,253,251,183,32,6,0,9,6,0,0,0,0,0,0,0,0,0,0,0,0,0,0,0,0,0,9,161,253,226,88,0,0,0,0,0,0,0,0,0,0,0,0,0,0,0,0,0,0,0,0,0,0,39,160,253,248,62,0,0,0,0,0,0,0,0,0,0,0,0,0,0,0,0,0,0,0,0,0,0,0,120,253,253,43,0,0,0,0,0,0,0,0,0,0,0,0,0,0,0,0,0,0,0,0,0,0,0,16,191,253,132,8,0,0,0,0,0,0,0,0,0,0,0,0,0,0,0,0,0,0,0,0,0,0,0,119,253,216,14,0,0,0,0,0,0,0,0,0,0,0,0,0,0,0,0,0,0,0,0,0,0,0,3,193,253,100,0,0,0,0,0,0,0,0,0,0,0,0,0,0,0,0,0,0,0,0,0,0,0,0,44,253,219,0,0,0,0,0,0,0,0,0,0,0,0,0,0,0,0,0,0,0,0,0,0,0,0,0,44,253,134,0,0,0,0,0,0,0,0,0,0,0,0,0,0,0,0,0,0,0,0,0,0,0,0,0,44,253,134,0,0,0,0,0,0,0,0,0,0,0,0,0,0,0,0,0,0,0,0,0,0,0,0,0,34,238,162,81,168,168,168,168,168,142,37,0,0,0,0,0,0,0,0,0,0,0,0,0,0,0,0,0,77,241,253,253,253,253,253,253,253,253,235,137,0,0,0,0,0,0,0,0,0,0,0,0,0,0,0,64,249,253,253,227,119,19,10,10,66,190,248,252,142,5,0,0,0,0,0,0,0,0,0,0,0,0,0,114,242,142,247,238,136,6,0,0,0,0,66,219,253,71,0,0,0,0,0,0,0,0,0,0,0,0,0,22,79,0,94,253,253,109,0,0,0,0,0,135,253,150,0,0,0,0,0,0,0,0,0,0,0,0,0,0,0,0,1,93,246,253,180,102,33,33,33,150,253,252,5,0,0,0,0,0,0,0,0,0,0,0,0,0,0,0,0,0,58,179,253,253,253,253,253,253,253,225,4,0,0,0,0,0,0,0,0,0,0,0,0,0,0,0,0,0,0,3,61,145,201,253,253,195,118,22,0,0,0,0,0,0,0,0,0,0,0,0,0,0,0,0,0,0,0,0,0,0,0,0,0,0,0,0,0,0,0,0,0,0,0,0,0,0,0,0,0,0,0,0,0,0,0,0,0,0,0,0,0,0,0,0,0,0,0,0,0,0,0,0,0,0,0,0,0,0,0,0,0,0,0,0,0,0,0,0,0,0,0,0,0,0,0,0,0,0,0,0,0,0,0,0,0,0,0,0,0,0,0,0,0,0,0,0,0,0,0,0,0,0,0,0,0,0,0,0,0,0,0,0,0,0,0,0,0,0,0,0,0,0,0,0,0,0,0,0,0,0,0,0,0,0
5,0,0,0,0,0,0,0,0,0,0,0,0,0,0,0,0,0,0,0,0,0,0,0,0,0,0,0,0,0,0,0,0,0,0,0,0,0,0,0,0,0,0,0,0,0,0,0,0,0,0,0,0,0,0,0,0,0,0,0,0,0,0,0,0,0,0,0,0,0,0,0,0,0,0,0,0,0,0,0,0,0,0,0,0,0,0,0,0,0,0,0,0,0,0,0,0,0,0,0,38,191,101,0,0,0,0,0,0,0,0,0,0,0,0,0,0,0,0,0,0,0,0,0,0,0,0,38,219,252,223,0,0,0,0,0,0,0,0,0,0,0,0,0,0,0,0,0,0,0,0,0,0,0,111,222,252,252,192,0,0,0,0,0,0,0,0,0,0,0,0,0,0,0,0,0,0,0,0,0,0,4,153,253,252,214,28,0,0,0,0,0,0,0,0,0,0,0,0,0,0,0,0,0,0,0,0,0,0,107,252,253,252,195,0,0,0,0,0,0,0,0,0,0,0,0,0,0,0,0,0,0,0,0,0,0,26,207,253,255,253,56,0,0,0,0,0,0,0,0,0,0,0,0,0,0,0,0,0,0,0,0,0,0,57,252,252,253,176,6,0,0,0,0,0,0,0,0,0,0,0,0,0,0,0,0,0,0,0,0,0,0,44,233,252,253,233,43,0,0,0,0,0,0,0,0,0,0,0,0,0,0,0,0,0,0,0,0,0,0,0,153,252,253,252,149,0,0,0,0,0,0,0,0,0,0,0,0,0,0,0,0,0,0,0,0,0,0,0,29,252,253,252,227,47,0,0,0,0,0,0,0,0,0,0,0,0,0,0,0,0,0,0,0,0,0,0,0,141,255,253,253,225,0,0,0,0,0,0,0,0,0,0,0,0,0,0,0,0,0,0,0,0,0,0,0,15,90,243,252,249,146,48,0,0,0,0,0,0,0,0,0,0,0,0,0,0,0,0,0,0,0,0,0,0,0,175,239,252,252,229,21,0,0,0,0,0,0,0,0,0,0,0,0,0,0,0,0,0,0,0,0,0,0,0,103,252,252,253,27,0,0,0,0,0,0,0,0,0,0,0,0,0,0,0,0,0,0,0,0,0,0,0,57,252,252,253,27,0,0,0,0,0,0,0,0,0,0,0,0,0,0,0,63,63,0,0,0,0,0,101,222,253,253,255,27,0,0,0,0,0,0,0,0,0,0,0,0,0,0,26,240,178,85,85,85,163,226,249,252,252,204,27,3,0,0,0,0,0,0,0,0,0,0,0,0,0,0,29,252,253,252,252,252,252,253,252,239,102,25,0,0,0,0,0,0,0,0,0,0,0,0,0,0,0,0,26,239,253,252,252,252,252,225,176,65,0,0,0,0,0,0,0,0,0,0,0,0,0,0,0,0,0,0,0,63,112,112,221,157,112,0,0,0,0,0,0,0,0,0,0,0,0,0,0,0,0,0,0,0,0,0,0,0,0,0,0,0,0,0,0,0,0,0,0,0,0,0,0,0,0,0,0,0,0,0,0,0,0,0,0,0,0,0,0,0,0,0,0,0,0,0,0,0,0,0,0,0,0,0,0,0,0,0,0,0,0,0,0,0,0,0,0,0,0,0,0,0,0,0,0,0,0,0,0,0,0,0,0,0,0,0,0,0,0,0,0,0,0,0,0,0,0,0,0,0,0,0,0,0,0,0,0,0,0,0,0,0,0,0,0,0,0,0,0,0,0,0,0,0,0,0,0,0,0,0,0,0,0,0,0,0,0,0,0
6,0,0,0,0,0,0,0,0,0,0,0,0,0,0,0,0,0,0,0,0,0,0,0,0,0,0,0,0,0,0,0,0,0,0,0,0,0,0,0,0,0,0,0,0,0,0,0,0,0,0,0,0,0,0,0,0,0,0,0,0,0,0,0,0,0,0,0,0,0,0,0,0,0,0,0,0,0,0,0,0,0,0,0,0,0,0,0,0,0,0,0,0,134,246,66,0,0,0,0,0,0,0,0,0,0,0,0,0,0,0,0,0,0,0,0,0,0,0,0,12,235,89,0,0,0,0,0,0,0,0,0,0,0,0,0,0,0,0,0,0,0,0,0,0,0,0,0,17,241,19,0,0,0,0,0,0,0,0,0,0,0,0,0,0,0,0,0,0,0,0,0,0,0,0,0,17,235,0,0,0,0,0,0,0,0,0,0,0,0,0,0,0,0,0,0,0,0,0,0,0,0,0,0,17,235,0,0,0,0,0,0,0,0,0,0,0,0,0,0,0,0,0,0,0,0,0,0,0,0,0,0,17,235,0,0,0,0,0,0,0,0,0,0,0,0,0,0,0,0,0,0,0,0,0,0,0,0,0,0,17,235,0,0,0,0,0,0,0,0,0,0,0,0,0,0,0,0,0,0,0,0,0,0,0,0,0,0,17,235,0,0,0,0,0,0,0,94,182,62,0,0,0,0,0,0,0,0,0,0,0,0,0,0,0,0,17,235,0,0,0,0,0,0,41,241,227,223,23,0,0,0,0,0,0,0,0,0,0,0,0,0,0,0,17,235,0,0,0,0,0,0,120,201,30,244,119,0,0,0,0,0,0,0,0,0,0,0,0,0,0,0,3,190,48,0,0,0,0,0,205,158,0,161,188,0,0,0,0,0,0,0,0,0,0,0,0,0,0,0,0,101,191,0,0,0,0,0,219,118,0,147,188,0,0,0,0,0,0,0,0,0,0,0,0,0,0,0,0,22,236,13,0,0,0,0,201,118,0,147,188,0,0,0,0,0,0,0,0,0,0,0,0,0,0,0,0,10,221,106,0,0,0,0,116,222,143,236,188,0,0,0,0,0,0,0,0,0,0,0,0,0,0,0,0,0,70,218,0,0,0,0,22,109,109,193,188,0,0,0,0,0,0,0,0,0,0,0,0,0,0,0,0,0,11,197,122,0,0,0,0,0,0,147,188,0,0,0,0,0,0,0,0,0,0,0,0,0,0,0,0,0,0,27,227,54,0,0,0,0,0,226,110,0,0,0,0,0,0,0,0,0,0,0,0,0,0,0,0,0,0,0,60,223,79,0,0,0,37,247,52,0,0,0,0,0,0,0,0,0,0,0,0,0,0,0,0,0,0,0,0,71,255,205,121,99,213,194,1,0,0,0,0,0,0,0,0,0,0,0,0,0,0,0,0,0,0,0,0,1,18,158,171,189,161,39,0,0,0,0,0,0,0,0,0,0,0,0,0,0,0,0,0,0,0,0,0,0,0,0,0,0,0,0,0,0,0,0,0,0,0,0,0,0,0,0,0,0,0,0,0,0,0,0,0,0,0,0,0,0,0,0,0,0,0,0,0,0,0,0,0,0,0,0,0,0,0,0,0,0,0,0,0,0,0,0,0,0,0,0,0,0,0,0,0,0,0,0,0,0,0,0,0,0,0,0,0,0,0,0,0,0,0,0,0,0,0,0,0,0,0,0,0,0,0,0,0,0,0,0,0,0,0,0,0,0,0,0,0,0,0,0,0,0,0,0,0,0,0,0,0,0,0,0,0
1,0,0,0,0,0,0,0,0,0,0,0,0,0,0,0,0,0,0,0,0,0,0,0,0,0,0,0,0,0,0,0,0,0,0,0,0,0,0,0,0,0,0,0,0,0,0,0,0,0,0,0,0,0,0,0,0,0,0,0,0,0,0,0,0,0,0,0,0,0,0,0,0,0,0,0,0,0,0,0,0,0,0,0,0,0,0,0,0,0,0,0,0,0,0,0,0,0,0,0,0,0,0,0,0,0,0,0,0,0,0,0,0,0,0,0,0,0,0,0,0,0,0,0,0,0,0,0,0,0,0,0,0,0,0,0,0,0,0,0,0,0,0,0,0,0,0,0,0,0,0,0,0,0,38,148,211,126,0,0,0,0,0,0,0,0,0,0,0,0,0,0,0,0,0,0,0,0,0,0,0,0,143,253,254,168,0,0,0,0,0,0,0,0,0,0,0,0,0,0,0,0,0,0,0,0,0,0,0,0,169,253,254,116,0,0,0,0,0,0,0,0,0,0,0,0,0,0,0,0,0,0,0,0,0,0,0,0,169,253,254,63,0,0,0,0,0,0,0,0,0,0,0,0,0,0,0,0,0,0,0,0,0,0,0,0,169,253,254,63,0,0,0,0,0,0,0,0,0,0,0,0,0,0,0,0,0,0,0,0,0,0,0,4,184,254,248,53,0,0,0,0,0,0,0,0,0,0,0,0,0,0,0,0,0,0,0,0,0,0,0,22,253,253,212,0,0,0,0,0,0,0,0,0,0,0,0,0,0,0,0,0,0,0,0,0,0,0,0,22,253,253,212,0,0,0,0,0,0,0,0,0,0,0,0,0,0,0,0,0,0,0,0,0,0,0,0,22,253,253,212,0,0,0,0,0,0,0,0,0,0,0,0,0,0,0,0,0,0,0,0,0,0,0,0,22,253,253,212,0,0,0,0,0,0,0,0,0,0,0,0,0,0,0,0,0,0,0,0,0,0,0,0,22,255,254,151,0,0,0,0,0,0,0,0,0,0,0,0,0,0,0,0,0,0,0,0,0,0,0,0,22,253,253,186,0,0,0,0,0,0,0,0,0,0,0,0,0,0,0,0,0,0,0,0,0,0,0,0,22,253,253,212,0,0,0,0,0,0,0,0,0,0,0,0,0,0,0,0,0,0,0,0,0,0,0,0,22,253,253,141,0,0,0,0,0,0,0,0,0,0,0,0,0,0,0,0,0,0,0,0,0,0,0,0,22,253,253,107,0,0,0,0,0,0,0,0,0,0,0,0,0,0,0,0,0,0,0,0,0,0,0,0,22,255,254,107,0,0,0,0,0,0,0,0,0,0,0,0,0,0,0,0,0,0,0,0,0,0,0,0,22,253,253,107,0,0,0,0,0,0,0,0,0,0,0,0,0,0,0,0,0,0,0,0,0,0,0,0,22,253,253,107,0,0,0,0,0,0,0,0,0,0,0,0,0,0,0,0,0,0,0,0,0,0,0,0,16,232,253,107,0,0,0,0,0,0,0,0,0,0,0,0,0,0,0,0,0,0,0,0,0,0,0,0,0,169,209,18,0,0,0,0,0,0,0,0,0,0,0,0,0,0,0,0,0,0,0,0,0,0,0,0,0,0,0,0,0,0,0,0,0,0,0,0,0,0,0,0,0,0,0,0,0,0,0,0,0,0,0,0,0,0,0,0,0,0,0,0,0,0,0,0,0,0,0,0,0,0,0,0,0,0,0,0,0,0,0,0,0,0,0,0,0,0,0,0,0,0,0,0,0,0,0,0
3,0,0,0,0,0,0,0,0,0,0,0,0,0,0,0,0,0,0,0,0,0,0,0,0,0,0,0,0,0,0,0,0,0,0,0,0,0,0,0,0,0,0,0,0,0,0,0,0,0,0,0,0,0,0,0,0,0,0,0,0,0,0,0,0,0,0,0,0,0,0,0,0,0,0,0,0,0,0,0,0,0,0,0,0,0,0,0,0,0,0,0,0,0,0,0,0,0,0,0,0,0,0,0,0,0,0,0,0,0,0,0,0,0,0,0,0,0,0,0,0,0,0,0,12,128,171,186,255,237,171,76,1,0,0,0,0,0,0,0,0,0,0,0,0,0,0,0,0,0,0,0,34,254,254,254,254,254,254,254,109,0,0,0,0,0,0,0,0,0,0,0,0,0,0,0,0,0,0,0,34,254,202,158,158,158,243,254,187,0,0,0,0,0,0,0,0,0,0,0,0,0,0,0,0,0,0,0,21,141,13,0,0,45,246,254,122,0,0,0,0,0,0,0,0,0,0,0,0,0,0,0,0,0,0,0,0,0,0,4,109,223,254,200,6,0,0,0,0,0,0,0,0,0,0,0,0,0,0,0,0,0,0,0,0,0,27,162,254,254,201,27,0,0,0,0,0,0,0,0,0,0,0,0,0,0,0,0,0,0,0,0,4,110,224,254,248,161,26,0,0,0,0,0,0,0,0,0,0,0,0,0,0,0,0,0,0,0,4,71,190,254,254,254,227,118,71,4,0,0,0,0,0,0,0,0,0,0,0,0,0,0,0,0,0,17,209,254,254,254,254,254,254,254,254,188,100,3,0,0,0,0,0,0,0,0,0,0,0,0,0,0,0,76,254,249,201,156,128,114,101,64,185,254,254,126,0,0,0,0,0,0,0,0,0,0,0,0,0,0,0,4,96,37,0,0,0,0,0,0,10,137,250,242,68,0,0,0,0,0,0,0,0,0,0,0,0,0,0,0,0,0,0,0,0,0,0,0,0,0,146,254,193,2,0,0,0,0,0,0,0,0,0,0,0,0,0,0,0,0,0,0,0,0,0,0,0,0,31,245,254,8,0,0,0,0,0,0,0,0,0,0,0,3,148,44,0,0,0,0,0,0,0,0,0,0,16,241,254,8,0,0,0,0,0,0,0,0,0,0,5,206,189,0,0,0,0,0,0,0,0,0,0,0,88,254,254,8,0,0,0,0,0,0,0,0,0,0,9,254,77,0,0,0,0,0,0,0,0,0,0,60,239,254,184,1,0,0,0,0,0,0,0,0,0,0,9,254,171,0,0,0,0,0,0,0,0,62,164,247,254,210,43,0,0,0,0,0,0,0,0,0,0,0,9,254,253,146,76,76,76,76,89,158,230,252,254,254,254,107,0,0,0,0,0,0,0,0,0,0,0,0,1,129,254,254,254,254,254,254,254,254,254,254,254,234,76,1,0,0,0,0,0,0,0,0,0,0,0,0,0,5,126,254,254,254,254,254,254,254,210,152,68,3,0,0,0,0,0,0,0,0,0,0,0,0,0,0,0,0,0,0,0,0,0,0,0,0,0,0,0,0,0,0,0,0,0,0,0,0,0,0,0,0,0,0,0,0,0,0,0,0,0,0,0,0,0,0,0,0,0,0,0,0,0,0,0,0,0,0,0,0,0,0,0,0,0,0,0,0,0,0,0,0,0,0,0,0,0,0,0,0,0,0,0,0,0,0,0,0,0,0,0,0,0,0,0,0,0,0,0,0,0,0,0,0,0,0,0,0,0,0,0,0,0
8,0,0,0,0,0,0,0,0,0,0,0,0,0,0,0,0,0,0,0,0,0,0,0,0,0,0,0,0,0,0,0,0,0,0,0,0,0,0,0,0,0,0,0,0,0,0,0,0,0,0,0,0,0,0,0,0,0,0,0,0,0,0,0,0,0,0,0,0,0,0,0,0,0,0,0,0,0,0,0,0,0,0,0,0,0,0,0,0,0,0,0,0,0,0,0,0,0,0,0,0,0,0,0,0,0,0,0,0,0,0,0,0,0,0,0,0,0,0,0,0,0,0,0,0,0,0,0,0,0,0,102,254,80,0,0,0,0,0,0,0,0,0,0,0,0,0,0,0,0,0,0,0,27,71,49,0,0,106,249,207,23,0,0,0,0,0,0,0,0,0,0,0,0,0,0,0,0,0,7,134,242,253,154,0,15,197,242,69,0,0,0,0,0,0,0,0,0,0,0,0,0,0,0,0,0,56,212,253,181,53,9,15,192,253,113,0,0,0,0,0,0,0,0,0,0,0,0,0,0,0,0,0,54,247,248,136,10,0,0,145,253,147,5,0,0,0,0,0,0,0,0,0,0,0,0,0,0,0,0,38,220,248,75,0,0,0,51,234,211,14,0,0,0,0,0,0,0,0,0,0,0,0,0,0,0,0,0,140,253,246,60,0,0,0,205,245,64,0,0,0,0,0,0,0,0,0,0,0,0,0,0,0,0,0,0,52,239,253,246,89,0,104,254,146,0,0,0,0,0,0,0,0,0,0,0,0,0,0,0,0,0,0,0,0,91,184,251,248,121,204,251,32,0,0,0,0,0,0,0,0,0,0,0,0,0,0,0,0,0,0,0,0,0,0,140,253,253,253,144,0,0,0,0,0,0,0,0,0,0,0,0,0,0,0,0,0,0,0,0,0,0,0,0,79,254,254,255,199,39,0,0,0,0,0,0,0,0,0,0,0,0,0,0,0,0,0,0,0,0,0,0,103,253,204,254,253,227,71,0,0,0,0,0,0,0,0,0,0,0,0,0,0,0,0,0,0,0,0,0,187,251,60,75,227,253,225,42,0,0,0,0,0,0,0,0,0,0,0,0,0,0,0,0,0,0,0,6,205,195,0,0,41,195,253,224,42,0,0,0,0,0,0,0,0,0,0,0,0,0,0,0,0,0,0,42,253,112,0,0,0,42,224,253,224,42,0,0,0,0,0,0,0,0,0,0,0,0,0,0,0,0,0,186,253,70,0,0,0,0,68,253,253,139,0,0,0,0,0,0,0,0,0,0,0,0,0,0,0,0,0,162,253,70,0,0,0,0,102,253,253,100,0,0,0,0,0,0,0,0,0,0,0,0,0,0,0,0,0,114,253,142,12,76,106,156,247,253,220,13,0,0,0,0,0,0,0,0,0,0,0,0,0,0,0,0,0,41,227,253,229,254,253,253,253,230,51,0,0,0,0,0,0,0,0,0,0,0,0,0,0,0,0,0,0,0,33,141,195,226,165,165,87,11,0,0,0,0,0,0,0,0,0,0,0,0,0,0,0,0,0,0,0,0,0,0,0,0,0,0,0,0,0,0,0,0,0,0,0,0,0,0,0,0,0,0,0,0,0,0,0,0,0,0,0,0,0,0,0,0,0,0,0,0,0,0,0,0,0,0,0,0,0,0,0,0,0,0,0,0,0,0,0,0,0,0,0,0,0,0,0,0,0,0,0,0,0,0,0,0,0,0,0,0,0,0,0,0,0,0,0,0,0,0,0,0,0,0,0,0,0,0,0,0,0
1,0,0,0,0,0,0,0,0,0,0,0,0,0,0,0,0,0,0,0,0,0,0,0,0,0,0,0,0,0,0,0,0,0,0,0,0,0,0,0,0,0,0,0,0,0,0,0,0,0,0,0,0,0,0,0,0,0,0,0,0,0,0,0,0,0,0,0,0,0,0,0,0,0,0,0,0,0,0,0,0,0,0,0,0,0,0,0,0,0,0,0,0,0,0,0,0,0,0,0,0,0,0,0,0,0,0,0,0,0,0,0,0,0,0,0,0,0,0,0,0,0,0,0,0,0,0,0,0,0,0,0,0,0,0,0,0,0,0,0,0,0,0,0,0,0,0,0,0,0,0,0,0,0,255,253,253,103,0,0,0,0,0,0,0,0,0,0,0,0,0,0,0,0,0,0,0,0,0,0,0,0,253,252,252,252,0,0,0,0,0,0,0,0,0,0,0,0,0,0,0,0,0,0,0,0,0,0,0,0,253,252,252,252,0,0,0,0,0,0,0,0,0,0,0,0,0,0,0,0,0,0,0,0,0,0,0,0,253,252,252,252,0,0,0,0,0,0,0,0,0,0,0,0,0,0,0,0,0,0,0,0,0,0,0,0,254,253,253,253,0,0,0,0,0,0,0,0,0,0,0,0,0,0,0,0,0,0,0,0,0,0,0,0,253,252,252,252,0,0,0,0,0,0,0,0,0,0,0,0,0,0,0,0,0,0,0,0,0,0,0,0,253,252,252,252,0,0,0,0,0,0,0,0,0,0,0,0,0,0,0,0,0,0,0,0,0,0,0,0,253,252,252,252,0,0,0,0,0,0,0,0,0,0,0,0,0,0,0,0,0,0,0,0,0,0,0,114,254,253,253,190,0,0,0,0,0,0,0,0,0,0,0,0,0,0,0,0,0,0,0,0,0,0,0,113,253,252,252,139,0,0,0,0,0,0,0,0,0,0,0,0,0,0,0,0,0,0,0,0,0,0,0,113,253,252,252,190,0,0,0,0,0,0,0,0,0,0,0,0,0,0,0,0,0,0,0,0,0,0,0,63,253,252,252,139,0,0,0,0,0,0,0,0,0,0,0,0,0,0,0,0,0,0,0,0,0,0,0,0,254,253,253,140,0,0,0,0,0,0,0,0,0,0,0,0,0,0,0,0,0,0,0,0,0,0,0,0,253,252,252,139,0,0,0,0,0,0,0,0,0,0,0,0,0,0,0,0,0,0,0,0,0,0,0,0,253,252,252,103,0,0,0,0,0,0,0,0,0,0,0,0,0,0,0,0,0,0,0,0,0,0,0,0,253,252,252,28,0,0,0,0,0,0,0,0,0,0,0,0,0,0,0,0,0,0,0,0,0,0,0,0,204,253,253,28,0,0,0,0,0,0,0,0,0,0,0,0,0,0,0,0,0,0,0,0,0,0,0,0,178,252,252,28,0,0,0,0,0,0,0,0,0,0,0,0,0,0,0,0,0,0,0,0,0,0,0,0,104,252,186,6,0,0,0,0,0,0,0,0,0,0,0,0,0,0,0,0,0,0,0,0,0,0,0,0,4,128,118,0,0,0,0,0,0,0,0,0,0,0,0,0,0,0,0,0,0,0,0,0,0,0,0,0,0,0,0,0,0,0,0,0,0,0,0,0,0,0,0,0,0,0,0,0,0,0,0,0,0,0,0,0,0,0,0,0,0,0,0,0,0,0,0,0,0,0,0,0,0,0,0,0,0,0,0,0,0,0,0,0,0,0,0,0,0,0,0,0,0,0,0,0,0,0,0
0,0,0,0,0,0,0,0,0,0,0,0,0,0,0,0,0,0,0,0,0,0,0,0,0,0,0,0,0,0,0,0,0,0,0,0,0,0,0,0,0,0,0,0,0,0,0,0,0,0,0,0,0,0,0,0,0,0,0,0,0,0,0,0,0,0,0,0,0,0,0,0,0,0,0,0,0,0,0,0,0,0,0,0,0,0,0,0,0,0,0,0,0,0,0,0,0,0,0,0,0,0,0,0,0,0,0,0,0,0,0,0,0,0,0,0,0,0,0,0,0,0,0,0,0,0,0,0,0,0,0,0,0,0,0,0,0,0,0,0,0,0,0,0,0,0,0,0,0,0,0,0,0,0,53,243,242,102,74,0,0,0,0,0,0,0,0,0,0,0,0,0,0,0,0,0,0,0,0,0,0,54,229,254,254,254,240,189,0,0,0,0,0,0,0,0,0,0,0,0,0,0,0,0,0,0,0,0,0,186,254,254,254,254,254,248,81,0,0,0,0,0,0,0,0,0,0,0,0,0,0,0,0,0,0,0,84,253,254,254,254,254,254,254,252,37,0,0,0,0,0,0,0,0,0,0,0,0,0,0,0,0,0,0,86,254,254,254,227,216,250,254,254,155,0,0,0,0,0,0,0,0,0,0,0,0,0,0,0,0,0,0,86,254,254,128,35,0,102,208,254,192,0,0,0,0,0,0,0,0,0,0,0,0,0,0,0,0,0,0,137,254,210,15,0,0,0,171,254,192,0,0,0,0,0,0,0,0,0,0,0,0,0,0,0,0,0,18,242,254,123,0,0,0,0,171,254,192,0,0,0,0,0,0,0,0,0,0,0,0,0,0,0,0,21,199,254,254,123,0,0,0,0,171,254,192,0,0,0,0,0,0,0,0,0,0,0,0,0,0,0,0,39,254,254,254,243,20,0,0,22,196,254,145,0,0,0,0,0,0,0,0,0,0,0,0,0,0,0,0,54,254,195,77,156,20,0,0,85,254,254,38,0,0,0,0,0,0,0,0,0,0,0,0,0,0,0,0,194,254,169,0,0,0,0,0,225,254,198,20,0,0,0,0,0,0,0,0,0,0,0,0,0,0,0,0,194,254,169,0,0,0,0,35,233,250,101,0,0,0,0,0,0,0,0,0,0,0,0,0,0,0,0,0,194,254,169,0,0,0,2,132,254,239,0,0,0,0,0,0,0,0,0,0,0,0,0,0,0,0,0,0,194,254,169,0,0,0,95,254,254,168,0,0,0,0,0,0,0,0,0,0,0,0,0,0,0,0,0,0,194,254,169,0,0,105,243,254,157,13,0,0,0,0,0,0,0,0,0,0,0,0,0,0,0,0,0,0,194,254,172,8,89,247,254,251,29,0,0,0,0,0,0,0,0,0,0,0,0,0,0,0,0,0,0,0,128,254,254,254,254,254,178,75,0,0,0,0,0,0,0,0,0,0,0,0,0,0,0,0,0,0,0,0,39,254,254,254,254,205,60,0,0,0,0,0,0,0,0,0,0,0,0,0,0,0,0,0,0,0,0,0,16,100,246,141,100,9,0,0,0,0,0,0,0,0,0,0,0,0,0,0,0,0,0,0,0,0,0,0,0,0,0,0,0,0,0,0,0,0,0,0,0,0,0,0,0,0,0,0,0,0,0,0,0,0,0,0,0,0,0,0,0,0,0,0,0,0,0,0,0,0,0,0,0,0,0,0,0,0,0,0,0,0,0,0,0,0,0,0,0,0,0,0,0,0,0,0,0,0,0,0,0,0,0
5,0,0,0,0,0,0,0,0,0,0,0,0,0,0,0,0,0,0,0,0,0,0,0,0,0,0,0,0,0,0,0,0,0,0,0,0,0,0,0,0,0,0,0,0,0,0,0,0,0,0,0,0,0,0,0,0,0,0,0,0,0,0,0,0,0,0,0,0,0,0,0,0,0,0,0,0,0,0,0,0,0,0,0,0,0,0,0,0,0,0,0,0,0,0,0,0,0,0,0,0,0,0,0,0,0,0,0,0,0,0,0,0,0,0,0,0,0,0,0,0,0,0,0,0,0,0,0,0,0,0,0,0,0,0,0,0,0,0,0,0,0,0,0,0,0,0,0,0,0,0,0,0,0,0,0,21,118,237,254,254,254,254,255,254,193,78,0,0,0,0,0,0,0,0,0,0,0,0,0,0,0,17,117,231,254,254,254,254,254,254,254,254,254,173,24,0,0,0,0,0,0,0,0,0,0,0,0,0,66,223,254,254,254,254,254,254,254,193,76,67,67,33,0,0,0,0,0,0,0,0,0,0,0,0,79,163,252,254,254,254,254,250,196,143,24,2,0,0,0,0,0,0,0,0,0,0,0,0,0,0,14,154,253,254,254,254,254,254,254,122,0,0,0,0,0,0,0,0,0,0,0,0,0,0,0,0,0,0,130,254,254,254,254,254,254,254,254,143,0,0,0,0,0,0,0,0,0,0,0,0,0,0,0,0,0,37,240,254,254,249,201,252,254,254,254,143,0,0,0,0,0,0,0,0,0,0,0,0,0,0,0,0,0,142,254,254,220,126,0,226,250,254,250,132,0,0,0,0,0,0,0,0,0,0,0,0,0,0,0,0,0,158,254,254,186,44,0,0,71,135,104,0,0,0,0,0,0,0,0,0,0,0,0,0,0,0,0,0,0,158,254,254,254,238,144,88,27,0,0,0,0,0,0,0,0,0,0,0,0,0,0,0,0,0,0,0,0,54,192,254,254,254,254,254,232,206,62,3,0,0,0,0,0,0,0,0,0,0,0,0,0,0,0,0,0,0,10,151,223,254,254,254,254,254,254,113,0,0,0,0,0,0,0,0,0,0,0,0,0,0,0,0,0,0,0,0,12,101,183,236,254,254,254,246,206,11,0,0,0,0,0,0,0,0,0,0,0,0,0,0,0,0,0,0,0,0,0,31,132,215,253,254,254,22,0,0,0,0,0,0,0,0,0,0,0,0,0,0,0,0,28,0,0,0,0,0,0,0,176,254,254,115,0,0,0,0,0,0,0,0,0,0,0,0,0,0,0,0,123,126,16,0,0,0,33,70,202,254,254,115,0,0,0,0,0,0,0,0,0,0,0,0,0,0,0,0,124,254,197,102,133,197,244,254,254,254,252,76,0,0,0,0,0,0,0,0,0,0,0,0,0,0,0,0,29,254,254,254,254,254,254,254,254,254,151,0,0,0,0,0,0,0,0,0,0,0,0,0,0,0,0,0,4,133,253,254,254,254,254,254,234,101,9,0,0,0,0,0,0,0,0,0,0,0,0,0,0,0,0,0,0,0,83,157,227,161,157,91,27,0,0,0,0,0,0,0,0,0,0,0,0,0,0,0,0,0,0,0,0,0,0,0,0,0,0,0,0,0,0,0,0,0,0,0,0,0,0,0,0,0,0,0,0,0,0,0,0,0,0,0,0,0,0,0,0,0,0,0,0,0,0,0,0,0,0,0,0,0,0,0,0,0,0,0,0,0,0,0,0,0,0,0,0,0,0,0,0,0,0,0,0,0,0,0
1,0,0,0,0,0,0,0,0,0,0,0,0,0,0,0,0,0,0,0,0,0,0,0,0,0,0,0,0,0,0,0,0,0,0,0,0,0,0,0,0,0,0,0,0,0,0,0,0,0,0,0,0,0,0,0,0,0,0,0,0,0,0,0,0,0,0,0,0,0,0,0,0,0,0,0,0,0,0,0,0,0,0,0,0,0,0,0,0,0,0,0,0,0,0,0,0,0,0,0,0,0,0,0,0,0,0,0,0,0,0,0,0,0,0,0,0,0,0,0,0,0,0,0,0,0,0,0,44,229,239,0,0,0,0,0,0,0,0,0,0,0,0,0,0,0,0,0,0,0,0,0,0,0,0,0,140,253,238,0,0,0,0,0,0,0,0,0,0,0,0,0,0,0,0,0,0,0,0,0,0,0,0,0,254,253,238,0,0,0,0,0,0,0,0,0,0,0,0,0,0,0,0,0,0,0,0,0,0,0,0,72,254,253,167,0,0,0,0,0,0,0,0,0,0,0,0,0,0,0,0,0,0,0,0,0,0,0,14,180,254,235,63,0,0,0,0,0,0,0,0,0,0,0,0,0,0,0,0,0,0,0,0,0,0,0,63,253,254,175,0,0,0,0,0,0,0,0,0,0,0,0,0,0,0,0,0,0,0,0,0,0,0,0,194,253,254,44,0,0,0,0,0,0,0,0,0,0,0,0,0,0,0,0,0,0,0,0,0,0,0,0,194,253,255,44,0,0,0,0,0,0,0,0,0,0,0,0,0,0,0,0,0,0,0,0,0,0,0,0,194,253,236,36,0,0,0,0,0,0,0,0,0,0,0,0,0,0,0,0,0,0,0,0,0,0,0,0,194,253,149,0,0,0,0,0,0,0,0,0,0,0,0,0,0,0,0,0,0,0,0,0,0,0,0,0,196,254,89,0,0,0,0,0,0,0,0,0,0,0,0,0,0,0,0,0,0,0,0,0,0,0,0,111,243,253,0,0,0,0,0,0,0,0,0,0,0,0,0,0,0,0,0,0,0,0,0,0,0,0,8,240,253,253,0,0,0,0,0,0,0,0,0,0,0,0,0,0,0,0,0,0,0,0,0,0,0,0,134,253,253,253,0,0,0,0,0,0,0,0,0,0,0,0,0,0,0,0,0,0,0,0,0,0,0,0,134,253,253,253,133,0,0,0,0,0,0,0,0,0,0,0,0,0,0,0,0,0,0,0,0,0,0,0,134,253,253,253,44,0,0,0,0,0,0,0,0,0,0,0,0,0,0,0,0,0,0,0,0,0,0,0,134,253,253,253,0,0,0,0,0,0,0,0,0,0,0,0,0,0,0,0,0,0,0,0,0,0,0,0,135,253,253,112,0,0,0,0,0,0,0,0,0,0,0,0,0,0,0,0,0,0,0,0,0,0,0,0,134,253,245,86,0,0,0,0,0,0,0,0,0,0,0,0,0,0,0,0,0,0,0,0,0,0,0,0,135,253,208,0,0,0,0,0,0,0,0,0,0,0,0,0,0,0,0,0,0,0,0,0,0,0,0,0,0,0,0,0,0,0,0,0,0,0,0,0,0,0,0,0,0,0,0,0,0,0,0,0,0,0,0,0,0,0,0,0,0,0,0,0,0,0,0,0,0,0,0,0,0,0,0,0,0,0,0,0,0,0,0,0,0,0,0,0,0,0,0,0,0,0,0,0,0,0,0,0,0,0,0,0,0,0,0,0,0,0,0,0,0,0,0,0,0,0,0,0,0,0,0,0,0,0,0,0,0
3,0,0,0,0,0,0,0,0,0,0,0,0,0,0,0,0,0,0,0,0,0,0,0,0,0,0,0,0,0,0,0,0,0,0,0,0,0,0,0,0,0,0,0,0,0,0,0,0,0,0,0,0,0,0,0,0,0,0,0,0,0,0,0,0,0,0,0,0,0,0,0,0,0,0,0,0,0,0,0,0,0,0,0,0,0,0,0,0,0,0,0,0,0,0,0,0,0,0,0,0,0,0,0,0,0,0,0,0,0,0,0,0,0,0,0,0,0,0,0,0,0,0,0,0,0,0,0,0,0,0,0,0,0,0,0,0,0,0,0,0,0,0,0,0,0,0,0,0,0,0,0,0,0,0,0,0,0,0,0,0,0,0,0,0,0,0,0,0,0,0,0,0,0,0,0,0,7,89,170,254,254,254,254,164,19,0,0,0,0,0,0,0,0,0,0,0,0,0,0,0,0,0,0,37,166,253,253,246,224,185,246,253,196,17,0,0,0,0,0,0,0,0,0,0,0,0,0,0,0,0,39,226,253,232,95,21,0,0,45,218,253,210,49,0,0,0,0,0,0,0,0,0,0,0,0,0,0,0,120,253,228,23,0,0,0,0,0,22,206,253,198,17,0,0,0,0,0,0,0,0,0,0,0,0,0,0,85,178,157,0,0,0,0,0,0,0,22,234,253,120,0,0,0,0,0,0,0,0,0,0,0,0,0,0,0,0,0,0,0,0,0,0,0,0,0,224,253,108,0,0,0,0,0,0,0,0,0,0,0,0,0,0,0,0,0,0,0,0,0,0,0,0,0,224,253,53,0,0,0,0,0,0,0,0,0,0,0,0,0,0,0,0,0,0,0,0,0,0,0,80,206,252,241,22,0,0,0,0,0,0,0,0,0,0,0,0,0,0,0,0,0,0,0,0,0,40,119,244,253,244,70,0,0,0,0,0,0,0,0,0,0,0,0,0,0,0,0,0,0,0,0,57,169,251,253,253,153,16,0,0,0,0,0,0,0,0,0,0,0,0,0,0,0,0,0,0,0,0,0,132,250,248,250,253,221,67,0,0,0,0,0,0,0,0,0,0,0,0,0,0,0,0,0,0,0,0,0,0,38,0,23,142,253,244,47,0,0,0,0,0,0,0,0,0,0,0,0,0,0,0,0,0,0,0,0,0,0,0,0,9,215,253,74,0,0,0,0,0,0,0,0,0,0,0,0,0,0,0,0,0,0,0,0,0,0,0,0,11,226,253,74,0,0,0,0,0,0,0,0,0,0,0,0,0,0,0,0,0,0,0,0,0,0,0,0,16,253,254,74,0,0,0,0,0,0,0,0,0,0,0,0,0,0,0,0,0,0,0,0,0,0,0,0,47,253,236,22,0,0,0,0,0,0,0,0,0,0,0,0,0,0,0,0,0,0,0,0,0,0,0,0,168,253,175,0,0,0,0,0,0,0,0,0,0,0,0,0,0,0,0,0,0,0,0,36,0,0,0,81,244,253,94,0,0,0,0,0,0,0,0,0,0,0,0,0,0,0,0,0,0,0,0,201,69,28,128,250,253,156,13,0,0,0,0,0,0,0,0,0,0,0,0,0,0,0,0,0,0,0,0,46,191,232,173,153,109,18,0,0,0,0,0,0,0,0,0,0,0,0,0,0,0,0,0,0,0,0,0,0,0,0,0,0,0,0,0,0,0,0,0,0,0,0,0,0,0,0,0,0,0,0,0,0,0,0,0,0,0,0,0,0,0,0,0,0,0,0,0,0,0,0,0,0,0
1,0,0,0,0,0,0,0,0,0,0,0,0,0,0,0,0,0,0,0,0,0,0,0,0,0,0,0,0,0,0,0,0,0,0,0,0,0,0,0,0,0,0,0,0,0,0,0,0,0,0,0,0,0,0,0,0,0,0,0,0,0,0,0,0,0,0,0,0,0,0,0,0,0,0,0,0,0,0,0,0,0,0,0,0,0,0,0,0,0,0,0,0,0,0,0,0,0,0,0,0,0,0,0,0,0,0,0,0,0,0,0,0,0,0,0,0,0,0,0,0,0,0,0,87,143,60,0,0,0,0,0,0,0,0,0,0,0,0,0,0,0,0,0,0,0,0,0,0,0,0,0,86,254,241,84,0,0,0,0,0,0,0,0,0,0,0,0,0,0,0,0,0,0,0,0,0,0,0,0,86,254,254,234,74,0,0,0,0,0,0,0,0,0,0,0,0,0,0,0,0,0,0,0,0,0,0,0,86,254,254,254,94,0,0,0,0,0,0,0,0,0,0,0,0,0,0,0,0,0,0,0,0,0,0,0,86,254,254,254,183,15,0,0,0,0,0,0,0,0,0,0,0,0,0,0,0,0,0,0,0,0,0,0,80,247,254,254,254,27,0,0,0,0,0,0,0,0,0,0,0,0,0,0,0,0,0,0,0,0,0,0,0,152,254,254,254,27,0,0,0,0,0,0,0,0,0,0,0,0,0,0,0,0,0,0,0,0,0,0,0,152,254,254,254,27,0,0,0,0,0,0,0,0,0,0,0,0,0,0,0,0,0,0,0,0,0,0,0,135,250,254,254,48,0,0,0,0,0,0,0,0,0,0,0,0,0,0,0,0,0,0,0,0,0,0,0,0,218,254,254,216,0,0,0,0,0,0,0,0,0,0,0,0,0,0,0,0,0,0,0,0,0,0,0,0,218,254,254,216,0,0,0,0,0,0,0,0,0,0,0,0,0,0,0,0,0,0,0,0,0,0,0,0,49,254,254,222,23,0,0,0,0,0,0,0,0,0,0,0,0,0,0,0,0,0,0,0,0,0,0,0,29,254,254,254,150,0,0,0,0,0,0,0,0,0,0,0,0,0,0,0,0,0,0,0,0,0,0,0,29,254,254,254,220,57,0,0,0,0,0,0,0,0,0,0,0,0,0,0,0,0,0,0,0,0,0,0,29,254,254,254,254,84,0,0,0,0,0,0,0,0,0,0,0,0,0,0,0,0,0,0,0,0,0,0,16,183,254,254,254,84,0,0,0,0,0,0,0,0,0,0,0,0,0,0,0,0,0,0,0,0,0,0,0,96,254,254,254,84,0,0,0,0,0,0,0,0,0,0,0,0,0,0,0,0,0,0,0,0,0,0,0,74,234,254,254,84,0,0,0,0,0,0,0,0,0,0,0,0,0,0,0,0,0,0,0,0,0,0,0,0,161,254,254,84,0,0,0,0,0,0,0,0,0,0,0,0,0,0,0,0,0,0,0,0,0,0,0,0,161,226,65,22,0,0,0,0,0,0,0,0,0,0,0,0,0,0,0,0,0,0,0,0,0,0,0,0,0,0,0,0,0,0,0,0,0,0,0,0,0,0,0,0,0,0,0,0,0,0,0,0,0,0,0,0,0,0,0,0,0,0,0,0,0,0,0,0,0,0,0,0,0,0,0,0,0,0,0,0,0,0,0,0,0,0,0,0,0,0,0,0,0,0,0,0,0,0,0,0,0,0,0,0,0,0,0,0,0,0,0,0,0,0,0,0,0,0,0,0,0,0,0,0,0
5,0,0,0,0,0,0,0,0,0,0,0,0,0,0,0,0,0,0,0,0,0,0,0,0,0,0,0,0,0,0,0,0,0,0,0,0,0,0,0,0,0,0,0,0,0,0,0,0,0,0,0,0,0,0,0,0,0,0,0,0,0,0,0,0,0,0,0,0,0,0,0,0,0,0,0,0,0,0,0,0,0,0,0,0,0,0,0,0,0,0,0,0,0,0,0,0,0,0,0,0,0,0,0,0,0,0,0,0,0,0,0,0,0,0,0,0,0,0,0,0,0,0,0,0,0,0,0,0,0,0,0,0,0,0,0,0,0,0,0,0,0,0,0,0,0,0,0,0,0,74,139,138,138,233,201,191,138,191,180,201,0,0,0,0,0,0,0,0,0,0,0,0,0,0,0,0,0,230,253,252,252,252,252,253,252,252,252,252,100,17,0,0,0,0,0,0,0,0,0,0,0,0,0,0,151,246,253,252,252,252,252,253,252,252,252,252,236,25,0,0,0,0,0,0,0,0,0,0,0,0,0,0,207,252,253,252,185,160,160,56,87,77,66,45,42,0,0,0,0,0,0,0,0,0,0,0,0,0,0,0,207,252,232,22,6,0,0,0,0,0,0,0,0,0,0,0,0,0,0,0,0,0,0,0,0,0,0,0,93,253,244,50,0,0,0,0,0,0,0,0,0,0,0,0,0,0,0,0,0,0,0,0,0,0,0,0,93,252,253,113,0,0,0,0,0,0,0,0,0,0,0,0,0,0,0,0,0,0,0,0,0,0,0,0,93,252,253,240,101,70,7,0,0,0,0,0,0,0,0,0,0,0,0,0,0,0,0,0,0,0,0,0,187,252,253,252,252,252,211,85,0,0,0,0,0,0,0,0,0,0,0,0,0,0,0,0,0,0,0,0,103,252,253,252,252,252,252,251,209,84,0,0,0,0,0,0,0,0,0,0,0,0,0,0,0,0,0,0,43,220,252,230,230,135,220,233,253,253,117,3,0,0,0,0,0,0,0,0,0,0,0,0,0,0,0,0,0,0,84,0,0,0,0,9,173,252,252,22,0,0,0,0,0,0,0,0,0,0,0,0,0,0,0,0,0,0,0,0,0,0,0,0,13,171,252,54,0,0,0,0,0,0,0,0,0,0,0,0,0,0,0,0,0,0,0,0,0,0,0,0,0,70,252,232,95,0,0,0,0,0,0,0,0,0,0,0,0,0,0,0,0,158,0,0,0,0,0,0,0,70,252,252,116,0,0,0,0,0,0,0,0,0,0,0,0,0,0,0,0,231,255,180,55,5,0,0,5,138,253,253,116,0,0,0,0,0,0,0,0,0,0,0,0,0,0,0,0,209,253,252,252,177,161,162,178,252,252,252,95,0,0,0,0,0,0,0,0,0,0,0,0,0,0,0,0,32,190,252,252,252,252,253,252,252,252,221,0,0,0,0,0,0,0,0,0,0,0,0,0,0,0,0,0,0,15,160,227,252,252,253,252,252,252,96,0,0,0,0,0,0,0,0,0,0,0,0,0,0,0,0,0,0,0,0,17,65,137,253,252,252,157,12,0,0,0,0,0,0,0,0,0,0,0,0,0,0,0,0,0,0,0,0,0,0,0,0,0,0,0,0,0,0,0,0,0,0,0,0,0,0,0,0,0,0,0,0,0,0,0,0,0,0,0,0,0,0,0,0,0,0,0,0,0,0,0,0,0,0,0,0,0,0,0,0,0,0,0,0,0,0,0,0,0,0,0,0,0,0,0,0,0,0,0,0
5,0,0,0,0,0,0,0,0,0,0,0,0,0,0,0,0,0,0,0,0,0,0,0,0,0,0,0,0,0,0,0,0,0,0,0,0,0,0,0,0,0,0,0,0,0,0,0,0,0,0,0,0,0,0,0,0,0,0,0,0,0,0,0,0,0,0,0,0,0,0,0,0,0,0,0,0,0,0,0,0,0,0,0,0,0,0,0,0,0,0,0,0,0,0,0,0,0,0,0,0,0,0,0,0,0,0,0,0,0,0,0,0,0,0,0,0,0,0,0,0,0,0,58,137,137,137,137,228,211,85,1,0,0,0,0,0,0,0,0,0,0,0,0,0,0,0,0,25,36,133,197,254,254,254,254,254,254,254,5,0,0,0,0,0,0,0,0,0,0,0,0,0,0,0,25,228,254,254,254,204,224,201,173,83,83,83,2,0,0,0,0,0,0,0,0,0,0,0,0,0,0,0,36,254,254,254,254,13,29,0,0,0,0,0,0,0,0,0,0,0,0,0,0,0,0,0,0,0,0,0,7,47,202,254,254,11,0,0,0,0,0,0,0,0,0,0,0,0,0,0,0,0,0,0,0,0,0,0,0,0,190,254,209,7,61,108,135,226,226,226,165,108,88,0,0,0,0,0,0,0,0,0,0,0,0,0,0,0,190,254,200,183,250,254,254,254,254,254,254,254,252,244,111,1,0,0,0,0,0,0,0,0,0,0,0,31,226,254,254,254,254,251,231,231,231,231,231,231,246,254,254,102,0,0,0,0,0,0,0,0,0,0,0,54,254,254,254,234,146,79,0,0,0,0,0,0,84,243,254,170,3,0,0,0,0,0,0,0,0,0,0,42,239,254,229,44,0,0,0,0,0,0,0,0,0,102,254,254,101,0,0,0,0,0,0,0,0,0,0,0,44,115,34,0,0,0,0,0,0,0,0,0,0,66,254,254,135,0,0,0,0,0,0,0,0,0,0,0,0,0,0,0,0,0,0,0,0,0,0,0,0,66,254,254,135,0,0,0,0,0,0,0,0,0,0,0,0,0,0,0,0,0,0,0,0,0,0,0,0,174,254,254,83,0,0,0,0,0,0,0,0,7,12,4,0,0,0,0,0,0,0,0,0,0,0,0,25,220,254,155,1,0,0,0,0,0,0,0,0,137,254,97,0,0,0,0,0,0,0,0,0,0,0,0,62,254,254,139,0,0,0,0,0,0,0,0,0,115,254,236,78,9,0,0,0,0,0,0,0,0,0,42,224,254,239,29,0,0,0,0,0,0,0,0,0,5,151,254,254,155,66,65,0,0,0,0,0,0,126,225,254,254,86,0,0,0,0,0,0,0,0,0,0,0,25,189,254,254,254,253,202,128,84,84,128,202,254,254,239,86,11,0,0,0,0,0,0,0,0,0,0,0,0,8,124,189,254,254,254,254,254,254,254,254,254,181,29,0,0,0,0,0,0,0,0,0,0,0,0,0,0,0,0,6,17,20,135,211,255,254,255,202,75,7,0,0,0,0,0,0,0,0,0,0,0,0,0,0,0,0,0,0,0,0,0,0,0,0,0,0,0,0,0,0,0,0,0,0,0,0,0,0,0,0,0,0,0,0,0,0,0,0,0,0,0,0,0,0,0,0,0,0,0,0,0,0,0,0,0,0,0,0,0,0,0,0,0,0,0,0,0,0,0,0,0,0,0,0,0,0,0,0,0,0,0,0,0,0,0,0,0,0,0,0,0,0,0,0,0,0,0,0,0,0,0,0,0,0,0,0,0,0,0,0
6,0,0,0,0,0,0,0,0,0,0,0,0,0,0,0,0,0,0,0,0,0,0,0,0,0,0,0,0,0,0,0,0,0,0,0,0,0,0,0,0,0,0,0,0,0,0,0,0,0,0,0,0,0,0,0,0,0,0,0,0,0,0,0,0,0,0,0,0,0,0,0,0,0,0,0,0,0,0,0,0,0,0,0,0,0,0,0,0,0,0,0,0,0,0,0,0,67,255,254,246,0,0,0,0,0,0,0,0,0,0,0,0,0,0,0,0,0,0,0,0,0,0,0,10,184,253,253,245,11,0,0,0,0,0,0,0,0,0,0,0,0,0,0,0,0,0,0,0,0,0,21,187,253,253,253,253,154,0,0,0,0,0,0,0,0,0,0,0,0,0,0,0,0,0,0,0,0,0,71,253,253,253,253,252,134,0,0,0,0,0,0,0,0,0,0,0,0,0,0,0,0,0,0,0,0,61,233,253,253,253,213,126,0,0,0,0,0,0,0,0,0,0,0,0,0,0,0,0,0,0,0,0,28,233,253,253,253,253,139,0,0,0,0,0,0,0,0,0,0,0,0,0,0,0,0,0,0,0,0,0,124,253,253,253,253,167,3,0,0,14,139,139,68,0,0,0,0,0,0,0,0,0,0,0,0,0,0,28,211,253,253,253,193,9,0,45,129,232,253,253,241,192,28,0,0,0,0,0,0,0,0,0,0,0,0,107,253,253,253,253,87,0,51,222,253,253,253,253,253,253,106,0,0,0,0,0,0,0,0,0,0,0,17,249,253,253,253,118,22,83,244,253,253,253,253,253,253,253,153,5,0,0,0,0,0,0,0,0,0,0,17,253,253,253,219,37,72,253,253,253,253,252,170,114,253,253,253,15,0,0,0,0,0,0,0,0,0,0,17,253,253,253,203,55,239,253,253,253,214,139,45,224,253,253,253,15,0,0,0,0,0,0,0,0,0,0,33,253,253,253,98,139,253,253,253,252,139,19,128,253,253,253,142,4,0,0,0,0,0,0,0,0,0,0,180,253,253,253,226,191,253,253,253,245,45,218,253,253,253,227,58,0,0,0,0,0,0,0,0,0,0,0,154,253,253,253,253,253,253,253,253,251,224,253,253,253,253,169,0,0,0,0,0,0,0,0,0,0,0,0,17,253,253,253,253,253,253,253,253,253,253,253,253,253,184,16,0,0,0,0,0,0,0,0,0,0,0,0,17,253,253,253,253,253,253,253,253,253,253,253,227,169,16,0,0,0,0,0,0,0,0,0,0,0,0,0,17,253,253,253,253,253,253,253,253,253,253,238,58,0,0,0,0,0,0,0,0,0,0,0,0,0,0,0,1,15,152,253,253,253,253,253,229,179,116,14,0,0,0,0,0,0,0,0,0,0,0,0,0,0,0,0,0,0,12,89,121,162,89,89,60,0,0,0,0,0,0,0,0,0,0,0,0,0,0,0,0,0,0,0,0,0,0,0,0,0,0,0,0,0,0,0,0,0,0,0,0,0,0,0,0,0,0,0,0,0,0,0,0,0,0,0,0,0,0,0,0,0,0,0,0,0,0,0,0,0,0,0,0,0,0,0,0,0,0,0,0,0,0,0,0,0,0,0,0,0,0,0,0,0,0,0,0,0,0,0,0,0,0,0,0,0,0,0,0,0,0,0,0,0,0,0,0,0,0,0,0,0,0,0,0,0,0,0,0,0,0,0,0,0,0,0,0,0,0,0,0,0,0,0,0,0,0,0,0,0,0,0,0,0,0,0,0,0
1,0,0,0,0,0,0,0,0,0,0,0,0,0,0,0,0,0,0,0,0,0,0,0,0,0,0,0,0,0,0,0,0,0,0,0,0,0,0,0,0,0,0,0,0,0,0,0,0,0,0,0,0,0,0,0,0,0,0,0,0,0,0,0,0,0,0,0,0,0,0,0,0,0,0,0,0,0,0,0,0,0,0,0,0,0,0,0,0,0,0,0,0,0,0,0,0,0,0,0,0,0,0,0,0,0,0,0,0,0,0,0,0,0,0,0,0,0,0,0,0,0,0,0,0,0,0,0,0,0,0,0,55,237,134,0,0,0,0,0,0,0,0,0,0,0,0,0,0,0,0,0,0,0,0,0,0,0,0,0,155,254,85,0,0,0,0,0,0,0,0,0,0,0,0,0,0,0,0,0,0,0,0,0,0,0,0,35,243,246,45,0,0,0,0,0,0,0,0,0,0,0,0,0,0,0,0,0,0,0,0,0,0,0,3,194,254,171,0,0,0,0,0,0,0,0,0,0,0,0,0,0,0,0,0,0,0,0,0,0,0,0,80,254,210,28,0,0,0,0,0,0,0,0,0,0,0,0,0,0,0,0,0,0,0,0,0,0,0,0,163,254,147,0,0,0,0,0,0,0,0,0,0,0,0,0,0,0,0,0,0,0,0,0,0,0,0,59,237,254,81,0,0,0,0,0,0,0,0,0,0,0,0,0,0,0,0,0,0,0,0,0,0,0,61,204,254,159,1,0,0,0,0,0,0,0,0,0,0,0,0,0,0,0,0,0,0,0,0,0,0,11,206,254,200,13,0,0,0,0,0,0,0,0,0,0,0,0,0,0,0,0,0,0,0,0,0,0,11,188,254,204,60,0,0,0,0,0,0,0,0,0,0,0,0,0,0,0,0,0,0,0,0,0,0,0,182,255,238,56,0,0,0,0,0,0,0,0,0,0,0,0,0,0,0,0,0,0,0,0,0,0,0,114,250,254,56,0,0,0,0,0,0,0,0,0,0,0,0,0,0,0,0,0,0,0,0,0,0,0,39,249,253,139,0,0,0,0,0,0,0,0,0,0,0,0,0,0,0,0,0,0,0,0,0,0,0,13,229,254,134,0,0,0,0,0,0,0,0,0,0,0,0,0,0,0,0,0,0,0,0,0,0,0,9,167,254,204,17,0,0,0,0,0,0,0,0,0,0,0,0,0,0,0,0,0,0,0,0,0,0,0,97,254,254,26,0,0,0,0,0,0,0,0,0,0,0,0,0,0,0,0,0,0,0,0,0,0,0,54,248,254,162,3,0,0,0,0,0,0,0,0,0,0,0,0,0,0,0,0,0,0,0,0,0,0,0,166,254,179,3,0,0,0,0,0,0,0,0,0,0,0,0,0,0,0,0,0,0,0,0,0,0,0,9,241,254,140,0,0,0,0,0,0,0,0,0,0,0,0,0,0,0,0,0,0,0,0,0,0,0,0,6,187,201,54,0,0,0,0,0,0,0,0,0,0,0,0,0,0,0,0,0,0,0,0,0,0,0,0,0,0,0,0,0,0,0,0,0,0,0,0,0,0,0,0,0,0,0,0,0,0,0,0,0,0,0,0,0,0,0,0,0,0,0,0,0,0,0,0,0,0,0,0,0,0,0,0,0,0,0,0,0,0,0,0,0,0,0,0,0,0,0,0,0,0,0,0,0,0,0,0,0,0,0,0,0,0,0,0,0,0,0,0,0,0,0,0,0,0,0,0,0,0,0,0,0,0,0,0,0,0,0,0,0
8,0,0,0,0,0,0,0,0,0,0,0,0,0,0,0,0,0,0,0,0,0,0,0,0,0,0,0,0,0,0,0,0,0,0,0,0,0,0,0,0,0,0,0,0,0,0,0,0,0,0,0,0,0,0,0,0,0,0,0,0,0,0,0,0,0,0,0,0,0,0,0,0,0,0,0,0,0,0,0,0,0,0,0,0,0,0,0,0,0,0,0,0,0,0,0,0,0,0,0,0,0,0,0,0,0,0,0,0,0,0,0,0,0,0,0,0,0,0,0,0,0,0,0,0,0,0,0,0,0,0,0,0,0,0,0,0,0,0,0,0,0,0,0,0,0,0,0,0,0,0,0,0,0,0,6,13,134,133,191,133,133,133,31,0,0,0,0,0,0,0,0,0,0,0,0,0,0,0,0,0,0,126,192,253,254,253,253,253,253,253,217,21,0,0,0,0,0,0,0,0,0,0,0,0,0,0,0,0,71,240,253,253,218,147,96,96,96,216,253,36,0,0,0,0,0,0,0,0,0,0,0,0,0,0,0,49,238,253,180,84,0,0,0,0,12,205,173,12,0,0,0,0,0,0,0,0,0,0,0,0,0,0,0,73,253,253,58,0,0,0,0,0,18,72,14,0,0,0,0,0,0,0,0,0,0,0,0,0,0,0,0,73,253,253,24,0,0,0,11,73,73,165,72,0,0,0,0,0,0,0,0,0,0,0,0,0,0,0,0,73,253,253,101,85,92,206,213,253,253,253,128,0,0,0,0,0,0,0,0,0,0,0,0,0,0,0,0,73,253,253,253,253,255,253,253,188,156,122,7,0,0,0,0,0,0,0,0,0,0,0,0,0,0,0,27,150,253,253,253,253,145,75,24,8,0,0,0,0,0,0,0,0,0,0,0,0,0,0,0,0,0,24,211,253,253,253,253,137,0,0,0,0,0,0,0,0,0,0,0,0,0,0,0,0,0,0,0,0,2,174,254,251,242,253,255,132,0,0,0,0,0,0,0,0,0,0,0,0,0,0,0,0,0,0,0,0,37,253,247,106,0,218,253,132,0,0,0,0,0,0,0,0,0,0,0,0,0,0,0,0,0,0,0,0,37,253,193,0,0,218,253,132,0,0,0,0,0,0,0,0,0,0,0,0,0,0,0,0,0,0,0,0,37,253,233,40,0,218,253,132,0,0,0,0,0,0,0,0,0,0,0,0,0,0,0,0,0,0,0,0,37,253,253,146,0,218,253,132,0,0,0,0,0,0,0,0,0,0,0,0,0,0,0,0,0,0,0,0,9,189,253,180,66,245,253,98,0,0,0,0,0,0,0,0,0,0,0,0,0,0,0,0,0,0,0,0,0,129,253,205,199,253,164,3,0,0,0,0,0,0,0,0,0,0,0,0,0,0,0,0,0,0,0,0,0,30,226,253,253,253,144,0,0,0,0,0,0,0,0,0,0,0,0,0,0,0,0,0,0,0,0,0,0,0,182,253,253,211,25,0,0,0,0,0,0,0,0,0,0,0,0,0,0,0,0,0,0,0,0,0,0,0,37,225,213,24,0,0,0,0,0,0,0,0,0,0,0,0,0,0,0,0,0,0,0,0,0,0,0,0,0,0,0,0,0,0,0,0,0,0,0,0,0,0,0,0,0,0,0,0,0,0,0,0,0,0,0,0,0,0,0,0,0,0,0,0,0,0,0,0,0,0,0,0,0,0,0,0,0,0,0,0,0,0,0,0,0,0,0,0,0,0,0,0,0,0,0,0,0,0,0,0,0,0
5,0,0,0,0,0,0,0,0,0,0,0,0,0,0,0,0,0,0,0,0,0,0,0,0,0,0,0,0,0,0,0,0,0,0,0,0,0,0,0,0,0,0,0,0,0,0,0,0,0,0,0,0,0,0,0,0,0,0,0,0,0,0,0,0,0,0,0,0,0,0,0,0,0,0,0,0,0,0,0,0,0,0,0,0,0,0,0,0,0,0,0,0,0,0,0,0,0,0,0,0,0,0,0,0,0,0,0,0,0,0,0,0,0,0,0,0,0,0,0,0,0,0,0,0,0,0,0,0,0,0,0,0,0,0,0,0,0,0,0,0,0,0,0,0,0,0,0,0,0,0,0,0,0,0,0,25,11,39,69,148,166,253,253,145,0,0,0,0,0,0,0,0,0,0,0,0,0,0,0,100,190,190,146,227,205,247,252,252,253,252,252,189,0,0,0,0,0,0,0,0,0,0,0,0,0,0,22,221,252,252,252,253,252,252,252,252,232,231,169,16,0,0,0,0,0,0,0,0,0,0,0,0,0,0,139,252,252,252,252,243,189,189,162,84,0,0,0,0,0,0,0,0,0,0,0,0,0,0,0,0,0,0,253,252,252,155,42,35,0,0,0,0,0,0,0,0,0,0,0,0,0,0,0,0,0,0,0,0,0,62,255,253,188,0,0,0,0,0,0,0,0,0,0,0,0,0,0,0,0,0,0,0,0,0,0,0,22,199,253,252,247,190,102,85,21,0,0,0,0,0,0,0,0,0,0,0,0,0,0,0,0,0,0,11,202,252,253,252,252,252,252,253,237,179,101,4,0,0,0,0,0,0,0,0,0,0,0,0,0,0,0,16,231,252,253,252,252,252,252,253,252,252,252,138,0,0,0,0,0,0,0,0,0,0,0,0,0,0,0,0,169,252,253,173,50,42,42,104,182,252,252,252,0,0,0,0,0,0,0,0,0,0,0,0,0,0,0,0,27,150,107,27,0,0,0,0,0,154,253,253,62,0,0,0,0,0,0,0,0,0,0,0,0,0,0,0,0,0,0,0,0,0,0,0,0,101,252,252,106,0,0,0,0,0,0,0,0,0,0,0,0,0,0,0,0,0,0,0,0,0,0,0,0,127,252,252,97,0,0,0,0,0,0,0,0,0,0,0,0,0,0,0,0,0,0,0,0,0,0,0,0,153,252,252,0,0,0,0,0,0,0,0,0,0,0,0,0,0,80,9,0,0,0,0,0,0,0,0,116,249,252,164,0,0,0,0,0,0,0,0,0,0,0,0,0,0,191,144,0,0,0,0,0,0,0,61,227,253,216,18,0,0,0,0,0,0,0,0,0,0,0,0,0,0,190,247,99,0,0,0,0,0,71,253,252,252,153,0,0,0,0,0,0,0,0,0,0,0,0,0,0,0,51,233,247,144,66,22,31,153,249,253,252,128,7,0,0,0,0,0,0,0,0,0,0,0,0,0,0,0,0,51,231,252,253,252,252,252,252,243,110,7,0,0,0,0,0,0,0,0,0,0,0,0,0,0,0,0,0,0,28,129,253,252,252,252,164,35,0,0,0,0,0,0,0,0,0,0,0,0,0,0,0,0,0,0,0,0,0,0,0,0,0,0,0,0,0,0,0,0,0,0,0,0,0,0,0,0,0,0,0,0,0,0,0,0,0,0,0,0,0,0,0,0,0,0,0,0,0,0,0,0,0,0,0,0,0,0,0,0,0,0,0,0,0,0,0,0,0,0,0,0,0,0,0,0,0,0,0,0,0,0,0,0
1,0,0,0,0,0,0,0,0,0,0,0,0,0,0,0,0,0,0,0,0,0,0,0,0,0,0,0,0,0,0,0,0,0,0,0,0,0,0,0,0,0,0,0,0,0,0,0,0,0,0,0,0,0,0,0,0,0,0,0,0,0,0,0,0,0,0,0,0,0,0,0,0,0,0,0,0,0,0,0,0,0,0,0,0,0,0,0,0,0,0,0,0,0,0,0,0,0,0,0,0,0,0,0,0,0,0,0,0,0,0,0,0,0,0,0,0,0,0,0,0,0,0,0,0,0,0,0,0,0,0,0,0,0,0,0,0,0,0,0,0,0,0,0,0,0,0,0,0,0,0,0,0,0,0,29,241,76,0,0,0,0,0,0,0,0,0,0,0,0,0,0,0,0,0,0,0,0,0,0,0,0,0,44,254,133,0,0,0,0,0,0,0,0,0,0,0,0,0,0,0,0,0,0,0,0,0,0,0,0,0,69,254,133,0,0,0,0,0,0,0,0,0,0,0,0,0,0,0,0,0,0,0,0,0,0,0,0,0,130,254,133,0,0,0,0,0,0,0,0,0,0,0,0,0,0,0,0,0,0,0,0,0,0,0,0,0,130,254,53,0,0,0,0,0,0,0,0,0,0,0,0,0,0,0,0,0,0,0,0,0,0,0,0,0,130,232,20,0,0,0,0,0,0,0,0,0,0,0,0,0,0,0,0,0,0,0,0,0,0,0,0,0,130,215,0,0,0,0,0,0,0,0,0,0,0,0,0,0,0,0,0,0,0,0,0,0,0,0,0,0,130,139,0,0,0,0,0,0,0,0,0,0,0,0,0,0,0,0,0,0,0,0,0,0,0,0,0,0,146,129,0,0,0,0,0,0,0,0,0,0,0,0,0,0,0,0,0,0,0,0,0,0,0,0,0,0,216,129,0,0,0,0,0,0,0,0,0,0,0,0,0,0,0,0,0,0,0,0,0,0,0,0,0,0,216,129,0,0,0,0,0,0,0,0,0,0,0,0,0,0,0,0,0,0,0,0,0,0,0,0,0,0,216,59,0,0,0,0,0,0,0,0,0,0,0,0,0,0,0,0,0,0,0,0,0,0,0,0,0,0,157,83,0,0,0,0,0,0,0,0,0,0,0,0,0,0,0,0,0,0,0,0,0,0,0,0,0,0,216,129,0,0,0,0,0,0,0,0,0,0,0,0,0,0,0,0,0,0,0,0,0,0,0,0,0,21,233,129,0,0,0,0,0,0,0,0,0,0,0,0,0,0,0,0,0,0,0,0,0,0,0,0,0,48,254,129,0,0,0,0,0,0,0,0,0,0,0,0,0,0,0,0,0,0,0,0,0,0,0,0,0,112,254,129,0,0,0,0,0,0,0,0,0,0,0,0,0,0,0,0,0,0,0,0,0,0,0,0,0,134,254,129,0,0,0,0,0,0,0,0,0,0,0,0,0,0,0,0,0,0,0,0,0,0,0,0,0,104,254,69,0,0,0,0,0,0,0,0,0,0,0,0,0,0,0,0,0,0,0,0,0,0,0,0,0,48,210,29,0,0,0,0,0,0,0,0,0,0,0,0,0,0,0,0,0,0,0,0,0,0,0,0,0,0,0,0,0,0,0,0,0,0,0,0,0,0,0,0,0,0,0,0,0,0,0,0,0,0,0,0,0,0,0,0,0,0,0,0,0,0,0,0,0,0,0,0,0,0,0,0,0,0,0,0,0,0,0,0,0,0,0,0,0,0,0,0,0,0,0,0,0,0,0,0
7,0,0,0,0,0,0,0,0,0,0,0,0,0,0,0,0,0,0,0,0,0,0,0,0,0,0,0,0,0,0,0,0,0,0,0,0,0,0,0,0,0,0,0,0,0,0,0,0,0,0,0,0,0,0,0,0,0,0,0,0,0,0,0,0,0,0,0,0,0,0,0,0,0,0,0,0,0,0,0,0,0,0,0,0,0,0,0,0,0,0,0,0,0,0,0,0,0,0,0,0,0,0,0,0,0,0,0,0,0,0,0,0,0,0,0,0,0,0,0,0,0,0,0,0,0,0,0,0,0,0,0,0,0,0,0,0,0,0,0,0,0,0,0,0,0,0,0,0,0,0,0,0,0,0,0,0,0,0,0,0,0,0,0,0,0,0,0,0,0,0,0,0,0,0,0,0,0,0,0,0,0,0,0,0,70,195,96,0,0,0,0,0,0,0,0,0,0,0,0,0,0,0,0,0,0,0,0,0,0,0,0,2,178,254,153,0,0,0,0,0,0,0,0,0,0,0,0,57,84,0,0,0,0,0,0,0,0,0,0,45,254,254,153,0,0,0,0,0,0,0,0,0,0,0,0,104,218,60,9,0,0,0,0,0,0,0,0,128,254,246,83,0,0,0,0,0,0,0,0,0,0,0,0,16,169,254,222,217,160,121,54,25,30,121,137,247,254,170,0,0,0,0,0,0,0,0,0,0,0,0,0,0,0,93,209,254,254,254,254,254,254,254,254,254,254,120,0,0,0,0,0,0,0,0,0,0,0,0,0,0,0,0,5,9,46,53,106,106,106,106,53,147,254,120,0,0,0,0,0,0,0,0,0,0,0,0,0,0,0,0,0,0,0,0,0,0,0,0,0,107,254,120,0,0,0,0,0,0,0,0,0,0,0,0,0,0,0,0,0,0,0,0,0,0,0,0,0,107,254,120,0,0,0,0,0,0,0,0,0,0,0,0,0,0,0,0,0,0,0,0,0,0,0,0,0,107,254,120,0,0,0,0,0,0,0,0,0,0,0,0,0,0,0,0,0,0,0,0,0,0,0,0,0,28,254,126,0,0,0,0,0,0,0,0,0,0,0,0,0,0,0,0,0,0,0,0,0,0,0,0,0,10,254,216,0,0,0,0,0,0,0,0,0,0,0,0,0,0,0,0,0,0,0,0,0,0,0,0,0,1,175,216,0,0,0,0,0,0,0,0,0,0,0,0,0,0,0,0,0,0,0,0,0,0,0,0,0,0,169,216,0,0,0,0,0,0,0,0,0,0,0,0,0,0,0,0,0,0,0,0,0,0,0,0,0,0,169,227,17,0,0,0,0,0,0,0,0,0,0,0,0,0,0,0,0,0,0,0,0,0,0,0,0,0,154,255,72,0,0,0,0,0,0,0,0,0,0,0,0,0,0,0,0,0,0,0,0,0,0,0,0,0,73,254,228,27,12,0,0,0,0,0,0,0,0,0,0,0,0,0,0,0,0,0,0,0,0,0,0,0,26,240,253,188,29,0,0,0,0,0,0,0,0,0,0,0,0,0,0,0,0,0,0,0,0,0,0,0,0,219,254,254,29,0,0,0,0,0,0,0,0,0,0,0,0,0,0,0,0,0,0,0,0,0,0,0,0,63,254,229,18,0,0,0,0,0,0,0,0,0,0,0,0,0,0,0,0,0,0,0,0,0,0,0,0,0,0,0,0,0,0,0,0,0,0,0,0,0,0,0,0,0,0,0,0,0,0,0,0,0,0,0,0,0,0,0,0,0,0,0,0,0,0,0
9,0,0,0,0,0,0,0,0,0,0,0,0,0,0,0,0,0,0,0,0,0,0,0,0,0,0,0,0,0,0,0,0,0,0,0,0,0,0,0,0,0,0,0,0,0,0,0,0,0,0,0,0,0,0,0,0,0,0,0,0,0,0,0,0,0,0,0,0,0,0,0,0,0,0,0,0,0,0,0,0,0,0,0,0,0,0,0,0,0,0,0,0,0,0,0,0,0,0,0,0,0,0,0,0,0,0,0,0,0,0,0,0,0,0,0,0,0,0,0,0,0,0,0,0,0,0,0,0,0,0,0,0,0,0,0,0,0,0,0,0,0,0,0,0,0,0,0,0,0,0,0,0,0,9,38,3,9,167,255,227,25,0,0,0,0,0,0,0,0,0,0,0,0,0,0,0,0,0,0,0,5,160,253,95,138,253,245,197,43,0,0,0,0,0,0,0,0,0,0,0,0,0,0,0,0,0,4,89,215,253,251,75,168,253,226,9,101,0,0,0,0,0,0,0,0,0,0,0,0,0,0,0,0,26,215,253,251,187,65,0,168,253,226,0,109,0,0,0,0,0,0,0,0,0,0,0,0,0,0,0,61,219,253,253,122,0,0,7,195,253,145,21,88,0,0,0,0,0,0,0,0,0,0,0,0,0,0,26,208,253,251,77,3,0,0,22,253,253,131,200,89,0,0,0,0,0,0,0,0,0,0,0,0,0,0,151,253,251,120,0,0,0,0,89,253,253,212,241,35,0,0,0,0,0,0,0,0,0,0,0,0,0,5,230,253,243,0,0,0,0,0,167,253,253,244,125,0,0,0,0,0,0,0,0,0,0,0,0,0,0,6,247,253,248,58,4,0,0,6,239,253,253,173,0,0,0,0,0,0,0,0,0,0,0,0,0,0,0,0,151,253,253,253,183,162,162,195,253,253,233,47,0,0,0,0,0,0,0,0,0,0,0,0,0,0,0,0,51,191,253,253,253,253,253,253,253,253,156,0,0,0,0,0,0,0,0,0,0,0,0,0,0,0,0,0,0,5,20,124,207,178,124,180,253,253,206,6,0,0,0,0,0,0,0,0,0,0,0,0,0,0,0,0,0,0,0,0,0,0,0,200,253,253,253,10,0,0,0,0,0,0,0,0,0,0,0,0,0,0,0,0,0,0,0,0,0,0,0,200,253,253,132,2,0,0,0,0,0,0,0,0,0,0,0,0,0,0,0,0,0,0,0,0,0,0,53,251,253,253,48,3,21,0,0,0,0,0,0,0,0,0,0,0,0,0,0,0,0,0,0,0,0,0,55,253,253,253,48,83,188,0,0,0,0,0,0,0,0,0,0,0,0,0,0,0,0,0,0,0,0,0,55,253,253,253,219,241,66,0,0,0,0,0,0,0,0,0,0,0,0,0,0,0,0,0,0,0,0,0,55,253,253,253,253,152,0,0,0,0,0,0,0,0,0,0,0,0,0,0,0,0,0,0,0,0,0,0,55,253,253,253,185,3,0,0,0,0,0,0,0,0,0,0,0,0,0,0,0,0,0,0,0,0,0,0,8,162,253,228,44,0,0,0,0,0,0,0,0,0,0,0,0,0,0,0,0,0,0,0,0,0,0,0,0,0,0,0,0,0,0,0,0,0,0,0,0,0,0,0,0,0,0,0,0,0,0,0,0,0,0,0,0,0,0,0,0,0,0,0,0,0,0,0,0,0,0,0,0,0,0,0,0,0,0,0,0,0,0,0,0,0,0,0,0,0,0,0,0,0,0,0,0,0,0
4,0,0,0,0,0,0,0,0,0,0,0,0,0,0,0,0,0,0,0,0,0,0,0,0,0,0,0,0,0,0,0,0,0,0,0,0,0,0,0,0,0,0,0,0,0,0,0,0,0,0,0,0,0,0,0,0,0,0,0,0,0,0,0,0,0,0,0,0,0,0,0,0,0,0,0,0,0,0,0,0,0,0,0,0,0,0,0,0,0,0,0,0,0,0,0,0,0,0,0,0,0,0,0,0,0,0,0,0,0,0,0,0,0,0,0,0,0,0,0,0,0,0,0,0,0,0,0,0,0,0,0,0,0,0,0,0,0,0,0,0,0,0,0,0,89,222,253,23,0,0,0,0,0,0,0,0,0,0,0,0,0,0,0,0,0,0,0,0,0,0,0,15,219,252,235,18,0,0,0,0,0,0,0,0,0,0,0,0,0,0,0,0,0,0,0,0,0,0,0,108,252,252,160,0,0,0,0,0,0,0,0,0,0,0,0,0,0,0,0,0,0,0,0,0,0,0,0,138,252,252,160,0,0,0,0,0,0,0,0,0,0,0,0,0,0,0,0,0,0,0,0,0,0,0,0,138,252,252,202,11,0,0,0,0,0,0,0,0,0,0,0,74,199,188,11,0,0,0,0,0,0,0,0,76,253,253,253,23,0,0,0,0,0,0,0,0,0,0,0,162,253,253,23,0,0,0,0,0,0,0,0,9,194,252,252,117,22,0,0,0,0,0,0,0,0,0,0,161,252,252,22,0,0,0,0,0,0,0,0,0,65,234,252,252,153,25,0,0,0,0,0,0,0,0,0,161,252,252,22,0,0,0,0,0,0,0,0,0,0,65,236,252,253,202,93,17,0,0,0,0,0,0,104,236,252,252,22,0,0,0,0,0,0,0,0,0,0,0,61,242,253,252,252,234,178,116,42,85,157,230,253,252,252,252,22,0,0,0,0,0,0,0,0,0,0,0,0,53,179,234,253,253,253,255,253,253,253,253,244,253,253,253,23,0,0,0,0,0,0,0,0,0,0,0,0,0,0,17,92,92,143,207,214,218,164,92,65,252,252,252,22,0,0,0,0,0,0,0,0,0,0,0,0,0,0,0,0,0,0,0,13,19,0,0,24,252,252,252,22,0,0,0,0,0,0,0,0,0,0,0,0,0,0,0,0,0,0,0,0,0,0,0,24,252,252,252,22,0,0,0,0,0,0,0,0,0,0,0,0,0,0,0,0,0,0,0,0,0,0,0,24,252,252,252,22,0,0,0,0,0,0,0,0,0,0,0,0,0,0,0,0,0,0,0,0,0,0,0,24,253,253,253,23,0,0,0,0,0,0,0,0,0,0,0,0,0,0,0,0,0,0,0,0,0,0,0,19,236,252,252,22,0,0,0,0,0,0,0,0,0,0,0,0,0,0,0,0,0,0,0,0,0,0,0,0,161,252,252,22,0,0,0,0,0,0,0,0,0,0,0,0,0,0,0,0,0,0,0,0,0,0,0,0,161,252,252,22,0,0,0,0,0,0,0,0,0,0,0,0,0,0,0,0,0,0,0,0,0,0,0,0,57,252,252,22,0,0,0,0,0,0,0,0,0,0,0,0,0,0,0,0,0,0,0,0,0,0,0,0,0,0,0,0,0,0,0,0,0,0,0,0,0,0,0,0,0,0,0,0,0,0,0,0,0,0,0,0,0,0,0,0,0,0,0,0,0,0,0,0,0,0,0,0,0,0,0,0,0,0,0,0,0,0,0,0,0,0,0,0,0,0,0,0,0
6,0,0,0,0,0,0,0,0,0,0,0,0,0,0,0,0,0,0,0,0,0,0,0,0,0,0,0,0,0,0,0,0,0,0,0,0,0,0,0,0,0,0,0,0,0,0,0,0,0,0,0,0,0,0,0,0,0,0,0,0,0,0,0,0,0,0,0,36,170,109,0,0,0,0,0,0,0,0,0,0,0,0,0,0,0,0,0,0,0,0,0,0,0,0,5,178,252,87,0,0,0,0,0,0,0,0,0,0,0,0,0,0,0,0,0,0,0,0,0,0,0,0,108,252,252,98,0,0,0,0,0,0,0,0,0,0,0,0,0,0,0,0,0,0,0,0,0,0,0,0,233,252,227,29,0,0,0,0,0,0,0,0,0,0,0,0,0,0,0,0,0,0,0,0,0,0,0,53,253,252,130,0,0,0,0,0,0,0,0,0,0,0,0,0,0,0,0,0,0,0,0,0,0,0,9,233,255,228,32,0,0,0,0,0,0,0,0,0,0,0,0,0,0,0,0,0,0,0,0,0,0,0,93,252,253,185,0,0,0,0,0,0,0,0,0,0,0,0,0,0,0,0,0,0,0,0,0,0,0,0,124,252,253,92,0,0,0,0,0,0,0,0,0,0,0,0,0,0,0,0,0,0,0,0,0,0,0,0,207,252,245,58,0,0,0,0,0,0,0,0,0,0,0,0,0,0,0,0,0,0,0,0,0,0,0,64,248,252,230,0,0,0,0,0,74,116,116,116,0,0,0,0,0,0,0,0,0,0,0,0,0,0,0,70,253,253,116,0,0,9,76,149,253,253,253,253,11,0,0,0,0,0,0,0,0,0,0,0,0,0,0,70,252,252,116,0,34,174,252,253,252,252,252,252,193,17,0,0,0,0,0,0,0,0,0,0,0,0,0,19,219,252,146,66,234,252,252,253,240,183,240,252,253,92,0,0,0,0,0,0,0,0,0,0,0,0,0,0,207,252,249,236,252,252,210,46,37,0,80,202,253,202,25,0,0,0,0,0,0,0,0,0,0,0,0,0,103,252,253,252,252,116,12,0,0,0,0,220,253,252,69,0,0,0,0,0,0,0,0,0,0,0,0,0,43,241,255,253,222,25,0,0,0,7,108,253,255,196,0,0,0,0,0,0,0,0,0,0,0,0,0,0,0,209,253,252,252,135,47,47,120,186,252,252,253,92,0,0,0,0,0,0,0,0,0,0,0,0,0,0,0,32,169,252,252,252,252,253,252,252,252,252,122,25,0,0,0,0,0,0,0,0,0,0,0,0,0,0,0,0,36,219,252,252,252,253,252,252,218,160,0,0,0,0,0,0,0,0,0,0,0,0,0,0,0,0,0,0,0,36,137,137,189,253,178,54,14,0,0,0,0,0,0,0,0,0,0,0,0,0,0,0,0,0,0,0,0,0,0,0,0,0,0,0,0,0,0,0,0,0,0,0,0,0,0,0,0,0,0,0,0,0,0,0,0,0,0,0,0,0,0,0,0,0,0,0,0,0,0,0,0,0,0,0,0,0,0,0,0,0,0,0,0,0,0,0,0,0,0,0,0,0,0,0,0,0,0,0,0,0,0,0,0,0,0,0,0,0,0,0,0,0,0,0,0,0,0,0,0,0,0,0,0,0,0,0,0,0,0,0,0,0,0,0,0,0,0,0,0,0,0,0,0,0,0,0,0,0,0,0,0,0,0,0,0,0,0,0,0,0,0,0,0,0,0,0,0,0,0,0,0,0,0,0,0,0,0,0,0,0,0,0,0,0
2,0,0,0,0,0,0,0,0,0,0,0,0,0,0,0,0,0,0,0,0,0,0,0,0,0,0,0,0,0,0,0,0,0,0,0,0,0,0,0,0,0,0,0,0,0,0,0,0,0,0,0,0,0,0,0,0,0,0,0,0,0,0,0,0,0,0,0,0,0,0,0,0,0,0,0,0,0,0,0,0,0,0,0,0,0,0,0,0,0,0,0,0,0,0,0,0,0,0,0,0,0,0,0,0,0,0,0,0,0,0,0,0,0,0,0,0,0,0,0,0,0,0,0,0,0,0,0,0,0,0,0,0,0,0,0,0,0,0,0,0,0,0,0,0,0,0,0,0,0,0,0,41,72,193,214,172,152,152,41,0,0,0,0,0,0,0,0,0,0,0,0,0,0,0,0,0,21,102,203,243,253,252,253,252,253,252,243,40,0,0,0,0,0,0,0,0,0,0,0,0,0,21,72,193,254,253,254,233,142,102,102,102,163,223,254,151,0,0,0,0,0,0,0,0,0,0,0,0,0,183,253,252,253,171,91,30,0,0,0,0,0,102,253,232,0,0,0,0,0,0,0,0,0,0,0,0,132,253,224,122,41,0,0,0,0,0,0,0,0,102,254,253,0,0,0,0,0,0,0,0,0,0,0,123,253,212,20,0,0,0,0,0,0,0,0,0,0,102,253,252,0,0,0,0,0,0,0,0,0,0,0,183,254,131,0,0,0,0,0,0,0,0,0,0,0,102,254,253,0,0,0,0,0,0,0,0,0,0,0,20,151,30,0,0,0,0,0,0,0,0,0,0,0,102,253,252,0,0,0,0,0,0,0,0,0,0,0,0,0,0,0,0,0,0,0,0,0,0,0,0,0,203,254,233,0,0,0,0,0,0,0,0,0,0,0,0,0,0,0,0,0,0,0,0,0,0,0,0,41,243,253,111,0,0,0,0,0,0,0,0,0,0,0,0,0,0,0,0,0,0,0,0,0,0,0,0,152,253,203,0,0,0,0,0,0,0,0,0,0,0,0,0,0,0,0,0,0,0,0,0,0,0,0,82,233,252,122,0,0,0,0,0,0,0,0,0,0,0,0,0,0,0,0,0,0,0,0,0,0,0,51,233,254,131,0,0,0,0,0,0,0,0,0,0,0,0,0,0,0,0,0,0,0,0,0,0,0,0,233,252,213,10,0,0,0,0,0,0,0,0,0,0,0,0,0,0,0,0,0,0,0,0,0,0,11,173,254,233,41,0,0,0,0,0,0,0,0,0,0,0,0,0,0,0,0,0,0,0,0,0,0,0,173,252,253,70,0,0,0,0,0,0,0,0,0,0,0,0,0,0,0,0,0,0,0,0,0,0,0,123,254,253,142,0,0,0,0,0,0,0,0,0,0,0,0,0,0,0,0,0,0,0,0,0,0,0,41,243,253,252,203,102,163,203,203,203,163,0,0,0,0,0,0,0,0,0,0,0,0,0,0,0,0,0,0,123,254,253,254,253,254,253,255,253,183,0,0,0,0,0,0,0,0,0,0,0,0,0,0,0,0,0,0,0,50,50,112,151,253,252,192,151,20,0,0,0,0,0,0,0,0,0,0,0,0,0,0,0,0,0,0,0,0,0,0,0,0,0,0,0,0,0,0,0,0,0,0,0,0,0,0,0,0,0,0,0,0,0,0,0,0,0,0,0,0,0,0,0,0,0,0,0,0,0,0,0,0,0,0,0,0,0,0,0,0,0,0,0,0,0,0,0,0,0,0,0,0,0,0,0,0,0,0,0
2,0,0,0,0,0,0,0,0,0,0,0,0,0,0,0,0,0,0,0,0,0,0,0,0,0,0,0,0,0,0,0,0,0,0,0,0,0,0,0,0,0,0,0,0,0,0,0,0,0,0,0,0,0,0,0,0,0,0,0,0,0,0,0,0,0,0,0,0,0,0,0,0,0,0,0,0,0,0,0,0,0,0,0,0,0,0,0,0,0,0,0,0,14,149,254,254,254,235,111,5,0,0,0,0,0,0,0,0,0,0,0,0,0,0,0,0,0,0,0,0,177,253,253,253,253,253,253,110,0,0,0,0,0,0,0,0,0,0,0,0,0,0,0,0,0,0,0,0,128,197,82,44,44,44,199,235,0,0,0,0,0,0,0,0,0,0,0,0,0,0,0,0,0,0,0,0,0,5,0,0,0,0,82,253,0,0,0,0,0,0,0,0,0,0,0,0,0,0,0,0,0,0,0,0,0,0,0,0,0,0,78,253,0,0,0,0,0,0,0,0,0,0,0,0,0,0,0,0,0,0,0,0,0,0,0,0,0,0,78,253,0,0,0,0,0,0,0,0,0,0,0,0,0,0,0,0,0,0,0,0,0,0,0,0,0,0,78,253,0,0,0,0,0,0,0,0,0,0,0,0,0,0,0,0,0,0,0,0,0,0,0,0,0,0,145,253,0,0,0,0,0,0,0,0,0,0,0,0,0,0,0,0,0,0,0,0,0,0,0,0,0,14,208,253,0,0,0,0,0,0,0,0,0,0,0,0,0,0,0,0,0,0,0,0,0,0,0,0,0,45,253,205,0,0,0,0,0,0,0,0,0,0,0,0,0,0,0,0,0,0,0,0,0,0,0,0,0,155,254,143,0,0,0,0,0,0,0,0,0,0,0,0,0,0,0,0,0,0,0,0,0,0,0,0,0,155,253,66,0,0,0,0,0,0,0,0,0,0,0,0,0,0,0,0,0,0,0,0,0,0,0,0,10,237,223,20,0,0,0,0,0,0,0,0,0,0,0,0,0,0,0,0,0,0,0,0,0,0,0,0,175,253,176,0,0,0,0,0,0,0,0,0,0,0,0,0,0,0,0,0,0,0,0,0,0,0,0,20,237,244,90,0,0,0,0,0,0,0,0,0,0,0,0,0,0,0,0,0,0,0,0,0,0,0,0,175,253,170,0,0,0,0,35,89,89,137,141,117,0,0,0,0,0,0,0,0,0,0,0,0,0,0,56,249,253,173,122,122,233,232,241,253,253,253,253,204,0,0,0,0,0,0,0,0,0,0,0,0,0,33,219,253,253,253,253,253,255,253,236,199,99,99,195,39,0,0,0,0,0,0,0,0,0,0,0,0,0,133,253,253,253,206,176,176,66,66,40,0,0,0,0,0,0,0,0,0,0,0,0,0,0,0,0,0,0,133,253,166,42,13,0,0,0,0,0,0,0,0,0,0,0,0,0,0,0,0,0,0,0,0,0,0,0,0,0,0,0,0,0,0,0,0,0,0,0,0,0,0,0,0,0,0,0,0,0,0,0,0,0,0,0,0,0,0,0,0,0,0,0,0,0,0,0,0,0,0,0,0,0,0,0,0,0,0,0,0,0,0,0,0,0,0,0,0,0,0,0,0,0,0,0,0,0,0,0,0,0,0,0,0,0,0,0,0,0,0,0,0,0,0,0,0,0,0,0,0,0,0,0,0,0,0,0,0,0,0,0,0,0,0,0,0,0,0,0,0,0,0,0,0,0,0,0,0,0,0,0,0,0,0,0,0,0,0
5,0,0,0,0,0,0,0,0,0,0,0,0,0,0,0,0,0,0,0,0,0,0,0,0,0,0,0,0,0,0,0,0,0,0,0,0,0,0,0,0,0,0,0,0,0,0,0,0,0,0,0,0,0,0,0,0,0,0,0,0,0,0,0,0,0,0,0,0,0,0,0,0,0,0,0,0,0,0,0,0,0,0,0,0,0,0,0,0,0,0,0,0,0,0,0,0,0,0,0,0,0,0,0,0,0,0,0,0,0,0,0,0,0,0,0,0,0,0,0,0,0,0,0,0,0,0,0,0,0,0,0,0,0,0,0,0,0,0,0,0,0,0,0,0,0,0,0,0,0,0,0,0,0,0,0,0,0,25,56,105,155,234,40,0,0,0,0,0,0,0,0,0,0,0,0,0,0,0,0,0,0,8,30,111,173,230,254,254,254,254,147,0,0,0,0,0,0,0,0,0,0,0,0,0,143,165,165,165,165,234,254,254,254,254,254,254,254,254,138,0,0,0,0,0,0,0,0,0,0,0,0,0,220,254,254,254,254,254,254,246,234,149,134,46,35,35,9,0,0,0,0,0,0,0,0,0,0,0,0,0,220,232,128,152,179,103,80,47,0,0,0,0,0,0,0,0,0,0,0,0,0,0,0,0,0,0,0,34,238,179,0,0,0,0,0,0,0,0,0,0,0,0,0,0,0,0,0,0,0,0,0,0,0,0,0,66,254,146,0,0,0,0,0,0,0,0,0,0,0,0,0,0,0,0,0,0,0,0,0,0,0,0,0,82,254,80,0,0,0,0,0,0,0,0,0,0,0,0,0,0,0,0,0,0,0,0,0,0,0,0,0,165,254,80,0,0,0,0,0,0,0,0,0,0,0,0,0,0,0,0,0,0,0,0,0,0,0,0,0,145,254,222,162,250,235,150,150,110,19,0,0,0,0,0,0,0,0,0,0,0,0,0,0,0,0,0,0,64,254,254,254,254,254,254,254,254,224,160,37,0,0,0,0,0,0,0,0,0,0,0,0,0,0,0,0,0,129,194,194,161,95,95,95,135,194,222,228,66,0,0,0,0,0,0,0,0,0,0,0,0,0,0,0,0,0,0,0,0,0,0,0,0,0,64,210,241,40,0,0,0,0,0,0,0,0,0,0,0,0,0,0,0,0,0,0,0,0,0,0,0,0,0,51,246,196,6,0,0,0,0,0,0,0,0,0,0,0,0,0,0,0,0,0,0,0,0,0,0,0,0,7,228,254,20,0,0,0,0,0,0,0,0,0,0,0,0,0,0,0,0,0,0,0,0,0,0,0,0,102,254,254,20,0,0,0,0,0,0,0,0,0,0,0,0,0,0,0,0,0,26,36,36,36,36,36,165,248,254,243,17,0,0,0,0,0,0,0,0,0,0,0,0,0,0,8,159,190,237,254,254,254,254,254,254,254,246,113,0,0,0,0,0,0,0,0,0,0,0,0,0,0,0,17,227,250,254,254,254,254,254,254,252,209,111,0,0,0,0,0,0,0,0,0,0,0,0,0,0,0,0,0,22,61,154,154,154,154,154,194,106,0,0,0,0,0,0,0,0,0,0,0,0,0,0,0,0,0,0,0,0,0,0,0,0,0,0,0,0,0,0,0,0,0,0,0,0,0,0,0,0,0,0,0,0,0,0,0,0,0,0,0,0,0,0,0,0,0,0,0,0,0,0,0,0,0,0,0,0,0,0,0,0,0,0,0,0,0,0,0,0,0,0,0,0,0,0,0,0,0,0,0,0,0,0
0,0,0,0,0,0,0,0,0,0,0,0,0,0,0,0,0,0,0,0,0,0,0,0,0,0,0,0,0,0,0,0,0,0,0,0,0,0,0,0,0,0,0,0,0,0,0,0,0,0,0,0,0,0,0,0,0,0,0,0,0,0,0,0,0,0,0,0,0,0,0,0,0,0,0,0,0,0,0,0,0,0,0,0,0,0,0,0,0,0,0,0,0,0,0,0,0,0,0,0,0,0,0,0,0,0,0,0,0,0,0,0,0,0,0,0,0,0,0,0,0,0,0,0,0,0,0,0,0,0,0,0,0,0,0,0,0,0,0,0,0,0,0,0,0,0,0,0,0,0,0,0,0,0,3,108,232,255,229,105,18,0,0,0,0,0,0,0,0,0,0,0,0,0,0,0,0,0,0,0,0,0,128,253,253,253,253,253,205,25,0,0,0,0,0,0,0,0,0,0,0,0,0,0,0,0,0,0,0,42,242,252,124,32,32,120,249,175,0,0,0,0,0,0,0,0,0,0,0,0,0,0,0,0,0,0,30,230,251,120,0,0,0,0,179,227,26,0,0,0,0,0,0,0,0,0,0,0,0,0,0,0,0,4,160,253,202,0,0,0,0,0,135,253,43,0,0,0,0,0,0,0,0,0,0,0,0,0,0,0,0,62,253,253,32,0,0,0,0,0,135,253,43,0,0,0,0,0,0,0,0,0,0,0,0,0,0,0,0,140,253,200,8,0,0,0,0,0,135,253,43,0,0,0,0,0,0,0,0,0,0,0,0,0,0,0,28,236,237,64,0,0,0,0,0,0,135,231,28,0,0,0,0,0,0,0,0,0,0,0,0,0,0,0,134,253,205,0,0,0,0,0,0,0,188,188,0,0,0,0,0,0,0,0,0,0,0,0,0,0,0,0,189,253,135,0,0,0,0,0,0,63,250,188,0,0,0,0,0,0,0,0,0,0,0,0,0,0,0,16,213,245,21,0,0,0,0,0,0,183,253,104,0,0,0,0,0,0,0,0,0,0,0,0,0,0,0,44,253,141,0,0,0,0,0,0,6,210,172,5,0,0,0,0,0,0,0,0,0,0,0,0,0,0,0,116,253,134,0,0,0,0,0,0,86,253,119,0,0,0,0,0,0,0,0,0,0,0,0,0,0,0,0,64,253,222,0,0,0,0,0,0,168,253,119,0,0,0,0,0,0,0,0,0,0,0,0,0,0,0,0,44,253,243,0,0,0,0,0,45,250,201,9,0,0,0,0,0,0,0,0,0,0,0,0,0,0,0,0,33,237,243,0,0,0,0,52,242,253,128,0,0,0,0,0,0,0,0,0,0,0,0,0,0,0,0,0,0,145,247,40,0,0,90,245,253,160,8,0,0,0,0,0,0,0,0,0,0,0,0,0,0,0,0,0,0,82,253,230,58,93,252,253,158,2,0,0,0,0,0,0,0,0,0,0,0,0,0,0,0,0,0,0,0,24,205,253,253,253,238,143,5,0,0,0,0,0,0,0,0,0,0,0,0,0,0,0,0,0,0,0,0,0,22,145,228,193,30,0,0,0,0,0,0,0,0,0,0,0,0,0,0,0,0,0,0,0,0,0,0,0,0,0,0,0,0,0,0,0,0,0,0,0,0,0,0,0,0,0,0,0,0,0,0,0,0,0,0,0,0,0,0,0,0,0,0,0,0,0,0,0,0,0,0,0,0,0,0,0,0,0,0,0,0,0,0,0,0,0,0,0,0,0,0,0,0,0,0,0,0,0,0,0,0,0
6,0,0,0,0,0,0,0,0,0,0,0,0,0,0,0,0,0,0,0,0,0,0,0,0,0,0,0,0,0,0,0,0,0,0,0,0,0,0,0,0,0,0,0,0,0,0,0,0,0,0,0,0,0,0,0,0,0,0,0,0,0,0,0,0,0,0,0,55,232,27,0,0,0,0,0,0,0,0,0,0,0,0,0,0,0,0,0,0,0,0,0,0,0,0,0,87,228,22,0,0,0,0,0,0,0,0,0,0,0,0,0,0,0,0,0,0,0,0,0,0,0,0,0,87,201,0,0,0,0,0,0,0,0,0,0,0,0,0,0,0,0,0,0,0,0,0,0,0,0,0,15,225,201,0,0,0,0,0,0,0,0,0,0,0,0,0,0,0,0,0,0,0,0,0,0,0,0,0,25,254,192,0,0,0,0,0,0,0,0,0,0,0,0,0,0,0,0,0,0,0,0,0,0,0,0,0,94,254,73,0,0,0,0,0,48,51,0,0,0,0,0,0,0,0,0,0,0,0,0,0,0,0,0,0,121,222,6,0,0,11,127,184,251,247,123,5,0,0,0,0,0,0,0,0,0,0,0,0,0,0,0,0,201,248,9,0,0,172,239,241,220,179,248,184,0,0,0,0,0,0,0,0,0,0,0,0,0,0,0,0,217,168,0,0,58,250,157,85,6,0,137,216,0,0,0,0,0,0,0,0,0,0,0,0,0,0,0,128,253,168,0,30,180,254,101,67,0,0,18,235,73,0,0,0,0,0,0,0,0,0,0,0,0,0,0,136,254,168,0,122,254,168,153,0,0,0,46,246,153,0,0,0,0,0,0,0,0,0,0,0,0,0,0,220,254,103,37,241,254,145,0,0,0,0,73,254,153,0,0,0,0,0,0,0,0,0,0,0,0,0,0,198,232,6,70,254,254,28,0,0,0,0,89,233,33,0,0,0,0,0,0,0,0,0,0,0,0,0,0,227,230,0,77,254,189,3,0,0,0,85,237,212,0,0,0,0,0,0,0,0,0,0,0,0,0,0,0,181,230,0,149,254,172,0,0,0,93,204,254,128,0,0,0,0,0,0,0,0,0,0,0,0,0,0,0,236,230,0,149,255,185,10,45,164,244,253,176,3,0,0,0,0,0,0,0,0,0,0,0,0,0,0,0,154,249,58,115,254,254,211,254,254,237,149,22,0,0,0,0,0,0,0,0,0,0,0,0,0,0,0,0,93,254,224,251,254,254,254,254,208,155,35,0,0,0,0,0,0,0,0,0,0,0,0,0,0,0,0,0,7,172,254,255,242,255,114,65,9,0,0,0,0,0,0,0,0,0,0,0,0,0,0,0,0,0,0,0,0,30,200,178,46,158,9,0,0,0,0,0,0,0,0,0,0,0,0,0,0,0,0,0,0,0,0,0,0,0,0,0,0,0,0,0,0,0,0,0,0,0,0,0,0,0,0,0,0,0,0,0,0,0,0,0,0,0,0,0,0,0,0,0,0,0,0,0,0,0,0,0,0,0,0,0,0,0,0,0,0,0,0,0,0,0,0,0,0,0,0,0,0,0,0,0,0,0,0,0,0,0,0,0,0,0,0,0,0,0,0,0,0,0,0,0,0,0,0,0,0,0,0,0,0,0,0,0,0,0,0,0,0,0,0,0,0,0,0,0,0,0,0,0,0,0,0,0,0,0,0,0,0,0,0,0,0,0,0,0,0,0,0,0,0,0,0,0,0,0,0,0,0,0,0,0,0,0,0,0,0,0,0,0,0,0,0
5,0,0,0,0,0,0,0,0,0,0,0,0,0,0,0,0,0,0,0,0,0,0,0,0,0,0,0,0,0,0,0,0,0,0,0,0,0,0,0,0,0,0,0,0,0,0,0,0,0,0,0,0,0,0,0,0,0,0,0,0,0,0,0,0,0,0,0,0,0,0,0,0,0,0,0,0,0,0,0,0,0,0,0,0,0,0,0,0,0,0,0,0,0,0,0,0,0,0,0,0,0,0,0,0,0,0,0,0,0,0,0,0,0,0,0,0,0,0,0,0,0,0,0,0,0,0,0,0,0,0,0,0,0,0,0,0,0,0,0,0,0,0,0,0,0,0,0,51,132,152,71,152,152,92,92,173,253,254,253,62,0,0,0,0,0,0,0,0,0,0,0,0,0,0,82,253,252,253,252,253,252,253,252,253,252,192,151,61,0,0,0,0,0,0,0,0,0,0,0,0,0,0,142,254,233,102,102,102,102,102,102,41,0,0,0,0,0,0,0,0,0,0,0,0,0,0,0,0,0,0,102,253,232,0,0,0,0,0,0,0,0,0,0,0,0,0,0,0,0,0,0,0,0,0,0,0,0,0,0,234,253,62,0,0,0,0,0,0,0,0,0,0,0,0,0,0,0,0,0,0,0,0,0,0,0,0,0,71,252,142,0,0,0,0,0,0,0,0,0,0,0,0,0,0,0,0,0,0,0,0,0,0,0,0,0,72,253,102,0,0,0,0,0,0,0,0,0,0,0,0,0,0,0,0,0,0,0,0,0,0,0,0,0,152,252,162,102,102,102,102,102,0,0,0,0,0,0,0,0,0,0,0,0,0,0,0,0,0,0,0,0,152,253,254,253,254,253,254,253,234,112,21,0,0,0,0,0,0,0,0,0,0,0,0,0,0,0,0,0,152,252,71,151,50,50,71,151,253,252,203,20,0,0,0,0,0,0,0,0,0,0,0,0,0,0,0,0,21,61,0,0,0,0,0,0,21,183,254,213,82,0,0,0,0,0,0,0,0,0,0,0,0,0,0,0,0,0,0,0,0,0,0,0,0,0,131,252,243,122,0,0,0,0,0,0,0,0,0,0,0,0,0,0,0,0,0,0,0,0,0,0,0,0,0,82,234,253,132,10,0,0,0,0,0,0,0,0,0,0,0,0,0,0,0,0,0,0,0,0,0,0,0,0,51,232,253,91,0,0,0,0,0,0,0,0,0,0,0,0,0,0,0,0,0,0,0,0,0,0,0,0,0,0,254,253,0,0,0,0,0,0,0,0,0,0,0,0,0,0,0,82,0,0,0,0,0,0,0,0,0,0,131,252,82,0,0,0,0,0,0,0,0,0,0,0,0,0,214,253,0,0,0,0,0,0,0,0,0,0,0,203,102,0,0,0,0,0,0,0,0,0,0,0,0,0,253,252,142,102,41,0,0,0,0,0,0,41,163,243,102,0,0,0,0,0,0,0,0,0,0,0,0,0,82,243,254,253,254,253,234,152,152,152,214,253,255,172,0,0,0,0,0,0,0,0,0,0,0,0,0,0,0,40,71,151,151,151,151,232,253,252,192,151,50,10,0,0,0,0,0,0,0,0,0,0,0,0,0,0,0,0,0,0,0,0,0,0,0,0,0,0,0,0,0,0,0,0,0,0,0,0,0,0,0,0,0,0,0,0,0,0,0,0,0,0,0,0,0,0,0,0,0,0,0,0,0,0,0,0,0,0,0,0,0,0,0,0,0,0,0,0,0,0,0,0,0,0,0,0,0,0,0,0,0
6,0,0,0,0,0,0,0,0,0,0,0,0,0,0,0,0,0,0,0,0,0,0,0,0,0,0,0,0,0,0,0,0,0,0,0,0,0,0,0,0,0,0,0,0,0,0,0,0,0,0,0,0,0,0,0,0,0,0,0,0,0,0,0,0,0,0,0,0,0,0,0,0,0,0,0,0,0,0,0,0,0,0,0,0,0,0,0,0,0,0,0,0,0,0,0,0,0,0,21,254,253,62,0,0,0,0,0,0,0,0,0,0,0,0,0,0,0,0,0,0,0,0,0,0,0,82,223,253,252,102,0,0,0,0,0,0,0,0,0,0,0,0,0,0,0,0,0,0,0,0,0,0,123,254,233,193,253,0,0,0,0,0,0,0,0,0,0,0,0,0,0,0,0,0,0,0,0,0,0,21,223,233,50,71,212,0,0,0,0,0,0,0,0,0,0,0,0,0,0,0,0,0,0,0,0,0,0,152,253,142,0,152,91,0,0,0,0,0,0,0,0,0,0,0,0,0,0,0,0,0,0,0,0,0,0,112,252,61,0,51,71,0,0,0,0,0,0,0,0,0,0,0,0,0,0,0,0,0,0,0,0,0,0,254,253,0,0,0,0,0,0,0,0,0,0,0,0,0,0,0,0,0,0,0,0,0,0,0,0,0,82,253,212,0,0,0,0,0,0,0,0,0,0,0,0,0,0,0,0,0,0,0,0,0,0,0,0,0,102,254,131,0,0,0,0,0,0,0,0,0,0,0,0,0,0,0,0,0,0,0,0,0,0,0,0,0,142,253,50,0,0,0,0,0,0,0,0,0,0,0,0,0,0,0,0,0,0,0,0,0,0,0,0,0,203,224,20,51,51,51,51,0,0,0,0,0,0,0,0,0,0,0,0,0,0,0,0,0,0,0,0,21,223,243,203,253,252,253,252,203,122,0,0,0,0,0,0,0,0,0,0,0,0,0,0,0,0,0,0,11,213,254,233,82,82,102,142,234,253,163,0,0,0,0,0,0,0,0,0,0,0,0,0,0,0,0,0,132,252,253,151,0,0,0,0,71,252,243,40,0,0,0,0,0,0,0,0,0,0,0,0,0,0,0,0,152,253,254,213,0,0,0,0,0,183,254,50,0,0,0,0,0,0,0,0,0,0,0,0,0,0,0,0,30,172,253,252,123,0,0,0,0,102,253,50,0,0,0,0,0,0,0,0,0,0,0,0,0,0,0,0,0,0,173,253,255,71,0,0,11,173,255,50,0,0,0,0,0,0,0,0,0,0,0,0,0,0,0,0,0,0,31,232,253,232,82,0,92,252,233,30,0,0,0,0,0,0,0,0,0,0,0,0,0,0,0,0,0,0,0,41,234,253,255,253,255,253,123,0,0,0,0,0,0,0,0,0,0,0,0,0,0,0,0,0,0,0,0,0,30,131,213,212,151,70,0,0,0,0,0,0,0,0,0,0,0,0,0,0,0,0,0,0,0,0,0,0,0,0,0,0,0,0,0,0,0,0,0,0,0,0,0,0,0,0,0,0,0,0,0,0,0,0,0,0,0,0,0,0,0,0,0,0,0,0,0,0,0,0,0,0,0,0,0,0,0,0,0,0,0,0,0,0,0,0,0,0,0,0,0,0,0,0,0,0,0,0,0,0,0,0,0,0,0,0,0,0,0,0,0,0,0,0,0,0,0,0,0,0,0,0,0,0,0,0,0,0,0,0,0,0,0,0,0,0,0,0,0,0,0,0,0,0,0,0,0,0,0,0,0,0,0,0,0
3,0,0,0,0,0,0,0,0,0,0,0,0,0,0,0,0,0,0,0,0,0,0,0,0,0,0,0,0,0,0,0,0,0,0,0,0,0,0,0,0,0,0,0,0,0,0,0,0,0,0,0,0,0,0,0,0,0,0,0,0,0,0,0,0,0,0,0,0,0,0,0,0,0,0,0,0,0,0,0,0,0,0,0,0,0,0,0,0,0,0,0,0,0,0,0,0,0,0,0,0,0,0,0,0,0,0,0,0,0,0,0,0,0,0,0,0,0,0,0,0,0,0,0,0,0,0,0,0,0,0,0,0,0,0,0,0,0,0,0,0,0,0,0,0,0,0,0,0,0,0,58,225,201,156,157,156,89,50,0,0,0,0,0,0,0,0,0,0,0,0,0,0,0,0,0,0,0,5,217,234,181,136,197,234,234,246,177,54,0,0,0,0,0,0,0,0,0,0,0,0,0,0,0,0,0,59,135,0,0,0,0,0,0,87,236,237,95,0,0,0,0,0,0,0,0,0,0,0,0,0,0,0,0,5,3,0,0,0,0,0,0,0,53,217,189,0,0,0,0,0,0,0,0,0,0,0,0,0,0,0,0,0,0,0,0,0,0,0,0,0,114,254,196,0,0,0,0,0,0,0,0,0,0,0,0,0,0,0,0,0,0,0,0,0,0,5,59,202,255,196,53,0,0,0,0,0,0,0,0,0,0,0,0,0,0,0,0,0,10,20,20,20,119,203,254,243,121,15,0,0,0,0,0,0,0,0,0,0,0,0,0,0,0,0,0,72,212,254,254,254,254,254,254,212,71,0,0,0,0,0,0,0,0,0,0,0,0,0,0,0,0,0,0,73,200,214,124,117,19,19,87,190,246,107,0,0,0,0,0,0,0,0,0,0,0,0,0,0,0,0,0,0,0,0,0,0,0,0,0,47,231,196,0,0,0,0,0,0,0,0,0,0,0,0,0,0,0,0,0,0,0,0,0,0,0,0,0,0,99,210,9,0,0,0,0,0,0,0,0,0,0,0,0,0,0,0,0,0,0,0,0,0,0,0,0,0,99,250,36,0,0,0,0,0,0,0,0,0,0,0,0,0,0,0,0,0,0,0,0,0,0,0,0,13,184,196,0,0,0,0,0,0,0,0,0,0,0,0,0,0,0,0,0,69,0,0,0,0,0,0,0,145,254,128,0,0,0,0,0,0,0,0,0,0,0,0,0,0,0,16,173,158,0,0,0,0,0,0,99,249,178,0,0,0,0,0,0,0,0,0,0,0,0,0,0,0,0,236,255,76,0,0,0,0,0,140,254,147,23,0,0,0,0,0,0,0,0,0,0,0,0,0,0,0,0,235,254,0,0,0,0,0,140,246,135,3,0,0,0,0,0,0,0,0,0,0,0,0,0,0,0,0,0,235,254,0,0,0,13,154,254,135,0,0,0,0,0,0,0,0,0,0,0,0,0,0,0,0,0,0,0,92,254,78,123,167,238,254,155,18,0,0,0,0,0,0,0,0,0,0,0,0,0,0,0,0,0,0,0,9,209,254,254,223,155,81,0,0,0,0,0,0,0,0,0,0,0,0,0,0,0,0,0,0,0,0,0,0,0,0,0,0,0,0,0,0,0,0,0,0,0,0,0,0,0,0,0,0,0,0,0,0,0,0,0,0,0,0,0,0,0,0,0,0,0,0,0,0,0,0,0,0,0,0,0,0,0,0,0,0,0,0,0,0,0,0,0,0,0,0,0,0,0,0,0,0,0,0,0,0,0,0,0,0
7,0,0,0,0,0,0,0,0,0,0,0,0,0,0,0,0,0,0,0,0,0,0,0,0,0,0,0,0,0,0,0,0,0,0,0,0,0,0,0,0,0,0,0,0,0,0,0,0,0,0,0,0,0,0,0,0,0,0,0,0,0,0,0,0,0,0,0,0,0,0,0,0,0,0,0,0,0,0,0,0,0,0,0,0,0,0,0,0,0,0,0,0,0,0,0,0,0,0,0,0,0,0,0,0,0,0,0,0,0,0,0,0,0,0,0,0,0,0,0,0,0,0,0,0,0,0,0,0,0,0,0,0,0,0,0,0,0,0,0,0,0,0,0,0,0,0,0,0,0,0,0,0,0,0,0,0,0,0,0,0,0,0,0,0,0,0,0,0,0,0,0,0,0,0,0,0,0,0,0,0,0,0,0,0,0,0,0,0,0,0,0,0,0,0,0,0,0,0,0,0,0,128,128,128,255,255,255,255,255,255,255,255,255,128,0,0,0,0,0,0,0,0,0,0,0,0,0,0,0,255,255,255,255,255,255,255,255,255,255,255,255,255,64,0,0,0,0,0,0,0,0,0,0,0,0,0,0,64,128,64,0,0,0,0,0,0,0,64,255,255,128,0,0,0,0,0,0,0,0,0,0,0,0,0,0,0,0,0,0,0,0,0,0,0,0,64,255,255,128,0,0,0,0,0,0,0,0,0,0,0,0,0,0,0,0,0,0,0,0,0,0,0,0,128,255,255,128,0,0,0,0,0,0,0,0,0,0,0,0,0,0,0,0,0,0,0,0,0,0,0,0,128,255,255,128,0,0,0,0,0,0,0,0,0,0,0,0,0,0,0,0,0,0,0,0,0,0,0,0,128,255,255,128,0,0,0,0,0,0,0,0,0,0,0,0,0,0,0,0,0,0,0,0,0,0,0,0,128,255,255,128,0,0,0,0,0,0,0,0,0,0,0,0,0,0,0,0,0,0,0,0,0,0,0,0,128,255,255,128,0,0,0,0,0,0,0,0,0,0,0,0,0,0,0,0,0,0,0,0,0,0,0,0,128,255,255,0,0,0,0,0,0,0,0,0,0,0,0,0,0,0,0,0,0,0,0,0,0,0,0,0,191,255,255,0,0,0,0,0,0,0,0,0,0,0,0,0,0,0,0,0,0,0,0,0,0,0,0,0,255,255,255,0,0,0,0,0,0,0,0,0,0,0,0,0,0,0,0,0,0,0,0,0,0,0,0,0,255,255,128,0,0,0,0,0,0,0,0,0,0,0,0,0,0,0,0,0,0,0,0,0,0,0,0,0,255,255,128,0,0,0,0,0,0,0,0,0,0,0,0,0,0,0,0,0,0,0,0,0,0,0,0,0,255,255,128,0,0,0,0,0,0,0,0,0,0,0,0,0,0,0,0,0,0,0,0,0,0,0,0,64,255,255,128,0,0,0,0,0,0,0,0,0,0,0,0,0,0,0,0,0,0,0,0,0,0,0,0,128,255,255,191,0,0,0,0,0,0,0,0,0,0,0,0,0,0,0,0,0,0,0,0,0,0,0,0,0,255,255,255,64,0,0,0,0,0,0,0,0,0,0,0,0,0,0,0,0,0,0,0,0,0,0,0,0,255,255,255,128,0,0,0,0,0,0,0,0,0,0,0,0,0,0,0,0,0,0,0,0,0,0,0,0,191,255,128,0,0,0,0,0,0,0,0,0,0,0,0,0,0,0,0,0,0,0,0,0,0,0,0,0,0,0,0,0,0,0,0,0,0,0,0,0,0
2,0,0,0,0,0,0,0,0,0,0,0,0,0,0,0,0,0,0,0,0,0,0,0,0,0,0,0,0,0,0,0,0,0,0,0,0,0,0,0,0,0,0,0,0,0,0,0,0,0,0,0,0,0,0,0,0,0,0,0,0,0,0,0,0,0,0,0,0,0,0,0,0,0,0,0,0,0,0,0,0,0,0,0,0,0,0,0,0,0,0,0,15,24,15,0,0,0,0,0,0,0,0,0,0,0,0,0,0,0,0,0,0,0,0,0,0,0,0,162,219,252,219,161,100,47,13,0,0,0,0,0,0,0,0,0,0,0,0,0,0,0,0,0,0,0,0,253,252,252,252,252,253,252,202,90,7,0,0,0,0,0,0,0,0,0,0,0,0,0,0,0,0,0,0,109,160,160,160,160,253,252,252,252,158,43,0,0,0,0,0,0,0,0,0,0,0,0,0,0,0,0,0,0,0,0,0,0,86,158,252,252,252,220,0,0,0,0,0,0,0,0,0,0,0,0,0,0,0,0,0,0,0,0,0,0,0,0,32,229,253,231,0,0,0,0,0,0,0,0,0,0,0,0,0,0,0,0,0,0,0,0,0,0,0,0,0,207,252,230,0,0,0,0,0,0,0,0,0,0,0,0,0,0,0,0,0,0,0,0,0,0,0,0,83,240,252,230,0,0,0,0,0,0,0,0,0,0,0,0,0,0,0,0,0,0,0,0,0,0,0,38,240,252,252,135,0,0,0,0,0,0,0,0,0,0,0,0,0,0,0,0,0,0,0,0,0,0,0,47,252,252,252,11,0,0,0,0,0,0,0,0,0,0,0,0,0,0,0,0,0,0,0,0,0,0,3,170,253,253,137,0,0,0,0,0,0,0,0,0,0,0,0,0,0,0,0,0,0,0,0,0,0,0,97,252,252,252,64,0,0,0,0,0,0,0,0,0,0,0,0,0,0,0,0,0,0,0,0,0,0,0,222,252,252,153,6,0,0,0,0,0,0,0,0,0,0,0,0,0,0,0,0,0,0,0,0,0,0,136,253,252,227,29,0,0,0,0,0,0,0,0,0,0,0,0,0,0,0,0,0,0,0,0,0,0,0,230,253,252,79,0,0,0,0,32,116,116,179,230,230,230,178,0,0,0,0,0,0,0,0,0,0,0,62,243,255,253,86,118,138,255,253,253,253,253,255,253,253,234,73,0,0,0,0,0,0,0,0,0,0,13,215,252,253,252,252,252,252,253,252,252,252,210,207,185,92,17,0,0,0,0,0,0,0,0,0,0,0,70,252,252,253,252,252,252,252,253,208,100,69,6,0,0,0,0,0,0,0,0,0,0,0,0,0,0,0,44,236,252,253,193,128,45,45,46,17,0,0,0,0,0,0,0,0,0,0,0,0,0,0,0,0,0,0,0,19,22,23,8,0,0,0,0,0,0,0,0,0,0,0,0,0,0,0,0,0,0,0,0,0,0,0,0,0,0,0,0,0,0,0,0,0,0,0,0,0,0,0,0,0,0,0,0,0,0,0,0,0,0,0,0,0,0,0,0,0,0,0,0,0,0,0,0,0,0,0,0,0,0,0,0,0,0,0,0,0,0,0,0,0,0,0,0,0,0,0,0,0,0,0,0,0,0,0,0,0,0,0,0,0,0,0,0,0,0,0,0,0,0,0,0,0,0,0,0,0,0,0,0,0,0,0,0,0,0,0,0,0,0,0,0,0,0,0,0,0,0,0,0,0,0,0,0,0,0,0,0,0,0,0,0,0,0,0
0,0,0,0,0,0,0,0,0,0,0,0,0,0,0,0,0,0,0,0,0,0,0,0,0,0,0,0,0,0,0,0,0,0,0,0,0,0,0,0,0,0,0,0,0,0,0,0,0,0,0,0,0,0,0,0,0,0,0,0,0,0,0,0,0,0,0,0,0,0,0,0,0,0,0,0,0,0,0,0,0,0,0,0,0,0,0,0,0,0,0,0,0,0,0,0,0,0,0,0,0,0,0,0,0,0,0,0,0,0,0,0,0,0,0,0,0,0,0,0,36,118,210,255,183,67,0,0,0,0,0,0,0,0,0,0,0,0,0,0,0,0,0,0,0,0,0,0,203,253,253,195,206,245,185,71,0,0,0,0,0,0,0,0,0,0,0,0,0,0,0,0,0,0,0,0,213,253,183,17,21,100,245,242,113,27,0,0,0,0,0,0,0,0,0,0,0,0,0,0,0,0,0,74,244,211,20,0,0,0,123,253,253,199,24,0,0,0,0,0,0,0,0,0,0,0,0,0,0,0,0,97,253,198,0,0,0,0,29,193,244,253,207,105,2,0,0,0,0,0,0,0,0,0,0,0,0,0,0,97,253,190,0,0,0,0,0,0,75,191,240,253,101,2,0,0,0,0,0,0,0,0,0,0,0,0,0,97,253,61,0,0,0,0,0,0,0,0,4,186,253,34,0,0,0,0,0,0,0,0,0,0,0,0,0,97,253,61,0,0,0,0,0,0,0,0,0,3,241,203,24,0,0,0,0,0,0,0,0,0,0,0,0,97,253,61,0,0,0,0,0,0,0,0,0,0,25,223,177,0,0,0,0,0,0,0,0,0,0,0,0,97,253,61,0,0,0,0,0,0,0,0,0,0,0,183,242,61,0,0,0,0,0,0,0,0,0,0,0,97,253,61,0,0,0,0,0,0,0,0,0,0,0,83,253,175,0,0,0,0,0,0,0,0,0,0,0,97,253,61,0,0,0,0,0,0,0,0,0,0,0,29,218,212,0,0,0,0,0,0,0,0,0,0,0,42,230,139,0,0,0,0,0,0,0,0,0,0,0,0,199,213,3,0,0,0,0,0,0,0,0,0,0,0,213,198,0,0,0,0,0,0,0,0,0,0,0,41,226,253,96,0,0,0,0,0,0,0,0,0,0,0,213,198,0,0,0,0,0,0,0,0,0,0,0,138,253,180,57,0,0,0,0,0,0,0,0,0,0,0,168,246,116,0,0,0,0,0,0,0,0,0,90,249,233,51,0,0,0,0,0,0,0,0,0,0,0,0,17,205,246,115,0,0,0,0,0,0,0,31,140,253,157,0,0,0,0,0,0,0,0,0,0,0,0,0,0,57,173,249,109,42,5,0,0,5,46,215,253,240,45,0,0,0,0,0,0,0,0,0,0,0,0,0,0,0,13,177,243,253,168,158,158,168,253,253,233,83,0,0,0,0,0,0,0,0,0,0,0,0,0,0,0,0,0,0,60,116,164,253,253,253,249,116,6,0,0,0,0,0,0,0,0,0,0,0,0,0,0,0,0,0,0,0,0,0,0,0,0,0,0,0,0,0,0,0,0,0,0,0,0,0,0,0,0,0,0,0,0,0,0,0,0,0,0,0,0,0,0,0,0,0,0,0,0,0,0,0,0,0,0,0,0,0,0,0,0,0,0,0,0,0,0,0,0,0,0,0,0,0,0,0,0,0,0,0,0,0,0,0,0,0,0,0,0,0,0,0,0,0,0,0,0,0,0,0,0,0,0,0,0,0,0,0,0
8,0,0,0,0,0,0,0,0,0,0,0,0,0,0,0,0,0,0,0,0,0,0,0,0,0,0,0,0,0,0,0,0,0,0,0,0,0,0,0,0,0,0,0,0,0,0,0,0,0,0,0,0,0,0,0,0,0,0,0,0,0,0,0,0,0,0,0,0,0,0,0,0,0,0,0,0,0,0,0,0,0,0,0,0,0,0,0,0,0,0,0,0,0,0,0,0,0,0,0,0,0,0,0,0,0,0,0,0,0,0,0,0,0,0,0,0,0,0,0,0,0,0,0,0,0,0,0,0,0,0,0,0,0,0,0,0,0,0,0,0,0,0,0,0,0,0,0,0,0,0,0,0,29,175,254,253,253,253,122,0,0,0,0,0,0,0,0,0,0,0,0,0,0,0,0,0,0,0,0,8,197,252,253,252,252,252,252,159,0,0,0,0,0,0,0,0,0,0,0,0,0,0,0,0,0,39,127,226,252,252,250,238,252,252,252,232,32,0,0,0,0,0,0,0,0,0,0,0,0,0,0,0,71,253,252,252,236,189,115,28,239,252,252,253,63,0,0,0,0,0,0,0,0,0,0,0,0,0,0,27,211,253,252,155,111,0,0,116,249,252,164,218,11,0,0,0,0,0,0,0,0,0,0,0,0,0,0,126,253,254,151,0,0,0,8,201,253,216,18,0,0,0,0,0,0,0,0,0,0,0,0,0,0,0,0,169,252,186,16,0,0,0,78,252,210,82,0,0,0,0,0,0,0,0,0,0,0,0,0,0,0,0,0,169,252,158,0,0,0,54,245,252,233,42,0,0,0,0,0,0,0,0,0,0,0,0,0,0,0,0,0,99,252,239,133,6,0,132,253,196,172,28,0,0,0,0,0,0,0,0,0,0,0,0,0,0,0,0,0,11,174,253,252,152,98,246,253,168,0,0,0,0,0,0,0,0,0,0,0,0,0,0,0,0,0,0,0,0,0,124,243,253,253,253,230,27,0,0,0,0,0,0,0,0,0,0,0,0,0,0,0,0,0,0,0,0,0,0,48,237,252,252,211,0,0,0,0,0,0,0,0,0,0,0,0,0,0,0,0,0,0,0,0,0,0,0,8,234,252,252,250,197,135,161,74,0,0,0,0,0,0,0,0,0,0,0,0,0,0,0,0,0,0,0,112,252,252,199,200,252,252,182,113,27,0,0,0,0,0,0,0,0,0,0,0,0,0,0,0,0,0,36,242,252,112,7,7,86,138,217,252,150,0,0,0,0,0,0,0,0,0,0,0,0,0,0,0,0,0,43,253,250,70,0,0,0,0,27,150,255,125,0,0,0,0,0,0,0,0,0,0,0,0,0,0,0,0,43,252,231,0,0,0,0,0,0,36,253,168,0,0,0,0,0,0,0,0,0,0,0,0,0,0,0,0,139,252,233,22,13,0,16,31,153,241,250,119,0,0,0,0,0,0,0,0,0,0,0,0,0,0,0,0,78,252,252,252,217,169,232,252,252,252,185,35,0,0,0,0,0,0,0,0,0,0,0,0,0,0,0,0,25,182,199,191,147,191,226,199,147,103,18,0,0,0,0,0,0,0,0,0,0,0,0,0,0,0,0,0,0,0,0,0,0,0,0,0,0,0,0,0,0,0,0,0,0,0,0,0,0,0,0,0,0,0,0,0,0,0,0,0,0,0,0,0,0,0,0,0,0,0,0,0,0,0,0,0,0,0,0,0,0,0,0,0,0,0,0,0,0,0,0,0,0,0,0,0,0,0,0,0,0,0,0
8,0,0,0,0,0,0,0,0,0,0,0,0,0,0,0,0,0,0,0,0,0,0,0,0,0,0,0,0,0,0,0,0,0,0,0,0,0,0,0,0,0,0,0,0,0,0,0,0,0,0,0,0,0,0,0,0,0,0,0,0,0,0,0,0,0,0,0,0,0,0,0,0,0,0,0,0,0,0,0,0,0,0,0,0,0,0,0,0,0,0,0,0,0,0,0,0,0,0,0,0,0,0,0,0,0,0,0,0,0,0,0,0,0,0,0,0,0,0,0,0,0,0,0,0,0,0,0,0,0,0,0,0,0,0,0,0,0,0,0,0,0,0,0,0,0,0,0,0,0,0,0,53,132,234,155,80,0,0,0,0,0,0,0,0,0,0,0,0,0,0,0,0,0,0,0,0,0,6,84,247,247,246,254,244,204,41,0,0,0,0,0,0,0,0,0,0,0,0,0,0,0,0,0,0,20,201,254,254,60,18,90,168,254,230,45,0,0,0,0,0,0,0,0,0,0,0,0,0,0,0,0,0,76,254,214,111,55,0,0,9,127,254,218,6,0,0,0,0,0,0,0,0,0,0,0,0,0,0,0,0,76,254,169,0,0,0,0,0,11,230,254,75,0,0,0,0,0,0,0,0,0,0,0,0,0,0,0,0,67,252,179,2,0,0,0,0,0,170,254,75,0,0,0,0,0,0,0,0,0,0,0,0,0,0,0,0,0,230,254,48,0,0,0,0,0,170,254,75,0,0,0,0,0,0,0,0,0,0,0,0,0,0,0,0,0,81,254,231,104,1,0,0,31,250,254,75,0,0,0,0,0,0,0,0,0,0,0,0,0,0,0,0,0,7,164,254,255,137,56,23,167,254,235,18,0,0,0,0,0,0,0,0,0,0,0,0,0,0,0,0,0,0,2,115,243,254,253,251,254,241,67,0,0,0,0,0,0,0,0,0,0,0,0,0,0,0,0,0,0,0,0,0,117,254,254,254,248,69,0,0,0,0,0,0,0,0,0,0,0,0,0,0,0,0,0,0,0,0,44,116,233,254,254,254,249,54,0,0,0,0,0,0,0,0,0,0,0,0,0,0,0,0,0,0,0,32,244,254,243,180,59,129,254,173,2,0,0,0,0,0,0,0,0,0,0,0,0,0,0,0,0,0,0,130,254,133,20,0,0,44,244,254,57,0,0,0,0,0,0,0,0,0,0,0,0,0,0,0,0,0,0,42,254,113,0,0,0,0,31,213,230,37,0,0,0,0,0,0,0,0,0,0,0,0,0,0,0,0,0,9,205,243,42,0,0,0,0,170,254,75,0,0,0,0,0,0,0,0,0,0,0,0,0,0,0,0,0,0,171,254,152,0,0,0,3,182,241,35,0,0,0,0,0,0,0,0,0,0,0,0,0,0,0,0,0,0,22,208,230,75,0,0,51,254,194,0,0,0,0,0,0,0,0,0,0,0,0,0,0,0,0,0,0,0,0,77,244,253,204,145,234,254,112,0,0,0,0,0,0,0,0,0,0,0,0,0,0,0,0,0,0,0,0,0,80,213,254,254,254,160,7,0,0,0,0,0,0,0,0,0,0,0,0,0,0,0,0,0,0,0,0,0,0,0,0,0,0,0,0,0,0,0,0,0,0,0,0,0,0,0,0,0,0,0,0,0,0,0,0,0,0,0,0,0,0,0,0,0,0,0,0,0,0,0,0,0,0,0,0,0,0,0,0,0,0,0,0,0,0,0,0,0,0,0,0,0,0,0,0,0,0,0,0,0
5,0,0,0,0,0,0,0,0,0,0,0,0,0,0,0,0,0,0,0,0,0,0,0,0,0,0,0,0,0,0,0,0,0,0,0,0,0,0,0,0,0,0,0,0,0,0,0,0,0,0,0,0,0,0,0,0,0,0,0,0,0,0,0,0,0,0,0,0,0,0,0,0,0,0,0,0,0,0,0,0,0,0,0,0,0,0,0,0,0,0,0,0,0,0,0,0,0,0,0,0,0,0,0,0,0,0,0,0,0,0,0,0,0,0,0,0,0,0,0,0,0,0,0,0,0,0,0,0,0,0,0,0,0,0,0,0,0,0,0,0,0,0,0,0,0,0,0,0,0,0,0,0,0,5,13,13,13,13,13,88,133,133,133,133,133,133,76,0,0,0,0,0,0,0,0,0,0,0,0,0,54,181,253,253,253,254,253,253,253,253,253,253,253,253,172,0,0,0,0,0,0,0,0,0,0,0,0,56,231,253,253,253,253,254,232,217,217,217,125,96,96,96,5,0,0,0,0,0,0,0,0,0,0,0,33,230,253,253,235,95,84,85,36,0,0,0,0,0,0,0,0,0,0,0,0,0,0,0,0,0,0,9,155,253,253,163,45,0,0,0,0,0,0,0,0,0,0,0,0,0,0,0,0,0,0,0,0,0,0,129,253,253,163,12,0,0,0,0,0,0,0,0,0,0,0,0,0,0,0,0,0,0,0,0,0,0,20,235,253,233,40,0,0,0,0,0,0,0,0,0,0,0,0,0,0,0,0,0,0,0,0,0,0,5,170,253,235,62,0,0,0,0,0,0,0,0,0,0,0,0,0,0,0,0,0,0,0,0,0,0,0,13,253,253,205,0,0,0,0,0,0,0,0,0,0,0,0,0,0,0,0,0,0,0,0,0,0,0,0,7,202,253,251,155,29,0,0,0,0,0,0,0,0,0,0,0,0,0,0,0,0,0,0,0,0,0,0,0,70,204,254,254,254,254,150,24,7,0,0,0,0,0,0,0,0,0,0,0,0,0,0,0,0,0,0,0,0,68,131,229,248,253,253,253,202,12,0,0,0,0,0,0,0,0,0,0,0,0,0,0,0,0,0,0,0,0,0,0,74,136,231,253,253,198,16,0,0,0,0,0,0,0,0,0,0,0,0,0,0,0,0,0,0,0,0,0,0,0,33,136,251,254,189,0,0,0,0,0,0,0,0,0,0,0,0,0,0,0,0,30,0,0,0,0,0,0,0,0,184,254,229,0,0,0,0,0,0,0,0,0,0,0,0,0,0,0,0,223,125,28,0,0,0,0,0,119,251,254,229,0,0,0,0,0,0,0,0,0,0,0,0,0,0,0,0,116,253,148,29,0,0,29,131,249,253,250,95,0,0,0,0,0,0,0,0,0,0,0,0,0,0,0,0,8,212,253,206,127,218,230,253,253,253,149,0,0,0,0,0,0,0,0,0,0,0,0,0,0,0,0,0,0,25,212,253,253,253,253,253,206,87,0,0,0,0,0,0,0,0,0,0,0,0,0,0,0,0,0,0,0,0,7,35,132,132,132,75,18,0,0,0,0,0,0,0,0,0,0,0,0,0,0,0,0,0,0,0,0,0,0,0,0,0,0,0,0,0,0,0,0,0,0,0,0,0,0,0,0,0,0,0,0,0,0,0,0,0,0,0,0,0,0,0,0,0,0,0,0,0,0,0,0,0,0,0,0,0,0,0,0,0,0,0,0,0,0,0,0,0,0,0,0,0,0,0,0,0,0,0,0,0,0,0,0
4,0,0,0,0,0,0,0,0,0,0,0,0,0,0,0,0,0,0,0,0,0,0,0,0,0,0,0,0,0,0,0,0,0,0,0,0,0,0,0,0,0,0,0,0,0,0,0,0,0,0,0,0,0,0,0,0,0,0,0,0,0,0,0,0,0,0,0,0,0,0,0,0,0,0,0,0,0,0,0,0,0,0,0,0,0,0,0,0,0,0,0,0,0,0,0,0,0,0,0,0,0,0,0,0,0,0,0,0,0,0,0,0,0,0,0,0,0,0,0,0,0,0,0,0,0,0,0,0,0,0,0,0,0,0,0,0,0,0,0,0,0,0,0,0,0,0,0,0,0,0,0,0,0,0,0,0,0,0,0,0,0,0,0,0,0,0,0,0,0,0,0,0,0,0,0,0,0,0,0,0,64,19,0,45,230,138,0,0,0,0,0,0,0,0,0,0,0,0,0,0,0,0,0,0,0,0,0,24,206,136,0,146,254,223,0,0,0,0,0,0,0,0,0,0,0,0,0,0,0,0,0,0,0,0,0,78,255,103,0,146,254,223,0,0,0,0,0,0,0,0,0,0,0,0,0,0,0,0,0,0,0,0,6,195,254,99,0,146,254,223,0,0,0,0,0,0,0,0,0,0,0,0,0,0,0,0,0,0,0,0,113,254,250,8,0,146,254,223,0,0,0,0,0,0,0,0,0,0,0,0,0,0,0,0,0,0,0,0,150,254,219,0,0,146,254,223,0,0,0,0,0,0,0,0,0,0,0,0,0,0,0,0,0,0,0,114,251,251,94,0,0,146,254,223,0,0,0,0,0,0,0,0,0,0,0,0,0,0,0,0,0,0,0,177,254,207,36,0,0,146,254,223,0,0,0,0,0,0,0,0,0,0,0,0,0,0,0,0,0,0,22,242,254,254,237,214,214,237,254,237,77,0,0,0,0,0,0,0,0,0,0,0,0,0,0,0,0,0,21,239,233,254,254,254,254,254,254,254,176,0,0,0,0,0,0,0,0,0,0,0,0,0,0,0,0,0,0,36,31,52,52,73,73,168,254,229,36,0,0,0,0,0,0,0,0,0,0,0,0,0,0,0,0,0,0,0,0,0,0,0,0,146,254,223,0,0,0,0,0,0,0,0,0,0,0,0,0,0,0,0,0,0,0,0,0,0,0,0,0,146,254,187,0,0,0,0,0,0,0,0,0,0,0,0,0,0,0,0,0,0,0,0,0,0,0,0,0,146,254,107,0,0,0,0,0,0,0,0,0,0,0,0,0,0,0,0,0,0,0,0,0,0,0,0,0,146,254,47,0,0,0,0,0,0,0,0,0,0,0,0,0,0,0,0,0,0,0,0,0,0,0,0,0,197,254,25,0,0,0,0,0,0,0,0,0,0,0,0,0,0,0,0,0,0,0,0,0,0,0,0,0,250,254,15,0,0,0,0,0,0,0,0,0,0,0,0,0,0,0,0,0,0,0,0,0,0,0,0,0,250,251,15,0,0,0,0,0,0,0,0,0,0,0,0,0,0,0,0,0,0,0,0,0,0,0,0,0,250,166,0,0,0,0,0,0,0,0,0,0,0,0,0,0,0,0,0,0,0,0,0,0,0,0,0,0,190,56,0,0,0,0,0,0,0,0,0,0,0,0,0,0,0,0,0,0,0,0,0,0,0,0,0,0,0,0,0,0,0,0,0,0,0,0,0,0,0,0,0,0,0,0,0,0,0,0,0,0,0,0,0,0,0,0,0,0,0,0,0,0,0,0,0,0,0
1,0,0,0,0,0,0,0,0,0,0,0,0,0,0,0,0,0,0,0,0,0,0,0,0,0,0,0,0,0,0,0,0,0,0,0,0,0,0,0,0,0,0,0,0,0,0,0,0,0,0,0,0,0,0,0,0,0,0,0,0,0,0,0,0,0,0,0,0,0,0,0,0,0,0,0,0,0,0,0,0,0,0,0,0,0,0,0,0,0,0,0,0,0,0,0,0,0,0,0,0,0,0,0,0,0,0,0,0,0,0,0,0,0,0,0,0,0,0,0,0,0,0,0,0,0,0,0,0,0,0,0,0,0,0,0,0,0,0,0,0,0,0,0,0,0,0,0,0,0,0,0,0,0,0,214,172,0,0,0,0,0,0,0,0,0,0,0,0,0,0,0,0,0,0,0,0,0,0,0,0,0,0,253,252,0,0,0,0,0,0,0,0,0,0,0,0,0,0,0,0,0,0,0,0,0,0,0,0,0,0,234,253,102,0,0,0,0,0,0,0,0,0,0,0,0,0,0,0,0,0,0,0,0,0,0,0,0,0,152,252,102,0,0,0,0,0,0,0,0,0,0,0,0,0,0,0,0,0,0,0,0,0,0,0,0,0,214,253,41,0,0,0,0,0,0,0,0,0,0,0,0,0,0,0,0,0,0,0,0,0,0,0,0,0,253,252,0,0,0,0,0,0,0,0,0,0,0,0,0,0,0,0,0,0,0,0,0,0,0,0,0,41,254,253,0,0,0,0,0,0,0,0,0,0,0,0,0,0,0,0,0,0,0,0,0,0,0,0,0,82,253,252,0,0,0,0,0,0,0,0,0,0,0,0,0,0,0,0,0,0,0,0,0,0,0,0,0,102,254,253,0,0,0,0,0,0,0,0,0,0,0,0,0,0,0,0,0,0,0,0,0,0,0,0,0,102,253,212,0,0,0,0,0,0,0,0,0,0,0,0,0,0,0,0,0,0,0,0,0,0,0,0,0,102,254,151,0,0,0,0,0,0,0,0,0,0,0,0,0,0,0,0,0,0,0,0,0,0,0,0,0,102,253,151,0,0,0,0,0,0,0,0,0,0,0,0,0,0,0,0,0,0,0,0,0,0,0,0,0,203,254,50,0,0,0,0,0,0,0,0,0,0,0,0,0,0,0,0,0,0,0,0,0,0,0,0,21,223,233,30,0,0,0,0,0,0,0,0,0,0,0,0,0,0,0,0,0,0,0,0,0,0,0,0,72,253,203,0,0,0,0,0,0,0,0,0,0,0,0,0,0,0,0,0,0,0,0,0,0,0,0,0,152,252,203,0,0,0,0,0,0,0,0,0,0,0,0,0,0,0,0,0,0,0,0,0,0,0,0,0,152,253,103,0,0,0,0,0,0,0,0,0,0,0,0,0,0,0,0,0,0,0,0,0,0,0,0,0,233,252,20,0,0,0,0,0,0,0,0,0,0,0,0,0,0,0,0,0,0,0,0,0,0,0,0,21,255,192,0,0,0,0,0,0,0,0,0,0,0,0,0,0,0,0,0,0,0,0,0,0,0,0,0,20,253,111,0,0,0,0,0,0,0,0,0,0,0,0,0,0,0,0,0,0,0,0,0,0,0,0,0,0,0,0,0,0,0,0,0,0,0,0,0,0,0,0,0,0,0,0,0,0,0,0,0,0,0,0,0,0,0,0,0,0,0,0,0,0,0,0,0,0,0,0,0,0,0,0,0,0,0,0,0,0,0,0,0,0,0,0,0,0,0,0,0,0,0,0,0,0,0,0,0,0
1,0,0,0,0,0,0,0,0,0,0,0,0,0,0,0,0,0,0,0,0,0,0,0,0,0,0,0,0,0,0,0,0,0,0,0,0,0,0,0,0,0,0,0,0,0,0,0,0,0,0,0,0,0,0,0,0,0,0,0,0,0,0,0,0,0,0,0,0,0,0,0,0,0,0,0,0,0,0,0,0,0,0,0,0,0,0,0,0,0,0,0,0,0,0,0,0,0,0,0,0,0,0,0,0,0,0,0,0,0,0,0,0,0,0,0,0,0,0,0,0,0,0,0,0,0,7,191,64,0,0,0,0,0,0,0,0,0,0,0,0,0,0,0,0,0,0,0,0,0,0,0,0,0,1,139,249,12,0,0,0,0,0,0,0,0,0,0,0,0,0,0,0,0,0,0,0,0,0,0,0,0,13,241,254,13,0,0,0,0,0,0,0,0,0,0,0,0,0,0,0,0,0,0,0,0,0,0,0,0,14,253,254,13,0,0,0,0,0,0,0,0,0,0,0,0,0,0,0,0,0,0,0,0,0,0,0,0,14,253,254,13,0,0,0,0,0,0,0,0,0,0,0,0,0,0,0,0,0,0,0,0,0,0,0,0,14,253,255,13,0,0,0,0,0,0,0,0,0,0,0,0,0,0,0,0,0,0,0,0,0,0,0,0,7,190,255,13,0,0,0,0,0,0,0,0,0,0,0,0,0,0,0,0,0,0,0,0,0,0,0,0,28,253,254,98,0,0,0,0,0,0,0,0,0,0,0,0,0,0,0,0,0,0,0,0,0,0,0,16,209,253,254,69,0,0,0,0,0,0,0,0,0,0,0,0,0,0,0,0,0,0,0,0,0,0,0,27,253,253,254,13,0,0,0,0,0,0,0,0,0,0,0,0,0,0,0,0,0,0,0,0,0,0,0,27,254,254,64,0,0,0,0,0,0,0,0,0,0,0,0,0,0,0,0,0,0,0,0,0,0,0,0,27,253,253,134,0,0,0,0,0,0,0,0,0,0,0,0,0,0,0,0,0,0,0,0,0,0,0,0,27,253,253,64,0,0,0,0,0,0,0,0,0,0,0,0,0,0,0,0,0,0,0,0,0,0,0,0,13,197,253,134,0,0,0,0,0,0,0,0,0,0,0,0,0,0,0,0,0,0,0,0,0,0,0,0,27,253,253,134,0,0,0,0,0,0,0,0,0,0,0,0,0,0,0,0,0,0,0,0,0,0,0,0,7,175,253,35,0,0,0,0,0,0,0,0,0,0,0,0,0,0,0,0,0,0,0,0,0,0,0,0,5,164,253,0,0,0,0,0,0,0,0,0,0,0,0,0,0,0,0,0,0,0,0,0,0,0,0,0,27,253,253,72,0,0,0,0,0,0,0,0,0,0,0,0,0,0,0,0,0,0,0,0,0,0,0,0,12,191,246,0,0,0,0,0,0,0,0,0,0,0,0,0,0,0,0,0,0,0,0,0,0,0,0,0,0,147,120,0,0,0,0,0,0,0,0,0,0,0,0,0,0,0,0,0,0,0,0,0,0,0,0,0,0,0,0,0,0,0,0,0,0,0,0,0,0,0,0,0,0,0,0,0,0,0,0,0,0,0,0,0,0,0,0,0,0,0,0,0,0,0,0,0,0,0,0,0,0,0,0,0,0,0,0,0,0,0,0,0,0,0,0,0,0,0,0,0,0,0,0,0,0,0,0,0,0,0,0,0,0,0,0,0,0,0,0,0,0,0,0,0,0,0,0,0,0,0,0,0,0,0,0,0
4,0,0,0,0,0,0,0,0,0,0,0,0,0,0,0,0,0,0,0,0,0,0,0,0,0,0,0,0,0,0,0,0,0,0,0,0,0,0,0,0,0,0,0,0,0,0,0,0,0,0,0,0,0,0,0,0,0,0,0,0,0,0,0,0,0,0,0,0,0,0,0,0,0,0,0,0,0,0,0,0,0,0,0,0,0,0,0,0,0,0,0,0,0,0,0,0,0,0,0,0,0,0,0,0,0,0,0,0,0,0,0,0,0,0,0,0,0,0,0,0,0,0,0,0,0,0,0,0,0,0,0,0,0,0,0,0,0,0,0,0,0,0,0,0,0,0,0,0,0,0,0,0,0,0,0,0,0,0,0,0,0,0,0,0,0,0,0,0,0,0,0,0,0,0,0,0,0,0,0,48,0,0,0,0,0,0,82,195,60,0,0,0,0,0,0,0,0,0,0,0,0,0,0,0,0,0,94,247,115,0,0,0,0,0,84,254,153,0,0,0,0,0,0,0,0,0,0,0,0,0,0,0,0,0,149,254,172,0,0,0,0,0,169,254,153,0,0,0,0,0,0,0,0,0,0,0,0,0,0,0,0,20,210,254,115,0,0,0,0,0,169,255,153,0,0,0,0,0,0,0,0,0,0,0,0,0,0,0,0,97,254,229,12,0,0,0,0,0,169,254,153,0,0,0,0,0,0,0,0,0,0,0,0,0,0,0,18,234,254,107,0,0,0,0,0,7,230,254,153,0,0,0,0,0,0,0,0,0,0,0,0,0,0,0,174,254,254,43,0,0,0,0,0,30,254,254,97,0,0,0,0,0,0,0,0,0,0,0,0,0,0,5,220,254,166,16,20,16,0,0,0,107,254,215,10,0,0,0,0,0,0,0,0,0,0,0,0,0,0,90,254,254,210,213,254,240,178,149,38,137,254,120,0,0,0,0,0,0,0,0,0,0,0,0,0,0,0,209,254,254,254,254,254,218,254,254,247,252,254,120,0,0,0,0,0,0,0,0,0,0,0,0,0,0,0,251,254,250,220,64,48,12,48,77,55,212,254,120,0,0,0,0,0,0,0,0,0,0,0,0,0,0,0,221,254,103,0,0,0,0,0,0,0,202,254,120,0,0,0,0,0,0,0,0,0,0,0,0,0,0,0,34,70,6,0,0,0,0,0,0,8,211,254,31,0,0,0,0,0,0,0,0,0,0,0,0,0,0,0,0,0,0,0,0,0,0,0,0,44,254,248,23,0,0,0,0,0,0,0,0,0,0,0,0,0,0,0,0,0,0,0,0,0,0,0,0,108,254,86,0,0,0,0,0,0,0,0,0,0,0,0,0,0,0,0,0,0,0,0,0,0,0,0,0,227,254,86,0,0,0,0,0,0,0,0,0,0,0,0,0,0,0,0,0,0,0,0,0,0,0,0,0,236,254,86,0,0,0,0,0,0,0,0,0,0,0,0,0,0,0,0,0,0,0,0,0,0,0,0,0,236,254,86,0,0,0,0,0,0,0,0,0,0,0,0,0,0,0,0,0,0,0,0,0,0,0,0,0,187,254,86,0,0,0,0,0,0,0,0,0,0,0,0,0,0,0,0,0,0,0,0,0,0,0,0,0,88,194,54,0,0,0,0,0,0,0,0,0,0,0,0,0,0,0,0,0,0,0,0,0,0,0,0,0,0,0,0,0,0,0,0,0,0,0,0,0,0,0,0,0,0,0,0,0,0,0,0,0,0,0,0,0,0,0,0,0,0,0,0,0,0,0,0,0
0,0,0,0,0,0,0,0,0,0,0,0,0,0,0,0,0,0,0,0,0,0,0,0,0,0,0,0,0,0,0,0,0,0,0,0,0,0,0,0,0,0,0,0,0,0,0,0,0,0,0,0,0,0,0,0,0,0,0,0,0,0,0,0,0,0,0,0,0,0,0,0,0,0,0,0,0,0,0,0,0,0,0,0,0,0,0,0,0,0,0,0,0,0,0,0,0,0,0,0,0,0,0,0,0,0,0,0,0,0,0,0,0,0,0,0,0,0,0,0,0,0,0,0,0,2,7,7,2,0,0,0,0,0,58,13,0,0,0,0,0,0,0,0,0,0,0,0,0,0,0,8,34,160,254,254,128,0,0,0,0,0,225,203,13,0,0,0,0,0,0,0,0,0,0,0,0,2,96,214,254,254,250,236,112,0,0,0,0,0,99,253,136,0,0,0,0,0,0,0,0,0,0,0,2,109,254,254,250,205,82,0,0,0,0,0,0,0,0,237,206,16,0,0,0,0,0,0,0,0,0,2,109,254,254,216,82,0,0,0,0,0,0,0,0,0,0,237,254,145,0,0,0,0,0,0,0,0,1,110,254,254,216,34,0,0,0,0,0,0,0,0,0,0,0,157,254,254,0,0,0,0,0,0,0,0,7,254,254,238,34,0,0,0,0,0,0,0,0,0,0,0,0,113,254,254,0,0,0,0,0,0,0,0,7,254,254,144,0,0,0,0,0,0,0,0,0,0,0,0,0,36,247,254,0,0,0,0,0,0,0,0,96,254,241,31,0,0,0,0,0,0,0,0,0,0,0,0,0,0,243,254,0,0,0,0,0,0,0,0,131,254,236,0,0,0,0,0,0,0,0,0,0,0,0,0,0,0,243,254,0,0,0,0,0,0,0,0,226,254,141,0,0,0,0,0,0,0,0,0,0,0,0,0,0,0,243,254,0,0,0,0,0,0,0,0,219,254,209,0,0,0,0,0,0,0,0,0,0,0,0,0,0,0,243,254,0,0,0,0,0,0,0,0,131,254,242,34,0,0,0,0,0,0,0,0,0,0,0,0,0,36,247,215,0,0,0,0,0,0,0,0,89,254,254,147,0,0,0,0,0,0,0,0,0,0,0,0,0,216,254,130,0,0,0,0,0,0,0,0,7,254,254,251,130,0,0,0,0,0,0,0,0,0,0,0,40,243,254,130,0,0,0,0,0,0,0,0,1,103,254,254,251,82,0,0,0,0,0,0,0,0,0,40,225,254,208,18,0,0,0,0,0,0,0,0,0,2,154,254,254,221,89,0,0,0,0,0,0,0,40,225,255,254,85,0,0,0,0,0,0,0,0,0,0,0,10,103,254,254,251,151,33,0,0,0,0,136,243,254,254,96,1,0,0,0,0,0,0,0,0,0,0,0,0,14,150,254,254,254,247,243,243,243,243,253,254,208,85,1,0,0,0,0,0,0,0,0,0,0,0,0,0,0,1,6,6,6,6,6,6,6,6,6,6,4,0,0,0,0,0,0,0,0,0,0,0,0,0,0,0,0,0,0,0,0,0,0,0,0,0,0,0,0,0,0,0,0,0,0,0,0,0,0,0,0,0,0,0,0,0,0,0,0,0,0,0,0,0,0,0,0,0,0,0,0,0,0,0,0,0,0,0,0,0,0,0,0,0,0,0,0,0,0,0,0,0,0,0,0,0,0,0,0,0,0,0,0,0,0,0,0,0,0,0,0,0,0,0,0,0,0,0,0,0,0,0,0,0,0,0,0,0,0,0
3,0,0,0,0,0,0,0,0,0,0,0,0,0,0,0,0,0,0,0,0,0,0,0,0,0,0,0,0,0,0,0,0,0,0,0,0,0,0,0,0,0,0,0,0,0,0,0,0,0,0,0,0,0,0,0,0,0,0,0,0,0,0,0,0,0,0,0,0,0,0,0,0,0,0,0,0,0,0,0,0,0,0,0,0,0,0,0,0,0,0,0,0,0,0,0,0,0,0,0,0,0,0,0,0,0,0,0,0,0,0,0,0,0,0,0,0,0,0,0,0,0,0,0,0,0,0,0,0,0,0,0,0,0,0,0,0,0,0,0,0,0,0,0,0,0,0,0,0,0,0,0,0,0,0,0,0,0,0,0,0,0,0,0,0,0,0,0,0,0,0,0,0,0,0,0,0,0,0,0,0,0,0,0,0,0,0,0,0,0,0,0,0,0,0,0,0,0,0,0,0,0,21,154,210,169,59,60,26,0,0,0,0,0,0,0,0,0,0,0,0,0,0,0,0,0,0,75,212,242,246,254,231,254,250,252,246,242,160,70,70,17,0,0,0,0,0,0,0,0,0,0,0,0,0,198,254,211,185,138,69,74,57,63,118,189,189,241,254,235,117,40,0,0,0,0,0,0,0,0,0,0,0,42,202,160,0,0,0,0,0,0,0,0,0,17,60,144,239,212,63,0,0,0,0,0,0,0,0,0,0,0,17,10,0,0,0,0,0,0,0,0,0,0,6,38,175,254,183,113,19,0,0,0,0,0,0,0,0,0,0,0,0,0,0,0,0,0,0,0,0,75,228,244,254,254,237,252,67,0,0,0,0,0,0,0,0,0,0,0,0,0,0,0,0,0,0,0,0,101,254,254,209,236,105,90,0,0,0,0,0,0,0,0,0,0,0,0,0,0,0,0,0,0,0,0,0,5,163,247,73,24,0,0,0,0,0,0,0,0,0,0,0,0,0,0,0,0,0,0,0,0,0,0,0,0,19,149,224,174,12,0,0,0,0,0,0,0,0,0,0,0,0,0,0,0,0,0,0,0,0,0,0,0,0,4,73,245,189,49,0,0,0,0,0,0,0,0,0,0,0,0,0,0,0,0,0,0,0,0,0,0,0,0,0,42,221,174,21,0,0,0,0,0,0,0,0,0,0,0,0,0,0,0,0,0,0,0,0,0,0,0,11,94,239,255,227,0,0,0,0,0,0,0,0,0,0,0,0,0,0,0,0,0,0,0,0,0,26,116,219,254,254,247,153,0,0,0,0,0,0,0,0,0,0,0,0,0,0,0,0,0,0,0,56,143,241,254,254,254,239,98,0,0,0,0,0,0,0,0,0,0,0,0,0,0,0,0,0,0,91,156,242,254,254,212,155,122,20,0,0,0,0,0,0,0,0,0,0,0,0,0,0,0,0,0,0,0,13,145,189,149,73,42,0,0,0,0,0,0,0,0,0,0,0,0,0,0,0,0,0,0,0,0,0,0,0,0,0,0,0,0,0,0,0,0,0,0,0,0,0,0,0,0,0,0,0,0,0,0,0,0,0,0,0,0,0,0,0,0,0,0,0,0,0,0,0,0,0,0,0,0,0,0,0,0,0,0,0,0,0,0,0,0,0,0,0,0,0,0,0,0,0,0,0,0,0,0,0,0,0,0,0,0,0,0,0,0,0,0,0,0,0,0,0,0,0,0,0,0,0,0,0,0,0,0,0,0,0,0,0,0,0,0,0,0,0,0,0,0,0,0,0,0,0,0,0,0,0,0,0,0,0,0,0
3,0,0,0,0,0,0,0,0,0,0,0,0,0,0,0,0,0,0,0,0,0,0,0,0,0,0,0,0,0,0,0,0,0,0,0,0,0,0,0,0,0,0,0,0,0,0,0,0,0,0,0,0,0,0,0,0,0,0,0,0,0,0,0,0,0,0,0,0,0,0,0,0,0,0,0,0,0,0,0,0,0,0,0,0,0,0,0,0,0,0,0,0,0,0,0,0,0,0,0,0,0,0,0,0,0,0,0,0,0,0,0,0,0,0,0,0,0,0,0,0,0,0,0,0,0,0,0,0,0,0,0,0,0,0,0,0,0,0,0,0,0,0,0,0,0,0,0,0,0,0,0,64,128,191,191,64,0,0,0,0,0,0,0,0,0,0,0,0,0,0,0,0,0,0,0,0,128,191,255,255,255,255,255,255,191,0,0,0,0,0,0,0,0,0,0,0,0,0,0,0,0,0,0,255,255,255,255,255,255,255,191,255,255,128,0,0,0,0,0,0,0,0,0,0,0,0,0,0,0,0,0,255,255,255,255,128,64,0,128,255,255,191,0,0,0,0,0,0,0,0,0,0,0,0,0,0,0,0,0,0,128,128,0,0,0,0,191,255,255,191,0,0,0,0,0,0,0,0,0,0,0,0,0,0,0,0,0,0,0,0,0,0,64,255,255,255,255,64,0,0,0,0,0,0,0,0,0,0,0,0,0,0,0,0,0,0,0,0,0,64,255,255,255,255,0,0,0,0,0,0,0,0,0,0,0,0,0,0,0,0,0,0,0,0,0,128,191,255,255,255,255,255,128,0,0,0,0,0,0,0,0,0,0,0,0,0,0,0,0,0,0,0,191,255,255,255,255,255,255,255,255,191,0,0,0,0,0,0,0,0,0,0,0,0,0,0,0,0,0,0,255,255,255,255,255,255,255,255,255,255,255,0,0,0,0,0,0,0,0,0,0,0,0,0,0,0,0,0,128,255,255,255,255,255,128,128,128,255,255,191,0,0,0,0,0,0,0,0,0,0,0,0,0,0,0,0,64,128,128,64,0,0,0,0,0,128,255,255,128,0,0,0,0,0,0,0,0,0,0,0,0,0,0,0,0,0,0,0,0,0,0,0,0,64,255,255,128,0,0,0,0,0,0,0,0,0,0,0,0,0,0,0,0,0,0,0,0,0,0,0,0,128,255,255,255,0,0,0,0,0,0,0,0,0,0,0,0,0,0,0,0,0,0,0,0,0,0,0,0,191,255,255,255,0,0,0,0,0,0,0,0,0,0,0,0,0,0,0,0,0,128,0,0,0,64,128,255,255,255,255,128,0,0,0,0,0,0,0,0,0,0,0,0,0,0,0,0,0,255,255,128,128,255,255,255,255,255,191,0,0,0,0,0,0,0,0,0,0,0,0,0,0,0,0,0,0,191,255,255,255,255,255,255,255,128,0,0,0,0,0,0,0,0,0,0,0,0,0,0,0,0,0,0,0,0,191,255,255,255,255,255,64,0,0,0,0,0,0,0,0,0,0,0,0,0,0,0,0,0,0,0,0,0,0,0,191,128,64,0,0,0,0,0,0,0,0,0,0,0,0,0,0,0,0,0,0,0,0,0,0,0,0,0,0,0,0,0,0,0,0,0,0,0,0,0,0,0,0,0,0,0,0,0,0,0,0,0,0,0,0,0,0,0,0,0,0,0,0,0,0,0,0,0,0,0,0,0,0,0,0,0,0,0,0,0,0,0,0,0,0,0,0,0,0,0,0,0,0,0,0,0,0,0,0
7,0,0,0,0,0,0,0,0,0,0,0,0,0,0,0,0,0,0,0,0,0,0,0,0,0,0,0,0,0,0,0,0,0,0,0,0,0,0,0,0,0,0,0,0,0,0,0,0,0,0,0,0,0,0,0,0,0,0,0,0,0,0,0,0,0,0,0,0,0,0,0,0,0,0,0,0,0,0,0,0,0,0,0,0,0,0,0,0,0,0,0,0,0,0,0,0,0,0,0,0,0,0,0,0,0,0,0,0,0,0,0,0,0,0,0,0,0,0,0,0,0,0,0,0,0,0,0,0,0,0,0,0,0,0,0,0,0,0,0,0,0,0,0,0,0,0,0,0,0,0,0,0,0,0,0,0,0,0,0,0,0,0,0,0,0,0,0,0,0,0,0,0,0,0,0,0,0,0,0,0,0,0,0,0,0,0,0,0,0,0,0,0,0,0,0,0,0,0,0,0,0,0,0,141,226,255,255,255,170,226,226,255,255,255,170,0,0,0,0,0,0,0,0,0,0,0,0,0,0,0,86,255,198,170,170,170,226,198,170,170,170,198,255,86,0,0,0,0,0,0,0,0,0,0,0,0,0,0,29,57,0,0,0,0,0,0,0,0,0,86,255,29,0,0,0,0,0,0,0,0,0,0,0,0,0,0,0,0,0,0,0,0,0,0,0,0,0,114,198,0,0,0,0,0,0,0,0,0,0,0,0,0,0,0,0,0,0,0,0,0,0,0,0,0,0,226,170,0,0,0,0,0,0,0,0,0,0,0,0,0,0,0,0,0,0,0,0,0,0,0,0,0,86,255,114,0,0,0,0,0,0,0,0,0,0,0,0,0,0,0,0,0,0,0,0,0,0,0,0,0,86,255,57,0,0,0,0,0,0,0,0,0,0,0,0,0,0,0,0,0,0,0,0,0,0,0,0,0,170,198,0,0,0,0,0,0,0,0,0,0,0,0,0,0,0,0,0,0,0,0,0,0,0,0,0,29,255,170,0,0,0,0,0,0,0,0,0,0,0,0,0,0,0,0,0,0,0,0,0,0,0,0,0,86,255,57,0,0,0,0,0,0,0,0,0,0,0,0,0,0,0,0,0,0,0,0,0,0,0,0,0,141,226,0,0,0,0,0,0,0,0,0,0,0,0,0,0,0,0,0,0,0,0,0,0,0,0,0,29,255,170,0,0,0,0,0,0,0,0,0,0,0,0,0,0,0,0,0,0,0,0,0,0,0,0,0,114,255,86,0,0,0,0,0,0,0,0,0,0,0,0,0,0,0,0,0,0,0,0,0,0,0,0,0,226,198,0,0,0,0,0,0,0,0,0,0,0,0,0,0,0,0,0,0,0,0,0,0,0,0,0,29,255,170,0,0,0,0,0,0,0,0,0,0,0,0,0,0,0,0,0,0,0,0,0,0,0,0,0,114,255,29,0,0,0,0,0,0,0,0,0,0,0,0,0,0,0,0,0,0,0,0,0,0,0,0,0,226,170,0,0,0,0,0,0,0,0,0,0,0,0,0,0,0,0,0,0,0,0,0,0,0,0,0,86,255,86,0,0,0,0,0,0,0,0,0,0,0,0,0,0,0,0,0,0,0,0,0,0,0,0,0,226,255,86,0,0,0,0,0,0,0,0,0,0,0,0,0,0,0,0,0,0,0,0,0,0,0,0,0,226,170,29,0,0,0,0,0,0,0,0,0,0,0,0,0,0,0,0,0,0,0,0,0,0,0,0,0,0,0,0,0,0,0,0,0,0,0,0,0,0,0,0,0
6,0,0,0,0,0,0,0,0,0,0,0,0,0,0,0,0,0,0,0,0,0,0,0,0,0,0,0,0,0,0,0,0,0,0,0,0,0,0,0,0,0,0,0,0,0,0,0,0,0,0,0,0,0,0,0,0,0,0,0,0,0,0,0,0,0,0,0,0,0,0,0,1,24,133,214,254,254,48,0,0,0,0,0,0,0,0,0,0,0,0,0,0,0,0,0,0,0,0,12,94,253,253,253,236,229,43,0,0,0,0,0,0,0,0,0,0,0,0,0,0,0,0,0,0,0,16,198,254,250,217,136,28,0,0,0,0,0,0,0,0,0,0,0,0,0,0,0,0,0,0,0,0,66,206,253,252,128,0,0,0,0,0,0,0,0,0,0,0,0,0,0,0,0,0,0,0,0,0,0,50,192,253,253,127,0,0,0,0,0,0,0,0,0,0,0,0,0,0,0,0,0,0,0,0,0,0,21,220,253,253,68,0,0,0,0,0,0,0,0,0,0,0,0,0,0,0,0,0,0,0,0,0,0,21,191,253,221,117,3,0,0,0,0,0,0,0,0,0,0,0,0,0,0,0,0,0,0,0,0,0,0,108,253,253,111,0,0,0,0,0,0,0,0,0,0,0,0,0,0,0,0,0,0,0,0,0,0,0,97,247,253,176,4,0,0,0,0,0,0,0,0,0,0,0,0,0,0,0,0,0,0,0,0,0,0,18,210,253,253,53,0,0,0,0,0,0,0,0,0,0,0,0,0,0,0,0,0,0,0,0,0,0,0,43,254,252,116,0,0,0,0,0,0,0,0,3,13,3,0,0,0,0,0,0,0,0,0,0,0,0,0,157,253,193,0,0,0,0,0,0,3,100,145,171,253,126,15,0,0,0,0,0,0,0,0,0,0,0,16,217,253,118,0,0,0,0,35,101,167,253,253,253,253,253,170,4,0,0,0,0,0,0,0,0,0,0,25,253,253,72,0,0,19,101,250,254,253,253,198,84,132,253,253,24,0,0,0,0,0,0,0,0,0,0,25,253,253,72,0,21,134,253,253,217,72,72,24,15,174,253,230,18,0,0,0,0,0,0,0,0,0,0,25,253,253,164,0,177,253,253,184,29,0,0,49,174,253,253,156,0,0,0,0,0,0,0,0,0,0,0,17,221,253,213,120,244,253,217,8,0,9,86,198,253,253,184,30,0,0,0,0,0,0,0,0,0,0,0,0,54,253,253,253,253,253,186,98,161,221,253,253,230,156,47,0,0,0,0,0,0,0,0,0,0,0,0,0,4,105,222,253,253,253,253,253,254,253,253,180,110,0,0,0,0,0,0,0,0,0,0,0,0,0,0,0,0,0,37,167,253,253,253,253,191,121,11,4,0,0,0,0,0,0,0,0,0,0,0,0,0,0,0,0,0,0,0,0,0,0,0,0,0,0,0,0,0,0,0,0,0,0,0,0,0,0,0,0,0,0,0,0,0,0,0,0,0,0,0,0,0,0,0,0,0,0,0,0,0,0,0,0,0,0,0,0,0,0,0,0,0,0,0,0,0,0,0,0,0,0,0,0,0,0,0,0,0,0,0,0,0,0,0,0,0,0,0,0,0,0,0,0,0,0,0,0,0,0,0,0,0,0,0,0,0,0,0,0,0,0,0,0,0,0,0,0,0,0,0,0,0,0,0,0,0,0,0,0,0,0,0,0,0,0,0,0,0,0,0,0,0,0,0,0,0,0,0,0,0,0,0,0,0,0,0,0,0,0,0,0,0,0,0,0,0
1,0,0,0,0,0,0,0,0,0,0,0,0,0,0,0,0,0,0,0,0,0,0,0,0,0,0,0,0,0,0,0,0,0,0,0,0,0,0,0,0,0,0,0,0,0,0,0,0,0,0,0,0,0,0,0,0,0,0,0,0,0,0,0,0,0,0,0,0,0,0,0,0,0,0,0,0,0,0,0,0,0,0,0,0,0,0,0,0,0,0,0,0,0,0,0,0,0,0,0,0,0,0,0,0,0,0,0,0,0,0,0,0,0,0,0,0,0,0,0,0,0,0,0,0,0,0,0,89,117,0,0,0,0,0,0,0,0,0,0,0,0,0,0,0,0,0,0,0,0,0,0,0,0,0,2,207,194,0,0,0,0,0,0,0,0,0,0,0,0,0,0,0,0,0,0,0,0,0,0,0,0,0,51,254,169,0,0,0,0,0,0,0,0,0,0,0,0,0,0,0,0,0,0,0,0,0,0,0,0,0,59,254,95,0,0,0,0,0,0,0,0,0,0,0,0,0,0,0,0,0,0,0,0,0,0,0,0,0,150,254,95,0,0,0,0,0,0,0,0,0,0,0,0,0,0,0,0,0,0,0,0,0,0,0,0,0,201,254,95,0,0,0,0,0,0,0,0,0,0,0,0,0,0,0,0,0,0,0,0,0,0,0,0,0,250,254,95,0,0,0,0,0,0,0,0,0,0,0,0,0,0,0,0,0,0,0,0,0,0,0,0,16,251,250,6,0,0,0,0,0,0,0,0,0,0,0,0,0,0,0,0,0,0,0,0,0,0,0,0,96,254,172,0,0,0,0,0,0,0,0,0,0,0,0,0,0,0,0,0,0,0,0,0,0,0,0,0,154,254,51,0,0,0,0,0,0,0,0,0,0,0,0,0,0,0,0,0,0,0,0,0,0,0,0,1,196,254,50,0,0,0,0,0,0,0,0,0,0,0,0,0,0,0,0,0,0,0,0,0,0,0,0,41,254,254,50,0,0,0,0,0,0,0,0,0,0,0,0,0,0,0,0,0,0,0,0,0,0,0,0,41,254,212,8,0,0,0,0,0,0,0,0,0,0,0,0,0,0,0,0,0,0,0,0,0,0,0,0,41,254,177,0,0,0,0,0,0,0,0,0,0,0,0,0,0,0,0,0,0,0,0,0,0,0,0,0,41,255,105,0,0,0,0,0,0,0,0,0,0,0,0,0,0,0,0,0,0,0,0,0,0,0,0,0,41,254,105,0,0,0,0,0,0,0,0,0,0,0,0,0,0,0,0,0,0,0,0,0,0,0,0,0,41,255,119,0,0,0,0,0,0,0,0,0,0,0,0,0,0,0,0,0,0,0,0,0,0,0,0,0,41,254,204,0,0,0,0,0,0,0,0,0,0,0,0,0,0,0,0,0,0,0,0,0,0,0,0,0,34,244,204,0,0,0,0,0,0,0,0,0,0,0,0,0,0,0,0,0,0,0,0,0,0,0,0,0,0,156,224,20,0,0,0,0,0,0,0,0,0,0,0,0,0,0,0,0,0,0,0,0,0,0,0,0,0,0,0,0,0,0,0,0,0,0,0,0,0,0,0,0,0,0,0,0,0,0,0,0,0,0,0,0,0,0,0,0,0,0,0,0,0,0,0,0,0,0,0,0,0,0,0,0,0,0,0,0,0,0,0,0,0,0,0,0,0,0,0,0,0,0,0,0,0,0,0,0,0,0,0,0,0,0,0,0,0,0,0,0,0,0,0,0,0,0,0,0,0,0,0,0,0,0,0,0
6,0,0,0,0,0,0,0,0,0,0,0,0,0,0,0,0,0,0,0,0,0,0,0,0,0,0,0,0,0,0,0,0,0,0,0,0,0,0,0,0,0,0,0,0,0,0,0,0,0,0,0,0,0,0,0,0,0,0,0,0,0,0,0,0,0,0,0,0,0,0,0,0,0,0,0,0,0,0,0,0,0,0,0,0,0,0,0,0,0,0,0,0,0,0,0,0,0,0,0,57,225,116,0,0,0,0,0,0,0,0,0,0,0,0,0,0,0,0,0,0,0,0,0,0,0,0,35,230,254,115,0,0,0,0,0,0,0,0,0,0,0,0,0,0,0,0,0,0,0,0,0,0,0,0,216,254,254,115,0,0,0,0,0,0,0,0,0,0,0,0,0,0,0,0,0,0,0,0,0,0,5,156,254,229,236,93,0,0,0,0,0,0,0,0,0,0,0,0,0,0,0,0,0,0,0,0,0,0,75,254,250,58,26,3,0,0,0,0,0,0,0,0,0,0,0,0,0,0,0,0,0,0,0,0,0,39,243,254,137,0,0,0,0,0,0,0,0,0,0,0,0,0,0,0,0,0,0,0,0,0,0,0,0,129,254,237,14,0,0,0,0,0,0,0,0,0,0,0,0,0,0,0,0,0,0,0,0,0,0,0,40,250,253,124,37,38,20,9,0,0,0,0,0,0,0,0,0,0,0,0,0,0,0,0,0,0,0,0,119,254,241,114,250,254,254,213,135,0,0,0,0,0,0,0,0,0,0,0,0,0,0,0,0,0,0,14,224,254,181,254,227,246,254,254,254,186,5,0,0,0,0,0,0,0,0,0,0,0,0,0,0,0,0,103,254,211,12,84,21,39,114,124,252,254,143,0,0,0,0,0,0,0,0,0,0,0,0,0,0,0,0,121,254,201,0,0,0,0,0,0,136,254,216,0,0,0,0,0,0,0,0,0,0,0,0,0,0,0,0,173,254,60,0,0,0,0,0,0,17,254,216,0,0,0,0,0,0,0,0,0,0,0,0,0,0,0,3,218,251,9,0,0,0,0,0,0,91,254,216,0,0,0,0,0,0,0,0,0,0,0,0,0,0,0,58,254,168,0,0,0,0,0,0,57,237,254,125,0,0,0,0,0,0,0,0,0,0,0,0,0,0,0,58,255,168,0,0,0,0,0,56,237,253,161,3,0,0,0,0,0,0,0,0,0,0,0,0,0,0,0,35,240,202,4,0,0,1,126,236,254,130,0,0,0,0,0,0,0,0,0,0,0,0,0,0,0,0,0,0,217,254,97,0,22,139,254,254,124,0,0,0,0,0,0,0,0,0,0,0,0,0,0,0,0,0,0,0,119,254,249,226,236,254,221,59,3,0,0,0,0,0,0,0,0,0,0,0,0,0,0,0,0,0,0,0,6,131,251,254,254,145,12,0,0,0,0,0,0,0,0,0,0,0,0,0,0,0,0,0,0,0,0,0,0,0,0,0,0,0,0,0,0,0,0,0,0,0,0,0,0,0,0,0,0,0,0,0,0,0,0,0,0,0,0,0,0,0,0,0,0,0,0,0,0,0,0,0,0,0,0,0,0,0,0,0,0,0,0,0,0,0,0,0,0,0,0,0,0,0,0,0,0,0,0,0,0,0,0,0,0,0,0,0,0,0,0,0,0,0,0,0,0,0,0,0,0,0,0,0,0,0,0,0,0,0,0,0,0,0,0,0,0,0,0,0,0,0,0,0,0,0,0,0,0,0,0,0,0,0,0,0,0,0,0
2,0,0,0,0,0,0,0,0,0,0,0,0,0,0,0,0,0,0,0,0,0,0,0,0,0,0,0,0,0,0,0,0,0,0,0,0,0,0,0,0,0,0,0,0,0,0,0,0,0,0,0,0,0,0,0,0,0,0,0,0,0,0,0,0,0,0,0,0,0,0,0,0,0,0,0,0,0,0,0,0,0,0,0,0,0,0,0,0,0,0,0,0,0,0,0,0,0,0,0,0,0,0,0,0,0,0,0,0,0,0,0,0,0,0,0,0,0,0,0,0,0,0,0,0,0,0,0,0,0,0,0,0,0,0,0,0,0,0,0,0,0,0,0,0,0,0,0,0,0,0,39,167,174,174,94,3,0,0,0,0,0,0,0,0,0,0,0,0,0,0,0,0,0,0,0,0,32,157,245,243,226,226,254,123,0,0,0,0,0,0,0,0,0,0,0,0,0,0,0,0,0,0,0,58,235,212,128,32,0,0,134,225,12,0,0,0,0,0,0,0,0,0,0,0,0,0,0,0,0,0,128,241,151,14,0,0,0,0,0,187,146,0,0,0,0,0,0,0,0,0,0,0,0,0,0,0,0,104,248,120,0,0,0,0,0,0,0,58,240,19,0,0,0,0,0,0,0,0,0,0,0,0,0,0,213,222,61,0,0,0,0,0,0,0,0,24,242,86,0,0,0,0,0,0,0,0,0,0,0,0,0,0,20,16,0,0,0,0,0,0,0,0,0,0,160,114,0,0,0,0,0,0,0,0,0,0,0,0,0,0,0,0,0,0,0,0,0,0,0,0,0,0,38,229,0,0,0,0,0,0,0,0,0,0,0,0,0,0,0,0,0,0,0,0,0,0,0,0,0,0,63,204,0,0,0,0,0,0,0,0,0,0,0,0,0,0,0,0,0,0,0,0,0,0,0,0,0,0,139,173,0,0,0,0,0,0,0,0,0,0,0,0,0,0,0,0,0,0,0,0,0,0,0,0,0,67,245,145,0,0,0,0,0,0,0,0,0,0,0,0,0,0,0,0,0,0,0,0,0,0,0,8,109,242,229,22,0,0,0,0,0,0,0,0,0,0,0,0,0,0,0,0,0,0,0,0,6,56,140,224,254,251,64,0,0,0,0,0,0,0,0,0,0,0,0,0,0,0,0,0,0,0,0,29,202,253,253,253,254,234,127,46,0,0,0,0,0,0,0,0,0,0,0,0,0,0,0,0,0,0,0,54,254,254,254,254,255,254,254,254,201,107,17,0,0,0,0,0,0,0,0,0,0,0,0,0,0,0,0,17,80,55,13,13,13,59,139,185,234,254,244,156,69,19,0,0,0,0,0,0,0,0,0,0,0,0,0,0,0,0,0,0,0,0,0,0,14,90,188,243,253,215,0,0,0,0,0,0,0,0,0,0,0,0,0,0,0,0,0,0,0,0,0,0,0,0,0,33,107,61,0,0,0,0,0,0,0,0,0,0,0,0,0,0,0,0,0,0,0,0,0,0,0,0,0,0,0,0,0,0,0,0,0,0,0,0,0,0,0,0,0,0,0,0,0,0,0,0,0,0,0,0,0,0,0,0,0,0,0,0,0,0,0,0,0,0,0,0,0,0,0,0,0,0,0,0,0,0,0,0,0,0,0,0,0,0,0,0,0,0,0,0,0,0,0,0,0,0,0,0,0,0,0,0,0,0,0,0,0,0,0,0,0,0,0,0,0,0,0,0,0,0,0,0,0,0,0,0,0,0,0,0,0,0,0,0,0,0,0,0,0,0,0,0
1,0,0,0,0,0,0,0,0,0,0,0,0,0,0,0,0,0,0,0,0,0,0,0,0,0,0,0,0,0,0,0,0,0,0,0,0,0,0,0,0,0,0,0,0,0,0,0,0,0,0,0,0,0,0,0,0,0,0,0,0,0,0,0,0,0,0,0,0,0,0,0,0,0,0,0,0,0,0,0,0,0,0,0,0,0,0,0,0,0,0,0,0,0,0,0,0,0,0,0,0,0,0,0,0,0,0,0,0,0,0,0,0,0,0,0,0,0,0,0,0,0,0,0,0,0,0,0,0,0,0,0,0,0,0,0,0,0,0,0,0,0,0,0,0,0,0,0,0,0,0,0,0,0,0,0,0,0,100,254,165,0,0,0,0,0,0,0,0,0,0,0,0,0,0,0,0,0,0,0,0,0,0,0,0,0,243,253,165,0,0,0,0,0,0,0,0,0,0,0,0,0,0,0,0,0,0,0,0,0,0,0,0,83,252,253,165,0,0,0,0,0,0,0,0,0,0,0,0,0,0,0,0,0,0,0,0,0,0,0,6,210,253,249,103,0,0,0,0,0,0,0,0,0,0,0,0,0,0,0,0,0,0,0,0,0,0,0,67,253,249,107,0,0,0,0,0,0,0,0,0,0,0,0,0,0,0,0,0,0,0,0,0,0,0,0,153,253,192,0,0,0,0,0,0,0,0,0,0,0,0,0,0,0,0,0,0,0,0,0,0,0,0,132,247,253,68,0,0,0,0,0,0,0,0,0,0,0,0,0,0,0,0,0,0,0,0,0,0,0,0,211,253,173,4,0,0,0,0,0,0,0,0,0,0,0,0,0,0,0,0,0,0,0,0,0,0,0,117,255,204,12,0,0,0,0,0,0,0,0,0,0,0,0,0,0,0,0,0,0,0,0,0,0,0,83,235,254,138,0,0,0,0,0,0,0,0,0,0,0,0,0,0,0,0,0,0,0,0,0,0,0,26,226,254,159,0,0,0,0,0,0,0,0,0,0,0,0,0,0,0,0,0,0,0,0,0,0,0,0,122,253,253,34,0,0,0,0,0,0,0,0,0,0,0,0,0,0,0,0,0,0,0,0,0,0,0,5,193,253,161,0,0,0,0,0,0,0,0,0,0,0,0,0,0,0,0,0,0,0,0,0,0,0,0,118,253,213,20,0,0,0,0,0,0,0,0,0,0,0,0,0,0,0,0,0,0,0,0,0,0,0,0,194,244,90,0,0,0,0,0,0,0,0,0,0,0,0,0,0,0,0,0,0,0,0,0,0,0,0,156,249,170,0,0,0,0,0,0,0,0,0,0,0,0,0,0,0,0,0,0,0,0,0,0,0,0,27,225,190,9,0,0,0,0,0,0,0,0,0,0,0,0,0,0,0,0,0,0,0,0,0,0,0,0,75,253,65,0,0,0,0,0,0,0,0,0,0,0,0,0,0,0,0,0,0,0,0,0,0,0,0,17,231,154,6,0,0,0,0,0,0,0,0,0,0,0,0,0,0,0,0,0,0,0,0,0,0,0,0,13,191,31,0,0,0,0,0,0,0,0,0,0,0,0,0,0,0,0,0,0,0,0,0,0,0,0,0,0,0,0,0,0,0,0,0,0,0,0,0,0,0,0,0,0,0,0,0,0,0,0,0,0,0,0,0,0,0,0,0,0,0,0,0,0,0,0,0,0,0,0,0,0,0,0,0,0,0,0,0,0,0,0,0,0,0,0,0,0,0,0,0,0,0,0,0,0,0,0,0,0,0,0,0,0
9,0,0,0,0,0,0,0,0,0,0,0,0,0,0,0,0,0,0,0,0,0,0,0,0,0,0,0,0,0,0,0,0,0,0,0,0,0,0,0,0,0,0,0,0,0,0,0,0,0,0,0,0,0,0,0,0,0,0,0,0,0,0,0,0,0,0,0,0,0,0,0,0,0,0,0,0,0,0,0,0,0,0,0,0,0,0,0,0,0,0,0,0,0,0,0,0,0,0,0,0,0,0,0,0,0,0,0,0,0,0,0,0,0,0,0,0,0,0,0,0,0,0,0,0,0,0,0,0,0,0,0,0,0,0,0,0,0,0,0,0,0,0,0,0,0,0,0,0,0,0,0,0,0,0,0,0,0,0,0,0,0,0,0,0,0,0,0,0,0,0,0,0,0,0,0,0,0,0,0,0,0,0,0,0,0,0,0,0,0,0,0,0,0,0,0,0,0,0,0,0,0,0,0,0,24,149,255,254,210,78,0,0,0,0,0,0,0,0,0,0,0,0,0,0,0,0,0,0,0,0,0,0,168,253,253,253,253,242,121,0,0,0,0,0,0,0,0,0,0,0,0,0,0,0,0,0,0,0,0,0,234,253,253,245,217,239,250,210,73,225,55,0,0,0,0,0,0,0,0,0,0,0,0,0,0,0,0,0,234,253,242,51,0,63,237,253,253,253,233,96,0,0,0,0,0,0,0,0,0,0,0,0,0,0,0,0,223,253,185,0,0,0,160,253,253,253,245,74,0,0,0,0,0,0,0,0,0,0,0,0,0,0,0,0,130,253,168,26,62,95,238,253,253,253,146,0,0,0,0,0,0,0,0,0,0,0,0,0,0,0,0,0,124,253,253,234,249,253,253,253,253,253,72,0,0,0,0,0,0,0,0,0,0,0,0,0,0,0,0,0,9,159,246,253,253,253,253,253,253,233,25,0,0,0,0,0,0,0,0,0,0,0,0,0,0,0,0,0,0,0,43,144,144,81,124,253,253,220,0,0,0,0,0,0,0,0,0,0,0,0,0,0,0,0,0,0,0,0,0,0,0,0,162,253,253,119,0,0,0,0,0,0,0,0,0,0,0,0,0,0,0,0,0,0,0,0,0,0,0,0,202,253,253,119,0,0,0,0,0,0,0,0,0,0,0,0,0,0,0,0,0,0,0,0,0,0,0,30,232,253,253,17,0,0,0,0,0,0,0,0,0,0,0,0,0,0,0,0,0,0,0,0,0,0,0,89,253,253,253,15,0,0,0,0,0,0,0,0,0,0,0,0,0,0,0,0,0,0,0,0,0,0,0,156,253,253,253,15,0,0,0,0,0,0,0,0,0,0,0,0,0,0,0,0,0,0,0,0,0,0,0,156,253,253,253,15,0,0,0,0,0,0,0,0,0,0,0,0,0,0,0,0,0,0,0,0,0,0,0,156,253,253,210,8,0,0,0,0,0,0,0,0,0,0,0,0,0,0,0,0,0,0,0,0,0,0,0,156,253,253,165,0,0,0,0,0,0,0,0,0,0,0,0,0,0,0,0,0,0,0,0,0,0,0,0,156,253,253,119,0,0,0,0,0,0,0,0,0,0,0,0,0,0,0,0,0,0,0,0,0,0,0,0,121,242,253,105,0,0,0,0,0,0,0,0,0,0,0,0,0,0,0,0,0,0,0,0,0,0,0,0,0,118,236,37,0,0,0,0,0,0,0,0,0,0,0,0,0,0,0,0,0,0,0,0,0,0,0,0,0,0,0,0,0,0,0,0,0,0,0,0,0,0,0
2,0,0,0,0,0,0,0,0,0,0,0,0,0,0,0,0,0,0,0,0,0,0,0,0,0,0,0,0,0,0,0,0,0,0,0,0,0,0,0,0,0,0,0,0,0,0,0,0,0,0,0,0,0,0,0,0,0,0,0,0,0,0,0,0,0,0,0,0,0,0,0,0,0,0,0,0,0,0,0,0,0,0,0,0,0,0,0,0,0,0,0,0,0,0,0,0,0,0,0,0,0,0,0,0,0,0,0,0,0,0,0,0,0,0,0,0,0,0,0,0,0,0,0,0,0,0,0,0,0,0,0,0,0,0,0,0,0,0,0,0,0,0,0,0,0,0,0,0,0,0,0,48,77,77,77,77,38,0,0,0,0,0,0,0,0,0,0,0,0,0,0,0,0,0,0,1,6,87,212,242,254,254,254,254,238,151,22,0,0,0,0,0,0,0,0,0,0,0,0,0,0,0,0,25,254,254,254,254,254,254,254,254,254,254,171,25,0,0,0,0,0,0,0,0,0,0,0,0,0,0,25,206,254,254,254,254,227,173,173,237,254,254,254,162,26,0,0,0,0,0,0,0,0,0,0,0,0,0,74,253,254,254,198,68,18,0,0,21,185,254,254,254,178,0,0,0,0,0,0,0,0,0,0,0,0,0,0,202,254,254,68,0,0,0,0,0,9,180,254,254,230,27,0,0,0,0,0,0,0,0,0,0,0,0,0,29,167,87,7,0,0,0,0,0,0,14,218,254,254,161,2,0,0,0,0,0,0,0,0,0,0,0,0,0,0,0,0,0,0,0,0,0,0,0,153,254,254,254,5,0,0,0,0,0,0,0,0,0,0,0,0,0,0,0,0,0,0,0,0,0,0,0,167,254,254,188,2,0,0,0,0,0,0,0,0,0,0,0,0,0,0,30,93,93,93,93,73,0,0,0,207,254,254,151,0,0,0,0,0,0,0,0,0,0,0,0,49,133,239,244,254,254,254,254,251,239,183,130,231,254,254,96,3,7,0,0,0,0,0,0,0,0,0,98,231,254,254,254,254,254,254,254,254,254,254,254,254,254,254,183,179,194,123,0,0,0,0,0,0,0,0,235,254,254,254,254,208,156,156,163,254,254,254,254,254,254,254,254,254,254,166,0,0,0,0,0,0,0,0,151,254,254,254,173,91,28,65,136,215,254,254,254,254,254,254,254,254,158,22,0,0,0,0,0,0,0,0,63,237,254,254,254,254,254,254,254,255,254,254,255,201,189,189,189,129,24,0,0,0,0,0,0,0,0,0,0,111,242,254,254,254,254,254,254,254,254,246,126,8,0,0,0,0,0,0,0,0,0,0,0,0,0,0,0,0,7,114,114,114,134,222,123,114,74,4,0,0,0,0,0,0,0,0,0,0,0,0,0,0,0,0,0,0,0,0,0,0,0,0,0,0,0,0,0,0,0,0,0,0,0,0,0,0,0,0,0,0,0,0,0,0,0,0,0,0,0,0,0,0,0,0,0,0,0,0,0,0,0,0,0,0,0,0,0,0,0,0,0,0,0,0,0,0,0,0,0,0,0,0,0,0,0,0,0,0,0,0,0,0,0,0,0,0,0,0,0,0,0,0,0,0,0,0,0,0,0,0,0,0,0,0,0,0,0,0,0,0,0,0,0,0,0,0,0,0,0,0,0,0,0,0,0,0,0,0,0,0,0,0,0,0,0,0,0,0,0,0,0,0,0,0,0,0,0,0,0,0,0,0,0,0,0,0,0,0,0,0,0,0,0,0,0,0,0
8,0,0,0,0,0,0,0,0,0,0,0,0,0,0,0,0,0,0,0,0,0,0,0,0,0,0,0,0,0,0,0,0,0,0,0,0,0,0,0,0,0,0,0,0,0,0,0,0,0,0,0,0,0,0,0,0,0,0,0,0,0,0,0,0,0,0,0,0,0,0,0,0,0,0,0,0,0,0,0,0,0,0,0,0,0,0,0,0,0,0,0,0,0,0,0,0,0,0,0,0,0,0,0,0,0,0,0,0,0,0,0,0,0,0,0,0,0,0,0,0,0,0,0,0,0,0,0,0,0,0,0,0,0,0,0,0,0,0,0,0,0,0,0,0,0,0,0,0,0,0,0,0,0,0,167,254,255,254,254,247,73,0,0,0,0,0,0,0,0,0,0,0,0,0,0,0,0,0,0,16,139,223,249,253,254,253,253,253,214,20,0,0,0,0,0,0,0,0,0,0,0,0,0,0,0,3,69,228,253,253,253,240,152,132,189,253,253,168,0,0,0,0,0,0,0,0,0,0,0,0,0,0,0,25,253,254,253,146,126,61,0,0,40,230,253,142,0,0,0,0,0,0,0,0,0,0,0,0,0,0,0,141,253,254,168,23,0,0,0,0,27,238,253,91,0,0,0,0,0,0,0,0,0,0,0,0,0,0,24,234,254,208,7,0,0,0,0,0,63,254,254,156,0,0,0,0,0,0,0,0,0,0,0,0,0,0,29,241,253,181,0,0,0,0,0,0,128,253,201,39,0,0,0,0,0,0,0,0,0,0,0,0,0,0,0,199,253,217,9,0,0,0,0,8,210,192,23,0,0,0,0,0,0,0,0,0,0,0,0,0,0,0,0,90,253,254,128,0,0,0,0,94,250,102,0,0,0,0,0,0,0,0,0,0,0,0,0,0,0,0,0,12,194,254,237,58,0,0,0,113,120,0,0,0,0,0,0,0,0,0,0,0,0,0,0,0,0,0,0,0,33,255,254,241,61,0,0,0,0,0,0,0,0,0,0,0,0,0,0,0,0,0,0,0,0,0,0,0,0,76,243,253,239,81,55,74,145,145,177,145,114,0,0,0,0,0,0,0,0,0,0,0,0,0,0,0,14,95,244,253,253,253,254,253,253,237,216,191,67,0,0,0,0,0,0,0,0,0,0,0,0,0,0,60,218,254,253,253,253,253,254,100,54,31,0,0,0,0,0,0,0,0,0,0,0,0,0,0,0,0,27,238,253,254,233,162,201,253,254,83,0,0,0,0,0,0,0,0,0,0,0,0,0,0,0,0,0,0,37,254,254,182,7,0,0,182,255,109,0,0,0,0,0,0,0,0,0,0,0,0,0,0,0,0,0,0,29,241,253,111,0,0,0,181,254,173,0,0,0,0,0,0,0,0,0,0,0,0,0,0,0,0,0,0,0,154,253,243,114,37,76,217,254,140,0,0,0,0,0,0,0,0,0,0,0,0,0,0,0,0,0,0,0,37,248,254,253,253,253,253,248,68,0,0,0,0,0,0,0,0,0,0,0,0,0,0,0,0,0,0,0,0,52,163,247,253,253,220,84,0,0,0,0,0,0,0,0,0,0,0,0,0,0,0,0,0,0,0,0,0,0,0,0,0,0,0,0,0,0,0,0,0,0,0,0,0,0,0,0,0,0,0,0,0,0,0,0,0,0,0,0,0,0,0,0,0,0,0,0,0,0,0,0,0,0,0,0,0,0,0,0,0,0,0,0,0,0,0,0,0,0,0,0,0,0,0,0,0,0,0,0,0,0,0
6,0,0,0,0,0,0,0,0,0,0,0,0,0,0,0,0,0,0,0,0,0,0,0,0,0,0,0,0,0,0,0,0,0,0,0,0,0,0,0,0,0,0,0,0,0,0,0,0,0,0,0,0,0,0,0,0,0,0,0,0,0,0,0,0,0,0,0,0,0,0,0,111,254,58,0,0,0,0,0,0,0,0,0,0,0,0,0,0,0,0,0,0,0,0,0,0,0,0,78,255,236,114,0,0,0,0,0,0,0,0,0,0,0,0,0,0,0,0,0,0,0,0,0,0,0,0,154,254,96,0,0,0,0,0,0,0,0,0,0,0,0,0,0,0,0,0,0,0,0,0,0,0,0,132,252,213,4,0,0,0,0,0,0,0,0,0,0,0,0,0,0,0,0,0,0,0,0,0,0,0,34,202,253,39,0,0,0,0,0,0,0,0,0,0,0,0,0,0,0,0,0,0,0,0,0,0,0,9,232,253,166,0,0,0,0,0,0,0,0,0,0,0,0,0,0,0,0,0,0,0,0,0,0,0,0,118,253,177,12,0,0,0,0,0,0,0,0,0,0,0,0,0,0,0,0,0,0,0,0,0,0,0,55,245,246,54,0,0,0,0,0,0,0,0,0,0,0,0,0,0,0,0,0,0,0,0,0,0,0,0,123,253,175,0,0,0,0,0,0,0,0,0,0,0,0,0,0,0,0,0,0,0,0,0,0,0,0,25,223,244,13,0,0,0,0,0,0,0,0,0,0,0,0,0,0,0,0,0,0,0,0,0,0,0,0,119,254,229,0,0,0,0,0,0,0,0,0,0,0,0,0,0,0,0,0,0,0,0,0,0,0,0,0,166,253,103,0,0,0,9,67,158,177,153,44,0,0,0,0,0,0,0,0,0,0,0,0,0,0,0,9,200,253,22,0,31,148,217,253,253,253,253,200,9,0,0,0,0,0,0,0,0,0,0,0,0,0,0,11,207,253,90,90,218,253,252,231,139,190,253,246,20,0,0,0,0,0,0,0,0,0,0,0,0,0,0,0,166,253,253,253,236,150,77,0,22,207,253,140,0,0,0,0,0,0,0,0,0,0,0,0,0,0,0,0,166,253,253,238,67,0,0,0,138,253,210,12,0,0,0,0,0,0,0,0,0,0,0,0,0,0,0,0,65,253,253,230,32,0,2,118,250,238,55,0,0,0,0,0,0,0,0,0,0,0,0,0,0,0,0,0,22,137,250,253,180,155,168,253,253,102,0,0,0,0,0,0,0,0,0,0,0,0,0,0,0,0,0,0,0,0,117,253,253,253,254,253,145,3,0,0,0,0,0,0,0,0,0,0,0,0,0,0,0,0,0,0,0,0,2,33,115,191,143,66,6,0,0,0,0,0,0,0,0,0,0,0,0,0,0,0,0,0,0,0,0,0,0,0,0,0,0,0,0,0,0,0,0,0,0,0,0,0,0,0,0,0,0,0,0,0,0,0,0,0,0,0,0,0,0,0,0,0,0,0,0,0,0,0,0,0,0,0,0,0,0,0,0,0,0,0,0,0,0,0,0,0,0,0,0,0,0,0,0,0,0,0,0,0,0,0,0,0,0,0,0,0,0,0,0,0,0,0,0,0,0,0,0,0,0,0,0,0,0,0,0,0,0,0,0,0,0,0,0,0,0,0,0,0,0,0,0,0,0,0,0,0,0,0,0,0,0,0,0,0,0,0,0,0,0,0,0,0,0,0,0,0,0,0,0,0,0,0,0,0,0,0,0,0,0,0,0,0,0
1,0,0,0,0,0,0,0,0,0,0,0,0,0,0,0,0,0,0,0,0,0,0,0,0,0,0,0,0,0,0,0,0,0,0,0,0,0,0,0,0,0,0,0,0,0,0,0,0,0,0,0,0,0,0,0,0,0,0,0,0,0,0,0,0,0,0,0,0,0,0,0,0,0,0,0,0,0,0,0,0,0,0,0,0,0,0,0,0,0,0,0,0,0,0,0,0,0,0,0,0,0,0,0,0,0,0,0,0,0,0,0,0,0,0,0,0,0,0,0,0,0,0,0,0,0,0,0,0,0,0,0,0,0,0,0,0,0,0,0,0,0,0,0,0,0,0,0,0,0,0,0,0,0,0,231,240,29,0,0,0,0,0,0,0,0,0,0,0,0,0,0,0,0,0,0,0,0,0,0,0,0,15,254,253,47,0,0,0,0,0,0,0,0,0,0,0,0,0,0,0,0,0,0,0,0,0,0,0,0,78,254,253,52,0,0,0,0,0,0,0,0,0,0,0,0,0,0,0,0,0,0,0,0,0,0,0,0,7,254,253,108,0,0,0,0,0,0,0,0,0,0,0,0,0,0,0,0,0,0,0,0,0,0,0,0,78,254,253,108,0,0,0,0,0,0,0,0,0,0,0,0,0,0,0,0,0,0,0,0,0,0,0,0,78,254,253,84,0,0,0,0,0,0,0,0,0,0,0,0,0,0,0,0,0,0,0,0,0,0,0,0,5,254,253,108,0,0,0,0,0,0,0,0,0,0,0,0,0,0,0,0,0,0,0,0,0,0,0,0,57,254,253,51,0,0,0,0,0,0,0,0,0,0,0,0,0,0,0,0,0,0,0,0,0,0,0,0,78,254,253,31,0,0,0,0,0,0,0,0,0,0,0,0,0,0,0,0,0,0,0,0,0,0,0,0,78,254,253,77,0,0,0,0,0,0,0,0,0,0,0,0,0,0,0,0,0,0,0,0,0,0,0,0,78,255,254,101,0,0,0,0,0,0,0,0,0,0,0,0,0,0,0,0,0,0,0,0,0,0,0,0,78,254,245,25,0,0,0,0,0,0,0,0,0,0,0,0,0,0,0,0,0,0,0,0,0,0,0,0,166,254,186,0,0,0,0,0,0,0,0,0,0,0,0,0,0,0,0,0,0,0,0,0,0,0,0,20,239,254,130,0,0,0,0,0,0,0,0,0,0,0,0,0,0,0,0,0,0,0,0,0,0,0,0,54,253,254,119,0,0,0,0,0,0,0,0,0,0,0,0,0,0,0,0,0,0,0,0,0,0,0,0,73,253,241,25,0,0,0,0,0,0,0,0,0,0,0,0,0,0,0,0,0,0,0,0,0,0,0,20,232,253,156,0,0,0,0,0,0,0,0,0,0,0,0,0,0,0,0,0,0,0,0,0,0,0,0,41,253,244,21,0,0,0,0,0,0,0,0,0,0,0,0,0,0,0,0,0,0,0,0,0,0,0,0,125,253,176,0,0,0,0,0,0,0,0,0,0,0,0,0,0,0,0,0,0,0,0,0,0,0,0,0,138,253,107,0,0,0,0,0,0,0,0,0,0,0,0,0,0,0,0,0,0,0,0,0,0,0,0,0,0,0,0,0,0,0,0,0,0,0,0,0,0,0,0,0,0,0,0,0,0,0,0,0,0,0,0,0,0,0,0,0,0,0,0,0,0,0,0,0,0,0,0,0,0,0,0,0,0,0,0,0,0,0,0,0,0,0,0,0,0,0,0,0,0,0,0,0,0,0,0,0,0
9,0,0,0,0,0,0,0,0,0,0,0,0,0,0,0,0,0,0,0,0,0,0,0,0,0,0,0,0,0,0,0,0,0,0,0,0,0,0,0,0,0,0,0,0,0,0,0,0,0,0,0,0,0,0,0,0,0,0,0,0,0,0,0,0,0,0,0,0,0,0,0,0,0,0,0,0,0,0,0,0,0,0,0,0,0,0,0,0,0,0,0,0,0,0,0,0,0,0,0,0,0,0,0,0,0,0,0,0,0,0,0,0,0,0,0,0,0,0,0,0,0,0,0,0,0,0,0,0,0,0,0,0,0,0,0,0,0,0,0,0,0,0,0,0,0,0,0,0,0,0,0,0,0,0,0,0,0,0,0,0,0,0,0,0,0,0,0,0,0,0,0,0,0,0,0,0,0,0,0,0,0,0,21,128,112,195,166,116,11,0,0,0,0,0,0,0,0,0,0,0,0,0,0,0,0,0,0,0,0,81,228,254,231,192,160,249,166,52,0,0,0,0,0,0,0,0,0,0,0,0,0,0,0,0,0,14,153,242,171,47,17,0,0,73,254,138,0,0,0,0,0,0,0,0,0,0,0,0,0,0,0,2,36,192,246,140,23,0,0,0,0,111,254,63,0,0,0,0,0,0,0,0,0,0,0,0,0,0,2,94,254,240,85,0,0,0,0,0,93,250,143,11,0,0,0,0,0,0,0,0,0,0,0,0,0,2,63,248,95,25,0,0,0,0,0,3,160,212,10,0,0,0,0,0,0,0,0,0,0,0,0,0,0,128,239,49,0,0,0,0,0,0,0,111,254,82,0,0,0,0,0,0,0,0,0,0,0,0,0,0,49,244,73,0,0,0,0,0,0,0,3,224,187,8,0,0,0,0,0,0,0,0,0,0,0,0,0,0,70,219,0,0,0,0,0,0,0,43,213,254,78,0,0,0,0,0,0,0,0,0,0,0,0,0,0,0,92,219,0,0,0,45,35,16,0,6,205,240,7,0,0,0,0,0,0,0,0,0,0,0,0,0,0,0,44,232,211,179,179,245,129,27,0,72,254,100,0,0,0,0,0,0,0,0,0,0,0,0,0,0,0,0,0,60,168,202,147,43,0,0,3,201,245,20,0,0,0,0,0,0,0,0,0,0,0,0,0,0,0,0,0,0,0,0,0,0,0,0,34,254,159,0,0,0,0,0,0,0,0,0,0,0,0,0,0,0,0,0,0,0,0,0,0,0,0,0,181,254,71,0,0,0,0,0,0,0,0,0,0,0,0,0,0,0,0,0,0,0,0,0,0,0,0,12,222,243,28,0,0,0,0,0,0,0,0,0,0,0,0,0,0,0,0,0,0,0,0,0,0,0,0,45,254,167,0,0,0,0,0,0,0,0,0,0,0,0,0,0,0,0,0,0,0,0,0,0,0,0,0,136,254,58,0,0,0,0,0,0,0,0,0,0,0,0,0,0,0,0,0,0,0,0,0,0,0,0,0,224,240,32,0,0,0,0,0,0,0,0,0,0,0,0,0,0,0,0,0,0,0,0,0,0,0,0,0,224,191,0,0,0,0,0,0,0,0,0,0,0,0,0,0,0,0,0,0,0,0,0,0,0,0,0,0,192,223,0,0,0,0,0,0,0,0,0,0,0,0,0,0,0,0,0,0,0,0,0,0,0,0,0,0,0,0,0,0,0,0,0,0,0,0,0,0,0,0,0,0,0,0,0,0,0,0,0,0,0,0,0,0,0,0,0,0,0,0,0,0,0,0,0,0,0,0,0
5,0,0,0,0,0,0,0,0,0,0,0,0,0,0,0,0,0,0,0,0,0,0,0,0,0,0,0,0,0,0,0,0,0,0,0,0,0,0,0,0,0,0,0,0,0,0,0,0,0,0,0,0,0,0,0,0,0,0,0,0,0,0,0,0,0,0,0,0,0,0,0,0,0,0,0,0,0,0,0,0,0,0,0,0,0,0,0,0,0,0,0,0,0,0,0,0,0,0,0,0,0,0,0,0,0,0,0,0,0,0,0,0,0,0,0,0,0,0,0,0,0,0,0,0,0,0,0,0,0,2,13,42,168,116,2,0,0,0,0,0,0,0,0,0,0,0,0,0,0,0,0,12,21,25,25,146,145,161,253,253,253,204,15,0,0,0,0,0,0,0,0,0,0,0,0,0,0,27,72,203,240,253,253,254,253,253,253,253,253,94,0,0,0,0,0,0,0,0,0,0,0,0,0,0,0,182,253,253,253,253,253,254,253,223,237,218,205,39,0,0,0,0,0,0,0,0,0,0,0,0,0,0,0,182,253,253,230,222,193,130,72,28,48,21,0,0,0,0,0,0,0,0,0,0,0,0,0,0,0,0,0,147,253,96,37,29,0,0,0,0,0,0,0,0,0,0,0,0,0,0,0,0,0,0,0,0,0,0,0,61,253,48,0,0,0,0,0,0,0,0,0,0,0,0,0,0,0,0,0,0,0,0,0,0,0,0,0,165,253,167,218,218,218,98,42,0,0,0,0,0,0,0,0,0,0,0,0,0,0,0,0,0,0,0,97,247,253,253,253,253,253,254,228,94,0,0,0,0,0,0,0,0,0,0,0,0,0,0,0,0,0,0,170,253,253,253,253,253,253,254,253,252,81,0,0,0,0,0,0,0,0,0,0,0,0,0,0,0,0,0,162,213,122,81,0,111,122,186,254,254,231,44,0,0,0,0,0,0,0,0,0,0,0,0,0,0,0,0,0,0,0,0,0,0,0,6,109,198,253,193,0,0,0,0,0,0,0,0,0,0,0,0,0,0,0,0,0,0,0,0,0,0,0,0,0,78,241,230,38,0,0,0,0,0,0,0,0,0,0,0,0,0,0,0,0,12,49,49,7,0,0,0,0,0,170,253,83,0,0,0,0,0,0,0,0,0,0,0,0,0,0,9,142,199,253,106,10,0,0,0,0,0,112,253,180,0,0,0,0,0,0,0,0,0,0,0,0,0,0,37,253,253,106,12,0,0,0,0,0,11,194,253,146,0,0,0,0,0,0,0,0,0,0,0,0,0,0,7,185,253,182,57,0,0,0,0,49,167,253,253,60,0,0,0,0,0,0,0,0,0,0,0,0,0,0,0,47,226,253,241,172,98,98,219,238,253,253,201,9,0,0,0,0,0,0,0,0,0,0,0,0,0,0,0,0,46,228,253,253,253,253,254,253,253,180,52,0,0,0,0,0,0,0,0,0,0,0,0,0,0,0,0,0,0,9,11,116,242,253,254,242,115,4,0,0,0,0,0,0,0,0,0,0,0,0,0,0,0,0,0,0,0,0,0,0,0,0,0,0,0,0,0,0,0,0,0,0,0,0,0,0,0,0,0,0,0,0,0,0,0,0,0,0,0,0,0,0,0,0,0,0,0,0,0,0,0,0,0,0,0,0,0,0,0,0,0,0,0,0,0,0,0,0,0,0,0,0,0,0,0,0,0,0,0,0,0,0,0,0,0,0,0,0,0,0,0,0,0,0,0,0,0,0,0,0,0,0,0,0,0,0,0,0,0
2,0,0,0,0,0,0,0,0,0,0,0,0,0,0,0,0,0,0,0,0,0,0,0,0,0,0,0,0,0,0,0,0,0,0,0,0,0,0,0,0,0,0,0,0,0,0,0,0,0,0,0,0,0,0,0,0,0,0,0,0,0,0,0,0,0,0,0,0,0,0,0,0,0,0,0,0,0,0,0,0,0,0,0,0,0,0,0,0,0,0,0,0,0,0,1,86,151,194,255,224,130,32,0,0,0,0,0,0,0,0,0,0,0,0,0,0,0,0,0,0,0,0,99,253,253,253,253,253,253,219,33,0,0,0,0,0,0,0,0,0,0,0,0,0,0,0,0,0,0,0,84,244,213,111,111,145,253,253,172,0,0,0,0,0,0,0,0,0,0,0,0,0,0,0,0,0,0,0,0,52,0,0,0,63,253,253,180,5,0,0,0,0,0,0,0,0,0,0,0,0,0,0,0,0,0,0,0,0,0,0,0,32,223,253,204,17,0,0,0,0,0,0,0,0,0,0,0,0,0,0,0,0,0,0,0,0,0,0,0,63,253,253,172,0,0,0,0,0,0,0,0,0,0,0,0,0,0,0,0,0,0,0,0,0,0,0,0,63,253,253,212,21,0,0,0,0,0,0,0,0,0,0,0,0,0,0,0,0,0,0,0,0,0,0,0,63,253,253,172,0,0,0,0,0,0,0,0,0,0,0,0,0,0,0,0,0,0,0,0,0,0,0,0,150,253,253,172,0,0,0,0,0,0,0,0,0,0,0,0,0,0,0,0,0,0,0,0,0,0,0,14,203,253,253,172,0,0,0,0,0,0,0,0,0,0,0,0,0,0,0,0,0,0,0,0,0,0,0,150,253,253,253,79,0,0,0,0,0,0,0,0,0,0,0,0,0,0,0,0,0,0,0,0,48,75,100,237,253,253,217,25,0,0,0,0,0,0,0,0,0,0,0,0,0,0,0,0,0,46,141,157,236,253,253,253,253,253,253,214,205,99,190,144,90,44,0,0,0,0,0,0,0,0,0,0,47,181,253,253,253,253,253,253,253,253,253,226,239,253,253,253,253,234,66,0,0,0,0,0,0,0,0,6,237,253,253,253,253,253,253,253,230,127,37,25,31,37,37,37,151,103,1,0,0,0,0,0,0,0,0,7,253,253,244,79,172,253,253,253,191,0,0,0,0,0,0,0,0,0,0,0,0,0,0,0,0,0,0,120,253,253,177,29,245,253,253,178,51,0,0,0,0,0,0,0,0,0,0,0,0,0,0,0,0,0,0,130,253,181,86,238,253,253,231,42,0,0,0,0,0,0,0,0,0,0,0,0,0,0,0,0,0,0,0,73,253,247,249,253,253,175,49,0,0,0,0,0,0,0,0,0,0,0,0,0,0,0,0,0,0,0,0,1,73,199,241,129,51,2,0,0,0,0,0,0,0,0,0,0,0,0,0,0,0,0,0,0,0,0,0,0,0,0,0,0,0,0,0,0,0,0,0,0,0,0,0,0,0,0,0,0,0,0,0,0,0,0,0,0,0,0,0,0,0,0,0,0,0,0,0,0,0,0,0,0,0,0,0,0,0,0,0,0,0,0,0,0,0,0,0,0,0,0,0,0,0,0,0,0,0,0,0,0,0,0,0,0,0,0,0,0,0,0,0,0,0,0,0,0,0,0,0,0,0,0,0,0,0,0,0,0,0,0,0,0,0,0,0,0,0,0,0,0,0,0,0,0,0,0,0,0,0,0,0,0,0,0,0,0,0,0,0,0,0
5,0,0,0,0,0,0,0,0,0,0,0,0,0,0,0,0,0,0,0,0,0,0,0,0,0,0,0,0,0,0,0,0,0,0,0,0,0,0,0,0,0,0,0,0,0,0,0,0,0,0,0,0,0,0,0,0,0,0,0,0,0,0,0,0,0,0,0,0,0,0,0,0,0,0,0,0,0,0,0,0,0,0,0,0,0,0,0,0,0,0,0,0,0,0,0,0,0,0,0,0,0,0,0,0,0,0,0,0,0,0,0,0,0,0,0,0,0,0,0,0,0,0,0,0,0,0,0,120,239,254,177,0,0,0,0,0,0,0,0,0,0,0,0,0,0,0,0,0,0,0,0,0,0,34,192,254,251,247,213,0,0,0,0,0,0,0,0,0,0,0,0,0,0,0,0,0,0,0,0,74,175,247,253,205,86,108,213,0,0,0,0,0,0,0,0,0,0,0,0,0,0,0,0,0,0,53,159,250,253,231,138,8,0,67,143,0,0,0,0,0,0,0,0,0,0,0,0,0,0,0,0,0,16,195,254,245,155,34,0,0,0,0,0,0,0,0,0,0,0,0,0,0,0,0,0,0,0,0,0,0,40,254,241,105,0,0,0,0,0,0,0,0,0,0,0,0,0,0,0,0,0,0,0,0,0,0,0,0,21,226,222,26,0,0,0,0,0,0,0,0,0,0,0,0,0,0,0,0,0,0,0,0,0,0,0,0,0,165,254,209,55,0,0,0,0,0,0,0,0,0,0,0,0,0,0,0,0,0,0,0,0,0,0,0,0,8,186,253,247,166,40,0,0,0,0,0,0,0,0,0,0,0,0,0,0,0,0,0,0,0,0,0,0,0,14,148,253,253,253,135,53,0,0,0,0,0,0,0,0,0,0,0,0,0,0,0,0,0,0,0,0,0,0,0,31,188,240,255,208,127,27,0,0,0,0,0,0,0,0,0,0,0,0,0,0,0,0,0,0,0,0,0,0,0,30,122,242,253,217,80,0,0,0,0,0,0,0,0,0,0,0,0,0,0,0,0,0,0,0,0,0,0,0,0,36,169,253,253,99,0,0,0,0,0,0,0,0,0,0,0,0,0,0,0,0,0,0,0,0,0,0,0,0,6,130,253,227,21,0,0,0,0,0,0,0,0,0,0,0,0,0,0,0,0,0,0,0,0,0,0,0,0,24,230,254,39,0,0,0,0,0,0,0,0,0,0,0,0,0,0,10,36,0,0,0,0,0,0,0,0,62,254,255,39,0,0,0,0,0,0,0,0,0,0,0,0,0,0,85,155,0,0,0,0,0,0,0,44,228,253,219,21,0,0,0,0,0,0,0,0,0,0,0,0,0,0,69,223,117,12,0,0,0,19,86,229,253,253,98,0,0,0,0,0,0,0,0,0,0,0,0,0,0,0,18,206,254,229,204,234,234,239,253,253,231,101,8,0,0,0,0,0,0,0,0,0,0,0,0,0,0,0,0,23,119,238,253,253,253,254,207,88,27,0,0,0,0,0,0,0,0,0,0,0,0,0,0,0,0,0,0,0,0,0,0,0,0,0,0,0,0,0,0,0,0,0,0,0,0,0,0,0,0,0,0,0,0,0,0,0,0,0,0,0,0,0,0,0,0,0,0,0,0,0,0,0,0,0,0,0,0,0,0,0,0,0,0,0,0,0,0,0,0,0,0,0,0,0,0,0,0,0,0,0,0,0,0,0,0,0,0,0,0,0,0,0,0,0,0,0,0,0,0,0,0,0,0,0,0,0,0,0,0,0
4,0,0,0,0,0,0,0,0,0,0,0,0,0,0,0,0,0,0,0,0,0,0,0,0,0,0,0,0,0,0,0,0,0,0,0,0,0,0,0,0,0,0,0,0,0,0,0,0,0,0,0,0,0,0,0,0,0,0,0,0,0,0,0,0,0,0,0,0,0,0,0,0,0,0,0,0,0,0,0,0,0,0,0,0,0,0,0,0,0,0,0,0,0,0,0,0,0,0,0,0,0,0,0,0,0,0,0,0,0,0,0,0,0,0,0,0,0,0,0,0,0,0,0,0,0,0,0,0,0,0,0,0,0,0,0,0,0,0,0,0,0,0,0,0,0,0,0,0,0,0,0,0,0,0,0,0,0,0,0,0,0,0,0,0,0,0,0,0,0,0,0,0,0,0,0,0,74,160,0,0,0,0,0,0,0,0,0,202,94,0,0,0,0,0,0,0,0,0,0,0,0,0,0,0,197,251,48,0,0,0,0,0,0,0,0,179,178,0,0,0,0,0,0,0,0,0,0,0,0,0,0,0,153,254,80,0,0,0,0,0,0,0,0,192,214,0,0,0,0,0,0,0,0,0,0,0,0,0,0,0,113,254,197,15,0,0,0,0,0,0,57,251,201,0,0,0,0,0,0,0,0,0,0,0,0,0,0,0,151,254,217,53,0,0,0,0,0,0,68,254,125,0,0,0,0,0,0,0,0,0,0,0,0,0,0,65,241,254,134,0,0,0,0,0,0,0,68,254,94,0,0,0,0,0,0,0,0,0,0,0,0,0,0,215,254,254,80,0,0,0,0,0,0,0,68,254,125,0,0,0,0,0,0,0,0,0,0,0,0,0,0,215,254,254,106,0,0,0,0,0,0,0,68,254,68,0,0,0,0,0,0,0,0,0,0,0,0,0,0,28,224,254,249,237,154,132,90,59,59,38,173,254,36,0,0,0,0,0,0,0,0,0,0,0,0,0,0,32,248,254,254,254,254,254,254,254,254,244,254,245,29,0,0,0,0,0,0,0,0,0,0,0,0,0,0,122,254,253,193,109,44,44,44,51,133,172,254,201,0,0,0,0,0,0,0,0,0,0,0,0,0,0,0,168,237,133,0,0,0,0,0,0,0,81,254,201,0,0,0,0,0,0,0,0,0,0,0,0,0,0,0,0,0,0,0,0,0,0,0,0,0,81,254,201,0,0,0,0,0,0,0,0,0,0,0,0,0,0,0,0,0,0,0,0,0,0,0,0,0,81,254,141,0,0,0,0,0,0,0,0,0,0,0,0,0,0,0,0,0,0,0,0,0,0,0,0,0,81,254,88,0,0,0,0,0,0,0,0,0,0,0,0,0,0,0,0,0,0,0,0,0,0,0,0,0,81,254,22,0,0,0,0,0,0,0,0,0,0,0,0,0,0,0,0,0,0,0,0,0,0,0,0,0,127,254,22,0,0,0,0,0,0,0,0,0,0,0,0,0,0,0,0,0,0,0,0,0,0,0,0,0,170,224,12,0,0,0,0,0,0,0,0,0,0,0,0,0,0,0,0,0,0,0,0,0,0,0,0,2,204,235,16,0,0,0,0,0,0,0,0,0,0,0,0,0,0,0,0,0,0,0,0,0,0,0,0,68,254,187,0,0,0,0,0,0,0,0,0,0,0,0,0,0,0,0,0,0,0,0,0,0,0,0,0,0,0,0,0,0,0,0,0,0,0,0,0,0,0,0,0,0,0,0,0,0,0,0,0,0,0,0,0,0,0,0,0,0,0,0,0,0,0,0,0
4,0,0,0,0,0,0,0,0,0,0,0,0,0,0,0,0,0,0,0,0,0,0,0,0,0,0,0,0,0,0,0,0,0,0,0,0,0,0,0,0,0,0,0,0,0,0,0,0,0,0,0,0,0,0,0,0,0,0,0,0,0,0,0,0,0,0,0,0,0,0,0,0,0,0,0,0,0,0,0,0,0,0,0,0,0,0,0,0,0,0,0,0,0,0,0,0,0,0,0,0,0,0,149,253,131,0,0,0,0,0,0,0,0,0,0,0,0,0,0,0,0,0,0,0,0,0,0,0,0,0,253,252,227,29,0,0,0,0,0,0,0,0,0,0,0,0,0,0,0,0,0,0,0,0,0,0,0,32,253,252,252,45,0,0,0,0,0,0,0,0,0,0,0,0,0,0,0,0,0,0,0,0,0,0,0,116,253,252,227,29,0,0,0,0,0,0,0,0,0,0,0,0,0,0,0,0,0,0,0,0,0,0,0,116,253,252,183,0,0,0,0,0,0,0,0,0,0,0,0,0,0,0,0,0,0,0,0,0,0,0,0,116,255,253,69,0,0,0,0,0,0,0,0,0,0,0,0,0,0,0,0,0,0,0,0,0,0,0,0,136,253,252,69,0,0,0,0,0,0,0,0,0,0,0,0,0,100,48,0,0,0,0,0,0,0,0,0,230,253,252,69,0,0,0,0,0,0,0,0,0,0,0,0,26,224,232,0,0,0,0,0,0,0,0,34,238,253,252,69,0,0,0,0,0,0,0,0,0,0,0,0,70,252,252,158,0,0,0,0,0,0,0,144,252,253,231,37,0,0,0,0,0,0,0,0,0,0,0,0,132,253,253,221,0,0,0,0,0,0,0,208,253,255,144,0,0,0,0,0,0,0,0,0,0,0,0,0,184,252,252,95,0,0,0,0,0,0,0,207,252,239,33,0,0,0,0,0,0,0,0,0,0,0,0,34,234,252,252,0,0,0,0,32,0,32,83,240,252,230,0,0,0,0,0,0,0,0,0,0,0,0,0,47,252,252,252,208,207,207,207,228,208,228,240,252,252,230,0,0,0,0,0,0,0,0,0,0,0,0,0,26,221,252,252,253,252,252,252,252,253,252,252,252,252,230,0,0,0,0,0,0,0,0,0,0,0,0,0,0,85,210,230,231,230,199,116,116,53,0,81,253,253,168,0,0,0,0,0,0,0,0,0,0,0,0,0,0,0,0,0,0,0,0,0,0,0,0,184,252,252,116,0,0,0,0,0,0,0,0,0,0,0,0,0,0,0,0,0,0,0,0,0,0,0,0,184,252,252,116,0,0,0,0,0,0,0,0,0,0,0,0,0,0,0,0,0,0,0,0,0,0,0,0,65,236,252,116,0,0,0,0,0,0,0,0,0,0,0,0,0,0,0,0,0,0,0,0,0,0,0,0,0,113,189,11,0,0,0,0,0,0,0,0,0,0,0,0,0,0,0,0,0,0,0,0,0,0,0,0,0,0,0,0,0,0,0,0,0,0,0,0,0,0,0,0,0,0,0,0,0,0,0,0,0,0,0,0,0,0,0,0,0,0,0,0,0,0,0,0,0,0,0,0,0,0,0,0,0,0,0,0,0,0,0,0,0,0,0,0,0,0,0,0,0,0,0,0,0,0,0,0,0,0,0,0,0,0,0,0,0,0,0,0,0,0,0,0,0,0,0,0,0,0,0,0,0,0,0,0,0,0,0,0,0,0,0,0,0,0,0,0,0,0,0,0,0,0,0,0,0,0,0,0,0
2,0,0,0,0,0,0,0,0,0,0,0,0,0,0,0,0,0,0,0,0,0,0,0,0,0,0,0,0,0,0,0,0,0,0,0,0,0,0,0,0,0,0,0,0,0,0,0,0,0,0,0,0,0,0,0,0,0,0,0,0,0,0,0,0,0,0,0,0,0,0,0,0,0,0,0,0,0,0,0,0,0,0,0,0,0,0,0,0,0,0,0,0,0,0,0,0,0,0,0,0,0,0,0,0,0,0,0,0,0,0,0,0,0,0,0,0,0,0,0,0,0,0,0,30,137,77,124,202,255,255,139,13,0,0,0,0,0,0,0,0,0,0,0,0,0,0,0,0,0,0,0,195,253,253,253,253,253,253,253,206,64,0,0,0,0,0,0,0,0,0,0,0,0,0,0,0,0,10,197,221,253,252,248,91,104,181,249,253,197,5,0,0,0,0,0,0,0,0,0,0,0,0,0,0,0,0,20,218,251,120,0,0,0,0,28,253,253,113,0,0,0,0,0,0,0,0,0,0,0,0,0,0,0,0,51,214,202,0,0,0,0,0,7,193,253,218,56,0,0,0,0,0,0,0,0,0,0,0,0,0,0,0,107,253,226,0,0,0,0,0,2,177,253,253,75,0,0,0,0,0,0,0,0,0,0,0,0,0,0,0,19,217,237,0,0,0,0,0,28,253,253,253,75,0,0,0,0,0,0,0,0,0,0,0,0,0,0,0,0,83,230,0,0,0,0,0,111,253,253,228,18,0,0,0,0,0,0,0,0,0,0,0,0,0,0,0,0,0,18,0,0,0,0,0,188,253,253,214,0,0,0,0,0,0,0,0,0,0,0,0,0,0,0,0,0,0,0,0,0,0,0,0,244,253,253,90,0,0,0,0,0,0,0,0,0,0,0,0,0,0,0,0,0,0,0,0,0,0,0,78,251,253,216,3,0,0,0,0,0,0,0,0,0,0,0,0,0,0,0,0,0,0,0,0,0,0,6,157,253,248,92,0,0,0,0,0,0,0,0,0,0,0,0,0,55,168,168,168,168,131,31,0,0,40,188,253,253,163,0,0,0,0,0,0,0,0,0,0,0,0,0,104,247,253,253,253,253,253,230,206,121,177,253,253,231,16,0,0,0,0,0,0,0,0,0,0,0,0,0,184,253,253,253,253,253,242,253,253,253,253,253,253,19,0,0,0,0,0,0,0,0,0,0,0,0,0,0,184,253,242,154,81,81,46,120,253,253,253,253,253,10,0,0,0,0,0,0,0,0,0,0,0,0,0,0,184,253,210,0,5,170,211,232,253,253,245,105,150,6,0,0,0,0,0,0,0,0,0,0,0,0,0,0,184,253,234,107,227,253,253,253,253,228,64,0,0,0,0,0,0,0,0,0,0,0,0,0,0,0,0,0,108,253,253,253,253,253,253,242,75,16,0,0,0,0,0,0,0,0,0,0,0,0,0,0,0,0,0,0,12,131,163,253,253,186,109,35,0,0,0,0,0,0,0,0,0,0,0,0,0,0,0,0,0,0,0,0,0,0,0,0,0,0,0,0,0,0,0,0,0,0,0,0,0,0,0,0,0,0,0,0,0,0,0,0,0,0,0,0,0,0,0,0,0,0,0,0,0,0,0,0,0,0,0,0,0,0,0,0,0,0,0,0,0,0,0,0,0,0,0,0,0,0,0,0,0,0,0,0,0,0,0,0,0,0,0,0,0,0,0,0,0,0,0,0,0,0,0,0,0,0,0,0,0,0,0,0,0,0,0,0,0,0,0
8,0,0,0,0,0,0,0,0,0,0,0,0,0,0,0,0,0,0,0,0,0,0,0,0,0,0,0,0,0,0,0,0,0,0,0,0,0,0,0,0,0,0,0,0,0,0,0,0,0,0,0,0,0,0,0,0,0,0,0,0,0,0,0,0,0,0,0,0,0,0,0,0,0,0,0,0,0,0,0,0,0,0,0,0,0,0,0,0,0,0,0,0,0,0,0,0,0,0,0,0,0,0,0,0,0,0,0,0,0,0,0,0,0,0,0,0,0,0,0,0,0,0,0,0,0,0,0,0,0,0,0,0,0,0,0,0,0,0,0,0,0,0,0,0,0,0,0,0,0,0,0,0,0,0,43,148,245,253,104,0,0,0,0,0,0,0,0,0,0,0,0,0,0,0,0,0,116,116,0,0,0,116,227,252,252,252,226,0,0,0,0,0,0,0,0,0,0,0,0,0,0,0,0,0,158,250,197,30,162,240,214,126,126,210,244,0,0,0,0,0,0,0,0,0,0,0,0,0,0,0,0,0,35,227,252,252,139,49,0,0,6,190,147,0,0,0,0,0,0,0,0,0,0,0,0,0,0,0,0,0,0,42,226,252,128,0,0,0,153,252,147,0,0,0,0,0,0,0,0,0,0,0,0,0,0,0,0,0,0,0,36,224,253,104,0,15,237,199,18,0,0,0,0,0,0,0,0,0,0,0,0,0,0,0,0,0,0,0,0,41,224,226,85,185,252,84,0,0,0,0,0,0,0,0,0,0,0,0,0,0,0,0,0,0,0,0,0,0,111,249,253,252,224,7,0,0,0,0,0,0,0,0,0,0,0,0,0,0,0,0,0,0,0,0,0,0,0,211,253,252,56,0,0,0,0,0,0,0,0,0,0,0,0,0,0,0,0,0,0,0,0,0,0,0,98,246,253,252,152,0,0,0,0,0,0,0,0,0,0,0,0,0,0,0,0,0,0,0,0,0,0,101,253,236,150,199,253,84,0,0,0,0,0,0,0,0,0,0,0,0,0,0,0,0,0,0,0,0,29,239,252,112,0,21,237,163,0,0,0,0,0,0,0,0,0,0,0,0,0,0,0,0,0,0,0,22,213,252,141,4,0,0,127,247,92,0,0,0,0,0,0,0,0,0,0,0,0,0,0,0,0,0,0,69,252,141,28,0,0,0,7,196,173,0,0,0,0,0,0,0,0,0,0,0,0,0,0,0,0,0,0,192,252,21,0,0,0,0,0,126,252,0,0,0,0,0,0,0,0,0,0,0,0,0,0,0,0,0,0,255,151,0,0,0,0,0,0,82,253,89,0,0,0,0,0,0,0,0,0,0,0,0,0,0,0,0,0,253,98,0,0,0,0,0,8,197,217,0,0,0,0,0,0,0,0,0,0,0,0,0,0,0,0,0,0,147,210,28,0,0,13,57,181,252,138,0,0,0,0,0,0,0,0,0,0,0,0,0,0,0,0,0,0,14,163,240,169,169,218,252,221,119,14,0,0,0,0,0,0,0,0,0,0,0,0,0,0,0,0,0,0,0,0,92,147,191,147,68,21,0,0,0,0,0,0,0,0,0,0,0,0,0,0,0,0,0,0,0,0,0,0,0,0,0,0,0,0,0,0,0,0,0,0,0,0,0,0,0,0,0,0,0,0,0,0,0,0,0,0,0,0,0,0,0,0,0,0,0,0,0,0,0,0,0,0,0,0,0,0,0,0,0,0,0,0,0,0,0,0,0,0,0,0,0,0,0,0,0,0,0,0,0,0,0
3,0,0,0,0,0,0,0,0,0,0,0,0,0,0,0,0,0,0,0,0,0,0,0,0,0,0,0,0,0,0,0,0,0,0,0,0,0,0,0,0,0,0,0,0,0,0,0,0,0,0,0,0,0,0,0,0,0,0,0,0,0,0,0,0,0,0,0,0,0,0,0,0,0,0,0,0,0,0,0,0,0,0,0,0,0,0,0,0,0,0,0,0,0,0,0,0,0,0,0,0,0,0,0,0,0,0,0,0,0,0,0,0,0,0,0,0,0,0,0,19,20,20,16,13,13,0,0,0,0,0,0,0,0,0,0,0,0,0,0,0,0,0,0,0,22,153,195,249,254,253,240,231,231,159,118,33,0,0,0,0,0,0,0,0,0,0,0,0,0,0,0,0,206,253,253,217,195,194,194,194,254,253,253,241,161,77,9,0,0,0,0,0,0,0,0,0,0,0,0,0,110,253,55,8,0,0,0,0,19,31,97,122,230,253,195,36,0,0,0,0,0,0,0,0,0,0,0,0,7,79,36,0,0,0,0,0,0,0,0,0,31,129,254,157,0,0,0,0,0,0,0,0,0,0,0,0,0,0,0,0,0,0,0,0,0,0,0,0,28,121,253,217,0,0,0,0,0,0,0,0,0,0,0,0,0,0,0,0,0,0,0,0,23,71,136,161,242,253,203,57,0,0,0,0,0,0,0,0,0,0,0,0,0,0,0,0,61,168,234,186,218,253,253,205,175,79,9,0,0,0,0,0,0,0,0,0,0,0,0,0,0,0,0,0,224,254,254,254,255,242,116,20,0,0,0,0,0,0,0,0,0,0,0,0,0,0,0,0,0,0,0,0,95,172,214,214,242,253,253,253,165,82,6,0,0,0,0,0,0,0,0,0,0,0,0,0,0,0,0,0,0,0,0,0,27,75,134,212,254,253,202,71,0,0,0,0,0,0,0,0,0,0,0,0,0,0,0,0,0,0,0,0,0,0,0,6,74,169,253,247,175,18,0,0,0,0,0,0,0,0,0,0,14,194,111,0,0,0,0,0,0,0,0,0,0,0,85,240,255,218,33,0,0,0,0,0,0,0,0,0,98,253,75,0,0,0,0,0,0,0,0,0,0,0,0,36,169,253,222,27,0,0,0,0,0,0,0,0,52,240,232,95,0,0,0,0,0,0,0,0,0,0,0,0,3,143,253,205,0,0,0,0,0,0,0,0,0,87,241,253,205,85,0,0,0,0,0,0,0,0,0,0,0,3,217,253,0,0,0,0,0,0,0,0,0,0,43,127,242,254,211,175,99,86,20,14,0,0,0,0,8,92,242,248,0,0,0,0,0,0,0,0,0,0,0,0,29,148,214,250,254,253,253,235,196,195,153,189,218,253,232,52,0,0,0,0,0,0,0,0,0,0,0,0,0,0,0,36,117,128,152,117,171,194,208,217,195,123,18,0,0,0,0,0,0,0,0,0,0,0,0,0,0,0,0,0,0,0,0,0,0,0,5,8,0,0,0,0,0,0,0,0,0,0,0,0,0,0,0,0,0,0,0,0,0,0,0,0,0,0,0,0,0,0,0,0,0,0,0,0,0,0,0,0,0,0,0,0,0,0,0,0,0,0,0,0,0,0,0,0,0,0,0,0,0,0,0,0,0,0,0,0,0,0,0,0,0,0,0,0,0,0,0,0,0,0,0,0,0,0,0,0,0,0,0,0,0,0,0,0,0,0,0,0,0,0,0,0,0,0,0,0,0,0,0,0,0,0,0,0,0,0,0,0
8,0,0,0,0,0,0,0,0,0,0,0,0,0,0,0,0,0,0,0,0,0,0,0,0,0,0,0,0,0,0,0,0,0,0,0,0,0,0,0,0,0,0,0,0,0,0,0,0,0,0,0,0,0,0,0,0,0,0,0,0,0,0,0,0,0,0,0,0,0,0,0,0,0,0,0,0,0,0,0,0,0,0,0,0,0,0,0,0,0,0,0,0,0,0,0,0,0,0,0,0,0,0,0,0,0,0,0,0,0,0,0,0,0,0,0,0,0,0,0,0,0,0,0,0,0,0,0,0,0,0,0,0,0,0,0,0,0,0,0,0,0,0,0,0,0,0,0,0,0,0,0,0,0,0,0,0,0,25,194,255,122,0,0,0,0,0,0,0,0,0,0,0,0,0,0,0,0,0,0,0,0,0,20,28,50,15,114,246,233,0,0,0,0,0,0,0,0,0,0,0,0,0,0,0,0,0,0,0,88,175,254,253,253,146,0,156,239,24,0,0,0,0,0,0,0,0,0,0,0,0,0,0,0,47,144,234,236,253,254,237,210,99,0,209,204,36,0,0,0,0,0,0,0,0,0,0,0,0,0,16,135,231,253,253,80,177,58,74,40,0,76,254,121,0,0,0,0,0,0,0,0,0,0,0,0,0,0,159,254,255,226,128,8,0,0,0,0,47,231,99,15,0,0,0,0,0,0,0,0,0,0,0,0,0,37,243,253,151,21,0,0,0,0,0,37,228,162,0,0,0,0,0,0,0,0,0,0,0,0,0,0,0,79,253,185,0,0,0,0,0,0,0,109,225,18,0,0,0,0,0,0,0,0,0,0,0,0,0,0,0,79,253,208,31,0,0,0,0,0,19,205,99,0,0,0,0,0,0,0,0,0,0,0,0,0,0,0,0,18,200,253,218,53,0,0,0,0,20,205,8,0,0,0,0,0,0,0,0,0,0,0,0,0,0,0,0,0,0,135,232,254,155,27,0,14,186,235,15,0,0,0,0,0,0,0,0,0,0,0,0,0,0,0,0,0,0,15,47,220,253,232,177,149,253,167,0,0,0,0,0,0,0,0,0,0,0,0,0,0,0,0,0,0,0,0,0,6,145,247,253,254,253,169,6,0,0,0,0,0,0,0,0,0,0,0,0,0,0,0,0,0,0,0,0,0,0,39,208,254,253,253,167,9,0,0,0,0,0,0,0,0,0,0,0,0,0,0,0,0,0,0,0,0,0,136,253,208,66,185,253,58,0,0,0,0,0,0,0,0,0,0,0,0,0,0,0,0,0,0,0,0,19,239,254,38,0,49,246,58,0,0,0,0,0,0,0,0,0,0,0,0,0,0,0,0,0,0,0,0,153,253,170,0,25,226,174,9,0,0,0,0,0,0,0,0,0,0,0,0,0,0,0,0,0,0,0,0,116,253,155,19,196,253,49,0,0,0,0,0,0,0,0,0,0,0,0,0,0,0,0,0,0,0,0,0,6,220,245,239,250,153,2,0,0,0,0,0,0,0,0,0,0,0,0,0,0,0,0,0,0,0,0,0,0,47,230,231,106,0,0,0,0,0,0,0,0,0,0,0,0,0,0,0,0,0,0,0,0,0,0,0,0,0,0,0,0,0,0,0,0,0,0,0,0,0,0,0,0,0,0,0,0,0,0,0,0,0,0,0,0,0,0,0,0,0,0,0,0,0,0,0,0,0,0,0,0,0,0,0,0,0,0,0,0,0,0,0,0,0,0,0,0,0,0,0,0,0,0,0,0,0,0,0,0
2,0,0,0,0,0,0,0,0,0,0,0,0,0,0,0,0,0,0,0,0,0,0,0,0,0,0,0,0,0,0,0,0,0,0,0,0,0,0,0,0,0,0,0,0,0,0,0,0,0,0,0,0,0,0,0,0,0,0,0,0,0,0,0,0,0,0,0,0,0,0,0,0,0,0,0,0,0,0,0,0,0,0,0,0,0,0,0,0,0,0,0,0,0,0,0,0,0,0,0,0,0,0,0,0,0,0,0,0,0,0,0,0,0,0,0,0,0,0,0,0,0,0,0,0,0,0,0,0,0,0,0,0,0,0,0,0,0,0,0,0,0,0,0,0,0,0,0,0,0,0,0,0,108,155,214,254,254,254,254,166,67,0,0,0,0,0,0,0,0,0,0,0,0,0,0,0,0,0,112,209,251,253,253,249,243,243,250,253,208,9,0,0,0,0,0,0,0,0,0,0,0,0,0,0,6,133,245,253,192,113,89,53,0,0,130,253,202,7,0,0,0,0,0,0,0,0,0,0,0,0,0,0,107,253,239,62,2,0,0,0,0,8,209,253,88,0,0,0,0,0,0,0,0,0,0,0,0,0,0,0,120,253,223,0,0,0,0,0,0,84,253,246,53,0,0,0,0,0,0,0,0,0,0,0,0,0,0,0,67,232,161,0,0,0,0,0,31,225,253,88,0,0,0,0,0,0,0,0,0,0,0,0,0,0,0,0,0,21,7,0,0,0,0,0,94,253,230,20,0,0,0,0,0,0,0,0,0,0,0,0,0,0,0,0,0,0,0,0,0,0,0,115,248,245,83,0,0,0,0,0,0,0,0,0,0,0,0,0,0,0,0,0,0,0,0,0,0,0,19,223,253,125,0,0,0,0,0,0,0,0,0,0,0,0,0,0,0,0,0,0,0,0,0,0,0,0,148,253,175,1,0,0,0,0,0,0,0,0,0,0,0,0,0,0,0,0,0,0,0,0,0,0,0,119,233,208,19,0,0,0,0,0,0,0,0,0,0,0,0,0,0,0,0,0,0,0,0,0,0,0,49,232,253,87,0,0,0,0,0,0,0,0,0,0,0,0,0,0,0,0,0,0,0,0,0,0,0,6,225,253,160,8,0,1,15,65,185,167,129,0,0,0,0,0,0,0,0,0,0,0,0,0,0,0,9,170,253,162,2,29,94,174,253,253,204,47,0,0,0,0,0,0,0,0,0,0,0,0,0,0,0,0,167,253,238,55,143,236,254,242,162,41,9,0,0,0,0,0,0,0,0,0,0,0,0,0,0,0,0,0,229,253,253,253,253,252,112,41,0,0,0,0,0,0,0,0,0,0,0,0,0,0,0,0,0,0,11,164,252,253,253,227,140,19,0,0,0,0,0,0,0,0,0,0,0,0,0,0,0,0,0,0,0,24,181,253,253,188,109,15,0,0,0,0,0,0,0,0,0,0,0,0,0,0,0,0,0,0,0,0,6,212,254,240,107,3,0,0,0,0,0,0,0,0,0,0,0,0,0,0,0,0,0,0,0,0,0,0,3,183,206,70,0,0,0,0,0,0,0,0,0,0,0,0,0,0,0,0,0,0,0,0,0,0,0,0,0,0,0,0,0,0,0,0,0,0,0,0,0,0,0,0,0,0,0,0,0,0,0,0,0,0,0,0,0,0,0,0,0,0,0,0,0,0,0,0,0,0,0,0,0,0,0,0,0,0,0,0,0,0,0,0,0,0,0,0,0,0,0,0,0,0,0,0,0,0,0,0,0,0,0,0,0,0
4,0,0,0,0,0,0,0,0,0,0,0,0,0,0,0,0,0,0,0,0,0,0,0,0,0,0,0,0,0,0,0,0,0,0,0,0,0,0,0,0,0,0,0,0,0,0,0,0,0,0,0,0,0,0,0,0,0,0,0,0,0,0,0,0,0,0,0,0,0,0,0,0,0,0,0,0,0,0,0,0,0,0,0,0,0,0,0,0,0,0,0,0,0,0,0,0,0,0,0,0,0,0,0,0,0,0,0,0,0,0,0,0,0,0,0,0,0,0,0,0,0,0,0,0,0,0,0,0,0,0,0,0,0,0,0,0,0,0,0,0,0,0,0,0,0,0,89,207,253,0,0,0,0,0,114,253,222,38,0,0,0,0,0,0,0,0,0,0,0,0,0,0,0,76,246,252,252,126,0,0,0,0,113,252,252,84,0,0,0,0,0,0,0,0,0,0,0,0,0,0,0,85,252,252,252,110,0,0,0,0,113,252,252,199,25,0,0,0,0,0,0,0,0,0,0,0,0,0,0,85,252,252,252,0,0,0,0,0,38,234,252,252,112,0,0,0,0,0,0,0,0,0,0,0,0,0,0,85,252,252,252,0,0,0,0,0,0,146,252,252,189,0,0,0,0,0,0,0,0,0,0,0,0,0,0,86,253,253,253,0,0,0,0,0,0,85,253,253,253,0,0,0,0,0,0,0,0,0,0,0,0,0,0,85,252,252,252,0,0,0,0,0,0,85,252,252,252,163,9,0,0,0,0,0,0,0,0,0,0,0,26,200,252,252,252,0,0,0,0,0,0,19,209,252,252,253,27,0,0,0,0,0,0,0,0,0,0,0,113,252,252,252,252,29,76,169,169,169,108,19,181,252,252,253,122,0,0,0,0,0,0,0,0,0,0,0,113,252,252,252,252,253,252,252,252,252,253,214,88,252,252,253,167,0,0,0,0,0,0,0,0,0,0,0,63,241,253,253,253,255,253,253,253,253,255,253,253,253,253,255,168,0,0,0,0,0,0,0,0,0,0,0,0,100,252,252,252,253,176,167,151,106,253,252,252,252,252,253,167,0,0,0,0,0,0,0,0,0,0,0,0,19,55,55,55,56,6,0,0,0,56,55,55,187,252,253,233,75,0,0,0,0,0,0,0,0,0,0,0,0,0,0,0,0,0,0,0,0,0,0,0,75,252,253,252,202,10,0,0,0,0,0,0,0,0,0,0,0,0,0,0,0,0,0,0,0,0,0,0,13,189,253,252,252,84,0,0,0,0,0,0,0,0,0,0,0,0,0,0,0,0,0,0,0,0,0,0,0,79,255,253,253,84,0,0,0,0,0,0,0,0,0,0,0,0,0,0,0,0,0,0,0,0,0,0,0,0,253,252,252,84,0,0,0,0,0,0,0,0,0,0,0,0,0,0,0,0,0,0,0,0,0,0,0,0,253,252,252,115,0,0,0,0,0,0,0,0,0,0,0,0,0,0,0,0,0,0,0,0,0,0,0,0,237,252,252,208,0,0,0,0,0,0,0,0,0,0,0,0,0,0,0,0,0,0,0,0,0,0,0,0,50,158,252,84,0,0,0,0,0,0,0,0,0,0,0,0,0,0,0,0,0,0,0,0,0,0,0,0,0,0,0,0,0,0,0,0,0,0,0,0,0,0,0,0,0,0,0,0,0,0,0,0,0,0,0,0,0,0,0,0,0,0,0,0,0,0,0,0,0,0,0,0,0,0,0,0,0,0,0,0,0,0,0,0,0,0,0,0,0,0,0,0,0
5,0,0,0,0,0,0,0,0,0,0,0,0,0,0,0,0,0,0,0,0,0,0,0,0,0,0,0,0,0,0,0,0,0,0,0,0,0,0,0,0,0,0,0,0,0,0,0,0,0,0,0,0,0,0,0,0,0,0,0,0,0,0,0,0,0,0,0,0,0,0,0,0,0,0,0,0,0,0,0,0,0,0,0,0,0,0,0,0,0,0,0,0,0,0,0,0,0,0,0,0,0,0,0,0,0,0,0,0,0,0,0,0,0,0,0,0,0,0,0,0,0,4,7,50,170,131,131,37,68,7,2,0,0,0,0,0,0,0,0,0,0,0,0,0,0,0,0,0,0,156,254,254,254,254,254,254,254,254,115,2,0,0,0,0,0,0,0,0,0,0,0,0,0,0,0,0,15,211,254,254,254,254,254,254,254,254,248,34,0,0,0,0,0,0,0,0,0,0,0,0,0,0,0,0,38,254,254,254,254,237,229,229,249,247,90,0,0,0,0,0,0,0,0,0,0,0,0,0,0,0,0,12,214,254,254,254,147,29,0,0,78,68,0,0,0,0,0,0,0,0,0,0,0,0,0,0,0,0,0,19,254,254,254,254,80,0,0,0,0,0,0,0,0,0,0,0,0,0,0,0,0,0,0,0,0,0,3,121,254,254,254,254,102,10,44,78,168,168,168,168,59,5,0,0,0,0,0,0,0,0,0,0,0,0,13,254,254,254,254,254,239,192,254,254,254,254,254,254,254,130,4,0,0,0,0,0,0,0,0,0,0,0,13,254,254,254,254,254,254,254,254,254,254,254,254,254,254,254,107,0,0,0,0,0,0,0,0,0,0,0,13,254,254,254,254,254,254,254,254,238,192,192,213,254,254,254,142,0,0,0,0,0,0,0,0,0,0,0,10,225,254,254,254,254,241,186,155,45,0,0,22,227,254,254,142,0,0,0,0,0,0,0,0,0,0,0,0,46,254,254,254,183,45,0,0,0,0,0,0,218,254,254,142,0,0,0,0,0,0,0,0,0,0,0,0,4,123,173,155,17,0,0,0,0,0,0,71,248,254,254,103,0,0,0,0,0,0,0,0,0,0,0,0,0,9,34,0,0,0,0,0,0,0,0,191,254,254,254,18,0,0,0,0,0,0,0,0,0,0,0,0,7,170,232,126,0,0,0,0,0,0,30,228,254,254,215,12,0,0,0,0,0,0,0,0,0,0,0,0,12,213,254,250,142,32,0,0,0,30,210,254,254,254,39,0,0,0,0,0,0,0,0,0,0,0,0,0,0,149,255,254,254,238,231,231,231,238,254,254,254,213,14,0,0,0,0,0,0,0,0,0,0,0,0,0,0,95,254,254,254,254,254,254,254,254,254,254,254,39,0,0,0,0,0,0,0,0,0,0,0,0,0,0,0,2,27,153,254,254,254,254,254,254,254,254,108,2,0,0,0,0,0,0,0,0,0,0,0,0,0,0,0,0,0,1,6,91,157,254,221,130,130,26,1,0,0,0,0,0,0,0,0,0,0,0,0,0,0,0,0,0,0,0,0,0,0,0,0,0,0,0,0,0,0,0,0,0,0,0,0,0,0,0,0,0,0,0,0,0,0,0,0,0,0,0,0,0,0,0,0,0,0,0,0,0,0,0,0,0,0,0,0,0,0,0,0,0,0,0,0,0,0,0,0,0,0,0,0,0,0,0,0,0,0,0,0,0,0,0,0,0,0,0,0,0,0,0,0,0,0,0,0,0,0,0,0,0,0,0,0,0,0,0,0
0,0,0,0,0,0,0,0,0,0,0,0,0,0,0,0,0,0,0,0,0,0,0,0,0,0,0,0,0,0,0,0,0,0,0,0,0,0,0,0,0,0,0,0,0,0,0,0,0,0,0,0,0,0,0,0,0,0,0,0,0,0,0,0,0,0,0,0,0,0,0,0,0,0,0,0,0,0,0,0,0,0,0,0,0,0,0,0,0,0,0,0,0,0,0,0,0,0,0,0,0,0,0,0,0,0,0,0,0,0,0,0,0,0,0,0,0,0,0,0,0,0,0,0,0,0,0,0,0,0,0,0,0,0,0,0,0,0,0,0,0,0,0,0,0,0,0,0,0,0,0,0,0,64,128,255,255,255,128,64,0,0,0,0,0,0,0,0,0,0,0,0,0,0,0,0,0,0,0,0,128,255,255,255,255,255,255,255,64,0,0,0,0,0,0,0,0,0,0,0,0,0,0,0,0,0,0,191,255,255,255,255,255,255,255,255,191,0,0,0,0,0,0,0,0,0,0,0,0,0,0,0,0,0,128,255,255,255,255,255,255,255,255,255,191,0,0,0,0,0,0,0,0,0,0,0,0,0,0,0,0,64,255,255,255,255,64,128,255,255,255,255,191,0,0,0,0,0,0,0,0,0,0,0,0,0,0,0,0,255,255,255,191,0,0,0,0,191,255,255,255,64,0,0,0,0,0,0,0,0,0,0,0,0,0,0,191,255,255,255,0,0,0,0,0,0,191,255,255,255,0,0,0,0,0,0,0,0,0,0,0,0,0,64,255,255,255,191,0,0,0,0,0,0,0,191,255,255,128,0,0,0,0,0,0,0,0,0,0,0,0,128,255,255,191,0,0,0,0,0,0,0,0,64,255,255,128,0,0,0,0,0,0,0,0,0,0,0,0,191,255,255,128,0,0,0,0,0,0,0,0,0,191,255,191,0,0,0,0,0,0,0,0,0,0,0,0,255,255,255,0,0,0,0,0,0,0,0,0,0,128,255,255,0,0,0,0,0,0,0,0,0,0,0,0,255,255,191,0,0,0,0,0,0,0,0,0,0,128,255,255,0,0,0,0,0,0,0,0,0,0,0,0,255,255,128,0,0,0,0,0,0,0,0,0,0,128,255,255,0,0,0,0,0,0,0,0,0,0,0,0,255,255,128,0,0,0,0,0,0,0,0,0,0,191,255,255,0,0,0,0,0,0,0,0,0,0,0,0,191,255,191,0,0,0,0,0,0,0,0,0,64,255,255,255,0,0,0,0,0,0,0,0,0,0,0,0,128,255,255,128,0,0,0,0,0,0,0,0,191,255,255,128,0,0,0,0,0,0,0,0,0,0,0,0,64,191,255,255,128,128,0,0,0,64,191,255,255,255,255,64,0,0,0,0,0,0,0,0,0,0,0,0,0,64,255,255,255,255,255,255,255,255,255,255,255,255,0,0,0,0,0,0,0,0,0,0,0,0,0,0,0,0,64,128,255,255,255,255,255,255,255,255,191,64,0,0,0,0,0,0,0,0,0,0,0,0,0,0,0,0,0,0,0,128,191,191,128,128,128,0,0,0,0,0,0,0,0,0,0,0,0,0,0,0,0,0,0,0,0,0,0,0,0,0,0,0,0,0,0,0,0,0,0,0,0,0,0,0,0,0,0,0,0,0,0,0,0,0,0,0,0,0,0,0,0,0,0,0,0,0,0,0,0,0,0,0,0,0,0,0,0,0,0,0,0,0,0,0,0,0,0,0,0,0,0,0,0,0,0,0,0,0,0,0
3,0,0,0,0,0,0,0,0,0,0,0,0,0,0,0,0,0,0,0,0,0,0,0,0,0,0,0,0,0,0,0,0,0,0,0,0,0,0,0,0,0,0,0,0,0,0,0,0,0,0,0,0,0,0,0,0,0,0,0,0,0,0,0,0,0,0,0,0,0,0,0,0,0,0,0,0,0,0,0,0,0,0,0,0,0,0,0,0,0,0,0,0,0,0,0,0,0,0,0,0,0,0,0,0,0,0,0,0,0,0,0,0,0,0,0,0,0,0,0,0,0,0,41,126,254,254,254,231,107,0,0,0,0,0,0,0,0,0,0,0,0,0,0,0,0,0,0,0,3,101,214,253,253,244,244,253,251,70,0,0,0,0,0,0,0,0,0,0,0,0,0,0,0,0,0,6,160,253,253,218,113,2,5,253,253,84,0,0,0,0,0,0,0,0,0,0,0,0,0,0,0,0,0,68,253,251,128,16,0,0,5,253,253,84,0,0,0,0,0,0,0,0,0,0,0,0,0,0,0,0,0,188,253,87,0,0,0,0,5,253,249,60,0,0,0,0,0,0,0,0,0,0,0,0,0,0,0,0,26,182,215,12,0,0,0,0,57,253,246,43,0,0,0,0,0,0,0,0,0,0,0,0,0,0,0,0,0,41,80,0,0,0,0,17,194,253,243,23,0,0,0,0,0,0,0,0,0,0,0,0,0,0,0,0,0,0,0,0,0,0,69,241,253,253,253,145,5,0,0,0,0,0,0,0,0,0,0,0,0,0,0,0,0,0,0,0,0,15,217,253,253,194,239,253,201,133,0,0,0,0,0,0,0,0,0,0,0,0,0,0,0,0,0,0,0,40,253,253,170,2,49,184,253,252,143,13,0,0,0,0,0,0,0,0,0,0,0,0,0,0,0,0,0,40,248,150,29,0,0,42,158,252,253,64,0,0,0,0,0,0,0,0,0,0,0,0,0,0,0,0,0,0,0,0,0,0,0,0,0,118,254,64,0,0,0,0,0,0,0,0,0,0,0,0,0,0,0,0,0,0,0,0,0,0,0,0,0,80,253,64,0,0,0,0,0,0,0,0,0,0,0,0,0,6,138,119,20,0,0,0,0,0,0,0,0,108,253,64,0,0,0,0,0,0,0,0,0,0,0,0,0,21,253,253,79,0,0,0,0,0,0,0,13,216,236,33,0,0,0,0,0,0,0,0,0,0,0,0,0,91,253,253,99,0,0,0,0,0,0,82,187,253,218,0,0,0,0,0,0,0,0,0,0,0,0,0,0,198,253,253,206,134,134,134,133,59,140,247,254,242,111,0,0,0,0,0,0,0,0,0,0,0,0,0,0,46,253,253,253,253,253,253,253,253,253,253,245,73,0,0,0,0,0,0,0,0,0,0,0,0,0,0,0,1,108,249,253,253,254,253,253,253,253,214,20,0,0,0,0,0,0,0,0,0,0,0,0,0,0,0,0,0,0,101,153,169,216,232,152,94,54,40,0,0,0,0,0,0,0,0,0,0,0,0,0,0,0,0,0,0,0,0,0,0,0,0,0,0,0,0,0,0,0,0,0,0,0,0,0,0,0,0,0,0,0,0,0,0,0,0,0,0,0,0,0,0,0,0,0,0,0,0,0,0,0,0,0,0,0,0,0,0,0,0,0,0,0,0,0,0,0,0,0,0,0,0,0,0,0,0,0,0,0,0,0,0,0,0,0,0,0,0,0,0,0,0,0,0,0,0,0,0,0,0,0,0,0,0,0,0,0,0,0,0
1,0,0,0,0,0,0,0,0,0,0,0,0,0,0,0,0,0,0,0,0,0,0,0,0,0,0,0,0,0,0,0,0,0,0,0,0,0,0,0,0,0,0,0,0,0,0,0,0,0,0,0,0,0,0,0,0,0,0,0,0,0,0,0,0,0,0,0,0,0,0,0,0,0,0,0,0,0,0,0,0,0,0,0,0,0,0,0,0,0,0,0,0,0,0,0,0,0,0,0,0,0,0,0,0,0,0,0,0,0,0,0,0,0,0,0,0,0,0,0,0,0,0,0,0,0,0,0,0,0,0,0,0,0,0,0,0,0,0,0,0,0,0,0,0,0,0,0,0,0,0,0,0,0,0,25,96,156,254,127,0,0,0,0,0,0,0,0,0,0,0,0,0,0,0,0,0,0,0,0,0,0,17,187,253,242,201,31,0,0,0,0,0,0,0,0,0,0,0,0,0,0,0,0,0,0,0,0,0,17,190,253,253,80,0,0,0,0,0,0,0,0,0,0,0,0,0,0,0,0,0,0,0,0,0,0,0,32,253,253,213,0,0,0,0,0,0,0,0,0,0,0,0,0,0,0,0,0,0,0,0,0,0,0,0,32,253,253,95,0,0,0,0,0,0,0,0,0,0,0,0,0,0,0,0,0,0,0,0,0,0,0,0,33,255,254,95,0,0,0,0,0,0,0,0,0,0,0,0,0,0,0,0,0,0,0,0,0,0,0,0,32,253,253,95,0,0,0,0,0,0,0,0,0,0,0,0,0,0,0,0,0,0,0,0,0,0,0,0,32,253,253,174,0,0,0,0,0,0,0,0,0,0,0,0,0,0,0,0,0,0,0,0,0,0,0,0,32,253,253,253,0,0,0,0,0,0,0,0,0,0,0,0,0,0,0,0,0,0,0,0,0,0,0,0,32,253,253,253,0,0,0,0,0,0,0,0,0,0,0,0,0,0,0,0,0,0,0,0,0,0,0,0,33,255,254,254,0,0,0,0,0,0,0,0,0,0,0,0,0,0,0,0,0,0,0,0,0,0,0,0,32,253,253,253,121,0,0,0,0,0,0,0,0,0,0,0,0,0,0,0,0,0,0,0,0,0,0,0,32,253,253,253,159,0,0,0,0,0,0,0,0,0,0,0,0,0,0,0,0,0,0,0,0,0,0,0,24,221,253,253,159,0,0,0,0,0,0,0,0,0,0,0,0,0,0,0,0,0,0,0,0,0,0,0,0,128,253,253,159,0,0,0,0,0,0,0,0,0,0,0,0,0,0,0,0,0,0,0,0,0,0,0,0,128,254,254,160,0,0,0,0,0,0,0,0,0,0,0,0,0,0,0,0,0,0,0,0,0,0,0,0,32,230,253,159,0,0,0,0,0,0,0,0,0,0,0,0,0,0,0,0,0,0,0,0,0,0,0,0,0,223,253,159,0,0,0,0,0,0,0,0,0,0,0,0,0,0,0,0,0,0,0,0,0,0,0,0,0,83,253,243,55,0,0,0,0,0,0,0,0,0,0,0,0,0,0,0,0,0,0,0,0,0,0,0,0,64,253,254,162,0,0,0,0,0,0,0,0,0,0,0,0,0,0,0,0,0,0,0,0,0,0,0,0,0,0,0,0,0,0,0,0,0,0,0,0,0,0,0,0,0,0,0,0,0,0,0,0,0,0,0,0,0,0,0,0,0,0,0,0,0,0,0,0,0,0,0,0,0,0,0,0,0,0,0,0,0,0,0,0,0,0,0,0,0,0,0,0,0,0,0,0,0,0
7,0,0,0,0,0,0,0,0,0,0,0,0,0,0,0,0,0,0,0,0,0,0,0,0,0,0,0,0,0,0,0,0,0,0,0,0,0,0,0,0,0,0,0,0,0,0,0,0,0,0,0,0,0,0,0,0,0,0,0,0,0,0,0,0,0,0,0,0,0,0,0,0,0,0,0,0,0,0,0,0,0,0,0,0,0,0,0,0,0,0,0,0,0,0,0,0,0,0,0,0,0,0,0,0,0,0,0,0,0,0,0,0,0,0,0,0,0,0,0,0,0,0,0,0,0,0,0,0,0,0,0,0,0,0,0,0,0,0,0,0,0,0,0,0,0,0,0,0,0,0,0,0,0,0,0,0,0,0,0,0,0,0,0,0,0,0,0,0,0,0,0,0,0,0,0,0,0,0,0,0,0,0,0,0,0,0,0,0,0,0,0,0,0,0,0,0,0,0,0,0,0,0,0,0,0,0,0,0,0,0,0,0,0,0,0,0,0,0,0,0,0,0,0,0,0,0,0,0,0,0,0,0,0,0,41,31,51,51,132,152,193,214,213,21,0,0,0,0,0,0,0,0,0,0,0,102,183,203,203,203,203,203,243,233,252,253,252,253,252,253,252,102,0,0,0,0,0,0,0,0,0,0,62,254,253,254,253,254,253,244,243,203,243,224,122,102,183,255,253,102,0,0,0,0,0,0,0,0,0,0,20,172,252,253,252,253,252,122,40,0,40,20,0,0,82,253,252,61,0,0,0,0,0,0,0,0,0,0,0,0,0,0,0,62,102,0,0,0,0,0,0,0,102,255,253,0,0,0,0,0,0,0,0,0,0,0,0,0,0,0,0,0,0,0,0,0,0,0,0,0,142,253,252,0,0,0,0,0,0,0,0,0,0,0,0,0,0,0,0,0,0,0,0,0,0,0,0,0,203,254,253,0,0,0,0,0,0,0,0,0,0,0,0,0,0,0,0,0,0,0,0,0,0,0,0,0,203,253,252,0,0,0,0,0,0,0,0,0,0,0,0,0,0,0,0,0,0,0,0,0,0,0,0,0,203,254,213,0,0,0,0,0,0,0,0,0,0,0,0,0,0,0,0,0,0,0,0,0,0,0,0,0,203,253,252,0,0,0,0,0,0,0,0,0,0,0,0,0,0,0,0,0,0,0,0,0,0,0,0,0,203,254,192,0,0,0,0,0,0,0,0,0,0,0,0,0,0,0,0,0,0,0,0,0,0,0,0,41,243,253,111,0,0,0,0,0,0,0,0,0,0,0,0,0,0,0,0,0,0,0,0,0,0,0,0,51,253,254,50,0,0,0,0,0,0,0,0,0,0,0,0,0,0,0,0,0,0,0,0,0,0,0,0,51,252,253,50,0,0,0,0,0,0,0,0,0,0,0,0,0,0,0,0,0,0,0,0,0,0,0,0,173,253,203,0,0,0,0,0,0,0,0,0,0,0,0,0,0,0,0,0,0,0,0,0,0,0,0,41,253,252,203,0,0,0,0,0,0,0,0,0,0,0,0,0,0,0,0,0,0,0,0,0,0,0,0,82,254,253,62,0,0,0,0,0,0,0,0,0,0,0,0,0,0,0,0,0,0,0,0,0,0,0,0,82,253,252,102,0,0,0,0,0,0,0,0,0,0,0,0,0,0,0,0,0,0,0,0,0,0,0,0,102,254,253,102,0,0,0,0,0,0,0,0,0,0,0,0,0,0,0,0,0,0,0,0,0,0,0,0,20,213,171,20,0,0,0,0,0,0,0,0,0,0
7,0,0,0,0,0,0,0,0,0,0,0,0,0,0,0,0,0,0,0,0,0,0,0,0,0,0,0,0,0,0,0,0,0,0,0,0,0,0,0,0,0,0,0,0,0,0,0,0,0,0,0,0,0,0,0,0,0,0,0,0,0,0,0,0,0,0,0,0,0,0,0,0,0,0,0,0,0,0,0,0,0,0,0,0,0,0,0,0,0,0,0,0,0,0,0,0,0,0,0,0,0,0,0,0,0,0,0,0,0,0,0,0,0,0,0,0,0,0,0,0,0,0,0,0,0,0,0,0,0,0,0,0,0,0,0,0,0,0,0,0,0,0,0,0,0,0,0,0,0,0,0,0,0,0,0,0,0,0,0,0,0,0,0,0,0,0,0,0,0,0,0,0,0,0,0,0,0,0,0,0,11,75,137,219,255,253,58,0,0,0,0,0,0,0,0,0,0,0,0,0,0,0,0,0,0,0,9,68,201,254,254,254,254,254,132,0,0,0,0,0,0,0,0,0,0,0,0,0,0,0,0,0,0,109,224,254,254,245,128,119,209,254,114,0,0,0,0,0,0,0,0,0,0,0,0,0,0,0,0,0,0,202,254,236,108,25,0,10,223,254,63,0,0,0,0,0,0,0,0,0,0,0,0,0,0,0,0,0,0,114,199,170,0,0,0,61,254,253,58,0,0,0,0,0,0,0,0,0,0,0,0,0,0,0,0,0,0,0,8,74,0,0,0,162,254,174,0,0,0,0,0,0,0,0,0,0,0,0,0,0,0,0,0,0,0,0,0,0,0,0,8,236,254,98,0,0,0,0,0,0,0,0,0,0,0,0,0,0,0,0,0,0,0,0,0,0,0,0,57,254,231,15,0,0,0,0,0,0,0,0,0,0,0,0,0,0,0,0,0,0,0,0,0,0,0,0,204,254,152,0,0,0,0,0,0,0,0,0,0,0,0,0,0,0,0,0,0,0,0,0,0,0,0,24,234,254,58,0,0,0,0,0,0,0,0,0,0,0,0,0,0,0,0,0,0,0,0,0,0,0,0,165,254,203,2,0,0,0,0,0,0,0,0,0,0,0,0,0,0,0,0,0,0,0,0,0,0,0,0,228,254,114,0,0,0,0,0,0,0,0,0,0,0,0,0,0,0,0,0,0,0,0,0,0,0,0,85,253,247,20,0,0,0,0,0,0,0,0,0,0,0,0,0,0,0,0,0,0,0,0,0,0,0,0,129,254,243,0,0,0,0,0,0,0,0,0,0,0,0,0,0,0,0,0,0,0,0,0,0,0,0,0,143,254,176,0,0,0,0,0,0,0,0,0,0,0,0,0,0,0,0,0,0,0,0,0,0,0,0,2,205,254,66,0,0,0,0,0,0,0,0,0,0,0,0,0,0,0,0,0,0,0,0,0,0,0,0,54,254,254,162,0,0,0,0,0,0,0,0,0,0,0,0,0,0,0,0,0,0,0,0,0,0,0,0,117,254,254,90,0,0,0,0,0,0,0,0,0,0,0,0,0,0,0,0,0,0,0,0,0,0,0,0,153,254,254,35,0,0,0,0,0,0,0,0,0,0,0,0,0,0,0,0,0,0,0,0,0,0,0,0,116,254,167,7,0,0,0,0,0,0,0,0,0,0,0,0,0,0,0,0,0,0,0,0,0,0,0,0,0,0,0,0,0,0,0,0,0,0,0,0,0,0,0,0,0,0,0,0,0,0,0,0,0,0,0,0,0,0,0,0,0,0,0,0,0,0,0,0,0,0,0,0,0
5,0,0,0,0,0,0,0,0,0,0,0,0,0,0,0,0,0,0,0,0,0,0,0,0,0,0,0,0,0,0,0,0,0,0,0,0,0,0,0,0,0,0,0,0,0,0,0,0,0,0,0,0,0,0,0,0,0,0,0,0,0,0,0,0,0,0,0,0,0,0,0,0,0,0,0,0,0,0,0,0,0,0,0,0,0,0,0,0,0,0,0,0,0,0,0,0,0,0,0,0,0,0,0,0,0,0,0,0,0,0,0,0,0,0,0,0,0,0,0,0,0,0,0,0,0,0,0,0,0,0,0,0,0,0,0,0,0,0,0,0,0,0,0,0,0,0,0,0,0,0,0,0,0,0,0,0,0,0,0,0,0,0,0,0,0,0,0,0,0,0,0,0,0,0,0,16,191,253,253,232,109,0,32,31,63,110,109,109,109,110,109,31,0,0,0,0,0,0,0,0,0,0,21,181,252,252,252,252,252,218,227,227,237,253,252,252,252,253,252,71,0,0,0,0,0,0,0,0,0,0,73,252,252,252,252,252,252,253,252,252,252,253,252,252,252,217,91,20,0,0,0,0,0,0,0,0,0,0,31,128,252,252,252,252,252,253,252,252,252,253,252,231,108,0,0,0,0,0,0,0,0,0,0,0,0,0,0,0,83,190,252,252,252,253,252,252,252,144,0,0,0,0,0,0,0,0,0,0,0,0,0,0,0,0,0,0,0,109,252,252,252,253,252,252,252,238,154,0,0,0,0,0,0,0,0,0,0,0,0,0,0,0,0,0,1,211,252,252,252,253,252,252,252,253,231,72,0,0,0,0,0,0,0,0,0,0,0,0,0,0,0,0,1,252,252,252,252,253,252,252,252,253,252,215,0,0,0,0,0,0,0,0,0,0,0,0,0,0,0,0,0,110,253,253,253,208,104,21,207,255,253,253,108,0,0,0,0,0,0,0,0,0,0,0,0,0,0,0,0,15,159,179,97,20,0,0,20,253,252,252,108,0,0,0,0,0,0,0,0,0,0,0,0,0,0,0,0,0,0,0,0,0,0,0,0,253,252,252,108,0,0,0,0,0,0,0,0,0,0,0,0,0,0,0,0,0,0,0,0,0,0,0,0,253,252,252,190,0,0,0,0,0,0,0,0,0,0,0,0,0,0,0,0,0,0,0,0,0,0,0,0,255,253,253,253,0,0,0,0,0,0,0,0,0,0,0,0,0,0,0,1,73,73,21,0,0,0,0,0,253,252,252,252,0,0,0,0,0,0,0,0,0,0,0,0,0,0,0,105,252,252,92,0,0,0,27,120,253,252,252,148,0,0,0,0,0,0,0,0,0,0,0,0,0,0,0,144,252,252,215,0,0,0,181,252,253,252,252,108,0,0,0,0,0,0,0,0,0,0,0,0,0,0,0,145,253,253,232,109,171,253,253,253,255,253,154,0,0,0,0,0,0,0,0,0,0,0,0,0,0,0,0,144,252,252,252,252,253,252,252,252,222,138,10,0,0,0,0,0,0,0,0,0,0,0,0,0,0,0,0,41,215,247,252,252,253,252,246,215,41,0,0,0,0,0,0,0,0,0,0,0,0,0,0,0,0,0,0,0,0,134,252,252,253,128,92,0,0,0,0,0,0,0,0,0,0,0,0,0,0,0,0,0,0,0,0,0,0,0,0,0,0,0,0,0,0,0,0,0,0,0,0,0,0,0,0,0,0,0,0,0,0,0,0,0,0,0,0,0,0,0,0,0,0,0,0,0,0,0,0,0,0,0,0
7,0,0,0,0,0,0,0,0,0,0,0,0,0,0,0,0,0,0,0,0,0,0,0,0,0,0,0,0,0,0,0,0,0,0,0,0,0,0,0,0,0,0,0,0,0,0,0,0,0,0,0,0,0,0,0,0,0,0,0,0,0,0,0,0,0,0,0,0,0,0,0,0,0,0,0,0,0,0,0,0,0,0,0,0,0,0,0,0,0,0,0,0,0,0,0,0,0,0,0,0,0,0,0,0,0,0,0,0,0,0,0,0,0,0,0,0,0,0,0,0,0,0,0,0,0,0,0,0,0,0,0,0,0,0,0,0,0,0,0,0,0,0,0,0,0,0,0,0,0,0,0,0,0,0,0,0,0,0,0,0,0,0,0,0,0,0,0,0,0,0,0,0,0,0,0,0,0,0,0,0,0,0,0,0,0,0,0,0,0,0,0,0,0,0,0,0,0,0,0,0,0,2,13,13,48,133,133,133,133,140,254,254,255,225,191,93,8,0,0,0,0,0,0,0,0,0,0,0,14,161,253,253,253,253,253,253,253,254,253,253,253,253,253,253,156,0,0,0,0,0,0,0,0,0,0,0,25,253,253,253,253,253,253,253,253,254,253,253,253,253,253,253,217,15,0,0,0,0,0,0,0,0,0,0,20,235,253,253,253,253,253,253,253,254,253,253,253,253,253,253,253,24,0,0,0,0,0,0,0,0,0,0,0,157,253,253,253,253,253,253,224,252,181,90,169,101,239,253,253,24,0,0,0,0,0,0,0,0,0,0,0,38,60,60,60,60,60,60,32,57,0,0,0,18,211,253,253,24,0,0,0,0,0,0,0,0,0,0,0,0,0,0,0,0,0,0,0,0,0,0,0,102,253,253,253,24,0,0,0,0,0,0,0,0,0,0,0,0,0,0,0,0,0,0,0,0,0,0,19,209,253,253,216,15,0,0,0,0,0,0,0,0,0,0,0,0,0,0,0,0,0,0,0,0,0,0,101,253,253,253,156,0,0,0,0,0,0,0,0,0,0,0,0,0,0,0,0,0,0,0,0,0,0,35,250,253,253,253,41,0,0,0,0,0,0,0,0,0,0,0,0,0,0,0,0,0,0,0,0,0,0,158,255,254,254,163,0,0,0,0,0,0,0,0,0,0,0,0,0,0,0,0,0,0,0,0,0,0,26,212,253,253,246,43,0,0,0,0,0,0,0,0,0,0,0,0,0,0,0,0,0,0,0,0,0,8,212,253,253,253,163,0,0,0,0,0,0,0,0,0,0,0,0,0,0,0,0,0,0,0,0,0,0,36,253,253,253,253,60,0,0,0,0,0,0,0,0,0,0,0,0,0,0,0,0,0,0,0,0,0,0,162,253,253,253,239,46,0,0,0,0,0,0,0,0,0,0,0,0,0,0,0,0,0,0,0,0,0,93,254,253,253,253,101,0,0,0,0,0,0,0,0,0,0,0,0,0,0,0,0,0,0,0,0,0,0,162,254,253,253,214,14,0,0,0,0,0,0,0,0,0,0,0,0,0,0,0,0,0,0,0,0,0,0,242,254,253,239,69,0,0,0,0,0,0,0,0,0,0,0,0,0,0,0,0,0,0,0,0,0,0,0,190,254,253,165,0,0,0,0,0,0,0,0,0,0,0,0,0,0,0,0,0,0,0,0,0,0,0,0,6,138,184,51,0,0,0,0,0,0,0,0,0,0,0,0,0,0,0,0,0,0,0,0,0,0,0,0,0,0,0,0,0,0,0,0,0,0,0,0,0,0,0,0
9,0,0,0,0,0,0,0,0,0,0,0,0,0,0,0,0,0,0,0,0,0,0,0,0,0,0,0,0,0,0,0,0,0,0,0,0,0,0,0,0,0,0,0,0,0,0,0,0,0,0,0,0,0,0,0,0,0,0,0,0,0,0,0,0,0,0,0,0,0,0,0,0,0,0,0,0,0,0,0,0,0,0,0,0,0,0,0,0,0,0,0,0,0,0,0,0,0,0,0,0,0,0,0,0,0,0,0,0,0,0,0,0,0,0,0,0,0,0,0,0,0,0,0,0,0,0,0,0,0,0,0,0,0,0,0,0,0,0,0,0,0,0,0,0,0,0,0,0,0,0,0,0,0,0,0,0,0,0,0,0,0,0,0,0,0,0,0,0,0,0,0,0,0,0,0,0,0,0,0,0,0,0,33,205,167,3,0,0,0,0,0,0,0,0,0,0,0,0,0,0,0,0,0,0,0,0,0,80,168,242,247,254,254,31,0,0,0,0,0,0,0,0,0,0,0,0,0,0,0,0,0,0,0,0,137,247,211,174,209,254,254,98,0,0,0,0,0,0,0,0,0,0,0,0,0,0,0,0,0,0,2,128,254,118,5,0,18,254,254,98,0,0,0,0,0,0,0,0,0,0,0,0,0,0,0,0,0,0,89,254,150,4,0,0,18,254,254,27,0,0,0,0,0,0,0,0,0,0,0,0,0,0,0,0,0,9,214,221,3,0,0,0,22,254,254,9,0,0,0,0,0,0,0,0,0,0,0,0,0,0,0,0,0,53,251,82,0,0,0,0,169,254,254,9,0,0,0,0,0,0,0,0,0,0,0,0,0,0,0,0,0,200,246,0,0,0,0,46,233,254,254,9,0,0,0,0,0,0,0,0,0,0,0,0,0,0,0,0,0,202,246,0,0,0,0,173,254,254,254,9,0,0,0,0,0,0,0,0,0,0,0,0,0,0,0,0,0,202,250,134,110,98,150,249,113,192,254,88,0,0,0,0,0,0,0,0,0,0,0,0,0,0,0,0,0,75,212,254,254,254,254,113,10,184,254,98,0,0,0,0,0,0,0,0,0,0,0,0,0,0,0,0,0,0,23,58,90,90,58,10,0,184,254,98,0,0,0,0,0,0,0,0,0,0,0,0,0,0,0,0,0,0,0,0,0,0,0,0,0,184,254,162,0,0,0,0,0,0,0,0,0,0,0,0,0,0,0,0,0,0,0,0,0,0,0,0,0,124,254,187,0,0,0,0,0,0,0,0,0,0,0,0,0,0,0,0,0,0,0,0,0,0,0,0,0,95,254,252,21,0,0,0,0,0,0,0,0,0,0,0,0,0,0,0,0,0,0,0,0,0,0,0,0,13,254,254,22,0,0,0,0,0,0,0,0,0,0,0,0,0,0,0,0,0,0,0,0,0,0,0,0,5,254,254,68,0,0,0,0,0,0,0,0,0,0,0,0,0,0,0,0,0,0,0,0,0,0,0,0,1,186,254,112,0,0,0,0,0,0,0,0,0,0,0,0,0,0,0,0,0,0,0,0,0,0,0,0,0,170,254,112,0,0,0,0,0,0,0,0,0,0,0,0,0,0,0,0,0,0,0,0,0,0,0,0,0,79,196,41,0,0,0,0,0,0,0,0,0,0,0,0,0,0,0,0,0,0,0,0,0,0,0,0,0,0,0,0,0,0,0,0,0,0,0,0,0,0,0,0,0,0,0,0,0,0,0,0,0,0,0,0,0,0,0,0,0,0,0,0,0,0,0,0,0
7,0,0,0,0,0,0,0,0,0,0,0,0,0,0,0,0,0,0,0,0,0,0,0,0,0,0,0,0,0,0,0,0,0,0,0,0,0,0,0,0,0,0,0,0,0,0,0,0,0,0,0,0,0,0,0,0,0,0,0,0,0,0,0,0,0,0,0,0,0,0,0,0,0,0,0,0,0,0,0,0,0,0,0,0,0,0,0,0,0,0,0,0,0,0,0,0,0,0,0,0,0,0,0,0,0,0,0,0,0,0,0,0,0,0,0,0,0,0,0,0,0,0,0,0,0,0,0,0,0,0,0,0,0,0,0,0,0,0,0,0,0,0,0,0,0,0,0,0,0,0,0,0,0,0,0,0,0,0,0,0,0,0,0,0,0,0,0,0,0,0,0,0,0,0,0,0,0,0,0,0,0,0,0,0,0,0,0,0,0,0,0,0,0,0,0,0,0,0,0,0,0,0,0,0,0,0,36,152,254,224,28,0,0,0,0,0,0,0,0,0,0,0,0,0,0,0,0,0,0,0,0,0,0,114,249,254,227,123,64,0,0,0,0,0,0,0,0,0,0,0,0,0,0,0,0,0,0,0,0,0,115,251,254,211,72,62,62,62,62,140,149,68,0,0,0,0,0,0,0,0,0,0,0,0,0,0,0,48,238,254,254,254,254,254,254,254,254,254,254,250,126,0,0,0,0,0,0,0,0,0,0,0,0,0,0,216,254,254,254,235,207,123,123,68,35,80,254,254,125,0,0,0,0,0,0,0,0,0,0,0,0,0,0,216,248,164,44,26,0,0,0,0,0,137,254,254,52,0,0,0,0,0,0,0,0,0,0,0,0,0,0,29,43,0,0,0,0,0,0,0,7,231,254,226,11,0,0,0,0,0,0,0,0,0,0,0,0,0,0,0,0,0,0,0,0,0,0,0,62,254,254,116,0,0,0,0,0,0,0,0,0,0,0,0,0,0,0,0,0,0,0,0,0,0,0,0,128,254,254,44,0,0,0,0,0,0,0,0,0,0,0,0,0,0,0,0,0,0,0,0,0,0,0,0,237,254,193,14,0,0,0,0,0,0,0,0,0,0,0,0,0,0,0,0,0,0,0,0,0,0,0,71,254,254,35,0,0,0,0,0,0,0,0,0,0,0,0,0,0,0,0,0,0,0,0,0,0,0,0,179,254,254,35,0,0,0,0,0,0,0,0,0,0,0,0,0,0,0,0,0,0,0,0,0,0,0,0,246,254,201,15,0,0,0,0,0,0,0,0,0,0,0,0,0,0,0,0,0,0,0,0,0,0,0,120,253,254,65,0,0,0,0,0,0,0,0,0,0,0,0,0,0,0,0,0,0,0,0,0,0,0,0,212,254,254,26,0,0,0,0,0,0,0,0,0,0,0,0,0,0,0,0,0,0,0,0,0,0,0,13,254,254,160,5,0,0,0,0,0,0,0,0,0,0,0,0,0,0,0,0,0,0,0,0,0,0,0,88,254,254,66,0,0,0,0,0,0,0,0,0,0,0,0,0,0,0,0,0,0,0,0,0,0,0,0,125,255,254,17,0,0,0,0,0,0,0,0,0,0,0,0,0,0,0,0,0,0,0,0,0,0,0,0,172,254,254,124,18,0,0,0,0,0,0,0,0,0,0,0,0,0,0,0,0,0,0,0,0,0,0,0,28,194,199,39,0,0,0,0,0,0,0,0,0,0,0,0,0,0,0,0,0,0,0,0,0,0,0,0,0,0,0,0,0,0,0,0,0,0,0,0,0,0,0
1,0,0,0,0,0,0,0,0,0,0,0,0,0,0,0,0,0,0,0,0,0,0,0,0,0,0,0,0,0,0,0,0,0,0,0,0,0,0,0,0,0,0,0,0,0,0,0,0,0,0,0,0,0,0,0,0,0,0,0,0,0,0,0,0,0,0,0,0,0,0,0,0,0,0,0,0,0,0,0,0,0,0,0,0,0,0,0,0,0,0,0,0,0,0,0,0,0,0,0,0,0,0,0,0,0,0,0,0,0,0,0,0,0,0,0,0,0,0,0,0,0,0,0,0,0,0,0,255,242,51,0,0,0,0,0,0,0,0,0,0,0,0,0,0,0,0,0,0,0,0,0,0,0,0,12,253,252,96,0,0,0,0,0,0,0,0,0,0,0,0,0,0,0,0,0,0,0,0,0,0,0,0,121,253,237,37,0,0,0,0,0,0,0,0,0,0,0,0,0,0,0,0,0,0,0,0,0,0,0,0,201,253,228,0,0,0,0,0,0,0,0,0,0,0,0,0,0,0,0,0,0,0,0,0,0,0,0,27,244,253,141,0,0,0,0,0,0,0,0,0,0,0,0,0,0,0,0,0,0,0,0,0,0,0,0,109,252,253,108,0,0,0,0,0,0,0,0,0,0,0,0,0,0,0,0,0,0,0,0,0,0,0,0,109,252,253,108,0,0,0,0,0,0,0,0,0,0,0,0,0,0,0,0,0,0,0,0,0,0,0,0,109,252,253,108,0,0,0,0,0,0,0,0,0,0,0,0,0,0,0,0,0,0,0,0,0,0,0,0,218,252,253,108,0,0,0,0,0,0,0,0,0,0,0,0,0,0,0,0,0,0,0,0,0,0,0,0,229,252,253,108,0,0,0,0,0,0,0,0,0,0,0,0,0,0,0,0,0,0,0,0,0,0,0,5,231,253,254,103,0,0,0,0,0,0,0,0,0,0,0,0,0,0,0,0,0,0,0,0,0,0,0,97,252,252,241,0,0,0,0,0,0,0,0,0,0,0,0,0,0,0,0,0,0,0,0,0,0,0,0,171,252,252,224,0,0,0,0,0,0,0,0,0,0,0,0,0,0,0,0,0,0,0,0,0,0,0,0,217,252,252,121,0,0,0,0,0,0,0,0,0,0,0,0,0,0,0,0,0,0,0,0,0,0,0,0,217,252,252,35,0,0,0,0,0,0,0,0,0,0,0,0,0,0,0,0,0,0,0,0,0,0,0,0,217,252,252,70,0,0,0,0,0,0,0,0,0,0,0,0,0,0,0,0,0,0,0,0,0,0,0,0,217,252,252,241,0,0,0,0,0,0,0,0,0,0,0,0,0,0,0,0,0,0,0,0,0,0,0,0,217,252,252,241,0,0,0,0,0,0,0,0,0,0,0,0,0,0,0,0,0,0,0,0,0,0,0,0,217,252,252,189,0,0,0,0,0,0,0,0,0,0,0,0,0,0,0,0,0,0,0,0,0,0,0,0,56,241,252,64,0,0,0,0,0,0,0,0,0,0,0,0,0,0,0,0,0,0,0,0,0,0,0,0,0,0,0,0,0,0,0,0,0,0,0,0,0,0,0,0,0,0,0,0,0,0,0,0,0,0,0,0,0,0,0,0,0,0,0,0,0,0,0,0,0,0,0,0,0,0,0,0,0,0,0,0,0,0,0,0,0,0,0,0,0,0,0,0,0,0,0,0,0,0,0,0,0,0,0,0,0,0,0,0,0,0,0,0,0,0,0,0,0,0,0,0,0,0,0,0,0,0,0,0
9,0,0,0,0,0,0,0,0,0,0,0,0,0,0,0,0,0,0,0,0,0,0,0,0,0,0,0,0,0,0,0,0,0,0,0,0,0,0,0,0,0,0,0,0,0,0,0,0,0,0,0,0,0,0,0,0,0,0,0,0,0,0,0,0,0,0,0,0,0,0,0,0,0,0,0,0,0,0,0,0,0,0,0,0,0,0,0,0,0,0,0,0,0,0,0,0,0,0,0,0,0,0,0,0,0,0,0,0,0,0,0,0,0,0,0,0,0,0,0,0,0,0,0,0,0,0,0,0,0,0,0,0,0,0,0,0,0,0,0,0,0,0,0,0,0,0,0,0,0,0,0,0,0,0,0,0,0,0,0,0,0,0,0,0,0,0,0,0,0,0,0,0,0,0,0,0,0,0,0,0,0,0,0,0,0,0,0,0,0,0,0,0,0,0,0,0,0,0,0,0,0,0,0,0,0,14,254,195,13,0,86,118,118,118,70,0,0,0,0,0,0,0,0,0,0,0,0,0,0,0,0,0,0,67,253,119,147,234,248,253,253,253,245,84,0,0,0,0,0,0,0,0,0,0,0,0,0,0,0,0,30,237,253,253,253,253,197,177,221,253,253,55,0,0,0,0,0,0,0,0,0,0,0,0,0,0,0,0,139,253,253,253,155,61,17,6,168,253,174,8,0,0,0,0,0,0,0,0,0,0,0,0,0,0,0,0,79,253,235,85,9,0,0,122,253,253,150,0,0,0,0,0,0,0,0,0,0,0,0,0,0,0,0,0,35,253,200,4,0,0,0,165,253,253,68,0,0,0,0,0,0,0,0,0,0,0,0,0,0,0,0,0,35,253,253,77,0,36,130,210,253,189,7,0,0,0,0,0,0,0,0,0,0,0,0,0,0,0,0,0,1,153,253,191,12,128,253,253,253,129,0,0,0,0,0,0,0,0,0,0,0,0,0,0,0,0,0,0,0,24,210,253,230,248,253,253,251,84,0,0,0,0,0,0,0,0,0,0,0,0,0,0,0,0,0,0,0,0,25,181,209,253,253,253,246,0,0,0,0,0,0,0,0,0,0,0,0,0,0,0,0,0,0,0,0,0,0,0,24,68,204,253,246,0,0,0,0,0,0,0,0,0,0,0,0,0,0,0,0,0,0,0,0,0,0,0,0,45,230,253,246,0,0,0,0,0,0,0,0,0,0,0,0,0,0,0,0,0,0,0,0,0,0,0,0,69,253,253,168,0,0,0,0,0,0,0,0,0,0,0,0,0,0,0,0,0,0,0,0,0,0,0,0,69,253,253,109,0,0,0,0,0,0,0,0,0,0,0,0,0,0,0,0,0,0,0,0,0,0,0,0,69,253,227,6,0,0,0,0,0,0,0,0,0,0,0,0,0,0,0,0,0,0,0,0,0,0,0,0,69,253,226,0,0,0,0,0,0,0,0,0,0,0,0,0,0,0,0,0,0,0,0,0,0,0,0,0,69,253,192,0,0,0,0,0,0,0,0,0,0,0,0,0,0,0,0,0,0,0,0,0,0,0,0,0,69,253,89,0,0,0,0,0,0,0,0,0,0,0,0,0,0,0,0,0,0,0,0,0,0,0,0,0,69,253,89,0,0,0,0,0,0,0,0,0,0,0,0,0,0,0,0,0,0,0,0,0,0,0,0,0,69,253,89,0,0,0,0,0,0,0,0,0,0,0,0,0,0,0,0,0,0,0,0,0,0,0,0,0,0,0,0,0,0,0,0,0,0,0,0,0,0,0,0
2,0,0,0,0,0,0,0,0,0,0,0,0,0,0,0,0,0,0,0,0,0,0,0,0,0,0,0,0,0,0,0,0,0,0,0,0,0,0,0,0,0,0,0,0,0,0,0,0,0,0,0,0,0,0,0,0,0,0,0,0,0,0,0,0,0,0,0,0,0,0,0,0,0,0,0,0,0,0,0,0,0,0,0,0,0,0,0,0,0,0,0,0,0,0,0,0,0,0,0,0,0,0,0,0,0,0,0,0,0,0,0,0,0,0,0,0,0,0,0,0,0,0,0,10,111,180,254,254,192,64,5,0,0,0,0,0,0,0,0,0,0,0,0,0,0,0,0,0,0,0,47,228,253,253,253,253,254,253,108,0,0,0,0,0,0,0,0,0,0,0,0,0,0,0,0,0,0,24,216,253,224,170,96,96,237,253,222,13,0,0,0,0,0,0,0,0,0,0,0,0,0,0,0,0,0,0,158,181,16,0,0,0,50,233,253,84,0,0,0,0,0,0,0,0,0,0,0,0,0,0,0,0,0,0,18,17,0,0,0,0,0,145,253,84,0,0,0,0,0,0,0,0,0,0,0,0,0,0,0,0,0,0,0,0,0,0,0,0,0,145,253,176,0,0,0,0,0,0,0,0,0,0,0,0,0,0,0,0,0,0,0,0,0,0,0,0,0,145,253,205,0,0,0,0,0,0,0,0,0,0,0,0,0,0,0,0,0,0,0,0,0,0,0,0,0,145,253,101,0,0,0,0,0,0,0,0,0,0,0,0,0,0,0,0,0,0,0,0,0,0,0,0,0,145,253,84,0,0,0,0,0,0,0,0,0,0,0,0,0,0,0,0,0,0,0,0,0,0,0,0,12,249,253,84,0,0,0,0,0,0,0,0,0,0,0,0,0,0,0,0,0,0,0,0,0,0,0,0,134,254,218,0,0,0,0,0,0,0,0,0,0,0,0,0,0,0,0,0,0,0,18,60,145,145,145,145,203,253,220,25,25,6,0,0,0,0,0,0,0,0,0,0,0,0,0,0,6,118,226,253,253,253,253,253,254,253,253,253,253,180,157,157,142,6,0,0,0,0,0,0,0,0,0,5,136,253,253,239,205,205,226,253,254,225,205,228,240,230,214,158,48,0,0,0,0,0,0,0,0,0,0,54,253,242,164,52,0,24,201,253,159,31,0,35,52,38,14,0,0,0,0,0,0,0,0,0,0,0,0,145,253,113,0,0,25,200,253,218,29,0,0,0,0,0,0,0,0,0,0,0,0,0,0,0,0,0,10,233,253,84,0,25,199,253,217,30,0,0,0,0,0,0,0,0,0,0,0,0,0,0,0,0,0,0,13,253,253,148,184,228,253,216,32,0,0,0,0,0,0,0,0,0,0,0,0,0,0,0,0,0,0,0,2,104,253,253,253,253,217,32,0,0,0,0,0,0,0,0,0,0,0,0,0,0,0,0,0,0,0,0,0,13,132,213,224,98,8,0,0,0,0,0,0,0,0,0,0,0,0,0,0,0,0,0,0,0,0,0,0,0,0,0,0,0,0,0,0,0,0,0,0,0,0,0,0,0,0,0,0,0,0,0,0,0,0,0,0,0,0,0,0,0,0,0,0,0,0,0,0,0,0,0,0,0,0,0,0,0,0,0,0,0,0,0,0,0,0,0,0,0,0,0,0,0,0,0,0,0,0,0,0,0,0,0,0,0,0,0,0,0,0,0,0,0,0,0,0,0,0,0,0,0,0,0,0,0,0,0,0,0,0,0,0,0
1,0,0,0,0,0,0,0,0,0,0,0,0,0,0,0,0,0,0,0,0,0,0,0,0,0,0,0,0,0,0,0,0,0,0,0,0,0,0,0,0,0,0,0,0,0,0,0,0,0,0,0,0,0,0,0,0,0,0,0,0,0,0,0,0,0,0,0,0,0,0,0,0,0,0,0,0,0,0,0,0,0,0,0,0,0,0,0,0,0,0,0,0,0,0,0,0,0,0,0,0,0,0,0,0,0,0,0,0,0,0,0,0,0,0,0,0,0,0,0,0,0,0,0,0,0,0,121,254,28,0,0,0,0,0,0,0,0,0,0,0,0,0,0,0,0,0,0,0,0,0,0,0,0,19,226,253,28,0,0,0,0,0,0,0,0,0,0,0,0,0,0,0,0,0,0,0,0,0,0,0,0,29,253,253,28,0,0,0,0,0,0,0,0,0,0,0,0,0,0,0,0,0,0,0,0,0,0,0,0,29,253,215,16,0,0,0,0,0,0,0,0,0,0,0,0,0,0,0,0,0,0,0,0,0,0,0,0,29,255,254,28,0,0,0,0,0,0,0,0,0,0,0,0,0,0,0,0,0,0,0,0,0,0,0,0,29,253,196,9,0,0,0,0,0,0,0,0,0,0,0,0,0,0,0,0,0,0,0,0,0,0,0,0,29,253,168,0,0,0,0,0,0,0,0,0,0,0,0,0,0,0,0,0,0,0,0,0,0,0,0,0,29,253,168,0,0,0,0,0,0,0,0,0,0,0,0,0,0,0,0,0,0,0,0,0,0,0,0,0,80,254,169,0,0,0,0,0,0,0,0,0,0,0,0,0,0,0,0,0,0,0,0,0,0,0,0,0,29,253,168,0,0,0,0,0,0,0,0,0,0,0,0,0,0,0,0,0,0,0,0,0,0,0,0,0,117,253,168,0,0,0,0,0,0,0,0,0,0,0,0,0,0,0,0,0,0,0,0,0,0,0,0,0,41,253,168,0,0,0,0,0,0,0,0,0,0,0,0,0,0,0,0,0,0,0,0,0,0,0,0,0,29,254,169,0,0,0,0,0,0,0,0,0,0,0,0,0,0,0,0,0,0,0,0,0,0,0,0,0,29,253,168,0,0,0,0,0,0,0,0,0,0,0,0,0,0,0,0,0,0,0,0,0,0,0,0,0,29,253,197,10,0,0,0,0,0,0,0,0,0,0,0,0,0,0,0,0,0,0,0,0,0,0,0,0,29,253,253,28,0,0,0,0,0,0,0,0,0,0,0,0,0,0,0,0,0,0,0,0,0,0,0,0,29,254,254,28,0,0,0,0,0,0,0,0,0,0,0,0,0,0,0,0,0,0,0,0,0,0,0,0,23,235,253,53,0,0,0,0,0,0,0,0,0,0,0,0,0,0,0,0,0,0,0,0,0,0,0,0,0,170,253,52,0,0,0,0,0,0,0,0,0,0,0,0,0,0,0,0,0,0,0,0,0,0,0,0,0,170,253,28,0,0,0,0,0,0,0,0,0,0,0,0,0,0,0,0,0,0,0,0,0,0,0,0,0,0,0,0,0,0,0,0,0,0,0,0,0,0,0,0,0,0,0,0,0,0,0,0,0,0,0,0,0,0,0,0,0,0,0,0,0,0,0,0,0,0,0,0,0,0,0,0,0,0,0,0,0,0,0,0,0,0,0,0,0,0,0,0,0,0,0,0,0,0,0,0,0,0,0,0,0,0,0,0,0,0,0,0,0,0,0,0,0,0,0,0,0,0,0,0,0,0,0
4,0,0,0,0,0,0,0,0,0,0,0,0,0,0,0,0,0,0,0,0,0,0,0,0,0,0,0,0,0,0,0,0,0,0,0,0,0,0,0,0,0,0,0,0,0,0,0,0,0,0,0,0,0,0,0,0,0,0,0,0,0,0,0,0,0,0,0,0,0,0,0,0,0,0,0,0,0,0,0,0,0,0,0,0,0,0,0,0,0,0,0,0,0,0,0,0,0,0,0,0,0,0,0,0,0,0,0,0,0,0,0,0,0,0,0,0,0,0,0,0,0,0,0,0,0,0,0,0,0,0,0,0,0,0,0,0,0,0,0,0,0,0,0,0,0,0,0,0,0,0,0,0,0,0,0,0,0,0,0,0,0,0,0,0,0,0,0,0,0,0,0,0,0,0,0,0,0,0,0,0,0,0,0,0,0,0,0,0,0,0,0,5,80,142,0,0,0,0,0,0,0,0,0,0,0,0,0,0,0,0,0,0,0,0,0,0,0,0,5,157,178,41,0,0,0,0,0,0,0,0,0,0,0,0,0,0,17,147,185,0,0,0,0,0,0,3,157,189,17,0,0,0,0,0,0,0,0,0,0,0,0,0,0,114,223,254,134,0,0,0,0,0,0,159,204,20,0,0,0,0,0,0,0,0,0,0,0,0,0,35,209,244,188,182,0,0,0,0,0,0,96,244,28,0,0,0,0,0,0,0,0,0,0,0,0,7,108,238,169,28,52,30,0,0,0,0,0,133,241,81,0,0,0,0,0,0,0,0,0,0,0,0,6,151,244,111,6,0,0,0,0,0,0,0,56,248,97,0,0,0,0,0,0,0,0,0,0,0,0,0,131,241,57,0,0,0,0,0,0,0,0,49,232,180,0,0,0,0,0,0,0,0,0,0,0,0,0,0,205,126,0,0,0,0,0,0,0,0,32,213,222,33,0,0,0,0,0,0,0,0,0,0,0,0,0,0,241,180,55,0,15,0,0,49,111,138,237,221,32,0,0,0,0,0,0,0,0,0,0,0,0,0,0,0,74,192,248,241,223,194,211,212,163,254,235,53,0,0,0,0,0,0,0,0,0,0,0,0,0,0,0,0,0,0,24,27,13,7,7,0,140,247,103,0,0,0,0,0,0,0,0,0,0,0,0,0,0,0,0,0,0,0,0,0,0,0,0,122,247,125,0,0,0,0,0,0,0,0,0,0,0,0,0,0,0,0,0,0,0,0,0,0,0,0,103,248,134,0,0,0,0,0,0,0,0,0,0,0,0,0,0,0,0,0,0,0,0,0,0,0,0,26,248,146,0,0,0,0,0,0,0,0,0,0,0,0,0,0,0,0,0,0,0,0,0,0,0,0,0,138,226,12,0,0,0,0,0,0,0,0,0,0,0,0,0,0,0,0,0,0,0,0,0,0,0,0,0,255,129,0,0,0,0,0,0,0,0,0,0,0,0,0,0,0,0,0,0,0,0,0,0,0,0,0,0,174,20,0,0,0,0,0,0,0,0,0,0,0,0,0,0,0,0,0,0,0,0,0,0,0,0,0,0,0,0,0,0,0,0,0,0,0,0,0,0,0,0,0,0,0,0,0,0,0,0,0,0,0,0,0,0,0,0,0,0,0,0,0,0,0,0,0,0,0,0,0,0,0,0,0,0,0,0,0,0,0,0,0,0,0,0,0,0,0,0,0,0,0,0,0,0,0,0,0,0,0,0,0,0,0,0,0,0,0,0,0,0,0,0,0,0,0,0,0,0,0,0,0,0,0,0,0,0,0
2,0,0,0,0,0,0,0,0,0,0,0,0,0,0,0,0,0,0,0,0,0,0,0,0,0,0,0,0,0,0,0,0,0,0,0,0,0,0,0,0,0,0,0,0,0,0,0,0,0,0,0,0,0,0,0,0,0,0,0,0,0,0,0,0,0,0,0,0,0,0,0,0,0,0,0,0,0,0,0,0,0,0,0,0,0,0,0,0,0,0,0,0,0,0,0,0,0,0,0,0,0,0,0,0,0,0,0,0,0,0,0,0,0,0,0,0,0,0,0,0,0,0,0,21,72,152,214,253,254,253,254,253,92,31,0,0,0,0,0,0,0,0,0,0,0,0,0,0,0,0,41,223,253,252,253,252,233,151,253,252,253,192,0,0,0,0,0,0,0,0,0,0,0,0,0,0,0,21,254,253,203,162,41,0,0,0,0,0,92,253,234,30,0,0,0,0,0,0,0,0,0,0,0,0,21,203,253,171,0,0,0,0,0,0,0,0,10,172,253,50,0,0,0,0,0,0,0,0,0,0,0,0,113,233,41,0,0,0,0,0,0,0,0,0,0,102,255,112,0,0,0,0,0,0,0,0,0,0,0,0,233,192,0,0,0,0,0,0,0,0,0,0,0,102,253,151,0,0,0,0,0,0,0,0,0,0,0,0,82,203,0,0,0,0,0,0,0,0,0,0,0,163,254,91,0,0,0,0,0,0,0,0,0,0,0,0,0,0,0,0,0,0,0,0,0,0,0,0,41,243,253,50,0,0,0,0,0,0,0,0,0,0,0,0,0,0,0,0,0,0,0,0,0,0,0,0,132,253,123,0,0,0,0,0,0,0,0,0,0,0,0,0,0,0,0,0,0,0,0,0,0,0,0,82,253,252,0,0,0,0,0,0,0,0,0,0,0,0,0,0,0,0,0,0,0,0,0,0,0,0,51,233,244,81,0,0,0,0,0,0,0,0,0,0,0,0,0,0,0,0,0,0,0,0,0,0,0,82,233,212,81,0,0,0,0,0,0,0,0,0,0,0,0,0,0,0,0,0,0,0,0,0,0,0,72,233,244,81,0,0,0,0,0,0,0,0,0,0,0,0,0,0,0,0,0,0,0,0,0,0,0,82,253,252,81,0,0,0,0,0,0,0,0,0,0,0,0,0,0,0,0,0,0,0,0,0,0,21,132,253,244,81,0,0,0,0,0,0,0,0,0,0,0,0,0,0,0,82,102,142,102,20,0,0,62,203,253,212,40,0,0,0,0,0,0,0,0,0,0,0,0,0,0,0,52,233,255,253,255,253,254,172,254,253,203,0,0,0,0,0,0,0,0,0,0,0,0,0,0,0,0,0,152,252,233,70,91,252,253,252,253,252,243,203,203,203,163,0,0,0,0,0,0,0,0,0,0,0,0,0,92,253,255,253,255,253,244,203,62,142,203,203,142,102,0,0,0,0,0,0,0,0,0,0,0,0,0,0,10,131,213,252,233,111,40,0,0,0,0,0,0,0,0,0,0,0,0,0,0,0,0,0,0,0,0,0,0,0,0,0,0,0,0,0,0,0,0,0,0,0,0,0,0,0,0,0,0,0,0,0,0,0,0,0,0,0,0,0,0,0,0,0,0,0,0,0,0,0,0,0,0,0,0,0,0,0,0,0,0,0,0,0,0,0,0,0,0,0,0,0,0,0,0,0,0,0,0,0,0,0,0,0,0,0,0,0,0,0,0,0,0,0,0,0,0,0,0,0,0,0,0,0,0,0,0,0,0,0,0,0,0,0,0,0
9,0,0,0,0,0,0,0,0,0,0,0,0,0,0,0,0,0,0,0,0,0,0,0,0,0,0,0,0,0,0,0,0,0,0,0,0,0,0,0,0,0,0,0,0,0,0,0,0,0,0,0,0,0,0,0,0,0,0,0,0,0,0,0,0,0,0,0,0,0,0,0,0,0,0,0,0,0,0,0,0,0,0,0,0,0,0,0,0,0,0,0,0,0,0,0,0,0,0,0,0,0,0,0,0,0,0,0,0,0,0,0,0,0,0,0,0,0,0,0,0,0,0,0,0,0,0,0,0,0,0,0,0,0,0,0,0,0,0,0,0,0,0,0,0,0,0,0,0,0,0,0,0,0,0,0,0,0,0,0,0,0,0,0,0,0,0,0,0,0,0,0,0,0,0,0,0,0,0,0,0,33,125,125,216,168,45,0,0,0,0,0,0,0,0,0,0,0,0,0,0,0,0,0,0,0,40,119,223,251,254,169,158,254,151,0,0,0,0,0,0,0,0,0,0,0,0,0,0,0,0,0,44,226,247,254,254,226,46,4,47,254,253,150,0,0,0,0,0,0,0,0,0,0,0,0,0,0,0,44,230,254,254,254,133,14,0,0,4,176,254,228,0,0,0,0,0,0,0,0,0,0,0,0,0,0,0,106,254,254,177,25,6,0,0,0,0,170,254,228,0,0,0,0,0,0,0,0,0,0,0,0,0,0,0,106,254,254,102,0,0,0,0,0,17,201,254,228,0,0,0,0,0,0,0,0,0,0,0,0,0,0,0,16,189,254,198,15,0,0,0,0,47,254,254,228,0,0,0,0,0,0,0,0,0,0,0,0,0,0,0,0,18,228,254,218,106,146,79,106,218,254,254,228,0,0,0,0,0,0,0,0,0,0,0,0,0,0,0,0,0,93,244,254,254,254,254,254,254,254,254,124,0,0,0,0,0,0,0,0,0,0,0,0,0,0,0,0,0,0,94,189,189,189,189,189,235,254,229,23,0,0,0,0,0,0,0,0,0,0,0,0,0,0,0,0,0,0,0,0,0,0,0,0,177,254,222,0,0,0,0,0,0,0,0,0,0,0,0,0,0,0,0,0,0,0,0,0,0,0,0,0,177,254,222,0,0,0,0,0,0,0,0,0,0,0,0,0,0,0,0,0,0,0,0,0,0,0,0,0,177,254,222,0,0,0,0,0,0,0,0,0,0,0,0,0,0,0,0,0,0,0,0,0,0,0,0,0,177,254,222,0,0,0,0,0,0,0,0,0,0,0,0,0,0,0,0,0,0,0,0,0,0,0,0,0,177,254,222,0,0,0,0,0,0,0,0,0,0,0,0,0,0,0,0,0,0,0,0,0,0,0,0,33,225,254,222,0,0,0,0,0,0,0,0,0,0,0,0,0,0,0,0,0,0,0,0,0,0,0,0,53,255,254,144,0,0,0,0,0,0,0,0,0,0,0,0,0,0,0,0,0,0,0,0,0,0,0,0,60,254,254,91,0,0,0,0,0,0,0,0,0,0,0,0,0,0,0,0,0,0,0,0,0,0,0,0,180,255,254,91,0,0,0,0,0,0,0,0,0,0,0,0,0,0,0,0,0,0,0,0,0,0,0,0,26,147,234,44,0,0,0,0,0,0,0,0,0,0,0,0,0,0,0,0,0,0,0,0,0,0,0,0,0,0,0,0,0,0,0,0,0,0,0,0,0,0,0,0,0,0,0,0,0,0,0,0,0,0,0,0,0,0,0,0,0,0,0,0,0,0,0,0,0,0
2,0,0,0,0,0,0,0,0,0,0,0,0,0,0,0,0,0,0,0,0,0,0,0,0,0,0,0,0,0,0,0,0,0,0,0,0,0,0,0,0,0,0,0,0,0,0,0,0,0,0,0,0,0,0,0,0,0,0,0,0,0,0,0,0,0,0,0,0,0,0,0,0,0,0,0,0,0,0,0,0,0,0,0,0,0,0,0,0,0,0,0,39,63,132,232,152,19,0,0,0,0,0,0,0,0,0,0,0,0,0,0,0,0,0,0,0,0,0,46,240,254,254,254,254,231,222,138,21,0,0,0,0,0,0,0,0,0,0,0,0,0,0,0,0,0,0,59,253,254,254,254,254,254,254,254,205,7,0,0,0,0,0,0,0,0,0,0,0,0,0,0,0,0,0,0,157,151,101,8,128,197,229,254,254,172,0,0,0,0,0,0,0,0,0,0,0,0,0,0,0,0,0,0,0,0,0,0,0,0,40,186,254,248,100,0,0,0,0,0,0,0,0,0,0,0,0,0,0,0,0,0,0,0,0,0,0,0,0,37,227,254,248,30,0,0,0,0,0,0,0,0,0,0,0,0,0,0,0,0,0,0,0,0,0,0,0,0,65,251,254,221,14,0,0,0,0,0,0,0,0,0,0,0,0,0,0,0,0,0,0,0,0,0,0,0,0,192,254,254,24,0,0,0,0,0,0,0,0,0,0,0,0,0,0,0,0,0,0,0,0,0,0,0,0,73,254,254,24,0,0,0,0,0,0,0,0,0,0,0,0,0,0,0,0,0,0,0,0,0,0,0,0,44,254,254,24,0,0,0,0,0,0,0,0,0,0,0,0,0,0,0,0,0,0,0,0,0,0,0,0,123,254,250,22,0,0,0,0,0,0,0,0,0,0,0,0,0,0,0,0,0,0,0,0,0,0,0,0,205,254,182,0,0,0,0,0,0,0,0,0,0,0,0,0,0,0,0,0,0,0,0,0,0,0,0,14,239,254,129,0,0,0,0,0,0,0,0,0,0,0,0,0,0,0,0,0,0,0,0,0,0,0,1,121,254,250,51,0,0,0,0,0,0,0,0,0,0,0,0,0,0,0,0,0,0,0,70,117,169,132,173,254,254,245,0,0,0,0,0,0,0,0,0,0,0,0,0,0,0,0,0,0,4,109,250,254,254,254,254,254,254,250,72,4,0,0,0,0,0,0,0,0,0,0,0,0,0,0,0,0,25,254,254,254,254,254,254,254,254,254,254,137,2,0,0,0,0,0,0,0,0,0,0,0,0,0,0,0,25,254,254,254,254,254,254,254,254,254,254,254,181,0,0,0,0,0,0,0,0,0,0,0,0,0,0,0,12,194,253,254,254,254,221,96,45,128,243,255,254,81,0,0,0,0,0,0,0,0,0,0,0,0,0,0,0,0,60,142,158,67,12,0,0,0,41,237,254,91,0,0,0,0,0,0,0,0,0,0,0,0,0,0,0,0,0,0,0,0,0,0,0,0,0,0,0,0,0,0,0,0,0,0,0,0,0,0,0,0,0,0,0,0,0,0,0,0,0,0,0,0,0,0,0,0,0,0,0,0,0,0,0,0,0,0,0,0,0,0,0,0,0,0,0,0,0,0,0,0,0,0,0,0,0,0,0,0,0,0,0,0,0,0,0,0,0,0,0,0,0,0,0,0,0,0,0,0,0,0,0,0,0,0,0,0,0,0,0,0,0,0,0,0,0,0,0,0,0,0,0,0,0,0,0,0,0,0,0,0,0,0,0,0,0,0
0,0,0,0,0,0,0,0,0,0,0,0,0,0,0,0,0,0,0,0,0,0,0,0,0,0,0,0,0,0,0,0,0,0,0,0,0,0,0,0,0,0,0,0,0,0,0,0,0,0,0,0,0,0,0,0,0,0,0,0,0,0,0,0,0,0,0,0,0,0,0,0,0,0,0,0,0,0,0,0,0,0,0,0,0,0,0,0,0,0,0,0,0,0,0,0,0,0,0,0,0,0,0,0,0,0,0,0,0,0,0,0,0,0,0,0,0,0,0,0,0,0,141,228,53,16,204,253,216,141,29,10,0,0,0,0,0,0,0,0,0,0,0,0,0,0,0,0,0,0,66,252,252,165,253,252,252,252,253,196,38,0,0,0,0,0,0,0,0,0,0,0,0,0,0,0,0,0,117,252,252,252,106,56,56,56,119,224,209,59,0,0,0,0,0,0,0,0,0,0,0,0,0,0,0,0,191,252,77,28,0,0,0,0,0,19,203,190,0,0,0,0,0,0,0,0,0,0,0,0,0,0,0,114,255,247,50,0,0,0,0,0,0,0,126,250,126,0,0,0,0,0,0,0,0,0,0,0,0,0,19,194,253,121,0,0,0,0,0,0,0,0,0,200,225,0,0,0,0,0,0,0,0,0,0,0,0,0,123,252,253,84,0,0,0,0,0,0,0,0,0,113,247,66,0,0,0,0,0,0,0,0,0,0,0,0,197,252,228,9,0,0,0,0,0,0,0,0,0,113,253,84,0,0,0,0,0,0,0,0,0,0,0,0,198,253,163,0,0,0,0,0,0,0,0,0,0,114,254,203,7,0,0,0,0,0,0,0,0,0,0,0,197,252,113,0,0,0,0,0,0,0,0,0,0,113,253,252,56,0,0,0,0,0,0,0,0,0,0,45,240,252,25,0,0,0,0,0,0,0,0,0,0,113,253,252,56,0,0,0,0,0,0,0,0,0,0,57,252,252,0,0,0,0,0,0,0,0,0,0,0,113,253,252,56,0,0,0,0,0,0,0,0,0,0,51,247,140,0,0,0,0,0,0,0,0,0,0,0,126,254,247,50,0,0,0,0,0,0,0,0,0,0,0,197,139,0,0,0,0,0,0,0,0,0,0,82,243,253,171,0,0,0,0,0,0,0,0,0,0,0,0,197,228,38,0,0,0,0,0,0,0,0,19,215,252,244,56,0,0,0,0,0,0,0,0,0,0,0,0,97,252,163,0,0,0,0,0,0,0,13,194,252,252,225,0,0,0,0,0,0,0,0,0,0,0,0,0,0,163,242,66,7,0,0,0,10,79,204,253,253,190,51,0,0,0,0,0,0,0,0,0,0,0,0,0,0,38,228,252,100,57,70,169,197,252,253,252,208,59,0,0,0,0,0,0,0,0,0,0,0,0,0,0,0,0,44,224,252,252,253,252,252,252,253,196,37,0,0,0,0,0,0,0,0,0,0,0,0,0,0,0,0,0,0,19,65,190,253,252,252,151,78,9,0,0,0,0,0,0,0,0,0,0,0,0,0,0,0,0,0,0,0,0,0,0,0,0,0,0,0,0,0,0,0,0,0,0,0,0,0,0,0,0,0,0,0,0,0,0,0,0,0,0,0,0,0,0,0,0,0,0,0,0,0,0,0,0,0,0,0,0,0,0,0,0,0,0,0,0,0,0,0,0,0,0,0,0,0,0,0,0,0,0,0,0,0,0,0,0,0,0,0,0,0,0,0,0,0,0,0,0,0,0,0,0,0,0,0,0,0,0,0,0,0
4,0,0,0,0,0,0,0,0,0,0,0,0,0,0,0,0,0,0,0,0,0,0,0,0,0,0,0,0,0,0,0,0,0,0,0,0,0,0,0,0,0,0,0,0,0,0,0,0,0,0,0,0,0,0,0,0,0,0,0,0,0,0,0,0,0,0,0,0,0,0,0,0,0,0,0,0,0,0,0,0,0,0,0,0,0,0,0,0,0,0,0,0,0,0,0,0,0,0,0,0,0,0,0,0,0,0,0,0,0,0,0,0,0,0,0,0,0,0,0,0,166,253,21,0,0,0,0,0,0,0,0,0,0,0,0,0,0,0,0,0,0,0,0,0,0,0,0,0,174,252,56,0,0,0,0,0,0,159,159,0,0,0,0,0,0,0,0,0,0,0,0,0,0,0,0,0,245,252,126,0,0,0,0,0,59,249,211,0,0,0,0,0,0,0,0,0,0,0,0,0,0,0,0,0,253,252,126,0,0,0,0,0,91,252,185,0,0,0,0,0,0,0,0,0,0,0,0,0,0,0,0,0,253,252,82,0,0,0,0,9,204,252,106,0,0,0,0,0,0,0,0,0,0,0,0,0,0,0,0,0,254,253,21,0,0,0,0,0,169,253,107,0,0,0,0,0,0,0,0,0,0,0,0,0,0,0,0,0,253,252,21,0,0,0,0,0,169,252,106,0,0,0,0,0,0,0,0,0,0,0,0,0,0,0,0,0,253,252,21,0,0,0,0,0,169,252,106,0,0,0,0,0,0,0,0,0,0,0,0,0,0,0,0,0,253,252,21,0,0,0,0,15,225,252,106,48,32,0,0,0,0,0,0,0,0,0,0,0,0,0,0,0,253,252,21,0,0,0,0,153,252,252,229,242,232,211,124,89,0,0,0,0,0,0,0,0,0,0,0,0,254,253,83,0,18,148,227,253,253,253,255,222,211,239,253,255,253,156,67,0,0,0,0,0,0,0,0,0,253,252,126,84,216,253,252,252,252,252,107,16,0,42,63,168,231,252,237,67,0,0,0,0,0,0,0,0,200,252,242,246,252,253,201,180,252,252,0,0,0,0,0,0,16,74,170,29,0,0,0,0,0,0,0,0,174,252,252,252,252,128,21,48,252,252,0,0,0,0,0,0,0,0,0,0,0,0,0,0,0,0,0,0,253,252,252,226,59,0,0,127,252,252,0,0,0,0,0,0,0,0,0,0,0,0,0,0,0,0,0,0,87,253,170,0,0,0,0,110,253,253,0,0,0,0,0,0,0,0,0,0,0,0,0,0,0,0,0,0,11,63,32,0,0,0,0,57,252,252,0,0,0,0,0,0,0,0,0,0,0,0,0,0,0,0,0,0,0,0,0,0,0,0,0,74,252,252,0,0,0,0,0,0,0,0,0,0,0,0,0,0,0,0,0,0,0,0,0,0,0,0,0,22,252,252,0,0,0,0,0,0,0,0,0,0,0,0,0,0,0,0,0,0,0,0,0,0,0,0,0,4,182,252,0,0,0,0,0,0,0,0,0,0,0,0,0,0,0,0,0,0,0,0,0,0,0,0,0,0,0,0,0,0,0,0,0,0,0,0,0,0,0,0,0,0,0,0,0,0,0,0,0,0,0,0,0,0,0,0,0,0,0,0,0,0,0,0,0,0,0,0,0,0,0,0,0,0,0,0,0,0,0,0,0,0,0,0,0,0,0,0,0,0,0,0,0,0,0,0,0,0,0,0,0,0,0,0,0,0,0,0,0,0,0,0,0,0,0,0,0,0,0,0,0,0
9,0,0,0,0,0,0,0,0,0,0,0,0,0,0,0,0,0,0,0,0,0,0,0,0,0,0,0,0,0,0,0,0,0,0,0,0,0,0,0,0,0,0,0,0,0,0,0,0,0,0,0,0,0,0,0,0,0,0,0,0,0,0,0,0,0,0,0,0,0,0,0,0,0,0,0,0,0,0,0,0,0,0,0,0,0,0,0,0,0,0,0,0,0,0,0,0,0,0,0,0,0,0,0,0,0,0,0,0,0,0,0,0,0,0,0,0,0,0,0,0,0,0,0,0,0,0,0,0,0,0,0,0,0,0,0,0,0,0,0,0,0,0,0,0,0,0,0,0,0,0,0,0,0,0,0,0,0,0,0,0,0,0,0,0,0,0,0,0,0,0,0,0,0,0,0,0,0,0,0,1,82,238,255,255,154,2,0,0,0,0,0,0,0,0,0,0,0,0,0,0,0,0,0,0,0,0,1,117,254,229,107,160,252,104,0,0,0,0,0,0,0,0,0,0,0,0,0,0,0,0,0,0,0,0,54,254,217,46,0,0,189,247,11,0,0,0,0,0,0,0,0,0,0,0,0,0,0,0,0,0,0,0,181,245,32,0,0,0,77,254,180,0,0,0,0,0,0,0,0,0,0,0,0,0,0,0,0,0,0,84,253,122,0,0,0,16,196,254,233,0,0,0,0,0,0,0,0,0,0,0,0,0,0,0,0,0,0,153,253,55,0,0,39,222,254,254,233,0,0,0,0,0,0,0,0,0,0,0,0,0,0,0,0,0,0,232,223,0,13,149,238,229,171,254,233,0,0,0,0,0,0,0,0,0,0,0,0,0,0,0,0,0,0,234,201,128,235,254,181,33,244,248,193,0,0,0,0,0,0,0,0,0,0,0,0,0,0,0,0,0,0,225,254,254,242,123,10,134,254,96,0,0,0,0,0,0,0,0,0,0,0,0,0,0,0,0,0,0,0,129,213,151,30,0,0,226,254,4,0,0,0,0,0,0,0,0,0,0,0,0,0,0,0,0,0,0,0,0,0,0,0,0,62,249,172,1,0,0,0,0,0,0,0,0,0,0,0,0,0,0,0,0,0,0,0,0,0,0,0,0,179,254,25,0,0,0,0,0,0,0,0,0,0,0,0,0,0,0,0,0,0,0,0,0,0,0,0,26,239,213,6,0,0,0,0,0,0,0,0,0,0,0,0,0,0,0,0,0,0,0,0,0,0,0,0,174,254,107,0,0,0,0,0,0,0,0,0,0,0,0,0,0,0,0,0,0,0,0,0,0,0,0,3,206,233,17,0,0,0,0,0,0,0,0,0,0,0,0,0,0,0,0,0,0,0,0,0,0,0,0,127,254,155,0,0,0,0,0,0,0,0,0,0,0,0,0,0,0,0,0,0,0,0,0,0,0,0,8,221,247,33,0,0,0,0,0,0,0,0,0,0,0,0,0,0,0,0,0,0,0,0,0,0,0,0,61,254,169,0,0,0,0,0,0,0,0,0,0,0,0,0,0,0,0,0,0,0,0,0,0,0,0,0,170,254,232,26,0,0,0,0,0,0,0,0,0,0,0,0,0,0,0,0,0,0,0,0,0,0,0,0,101,254,136,0,0,0,0,0,0,0,0,0,0,0,0,0,0,0,0,0,0,0,0,0,0,0,0,0,0,0,0,0,0,0,0,0,0,0,0,0,0,0,0,0,0,0,0,0,0,0,0,0,0,0,0,0,0,0,0,0,0,0,0,0,0,0,0,0,0,0,0,0,0
1,0,0,0,0,0,0,0,0,0,0,0,0,0,0,0,0,0,0,0,0,0,0,0,0,0,0,0,0,0,0,0,0,0,0,0,0,0,0,0,0,0,0,0,0,0,0,0,0,0,0,0,0,0,0,0,0,0,0,0,0,0,0,0,0,0,0,0,0,0,0,0,0,0,0,0,0,0,0,0,0,0,0,0,0,0,0,0,0,0,0,0,0,0,0,0,0,0,0,0,0,0,0,0,0,0,0,0,0,0,0,0,0,0,0,0,0,0,0,0,0,0,0,0,0,0,0,0,0,0,0,0,0,0,0,0,0,0,0,0,0,0,0,0,0,0,0,0,0,0,0,0,0,0,76,255,128,0,0,0,0,0,0,0,0,0,0,0,0,0,0,0,0,0,0,0,0,0,0,0,0,0,219,254,159,0,0,0,0,0,0,0,0,0,0,0,0,0,0,0,0,0,0,0,0,0,0,0,0,0,220,254,128,0,0,0,0,0,0,0,0,0,0,0,0,0,0,0,0,0,0,0,0,0,0,0,0,0,220,254,128,0,0,0,0,0,0,0,0,0,0,0,0,0,0,0,0,0,0,0,0,0,0,0,0,0,220,254,180,0,0,0,0,0,0,0,0,0,0,0,0,0,0,0,0,0,0,0,0,0,0,0,0,0,191,254,135,0,0,0,0,0,0,0,0,0,0,0,0,0,0,0,0,0,0,0,0,0,0,0,0,0,191,254,128,0,0,0,0,0,0,0,0,0,0,0,0,0,0,0,0,0,0,0,0,0,0,0,0,0,220,254,128,0,0,0,0,0,0,0,0,0,0,0,0,0,0,0,0,0,0,0,0,0,0,0,0,0,145,254,187,0,0,0,0,0,0,0,0,0,0,0,0,0,0,0,0,0,0,0,0,0,0,0,0,0,133,254,128,0,0,0,0,0,0,0,0,0,0,0,0,0,0,0,0,0,0,0,0,0,0,0,0,0,133,254,128,0,0,0,0,0,0,0,0,0,0,0,0,0,0,0,0,0,0,0,0,0,0,0,0,0,133,254,187,0,0,0,0,0,0,0,0,0,0,0,0,0,0,0,0,0,0,0,0,0,0,0,0,0,133,254,128,0,0,0,0,0,0,0,0,0,0,0,0,0,0,0,0,0,0,0,0,0,0,0,0,0,133,254,167,0,0,0,0,0,0,0,0,0,0,0,0,0,0,0,0,0,0,0,0,0,0,0,0,0,98,254,218,4,0,0,0,0,0,0,0,0,0,0,0,0,0,0,0,0,0,0,0,0,0,0,0,0,29,238,254,47,0,0,0,0,0,0,0,0,0,0,0,0,0,0,0,0,0,0,0,0,0,0,0,0,0,216,254,47,0,0,0,0,0,0,0,0,0,0,0,0,0,0,0,0,0,0,0,0,0,0,0,0,0,183,254,50,0,0,0,0,0,0,0,0,0,0,0,0,0,0,0,0,0,0,0,0,0,0,0,0,0,129,254,73,0,0,0,0,0,0,0,0,0,0,0,0,0,0,0,0,0,0,0,0,0,0,0,0,0,86,167,31,0,0,0,0,0,0,0,0,0,0,0,0,0,0,0,0,0,0,0,0,0,0,0,0,0,0,0,0,0,0,0,0,0,0,0,0,0,0,0,0,0,0,0,0,0,0,0,0,0,0,0,0,0,0,0,0,0,0,0,0,0,0,0,0,0,0,0,0,0,0,0,0,0,0,0,0,0,0,0,0,0,0,0,0,0,0,0,0,0,0,0,0,0,0,0
4,0,0,0,0,0,0,0,0,0,0,0,0,0,0,0,0,0,0,0,0,0,0,0,0,0,0,0,0,0,0,0,0,0,0,0,0,0,0,0,0,0,0,0,0,0,0,0,0,0,0,0,0,0,0,0,0,0,0,0,0,0,0,0,0,0,0,0,0,0,0,0,0,0,0,0,0,0,0,0,0,0,0,0,0,0,0,0,0,0,0,0,0,0,0,0,0,0,0,0,0,0,0,0,0,0,0,0,0,0,0,0,0,0,0,0,0,0,0,0,0,0,0,0,0,0,0,0,0,0,0,0,11,132,193,30,0,0,0,0,0,0,0,0,0,0,0,0,0,0,0,0,0,0,21,20,0,0,0,41,173,252,213,10,0,0,0,0,0,0,0,0,0,0,0,0,0,0,0,0,0,0,254,253,0,0,0,123,254,253,41,0,0,0,0,0,0,0,0,0,0,0,0,0,0,0,0,0,0,123,233,151,0,0,41,243,253,171,0,0,0,0,0,0,0,0,0,0,0,0,0,0,0,0,0,0,113,253,203,0,0,0,152,253,224,20,0,0,0,0,0,0,0,0,0,0,0,0,0,0,0,0,0,41,233,252,122,0,0,0,193,252,203,0,0,0,0,0,0,0,0,0,0,0,0,0,0,0,0,0,11,213,254,172,0,0,0,82,254,253,82,0,0,0,0,0,0,0,0,0,0,0,0,0,0,0,0,0,132,252,172,10,0,0,0,203,253,171,0,0,0,0,0,0,0,0,0,0,0,0,0,0,0,0,0,21,254,253,82,0,0,0,31,233,254,91,0,0,0,0,0,0,0,0,0,0,0,0,0,0,0,0,21,203,253,130,0,0,0,0,173,252,213,10,0,0,0,0,0,0,0,0,0,0,0,0,0,0,0,0,52,253,203,20,0,0,0,0,254,253,102,0,0,0,0,0,0,0,0,0,0,0,0,0,0,0,0,0,92,252,223,203,142,102,41,82,253,252,61,0,0,0,0,0,0,0,0,0,0,0,0,0,0,0,0,0,92,253,254,253,254,253,254,253,254,192,0,0,0,0,0,0,0,0,0,0,0,0,0,0,0,0,0,0,10,50,50,131,172,252,253,252,253,232,102,20,0,0,0,0,0,0,0,0,0,0,0,0,0,0,0,0,0,0,0,0,0,102,254,253,254,253,254,213,214,131,0,0,0,0,0,0,0,0,0,0,0,0,0,0,0,0,0,0,0,142,253,252,50,131,213,252,253,252,0,0,0,0,0,0,0,0,0,0,0,0,0,0,0,0,0,0,0,204,255,151,0,0,0,41,102,61,0,0,0,0,0,0,0,0,0,0,0,0,0,0,0,0,0,0,41,243,253,70,0,0,0,0,0,0,0,0,0,0,0,0,0,0,0,0,0,0,0,0,0,0,0,0,41,243,255,71,0,0,0,0,0,0,0,0,0,0,0,0,0,0,0,0,0,0,0,0,0,0,0,0,0,122,233,91,0,0,0,0,0,0,0,0,0,0,0,0,0,0,0,0,0,0,0,0,0,0,0,0,0,0,0,0,0,0,0,0,0,0,0,0,0,0,0,0,0,0,0,0,0,0,0,0,0,0,0,0,0,0,0,0,0,0,0,0,0,0,0,0,0,0,0,0,0,0,0,0,0,0,0,0,0,0,0,0,0,0,0,0,0,0,0,0,0,0,0,0,0,0,0,0,0,0,0,0,0,0,0,0,0,0,0,0,0,0,0,0,0,0,0,0,0,0,0,0,0,0,0,0,0
8,0,0,0,0,0,0,0,0,0,0,0,0,0,0,0,0,0,0,0,0,0,0,0,0,0,0,0,0,0,0,0,0,0,0,0,0,0,0,0,0,0,0,0,0,0,0,0,0,0,0,0,0,0,0,0,0,0,0,0,0,0,0,0,0,0,0,0,0,0,0,0,0,0,0,0,0,0,0,0,0,0,0,0,0,0,0,0,0,0,0,0,0,0,0,0,0,0,0,0,0,0,0,0,0,0,0,0,0,0,0,0,0,0,0,0,0,0,0,0,0,0,0,0,0,0,0,0,0,0,0,0,0,0,0,0,0,0,0,0,0,0,0,0,0,0,0,0,0,0,21,72,193,254,253,234,233,123,0,0,0,0,0,0,0,0,0,0,0,0,0,0,0,0,0,0,0,21,203,253,252,131,50,131,252,243,162,0,0,0,0,0,0,0,0,0,0,0,0,0,0,0,0,0,0,214,233,123,0,0,0,0,41,234,233,0,0,0,0,0,0,0,0,0,0,0,0,0,0,0,0,0,123,253,151,0,0,0,0,0,0,30,30,62,183,82,0,0,0,0,0,0,0,0,0,0,0,0,0,0,203,255,50,0,0,0,0,0,0,0,21,254,253,82,0,0,0,0,0,0,0,0,0,0,0,0,0,0,203,253,50,0,0,0,0,0,0,41,223,253,90,0,0,0,0,0,0,0,0,0,0,0,0,0,0,0,203,254,151,0,0,0,0,0,62,214,253,123,0,0,0,0,0,0,0,0,0,0,0,0,0,0,0,0,122,253,232,123,0,0,0,0,183,253,130,0,0,0,0,0,0,0,0,0,0,0,0,0,0,0,0,0,0,173,253,254,172,0,0,152,253,183,0,0,0,0,0,0,0,0,0,0,0,0,0,0,0,0,0,0,0,10,172,253,252,183,102,233,212,20,0,0,0,0,0,0,0,0,0,0,0,0,0,0,0,0,0,0,0,0,0,62,203,254,253,254,151,0,0,0,0,0,0,0,0,0,0,0,0,0,0,0,0,0,0,0,0,0,0,0,20,253,252,253,232,82,0,0,0,0,0,0,0,0,0,0,0,0,0,0,0,0,0,0,0,0,0,0,0,72,253,254,253,234,51,0,0,0,0,0,0,0,0,0,0,0,0,0,0,0,0,0,0,0,0,0,0,193,252,213,212,253,232,41,0,0,0,0,0,0,0,0,0,0,0,0,0,0,0,0,0,0,0,0,0,254,253,102,0,173,253,234,30,0,0,0,0,0,0,0,0,0,0,0,0,0,0,0,0,0,0,0,0,253,252,20,0,10,212,253,50,0,0,0,0,0,0,0,0,0,0,0,0,0,0,0,0,0,0,0,0,255,253,21,0,31,233,255,50,0,0,0,0,0,0,0,0,0,0,0,0,0,0,0,0,0,0,0,0,253,252,162,142,173,252,233,30,0,0,0,0,0,0,0,0,0,0,0,0,0,0,0,0,0,0,0,0,21,203,255,253,255,253,142,0,0,0,0,0,0,0,0,0,0,0,0,0,0,0,0,0,0,0,0,0,0,20,172,212,151,111,20,0,0,0,0,0,0,0,0,0,0,0,0,0,0,0,0,0,0,0,0,0,0,0,0,0,0,0,0,0,0,0,0,0,0,0,0,0,0,0,0,0,0,0,0,0,0,0,0,0,0,0,0,0,0,0,0,0,0,0,0,0,0,0,0,0,0,0,0,0,0,0,0,0,0,0,0,0,0,0,0,0,0,0,0,0,0,0,0,0,0,0,0,0
1,0,0,0,0,0,0,0,0,0,0,0,0,0,0,0,0,0,0,0,0,0,0,0,0,0,0,0,0,0,0,0,0,0,0,0,0,0,0,0,0,0,0,0,0,0,0,0,0,0,0,0,0,0,0,0,0,0,0,0,0,0,0,0,0,0,0,0,0,0,0,0,0,0,0,0,0,0,0,0,0,0,0,0,0,0,0,0,0,0,0,0,0,0,0,0,0,0,0,0,0,0,0,0,0,0,0,0,0,0,0,0,0,0,0,0,0,0,0,0,0,0,0,0,0,0,0,0,14,196,195,0,0,0,0,0,0,0,0,0,0,0,0,0,0,0,0,0,0,0,0,0,0,0,0,0,93,245,80,0,0,0,0,0,0,0,0,0,0,0,0,0,0,0,0,0,0,0,0,0,0,0,0,2,142,254,85,0,0,0,0,0,0,0,0,0,0,0,0,0,0,0,0,0,0,0,0,0,0,0,0,74,254,233,0,0,0,0,0,0,0,0,0,0,0,0,0,0,0,0,0,0,0,0,0,0,0,0,0,163,254,233,0,0,0,0,0,0,0,0,0,0,0,0,0,0,0,0,0,0,0,0,0,0,0,0,8,206,254,181,0,0,0,0,0,0,0,0,0,0,0,0,0,0,0,0,0,0,0,0,0,0,0,0,38,254,254,57,0,0,0,0,0,0,0,0,0,0,0,0,0,0,0,0,0,0,0,0,0,0,0,0,126,254,223,11,0,0,0,0,0,0,0,0,0,0,0,0,0,0,0,0,0,0,0,0,0,0,0,0,225,254,162,0,0,0,0,0,0,0,0,0,0,0,0,0,0,0,0,0,0,0,0,0,0,0,0,0,234,254,162,0,0,0,0,0,0,0,0,0,0,0,0,0,0,0,0,0,0,0,0,0,0,0,0,32,241,254,162,0,0,0,0,0,0,0,0,0,0,0,0,0,0,0,0,0,0,0,0,0,0,0,0,97,254,254,60,0,0,0,0,0,0,0,0,0,0,0,0,0,0,0,0,0,0,0,0,0,0,0,0,196,254,218,19,0,0,0,0,0,0,0,0,0,0,0,0,0,0,0,0,0,0,0,0,0,0,0,0,196,254,200,0,0,0,0,0,0,0,0,0,0,0,0,0,0,0,0,0,0,0,0,0,0,0,0,48,252,254,96,0,0,0,0,0,0,0,0,0,0,0,0,0,0,0,0,0,0,0,0,0,0,0,0,50,254,255,92,0,0,0,0,0,0,0,0,0,0,0,0,0,0,0,0,0,0,0,0,0,0,0,0,50,254,254,92,0,0,0,0,0,0,0,0,0,0,0,0,0,0,0,0,0,0,0,0,0,0,0,0,50,254,254,92,0,0,0,0,0,0,0,0,0,0,0,0,0,0,0,0,0,0,0,0,0,0,0,0,50,254,254,206,115,0,0,0,0,0,0,0,0,0,0,0,0,0,0,0,0,0,0,0,0,0,0,0,8,158,254,185,47,0,0,0,0,0,0,0,0,0,0,0,0,0,0,0,0,0,0,0,0,0,0,0,0,0,0,0,0,0,0,0,0,0,0,0,0,0,0,0,0,0,0,0,0,0,0,0,0,0,0,0,0,0,0,0,0,0,0,0,0,0,0,0,0,0,0,0,0,0,0,0,0,0,0,0,0,0,0,0,0,0,0,0,0,0,0,0,0,0,0,0,0,0,0,0,0,0,0,0,0,0,0,0,0,0,0,0,0,0,0,0,0,0,0,0,0,0,0,0,0,0,0,0,0
8,0,0,0,0,0,0,0,0,0,0,0,0,0,0,0,0,0,0,0,0,0,0,0,0,0,0,0,0,0,0,0,0,0,0,0,0,0,0,0,0,0,0,0,0,0,0,0,0,0,0,0,0,0,0,0,0,0,0,0,0,0,0,0,0,0,0,0,0,0,0,0,0,0,0,0,0,0,0,0,0,0,0,0,0,0,0,0,0,0,0,0,0,0,0,0,0,0,0,0,0,0,0,0,0,0,0,0,0,0,0,0,0,0,0,0,0,0,0,0,0,0,0,0,0,0,0,0,0,0,0,0,0,0,0,0,0,0,0,0,0,0,0,0,0,0,0,0,0,0,17,107,155,171,218,155,155,155,68,0,0,0,0,0,0,0,0,0,0,0,0,0,0,0,0,0,0,104,223,254,254,229,221,205,244,247,252,183,17,0,0,0,0,0,0,0,0,0,0,0,0,0,0,0,17,229,235,177,90,5,0,0,0,22,100,254,155,0,0,0,0,0,0,0,0,0,0,0,0,0,0,0,113,245,56,0,0,0,0,0,0,0,3,62,216,0,0,0,0,0,0,0,0,0,0,0,0,0,0,0,97,234,0,0,0,0,0,0,0,0,0,0,200,0,0,0,0,0,0,0,0,0,0,0,0,0,0,0,58,249,84,0,0,0,0,0,0,0,0,9,204,0,0,0,0,0,0,0,0,0,0,0,0,0,0,0,0,187,204,9,0,0,0,0,2,105,0,104,196,0,0,0,0,0,0,0,0,0,0,0,0,0,0,0,0,55,195,218,27,0,0,44,205,164,15,239,70,0,0,0,0,0,0,0,0,0,0,0,0,0,0,0,0,0,48,208,235,49,36,189,113,0,93,174,12,0,0,0,0,0,0,0,0,0,0,0,0,0,0,0,0,0,0,14,138,234,229,146,1,36,234,68,0,0,0,0,0,0,0,0,0,0,0,0,0,0,0,0,0,0,0,0,2,241,255,166,23,61,196,0,0,0,0,0,0,0,0,0,0,0,0,0,0,0,0,0,0,0,0,8,126,245,118,189,215,144,15,0,0,0,0,0,0,0,0,0,0,0,0,0,0,0,0,0,0,0,0,76,254,124,0,24,123,240,86,5,0,0,0,0,0,0,0,0,0,0,0,0,0,0,0,0,0,0,0,197,197,5,0,0,0,77,188,170,9,0,0,0,0,0,0,0,0,0,0,0,0,0,0,0,0,0,67,252,81,0,0,0,0,0,8,157,176,47,0,0,0,0,0,0,0,0,0,0,0,0,0,0,0,0,146,245,48,0,0,0,0,0,0,0,76,208,46,0,0,0,0,0,0,0,0,0,0,0,0,0,0,0,123,224,0,0,0,0,0,0,0,0,0,117,200,9,0,0,0,0,0,0,0,0,0,0,0,0,0,0,76,247,88,0,0,0,0,0,0,0,0,0,135,139,0,0,0,0,0,0,0,0,0,0,0,0,0,0,3,156,251,151,69,19,0,0,0,0,5,46,150,135,0,0,0,0,0,0,0,0,0,0,0,0,0,0,0,7,55,149,194,142,159,163,200,200,206,223,94,0,0,0,0,0,0,0,0,0,0,0,0,0,0,0,0,0,0,0,0,0,0,0,0,0,0,0,0,0,0,0,0,0,0,0,0,0,0,0,0,0,0,0,0,0,0,0,0,0,0,0,0,0,0,0,0,0,0,0,0,0,0,0,0,0,0,0,0,0,0,0,0,0,0,0,0,0,0,0,0,0,0,0,0,0,0,0,0,0,0
4,0,0,0,0,0,0,0,0,0,0,0,0,0,0,0,0,0,0,0,0,0,0,0,0,0,0,0,0,0,0,0,0,0,0,0,0,0,0,0,0,0,0,0,0,0,0,0,0,0,0,0,0,0,0,0,0,0,0,0,0,0,0,0,0,0,0,0,0,0,0,0,0,0,0,0,0,0,0,0,0,0,0,0,0,0,0,0,0,0,0,0,0,0,0,0,0,0,0,0,0,0,0,0,0,0,0,0,0,0,0,0,0,0,0,0,0,0,0,0,0,0,0,0,0,0,0,0,0,0,0,0,0,0,0,0,0,0,0,0,0,0,0,0,0,0,0,0,0,0,0,238,255,26,0,0,0,0,0,0,0,0,0,0,0,0,0,0,0,0,0,0,0,0,0,0,0,0,0,237,254,26,0,0,0,0,0,0,0,0,0,0,0,0,0,0,0,0,0,0,0,0,0,0,0,0,0,237,254,26,0,0,0,0,0,0,0,0,0,0,0,0,0,0,0,0,0,0,0,0,0,0,0,0,0,237,254,26,0,0,0,0,0,0,0,0,0,0,0,0,0,0,0,0,0,0,0,0,0,0,0,0,0,237,254,26,0,0,0,0,0,0,0,0,0,0,0,0,0,0,0,0,0,0,0,0,0,0,0,0,17,241,254,26,0,202,106,0,0,0,0,0,0,0,0,0,0,0,0,0,0,0,0,0,0,0,0,0,70,254,254,26,0,220,249,39,0,0,0,0,0,0,0,0,0,0,0,0,0,0,0,0,0,0,0,0,70,254,254,26,0,173,254,119,0,0,0,0,0,0,0,0,0,0,0,0,0,0,0,0,0,0,0,0,70,254,254,26,0,60,254,203,0,0,0,0,0,0,0,0,0,0,0,0,0,0,0,0,0,0,0,0,58,251,254,171,54,13,221,221,8,0,0,0,0,0,0,0,0,0,0,0,0,0,0,0,0,0,0,0,0,237,254,254,254,217,247,254,148,126,117,39,37,0,0,0,0,0,0,0,0,0,0,0,0,0,0,0,0,96,220,254,254,254,254,254,254,254,254,254,250,56,0,0,0,0,0,0,0,0,0,0,0,0,0,0,0,0,13,71,137,153,223,249,254,254,251,223,218,37,0,0,0,0,0,0,0,0,0,0,0,0,0,0,0,0,0,0,0,0,0,173,254,96,50,0,0,0,0,0,0,0,0,0,0,0,0,0,0,0,0,0,0,0,0,0,0,0,0,89,254,96,0,0,0,0,0,0,0,0,0,0,0,0,0,0,0,0,0,0,0,0,0,0,0,0,0,39,254,225,4,0,0,0,0,0,0,0,0,0,0,0,0,0,0,0,0,0,0,0,0,0,0,0,0,37,251,254,56,0,0,0,0,0,0,0,0,0,0,0,0,0,0,0,0,0,0,0,0,0,0,0,0,0,207,254,56,0,0,0,0,0,0,0,0,0,0,0,0,0,0,0,0,0,0,0,0,0,0,0,0,0,145,254,56,0,0,0,0,0,0,0,0,0,0,0,0,0,0,0,0,0,0,0,0,0,0,0,0,0,23,226,37,0,0,0,0,0,0,0,0,0,0,0,0,0,0,0,0,0,0,0,0,0,0,0,0,0,0,0,0,0,0,0,0,0,0,0,0,0,0,0,0,0,0,0,0,0,0,0,0,0,0,0,0,0,0,0,0,0,0,0,0,0,0,0,0,0,0,0,0,0,0,0,0,0,0,0,0,0,0,0,0,0,0,0,0,0,0,0,0,0,0,0,0
5,0,0,0,0,0,0,0,0,0,0,0,0,0,0,0,0,0,0,0,0,0,0,0,0,0,0,0,0,0,0,0,0,0,0,0,0,0,0,0,0,0,0,0,0,0,0,0,0,0,0,0,0,0,0,0,0,0,0,0,0,0,0,0,0,0,0,0,0,0,0,0,0,0,0,0,0,0,0,0,0,0,0,0,0,0,0,0,0,0,0,0,0,0,0,0,0,0,0,0,0,0,0,0,0,0,0,0,0,0,0,0,0,0,0,0,0,0,0,0,0,0,0,0,0,0,0,0,0,0,0,0,0,0,0,0,0,0,0,0,0,0,0,0,0,0,0,0,0,0,0,0,0,0,0,0,0,0,0,0,0,0,0,0,0,0,0,0,0,0,0,0,0,0,0,0,0,0,0,0,0,0,0,0,0,0,0,0,0,0,0,0,0,0,0,0,0,0,0,0,0,0,0,0,0,0,0,0,0,0,0,0,0,0,0,0,0,0,0,0,0,0,0,0,0,0,0,0,0,0,0,0,0,0,0,0,23,54,49,0,0,0,0,0,53,54,131,172,172,126,29,0,0,0,0,0,0,0,0,0,0,0,0,59,148,254,197,0,0,22,72,180,253,254,254,254,254,254,191,0,0,0,0,0,0,0,0,0,0,19,178,246,217,52,21,57,172,222,254,254,254,254,196,135,47,47,25,0,0,0,0,0,0,0,0,0,66,193,254,254,242,170,226,244,254,254,254,157,142,29,10,0,0,0,0,0,0,0,0,0,0,0,0,9,204,254,254,152,179,246,129,129,47,11,11,1,0,0,0,0,0,0,0,0,0,0,0,0,0,0,0,8,198,254,254,66,3,0,0,0,0,0,0,0,0,0,0,0,0,0,0,0,0,0,0,0,0,0,0,0,74,222,254,254,122,42,19,0,0,0,0,0,0,0,0,0,0,0,0,0,0,0,0,0,0,0,0,0,0,17,165,244,254,254,212,178,82,0,0,0,0,0,0,0,0,0,0,0,0,0,0,0,0,0,0,0,0,0,0,48,164,251,254,254,241,160,13,0,0,0,0,0,0,0,0,0,0,0,0,0,0,0,0,0,0,0,0,0,0,42,168,254,255,254,86,0,0,0,0,0,0,0,0,0,0,0,0,0,0,0,0,0,0,0,0,0,0,0,3,43,168,254,246,21,0,0,0,0,0,0,0,0,0,0,0,0,0,0,0,0,0,0,0,0,0,0,0,0,66,254,254,23,0,0,0,0,0,0,0,0,0,0,0,0,0,0,0,28,0,0,0,0,0,0,0,39,223,254,199,10,0,0,0,0,0,0,0,0,0,0,0,0,0,0,0,227,150,38,0,0,21,48,59,222,254,240,75,0,0,0,0,0,0,0,0,0,0,0,0,0,0,0,0,47,198,240,151,66,200,254,254,254,239,77,0,0,0,0,0,0,0,0,0,0,0,0,0,0,0,0,0,0,8,53,53,53,158,171,171,97,41,0,0,0,0,0,0,0,0,0,0,0,0,0,0,0,0,0,0,0,0,0,0,0,0,0,0,0,0,0,0,0,0,0,0,0,0,0,0,0,0,0,0,0,0,0,0,0,0,0,0,0,0,0,0,0,0,0,0,0,0,0,0,0,0,0,0,0,0,0,0,0,0,0,0,0,0,0,0,0,0,0,0,0,0,0,0,0,0,0,0,0,0,0,0,0,0,0,0,0,0,0,0,0,0,0,0,0,0,0,0,0,0,0,0,0,0,0,0,0,0,0,0,0,0
9,0,0,0,0,0,0,0,0,0,0,0,0,0,0,0,0,0,0,0,0,0,0,0,0,0,0,0,0,0,0,0,0,0,0,0,0,0,0,0,0,0,0,0,0,0,0,0,0,0,0,0,0,0,0,0,0,0,0,0,0,0,0,0,0,0,0,0,0,0,0,0,0,0,0,0,0,0,0,0,0,0,0,0,0,0,0,0,0,0,0,0,0,0,0,0,0,0,0,0,0,0,0,0,0,0,0,0,0,0,0,0,0,0,0,0,0,0,0,0,0,0,0,0,0,0,0,0,0,0,0,0,0,0,0,0,0,0,0,0,0,0,0,0,0,0,0,0,0,0,0,0,0,0,0,0,0,0,0,0,0,0,0,0,0,0,0,0,0,0,0,0,0,0,0,0,0,0,0,0,0,21,154,157,216,123,0,0,0,0,0,0,0,0,0,0,0,0,0,0,0,0,0,0,0,0,0,0,38,227,254,254,254,252,183,17,0,0,0,0,0,0,0,0,0,0,0,0,0,0,0,0,0,0,0,22,209,254,190,189,230,254,254,194,0,0,0,0,0,0,0,0,0,0,0,0,0,0,0,0,0,0,0,94,236,58,1,0,22,173,254,229,0,0,0,0,0,0,0,0,0,0,0,0,0,0,0,0,0,0,9,206,214,0,0,0,0,116,254,229,0,0,0,0,0,0,0,0,0,0,0,0,0,0,0,0,0,0,82,254,73,0,0,0,8,171,254,229,0,0,0,0,0,0,0,0,0,0,0,0,0,0,0,0,0,0,130,192,4,0,0,0,133,254,254,229,0,0,0,0,0,0,0,0,0,0,0,0,0,0,0,0,0,0,146,169,0,0,0,21,249,199,254,229,0,0,0,0,0,0,0,0,0,0,0,0,0,0,0,0,0,0,230,169,0,0,19,200,232,63,254,152,0,0,0,0,0,0,0,0,0,0,0,0,0,0,0,0,0,0,230,186,51,51,169,254,135,114,254,71,0,0,0,0,0,0,0,0,0,0,0,0,0,0,0,0,0,0,228,254,254,254,254,128,19,116,253,29,0,0,0,0,0,0,0,0,0,0,0,0,0,0,0,0,0,0,107,254,254,254,136,19,0,178,184,0,0,0,0,0,0,0,0,0,0,0,0,0,0,0,0,0,0,0,5,40,95,63,1,0,0,215,184,0,0,0,0,0,0,0,0,0,0,0,0,0,0,0,0,0,0,0,0,0,0,0,0,0,41,242,157,0,0,0,0,0,0,0,0,0,0,0,0,0,0,0,0,0,0,0,0,0,0,0,0,0,149,253,77,0,0,0,0,0,0,0,0,0,0,0,0,0,0,0,0,0,0,0,0,0,0,0,0,0,160,239,0,0,0,0,0,0,0,0,0,0,0,0,0,0,0,0,0,0,0,0,0,0,0,0,0,5,247,147,0,0,0,0,0,0,0,0,0,0,0,0,0,0,0,0,0,0,0,0,0,0,0,0,0,81,254,139,0,0,0,0,0,0,0,0,0,0,0,0,0,0,0,0,0,0,0,0,0,0,0,0,0,202,255,83,0,0,0,0,0,0,0,0,0,0,0,0,0,0,0,0,0,0,0,0,0,0,0,0,0,205,168,9,0,0,0,0,0,0,0,0,0,0,0,0,0,0,0,0,0,0,0,0,0,0,0,0,0,0,0,0,0,0,0,0,0,0,0,0,0,0,0,0,0,0,0,0,0,0,0,0,0,0,0,0,0,0,0,0,0,0,0,0,0,0,0,0,0,0,0
8,0,0,0,0,0,0,0,0,0,0,0,0,0,0,0,0,0,0,0,0,0,0,0,0,0,0,0,0,0,0,0,0,0,0,0,0,0,0,0,0,0,0,0,0,0,0,0,0,0,0,0,0,0,0,0,0,0,0,0,0,0,0,0,0,0,0,0,0,0,0,0,0,0,0,0,0,0,0,0,0,0,0,0,0,0,0,0,0,0,0,0,0,0,0,0,0,0,0,0,0,0,0,0,0,0,0,0,0,0,0,0,0,0,0,0,0,0,0,0,0,0,0,0,0,0,0,0,0,0,0,0,0,0,0,0,0,0,0,0,0,0,0,0,0,0,0,0,0,0,0,0,0,0,100,157,254,255,231,41,0,0,0,0,0,0,0,0,0,0,0,0,0,0,0,0,0,0,0,0,143,248,252,253,253,253,253,211,0,0,0,0,0,0,0,0,0,0,0,0,0,0,0,0,0,0,0,211,251,253,253,225,113,12,180,214,0,0,0,0,0,0,0,0,0,0,0,0,0,0,0,0,0,0,144,251,253,221,45,14,0,0,81,32,122,211,0,0,0,0,0,0,0,0,0,0,0,0,0,0,0,0,228,253,253,205,71,0,0,0,42,232,253,176,0,0,0,0,0,0,0,0,0,0,0,0,0,0,0,0,79,242,253,253,244,222,125,92,188,253,241,62,0,0,0,0,0,0,0,0,0,0,0,0,0,0,0,0,0,34,111,253,253,253,253,253,253,253,110,0,0,0,0,0,0,0,0,0,0,0,0,0,0,0,0,0,0,0,15,45,148,195,253,253,253,180,16,0,0,0,0,0,0,0,0,0,0,0,0,0,0,0,0,0,0,0,0,0,0,66,253,253,230,41,0,0,0,0,0,0,0,0,0,0,0,0,0,0,0,0,0,0,0,0,0,0,0,100,253,253,253,84,0,0,0,0,0,0,0,0,0,0,0,0,0,0,0,0,0,0,0,0,0,0,85,239,253,253,253,84,0,0,0,0,0,0,0,0,0,0,0,0,0,0,0,0,0,0,0,0,0,0,202,253,253,253,253,84,0,0,0,0,0,0,0,0,0,0,0,0,0,0,0,0,0,0,0,0,0,79,238,253,253,253,245,69,0,0,0,0,0,0,0,0,0,0,0,0,0,0,0,0,0,0,0,0,57,239,242,157,253,253,207,0,0,0,0,0,0,0,0,0,0,0,0,0,0,0,0,0,0,0,0,0,86,253,181,83,253,253,124,0,0,0,0,0,0,0,0,0,0,0,0,0,0,0,0,0,0,0,0,0,165,253,226,231,253,207,30,0,0,0,0,0,0,0,0,0,0,0,0,0,0,0,0,0,0,0,0,0,215,253,253,253,253,71,0,0,0,0,0,0,0,0,0,0,0,0,0,0,0,0,0,0,0,0,0,0,215,253,253,253,213,31,0,0,0,0,0,0,0,0,0,0,0,0,0,0,0,0,0,0,0,0,0,0,215,253,253,214,30,0,0,0,0,0,0,0,0,0,0,0,0,0,0,0,0,0,0,0,0,0,0,0,215,253,216,28,0,0,0,0,0,0,0,0,0,0,0,0,0,0,0,0,0,0,0,0,0,0,0,0,0,0,0,0,0,0,0,0,0,0,0,0,0,0,0,0,0,0,0,0,0,0,0,0,0,0,0,0,0,0,0,0,0,0,0,0,0,0,0,0,0,0,0,0,0,0,0,0,0,0,0,0,0,0,0,0,0,0,0,0,0,0,0,0,0,0,0,0,0,0,0,0,0
8,0,0,0,0,0,0,0,0,0,0,0,0,0,0,0,0,0,0,0,0,0,0,0,0,0,0,0,0,0,0,0,0,0,0,0,0,0,0,0,0,0,0,0,0,0,0,0,0,0,0,0,0,0,0,0,0,0,0,0,0,0,0,0,0,0,0,0,0,0,0,0,0,0,0,0,0,0,0,0,0,0,0,0,0,0,0,0,0,0,0,0,0,0,0,0,0,0,0,0,0,0,0,0,0,0,0,0,0,0,0,0,0,0,0,0,0,0,0,0,0,0,0,0,0,0,0,0,0,0,0,0,0,0,0,0,0,0,0,0,0,0,0,0,0,0,0,0,0,0,0,0,0,0,85,150,191,255,218,138,33,0,0,0,0,0,0,0,0,0,0,0,0,0,0,0,0,0,0,0,0,129,244,253,217,160,231,253,175,0,0,0,0,0,0,0,0,0,0,0,0,0,0,0,0,0,0,98,232,250,253,146,6,0,8,182,251,82,0,0,0,0,0,0,0,0,0,0,0,0,0,0,0,0,20,233,253,253,253,98,0,0,0,135,253,129,0,0,0,0,0,0,0,0,0,0,0,0,0,0,0,0,122,253,245,82,222,151,0,0,0,135,253,76,0,0,0,0,0,0,0,0,0,0,0,0,0,0,0,0,159,253,238,0,110,201,0,0,0,165,231,18,0,0,0,0,0,0,0,0,0,0,0,0,0,0,0,0,227,253,238,0,13,24,0,0,49,246,169,0,0,0,0,0,0,0,0,0,0,0,0,0,0,0,0,0,105,253,238,0,0,0,0,11,207,246,55,0,0,0,0,0,0,0,0,0,0,0,0,0,0,0,0,0,26,252,251,74,0,0,0,173,253,133,0,0,0,0,0,0,0,0,0,0,0,0,0,0,0,0,0,0,0,113,253,164,9,0,21,250,178,6,0,0,0,0,0,0,0,0,0,0,0,0,0,0,0,0,0,0,0,15,229,253,124,42,222,180,13,0,0,0,0,0,0,0,0,0,0,0,0,0,0,0,0,0,0,0,0,0,146,253,252,250,237,6,0,0,0,0,0,0,0,0,0,0,0,0,0,0,0,0,0,0,0,0,0,0,4,187,253,253,119,0,0,0,0,0,0,0,0,0,0,0,0,0,0,0,0,0,0,0,0,0,0,0,22,213,253,211,10,0,0,0,0,0,0,0,0,0,0,0,0,0,0,0,0,0,0,0,0,0,0,0,194,253,253,253,126,0,0,0,0,0,0,0,0,0,0,0,0,0,0,0,0,0,0,0,0,0,3,124,250,146,124,253,203,3,0,0,0,0,0,0,0,0,0,0,0,0,0,0,0,0,0,0,0,0,27,253,243,29,110,253,253,5,0,0,0,0,0,0,0,0,0,0,0,0,0,0,0,0,0,0,0,0,27,253,238,4,110,253,209,3,0,0,0,0,0,0,0,0,0,0,0,0,0,0,0,0,0,0,0,0,27,253,253,193,201,253,131,0,0,0,0,0,0,0,0,0,0,0,0,0,0,0,0,0,0,0,0,0,5,76,241,253,253,211,10,0,0,0,0,0,0,0,0,0,0,0,0,0,0,0,0,0,0,0,0,0,0,0,0,0,0,0,0,0,0,0,0,0,0,0,0,0,0,0,0,0,0,0,0,0,0,0,0,0,0,0,0,0,0,0,0,0,0,0,0,0,0,0,0,0,0,0,0,0,0,0,0,0,0,0,0,0,0,0,0,0,0,0,0,0,0,0,0,0,0,0,0,0,0,0,0
3,0,0,0,0,0,0,0,0,0,0,0,0,0,0,0,0,0,0,0,0,0,0,0,0,0,0,0,0,0,0,0,0,0,0,0,0,0,0,0,0,0,0,0,0,0,0,0,0,0,0,0,0,0,0,0,0,0,0,0,0,0,0,0,0,0,0,0,0,0,0,0,0,0,0,0,0,0,0,0,0,0,0,0,0,0,0,0,0,0,0,0,0,0,0,0,0,0,0,0,0,0,0,0,0,0,0,0,0,0,0,0,0,0,0,0,0,0,0,0,0,0,0,0,0,0,0,0,0,0,0,0,0,0,0,0,0,0,0,0,0,0,0,0,0,80,254,254,255,254,169,98,254,255,254,254,254,151,63,0,0,0,0,0,0,0,0,0,0,0,0,0,0,80,253,253,253,253,253,253,253,253,253,253,253,253,233,158,27,0,0,0,0,0,0,0,0,0,0,0,0,80,253,253,253,253,253,253,253,253,253,253,253,253,253,253,215,34,0,0,0,0,0,0,0,0,0,0,0,36,200,155,253,228,113,113,113,215,253,253,253,253,253,253,253,202,34,0,0,0,0,0,0,0,0,0,0,0,21,11,34,28,0,5,44,75,253,253,253,253,253,253,253,253,60,0,0,0,0,0,0,0,0,0,0,0,0,0,0,0,60,136,253,253,253,253,253,253,253,253,253,197,31,0,0,0,0,0,0,0,0,0,0,0,0,0,0,36,227,253,253,253,253,253,253,253,229,226,81,28,0,0,0,0,0,0,0,0,0,0,0,0,0,0,0,44,253,253,253,253,253,253,223,147,15,0,0,0,0,0,0,0,0,0,0,0,0,0,0,0,0,0,0,44,253,253,253,253,253,253,64,4,0,0,0,0,0,0,0,0,0,0,0,0,0,0,0,0,0,0,0,44,253,253,253,253,253,253,253,155,9,0,0,0,0,0,0,0,0,0,0,0,0,0,0,0,0,0,0,15,87,219,253,253,253,253,253,253,175,167,28,0,0,0,0,0,0,0,0,0,0,0,0,0,0,0,0,0,0,6,8,14,182,229,253,253,253,253,101,71,17,0,0,0,0,0,0,0,0,0,0,0,0,0,0,0,0,0,0,0,0,69,249,253,253,253,253,253,163,0,0,0,0,0,0,0,0,0,0,0,0,0,0,0,0,0,0,0,0,0,24,128,211,253,253,253,251,228,70,0,0,0,0,0,0,0,0,0,0,0,0,0,0,0,0,0,0,0,0,0,53,253,253,253,253,253,78,0,0,0,0,0,0,0,0,0,0,0,0,0,0,0,15,36,36,36,36,138,219,253,253,253,253,253,78,0,0,0,0,0,0,0,0,0,0,0,0,100,115,115,172,253,253,253,253,253,253,253,253,253,253,209,43,0,0,0,0,0,0,0,0,0,0,0,0,219,253,253,253,253,253,253,253,253,253,253,253,253,227,37,0,0,0,0,0,0,0,0,0,0,0,0,0,152,253,253,253,253,253,253,253,253,253,253,172,156,37,0,0,0,0,0,0,0,0,0,0,0,0,0,0,14,78,217,253,253,253,253,253,253,95,78,13,0,0,0,0,0,0,0,0,0,0,0,0,0,0,0,0,0,0,0,0,0,0,0,0,0,0,0,0,0,0,0,0,0,0,0,0,0,0,0,0,0,0,0,0,0,0,0,0,0,0,0,0,0,0,0,0,0,0,0,0,0,0,0,0,0,0,0,0,0,0,0,0,0,0,0,0,0,0,0,0,0,0,0,0,0,0,0,0,0,0,0,0
7,0,0,0,0,0,0,0,0,0,0,0,0,0,0,0,0,0,0,0,0,0,0,0,0,0,0,0,0,0,0,0,0,0,0,0,0,0,0,0,0,0,0,0,0,0,0,0,0,0,0,0,0,0,0,0,0,0,0,0,0,0,0,0,0,0,0,0,0,0,0,0,0,0,0,0,0,0,0,0,0,0,0,0,0,0,0,0,0,0,0,0,0,0,0,0,0,0,0,0,0,0,0,0,0,0,0,0,0,0,0,0,0,0,0,0,0,0,0,0,0,0,0,0,0,0,0,0,0,0,0,0,0,0,0,0,0,0,0,0,0,0,0,0,0,0,0,0,0,0,0,0,0,0,0,0,0,0,0,0,0,0,0,0,0,0,0,0,0,0,0,0,0,0,0,0,0,0,0,0,0,0,0,0,0,0,0,0,0,0,0,0,0,0,0,0,0,0,0,0,0,0,0,0,0,0,0,26,70,170,254,254,254,203,55,0,0,0,0,0,0,0,0,0,0,0,0,0,0,0,0,0,0,9,164,239,254,253,253,253,254,253,234,55,0,0,0,0,0,0,0,0,0,0,0,0,0,0,0,0,7,132,253,253,254,232,230,230,197,251,253,236,43,0,0,0,0,0,0,0,0,0,0,0,0,0,0,34,170,253,253,253,103,6,0,0,0,129,253,253,159,0,0,0,0,0,0,0,0,0,0,0,0,0,0,151,255,216,134,0,0,0,0,0,0,0,208,254,127,0,0,0,0,0,0,0,0,0,0,0,0,0,13,222,216,19,0,0,0,0,0,0,0,0,207,253,93,0,0,0,0,0,0,0,0,0,0,0,0,0,5,113,67,0,0,0,0,0,0,0,0,0,207,253,93,0,0,0,0,0,0,0,0,0,0,0,0,0,0,0,0,0,0,0,0,0,0,0,0,0,207,253,59,0,0,0,0,0,0,0,0,0,0,0,0,0,0,0,0,0,0,0,0,0,0,0,0,97,254,169,0,0,0,0,0,0,0,0,0,0,0,0,0,0,0,0,0,0,0,0,0,0,0,0,13,235,248,56,0,0,0,0,0,0,0,0,0,0,0,0,0,0,0,0,0,0,0,0,0,0,0,0,187,253,145,0,0,0,0,0,0,0,0,0,0,0,0,0,0,0,0,0,0,0,0,0,0,0,0,0,254,253,46,0,0,0,0,0,0,0,0,0,0,0,0,0,0,0,0,0,0,0,0,0,0,0,0,151,254,199,17,0,0,0,0,0,0,0,0,0,0,0,0,0,0,0,0,0,0,0,0,0,0,0,22,247,254,31,0,0,0,0,0,0,0,0,0,0,0,0,0,0,0,0,0,0,0,0,0,0,0,5,145,253,155,4,0,0,0,0,0,0,0,0,0,0,0,0,0,0,0,0,0,0,0,0,0,0,0,47,253,253,25,0,0,0,0,0,0,0,0,0,0,0,0,0,0,0,0,0,0,0,0,0,0,0,0,164,247,84,0,0,0,0,0,0,0,0,0,0,0,0,0,0,0,0,0,0,0,0,0,0,0,0,64,251,230,17,0,0,0,0,0,0,0,0,0,0,0,0,0,0,0,0,0,0,0,0,0,0,0,0,70,253,238,67,0,0,0,0,0,0,0,0,0,0,0,0,0,0,0,0,0,0,0,0,0,0,0,0,70,236,54,0,0,0,0,0,0,0,0,0,0,0,0,0,0,0,0,0,0,0,0,0,0,0,0,0,0,0,0,0,0,0,0,0,0,0,0,0,0,0,0,0,0
6,0,0,0,0,0,0,0,0,0,0,0,0,0,0,0,0,0,0,0,0,0,0,0,0,0,0,0,0,0,0,0,0,0,0,0,0,0,0,0,0,0,0,0,0,0,0,0,0,0,0,0,0,0,0,0,0,0,0,0,0,0,0,0,0,0,0,0,0,0,0,0,0,0,0,0,0,0,0,0,0,0,0,0,0,0,0,0,0,0,0,0,0,0,0,0,0,0,0,0,0,0,57,227,195,83,0,0,0,0,0,0,0,0,0,0,0,0,0,0,0,0,0,0,0,0,0,0,0,104,239,253,202,36,0,0,0,0,0,0,0,0,0,0,0,0,0,0,0,0,0,0,0,0,0,0,120,247,240,103,10,0,0,0,0,0,0,0,0,0,0,0,0,0,0,0,0,0,0,0,0,0,4,146,254,208,46,0,0,0,0,0,0,0,0,0,0,0,0,0,0,0,0,0,0,0,0,0,0,0,165,253,230,24,0,0,0,0,0,0,0,0,0,0,0,0,0,0,0,0,0,0,0,0,0,0,0,73,250,242,20,0,0,0,0,0,0,0,0,0,0,0,0,0,0,0,0,0,0,0,0,0,0,0,33,224,252,75,0,0,0,0,0,0,0,0,0,0,0,0,0,0,0,0,0,0,0,0,0,0,0,0,135,253,154,0,0,0,0,0,0,0,0,0,0,0,0,0,0,0,0,0,0,0,0,0,0,0,0,72,244,253,130,40,24,0,0,0,0,0,0,0,0,0,0,0,0,0,0,0,0,0,0,0,0,0,0,254,253,253,253,253,247,211,160,4,0,0,0,0,0,0,0,0,0,0,0,0,0,0,0,0,0,0,71,255,254,181,71,129,231,254,254,128,0,0,0,0,0,0,0,0,0,0,0,0,0,0,0,0,0,0,8,254,248,45,0,0,25,126,250,250,38,0,0,0,0,0,0,0,0,0,0,0,0,0,0,0,0,0,0,254,204,0,0,0,0,0,142,253,42,0,0,0,0,0,0,0,0,0,0,0,0,0,0,0,0,0,48,254,168,0,0,0,0,0,128,253,42,0,0,0,0,0,0,0,0,0,0,0,0,0,0,0,0,0,71,254,168,0,0,0,0,0,146,253,42,0,0,0,0,0,0,0,0,0,0,0,0,0,0,0,0,0,91,254,169,0,0,0,0,46,254,194,0,0,0,0,0,0,0,0,0,0,0,0,0,0,0,0,0,0,28,254,172,0,0,0,3,153,253,108,0,0,0,0,0,0,0,0,0,0,0,0,0,0,0,0,0,0,0,238,250,108,3,16,168,253,174,3,0,0,0,0,0,0,0,0,0,0,0,0,0,0,0,0,0,0,0,65,250,253,240,243,254,200,23,0,0,0,0,0,0,0,0,0,0,0,0,0,0,0,0,0,0,0,0,0,65,182,190,194,101,5,0,0,0,0,0,0,0,0,0,0,0,0,0,0,0,0,0,0,0,0,0,0,0,0,0,0,0,0,0,0,0,0,0,0,0,0,0,0,0,0,0,0,0,0,0,0,0,0,0,0,0,0,0,0,0,0,0,0,0,0,0,0,0,0,0,0,0,0,0,0,0,0,0,0,0,0,0,0,0,0,0,0,0,0,0,0,0,0,0,0,0,0,0,0,0,0,0,0,0,0,0,0,0,0,0,0,0,0,0,0,0,0,0,0,0,0,0,0,0,0,0,0,0,0,0,0,0,0,0,0,0,0,0,0,0,0,0,0,0,0,0,0,0,0,0,0,0,0,0,0,0
0,0,0,0,0,0,0,0,0,0,0,0,0,0,0,0,0,0,0,0,0,0,0,0,0,0,0,0,0,0,0,0,0,0,0,0,0,0,0,0,0,0,0,0,0,0,0,0,0,0,0,0,0,0,0,0,0,0,0,0,0,0,0,0,0,0,0,0,0,0,0,0,0,0,0,0,0,0,0,0,0,0,0,0,0,0,0,0,0,0,0,0,0,0,0,0,0,0,0,0,0,0,0,0,0,0,0,0,0,0,0,0,0,0,0,0,0,0,0,0,0,0,0,0,0,0,0,0,0,0,0,0,0,0,0,0,0,0,0,0,0,0,0,0,0,0,0,0,0,12,91,73,50,133,255,254,254,190,82,0,0,0,0,0,0,0,0,0,0,0,0,0,0,0,0,0,7,154,253,239,220,253,253,253,253,253,246,180,48,8,0,0,0,0,0,0,0,0,0,0,0,0,0,0,107,253,253,253,253,253,253,253,253,253,253,253,253,177,14,0,0,0,0,0,0,0,0,0,0,0,0,3,126,253,253,253,253,253,253,253,253,253,253,253,253,253,61,14,0,0,0,0,0,0,0,0,0,0,0,97,253,253,253,253,253,253,253,253,253,253,253,253,253,253,253,177,8,0,0,0,0,0,0,0,0,0,18,195,253,253,253,253,226,55,40,40,151,223,253,253,253,253,253,253,15,0,0,0,0,0,0,0,0,0,91,253,253,253,253,253,114,0,0,0,0,45,128,253,253,253,253,253,15,0,0,0,0,0,0,0,0,0,91,253,253,253,253,240,85,0,0,0,0,0,3,24,209,253,253,253,164,0,0,0,0,0,0,0,0,0,91,253,253,253,253,204,0,0,0,0,0,0,0,0,105,253,253,253,224,55,0,0,0,0,0,0,0,0,91,253,253,253,213,31,0,0,0,0,0,0,0,0,42,253,253,253,253,89,0,0,0,0,0,0,0,0,91,253,253,253,129,0,0,0,0,0,0,0,0,0,153,253,253,253,253,89,0,0,0,0,0,0,0,0,91,253,253,253,178,16,0,0,0,0,0,0,0,45,224,253,253,253,253,89,0,0,0,0,0,0,0,0,91,253,253,253,161,10,0,0,0,0,0,0,35,218,253,253,253,253,182,23,0,0,0,0,0,0,0,0,91,253,253,253,186,18,0,0,0,0,4,116,218,253,253,253,253,253,15,0,0,0,0,0,0,0,0,0,91,253,253,253,253,75,42,42,42,95,207,253,253,253,253,231,212,212,13,0,0,0,0,0,0,0,0,0,44,215,253,253,253,253,253,253,253,253,253,253,253,253,253,122,0,0,0,0,0,0,0,0,0,0,0,0,0,37,253,253,253,253,253,253,253,253,253,253,253,253,179,16,0,0,0,0,0,0,0,0,0,0,0,0,0,7,167,253,253,253,253,253,253,253,253,253,253,253,48,0,0,0,0,0,0,0,0,0,0,0,0,0,0,0,76,188,253,253,253,253,253,253,253,253,246,105,3,0,0,0,0,0,0,0,0,0,0,0,0,0,0,0,0,12,89,227,253,210,89,89,89,89,81,0,0,0,0,0,0,0,0,0,0,0,0,0,0,0,0,0,0,0,0,0,0,0,0,0,0,0,0,0,0,0,0,0,0,0,0,0,0,0,0,0,0,0,0,0,0,0,0,0,0,0,0,0,0,0,0,0,0,0,0,0,0,0,0,0,0,0,0,0,0,0,0,0,0,0,0,0,0,0,0,0,0,0,0,0,0,0,0,0,0,0,0,0,0
0,0,0,0,0,0,0,0,0,0,0,0,0,0,0,0,0,0,0,0,0,0,0,0,0,0,0,0,0,0,0,0,0,0,0,0,0,0,0,0,0,0,0,0,0,0,0,0,0,0,0,0,0,0,0,0,0,0,0,0,0,0,0,0,0,0,0,0,0,0,0,0,0,0,0,0,0,0,0,0,0,0,0,0,0,0,0,0,0,0,0,0,0,0,0,0,0,0,0,0,0,0,0,0,0,0,0,0,0,0,0,0,0,0,0,0,0,0,0,0,0,0,0,0,0,0,16,166,128,4,0,0,0,0,0,0,0,0,0,0,0,0,0,0,0,0,0,0,0,0,0,0,0,26,179,252,196,9,0,0,0,0,0,0,0,0,0,0,0,0,0,0,0,0,0,0,0,0,0,0,29,210,253,252,168,0,10,85,57,0,0,0,0,0,0,0,0,0,0,0,0,0,0,0,0,0,0,0,85,252,253,252,118,0,16,215,243,75,0,0,0,0,0,0,0,0,0,0,0,0,0,0,0,0,0,45,229,253,239,75,0,0,0,170,253,253,0,0,0,0,0,0,0,0,0,0,0,0,0,0,0,0,0,169,252,252,88,0,0,0,0,94,252,252,26,0,0,0,0,0,0,0,0,0,0,0,0,0,0,0,23,234,252,214,0,0,0,0,0,57,252,252,113,0,0,0,0,0,0,0,0,0,0,0,0,0,0,0,128,252,252,40,0,0,0,0,0,57,252,252,163,0,0,0,0,0,0,0,0,0,0,0,0,0,0,0,255,253,168,0,0,0,0,0,0,0,198,253,226,0,0,0,0,0,0,0,0,0,0,0,0,0,0,0,253,252,168,0,0,0,0,0,0,0,197,252,200,0,0,0,0,0,0,0,0,0,0,0,0,0,0,89,253,252,168,0,0,0,0,0,0,0,147,252,113,0,0,0,0,0,0,0,0,0,0,0,0,0,0,163,253,252,68,0,0,0,0,0,0,0,197,252,113,0,0,0,0,0,0,0,0,0,0,0,0,0,10,229,255,253,56,0,0,0,0,0,0,7,204,253,51,0,0,0,0,0,0,0,0,0,0,0,0,0,85,252,253,252,56,0,0,0,0,0,7,150,252,227,0,0,0,0,0,0,0,0,0,0,0,0,0,0,85,252,253,252,56,0,0,0,0,0,154,252,224,43,0,0,0,0,0,0,0,0,0,0,0,0,0,0,10,178,253,252,106,0,0,0,0,51,253,252,118,0,0,0,0,0,0,0,0,0,0,0,0,0,0,0,0,101,255,253,216,141,29,54,178,253,239,138,0,0,0,0,0,0,0,0,0,0,0,0,0,0,0,0,0,0,253,252,252,252,253,252,252,227,175,0,0,0,0,0,0,0,0,0,0,0,0,0,0,0,0,0,0,0,69,224,252,252,253,252,186,31,0,0,0,0,0,0,0,0,0,0,0,0,0,0,0,0,0,0,0,0,0,94,139,190,91,139,43,0,0,0,0,0,0,0,0,0,0,0,0,0,0,0,0,0,0,0,0,0,0,0,0,0,0,0,0,0,0,0,0,0,0,0,0,0,0,0,0,0,0,0,0,0,0,0,0,0,0,0,0,0,0,0,0,0,0,0,0,0,0,0,0,0,0,0,0,0,0,0,0,0,0,0,0,0,0,0,0,0,0,0,0,0,0,0,0,0,0,0,0,0,0,0,0,0,0,0,0,0,0,0,0,0,0,0,0,0,0,0,0,0,0,0,0,0,0,0,0,0,0,0,0
3,0,0,0,0,0,0,0,0,0,0,0,0,0,0,0,0,0,0,0,0,0,0,0,0,0,0,0,0,0,0,0,0,0,0,0,0,0,0,0,0,0,0,0,0,0,0,0,0,0,0,0,0,0,0,0,0,0,0,0,0,0,0,0,0,0,0,0,0,0,0,0,0,0,0,0,0,0,0,0,0,0,0,0,0,0,0,0,0,0,0,0,0,0,0,0,0,0,0,0,0,0,0,0,0,0,0,0,0,0,0,0,0,0,0,0,0,0,0,0,0,0,0,0,0,0,0,0,0,0,0,0,0,0,0,0,0,0,0,0,0,0,0,0,0,0,0,0,0,37,218,254,254,254,255,114,92,0,0,0,0,0,0,0,0,0,0,0,0,0,0,0,0,0,0,0,117,220,253,253,253,253,253,253,248,103,0,0,0,0,0,0,0,0,0,0,0,0,0,0,0,0,0,0,146,253,253,253,253,253,253,253,253,129,0,0,0,0,0,0,0,0,0,0,0,0,0,0,0,0,0,0,146,162,160,76,7,7,87,245,253,129,0,0,0,0,0,0,0,0,0,0,0,0,0,0,0,0,0,0,35,2,0,0,0,5,119,248,249,111,0,0,0,0,0,0,0,0,0,0,0,0,0,0,0,0,0,0,0,0,0,0,0,116,253,253,145,0,0,0,0,0,0,0,0,0,0,0,0,0,0,0,0,0,0,0,0,0,0,0,226,249,253,253,128,0,0,0,0,0,0,0,0,0,0,0,0,0,0,0,0,0,0,0,0,0,5,116,249,253,253,253,247,185,185,185,115,5,0,0,0,0,0,0,0,0,0,0,0,0,0,0,0,0,39,253,253,253,253,253,253,253,253,253,253,118,0,0,0,0,0,0,0,0,0,0,0,0,0,0,0,0,39,253,253,253,253,253,253,253,253,253,253,248,84,0,0,0,0,0,0,0,0,0,0,0,0,0,0,0,12,76,221,230,230,183,76,76,76,194,253,253,199,0,0,0,0,0,0,0,0,0,0,0,0,0,0,0,0,0,0,0,0,0,0,0,0,169,253,253,245,0,0,0,0,0,0,0,0,0,0,0,0,0,0,0,0,0,0,0,0,0,0,0,20,192,253,253,203,0,0,0,0,0,0,0,0,0,0,0,0,0,0,0,0,0,0,0,0,0,0,8,174,253,253,249,86,0,0,0,0,0,0,0,0,0,0,0,0,0,0,0,0,0,0,0,0,0,11,183,253,253,253,121,0,0,0,0,0,0,0,0,0,0,0,0,0,0,0,0,0,0,0,0,0,0,155,253,253,253,225,29,0,0,0,0,0,0,0,0,0,0,0,0,0,0,0,3,8,4,0,1,8,149,226,253,253,238,50,0,0,0,0,0,0,0,0,0,0,0,0,0,0,0,0,93,253,173,43,126,253,253,253,253,223,48,0,0,0,0,0,0,0,0,0,0,0,0,0,0,0,0,0,17,203,253,226,253,253,253,215,124,33,0,0,0,0,0,0,0,0,0,0,0,0,0,0,0,0,0,0,0,76,183,253,253,253,206,30,0,0,0,0,0,0,0,0,0,0,0,0,0,0,0,0,0,0,0,0,0,0,0,0,0,0,0,0,0,0,0,0,0,0,0,0,0,0,0,0,0,0,0,0,0,0,0,0,0,0,0,0,0,0,0,0,0,0,0,0,0,0,0,0,0,0,0,0,0,0,0,0,0,0,0,0,0,0,0,0,0,0,0,0,0,0,0,0,0,0,0,0,0,0,0,0
0,0,0,0,0,0,0,0,0,0,0,0,0,0,0,0,0,0,0,0,0,0,0,0,0,0,0,0,0,0,0,0,0,0,0,0,0,0,0,0,0,0,0,0,0,0,0,0,0,0,0,0,0,0,0,0,0,0,0,0,0,0,0,0,0,0,0,0,0,0,0,0,0,0,0,0,0,0,0,0,0,0,0,0,0,0,0,0,0,0,0,0,0,0,0,0,0,0,0,0,0,0,0,0,0,0,0,0,0,0,0,0,0,0,0,0,0,0,0,0,0,0,0,0,0,0,0,0,0,0,0,0,0,0,0,0,0,0,0,0,0,0,0,0,0,0,0,0,0,0,0,0,0,0,27,213,185,155,41,0,0,0,0,0,0,0,0,0,0,0,0,0,0,0,0,0,0,0,0,0,0,2,181,237,162,236,194,14,0,0,0,0,0,0,0,0,0,0,0,0,0,0,0,0,0,0,0,0,0,34,254,160,0,32,242,117,0,0,0,0,0,0,0,0,0,0,0,0,0,0,0,0,0,0,0,0,0,100,227,59,0,0,183,196,0,0,0,0,0,0,0,0,0,0,0,0,0,0,0,0,0,0,0,0,22,241,155,0,0,0,55,196,0,0,0,0,0,0,0,0,0,0,0,0,0,0,0,0,0,0,0,0,30,251,66,0,0,0,55,221,11,0,0,0,0,0,0,0,0,0,0,0,0,0,0,0,0,0,0,0,95,221,0,0,0,0,55,254,25,0,0,0,0,0,0,0,0,0,0,0,0,0,0,0,0,0,0,0,151,182,0,0,0,0,30,241,52,0,0,0,0,0,0,0,0,0,0,0,0,0,0,0,0,0,0,13,224,126,0,0,0,0,27,240,25,0,0,0,0,0,0,0,0,0,0,0,0,0,0,0,0,0,0,26,254,54,0,0,0,0,55,254,25,0,0,0,0,0,0,0,0,0,0,0,0,0,0,0,0,0,0,41,249,44,0,0,0,0,55,205,4,0,0,0,0,0,0,0,0,0,0,0,0,0,0,0,0,0,0,54,225,0,0,0,0,0,72,196,0,0,0,0,0,0,0,0,0,0,0,0,0,0,0,0,0,0,0,54,225,0,0,0,0,0,138,196,0,0,0,0,0,0,0,0,0,0,0,0,0,0,0,0,0,0,0,110,225,0,0,0,0,0,185,149,0,0,0,0,0,0,0,0,0,0,0,0,0,0,0,0,0,0,0,110,225,0,0,0,0,46,238,30,0,0,0,0,0,0,0,0,0,0,0,0,0,0,0,0,0,0,0,60,225,0,0,0,13,186,128,0,0,0,0,0,0,0,0,0,0,0,0,0,0,0,0,0,0,0,0,26,233,16,0,0,121,224,13,0,0,0,0,0,0,0,0,0,0,0,0,0,0,0,0,0,0,0,0,26,255,79,0,118,253,128,0,0,0,0,0,0,0,0,0,0,0,0,0,0,0,0,0,0,0,0,0,18,236,212,203,253,130,2,0,0,0,0,0,0,0,0,0,0,0,0,0,0,0,0,0,0,0,0,0,0,50,237,187,89,1,0,0,0,0,0,0,0,0,0,0,0,0,0,0,0,0,0,0,0,0,0,0,0,0,0,0,0,0,0,0,0,0,0,0,0,0,0,0,0,0,0,0,0,0,0,0,0,0,0,0,0,0,0,0,0,0,0,0,0,0,0,0,0,0,0,0,0,0,0,0,0,0,0,0,0,0,0,0,0,0,0,0,0,0,0,0,0,0,0,0,0,0,0,0,0,0
2,0,0,0,0,0,0,0,0,0,0,0,0,0,0,0,0,0,0,0,0,0,0,0,0,0,0,0,0,0,0,0,0,0,0,0,0,0,0,0,0,0,0,0,0,0,0,0,0,0,0,0,0,0,0,0,0,0,0,0,0,0,0,0,0,0,0,0,0,0,0,0,0,0,0,0,0,0,0,0,0,0,0,0,0,0,0,0,0,0,0,0,0,0,0,0,0,0,0,0,0,0,0,0,0,0,0,0,0,0,0,0,0,0,0,0,0,0,0,0,0,0,0,0,0,0,0,0,0,0,0,0,0,0,0,0,0,0,0,0,0,0,0,0,0,0,0,0,0,0,0,0,0,7,24,128,139,138,191,180,253,191,138,48,0,0,0,0,0,0,0,0,0,0,0,0,0,0,43,47,120,186,252,252,253,252,252,252,252,253,252,227,29,0,0,0,0,0,0,0,0,0,0,0,19,164,246,253,252,252,227,183,184,162,69,69,69,79,227,252,45,0,0,0,0,0,0,0,0,0,0,0,70,252,252,253,235,77,29,0,0,0,0,0,0,9,194,227,29,0,0,0,0,0,0,0,0,0,0,0,7,65,137,201,174,32,0,0,0,0,0,0,0,181,252,183,0,0,0,0,0,0,0,0,0,0,0,0,0,0,0,0,0,0,0,0,0,0,0,9,128,255,249,115,0,0,0,0,0,0,0,0,0,0,0,0,0,0,0,0,0,0,0,0,0,0,0,114,252,253,132,0,0,0,0,0,0,0,0,0,0,0,0,0,0,0,0,0,0,0,0,0,0,0,134,240,252,122,25,0,0,0,0,0,0,0,0,0,0,0,0,0,0,0,0,0,0,0,0,0,9,166,240,252,168,0,0,0,0,0,0,0,0,0,0,0,0,0,0,0,0,0,0,0,0,0,0,53,181,252,252,116,2,0,0,0,0,0,0,0,0,0,0,0,0,0,0,0,0,0,0,0,0,7,66,243,255,249,63,0,0,0,0,0,0,0,0,0,0,0,0,0,0,0,0,0,0,0,0,0,51,186,252,252,218,75,0,0,0,0,0,0,0,0,0,0,0,0,0,0,0,0,0,0,0,0,0,49,228,252,252,221,32,0,0,0,0,0,0,0,0,0,0,0,0,0,0,0,0,0,0,0,0,0,136,233,252,227,119,25,0,0,0,0,0,0,0,0,0,0,0,0,0,0,0,0,0,0,0,0,32,210,250,253,231,48,0,0,0,0,0,0,0,0,0,0,0,0,0,0,0,0,0,0,0,0,0,89,222,253,253,158,0,0,0,11,34,118,7,0,0,0,0,0,0,0,0,0,0,0,0,0,0,0,0,161,252,252,106,0,9,47,89,203,253,244,56,0,0,0,0,0,0,0,0,0,0,0,0,0,0,0,0,161,252,252,190,185,197,252,252,221,173,56,0,0,0,0,0,0,0,0,0,0,0,0,0,0,0,0,0,120,252,252,252,253,252,252,252,96,0,0,0,0,0,0,0,0,0,0,0,0,0,0,0,0,0,0,0,5,54,137,137,190,137,54,22,2,0,0,0,0,0,0,0,0,0,0,0,0,0,0,0,0,0,0,0,0,0,0,0,0,0,0,0,0,0,0,0,0,0,0,0,0,0,0,0,0,0,0,0,0,0,0,0,0,0,0,0,0,0,0,0,0,0,0,0,0,0,0,0,0,0,0,0,0,0,0,0,0,0,0,0,0,0,0,0,0,0,0,0,0,0,0,0,0,0,0,0,0,0,0,0,0,0
6,0,0,0,0,0,0,0,0,0,0,0,0,0,0,0,0,0,0,0,0,0,0,0,0,0,0,0,0,0,0,0,0,0,0,0,0,0,0,0,0,0,0,0,0,0,0,0,0,0,0,0,0,0,0,0,0,0,0,0,0,0,0,0,0,0,0,0,0,0,0,0,0,0,0,0,0,0,0,0,0,0,0,0,0,0,0,0,0,0,0,0,0,0,0,0,0,0,0,0,0,0,0,0,0,0,0,0,0,0,0,0,0,0,0,0,0,0,0,0,0,0,0,0,0,0,0,0,0,0,0,0,0,0,0,0,0,0,0,0,0,0,0,0,0,0,0,0,0,0,0,0,110,0,0,0,0,0,0,0,0,0,0,0,0,0,0,0,0,0,0,0,0,0,0,0,0,0,11,147,180,0,0,0,0,0,0,0,0,0,0,0,0,0,0,0,0,0,0,0,0,0,0,0,0,0,44,253,52,0,0,0,0,0,0,0,0,0,0,0,0,0,0,0,0,0,0,0,0,0,0,0,0,0,188,209,43,0,0,0,0,0,0,0,0,0,0,0,0,0,0,0,0,0,0,0,0,0,0,0,0,69,192,0,0,0,0,0,0,35,51,0,65,124,124,124,77,0,0,0,0,0,0,0,0,0,0,0,0,140,190,0,0,0,26,202,202,216,223,196,216,253,253,253,233,202,0,0,0,0,0,0,0,0,0,0,26,187,34,52,22,0,184,216,217,253,253,128,131,253,253,253,253,179,0,0,0,0,0,0,0,0,0,0,189,253,187,217,52,0,172,45,46,69,69,7,36,215,248,253,182,21,0,0,0,0,0,0,0,0,0,55,242,204,51,165,34,0,0,0,0,0,0,0,0,13,162,253,156,0,0,0,0,0,0,0,0,0,0,158,253,113,0,0,0,0,0,0,0,0,0,0,0,36,253,253,156,0,0,0,0,0,0,0,0,0,126,250,193,4,0,0,0,0,0,0,0,0,0,0,128,247,142,8,5,0,0,0,0,0,0,0,0,0,254,253,191,0,0,0,0,0,0,0,0,0,0,134,203,128,57,0,0,0,0,0,0,0,0,0,0,0,255,253,204,24,0,0,0,0,0,0,0,52,156,250,225,34,0,0,0,0,0,0,0,0,0,0,0,0,254,253,253,185,18,0,0,0,0,46,131,249,175,122,59,0,0,0,0,0,0,0,0,0,0,0,0,0,219,240,253,253,186,36,175,211,211,225,115,43,18,0,0,0,0,0,0,0,0,0,0,0,0,0,0,0,0,158,146,202,253,253,253,253,249,138,48,0,0,0,0,0,0,0,0,0,0,0,0,0,0,0,0,0,0,38,4,34,212,235,235,235,106,0,0,0,0,0,0,0,0,0,0,0,0,0,0,0,0,0,0,0,0,0,0,0,0,0,0,0,0,0,0,0,0,0,0,0,0,0,0,0,0,0,0,0,0,0,0,0,0,0,0,0,0,0,0,0,0,0,0,0,0,0,0,0,0,0,0,0,0,0,0,0,0,0,0,0,0,0,0,0,0,0,0,0,0,0,0,0,0,0,0,0,0,0,0,0,0,0,0,0,0,0,0,0,0,0,0,0,0,0,0,0,0,0,0,0,0,0,0,0,0,0,0,0,0,0,0,0,0,0,0,0,0,0,0,0,0,0,0,0,0,0,0,0,0,0,0,0,0,0,0,0,0,0,0,0,0,0,0,0,0,0,0,0,0,0,0,0,0,0,0,0,0,0,0,0,0,0,0,0,0,0,0
6,0,0,0,0,0,0,0,0,0,0,0,0,0,0,0,0,0,0,0,0,0,0,0,0,0,0,0,0,0,0,0,0,0,0,0,0,0,0,0,0,0,0,0,0,0,0,0,0,0,0,0,0,0,0,0,0,0,0,0,0,0,0,0,0,0,0,0,0,0,0,0,0,0,0,0,0,0,0,0,0,0,0,0,0,0,0,0,0,0,0,0,0,0,0,0,0,0,0,0,0,5,108,192,19,0,0,0,0,0,0,0,0,0,0,0,0,0,0,0,0,0,0,0,0,0,0,4,108,229,254,254,104,0,0,0,0,0,0,0,0,0,0,0,0,0,0,0,0,0,0,0,0,4,47,171,254,254,254,254,161,0,0,0,0,0,0,0,0,0,0,0,0,0,0,0,0,0,0,0,5,131,254,254,254,254,234,126,67,0,0,0,0,0,0,0,0,0,0,0,0,0,0,0,0,0,0,5,130,254,254,254,246,186,19,0,0,0,0,0,0,0,0,0,0,0,0,0,0,0,0,0,0,0,5,130,254,254,246,186,68,0,0,0,0,0,0,0,0,0,0,0,0,0,0,0,0,0,0,0,0,0,53,254,254,246,164,0,0,0,0,0,0,0,0,0,0,0,0,0,0,0,0,0,0,0,0,0,0,5,175,254,246,104,0,0,0,0,0,0,0,0,0,0,0,0,0,0,0,0,0,0,0,0,0,0,0,53,254,254,183,0,0,0,43,57,57,57,8,0,0,0,0,0,0,0,0,0,0,0,0,0,0,0,5,175,254,227,23,0,45,154,238,254,254,254,151,38,0,0,0,0,0,0,0,0,0,0,0,0,0,0,19,254,254,123,0,132,237,254,254,254,254,254,254,230,19,0,0,0,0,0,0,0,0,0,0,0,0,0,19,254,230,31,97,237,254,254,254,232,179,205,254,254,61,0,0,0,0,0,0,0,0,0,0,0,0,0,19,254,183,38,254,254,237,143,49,35,0,17,125,254,148,0,0,0,0,0,0,0,0,0,0,0,0,0,19,254,141,141,254,237,70,0,0,0,0,0,94,254,148,0,0,0,0,0,0,0,0,0,0,0,0,0,19,254,250,241,238,69,0,0,0,0,0,0,94,254,239,16,0,0,0,0,0,0,0,0,0,0,0,0,12,213,254,254,211,0,0,0,0,0,0,35,156,254,213,11,0,0,0,0,0,0,0,0,0,0,0,0,0,98,255,254,229,107,31,0,0,0,86,157,254,254,148,0,0,0,0,0,0,0,0,0,0,0,0,0,0,2,163,254,254,254,242,237,237,237,251,254,254,254,33,0,0,0,0,0,0,0,0,0,0,0,0,0,0,0,7,109,254,254,254,254,254,254,254,254,254,102,2,0,0,0,0,0,0,0,0,0,0,0,0,0,0,0,0,1,27,154,254,254,254,254,254,150,85,1,0,0,0,0,0,0,0,0,0,0,0,0,0,0,0,0,0,0,0,0,0,0,0,0,0,0,0,0,0,0,0,0,0,0,0,0,0,0,0,0,0,0,0,0,0,0,0,0,0,0,0,0,0,0,0,0,0,0,0,0,0,0,0,0,0,0,0,0,0,0,0,0,0,0,0,0,0,0,0,0,0,0,0,0,0,0,0,0,0,0,0,0,0,0,0,0,0,0,0,0,0,0,0,0,0,0,0,0,0,0,0,0,0,0,0,0,0,0,0,0,0,0,0,0,0,0,0,0,0,0,0,0,0,0,0,0,0,0,0,0,0,0,0,0,0,0,0
4,0,0,0,0,0,0,0,0,0,0,0,0,0,0,0,0,0,0,0,0,0,0,0,0,0,0,0,0,0,0,0,0,0,0,0,0,0,0,0,0,0,0,0,0,0,0,0,0,0,0,0,0,0,0,0,0,0,0,0,0,0,0,0,0,0,0,0,0,0,0,0,0,0,0,0,0,0,0,0,0,0,0,0,0,0,0,0,0,0,0,0,0,0,0,0,0,0,0,0,0,0,0,0,0,0,0,0,0,0,0,0,0,0,0,0,0,0,0,0,0,0,0,0,0,0,0,0,0,0,0,0,0,0,0,0,0,0,0,0,0,0,0,0,0,0,0,0,0,0,0,0,0,0,0,0,0,0,0,0,0,0,0,0,0,0,0,0,0,0,0,0,0,0,0,0,0,0,0,0,0,0,0,0,0,0,39,155,183,253,156,0,0,0,0,0,0,0,0,0,0,0,0,0,0,0,0,0,0,0,0,0,0,145,244,252,252,252,225,0,0,0,0,0,0,0,0,0,0,0,0,0,0,0,0,0,0,0,0,45,149,249,252,252,252,252,176,0,0,0,0,0,0,0,0,0,0,0,0,0,0,0,0,0,0,0,43,233,252,252,252,252,252,239,63,0,0,0,0,0,0,0,0,0,0,0,0,0,0,0,0,0,43,144,227,253,252,252,252,252,252,212,0,0,0,0,0,0,0,0,0,0,0,0,0,0,0,0,0,9,179,252,252,253,229,99,231,252,252,141,0,0,0,0,0,0,0,0,0,0,0,0,0,0,0,0,37,186,252,252,252,253,218,202,252,252,252,239,85,0,0,0,0,0,0,0,0,0,0,0,0,0,0,22,145,252,252,252,252,253,252,252,252,252,252,252,225,0,0,0,0,0,0,0,0,0,0,0,0,0,47,230,252,252,252,252,252,253,252,252,252,241,140,106,95,0,0,0,0,0,0,0,0,0,0,0,0,50,171,252,252,252,252,252,252,253,252,252,209,25,0,0,0,0,0,0,0,0,0,0,0,0,0,0,51,240,253,253,253,253,253,253,253,255,253,209,92,0,0,0,0,0,0,0,0,0,0,0,0,0,0,0,107,252,252,252,252,252,184,151,252,253,252,103,0,0,0,0,0,0,0,0,0,0,0,0,0,0,0,0,107,252,252,178,130,26,10,14,252,253,212,16,0,0,0,0,0,0,0,0,0,0,0,0,0,0,0,0,17,39,39,8,0,0,23,215,252,215,29,0,0,0,0,0,0,0,0,0,0,0,0,0,0,0,0,0,0,0,0,0,0,0,132,252,252,99,0,0,0,0,0,0,0,0,0,0,0,0,0,0,0,0,0,0,0,0,0,0,0,30,228,249,198,0,0,0,0,0,0,0,0,0,0,0,0,0,0,0,0,0,0,0,0,0,0,0,9,144,252,217,0,0,0,0,0,0,0,0,0,0,0,0,0,0,0,0,0,0,0,0,0,0,0,0,54,252,235,39,0,0,0,0,0,0,0,0,0,0,0,0,0,0,0,0,0,0,0,0,0,0,0,0,54,252,225,0,0,0,0,0,0,0,0,0,0,0,0,0,0,0,0,0,0,0,0,0,0,0,0,0,26,210,225,0,0,0,0,0,0,0,0,0,0,0,0,0,0,0,0,0,0,0,0,0,0,0,0,0,0,0,0,0,0,0,0,0,0,0,0,0,0,0,0,0,0,0,0,0,0,0,0,0,0,0,0,0,0,0,0,0,0,0,0,0,0,0,0,0,0,0,0,0,0,0,0
9,0,0,0,0,0,0,0,0,0,0,0,0,0,0,0,0,0,0,0,0,0,0,0,0,0,0,0,0,0,0,0,0,0,0,0,0,0,0,0,0,0,0,0,0,0,0,0,0,0,0,0,0,0,0,0,0,0,0,0,0,0,0,0,0,0,0,0,0,0,0,0,0,0,0,0,0,0,0,0,0,0,0,0,0,0,0,0,0,0,0,0,0,0,0,0,0,0,0,0,0,0,0,0,0,0,0,0,0,0,0,0,0,0,0,0,0,0,0,0,0,0,0,0,0,0,0,0,0,0,0,0,0,0,0,0,0,0,0,0,0,0,0,0,0,0,0,0,0,0,0,0,0,0,0,0,124,254,255,234,45,0,0,0,0,0,0,0,0,0,0,0,0,0,0,0,0,0,0,0,0,37,154,248,252,253,253,253,218,0,0,0,0,0,0,0,0,0,0,0,0,0,0,0,0,0,0,0,38,155,253,253,253,230,219,253,252,149,0,0,0,0,0,0,0,0,0,0,0,0,0,0,0,0,0,0,206,253,253,172,119,15,176,253,253,227,0,0,0,0,0,0,0,0,0,0,0,0,0,0,0,0,0,36,230,253,188,6,0,0,176,253,253,176,0,0,0,0,0,0,0,0,0,0,0,0,0,0,0,0,0,138,253,225,49,0,0,0,176,253,241,62,0,0,0,0,0,0,0,0,0,0,0,0,0,0,0,0,84,249,253,175,0,0,20,112,242,253,177,0,0,0,0,0,0,0,0,0,0,0,0,0,0,0,0,0,99,253,253,199,79,79,120,253,253,241,63,0,0,0,0,0,0,0,0,0,0,0,0,0,0,0,0,0,71,244,253,253,253,253,253,253,253,214,0,0,0,0,0,0,0,0,0,0,0,0,0,0,0,0,0,0,0,188,253,253,253,219,253,253,253,114,0,0,0,0,0,0,0,0,0,0,0,0,0,0,0,0,0,0,0,24,175,225,194,61,205,253,253,84,0,0,0,0,0,0,0,0,0,0,0,0,0,0,0,0,0,0,0,0,0,37,0,14,202,253,220,24,0,0,0,0,0,0,0,0,0,0,0,0,0,0,0,0,0,0,0,0,0,0,0,89,253,253,184,0,0,0,0,0,0,0,0,0,0,0,0,0,0,0,0,0,0,17,157,109,0,0,0,196,253,253,78,0,0,0,0,0,0,0,0,0,0,0,0,0,0,0,0,0,0,105,253,162,0,0,10,203,253,253,78,0,0,0,0,0,0,0,0,0,0,0,0,0,0,0,0,0,0,105,253,218,24,9,158,253,253,248,70,0,0,0,0,0,0,0,0,0,0,0,0,0,0,0,0,0,0,97,251,253,165,182,253,253,249,185,0,0,0,0,0,0,0,0,0,0,0,0,0,0,0,0,0,0,0,0,222,253,253,253,253,253,188,0,0,0,0,0,0,0,0,0,0,0,0,0,0,0,0,0,0,0,0,0,99,253,253,253,253,214,30,0,0,0,0,0,0,0,0,0,0,0,0,0,0,0,0,0,0,0,0,0,48,123,234,145,123,28,0,0,0,0,0,0,0,0,0,0,0,0,0,0,0,0,0,0,0,0,0,0,0,0,0,0,0,0,0,0,0,0,0,0,0,0,0,0,0,0,0,0,0,0,0,0,0,0,0,0,0,0,0,0,0,0,0,0,0,0,0,0,0,0,0,0,0,0,0,0,0,0,0,0,0,0,0,0,0,0,0,0,0,0,0,0,0,0,0,0,0,0,0,0,0,0,0
3,0,0,0,0,0,0,0,0,0,0,0,0,0,0,0,0,0,0,0,0,0,0,0,0,0,0,0,0,0,0,0,0,0,0,0,0,0,0,0,0,0,0,0,0,0,0,0,0,0,0,0,0,0,0,0,0,0,0,0,0,0,0,0,0,0,0,0,0,0,0,0,0,0,0,0,0,0,0,0,0,0,0,0,0,0,0,0,0,0,0,0,0,0,0,0,0,0,0,0,0,0,0,0,0,0,0,0,0,0,0,0,0,0,0,0,0,0,0,0,0,0,0,0,0,0,0,0,0,0,0,0,0,0,0,0,0,0,0,0,0,0,0,0,0,122,121,77,0,0,0,0,0,0,0,0,0,0,0,0,0,0,0,0,0,0,0,0,0,0,0,0,0,254,253,249,241,241,241,241,241,241,241,242,114,108,108,178,85,0,0,0,0,0,0,0,0,0,0,0,0,254,253,253,253,253,253,253,253,253,253,254,253,253,253,253,199,0,0,0,0,0,0,0,0,0,0,0,0,104,173,173,173,194,253,253,253,253,253,254,253,253,253,253,199,0,0,0,0,0,0,0,0,0,0,0,0,0,0,0,0,68,253,253,253,253,253,223,186,186,143,124,42,0,0,0,0,0,0,0,0,0,0,0,0,0,0,0,0,96,253,253,253,250,128,35,0,0,0,0,0,0,0,0,0,0,0,0,0,0,0,0,0,0,0,0,13,209,253,253,235,75,0,0,0,0,0,0,0,0,0,0,0,0,0,0,0,0,0,0,0,0,0,0,73,248,253,253,243,161,161,98,2,0,0,0,0,0,0,0,0,0,0,0,0,0,0,0,0,0,0,0,0,124,253,253,253,253,253,254,152,147,35,14,4,0,0,0,0,0,0,0,0,0,0,0,0,0,0,0,0,32,120,211,253,253,253,254,253,253,253,253,165,42,0,0,0,0,0,0,0,0,0,0,0,0,0,0,0,0,0,0,0,79,134,192,254,254,254,254,254,255,169,115,0,0,0,0,0,0,0,0,0,0,0,0,0,0,0,0,0,0,0,6,13,132,180,253,253,253,253,245,108,0,0,0,0,0,0,0,0,0,0,0,0,0,0,0,0,0,0,0,0,0,9,26,54,224,253,253,253,0,0,0,0,0,0,0,0,0,0,0,0,0,0,0,0,0,0,0,0,0,0,0,60,199,253,253,253,0,0,0,0,0,0,0,0,0,0,0,100,201,158,0,0,0,0,0,0,61,68,173,240,253,253,253,218,0,0,0,0,0,0,0,0,0,0,20,222,253,239,96,54,54,125,188,187,247,253,253,253,253,253,243,31,0,0,0,0,0,0,0,0,0,0,80,247,253,253,253,253,253,253,255,253,253,253,253,245,213,199,75,0,0,0,0,0,0,0,0,0,0,0,0,192,233,253,253,253,253,253,255,253,243,226,121,74,0,0,0,0,0,0,0,0,0,0,0,0,0,0,0,0,29,205,240,240,162,107,107,107,67,0,0,0,0,0,0,0,0,0,0,0,0,0,0,0,0,0,0,0,0,0,0,0,0,0,0,0,0,0,0,0,0,0,0,0,0,0,0,0,0,0,0,0,0,0,0,0,0,0,0,0,0,0,0,0,0,0,0,0,0,0,0,0,0,0,0,0,0,0,0,0,0,0,0,0,0,0,0,0,0,0,0,0,0,0,0,0,0,0,0,0,0,0,0,0,0,0,0,0,0,0,0,0,0,0,0,0,0,0,0,0,0,0,0,0,0,0,0,0,0,0,0,0
3,0,0,0,0,0,0,0,0,0,0,0,0,0,0,0,0,0,0,0,0,0,0,0,0,0,0,0,0,0,0,0,0,0,0,0,0,0,0,0,0,0,0,0,0,0,0,0,0,0,0,0,0,0,0,0,0,0,0,0,0,0,0,0,0,0,0,0,0,0,0,0,0,0,0,0,0,0,0,0,0,0,0,0,0,0,0,0,0,0,0,0,0,0,0,0,0,0,0,0,0,0,0,0,0,0,0,0,0,0,0,0,0,0,0,0,0,0,0,0,0,0,0,0,0,0,0,0,0,0,0,0,0,0,0,0,0,0,0,0,0,0,0,0,0,0,0,0,0,0,51,238,253,253,253,255,253,143,38,0,0,0,0,0,0,0,0,0,0,0,0,0,0,0,0,0,0,0,238,252,252,252,252,253,252,252,84,0,0,0,0,0,0,0,0,0,0,0,0,0,0,0,0,0,0,0,222,252,252,252,252,253,252,252,199,25,0,0,0,0,0,0,0,0,0,0,0,0,0,0,0,0,0,0,101,249,252,252,252,253,252,252,249,99,0,0,0,0,0,0,0,0,0,0,0,0,0,0,0,0,0,0,0,225,252,252,252,253,252,252,145,0,0,0,0,0,0,0,0,0,0,0,0,0,0,0,0,0,0,0,176,253,253,253,253,255,253,228,47,0,0,0,0,0,0,0,0,0,0,0,0,0,0,0,0,0,0,0,128,252,252,252,252,253,252,70,0,0,0,0,0,0,0,0,0,0,0,0,0,0,0,0,0,0,0,0,88,246,252,252,252,253,252,209,97,0,0,0,0,0,0,0,0,0,0,0,0,0,0,0,0,0,0,0,0,209,252,252,252,253,252,252,242,91,0,0,0,0,0,0,0,0,0,0,0,0,0,0,0,0,0,0,0,38,221,252,252,253,252,252,252,252,0,0,0,0,0,0,0,0,0,0,0,0,0,0,0,0,0,0,0,0,0,0,79,255,253,253,253,253,192,12,0,0,0,0,0,0,0,0,0,0,0,0,0,0,0,0,0,0,0,0,0,27,181,252,252,252,253,74,0,0,0,0,0,0,0,0,0,0,0,0,0,0,0,0,0,0,0,0,0,0,85,252,252,252,253,167,0,0,0,0,0,0,0,0,0,0,0,0,0,0,0,0,0,0,0,0,0,0,101,252,252,252,253,167,0,0,0,0,0,0,0,0,0,0,0,0,0,0,0,0,0,0,0,0,0,141,240,252,252,252,253,167,0,0,0,0,0,0,0,0,0,0,0,0,0,0,13,113,114,50,113,113,113,255,253,253,253,253,204,15,0,0,0,0,0,0,0,0,0,0,0,0,0,0,154,252,253,237,252,252,252,253,252,252,252,252,15,0,0,0,0,0,0,0,0,0,0,0,0,0,0,0,169,252,253,252,252,252,252,253,252,252,198,55,0,0,0,0,0,0,0,0,0,0,0,0,0,0,0,0,150,239,253,252,252,252,252,237,242,192,28,0,0,0,0,0,0,0,0,0,0,0,0,0,0,0,0,0,0,63,174,252,252,157,112,50,74,0,0,0,0,0,0,0,0,0,0,0,0,0,0,0,0,0,0,0,0,0,0,0,0,0,0,0,0,0,0,0,0,0,0,0,0,0,0,0,0,0,0,0,0,0,0,0,0,0,0,0,0,0,0,0,0,0,0,0,0,0,0,0,0,0,0,0,0,0,0,0,0,0,0,0,0,0,0,0,0,0,0,0,0,0,0,0,0,0,0,0,0,0,0,0,0
3,0,0,0,0,0,0,0,0,0,0,0,0,0,0,0,0,0,0,0,0,0,0,0,0,0,0,0,0,0,0,0,0,0,0,0,0,0,0,0,0,0,0,0,0,0,0,0,0,0,0,0,0,0,0,0,0,0,0,0,0,0,0,0,0,0,0,0,0,0,0,0,0,0,0,0,0,0,0,0,0,0,0,0,0,0,0,0,0,0,0,0,0,0,0,0,0,0,0,0,0,0,0,0,0,0,0,0,0,0,0,0,0,0,0,0,0,0,0,0,0,0,0,0,0,0,0,0,0,0,0,0,0,0,0,0,0,0,0,0,0,0,0,0,0,0,0,0,0,64,128,128,255,191,128,128,128,64,0,0,0,0,0,0,0,0,0,0,0,0,0,0,0,0,0,0,191,255,255,255,255,255,255,255,255,255,255,191,0,0,0,0,0,0,0,0,0,0,0,0,0,0,0,0,64,255,255,255,255,255,255,255,255,255,255,255,128,0,0,0,0,0,0,0,0,0,0,0,0,0,0,0,0,64,128,128,128,255,255,255,255,255,255,255,255,64,0,0,0,0,0,0,0,0,0,0,0,0,0,0,0,0,0,0,0,0,0,0,64,255,255,255,255,128,0,0,0,0,0,0,0,0,0,0,0,0,0,0,0,0,0,0,0,0,0,0,0,191,255,255,255,128,0,0,0,0,0,0,0,0,0,0,0,0,0,0,0,0,0,0,0,0,0,64,191,255,255,255,255,128,0,0,0,0,0,0,0,0,0,0,0,0,0,0,0,0,0,0,0,0,128,255,255,255,255,255,191,0,0,0,0,0,0,0,0,0,0,0,0,0,0,0,0,64,128,255,255,255,255,255,255,255,255,255,0,0,0,0,0,0,0,0,0,0,0,0,0,0,0,0,0,191,255,255,255,255,255,255,255,255,255,255,0,0,0,0,0,0,0,0,0,0,0,0,0,0,0,0,0,191,255,255,255,255,255,255,255,255,255,255,191,0,0,0,0,0,0,0,0,0,0,0,0,0,0,0,0,64,255,255,255,255,255,255,255,255,255,255,255,0,0,0,0,0,0,0,0,0,0,0,0,0,0,0,0,0,0,128,64,0,0,0,0,255,255,255,255,64,0,0,0,0,0,0,0,0,0,0,0,0,0,0,0,0,0,0,0,0,0,0,0,255,255,255,255,64,0,0,0,0,0,0,0,0,0,0,0,0,0,0,0,64,128,0,0,0,0,64,191,255,255,255,191,0,0,0,0,0,0,0,0,0,0,0,0,0,0,0,64,255,255,128,0,0,64,191,255,255,255,255,0,0,0,0,0,0,0,0,0,0,0,0,0,0,0,0,128,255,255,255,128,191,255,255,255,255,255,64,0,0,0,0,0,0,0,0,0,0,0,0,0,0,0,0,128,255,255,255,255,255,255,255,255,255,64,0,0,0,0,0,0,0,0,0,0,0,0,0,0,0,0,0,0,128,255,255,255,255,255,255,255,128,0,0,0,0,0,0,0,0,0,0,0,0,0,0,0,0,0,0,0,0,64,191,255,255,255,128,0,0,0,0,0,0,0,0,0,0,0,0,0,0,0,0,0,0,0,0,0,0,0,0,0,0,0,0,0,0,0,0,0,0,0,0,0,0,0,0,0,0,0,0,0,0,0,0,0,0,0,0,0,0,0,0,0,0,0,0,0,0,0,0,0,0,0,0,0,0,0,0,0,0,0,0,0,0,0,0,0,0,0,0,0,0,0,0,0,0,0,0,0,0,0,0,0
2,0,0,0,0,0,0,0,0,0,0,0,0,0,0,0,0,0,0,0,0,0,0,0,0,0,0,0,0,0,0,0,0,0,0,0,0,0,0,0,0,0,0,0,0,0,0,0,0,0,0,0,0,0,0,0,0,0,0,0,0,0,0,0,0,0,0,0,0,0,0,0,0,0,0,0,0,0,0,0,0,0,0,0,0,0,0,0,0,0,0,0,0,0,0,0,0,76,163,228,255,118,11,0,0,0,0,0,0,0,0,0,0,0,0,0,0,0,0,0,0,0,0,16,158,250,253,214,234,253,55,0,0,0,0,0,0,0,0,0,0,0,0,0,0,0,0,0,0,3,102,228,245,138,55,11,163,253,127,0,0,0,0,0,0,0,0,0,0,0,0,0,0,0,0,0,16,184,253,216,81,0,0,0,163,253,127,0,0,0,0,0,0,0,0,0,0,0,0,0,0,0,0,0,102,246,162,26,0,0,0,0,163,253,127,0,0,0,0,0,0,0,0,0,0,0,0,0,0,0,0,0,192,177,0,0,0,0,0,0,163,254,127,0,0,0,0,0,0,0,0,0,0,0,0,0,0,0,0,0,22,30,0,0,0,0,0,0,163,253,127,0,0,0,0,0,0,0,0,0,0,0,0,0,0,0,0,0,0,0,0,0,0,0,0,0,163,253,127,0,0,0,0,0,0,0,0,0,0,0,0,0,0,0,0,0,0,0,0,0,0,0,0,7,234,249,53,0,0,0,0,0,0,0,0,0,0,0,0,0,0,0,0,0,0,0,0,0,0,0,0,91,254,166,0,0,0,0,0,0,0,0,0,0,0,0,0,0,0,0,0,0,0,0,0,0,0,0,12,228,255,109,0,0,0,0,0,0,0,0,0,0,0,0,0,0,0,0,0,0,0,0,0,0,0,0,154,253,238,20,0,0,0,0,0,0,0,0,0,0,0,0,0,0,0,0,0,0,0,0,0,0,0,19,226,253,91,0,0,0,0,0,0,0,0,0,0,0,0,0,0,0,0,0,0,0,0,0,0,0,0,146,253,207,0,0,0,0,0,0,0,0,0,0,0,0,0,0,0,0,0,0,0,0,0,0,0,0,72,243,253,72,0,0,0,0,0,0,0,0,0,0,0,0,0,0,0,0,0,0,0,0,0,0,0,21,241,254,176,47,0,0,0,0,0,0,0,0,0,0,0,0,0,0,0,0,0,0,0,0,0,50,177,241,253,253,253,247,152,24,0,0,0,0,0,0,0,0,0,0,0,0,0,0,0,0,0,0,45,245,253,254,245,216,216,242,254,180,49,37,69,63,128,44,0,0,0,0,0,0,0,0,0,0,0,0,128,253,253,209,49,0,0,71,247,253,253,253,253,242,235,136,0,0,0,0,0,0,0,0,0,0,0,0,49,227,162,0,0,0,0,0,47,124,162,162,129,26,0,0,0,0,0,0,0,0,0,0,0,0,0,0,0,0,0,0,0,0,0,0,0,0,0,0,0,0,0,0,0,0,0,0,0,0,0,0,0,0,0,0,0,0,0,0,0,0,0,0,0,0,0,0,0,0,0,0,0,0,0,0,0,0,0,0,0,0,0,0,0,0,0,0,0,0,0,0,0,0,0,0,0,0,0,0,0,0,0,0,0,0,0,0,0,0,0,0,0,0,0,0,0,0,0,0,0,0,0,0,0,0,0,0,0,0,0,0,0,0,0,0,0,0,0,0,0,0,0,0,0,0,0,0,0,0,0,0,0,0,0,0,0,0,0,0,0
3,0,0,0,0,0,0,0,0,0,0,0,0,0,0,0,0,0,0,0,0,0,0,0,0,0,0,0,0,0,0,0,0,0,0,0,0,0,0,0,0,0,0,0,0,0,0,0,0,0,0,0,0,0,0,0,0,0,0,0,0,0,0,0,0,0,0,0,0,0,0,0,0,0,0,0,0,0,0,0,0,0,0,0,0,0,0,0,0,0,0,0,0,0,0,0,0,0,0,0,0,0,0,0,0,0,0,0,0,0,0,0,0,0,0,0,0,0,0,0,0,0,77,91,133,255,201,91,56,0,0,0,0,0,0,0,0,0,0,0,0,0,0,0,0,0,0,0,35,180,242,244,194,73,232,237,225,164,17,14,0,0,0,0,0,0,0,0,0,0,0,0,0,0,0,46,221,253,163,66,0,0,0,5,146,226,253,212,0,0,0,0,0,0,0,0,0,0,0,0,0,0,13,221,253,237,35,0,0,0,0,0,0,61,253,244,112,5,0,0,0,0,0,0,0,0,0,0,0,0,17,253,237,67,0,0,0,0,0,0,0,25,253,253,253,32,0,0,0,0,0,0,0,0,0,0,0,0,3,109,177,0,0,0,0,0,0,0,0,25,253,245,119,5,0,0,0,0,0,0,0,0,0,0,0,0,0,0,0,0,0,0,0,0,0,0,0,116,253,212,0,0,0,0,0,0,0,0,0,0,0,0,0,0,0,0,0,0,0,0,0,0,0,8,230,247,223,51,0,0,0,0,0,0,0,0,0,0,0,0,0,0,0,0,0,0,0,0,0,0,51,159,253,238,53,0,0,0,0,0,0,0,0,0,0,0,0,0,0,0,0,0,0,0,0,0,0,0,242,253,253,252,171,83,40,0,0,0,0,0,0,0,0,0,0,0,0,0,0,0,0,0,0,0,0,0,238,239,81,97,245,246,211,135,9,6,0,0,0,0,0,0,0,0,0,0,0,0,0,0,0,0,0,0,0,0,0,0,0,26,154,241,253,179,0,0,0,0,0,0,0,0,0,0,18,25,6,0,0,0,0,0,0,0,0,0,0,0,0,100,253,234,67,0,0,0,0,0,0,0,0,116,213,253,56,0,0,0,0,0,0,0,0,0,0,0,0,58,253,253,89,0,0,0,0,0,0,0,0,107,241,253,83,0,0,0,0,0,0,0,0,0,0,0,0,58,253,253,89,0,0,0,0,0,0,0,0,0,96,253,237,131,106,0,0,0,0,0,0,0,0,0,0,58,253,253,89,0,0,0,0,0,0,0,0,0,3,101,240,253,247,131,6,0,0,0,0,0,0,0,30,208,219,147,11,0,0,0,0,0,0,0,0,0,0,0,102,253,253,253,120,92,100,0,0,0,0,0,131,253,106,0,0,0,0,0,0,0,0,0,0,0,0,0,2,15,153,179,242,247,248,238,238,238,238,238,246,188,75,0,0,0,0,0,0,0,0,0,0,0,0,0,0,0,0,0,124,151,142,253,253,253,253,120,89,11,0,0,0,0,0,0,0,0,0,0,0,0,0,0,0,0,0,0,0,0,0,0,0,0,0,0,0,0,0,0,0,0,0,0,0,0,0,0,0,0,0,0,0,0,0,0,0,0,0,0,0,0,0,0,0,0,0,0,0,0,0,0,0,0,0,0,0,0,0,0,0,0,0,0,0,0,0,0,0,0,0,0,0,0,0,0,0,0,0,0,0,0,0,0,0,0,0,0,0,0,0,0,0,0,0,0,0,0,0,0,0,0,0,0,0,0,0,0,0
9,0,0,0,0,0,0,0,0,0,0,0,0,0,0,0,0,0,0,0,0,0,0,0,0,0,0,0,0,0,0,0,0,0,0,0,0,0,0,0,0,0,0,0,0,0,0,0,0,0,0,0,0,0,0,0,0,0,0,0,0,0,0,0,0,0,0,0,0,0,0,0,0,0,0,0,0,0,0,0,0,0,0,0,0,0,0,0,0,0,0,0,0,0,0,0,0,0,0,0,0,0,0,0,0,0,0,0,0,0,0,0,0,0,0,0,0,0,0,0,0,0,0,0,0,0,0,0,0,0,0,0,0,0,0,0,0,0,0,0,0,0,0,0,0,0,0,0,0,0,0,0,0,0,0,0,0,0,0,0,0,0,0,0,0,0,0,0,0,0,0,0,0,0,0,0,0,0,0,0,0,0,0,0,0,0,0,0,0,0,0,0,0,0,0,0,0,0,0,0,0,0,0,0,0,0,0,15,108,138,138,202,232,138,138,86,0,0,0,0,0,0,0,0,0,0,0,0,0,0,0,0,0,22,110,219,252,252,252,253,231,252,252,252,100,17,0,0,0,0,0,0,0,0,0,0,0,0,0,0,0,199,253,252,202,183,130,69,37,100,89,205,253,92,0,0,0,0,0,0,0,0,0,0,0,0,0,0,170,248,245,139,13,0,0,0,0,0,0,74,253,185,0,0,0,0,0,0,0,0,0,0,0,0,0,64,248,252,126,0,0,0,0,0,0,0,0,106,253,153,0,0,0,0,0,0,0,0,0,0,0,0,0,38,233,253,116,0,0,0,0,0,0,0,0,179,255,92,0,0,0,0,0,0,0,0,0,0,0,0,0,57,244,252,116,0,0,0,0,0,0,0,17,234,249,75,0,0,0,0,0,0,0,0,0,0,0,0,0,0,176,252,153,25,0,0,0,0,0,0,124,252,230,0,0,0,0,0,0,0,0,0,0,0,0,0,0,0,59,244,253,202,25,0,0,0,0,100,244,252,230,0,0,0,0,0,0,0,0,0,0,0,0,0,0,0,0,178,253,252,236,188,168,231,230,246,252,252,178,0,0,0,0,0,0,0,0,0,0,0,0,0,0,0,0,0,11,136,247,253,243,231,230,230,249,253,106,0,0,0,0,0,0,0,0,0,0,0,0,0,0,0,0,0,0,0,67,92,50,0,0,0,207,252,0,0,0,0,0,0,0,0,0,0,0,0,0,0,0,0,0,0,0,0,0,0,0,0,0,0,124,252,0,0,0,0,0,0,0,0,0,0,0,0,0,0,0,0,0,0,0,0,0,0,0,0,0,0,134,252,0,0,0,0,0,0,0,0,0,0,0,0,0,0,0,0,0,0,0,0,0,0,0,0,0,32,228,252,0,0,0,0,0,0,0,0,0,0,0,0,0,0,0,0,0,0,0,0,0,0,0,0,0,70,253,243,0,0,0,0,0,0,0,0,0,0,0,0,0,0,0,0,0,0,0,0,0,0,0,0,0,122,252,137,0,0,0,0,0,0,0,0,0,0,0,0,0,0,0,0,0,0,0,0,0,0,0,0,0,70,252,137,0,0,0,0,0,0,0,0,0,0,0,0,0,0,0,0,0,0,0,0,0,0,0,0,0,44,236,232,136,0,0,0,0,0,0,0,0,0,0,0,0,0,0,0,0,0,0,0,0,0,0,0,0,0,155,252,73,0,0,0,0,0,0,0,0,0,0,0,0,0,0,0,0,0,0,0,0,0,0,0,0,0,0,0,0,0,0,0,0,0,0,0,0
1,0,0,0,0,0,0,0,0,0,0,0,0,0,0,0,0,0,0,0,0,0,0,0,0,0,0,0,0,0,0,0,0,0,0,0,0,0,0,0,0,0,0,0,0,0,0,0,0,0,0,0,0,0,0,0,0,0,0,0,0,0,0,0,0,0,0,0,0,0,0,0,0,0,0,0,0,0,0,0,0,0,0,0,0,0,0,0,0,0,0,0,0,0,0,0,0,0,0,0,0,0,0,0,0,0,0,0,0,0,0,0,0,0,0,0,0,0,0,0,0,0,0,0,0,0,0,0,73,253,216,0,0,0,0,0,0,0,0,0,0,0,0,0,0,0,0,0,0,0,0,0,0,0,0,0,73,251,215,0,0,0,0,0,0,0,0,0,0,0,0,0,0,0,0,0,0,0,0,0,0,0,0,0,73,251,246,124,0,0,0,0,0,0,0,0,0,0,0,0,0,0,0,0,0,0,0,0,0,0,0,0,150,251,251,142,0,0,0,0,0,0,0,0,0,0,0,0,0,0,0,0,0,0,0,0,0,0,0,0,253,251,225,41,0,0,0,0,0,0,0,0,0,0,0,0,0,0,0,0,0,0,0,0,0,0,0,53,255,253,216,0,0,0,0,0,0,0,0,0,0,0,0,0,0,0,0,0,0,0,0,0,0,0,0,180,253,251,215,0,0,0,0,0,0,0,0,0,0,0,0,0,0,0,0,0,0,0,0,0,0,0,16,190,253,251,215,0,0,0,0,0,0,0,0,0,0,0,0,0,0,0,0,0,0,0,0,0,0,0,109,251,253,251,137,0,0,0,0,0,0,0,0,0,0,0,0,0,0,0,0,0,0,0,0,0,0,0,109,251,253,251,35,0,0,0,0,0,0,0,0,0,0,0,0,0,0,0,0,0,0,0,0,0,0,37,253,253,255,211,25,0,0,0,0,0,0,0,0,0,0,0,0,0,0,0,0,0,0,0,0,0,0,37,251,251,253,107,0,0,0,0,0,0,0,0,0,0,0,0,0,0,0,0,0,0,0,0,0,0,0,192,251,251,190,15,0,0,0,0,0,0,0,0,0,0,0,0,0,0,0,0,0,0,0,0,0,0,63,231,251,251,180,0,0,0,0,0,0,0,0,0,0,0,0,0,0,0,0,0,0,0,0,0,0,0,144,251,251,251,180,0,0,0,0,0,0,0,0,0,0,0,0,0,0,0,0,0,0,0,0,0,0,0,145,253,253,253,0,0,0,0,0,0,0,0,0,0,0,0,0,0,0,0,0,0,0,0,0,0,0,0,144,251,251,251,0,0,0,0,0,0,0,0,0,0,0,0,0,0,0,0,0,0,0,0,0,0,0,0,144,251,251,225,0,0,0,0,0,0,0,0,0,0,0,0,0,0,0,0,0,0,0,0,0,0,0,0,144,251,251,71,0,0,0,0,0,0,0,0,0,0,0,0,0,0,0,0,0,0,0,0,0,0,0,0,41,226,173,20,0,0,0,0,0,0,0,0,0,0,0,0,0,0,0,0,0,0,0,0,0,0,0,0,0,0,0,0,0,0,0,0,0,0,0,0,0,0,0,0,0,0,0,0,0,0,0,0,0,0,0,0,0,0,0,0,0,0,0,0,0,0,0,0,0,0,0,0,0,0,0,0,0,0,0,0,0,0,0,0,0,0,0,0,0,0,0,0,0,0,0,0,0,0,0,0,0,0,0,0,0,0,0,0,0,0,0,0,0,0,0,0,0,0,0,0,0,0,0,0,0,0,0,0,0
2,0,0,0,0,0,0,0,0,0,0,0,0,0,0,0,0,0,0,0,0,0,0,0,0,0,0,0,0,0,0,0,0,0,0,0,0,0,0,0,0,0,0,0,0,0,0,0,0,0,0,0,0,0,0,0,0,0,0,0,0,0,0,0,0,0,0,0,0,0,0,0,0,0,0,0,0,0,0,0,0,0,0,0,0,0,0,0,0,0,0,0,0,0,0,0,0,0,0,0,0,0,0,0,0,0,0,0,0,0,0,0,0,0,0,0,0,0,0,0,0,0,0,0,0,0,17,128,169,228,60,0,0,0,0,0,0,0,0,0,0,0,0,0,0,0,0,0,0,0,0,0,0,120,242,254,188,215,229,16,0,0,0,0,0,0,0,0,0,0,0,0,0,0,0,0,0,0,0,19,174,254,172,49,2,42,254,52,0,0,0,0,0,0,0,0,0,0,0,0,0,0,0,0,0,0,19,205,254,125,2,0,0,63,254,52,0,0,0,0,0,0,0,0,0,0,0,0,0,0,0,0,0,0,172,238,61,2,0,0,0,177,246,39,0,0,0,0,0,0,0,0,0,0,0,0,0,0,0,0,0,68,254,90,0,0,0,0,0,212,220,0,0,0,0,0,0,0,0,0,0,0,0,0,0,0,0,0,0,58,198,13,0,0,0,0,0,212,171,0,0,0,0,0,0,0,0,0,0,0,0,0,0,0,0,0,0,0,0,0,0,0,0,0,9,221,116,0,0,0,0,0,0,0,0,0,0,0,0,0,0,0,0,0,0,0,0,0,0,0,0,0,44,254,47,0,0,0,0,0,0,0,0,0,0,0,0,0,0,0,0,0,0,0,0,0,0,0,0,0,103,235,23,0,0,0,0,0,0,0,0,0,0,0,0,0,0,0,0,0,0,0,0,0,0,0,0,8,222,130,0,0,0,0,0,0,0,0,0,0,0,0,0,0,0,0,0,0,0,0,0,0,0,0,0,101,254,43,0,0,0,0,0,0,0,0,0,0,0,0,0,0,0,0,0,0,0,0,0,0,0,0,7,225,210,9,0,0,0,0,0,0,0,0,0,0,0,0,0,0,0,0,0,0,0,0,0,0,0,0,100,254,87,0,0,0,0,0,0,0,0,0,0,0,0,0,0,0,0,0,0,0,0,0,0,0,0,24,238,174,9,0,0,0,0,0,0,0,0,0,0,0,0,0,0,0,0,0,0,0,0,0,0,0,0,156,254,34,0,0,0,0,0,0,0,0,0,0,0,0,0,0,0,0,0,0,0,0,0,0,0,0,83,248,178,10,0,0,0,11,14,14,14,9,4,0,0,0,0,0,0,0,0,0,0,0,0,0,0,31,241,208,11,25,111,182,182,240,254,246,246,153,21,0,0,0,0,0,0,0,0,0,0,0,0,0,0,238,254,185,193,254,251,207,163,95,70,0,0,0,0,0,0,0,0,0,0,0,0,0,0,0,0,0,0,238,254,176,122,82,13,0,0,0,0,0,0,0,0,0,0,0,0,0,0,0,0,0,0,0,0,0,0,0,0,0,0,0,0,0,0,0,0,0,0,0,0,0,0,0,0,0,0,0,0,0,0,0,0,0,0,0,0,0,0,0,0,0,0,0,0,0,0,0,0,0,0,0,0,0,0,0,0,0,0,0,0,0,0,0,0,0,0,0,0,0,0,0,0,0,0,0,0,0,0,0,0,0,0,0,0,0,0,0,0,0,0,0,0,0,0,0,0,0,0,0,0,0,0,0,0,0,0,0,0
6,0,0,0,0,0,0,0,0,0,0,0,0,0,0,0,0,0,0,0,0,0,0,0,0,0,0,0,0,0,0,0,0,0,0,0,0,0,0,0,0,0,0,0,0,0,0,0,0,0,0,0,0,0,0,0,0,0,0,0,0,0,0,0,0,0,0,0,0,0,0,0,0,0,0,0,0,0,0,0,0,0,0,0,0,0,0,0,0,0,0,0,0,0,0,0,0,0,0,0,0,0,0,0,0,0,0,0,0,0,0,0,0,0,0,0,0,0,0,0,0,0,0,0,0,0,0,0,0,0,0,44,200,102,0,0,0,0,0,0,0,0,0,0,0,0,0,0,0,0,0,0,0,0,0,0,0,69,179,250,254,216,0,0,0,0,0,0,0,0,0,0,0,0,0,0,0,0,0,0,0,0,0,0,146,247,254,254,200,187,0,0,0,0,0,0,0,0,0,0,0,0,0,0,0,0,0,0,0,0,2,144,254,254,223,104,4,40,0,0,0,0,0,0,0,0,0,0,0,0,0,0,0,0,0,0,0,25,166,254,254,156,20,0,0,0,0,0,0,0,0,0,0,0,0,0,0,0,0,0,0,0,0,0,13,207,254,254,231,7,0,0,0,0,0,0,0,0,0,0,0,0,0,0,0,0,0,0,0,0,0,4,141,254,254,205,18,0,0,0,0,0,0,0,0,0,0,0,0,0,0,0,0,0,0,0,0,0,0,36,254,254,241,19,0,0,0,0,0,0,0,0,0,0,0,0,0,0,0,0,0,0,0,0,0,0,2,134,254,247,68,0,0,0,0,0,0,0,0,0,0,0,0,0,0,0,0,0,0,0,0,0,0,0,44,254,254,248,112,88,119,95,83,9,0,0,0,0,0,0,0,0,0,0,0,0,0,0,0,0,0,0,45,254,254,254,254,254,89,247,254,236,50,0,0,0,0,0,0,0,0,0,0,0,0,0,0,0,0,0,129,254,246,188,203,153,119,232,200,254,234,27,0,0,0,0,0,0,0,0,0,0,0,0,0,0,0,13,222,245,82,2,5,0,0,12,5,157,254,44,0,0,0,0,0,0,0,0,0,0,0,0,0,0,0,53,254,218,0,0,0,0,0,0,0,131,254,44,0,0,0,0,0,0,0,0,0,0,0,0,0,0,0,8,224,218,0,0,0,0,0,0,0,216,254,44,0,0,0,0,0,0,0,0,0,0,0,0,0,0,0,0,177,218,0,0,0,0,0,0,42,240,232,23,0,0,0,0,0,0,0,0,0,0,0,0,0,0,0,0,93,246,90,0,0,0,27,27,221,254,131,0,0,0,0,0,0,0,0,0,0,0,0,0,0,0,0,0,26,230,247,156,106,135,255,254,254,220,21,0,0,0,0,0,0,0,0,0,0,0,0,0,0,0,0,0,0,58,249,254,254,254,254,221,106,7,0,0,0,0,0,0,0,0,0,0,0,0,0,0,0,0,0,0,0,0,36,85,166,196,109,3,0,0,0,0,0,0,0,0,0,0,0,0,0,0,0,0,0,0,0,0,0,0,0,0,0,0,0,0,0,0,0,0,0,0,0,0,0,0,0,0,0,0,0,0,0,0,0,0,0,0,0,0,0,0,0,0,0,0,0,0,0,0,0,0,0,0,0,0,0,0,0,0,0,0,0,0,0,0,0,0,0,0,0,0,0,0,0,0,0,0,0,0,0,0,0,0,0,0,0,0,0,0,0,0,0,0,0,0,0,0,0,0,0,0,0,0,0,0,0,0,0,0,0
8,0,0,0,0,0,0,0,0,0,0,0,0,0,0,0,0,0,0,0,0,0,0,0,0,0,0,0,0,0,0,0,0,0,0,0,0,0,0,0,0,0,0,0,0,0,0,0,0,0,0,0,0,0,0,0,0,0,0,0,0,0,0,0,0,0,0,0,0,0,0,0,0,0,0,0,0,0,0,0,0,0,0,0,0,0,0,0,0,0,0,0,0,0,0,0,0,0,0,0,0,0,0,0,0,0,0,0,0,0,0,0,0,0,0,0,0,0,0,0,0,0,0,0,0,0,0,0,0,0,0,0,0,0,0,0,0,0,0,0,0,0,0,0,0,0,0,0,0,0,0,0,0,0,0,0,0,0,0,0,0,0,0,0,0,0,0,0,0,0,0,0,0,0,0,0,0,0,0,0,0,41,149,231,254,254,231,149,19,0,0,0,0,0,0,0,0,0,0,0,0,0,0,0,0,0,1,40,122,242,253,246,243,202,206,252,196,13,4,5,0,0,0,0,0,0,0,0,0,0,0,0,0,0,111,253,253,206,173,21,0,0,0,86,253,87,163,183,0,0,0,0,0,0,0,0,0,0,0,0,0,31,236,253,172,10,0,0,0,0,0,16,253,254,253,211,0,0,0,0,0,0,0,0,0,0,0,0,0,65,253,224,15,0,0,0,0,0,18,125,253,254,230,45,0,0,0,0,0,0,0,0,0,0,0,0,0,7,172,253,165,0,0,0,0,15,198,253,245,126,17,0,0,0,0,0,0,0,0,0,0,0,0,0,0,0,87,253,245,84,0,0,51,194,253,248,84,0,0,0,0,0,0,0,0,0,0,0,0,0,0,0,0,0,9,155,253,249,45,108,246,253,205,29,0,0,0,0,0,0,0,0,0,0,0,0,0,0,0,0,0,0,0,18,198,253,244,240,253,212,22,0,0,0,0,0,0,0,0,0,0,0,0,0,0,0,0,0,0,0,0,0,32,253,253,253,165,22,0,0,0,0,0,0,0,0,0,0,0,0,0,0,0,0,0,0,0,0,0,0,32,253,253,253,146,1,0,0,0,0,0,0,0,0,0,0,0,0,0,0,0,0,0,0,0,0,0,0,153,253,197,240,253,73,0,0,0,0,0,0,0,0,0,0,0,0,0,0,0,0,0,0,0,0,0,34,240,215,8,144,253,194,0,0,0,0,0,0,0,0,0,0,0,0,0,0,0,0,0,0,0,0,0,76,253,168,0,0,183,252,91,0,0,0,0,0,0,0,0,0,0,0,0,0,0,0,0,0,0,0,0,76,254,177,2,0,101,254,194,0,0,0,0,0,0,0,0,0,0,0,0,0,0,0,0,0,0,0,0,22,236,253,14,0,35,238,236,28,0,0,0,0,0,0,0,0,0,0,0,0,0,0,0,0,0,0,0,0,124,254,121,0,27,231,254,39,0,0,0,0,0,0,0,0,0,0,0,0,0,0,0,0,0,0,0,0,31,253,243,45,125,253,209,10,0,0,0,0,0,0,0,0,0,0,0,0,0,0,0,0,0,0,0,0,13,181,251,247,250,233,84,0,0,0,0,0,0,0,0,0,0,0,0,0,0,0,0,0,0,0,0,0,0,0,200,253,234,91,0,0,0,0,0,0,0,0,0,0,0,0,0,0,0,0,0,0,0,0,0,0,0,0,0,0,0,0,0,0,0,0,0,0,0,0,0,0,0,0,0,0,0,0,0,0,0,0,0,0,0,0,0,0,0,0,0,0,0,0,0,0,0,0,0,0,0
0,0,0,0,0,0,0,0,0,0,0,0,0,0,0,0,0,0,0,0,0,0,0,0,0,0,0,0,0,0,0,0,0,0,0,0,0,0,0,0,0,0,0,0,0,0,0,0,0,0,0,0,0,0,0,0,0,0,0,0,0,0,0,0,0,0,0,0,0,0,0,0,0,0,0,0,0,0,0,0,0,0,0,0,0,0,0,0,0,0,0,0,0,0,0,0,0,0,0,0,0,0,0,0,0,0,0,0,0,0,0,0,0,0,0,0,0,0,0,0,0,0,0,0,0,64,128,191,128,128,0,0,0,0,0,0,0,0,0,0,0,0,0,0,0,0,0,0,0,0,0,0,191,255,255,255,255,255,255,64,0,0,0,0,0,0,0,0,0,0,0,0,0,0,0,0,0,0,128,255,255,191,128,128,191,255,255,255,191,0,0,0,0,0,0,0,0,0,0,0,0,0,0,0,0,0,255,255,128,0,0,0,0,0,255,255,255,64,0,0,0,0,0,0,0,0,0,0,0,0,0,0,0,0,191,255,128,0,0,0,0,0,0,191,255,255,0,0,0,0,0,0,0,0,0,0,0,0,0,0,0,64,255,255,128,0,0,0,0,0,0,64,255,255,128,0,0,0,0,0,0,0,0,0,0,0,0,0,0,255,255,191,0,0,0,0,0,0,0,0,255,255,128,0,0,0,0,0,0,0,0,0,0,0,0,0,64,255,255,0,0,0,0,0,0,0,0,0,191,255,128,0,0,0,0,0,0,0,0,0,0,0,0,0,128,255,128,0,0,0,0,0,0,0,0,0,0,255,128,0,0,0,0,0,0,0,0,0,0,0,0,0,128,255,64,0,0,0,0,0,0,0,0,0,0,255,128,0,0,0,0,0,0,0,0,0,0,0,0,0,255,255,128,0,0,0,0,0,0,0,0,0,0,255,128,0,0,0,0,0,0,0,0,0,0,0,0,0,255,255,128,0,0,0,0,0,0,0,0,0,0,255,255,0,0,0,0,0,0,0,0,0,0,0,0,0,255,255,128,0,0,0,0,0,0,0,0,0,0,255,255,0,0,0,0,0,0,0,0,0,0,0,0,0,128,255,191,0,0,0,0,0,0,0,0,0,0,255,255,0,0,0,0,0,0,0,0,0,0,0,0,0,0,255,255,191,0,0,0,0,0,0,0,0,0,255,255,0,0,0,0,0,0,0,0,0,0,0,0,0,0,191,255,255,191,0,0,0,0,0,0,0,0,255,255,128,0,0,0,0,0,0,0,0,0,0,0,0,0,0,128,255,255,128,0,0,0,0,0,0,0,255,255,0,0,0,0,0,0,0,0,0,0,0,0,0,0,0,0,128,191,255,255,191,128,64,128,128,191,255,191,0,0,0,0,0,0,0,0,0,0,0,0,0,0,0,0,0,0,191,255,255,255,255,255,255,255,255,128,0,0,0,0,0,0,0,0,0,0,0,0,0,0,0,0,0,0,0,128,255,255,255,255,191,128,0,0,0,0,0,0,0,0,0,0,0,0,0,0,0,0,0,0,0,0,0,0,0,0,0,0,0,0,0,0,0,0,0,0,0,0,0,0,0,0,0,0,0,0,0,0,0,0,0,0,0,0,0,0,0,0,0,0,0,0,0,0,0,0,0,0,0,0,0,0,0,0,0,0,0,0,0,0,0,0,0,0,0,0,0,0,0,0,0,0,0,0,0,0,0,0,0,0,0,0,0,0,0,0,0,0,0,0,0,0,0,0,0,0,0,0,0,0,0,0
5,0,0,0,0,0,0,0,0,0,0,0,0,0,0,0,0,0,0,0,0,0,0,0,0,0,0,0,0,0,0,0,0,0,0,0,0,0,0,0,0,0,0,0,0,0,0,0,0,0,0,0,0,0,0,0,0,0,0,0,0,0,0,0,0,0,0,0,0,0,0,0,0,0,0,0,0,0,0,0,0,0,0,0,0,0,0,0,0,0,0,0,0,0,0,0,0,0,0,0,0,0,0,0,0,0,0,0,0,0,0,0,0,0,0,0,0,0,0,0,0,0,0,0,0,0,0,0,0,0,0,0,0,0,0,0,0,0,0,0,0,0,0,0,0,0,0,0,0,0,0,0,0,0,0,0,0,0,0,0,0,0,0,0,0,0,0,0,0,0,0,0,0,0,0,0,0,0,0,0,0,0,0,0,0,0,0,0,0,0,0,0,0,0,0,0,0,0,0,0,0,0,0,0,0,0,0,0,0,0,0,5,18,118,189,254,255,100,5,0,0,0,0,0,0,0,0,0,0,0,0,0,0,0,0,0,93,154,154,177,253,253,253,253,253,253,70,0,0,0,0,0,0,0,0,0,0,0,0,0,0,0,19,158,250,253,253,253,253,253,253,253,222,178,23,0,0,0,0,0,0,0,0,0,0,0,0,0,0,0,177,253,253,253,253,253,232,182,182,67,27,0,0,0,0,0,0,0,0,0,0,0,0,0,0,0,0,59,245,253,253,245,91,47,33,0,0,0,0,0,0,0,0,0,0,0,0,0,0,0,0,0,0,0,0,72,253,253,251,73,0,0,0,0,0,0,0,0,0,0,0,0,0,0,0,0,0,0,0,0,0,0,0,5,210,253,253,236,106,62,2,0,0,0,0,0,0,0,0,0,0,0,0,0,0,0,0,0,0,0,0,32,216,253,253,253,253,253,125,0,0,0,0,0,0,0,0,0,0,0,0,0,0,0,0,0,0,0,0,0,33,94,94,94,168,241,225,26,0,0,0,0,0,0,0,0,0,0,0,0,0,0,0,0,0,0,0,0,0,0,0,0,0,150,253,124,0,0,0,0,0,0,0,0,0,0,0,0,0,0,0,0,0,0,0,0,0,0,0,0,0,42,236,123,0,0,0,0,0,0,0,0,0,0,0,0,0,0,0,0,0,0,0,0,0,0,0,0,0,0,195,140,0,0,0,0,0,0,0,0,0,0,0,0,0,0,0,0,0,0,0,0,0,0,0,0,0,0,88,201,11,0,0,0,0,0,0,0,0,0,0,0,0,0,0,0,0,0,0,0,0,0,0,0,0,0,78,253,23,0,0,0,0,0,0,0,0,0,0,0,0,0,0,0,0,0,0,0,0,0,0,0,0,0,78,253,23,0,0,0,0,0,0,0,0,0,0,0,0,0,0,0,0,0,0,0,0,0,0,0,0,0,78,253,23,0,0,0,0,0,0,0,0,0,0,0,0,0,0,0,0,0,0,0,0,0,63,60,0,74,205,185,7,0,0,0,0,0,0,0,0,0,0,0,0,0,0,0,0,0,0,0,0,0,148,248,201,238,253,121,0,0,0,0,0,0,0,0,0,0,0,0,0,0,0,0,0,0,0,0,0,0,76,209,253,253,223,25,0,0,0,0,0,0,0,0,0,0,0,0,0,0,0,0,0,0,0,0,0,0,0,87,253,170,39,0,0,0,0,0,0,0,0,0,0,0,0,0,0,0,0,0,0,0,0,0,0,0,0,0,0,0,0,0,0,0,0,0,0,0,0,0,0,0,0
6,0,0,0,0,0,0,0,0,0,0,0,0,0,0,0,0,0,0,0,0,0,0,0,0,0,0,0,0,0,0,0,0,0,0,0,0,0,0,0,0,0,0,0,0,0,0,0,0,0,0,0,0,0,0,0,0,0,0,0,0,0,0,0,0,0,191,255,191,0,0,0,0,0,0,0,0,0,0,0,0,0,0,0,0,0,0,0,0,0,0,0,0,0,255,255,255,64,0,0,0,0,0,0,0,0,0,0,0,0,0,0,0,0,0,0,0,0,0,0,0,0,255,255,255,128,0,0,0,0,0,0,0,0,0,0,0,0,0,0,0,0,0,0,0,0,0,0,0,128,255,255,255,0,0,0,0,0,0,0,0,0,0,0,0,0,0,0,0,0,0,0,0,0,0,0,0,191,255,255,255,0,0,0,0,0,0,0,0,0,0,0,0,0,0,0,0,0,0,0,0,0,0,0,0,255,255,255,255,0,0,0,0,0,0,0,0,0,0,0,0,0,0,0,0,0,0,0,0,0,0,0,128,255,255,255,255,0,0,0,0,0,0,0,0,0,0,0,0,0,0,0,0,0,0,0,0,0,0,0,128,255,255,255,255,0,0,0,0,0,0,0,0,0,0,0,0,0,0,0,0,0,0,0,0,0,0,0,128,255,255,255,128,0,0,0,0,0,0,128,128,128,128,0,0,0,0,0,0,0,0,0,0,0,0,0,128,255,255,255,128,0,0,0,0,64,191,255,255,255,255,191,0,0,0,0,0,0,0,0,0,0,0,0,128,255,255,255,128,0,0,0,64,255,255,255,255,255,255,255,191,0,0,0,0,0,0,0,0,0,0,0,0,255,255,255,255,0,0,64,255,255,255,255,191,64,191,255,255,0,0,0,0,0,0,0,0,0,0,0,0,255,255,255,255,0,0,191,255,255,255,191,0,0,128,255,255,0,0,0,0,0,0,0,0,0,0,0,0,128,255,255,255,128,64,255,255,255,255,0,0,0,128,255,255,0,0,0,0,0,0,0,0,0,0,0,0,0,255,255,255,255,191,255,255,255,64,0,0,0,191,255,255,0,0,0,0,0,0,0,0,0,0,0,0,0,191,255,255,255,255,255,255,128,0,0,0,0,255,255,255,0,0,0,0,0,0,0,0,0,0,0,0,0,0,191,255,255,255,255,255,255,64,0,0,191,255,255,128,0,0,0,0,0,0,0,0,0,0,0,0,0,0,0,128,255,255,255,255,255,255,255,255,255,255,255,64,0,0,0,0,0,0,0,0,0,0,0,0,0,0,0,0,64,191,255,255,255,255,255,255,255,191,64,0,0,0,0,0,0,0,0,0,0,0,0,0,0,0,0,0,0,0,64,128,255,255,255,255,191,0,0,0,0,0,0,0,0,0,0,0,0,0,0,0,0,0,0,0,0,0,0,0,0,0,0,0,0,0,0,0,0,0,0,0,0,0,0,0,0,0,0,0,0,0,0,0,0,0,0,0,0,0,0,0,0,0,0,0,0,0,0,0,0,0,0,0,0,0,0,0,0,0,0,0,0,0,0,0,0,0,0,0,0,0,0,0,0,0,0,0,0,0,0,0,0,0,0,0,0,0,0,0,0,0,0,0,0,0,0,0,0,0,0,0,0,0,0,0,0,0,0,0,0,0,0,0,0,0,0,0,0,0,0,0,0,0,0,0,0,0,0,0,0,0,0,0,0,0,0,0,0,0,0,0,0,0,0,0,0,0,0,0,0,0,0,0,0,0,0,0,0,0,0,0
6,0,0,0,0,0,0,0,0,0,0,0,0,0,0,0,0,0,0,0,0,0,0,0,0,0,0,0,0,0,0,0,0,0,0,0,0,0,0,0,0,0,0,0,0,0,0,0,0,0,0,0,0,0,0,0,0,0,0,0,0,0,0,0,0,0,0,0,0,0,0,0,0,0,0,0,0,0,0,0,0,0,0,0,0,0,0,0,0,0,0,0,0,0,0,0,0,128,191,191,64,0,0,0,0,0,0,0,0,0,0,0,0,0,0,0,0,0,0,0,0,0,0,128,255,255,255,191,128,191,0,0,0,0,0,0,0,0,0,0,0,0,0,0,0,0,0,0,0,64,191,255,255,255,255,255,255,255,128,0,0,0,0,0,0,0,0,0,0,0,0,0,0,0,0,0,0,128,255,255,255,255,255,255,255,255,128,0,0,0,0,0,0,0,0,0,0,0,0,0,0,0,0,0,0,255,255,255,191,0,128,255,255,255,191,0,0,0,0,0,0,0,0,0,0,0,0,0,0,0,0,0,128,255,255,255,128,0,0,64,64,128,0,0,0,0,0,0,0,0,0,0,0,0,0,0,0,0,0,0,191,255,255,255,64,0,0,0,0,0,0,0,0,0,0,0,0,0,0,0,0,0,0,0,0,0,0,0,255,255,255,255,0,0,0,0,0,0,0,0,0,0,0,0,0,0,0,0,0,0,0,0,0,0,0,0,255,255,255,255,0,0,0,0,0,0,0,0,0,0,0,0,0,0,0,0,0,0,0,0,0,0,0,0,191,255,255,255,64,0,0,0,128,128,128,128,128,0,0,0,0,0,0,0,0,0,0,0,0,0,0,64,255,255,255,255,255,64,0,191,255,255,255,255,255,255,191,128,0,0,0,0,0,0,0,0,0,0,0,0,191,255,255,255,255,255,255,255,255,255,255,255,255,255,255,255,64,0,0,0,0,0,0,0,0,0,0,0,191,255,255,255,255,255,255,255,255,255,128,255,255,255,255,255,255,64,0,0,0,0,0,0,0,0,0,0,64,255,255,255,255,255,255,191,128,0,0,64,255,255,255,255,255,128,0,0,0,0,0,0,0,0,0,0,0,191,255,255,255,255,255,0,0,0,0,0,0,191,255,255,255,191,0,0,0,0,0,0,0,0,0,0,0,64,191,255,255,255,255,255,191,64,128,64,128,255,255,255,255,128,0,0,0,0,0,0,0,0,0,0,0,0,128,255,255,255,255,255,255,255,255,255,255,255,255,255,64,0,0,0,0,0,0,0,0,0,0,0,0,0,0,128,255,255,255,255,255,255,255,255,255,255,255,191,0,0,0,0,0,0,0,0,0,0,0,0,0,0,0,0,64,191,255,255,255,255,255,255,255,191,128,0,0,0,0,0,0,0,0,0,0,0,0,0,0,0,0,0,0,0,128,64,0,128,191,128,128,0,0,0,0,0,0,0,0,0,0,0,0,0,0,0,0,0,0,0,0,0,0,0,0,0,0,0,0,0,0,0,0,0,0,0,0,0,0,0,0,0,0,0,0,0,0,0,0,0,0,0,0,0,0,0,0,0,0,0,0,0,0,0,0,0,0,0,0,0,0,0,0,0,0,0,0,0,0,0,0,0,0,0,0,0,0,0,0,0,0,0,0,0,0,0,0,0,0,0,0,0,0,0,0,0,0,0,0,0,0,0,0,0,0,0,0,0,0,0,0,0,0,0,0,0,0,0,0,0,0,0,0,0,0,0,0,0,0,0,0,0,0,0,0,0,0,0,0
6,0,0,0,0,0,0,0,0,0,0,0,0,0,0,0,0,0,0,0,0,0,0,0,0,0,0,0,0,0,0,0,0,0,0,0,0,0,0,0,0,0,0,0,0,0,0,0,0,0,0,0,0,0,0,0,0,0,0,0,0,0,0,0,0,0,0,0,0,0,0,0,0,0,0,0,0,0,0,0,0,0,0,0,0,0,0,0,0,0,0,0,0,0,0,0,0,62,214,253,193,30,0,0,0,0,0,0,0,0,0,0,0,0,0,0,0,0,0,0,0,0,0,0,82,223,253,252,253,50,0,0,0,0,0,0,0,0,0,0,0,0,0,0,0,0,0,0,0,0,0,41,214,253,254,253,123,0,0,0,0,0,0,0,0,0,0,0,0,0,0,0,0,0,0,0,0,0,21,223,253,252,233,70,0,0,0,0,0,0,0,0,0,0,0,0,0,0,0,0,0,0,0,0,0,0,173,253,254,233,82,0,0,0,0,0,0,0,0,0,0,0,0,0,0,0,0,0,0,0,0,0,0,123,253,252,253,111,0,0,0,0,0,0,0,0,0,0,0,0,0,0,0,0,0,0,0,0,0,0,31,233,254,253,142,0,0,0,0,0,0,0,0,0,0,0,0,0,0,0,0,0,0,0,0,0,0,0,92,252,253,252,61,0,0,0,0,0,0,0,0,0,0,0,0,0,0,0,0,0,0,0,0,0,0,0,152,253,254,172,0,0,0,0,0,0,0,0,0,0,0,0,0,0,0,0,0,0,0,0,0,0,0,41,233,252,253,50,0,0,0,0,0,0,0,41,102,102,41,0,0,0,0,0,0,0,0,0,0,0,0,102,254,253,254,50,0,0,0,0,11,132,254,253,254,253,254,172,21,0,0,0,0,0,0,0,0,0,0,20,253,252,253,50,0,0,0,41,213,252,253,252,253,252,253,252,102,0,0,0,0,0,0,0,0,0,0,0,254,253,254,50,0,0,51,233,254,253,254,172,132,253,254,253,102,0,0,0,0,0,0,0,0,0,0,0,213,252,253,91,0,82,233,252,253,212,91,10,92,252,253,252,102,0,0,0,0,0,0,0,0,0,0,0,152,253,254,253,113,193,254,253,224,20,0,62,254,253,254,233,0,0,0,0,0,0,0,0,0,0,0,0,71,252,253,252,253,252,253,252,81,0,82,223,253,252,253,70,0,0,0,0,0,0,0,0,0,0,0,0,21,183,255,253,254,253,254,253,254,253,254,253,254,253,123,0,0,0,0,0,0,0,0,0,0,0,0,0,0,0,112,192,253,252,253,252,253,252,253,252,253,171,0,0,0,0,0,0,0,0,0,0,0,0,0,0,0,0,0,0,82,243,254,253,254,253,224,102,82,0,0,0,0,0,0,0,0,0,0,0,0,0,0,0,0,0,0,0,0,40,253,252,131,50,40,0,0,0,0,0,0,0,0,0,0,0,0,0,0,0,0,0,0,0,0,0,0,0,0,0,0,0,0,0,0,0,0,0,0,0,0,0,0,0,0,0,0,0,0,0,0,0,0,0,0,0,0,0,0,0,0,0,0,0,0,0,0,0,0,0,0,0,0,0,0,0,0,0,0,0,0,0,0,0,0,0,0,0,0,0,0,0,0,0,0,0,0,0,0,0,0,0,0,0,0,0,0,0,0,0,0,0,0,0,0,0,0,0,0,0,0,0,0,0,0,0,0,0,0,0,0,0,0,0,0,0,0,0,0,0,0,0,0,0,0,0,0,0,0,0,0,0,0,0,0
3,0,0,0,0,0,0,0,0,0,0,0,0,0,0,0,0,0,0,0,0,0,0,0,0,0,0,0,0,0,0,0,0,0,0,0,0,0,0,0,0,0,0,0,0,0,0,0,0,0,0,0,0,0,0,0,0,0,0,0,0,0,0,0,0,0,0,0,0,0,0,0,0,0,0,0,0,0,0,0,0,0,0,0,0,0,0,0,0,0,0,0,0,0,0,0,0,0,0,0,0,0,0,0,0,0,0,0,0,0,0,0,0,0,0,0,0,0,0,0,0,0,0,0,0,0,0,0,0,0,0,0,0,0,0,0,0,0,0,0,0,0,0,0,0,0,0,0,0,0,0,0,0,0,0,0,0,0,0,0,0,0,0,0,0,0,0,0,0,0,0,0,0,0,0,0,0,8,34,34,120,220,129,34,52,21,29,0,0,0,0,0,0,0,0,0,0,0,0,0,0,0,0,0,122,193,252,252,252,252,219,220,142,222,243,176,176,92,0,0,0,0,0,0,0,0,0,0,0,0,29,192,251,252,252,252,252,252,252,205,233,252,252,231,231,131,92,0,0,0,0,0,0,0,0,0,0,0,0,200,241,206,121,116,30,121,121,121,121,168,123,112,198,194,204,242,31,0,0,0,0,0,0,0,0,0,0,35,42,0,0,0,0,0,0,0,0,0,23,233,185,252,252,252,57,0,0,0,0,0,0,0,0,0,0,0,0,0,0,0,0,0,0,0,0,0,147,252,252,252,252,252,104,0,0,0,0,0,0,0,0,0,0,0,0,0,0,59,7,60,60,21,74,213,247,252,244,246,241,127,3,0,0,0,0,0,0,0,0,0,0,0,0,0,0,231,209,252,252,210,252,252,142,223,45,43,0,0,0,0,0,0,0,0,0,0,0,0,0,0,0,0,0,160,222,252,252,253,252,222,42,23,0,0,0,0,0,0,0,0,0,0,0,0,0,0,0,0,0,0,0,0,135,176,252,253,223,39,0,0,0,0,0,0,0,0,0,0,0,0,0,0,0,0,0,0,0,0,0,0,0,0,49,255,100,21,0,0,0,0,0,0,0,0,0,0,0,0,0,0,0,0,0,0,0,0,0,0,0,0,0,253,252,153,0,0,0,0,0,0,0,0,0,0,0,0,0,0,0,0,0,0,0,0,0,0,0,31,147,253,252,153,0,0,0,0,0,0,0,0,0,0,0,0,0,0,0,0,0,0,0,0,0,0,14,86,249,244,252,96,0,0,0,0,0,0,0,0,0,0,0,0,0,0,0,0,0,0,0,0,0,32,218,226,241,215,209,15,0,0,0,0,0,0,0,0,0,0,0,0,0,0,0,0,0,0,0,20,127,224,252,219,238,253,100,0,0,0,0,0,0,0,0,0,0,0,0,0,0,0,0,0,0,0,0,56,244,251,252,252,99,233,40,0,0,0,0,0,0,0,0,0,0,0,0,0,0,0,0,74,74,27,43,90,137,216,225,127,13,43,0,0,0,0,0,0,0,0,0,0,0,0,0,0,0,0,0,143,252,150,250,252,252,134,26,0,0,0,0,0,0,0,0,0,0,0,0,0,0,0,0,0,0,0,0,33,66,33,244,252,214,26,0,0,0,0,0,0,0,0,0,0,0,0,0,0,0,0,0,0,0,0,0,0,0,0,0,0,0,0,0,0,0,0,0,0,0,0,0,0,0,0,0,0,0,0,0,0,0,0,0,0,0,0,0,0,0,0,0,0,0,0,0,0,0,0,0,0,0,0,0,0,0,0,0
8,0,0,0,0,0,0,0,0,0,0,0,0,0,0,0,0,0,0,0,0,0,0,0,0,0,0,0,0,0,0,0,0,0,0,0,0,0,0,0,0,0,0,0,0,0,0,0,0,0,0,0,0,0,0,0,0,0,0,0,0,0,0,0,0,0,0,0,0,0,0,0,0,0,0,0,0,0,0,0,0,0,0,0,0,0,0,0,0,0,0,0,0,0,0,0,0,0,0,0,0,0,0,0,0,0,0,0,0,0,0,0,0,0,0,0,0,0,0,0,0,0,0,0,0,0,0,0,0,0,0,0,0,0,0,0,0,0,0,0,0,0,0,0,0,0,0,0,0,0,0,0,0,0,0,0,0,0,0,0,0,0,0,0,0,0,0,0,0,0,0,0,0,0,0,0,0,0,0,64,128,255,255,255,255,255,255,255,191,128,0,0,0,0,0,0,0,0,0,0,0,0,0,0,0,64,255,255,255,255,255,255,255,255,255,255,255,255,128,0,0,0,0,0,0,0,0,0,0,0,0,0,0,255,255,255,255,128,128,128,0,64,128,128,191,255,255,0,0,0,0,0,0,0,0,0,0,0,0,0,128,255,255,255,255,255,191,128,0,0,0,0,191,255,255,0,0,0,0,0,0,0,0,0,0,0,0,0,0,255,255,255,255,255,255,255,191,64,0,191,255,255,64,0,0,0,0,0,0,0,0,0,0,0,0,0,0,64,255,255,255,255,255,255,255,191,191,255,255,191,0,0,0,0,0,0,0,0,0,0,0,0,0,0,0,0,0,128,255,255,255,255,255,255,255,255,191,0,0,0,0,0,0,0,0,0,0,0,0,0,0,0,0,0,0,0,0,0,128,255,255,255,255,255,128,0,0,0,0,0,0,0,0,0,0,0,0,0,0,0,0,0,0,0,0,0,191,255,255,255,255,255,64,0,0,0,0,0,0,0,0,0,0,0,0,0,0,0,0,0,0,0,0,64,255,255,191,191,255,255,128,0,0,0,0,0,0,0,0,0,0,0,0,0,0,0,0,0,0,0,64,255,255,191,0,0,255,255,128,0,0,0,0,0,0,0,0,0,0,0,0,0,0,0,0,0,0,64,255,255,128,0,0,0,255,255,128,0,0,0,0,0,0,0,0,0,0,0,0,0,0,0,0,0,0,191,255,191,0,0,0,0,255,255,128,0,0,0,0,0,0,0,0,0,0,0,0,0,0,0,0,0,128,255,255,0,0,0,0,0,255,255,0,0,0,0,0,0,0,0,0,0,0,0,0,0,0,0,0,0,191,255,255,0,0,0,0,64,255,191,0,0,0,0,0,0,0,0,0,0,0,0,0,0,0,0,0,0,255,255,128,0,0,0,0,128,255,0,0,0,0,0,0,0,0,0,0,0,0,0,0,0,0,0,0,0,255,255,191,0,0,0,128,255,255,0,0,0,0,0,0,0,0,0,0,0,0,0,0,0,0,0,0,0,128,255,255,191,128,191,255,255,191,0,0,0,0,0,0,0,0,0,0,0,0,0,0,0,0,0,0,0,0,255,255,255,255,255,255,191,0,0,0,0,0,0,0,0,0,0,0,0,0,0,0,0,0,0,0,0,0,0,128,255,255,255,128,0,0,0,0,0,0,0,0,0,0,0,0,0,0,0,0,0,0,0,0,0,0,0,0,0,0,0,0,0,0,0,0,0,0,0,0,0,0,0,0,0,0,0,0,0,0,0,0,0,0,0,0,0,0,0,0,0,0,0,0,0,0,0,0,0,0,0,0
8,0,0,0,0,0,0,0,0,0,0,0,0,0,0,0,0,0,0,0,0,0,0,0,0,0,0,0,0,0,0,0,0,0,0,0,0,0,0,0,0,0,0,0,0,0,0,0,0,0,0,0,0,0,0,0,0,0,0,0,0,0,0,0,0,0,0,0,0,0,0,0,0,0,0,0,0,0,0,0,0,0,0,0,0,0,0,0,0,0,0,0,0,0,0,0,0,0,0,0,0,0,0,0,0,0,0,0,0,0,0,0,0,0,0,0,0,0,0,0,0,0,0,0,0,0,0,0,0,0,0,0,0,0,0,0,0,0,0,0,0,0,0,0,0,0,0,0,0,0,0,0,0,12,134,214,255,195,115,22,0,0,0,0,0,0,0,0,0,0,0,0,0,0,0,0,0,0,0,0,6,175,253,253,253,215,253,224,165,86,0,0,0,0,0,0,0,0,0,0,0,0,0,0,0,0,0,0,116,253,236,93,10,6,125,222,253,253,216,78,0,0,0,0,0,0,0,0,0,0,0,0,0,0,0,0,120,253,111,0,0,0,0,9,67,235,253,139,0,0,0,0,0,0,0,0,0,0,0,0,0,0,0,0,120,253,52,0,0,0,0,0,0,228,253,139,0,0,0,0,0,0,0,0,0,0,0,0,0,0,0,0,90,253,144,0,0,0,0,0,53,236,253,67,0,0,0,0,0,0,0,0,0,0,0,0,0,0,0,0,9,212,151,0,7,0,6,84,245,252,98,5,0,0,0,0,0,0,0,0,0,0,0,0,0,0,0,0,11,223,252,166,202,107,171,253,253,97,0,0,0,0,0,0,0,0,0,0,0,0,0,0,0,0,0,34,160,253,253,253,253,253,253,236,71,4,0,0,0,0,0,0,0,0,0,0,0,0,0,0,0,0,102,224,253,253,253,232,233,253,178,6,0,0,0,0,0,0,0,0,0,0,0,0,0,0,0,0,0,33,241,253,207,179,253,253,253,180,13,0,0,0,0,0,0,0,0,0,0,0,0,0,0,0,0,0,21,223,253,123,3,27,230,253,253,167,0,0,0,0,0,0,0,0,0,0,0,0,0,0,0,0,0,0,37,253,234,19,0,0,99,253,101,52,0,0,0,0,0,0,0,0,0,0,0,0,0,0,0,0,0,0,134,253,227,0,0,0,6,253,51,0,0,0,0,0,0,0,0,0,0,0,0,0,0,0,0,0,0,0,140,253,153,0,0,0,6,253,51,0,0,0,0,0,0,0,0,0,0,0,0,0,0,0,0,0,0,0,90,253,132,0,0,0,6,253,144,0,0,0,0,0,0,0,0,0,0,0,0,0,0,0,0,0,0,0,37,253,245,53,0,0,33,253,128,0,0,0,0,0,0,0,0,0,0,0,0,0,0,0,0,0,0,0,21,219,253,156,23,11,157,253,51,0,0,0,0,0,0,0,0,0,0,0,0,0,0,0,0,0,0,0,0,31,241,253,253,253,253,197,19,0,0,0,0,0,0,0,0,0,0,0,0,0,0,0,0,0,0,0,0,0,53,179,253,253,164,18,0,0,0,0,0,0,0,0,0,0,0,0,0,0,0,0,0,0,0,0,0,0,0,0,0,0,0,0,0,0,0,0,0,0,0,0,0,0,0,0,0,0,0,0,0,0,0,0,0,0,0,0,0,0,0,0,0,0,0,0,0,0,0,0,0,0,0,0,0,0,0,0,0,0,0,0,0,0,0,0,0,0,0,0,0,0,0,0,0,0,0,0,0,0,0,0,0
2,0,0,0,0,0,0,0,0,0,0,0,0,0,0,0,0,0,0,0,0,0,0,0,0,0,0,0,0,0,0,0,0,0,0,0,0,0,0,0,0,0,0,0,0,0,0,0,0,0,0,0,0,0,0,0,0,0,0,0,0,0,0,0,0,0,0,0,0,0,0,0,0,0,0,0,0,0,0,0,0,0,0,0,0,0,0,0,0,0,0,0,0,0,0,0,0,0,0,0,0,0,0,0,0,0,0,0,0,0,0,0,0,0,0,0,0,0,0,0,0,0,0,0,0,0,0,0,0,0,0,0,0,0,0,0,0,0,0,0,0,0,0,0,0,0,0,0,0,0,0,0,5,7,7,7,7,2,0,0,0,0,0,0,0,0,0,0,0,0,0,0,0,0,0,0,0,8,90,137,215,254,254,254,254,162,27,0,0,0,0,0,0,0,0,0,0,0,0,0,0,0,0,17,143,209,254,254,254,254,254,254,254,254,126,4,0,0,0,0,0,0,0,0,0,0,0,0,0,0,16,206,254,254,254,239,147,105,105,105,206,254,254,55,0,0,0,0,0,0,0,0,0,0,0,0,0,0,207,254,254,236,208,36,0,0,0,0,69,254,254,167,0,0,0,0,0,0,0,0,0,0,0,0,0,0,176,254,233,90,0,0,0,0,0,0,69,254,254,167,0,0,0,0,0,0,0,0,0,0,0,0,0,0,45,87,38,0,0,0,0,0,0,0,151,254,254,167,0,0,0,0,0,0,0,0,0,0,0,0,0,0,0,0,0,0,0,0,0,0,0,0,193,254,254,167,0,0,0,0,0,0,0,0,0,0,0,0,0,0,0,0,0,0,0,0,0,0,0,72,237,254,254,79,0,0,0,0,0,0,0,0,0,0,0,0,0,0,0,0,0,0,0,0,0,0,0,187,254,254,164,12,0,0,0,0,0,0,0,0,0,0,0,0,0,0,0,0,0,0,0,0,0,0,43,238,254,254,49,0,0,0,0,0,0,0,0,0,0,0,0,0,0,0,0,0,0,0,0,0,0,15,175,254,254,159,11,0,0,0,0,0,0,0,0,0,0,0,0,0,0,0,0,0,0,0,0,0,0,90,254,254,199,11,0,0,0,0,0,0,0,0,0,0,0,0,0,0,0,0,0,0,0,0,0,0,140,241,254,254,143,0,0,0,0,0,37,88,145,212,0,0,0,0,0,0,0,0,0,0,0,0,12,113,242,254,254,254,132,94,94,136,218,218,233,254,211,100,0,0,0,0,0,0,0,0,0,0,0,0,81,254,254,254,254,254,254,254,254,254,254,254,164,154,22,0,0,0,0,0,0,0,0,0,0,0,0,0,156,254,254,255,254,254,254,254,254,166,103,24,3,0,0,0,0,0,0,0,0,0,0,0,0,0,0,0,40,254,254,254,254,227,142,106,18,3,0,0,0,0,0,0,0,0,0,0,0,0,0,0,0,0,0,0,2,30,115,73,12,9,0,0,0,0,0,0,0,0,0,0,0,0,0,0,0,0,0,0,0,0,0,0,0,0,0,0,0,0,0,0,0,0,0,0,0,0,0,0,0,0,0,0,0,0,0,0,0,0,0,0,0,0,0,0,0,0,0,0,0,0,0,0,0,0,0,0,0,0,0,0,0,0,0,0,0,0,0,0,0,0,0,0,0,0,0,0,0,0,0,0,0,0,0,0,0,0,0,0,0,0,0,0,0,0,0,0,0,0,0,0,0,0,0,0,0,0,0,0,0,0,0,0,0,0,0
7,0,0,0,0,0,0,0,0,0,0,0,0,0,0,0,0,0,0,0,0,0,0,0,0,0,0,0,0,0,0,0,0,0,0,0,0,0,0,0,0,0,0,0,0,0,0,0,0,0,0,0,0,0,0,0,0,0,0,0,0,0,0,0,0,0,0,0,0,0,0,0,0,0,0,0,0,0,0,0,0,0,0,0,0,0,0,0,0,0,0,0,0,0,0,0,0,0,0,0,0,0,0,0,0,0,0,0,0,0,0,0,0,0,0,0,0,0,0,0,0,0,0,0,0,0,0,0,0,0,0,0,0,0,0,0,0,0,0,0,0,0,0,0,0,0,0,0,0,0,0,0,0,0,0,0,0,0,0,0,0,0,0,0,0,0,0,0,0,0,0,0,0,0,0,0,0,0,0,0,128,128,128,128,128,128,128,128,191,255,128,64,0,0,0,0,0,0,0,0,0,0,0,0,0,0,191,255,255,255,255,255,255,255,255,255,255,255,255,255,0,0,0,0,0,0,0,0,0,0,0,0,0,0,255,255,255,255,255,255,255,255,255,255,255,255,255,191,0,0,0,0,0,0,0,0,0,0,0,0,0,0,128,191,128,128,128,128,64,128,128,191,255,255,255,64,0,0,0,0,0,0,0,0,0,0,0,0,0,0,0,0,0,0,0,0,0,0,0,191,255,255,128,0,0,0,0,0,0,0,0,0,0,0,0,0,0,0,0,0,0,0,0,0,0,0,191,255,255,191,0,0,0,0,0,0,0,0,0,0,0,0,0,0,0,0,0,0,0,0,0,0,0,128,255,255,255,0,0,0,0,0,0,0,0,0,0,0,0,0,0,0,0,0,0,0,0,0,0,0,191,255,255,255,255,255,191,128,0,0,0,0,0,0,0,0,0,0,0,0,0,0,64,128,128,128,191,255,255,255,255,255,255,128,64,0,0,0,0,0,0,0,0,0,0,0,0,0,64,255,255,255,255,255,255,255,255,255,191,128,0,0,0,0,0,0,0,0,0,0,0,0,0,0,0,0,128,255,255,255,255,255,255,255,255,255,0,0,0,0,0,0,0,0,0,0,0,0,0,0,0,0,0,0,0,191,255,64,0,128,255,255,255,64,0,0,0,0,0,0,0,0,0,0,0,0,0,0,0,0,0,0,0,0,191,0,0,191,255,255,64,0,0,0,0,0,0,0,0,0,0,0,0,0,0,0,0,0,0,0,0,64,191,0,191,255,255,128,0,0,0,0,0,0,0,0,0,0,0,0,0,0,0,0,0,0,0,0,0,255,128,64,255,255,191,0,0,0,0,0,0,0,0,0,0,0,0,0,0,0,0,0,0,0,0,0,64,255,64,191,255,191,0,0,0,0,0,0,0,0,0,0,0,0,0,0,0,0,0,0,0,0,0,64,255,191,255,255,191,64,0,0,0,0,0,0,0,0,0,0,0,0,0,0,0,0,0,0,0,0,0,128,255,255,255,255,0,0,0,0,0,0,0,0,0,0,0,0,0,0,0,0,0,0,0,0,0,0,0,128,255,255,191,0,0,0,0,0,0,0,0,0,0,0,0,0,0,0,0,0,0,0,0,0,0,0,0,128,255,191,64,0,0,0,0,0,0,0,0,0,0,0,0,0,0,0,0,0,0,0,0,0,0,0,0,0,0,0,0,0,0,0,0,0,0,0,0,0,0,0,0,0,0,0,0,0,0,0,0,0,0,0,0,0,0,0,0,0,0,0,0,0,0,0,0,0,0,0,0,0,0,0,0,0,0
5,0,0,0,0,0,0,0,0,0,0,0,0,0,0,0,0,0,0,0,0,0,0,0,0,0,0,0,0,0,0,0,0,0,0,0,0,0,0,0,0,0,0,0,0,0,0,0,0,0,0,0,0,0,0,0,0,0,0,0,0,0,0,0,0,0,0,0,0,0,0,0,0,0,0,0,0,0,0,0,0,0,0,0,0,0,0,0,0,0,0,0,0,0,0,0,0,0,0,0,0,0,0,0,0,0,0,0,0,0,0,0,0,0,0,0,0,0,0,0,0,0,0,0,0,0,0,0,0,0,0,0,0,0,0,0,0,0,0,0,0,0,0,0,0,0,0,0,0,0,0,0,0,0,94,129,170,63,0,0,0,0,0,0,0,0,0,0,0,0,0,0,0,0,0,0,0,0,21,94,217,218,247,252,252,238,217,196,31,0,0,0,0,0,0,0,0,0,0,0,0,0,0,0,21,37,181,252,252,253,252,226,154,253,252,252,211,0,0,0,0,0,0,0,0,0,0,0,0,0,0,21,206,252,252,252,252,253,252,132,0,253,168,252,252,0,0,0,0,0,0,0,0,0,0,0,0,0,0,181,252,252,252,236,143,83,0,0,0,0,0,104,143,0,0,0,0,0,0,0,0,0,0,0,0,0,0,181,252,252,252,174,0,0,0,0,0,0,0,0,0,0,0,0,0,0,0,0,0,0,0,0,0,0,0,72,236,252,252,175,0,0,0,0,0,0,0,0,0,0,0,0,0,0,0,0,0,0,0,0,0,0,0,0,144,252,252,236,144,0,0,0,0,0,0,0,0,0,0,0,0,0,0,0,0,0,0,0,0,0,0,0,1,144,238,253,253,255,253,232,47,0,0,0,0,0,0,0,0,0,0,0,0,0,0,0,0,0,0,0,0,0,72,231,252,253,252,252,232,73,10,0,0,0,0,0,0,0,0,0,0,0,0,0,0,0,0,0,0,0,0,72,215,232,252,252,252,253,190,72,0,0,0,0,0,0,0,0,0,0,0,0,0,0,0,0,0,0,0,0,0,47,148,252,252,253,252,236,62,0,0,0,0,0,0,0,0,0,0,0,0,0,0,0,0,0,0,0,0,0,0,84,84,255,253,253,253,110,15,0,0,0,0,0,0,0,0,0,0,0,0,0,0,0,0,0,0,0,0,0,0,35,159,231,252,253,159,0,0,0,0,0,0,0,0,0,0,0,0,0,0,0,0,0,0,0,0,0,0,0,0,181,252,253,179,0,0,0,0,0,0,0,0,0,0,0,0,0,0,0,0,0,0,0,0,0,0,0,42,221,252,253,179,0,0,0,0,0,0,0,0,0,0,0,0,0,0,0,0,0,0,0,0,0,63,171,253,253,253,208,20,0,0,0,0,0,0,0,0,0,0,0,0,0,1,176,217,196,155,218,93,176,237,253,252,252,252,104,0,0,0,0,0,0,0,0,0,0,0,0,0,0,0,31,113,215,236,253,252,252,252,253,220,215,215,0,0,0,0,0,0,0,0,0,0,0,0,0,0,0,0,0,0,0,62,170,128,190,108,191,15,0,0,0,0,0,0,0,0,0,0,0,0,0,0,0,0,0,0,0,0,0,0,0,0,0,0,0,0,0,0,0,0,0,0,0,0,0,0,0,0,0,0,0,0,0,0,0,0,0,0,0,0,0,0,0,0,0,0,0,0,0,0,0,0,0,0,0,0,0,0,0,0,0,0,0,0,0,0,0,0,0,0,0,0,0,0,0,0,0,0,0,0,0,0
8,0,0,0,0,0,0,0,0,0,0,0,0,0,0,0,0,0,0,0,0,0,0,0,0,0,0,0,0,0,0,0,0,0,0,0,0,0,0,0,0,0,0,0,0,0,0,0,0,0,0,0,0,0,0,0,0,0,0,0,0,0,0,0,0,0,0,0,0,0,0,0,0,0,0,0,0,0,0,0,0,0,0,0,0,0,0,0,0,0,0,0,0,0,0,0,0,0,0,0,0,0,0,0,0,0,0,0,0,0,0,0,0,0,0,0,0,0,0,0,0,0,0,0,0,0,0,0,0,0,0,0,0,0,0,0,0,0,0,0,0,0,0,0,0,0,0,0,0,0,0,0,0,0,1,47,130,150,187,255,254,246,49,0,0,0,0,0,0,0,0,0,0,0,0,0,0,0,0,0,45,94,139,253,253,253,221,171,253,253,83,0,0,0,0,0,0,0,0,0,0,0,0,0,0,0,30,170,249,253,253,196,114,54,7,104,253,250,71,0,0,0,0,0,0,0,0,0,0,0,0,0,0,0,206,253,208,67,66,0,0,0,100,250,253,80,0,0,0,0,0,0,0,0,0,0,0,0,0,0,0,35,218,155,23,0,0,0,0,92,249,250,122,2,0,0,0,0,0,0,0,0,0,0,0,0,0,0,0,0,0,30,0,0,0,0,29,219,253,192,0,0,0,0,0,0,0,0,0,0,0,0,0,0,0,0,0,0,115,236,84,6,0,4,151,253,212,21,0,0,0,0,0,0,0,0,0,0,0,0,0,0,0,0,0,0,56,235,253,155,30,184,253,201,57,0,0,0,0,0,0,0,0,0,0,0,0,0,0,0,0,0,0,0,0,130,253,243,230,253,166,20,0,0,0,0,0,0,0,0,0,0,0,0,0,0,0,0,0,0,0,0,0,0,159,253,253,221,20,0,0,0,0,0,0,0,0,0,0,0,0,0,0,0,0,0,0,0,0,0,0,29,214,253,253,243,82,0,0,0,0,0,0,0,0,0,0,0,0,0,0,0,0,0,0,0,0,0,5,187,253,218,26,237,252,64,0,0,0,0,0,0,0,0,0,0,0,0,0,0,0,0,0,0,0,0,105,253,248,83,0,60,236,218,47,0,0,0,0,0,0,0,0,0,0,0,0,0,0,0,0,0,0,0,228,253,140,0,0,0,135,253,159,0,0,0,0,0,0,0,0,0,0,0,0,0,0,0,0,0,0,60,248,231,51,0,0,0,0,175,228,43,0,0,0,0,0,0,0,0,0,0,0,0,0,0,0,0,0,84,253,96,0,0,0,0,0,145,253,212,0,0,0,0,0,0,0,0,0,0,0,0,0,0,0,0,0,62,248,230,49,0,0,0,0,145,253,222,0,0,0,0,0,0,0,0,0,0,0,0,0,0,0,0,0,0,229,253,237,192,115,115,115,194,253,171,0,0,0,0,0,0,0,0,0,0,0,0,0,0,0,0,0,0,48,165,247,253,253,253,253,253,174,6,0,0,0,0,0,0,0,0,0,0,0,0,0,0,0,0,0,0,0,0,90,149,152,253,170,91,12,0,0,0,0,0,0,0,0,0,0,0,0,0,0,0,0,0,0,0,0,0,0,0,0,0,0,0,0,0,0,0,0,0,0,0,0,0,0,0,0,0,0,0,0,0,0,0,0,0,0,0,0,0,0,0,0,0,0,0,0,0,0,0,0,0,0,0,0,0,0,0,0,0,0,0,0,0,0,0,0,0,0,0,0,0,0,0,0,0,0,0,0,0,0
9,0,0,0,0,0,0,0,0,0,0,0,0,0,0,0,0,0,0,0,0,0,0,0,0,0,0,0,0,0,0,0,0,0,0,0,0,0,0,0,0,0,0,0,0,0,0,0,0,0,0,0,0,0,0,0,0,0,0,0,0,0,0,0,0,0,0,0,0,0,0,0,0,0,0,0,0,0,0,0,0,0,0,0,0,0,0,0,0,0,0,0,0,0,0,0,0,0,0,0,0,0,0,0,0,0,0,0,0,0,0,0,0,0,0,0,0,0,0,0,0,0,0,0,0,0,0,0,0,0,0,0,0,0,0,0,0,0,0,0,0,0,0,0,0,0,0,0,0,0,0,0,0,0,0,0,0,0,0,0,0,0,0,0,0,0,0,0,0,0,0,0,0,0,0,0,0,0,0,0,0,0,0,0,0,0,0,0,0,0,0,0,0,0,0,0,0,0,0,0,0,0,0,0,0,0,0,0,0,144,156,255,246,194,141,14,0,0,0,0,0,0,0,0,0,0,0,0,0,0,0,0,0,0,0,2,118,247,233,174,135,203,251,103,0,0,0,0,0,0,0,0,0,0,0,0,0,0,0,0,0,0,0,88,253,116,0,0,0,0,72,48,0,0,0,0,0,0,0,0,0,0,0,0,0,0,0,0,0,0,32,225,116,2,0,0,0,0,52,234,91,0,0,0,0,0,0,0,0,0,0,0,0,0,0,0,0,0,97,195,0,0,0,0,0,0,212,253,60,0,0,0,0,0,0,0,0,0,0,0,0,0,0,0,0,61,255,76,0,0,0,0,96,224,254,254,0,0,0,0,0,0,0,0,0,0,0,0,0,0,0,0,0,98,204,6,0,0,8,140,185,209,253,207,0,0,0,0,0,0,0,0,0,0,0,0,0,0,0,0,0,68,236,27,0,43,124,116,12,146,253,155,0,0,0,0,0,0,0,0,0,0,0,0,0,0,0,0,0,0,102,190,113,130,5,0,0,175,253,65,0,0,0,0,0,0,0,0,0,0,0,0,0,0,0,0,0,0,0,0,23,0,0,0,16,235,222,14,0,0,0,0,0,0,0,0,0,0,0,0,0,0,0,0,0,0,0,0,0,0,0,0,118,254,192,0,0,0,0,0,0,0,0,0,0,0,0,0,0,0,0,0,0,0,0,0,0,0,0,0,118,253,109,0,0,0,0,0,0,0,0,0,0,0,0,0,0,0,0,0,0,0,0,0,0,0,0,0,185,228,13,0,0,0,0,0,0,0,0,0,0,0,0,0,0,0,0,0,0,0,0,0,0,0,0,108,250,159,0,0,0,0,0,0,0,0,0,0,0,0,0,0,0,0,0,0,0,0,0,0,0,0,0,156,245,48,0,0,0,0,0,0,0,0,0,0,0,0,0,0,0,0,0,0,0,0,0,0,0,0,61,255,174,0,0,0,0,0,0,0,0,0,0,0,0,0,0,0,0,0,0,0,0,0,0,0,0,0,142,249,88,0,0,0,0,0,0,0,0,0,0,0,0,0,0,0,0,0,0,0,0,0,0,0,0,0,195,128,0,0,0,0,0,0,0,0,0,0,0,0,0,0,0,0,0,0,0,0,0,0,0,0,0,52,248,98,0,0,0,0,0,0,0,0,0,0,0,0,0,0,0,0,0,0,0,0,0,0,0,0,0,136,215,23,0,0,0,0,0,0,0,0,0,0,0,0,0,0,0,0,0,0,0,0,0,0,0,0,0,0,0,0,0,0,0,0,0,0,0,0,0,0,0,0,0
6,0,0,0,0,0,0,0,0,0,0,0,0,0,0,0,0,0,0,0,0,0,0,0,0,0,0,0,0,0,0,0,0,0,0,0,0,0,0,0,0,0,0,0,0,0,0,0,0,0,0,0,0,0,0,0,0,0,0,0,0,0,0,0,0,0,0,12,183,144,38,0,0,0,0,0,0,0,0,0,0,0,0,0,0,0,0,0,0,0,0,0,0,0,0,118,253,253,115,38,0,0,0,0,0,0,0,0,0,0,0,0,0,0,0,0,0,0,0,0,0,0,137,244,253,253,179,87,0,0,0,0,0,0,0,0,0,0,0,0,0,0,0,0,0,0,0,0,0,0,166,253,233,10,3,0,0,0,0,0,0,0,0,0,0,0,0,0,0,0,0,0,0,0,0,0,0,15,223,253,131,0,0,0,0,0,0,0,0,0,0,0,0,0,0,0,0,0,0,0,0,0,0,0,0,61,253,253,45,0,0,0,0,0,0,0,0,0,0,0,0,0,0,0,0,0,0,0,0,0,0,0,0,133,253,172,2,0,0,0,0,0,0,0,0,0,0,0,0,0,0,0,0,0,0,0,0,0,0,0,0,200,253,165,0,0,0,0,0,0,0,0,0,0,0,0,0,0,0,0,0,0,0,0,0,0,0,0,0,243,253,165,0,0,0,0,0,0,0,0,51,78,7,0,0,0,0,0,0,0,0,0,0,0,0,0,0,243,253,69,0,0,0,0,0,0,0,117,242,253,70,0,0,0,0,0,0,0,0,0,0,0,0,0,101,254,254,55,0,0,0,0,0,38,144,250,247,247,250,57,0,0,0,0,0,0,0,0,0,0,0,0,100,253,215,17,0,0,0,0,0,143,253,209,60,199,253,99,0,0,0,0,0,0,0,0,0,0,0,0,100,253,198,0,0,0,0,0,57,207,253,121,0,199,253,99,0,0,0,0,0,0,0,0,0,0,0,0,100,253,203,5,0,0,0,59,250,253,191,10,63,251,131,47,0,0,0,0,0,0,0,0,0,0,0,0,35,247,253,55,0,0,0,135,254,253,44,0,166,234,41,0,0,0,0,0,0,0,0,0,0,0,0,0,0,243,253,141,0,0,0,221,254,230,29,8,196,117,24,0,0,0,0,0,0,0,0,0,0,0,0,0,0,137,253,207,15,0,0,221,254,190,55,230,253,160,0,0,0,0,0,0,0,0,0,0,0,0,0,0,0,9,200,253,206,135,45,227,255,253,253,250,185,22,0,0,0,0,0,0,0,0,0,0,0,0,0,0,0,0,68,237,253,253,253,253,254,253,179,60,0,0,0,0,0,0,0,0,0,0,0,0,0,0,0,0,0,0,0,26,37,143,128,205,158,205,106,0,0,0,0,0,0,0,0,0,0,0,0,0,0,0,0,0,0,0,0,0,0,0,0,0,0,0,0,0,0,0,0,0,0,0,0,0,0,0,0,0,0,0,0,0,0,0,0,0,0,0,0,0,0,0,0,0,0,0,0,0,0,0,0,0,0,0,0,0,0,0,0,0,0,0,0,0,0,0,0,0,0,0,0,0,0,0,0,0,0,0,0,0,0,0,0,0,0,0,0,0,0,0,0,0,0,0,0,0,0,0,0,0,0,0,0,0,0,0,0,0,0,0,0,0,0,0,0,0,0,0,0,0,0,0,0,0,0,0,0,0,0,0,0,0,0,0,0,0,0,0,0,0,0,0,0,0,0,0,0,0,0,0,0,0,0,0,0,0,0,0,0,0,0,0,0,0,0
1,0,0,0,0,0,0,0,0,0,0,0,0,0,0,0,0,0,0,0,0,0,0,0,0,0,0,0,0,0,0,0,0,0,0,0,0,0,0,0,0,0,0,0,0,0,0,0,0,0,0,0,0,0,0,0,0,0,0,0,0,0,0,0,0,0,0,0,0,0,0,0,0,0,0,0,0,0,0,0,0,0,0,0,0,0,0,0,0,0,0,0,0,0,0,0,0,0,0,0,0,0,0,0,0,0,0,0,0,0,0,0,0,0,0,0,0,0,0,0,0,0,0,0,0,0,0,0,0,0,0,0,0,0,0,0,0,0,0,0,0,0,0,0,0,0,0,0,0,0,0,0,0,83,182,12,0,0,0,0,0,0,0,0,0,0,0,0,0,0,0,0,0,0,0,0,0,0,0,0,0,83,255,95,0,0,0,0,0,0,0,0,0,0,0,0,0,0,0,0,0,0,0,0,0,0,0,0,0,83,254,143,0,0,0,0,0,0,0,0,0,0,0,0,0,0,0,0,0,0,0,0,0,0,0,0,0,33,246,143,0,0,0,0,0,0,0,0,0,0,0,0,0,0,0,0,0,0,0,0,0,0,0,0,0,0,241,226,0,0,0,0,0,0,0,0,0,0,0,0,0,0,0,0,0,0,0,0,0,0,0,0,0,0,241,240,0,0,0,0,0,0,0,0,0,0,0,0,0,0,0,0,0,0,0,0,0,0,0,0,0,0,241,240,0,0,0,0,0,0,0,0,0,0,0,0,0,0,0,0,0,0,0,0,0,0,0,0,0,0,204,240,0,0,0,0,0,0,0,0,0,0,0,0,0,0,0,0,0,0,0,0,0,0,0,0,0,0,210,240,0,0,0,0,0,0,0,0,0,0,0,0,0,0,0,0,0,0,0,0,0,0,0,0,0,0,144,240,0,0,0,0,0,0,0,0,0,0,0,0,0,0,0,0,0,0,0,0,0,0,0,0,0,0,144,240,0,0,0,0,0,0,0,0,0,0,0,0,0,0,0,0,0,0,0,0,0,0,0,0,0,0,144,240,0,0,0,0,0,0,0,0,0,0,0,0,0,0,0,0,0,0,0,0,0,0,0,0,0,0,56,248,45,0,0,0,0,0,0,0,0,0,0,0,0,0,0,0,0,0,0,0,0,0,0,0,0,0,49,254,82,0,0,0,0,0,0,0,0,0,0,0,0,0,0,0,0,0,0,0,0,0,0,0,0,0,49,254,82,0,0,0,0,0,0,0,0,0,0,0,0,0,0,0,0,0,0,0,0,0,0,0,0,0,49,254,82,0,0,0,0,0,0,0,0,0,0,0,0,0,0,0,0,0,0,0,0,0,0,0,0,0,49,254,82,0,0,0,0,0,0,0,0,0,0,0,0,0,0,0,0,0,0,0,0,0,0,0,0,0,49,254,82,0,0,0,0,0,0,0,0,0,0,0,0,0,0,0,0,0,0,0,0,0,0,0,0,0,42,248,82,0,0,0,0,0,0,0,0,0,0,0,0,0,0,0,0,0,0,0,0,0,0,0,0,0,0,165,51,0,0,0,0,0,0,0,0,0,0,0,0,0,0,0,0,0,0,0,0,0,0,0,0,0,0,0,0,0,0,0,0,0,0,0,0,0,0,0,0,0,0,0,0,0,0,0,0,0,0,0,0,0,0,0,0,0,0,0,0,0,0,0,0,0,0,0,0,0,0,0,0,0,0,0,0,0,0,0,0,0,0,0,0,0,0,0,0,0,0,0,0,0,0,0,0
8,0,0,0,0,0,0,0,0,0,0,0,0,0,0,0,0,0,0,0,0,0,0,0,0,0,0,0,0,0,0,0,0,0,0,0,0,0,0,0,0,0,0,0,0,0,0,0,0,0,0,0,0,0,0,0,0,0,0,0,0,0,0,0,0,0,0,0,0,0,0,0,0,0,0,0,0,0,0,0,0,0,0,0,0,0,0,0,0,0,0,0,0,0,0,0,0,0,0,0,0,0,0,0,0,0,0,0,0,0,0,0,0,0,0,0,0,0,0,0,0,0,0,0,0,0,0,0,0,0,0,0,0,0,0,0,0,0,0,0,0,0,0,0,0,0,0,0,0,0,0,0,0,0,0,0,0,0,25,111,206,68,0,0,0,0,0,0,0,0,0,0,0,0,0,0,0,0,0,0,0,0,0,6,6,54,230,254,254,209,13,0,0,0,0,0,0,0,0,0,0,0,0,0,0,0,0,0,0,36,103,218,218,221,254,209,236,254,120,0,0,0,0,0,0,0,0,0,0,0,0,0,0,0,0,23,154,239,254,254,254,254,254,245,243,254,120,0,0,0,0,0,0,0,0,0,0,0,0,0,0,0,23,206,254,254,254,254,254,237,243,176,203,254,120,0,0,0,0,0,0,0,0,0,0,0,0,0,0,3,136,254,254,226,147,125,85,56,23,94,252,254,69,0,0,0,0,0,0,0,0,0,0,0,0,0,0,94,254,244,97,4,0,0,0,21,134,254,254,254,53,0,0,0,0,0,0,0,0,0,0,0,0,0,0,121,254,241,68,41,41,41,162,244,254,254,254,155,54,0,0,0,0,0,0,0,0,0,0,0,0,0,0,121,254,254,254,254,254,254,254,254,254,201,99,18,0,0,0,0,0,0,0,0,0,0,0,0,0,0,0,2,103,230,254,254,254,254,254,254,254,226,18,0,0,0,0,0,0,0,0,0,0,0,0,0,0,0,0,0,0,40,227,254,254,254,254,254,254,254,30,0,0,0,0,0,0,0,0,0,0,0,0,0,0,0,0,0,18,199,254,254,254,243,194,194,245,254,53,0,0,0,0,0,0,0,0,0,0,0,0,0,0,0,0,0,82,254,254,215,117,73,0,0,209,254,214,0,0,0,0,0,0,0,0,0,0,0,0,0,0,0,0,6,197,254,254,87,0,0,0,0,88,254,229,0,0,0,0,0,0,0,0,0,0,0,0,0,0,0,0,110,254,254,213,8,0,0,0,0,16,254,242,37,0,0,0,0,0,0,0,0,0,0,0,0,0,0,0,121,254,245,77,0,0,0,0,0,47,254,247,51,0,0,0,0,0,0,0,0,0,0,0,0,0,0,0,121,254,252,90,2,0,0,15,59,229,254,162,0,0,0,0,0,0,0,0,0,0,0,0,0,0,0,0,39,226,254,254,178,91,91,197,254,254,254,69,0,0,0,0,0,0,0,0,0,0,0,0,0,0,0,0,0,36,223,254,254,254,254,254,254,216,115,2,0,0,0,0,0,0,0,0,0,0,0,0,0,0,0,0,0,0,40,227,254,254,254,173,92,9,0,0,0,0,0,0,0,0,0,0,0,0,0,0,0,0,0,0,0,0,0,0,0,0,0,0,0,0,0,0,0,0,0,0,0,0,0,0,0,0,0,0,0,0,0,0,0,0,0,0,0,0,0,0,0,0,0,0,0,0,0,0,0,0,0,0,0,0,0,0,0,0,0,0,0,0,0,0,0,0,0,0,0,0,0,0,0,0,0,0,0,0,0,0
4,0,0,0,0,0,0,0,0,0,0,0,0,0,0,0,0,0,0,0,0,0,0,0,0,0,0,0,0,0,0,0,0,0,0,0,0,0,0,0,0,0,0,0,0,0,0,0,0,0,0,0,0,0,0,0,0,0,0,0,0,0,0,0,0,0,0,0,0,0,0,0,0,0,0,0,0,0,0,0,0,0,0,0,0,0,0,0,0,0,0,0,0,0,0,0,0,0,0,0,0,0,0,0,0,0,0,0,0,0,0,0,0,0,0,0,0,0,0,0,0,0,0,0,0,0,0,0,0,0,0,0,0,0,0,0,0,0,0,0,0,0,0,0,0,25,80,202,80,11,0,0,0,0,0,0,0,0,0,0,0,0,0,0,0,0,0,0,0,0,0,0,0,80,254,254,254,62,82,0,0,0,0,0,0,0,0,0,0,0,0,0,0,0,0,0,0,0,0,0,0,80,254,254,254,121,131,0,0,0,0,0,0,0,93,239,92,62,15,0,0,0,0,0,0,0,0,0,0,80,254,254,254,254,131,0,0,0,0,0,0,0,230,254,254,254,61,0,0,0,0,0,0,0,0,0,0,80,254,254,254,247,109,0,0,0,0,0,0,0,230,254,254,254,61,0,0,0,0,0,0,0,0,0,0,80,254,254,254,232,64,0,0,0,0,0,0,0,230,254,254,254,146,0,0,0,0,0,0,0,0,0,0,80,254,254,254,254,143,6,0,0,0,0,0,0,230,254,254,254,249,110,0,0,0,0,0,0,0,0,0,80,254,254,254,254,254,52,0,0,0,0,0,0,230,254,254,254,237,0,0,0,0,0,0,0,0,0,0,77,251,254,254,254,254,199,185,185,185,185,185,185,242,254,254,254,250,115,0,0,0,0,0,0,0,0,0,0,159,254,254,254,254,254,254,254,254,254,254,254,78,254,254,254,254,157,0,0,0,0,0,0,0,0,0,0,55,244,254,254,254,254,254,254,254,254,254,155,62,254,254,254,254,157,0,0,0,0,0,0,0,0,0,0,0,67,254,254,254,254,254,252,208,208,13,3,54,254,254,254,254,157,0,0,0,0,0,0,0,0,0,0,0,26,105,235,254,254,254,246,37,36,0,0,22,182,254,254,254,157,0,0,0,0,0,0,0,0,0,0,0,0,0,22,25,25,25,24,0,0,0,0,0,132,254,254,254,157,0,0,0,0,0,0,0,0,0,0,0,0,0,0,0,0,0,0,0,0,0,0,0,132,254,254,254,208,41,0,0,0,0,0,0,0,0,0,0,0,0,0,0,0,0,0,0,0,0,0,0,132,254,254,254,254,78,0,0,0,0,0,0,0,0,0,0,0,0,0,0,0,0,0,0,0,0,0,0,73,235,255,254,254,78,0,0,0,0,0,0,0,0,0,0,0,0,0,0,0,0,0,0,0,0,0,0,0,212,254,254,254,78,0,0,0,0,0,0,0,0,0,0,0,0,0,0,0,0,0,0,0,0,0,0,0,212,254,248,157,49,0,0,0,0,0,0,0,0,0,0,0,0,0,0,0,0,0,0,0,0,0,0,0,90,254,237,0,0,0,0,0,0,0,0,0,0,0,0,0,0,0,0,0,0,0,0,0,0,0,0,0,0,0,0,0,0,0,0,0,0,0,0,0,0,0,0,0,0,0,0,0,0,0,0,0,0,0,0,0,0,0,0,0,0,0,0,0,0,0,0,0,0,0,0,0,0,0,0,0,0,0,0,0,0,0,0,0,0,0,0,0,0,0,0,0,0
1,0,0,0,0,0,0,0,0,0,0,0,0,0,0,0,0,0,0,0,0,0,0,0,0,0,0,0,0,0,0,0,0,0,0,0,0,0,0,0,0,0,0,0,0,0,0,0,0,0,0,0,0,0,0,0,0,0,0,0,0,0,0,0,0,0,0,0,0,0,0,0,0,0,0,0,0,0,0,0,0,0,0,0,0,0,0,0,0,0,0,0,0,0,0,0,0,0,0,0,0,0,0,0,0,0,0,0,0,0,0,0,0,0,0,0,0,0,0,0,0,0,0,0,0,57,225,96,0,0,0,0,0,0,0,0,0,0,0,0,0,0,0,0,0,0,0,0,0,0,0,0,0,57,254,223,36,0,0,0,0,0,0,0,0,0,0,0,0,0,0,0,0,0,0,0,0,0,0,0,0,57,254,254,179,0,0,0,0,0,0,0,0,0,0,0,0,0,0,0,0,0,0,0,0,0,0,0,0,24,215,254,224,29,0,0,0,0,0,0,0,0,0,0,0,0,0,0,0,0,0,0,0,0,0,0,0,0,187,254,254,49,0,0,0,0,0,0,0,0,0,0,0,0,0,0,0,0,0,0,0,0,0,0,0,0,187,254,254,49,0,0,0,0,0,0,0,0,0,0,0,0,0,0,0,0,0,0,0,0,0,0,0,0,187,254,254,49,0,0,0,0,0,0,0,0,0,0,0,0,0,0,0,0,0,0,0,0,0,0,0,12,200,254,254,49,0,0,0,0,0,0,0,0,0,0,0,0,0,0,0,0,0,0,0,0,0,0,0,57,254,254,254,49,0,0,0,0,0,0,0,0,0,0,0,0,0,0,0,0,0,0,0,0,0,0,0,57,254,254,254,49,0,0,0,0,0,0,0,0,0,0,0,0,0,0,0,0,0,0,0,0,0,0,0,57,254,254,234,36,0,0,0,0,0,0,0,0,0,0,0,0,0,0,0,0,0,0,0,0,0,0,0,57,254,254,179,0,0,0,0,0,0,0,0,0,0,0,0,0,0,0,0,0,0,0,0,0,0,0,0,57,254,254,216,24,0,0,0,0,0,0,0,0,0,0,0,0,0,0,0,0,0,0,0,0,0,0,0,57,254,254,179,0,0,0,0,0,0,0,0,0,0,0,0,0,0,0,0,0,0,0,0,0,0,0,0,103,254,254,179,0,0,0,0,0,0,0,0,0,0,0,0,0,0,0,0,0,0,0,0,0,0,0,20,210,254,254,179,0,0,0,0,0,0,0,0,0,0,0,0,0,0,0,0,0,0,0,0,0,0,0,50,254,254,255,67,0,0,0,0,0,0,0,0,0,0,0,0,0,0,0,0,0,0,0,0,0,0,0,50,254,254,254,55,0,0,0,0,0,0,0,0,0,0,0,0,0,0,0,0,0,0,0,0,0,0,0,50,254,254,254,55,0,0,0,0,0,0,0,0,0,0,0,0,0,0,0,0,0,0,0,0,0,0,0,1,94,221,187,2,0,0,0,0,0,0,0,0,0,0,0,0,0,0,0,0,0,0,0,0,0,0,0,0,0,0,0,0,0,0,0,0,0,0,0,0,0,0,0,0,0,0,0,0,0,0,0,0,0,0,0,0,0,0,0,0,0,0,0,0,0,0,0,0,0,0,0,0,0,0,0,0,0,0,0,0,0,0,0,0,0,0,0,0,0,0,0,0,0,0,0,0,0,0,0,0,0,0,0,0,0,0,0,0,0,0,0,0,0,0,0,0,0,0,0,0,0,0,0,0,0,0,0,0
2,0,0,0,0,0,0,0,0,0,0,0,0,0,0,0,0,0,0,0,0,0,0,0,0,0,0,0,0,0,0,0,0,0,0,0,0,0,0,0,0,0,0,0,0,0,0,0,0,0,0,0,0,0,0,0,0,0,0,0,0,0,0,0,0,0,0,0,0,0,0,0,0,0,0,0,0,0,0,0,0,0,0,0,0,0,0,0,0,0,0,0,0,0,0,0,0,0,64,128,255,255,191,128,0,0,0,0,0,0,0,0,0,0,0,0,0,0,0,0,0,0,0,0,191,255,255,255,255,255,255,255,255,128,0,0,0,0,0,0,0,0,0,0,0,0,0,0,0,0,0,191,255,191,191,128,128,128,128,191,255,255,128,0,0,0,0,0,0,0,0,0,0,0,0,0,0,0,0,64,0,0,0,0,0,0,0,0,255,255,128,0,0,0,0,0,0,0,0,0,0,0,0,0,0,0,0,0,0,0,0,0,0,0,0,0,255,255,64,0,0,0,0,0,0,0,0,0,0,0,0,0,0,0,0,0,0,0,0,0,0,0,0,64,255,255,0,0,0,0,0,0,0,0,0,0,0,0,0,0,0,0,0,0,0,0,0,0,0,0,0,191,255,128,0,0,0,0,0,0,0,0,0,0,0,0,0,0,0,0,0,0,0,0,0,0,0,0,128,255,255,64,0,0,0,0,0,0,0,0,0,0,0,0,0,0,0,0,0,0,0,0,0,0,0,0,191,255,191,0,0,0,0,0,0,0,0,0,0,0,0,0,0,0,0,0,0,0,0,0,0,0,0,191,255,255,0,0,0,0,0,0,0,0,0,0,0,0,0,0,0,0,0,0,0,0,0,0,0,0,64,255,255,64,0,0,0,0,0,0,0,0,0,0,0,0,0,0,0,0,0,0,0,0,0,0,0,64,255,191,64,0,0,0,0,0,0,0,0,0,0,0,0,0,0,0,0,0,0,0,0,0,0,0,0,191,255,0,0,0,0,0,0,0,0,0,0,0,0,0,0,0,0,0,0,0,0,0,0,0,0,64,255,191,64,0,0,0,0,0,0,0,0,0,0,0,0,0,0,0,0,0,0,0,64,64,128,128,128,255,255,64,0,0,0,0,0,0,0,0,0,0,0,0,0,0,0,0,0,0,64,191,255,255,255,255,255,255,128,0,0,0,0,0,0,0,0,0,0,0,0,0,0,0,0,0,0,64,255,255,128,0,191,255,255,255,255,64,0,0,0,0,0,0,0,0,0,0,0,0,0,0,0,0,0,255,255,255,64,191,255,191,64,191,255,255,255,128,64,0,0,0,0,0,0,0,0,0,0,0,0,0,0,255,255,255,255,255,128,0,0,0,128,255,255,255,255,255,128,128,128,0,0,0,0,0,0,0,0,0,0,64,191,255,191,64,0,0,0,0,0,0,0,128,128,191,191,191,191,0,0,0,0,0,0,0,0,0,0,0,0,0,0,0,0,0,0,0,0,0,0,0,0,0,0,0,0,0,0,0,0,0,0,0,0,0,0,0,0,0,0,0,0,0,0,0,0,0,0,0,0,0,0,0,0,0,0,0,0,0,0,0,0,0,0,0,0,0,0,0,0,0,0,0,0,0,0,0,0,0,0,0,0,0,0,0,0,0,0,0,0,0,0,0,0,0,0,0,0,0,0,0,0,0,0,0,0,0,0,0,0,0,0,0,0,0,0,0,0,0,0,0,0,0,0,0,0,0,0,0,0,0,0,0,0,0,0,0,0,0,0,0,0,0,0
5,0,0,0,0,0,0,0,0,0,0,0,0,0,0,0,0,0,0,0,0,0,0,0,0,0,0,0,0,0,0,0,0,0,0,0,0,0,0,0,0,0,0,0,0,0,0,0,0,0,0,0,0,0,0,0,0,0,0,0,0,0,0,0,0,0,0,0,0,0,0,0,0,0,0,0,0,0,0,0,0,0,0,0,0,0,0,0,0,0,0,0,0,0,0,0,0,0,0,0,0,0,0,0,0,0,0,0,0,0,0,0,0,0,0,0,0,0,0,0,0,0,0,0,8,134,255,180,41,0,0,0,0,0,0,0,0,0,0,0,0,0,0,0,0,0,0,0,0,0,0,0,178,253,253,253,183,119,6,0,0,0,0,0,0,0,0,0,0,0,0,0,0,0,0,0,0,0,0,0,200,251,130,156,212,253,184,64,26,0,0,0,0,0,0,0,0,0,0,0,0,0,0,0,0,0,0,0,27,245,230,0,43,182,242,253,212,0,0,0,0,0,0,0,0,0,0,0,0,0,0,0,0,0,0,0,0,243,188,0,0,0,39,47,45,0,0,0,0,0,0,0,0,0,0,0,0,0,0,0,0,0,0,0,95,252,216,0,0,0,0,0,0,0,0,0,0,0,0,0,0,0,0,0,0,0,0,0,0,0,0,0,110,253,114,0,0,0,0,0,0,0,0,0,0,0,0,0,0,0,0,0,0,0,0,0,0,0,0,0,225,247,0,0,0,0,0,0,0,0,0,0,0,0,0,0,0,0,0,0,0,0,0,0,0,0,0,57,243,247,0,0,0,0,0,0,0,0,0,0,0,0,0,0,0,0,0,0,0,0,0,0,0,0,0,89,253,247,0,0,0,0,0,0,0,0,0,0,0,0,0,0,0,0,0,0,0,0,0,0,0,0,0,89,253,247,0,0,0,0,0,0,0,0,0,0,0,0,0,0,0,0,0,0,0,0,0,0,0,0,0,89,253,247,54,95,178,213,114,53,0,0,0,0,0,0,0,0,0,0,0,0,0,0,0,0,0,0,0,197,253,253,243,253,253,253,253,243,165,0,0,0,0,0,0,0,0,0,0,0,0,0,0,0,0,0,0,202,253,253,247,167,124,124,124,176,253,165,5,0,0,0,0,0,0,0,0,0,0,0,0,0,0,0,0,37,106,106,47,0,0,0,0,14,249,253,88,0,0,0,0,0,0,0,0,0,0,0,0,0,0,0,0,0,0,0,0,0,0,0,0,113,253,234,31,0,0,0,0,0,0,0,0,0,0,0,0,0,0,0,0,0,0,0,0,0,0,20,164,214,250,112,0,0,0,0,0,0,0,0,0,0,0,0,0,0,0,0,0,0,0,0,0,0,20,190,253,253,164,0,0,0,0,0,0,0,0,0,0,0,0,0,0,0,0,0,0,0,0,53,163,219,227,253,169,101,1,0,0,0,0,0,0,0,0,0,0,0,0,0,0,0,0,0,0,0,0,11,201,253,226,100,3,0,0,0,0,0,0,0,0,0,0,0,0,0,0,0,0,0,0,0,0,0,0,0,0,0,0,0,0,0,0,0,0,0,0,0,0,0,0,0,0,0,0,0,0,0,0,0,0,0,0,0,0,0,0,0,0,0,0,0,0,0,0,0,0,0,0,0,0,0,0,0,0,0,0,0,0,0,0,0,0,0,0,0,0,0,0,0,0,0,0,0,0,0,0,0,0,0,0,0,0,0,0,0,0,0,0,0,0,0,0,0,0,0,0,0,0,0,0,0,0,0,0
9,0,0,0,0,0,0,0,0,0,0,0,0,0,0,0,0,0,0,0,0,0,0,0,0,0,0,0,0,0,0,0,0,0,0,0,0,0,0,0,0,0,0,0,0,0,0,0,0,0,0,0,0,0,0,0,0,0,0,0,0,0,0,0,0,0,0,0,0,0,0,0,0,0,0,0,0,0,0,0,0,0,0,0,0,0,0,0,0,0,0,0,0,0,0,0,0,0,0,0,0,0,0,0,0,0,0,0,0,0,0,0,0,0,0,0,0,0,0,0,0,0,0,0,0,0,0,0,0,0,0,0,0,0,0,0,0,0,0,0,0,0,0,0,0,0,0,0,0,0,23,167,254,254,255,215,91,13,0,0,0,0,0,0,0,0,0,0,0,0,0,0,0,0,0,0,0,57,205,253,227,177,177,205,253,182,15,0,0,0,0,0,0,0,0,0,0,0,0,0,0,0,0,0,20,218,253,206,21,0,0,12,97,253,140,5,0,0,0,0,0,0,0,0,0,0,0,0,0,0,0,0,44,253,178,0,0,0,0,0,22,253,253,29,0,0,0,0,0,0,0,0,0,0,0,0,0,0,0,0,125,253,134,0,0,0,0,0,22,253,253,119,0,0,0,0,0,0,0,0,0,0,0,0,0,0,0,0,151,253,134,0,0,0,0,0,3,176,253,119,0,0,0,0,0,0,0,0,0,0,0,0,0,0,0,0,151,253,134,0,0,0,0,0,0,168,253,119,0,0,0,0,0,0,0,0,0,0,0,0,0,0,0,0,115,253,218,0,0,0,0,0,0,122,253,201,0,0,0,0,0,0,0,0,0,0,0,0,0,0,0,0,4,188,253,145,17,2,7,13,128,246,253,228,6,0,0,0,0,0,0,0,0,0,0,0,0,0,0,0,0,30,214,253,253,170,201,234,193,92,223,253,104,0,0,0,0,0,0,0,0,0,0,0,0,0,0,0,0,0,25,75,161,161,93,54,4,0,121,253,188,0,0,0,0,0,0,0,0,0,0,0,0,0,0,0,0,0,0,0,0,0,0,0,0,0,48,248,188,0,0,0,0,0,0,0,0,0,0,0,0,0,0,0,0,0,0,0,0,0,0,0,0,0,0,172,204,10,0,0,0,0,0,0,0,0,0,0,0,0,0,0,0,0,0,0,0,0,0,0,0,0,0,135,253,85,0,0,0,0,0,0,0,0,0,0,0,0,0,0,0,0,0,0,10,3,0,0,0,0,0,135,253,139,0,0,0,0,0,0,0,0,0,0,0,0,0,0,0,0,0,62,178,16,0,0,0,0,0,163,253,43,0,0,0,0,0,0,0,0,0,0,0,0,0,0,0,0,10,237,167,0,0,0,0,0,40,248,199,8,0,0,0,0,0,0,0,0,0,0,0,0,0,0,0,0,1,145,252,196,118,33,33,33,164,253,244,37,0,0,0,0,0,0,0,0,0,0,0,0,0,0,0,0,0,15,158,218,253,253,253,253,253,246,90,0,0,0,0,0,0,0,0,0,0,0,0,0,0,0,0,0,0,0,0,19,84,253,253,253,165,38,0,0,0,0,0,0,0,0,0,0,0,0,0,0,0,0,0,0,0,0,0,0,0,0,0,0,0,0,0,0,0,0,0,0,0,0,0,0,0,0,0,0,0,0,0,0,0,0,0,0,0,0,0,0,0,0,0,0,0,0,0,0,0,0,0,0,0,0,0,0,0,0,0,0,0,0,0,0,0,0,0,0,0,0,0,0,0,0,0,0,0,0,0
1,0,0,0,0,0,0,0,0,0,0,0,0,0,0,0,0,0,0,0,0,0,0,0,0,0,0,0,0,0,0,0,0,0,0,0,0,0,0,0,0,0,0,0,0,0,0,0,0,0,0,0,0,0,0,0,0,0,0,0,0,0,0,0,0,0,0,0,0,0,0,0,0,0,0,0,0,0,0,0,0,0,0,0,0,0,0,0,0,0,0,0,0,0,0,0,0,0,0,0,0,0,0,0,0,0,0,0,0,0,0,0,0,0,0,0,0,0,0,0,0,0,0,0,0,0,0,0,0,0,13,184,255,91,0,0,0,0,0,0,0,0,0,0,0,0,0,0,0,0,0,0,0,0,0,0,0,0,64,253,177,34,0,0,0,0,0,0,0,0,0,0,0,0,0,0,0,0,0,0,0,0,0,0,0,29,221,238,0,0,0,0,0,0,0,0,0,0,0,0,0,0,0,0,0,0,0,0,0,0,0,0,0,105,254,144,0,0,0,0,0,0,0,0,0,0,0,0,0,0,0,0,0,0,0,0,0,0,0,0,15,188,236,28,0,0,0,0,0,0,0,0,0,0,0,0,0,0,0,0,0,0,0,0,0,0,0,0,152,253,182,0,0,0,0,0,0,0,0,0,0,0,0,0,0,0,0,0,0,0,0,0,0,0,0,32,251,216,26,0,0,0,0,0,0,0,0,0,0,0,0,0,0,0,0,0,0,0,0,0,0,0,0,150,253,148,0,0,0,0,0,0,0,0,0,0,0,0,0,0,0,0,0,0,0,0,0,0,0,0,15,217,235,54,0,0,0,0,0,0,0,0,0,0,0,0,0,0,0,0,0,0,0,0,0,0,0,0,100,254,144,0,0,0,0,0,0,0,0,0,0,0,0,0,0,0,0,0,0,0,0,0,0,0,0,0,220,254,104,0,0,0,0,0,0,0,0,0,0,0,0,0,0,0,0,0,0,0,0,0,0,0,0,0,240,254,81,0,0,0,0,0,0,0,0,0,0,0,0,0,0,0,0,0,0,0,0,0,0,0,0,118,251,173,1,0,0,0,0,0,0,0,0,0,0,0,0,0,0,0,0,0,0,0,0,0,0,0,0,184,253,93,0,0,0,0,0,0,0,0,0,0,0,0,0,0,0,0,0,0,0,0,0,0,0,0,15,218,169,7,0,0,0,0,0,0,0,0,0,0,0,0,0,0,0,0,0,0,0,0,0,0,0,0,101,253,114,0,0,0,0,0,0,0,0,0,0,0,0,0,0,0,0,0,0,0,0,0,0,0,0,0,130,254,115,0,0,0,0,0,0,0,0,0,0,0,0,0,0,0,0,0,0,0,0,0,0,0,0,0,165,254,114,0,0,0,0,0,0,0,0,0,0,0,0,0,0,0,0,0,0,0,0,0,0,0,0,0,172,254,193,128,2,0,0,0,0,0,0,0,0,0,0,0,0,0,0,0,0,0,0,0,0,0,0,0,40,226,253,120,0,0,0,0,0,0,0,0,0,0,0,0,0,0,0,0,0,0,0,0,0,0,0,0,0,0,0,0,0,0,0,0,0,0,0,0,0,0,0,0,0,0,0,0,0,0,0,0,0,0,0,0,0,0,0,0,0,0,0,0,0,0,0,0,0,0,0,0,0,0,0,0,0,0,0,0,0,0,0,0,0,0,0,0,0,0,0,0,0,0,0,0,0,0,0,0,0,0,0,0,0,0,0,0,0,0,0,0,0,0,0,0,0,0,0,0,0,0,0,0,0,0,0,0,0
9,0,0,0,0,0,0,0,0,0,0,0,0,0,0,0,0,0,0,0,0,0,0,0,0,0,0,0,0,0,0,0,0,0,0,0,0,0,0,0,0,0,0,0,0,0,0,0,0,0,0,0,0,0,0,0,0,0,0,0,0,0,0,0,0,0,0,0,0,0,0,0,0,0,0,0,0,0,0,0,0,0,0,0,0,0,0,0,0,0,0,0,0,0,0,0,0,0,0,0,0,0,0,0,0,0,0,0,0,0,0,0,0,0,0,0,0,0,0,0,0,0,0,0,0,0,0,0,0,0,0,0,0,0,0,0,0,0,0,0,0,0,0,0,0,0,0,0,0,0,0,0,0,0,0,0,0,0,0,0,0,0,0,0,0,0,0,0,0,0,0,0,0,0,0,0,0,0,0,10,163,254,254,134,63,0,0,0,0,0,0,0,0,0,0,0,0,0,0,0,0,0,0,0,0,0,42,233,253,253,253,254,243,67,0,0,0,0,0,0,0,0,0,0,0,0,0,0,0,0,0,0,0,9,156,253,239,165,96,254,253,222,30,0,0,0,0,0,0,0,0,0,0,0,0,0,0,0,0,0,0,142,253,253,76,0,0,85,158,253,237,83,12,0,0,0,0,0,0,0,0,0,0,0,0,0,0,0,0,182,253,192,10,0,0,0,7,155,253,253,146,0,0,0,0,0,0,0,0,0,0,0,0,0,0,0,38,236,253,76,0,0,0,0,7,156,253,253,88,0,0,0,0,0,0,0,0,0,0,0,0,0,0,0,10,195,253,146,0,0,0,0,124,253,253,253,60,0,0,0,0,0,0,0,0,0,0,0,0,0,0,0,0,182,253,241,31,0,0,116,238,253,253,253,60,0,0,0,0,0,0,0,0,0,0,0,0,0,0,0,0,129,253,253,187,110,110,243,243,160,253,253,60,0,0,0,0,0,0,0,0,0,0,0,0,0,0,0,0,3,138,253,253,253,253,191,62,37,253,253,60,0,0,0,0,0,0,0,0,0,0,0,0,0,0,0,0,0,0,41,122,122,6,0,0,158,255,223,29,0,0,0,0,0,0,0,0,0,0,0,0,0,0,0,0,0,0,0,0,0,0,0,0,157,253,193,0,0,0,0,0,0,0,0,0,0,0,0,0,0,0,0,0,0,0,0,0,0,0,0,4,171,253,193,0,0,0,0,0,0,0,0,0,0,0,0,0,0,0,0,0,0,0,0,0,0,0,0,25,253,253,112,0,0,0,0,0,0,0,0,0,0,0,0,0,0,0,0,0,0,0,0,0,0,0,0,25,253,253,72,0,0,0,0,0,0,0,0,0,0,0,0,0,0,0,0,0,0,0,0,0,0,0,0,25,253,253,72,0,0,0,0,0,0,0,0,0,0,0,0,0,0,0,0,0,0,0,0,0,0,0,0,25,253,253,72,0,0,0,0,0,0,0,0,0,0,0,0,0,0,0,0,0,0,0,0,0,0,0,0,25,253,253,119,0,0,0,0,0,0,0,0,0,0,0,0,0,0,0,0,0,0,0,0,0,0,0,0,25,253,253,193,0,0,0,0,0,0,0,0,0,0,0,0,0,0,0,0,0,0,0,0,0,0,0,0,13,132,190,43,0,0,0,0,0,0,0,0,0,0,0,0,0,0,0,0,0,0,0,0,0,0,0,0,0,0,0,0,0,0,0,0,0,0,0,0,0,0,0,0,0,0,0,0,0,0,0,0,0,0,0,0,0,0,0,0,0,0,0,0,0,0,0,0,0
7,0,0,0,0,0,0,0,0,0,0,0,0,0,0,0,0,0,0,0,0,0,0,0,0,0,0,0,0,0,0,0,0,0,0,0,0,0,0,0,0,0,0,0,0,0,0,0,0,0,0,0,0,0,0,0,0,0,0,0,0,0,0,0,0,0,0,0,0,0,0,0,0,0,0,0,0,0,0,0,0,0,0,0,0,0,0,0,0,0,0,0,0,0,0,0,0,0,0,0,0,0,0,0,0,0,0,0,0,0,0,0,0,0,0,0,0,0,0,0,0,0,0,0,0,0,0,0,0,0,0,0,0,0,0,0,0,0,0,0,0,0,0,0,0,0,0,0,0,0,0,0,0,0,0,0,0,0,0,0,0,0,0,0,0,0,0,0,0,0,0,0,0,0,0,0,0,0,0,0,0,0,0,0,0,0,0,0,0,0,0,0,0,0,0,0,0,0,0,10,67,67,119,160,160,160,206,184,161,160,122,22,0,0,0,0,0,0,0,0,0,0,0,0,0,0,157,230,254,254,254,254,254,254,254,254,254,254,254,235,226,149,53,0,0,0,0,0,0,0,0,0,0,0,247,254,172,150,63,56,56,112,195,216,56,139,153,244,249,254,235,122,9,0,0,0,0,0,0,0,0,0,22,133,40,0,0,0,0,0,0,63,0,0,0,0,47,131,254,254,234,20,0,0,0,0,0,0,0,0,0,0,0,0,0,0,0,0,0,0,0,0,0,0,0,2,82,252,254,170,0,0,0,0,0,0,0,0,0,0,0,0,0,0,0,0,0,0,0,0,0,0,0,0,0,127,254,254,0,0,0,0,0,0,0,0,0,0,0,0,0,0,0,0,0,0,0,0,0,0,0,0,0,57,254,254,0,0,0,0,0,0,0,0,0,0,0,0,0,0,0,0,0,0,0,0,0,0,0,0,0,57,254,254,0,0,0,0,0,0,0,0,0,0,0,0,0,0,0,0,0,0,0,0,0,0,0,0,0,68,254,254,0,0,0,0,0,0,0,0,0,0,0,0,0,0,0,0,0,0,0,0,0,0,0,0,0,186,254,218,0,0,0,0,0,0,0,0,0,0,0,0,0,0,0,0,0,0,0,0,0,0,0,0,54,251,255,135,0,0,0,0,0,0,0,0,0,0,0,0,0,0,0,0,0,0,0,0,0,0,0,0,100,254,239,32,0,0,0,0,0,0,0,0,0,0,0,0,0,0,0,0,0,0,0,0,0,0,0,54,237,254,222,0,0,0,0,0,0,0,0,0,0,0,0,0,0,0,0,0,0,0,0,0,0,0,0,114,254,237,58,0,0,0,0,0,0,0,0,0,0,0,0,0,0,0,0,0,0,0,0,0,0,0,27,226,254,179,0,0,0,0,0,0,0,0,0,0,0,0,0,0,0,0,0,0,0,0,0,0,0,0,125,254,247,61,0,0,0,0,0,0,0,0,0,0,0,0,0,0,0,0,0,0,0,0,0,0,0,0,208,254,169,0,0,0,0,0,0,0,0,0,0,0,0,0,0,0,0,0,0,0,0,0,0,0,0,29,242,254,147,0,0,0,0,0,0,0,0,0,0,0,0,0,0,0,0,0,0,0,0,0,0,0,0,29,242,254,121,0,0,0,0,0,0,0,0,0,0,0,0,0,0,0,0,0,0,0,0,0,0,0,0,0,201,254,133,0,0,0,0,0,0,0,0,0,0,0,0,0,0,0,0,0,0,0,0,0,0,0,0,0,0,0,0,0,0,0,0,0,0,0,0,0,0
5,0,0,0,0,0,0,0,0,0,0,0,0,0,0,0,0,0,0,0,0,0,0,0,0,0,0,0,0,0,0,0,0,0,0,0,0,0,0,0,0,0,0,0,0,0,0,0,0,0,0,0,0,0,0,0,0,0,0,0,0,0,0,0,0,0,0,0,0,0,0,0,0,0,0,0,0,0,0,0,0,0,0,0,0,0,0,0,0,0,0,0,0,0,0,0,0,0,0,0,0,0,0,0,0,0,0,0,0,0,0,0,0,0,0,0,0,0,0,0,0,0,0,0,0,0,0,0,0,0,0,0,0,0,0,0,0,0,0,0,0,0,0,0,0,0,0,0,0,0,0,0,0,0,0,0,0,0,0,0,0,0,0,0,0,0,0,0,0,0,0,0,0,0,0,0,0,0,0,0,0,0,0,0,0,0,0,0,0,0,0,0,0,0,0,0,0,0,0,0,0,0,0,0,0,0,0,0,0,0,0,0,0,0,0,0,0,0,0,0,0,0,0,0,0,0,0,0,0,0,0,0,0,0,0,0,0,0,0,0,0,0,0,0,0,0,0,0,0,0,0,0,0,0,0,0,0,0,0,0,0,0,0,9,48,73,98,27,0,0,0,0,6,48,48,48,48,83,103,58,33,0,0,0,0,0,0,0,0,0,8,174,254,254,255,230,119,143,143,223,227,254,254,254,255,206,190,190,180,0,0,0,0,0,0,0,0,0,32,239,85,214,254,219,174,174,174,121,85,16,16,16,16,4,0,0,0,0,0,0,0,0,0,0,0,16,210,147,0,0,0,0,0,0,0,0,0,0,0,0,0,0,0,0,0,0,0,0,0,0,0,0,0,215,230,12,0,0,0,0,0,0,0,0,0,0,0,0,0,0,0,0,0,0,0,0,0,0,0,0,0,240,197,0,0,0,0,0,0,0,0,0,0,0,0,0,0,0,0,0,0,0,0,0,0,0,0,0,0,111,250,107,0,0,0,0,0,0,0,0,0,0,0,0,0,0,0,0,0,0,0,0,0,0,0,0,0,6,139,251,105,0,0,0,0,0,0,0,0,0,0,0,0,0,0,0,0,0,0,0,0,0,0,0,0,0,10,137,254,130,0,0,0,0,0,0,0,0,0,0,0,0,0,0,0,0,0,0,0,0,0,0,0,0,0,12,160,254,95,0,0,0,0,0,0,0,0,0,0,0,0,0,0,0,0,0,0,0,0,0,0,0,0,0,12,186,174,0,0,0,0,0,0,0,0,0,0,0,0,0,0,0,0,0,0,0,0,0,0,0,0,0,0,100,239,0,0,0,0,0,0,0,0,0,0,0,0,0,0,0,0,0,0,0,0,0,0,0,0,0,40,243,214,0,0,0,0,0,0,0,0,0,0,0,0,0,0,0,0,0,0,0,0,0,0,71,175,96,220,250,75,0,0,0,0,0,0,0,0,0,0,0,0,0,0,0,0,0,0,0,0,0,0,86,254,254,236,78,0,0,0,0,0,0,0,0,0,0,0,0,0,0,0,0,0,0,0,0,0,0,0,8,127,112,21,0,0,0,0,0,0,0,0,0,0,0,0,0,0,0,0,0,0,0,0,0,0,0,0,0,0,0,0,0,0,0,0,0,0,0,0,0,0,0,0,0,0,0,0,0,0,0,0,0,0,0,0,0,0,0,0,0,0,0,0,0,0,0,0,0,0,0,0,0,0,0,0,0,0,0,0,0,0,0,0,0,0,0,0,0,0,0,0,0,0,0,0,0,0,0,0,0,0,0,0
4,0,0,0,0,0,0,0,0,0,0,0,0,0,0,0,0,0,0,0,0,0,0,0,0,0,0,0,0,0,0,0,0,0,0,0,0,0,0,0,0,0,0,0,0,0,0,0,0,0,0,0,0,0,0,0,0,0,0,0,0,0,0,0,0,0,0,0,0,0,0,0,0,0,0,0,0,0,0,0,0,0,0,0,0,0,0,0,0,0,0,0,0,0,0,0,0,0,0,0,0,0,0,0,0,0,0,0,0,0,0,0,0,0,0,0,0,0,0,0,0,0,0,0,0,0,0,0,0,0,0,0,0,0,0,0,0,0,0,0,0,0,0,0,0,0,0,0,0,0,0,163,254,50,0,0,0,0,0,0,0,0,0,0,0,0,0,0,0,0,0,0,0,0,0,0,0,0,0,203,253,50,0,0,0,0,0,0,0,0,0,0,0,0,0,0,0,0,0,0,0,0,0,0,0,0,31,233,254,50,0,0,0,21,41,0,0,0,0,0,0,0,0,0,0,0,0,0,0,0,0,0,0,0,173,252,151,30,0,0,0,183,203,0,0,0,0,0,0,0,0,0,0,0,0,0,0,0,0,0,0,21,255,192,0,0,0,0,0,203,214,10,0,0,0,0,0,0,0,0,0,0,0,0,0,0,0,0,0,142,253,70,0,0,0,0,0,203,253,50,0,0,0,0,0,0,0,0,0,0,0,0,0,0,0,0,31,233,254,50,0,0,0,0,0,203,244,40,0,0,0,0,0,0,0,0,0,0,0,0,0,0,0,0,51,252,213,10,0,0,0,0,0,203,203,0,0,0,103,20,0,0,0,0,0,0,0,0,0,0,0,0,152,253,173,31,0,0,0,0,31,213,234,112,173,253,203,20,0,0,0,0,0,0,0,0,0,0,0,0,112,252,253,232,203,203,203,203,233,252,253,252,253,171,20,0,0,0,0,0,0,0,0,0,0,0,0,0,21,183,234,253,254,253,254,253,254,253,244,162,82,0,0,0,0,0,0,0,0,0,0,0,0,0,0,0,0,0,30,50,50,91,151,151,213,252,162,0,0,0,0,0,0,0,0,0,0,0,0,0,0,0,0,0,0,0,0,0,0,0,0,0,152,253,102,0,0,0,0,0,0,0,0,0,0,0,0,0,0,0,0,0,0,0,0,0,0,0,0,0,193,252,102,0,0,0,0,0,0,0,0,0,0,0,0,0,0,0,0,0,0,0,0,0,0,0,0,0,254,253,0,0,0,0,0,0,0,0,0,0,0,0,0,0,0,0,0,0,0,0,0,0,0,0,0,0,253,252,0,0,0,0,0,0,0,0,0,0,0,0,0,0,0,0,0,0,0,0,0,0,0,0,0,103,255,131,0,0,0,0,0,0,0,0,0,0,0,0,0,0,0,0,0,0,0,0,0,0,0,0,0,142,253,50,0,0,0,0,0,0,0,0,0,0,0,0,0,0,0,0,0,0,0,0,0,0,0,0,0,103,255,50,0,0,0,0,0,0,0,0,0,0,0,0,0,0,0,0,0,0,0,0,0,0,0,0,0,20,253,131,0,0,0,0,0,0,0,0,0,0,0,0,0,0,0,0,0,0,0,0,0,0,0,0,0,0,0,0,0,0,0,0,0,0,0,0,0,0,0,0,0,0,0,0,0,0,0,0,0,0,0,0,0,0,0,0,0,0,0,0,0,0,0,0,0,0,0,0,0,0,0,0,0,0,0,0,0,0,0,0,0,0,0,0,0,0,0,0,0,0,0,0,0,0,0
0,0,0,0,0,0,0,0,0,0,0,0,0,0,0,0,0,0,0,0,0,0,0,0,0,0,0,0,0,0,0,0,0,0,0,0,0,0,0,0,0,0,0,0,0,0,0,0,0,0,0,0,0,0,0,0,0,0,0,0,0,0,0,0,0,0,0,0,0,0,0,0,0,0,0,0,0,0,0,0,0,0,0,0,0,0,0,0,0,0,0,0,0,0,0,0,0,0,0,0,0,0,0,0,0,0,0,0,0,0,0,0,0,0,0,0,0,0,0,0,0,0,0,0,0,0,30,199,178,220,125,5,0,0,0,0,0,0,0,0,0,0,0,0,0,0,0,0,0,0,0,0,0,16,199,254,254,254,254,189,0,0,0,0,0,0,0,0,0,0,0,0,0,0,0,0,0,0,0,0,36,245,254,254,197,155,232,243,73,0,0,0,0,0,0,0,0,0,0,0,0,0,0,0,0,0,0,8,188,254,206,56,0,0,8,168,204,0,0,0,0,0,0,0,0,0,0,0,0,0,0,0,0,0,0,190,254,191,20,0,0,0,0,42,244,40,0,0,0,0,0,0,0,0,0,0,0,0,0,0,0,0,58,249,241,13,0,0,0,0,0,42,254,115,0,0,0,0,0,0,0,0,0,0,0,0,0,0,0,0,176,254,143,0,0,0,0,0,0,42,254,115,0,0,0,0,0,0,0,0,0,0,0,0,0,0,0,11,224,239,26,0,0,0,0,0,0,42,254,140,0,0,0,0,0,0,0,0,0,0,0,0,0,0,0,142,254,120,0,0,0,0,0,0,0,30,242,115,0,0,0,0,0,0,0,0,0,0,0,0,0,0,59,252,254,35,0,0,0,0,0,0,0,40,253,194,0,0,0,0,0,0,0,0,0,0,0,0,0,0,119,254,173,0,0,0,0,0,0,0,0,42,254,197,0,0,0,0,0,0,0,0,0,0,0,0,0,0,197,254,41,0,0,0,0,0,0,0,0,42,254,196,0,0,0,0,0,0,0,0,0,0,0,0,0,0,197,236,24,0,0,0,0,0,0,0,0,84,254,161,0,0,0,0,0,0,0,0,0,0,0,0,0,0,197,213,0,0,0,0,0,0,0,0,37,243,247,73,0,0,0,0,0,0,0,0,0,0,0,0,0,0,197,213,0,0,0,0,0,0,0,12,209,254,204,0,0,0,0,0,0,0,0,0,0,0,0,0,0,0,113,247,34,0,0,0,0,0,4,123,254,254,120,0,0,0,0,0,0,0,0,0,0,0,0,0,0,0,15,227,116,8,0,0,0,24,200,254,254,212,19,0,0,0,0,0,0,0,0,0,0,0,0,0,0,0,0,157,254,233,155,148,148,239,254,254,213,28,0,0,0,0,0,0,0,0,0,0,0,0,0,0,0,0,0,21,205,254,254,254,254,255,254,156,9,0,0,0,0,0,0,0,0,0,0,0,0,0,0,0,0,0,0,0,4,80,212,254,254,172,82,2,0,0,0,0,0,0,0,0,0,0,0,0,0,0,0,0,0,0,0,0,0,0,0,0,0,0,0,0,0,0,0,0,0,0,0,0,0,0,0,0,0,0,0,0,0,0,0,0,0,0,0,0,0,0,0,0,0,0,0,0,0,0,0,0,0,0,0,0,0,0,0,0,0,0,0,0,0,0,0,0,0,0,0,0,0,0,0,0,0,0,0,0,0,0,0,0,0,0,0,0,0,0,0,0,0,0,0,0,0,0,0,0,0,0,0,0,0,0,0,0,0,0,0
8,0,0,0,0,0,0,0,0,0,0,0,0,0,0,0,0,0,0,0,0,0,0,0,0,0,0,0,0,0,0,0,0,0,0,0,0,0,0,0,0,0,0,0,0,0,0,0,0,0,0,0,0,0,0,0,0,0,0,0,0,0,0,0,0,0,0,0,0,0,0,0,0,0,0,0,0,0,0,0,0,0,0,0,0,0,0,0,0,0,0,0,0,0,0,0,0,0,0,0,0,0,0,0,0,0,0,0,0,0,0,0,0,0,0,0,0,0,0,0,0,0,0,0,0,0,0,0,0,0,0,0,0,0,0,0,0,0,0,0,0,0,0,0,0,0,0,0,0,0,0,0,0,0,0,0,0,0,0,0,0,0,0,0,0,0,0,0,0,0,0,0,0,0,0,0,0,0,0,0,0,41,72,152,173,253,0,0,0,0,0,0,173,112,0,0,0,0,0,0,0,0,0,0,0,0,21,102,203,243,253,252,131,50,0,0,0,0,0,41,253,192,0,0,0,0,0,0,0,0,0,0,31,92,214,253,254,213,142,61,0,0,0,0,0,0,31,233,255,91,0,0,0,0,0,0,0,0,21,183,233,252,253,212,91,10,0,0,0,0,0,0,0,0,173,252,192,30,0,0,0,0,0,0,0,0,254,253,234,112,0,0,0,0,0,0,0,0,0,0,11,173,255,233,0,0,0,0,0,0,0,0,0,0,172,252,253,172,41,0,0,0,0,0,0,0,0,0,173,252,233,50,0,0,0,0,0,0,0,0,0,0,0,82,193,253,254,172,41,0,0,0,0,0,11,213,254,233,41,0,0,0,0,0,0,0,0,0,0,0,0,0,30,91,213,252,243,162,41,0,0,0,213,252,233,50,0,0,0,0,0,0,0,0,0,0,0,0,0,0,0,0,21,102,214,253,254,172,72,193,254,233,41,0,0,0,0,0,0,0,0,0,0,0,0,0,0,0,0,0,0,0,10,131,213,252,253,252,233,50,0,0,0,0,0,0,0,0,0,0,0,0,0,0,0,0,0,0,0,0,0,0,72,253,254,253,0,0,0,0,0,0,0,0,0,0,0,0,0,0,0,0,0,0,0,0,0,0,0,0,193,252,253,252,123,0,0,0,0,0,0,0,0,0,0,0,0,0,0,0,0,0,0,0,0,0,0,163,254,192,21,203,254,50,0,0,0,0,0,0,0,0,0,0,0,0,0,0,0,0,0,0,0,0,82,243,233,50,0,61,253,131,0,0,0,0,0,0,0,0,0,0,0,0,0,0,0,0,0,0,0,0,254,233,41,0,0,0,234,213,0,0,0,0,0,0,0,0,0,0,0,0,0,0,0,0,0,0,0,82,253,70,0,0,0,0,152,252,0,0,0,0,0,0,0,0,0,0,0,0,0,0,0,0,0,0,0,102,254,71,0,0,0,0,173,253,0,0,0,0,0,0,0,0,0,0,0,0,0,0,0,0,0,0,0,20,253,232,102,20,0,82,253,130,0,0,0,0,0,0,0,0,0,0,0,0,0,0,0,0,0,0,0,0,123,223,254,253,214,253,183,20,0,0,0,0,0,0,0,0,0,0,0,0,0,0,0,0,0,0,0,0,0,20,50,91,151,111,0,0,0,0,0,0,0,0,0,0,0,0,0,0,0,0,0,0,0,0,0,0,0,0,0,0,0,0,0,0,0,0,0,0,0,0,0,0,0,0,0,0,0,0,0,0,0,0,0,0,0,0,0,0,0,0,0,0,0,0,0,0,0,0,0,0,0
9,0,0,0,0,0,0,0,0,0,0,0,0,0,0,0,0,0,0,0,0,0,0,0,0,0,0,0,0,0,0,0,0,0,0,0,0,0,0,0,0,0,0,0,0,0,0,0,0,0,0,0,0,0,0,0,0,0,0,0,0,0,0,0,0,0,0,0,0,0,0,0,0,0,0,0,0,0,0,0,0,0,0,0,0,0,0,0,0,0,0,0,0,0,0,0,0,0,0,0,0,0,0,0,0,0,0,0,0,0,0,0,0,0,0,0,0,0,0,0,0,0,0,0,0,0,0,0,0,0,0,0,0,0,0,0,0,0,0,0,0,0,0,0,0,0,0,0,0,0,0,0,0,0,0,0,0,0,0,0,0,0,0,0,0,0,0,0,0,0,0,0,0,0,0,0,0,0,0,0,0,0,0,0,0,0,0,0,0,0,0,0,0,0,0,0,0,0,0,0,0,0,0,0,0,0,0,0,0,0,0,0,15,139,218,209,124,0,0,0,0,0,0,0,0,0,0,0,0,0,0,0,0,0,0,0,0,22,85,103,211,252,252,252,211,0,0,0,0,0,0,0,0,0,0,0,0,0,0,0,0,0,0,16,128,237,252,253,252,252,252,252,106,0,0,0,0,0,0,0,0,0,0,0,0,0,0,0,0,0,100,232,252,252,252,253,231,136,111,242,38,43,0,0,0,0,0,0,0,0,0,0,0,0,0,0,0,89,236,252,252,252,164,42,28,9,106,184,236,239,17,0,0,0,0,0,0,0,0,0,0,0,0,0,82,253,254,186,53,0,0,0,15,192,253,253,255,183,4,0,0,0,0,0,0,0,0,0,0,0,0,0,169,252,151,16,0,0,0,146,211,245,224,173,253,153,5,0,0,0,0,0,0,0,0,0,0,0,0,11,211,252,171,127,135,232,232,253,245,124,14,162,253,63,0,0,0,0,0,0,0,0,0,0,0,0,0,7,196,252,253,252,252,252,252,253,98,0,43,239,253,63,0,0,0,0,0,0,0,0,0,0,0,0,0,0,81,252,253,252,252,182,103,86,11,0,108,252,174,11,0,0,0,0,0,0,0,0,0,0,0,0,0,0,0,0,107,106,9,0,0,0,0,31,218,253,0,0,0,0,0,0,0,0,0,0,0,0,0,0,0,0,0,0,0,0,0,0,0,0,0,127,252,217,0,0,0,0,0,0,0,0,0,0,0,0,0,0,0,0,0,0,0,0,0,0,0,0,0,180,252,94,0,0,0,0,0,0,0,0,0,0,0,0,0,0,0,0,0,0,0,0,0,0,0,0,57,246,210,14,0,0,0,0,0,0,0,0,0,0,0,0,0,0,0,0,0,0,0,0,0,0,0,0,85,252,189,0,0,0,0,0,0,0,0,0,0,0,0,0,0,0,0,0,0,0,0,0,0,0,0,0,191,253,84,0,0,0,0,0,0,0,0,0,0,0,0,0,0,0,0,0,0,0,0,0,0,0,0,0,190,245,56,0,0,0,0,0,0,0,0,0,0,0,0,0,0,0,0,0,0,0,0,0,0,0,0,22,221,178,0,0,0,0,0,0,0,0,0,0,0,0,0,0,0,0,0,0,0,0,0,0,0,0,0,43,252,126,0,0,0,0,0,0,0,0,0,0,0,0,0,0,0,0,0,0,0,0,0,0,0,0,0,25,155,21,0,0,0,0,0,0,0,0,0,0,0,0,0,0,0,0,0,0,0,0,0,0,0,0,0,0,0,0,0,0,0,0,0,0,0,0,0,0,0
9,0,0,0,0,0,0,0,0,0,0,0,0,0,0,0,0,0,0,0,0,0,0,0,0,0,0,0,0,0,0,0,0,0,0,0,0,0,0,0,0,0,0,0,0,0,0,0,0,0,0,0,0,0,0,0,0,0,0,0,0,0,0,0,0,0,0,0,0,0,0,0,0,0,0,0,0,0,0,0,0,0,0,0,0,0,0,0,0,0,0,0,0,0,0,0,0,0,0,0,0,0,0,0,0,0,0,0,0,0,0,0,0,0,0,0,0,0,0,0,0,0,0,0,0,0,0,0,0,0,0,0,0,0,0,0,0,0,0,0,0,0,0,0,0,0,0,0,0,0,0,0,0,0,0,0,0,0,0,0,0,0,0,0,0,0,0,0,0,0,0,0,0,0,0,0,0,0,0,0,0,0,0,0,0,0,0,0,0,0,0,0,0,0,0,0,0,0,0,0,0,0,0,0,0,0,0,53,164,249,255,254,248,131,0,0,0,0,0,0,0,0,0,0,0,0,0,0,0,0,0,0,0,6,131,250,236,191,191,159,195,253,153,2,0,0,0,0,0,0,0,0,0,0,0,0,0,0,0,0,0,89,252,174,20,0,0,0,2,190,254,150,22,0,0,0,0,0,0,0,0,0,0,0,0,0,0,0,31,245,201,0,0,0,0,0,28,243,254,254,124,0,0,0,0,0,0,0,0,0,0,0,0,0,0,0,36,254,155,0,0,0,0,0,108,254,254,246,242,28,0,0,0,0,0,0,0,0,0,0,0,0,0,0,10,211,222,6,0,0,0,0,105,254,159,158,214,10,0,0,0,0,0,0,0,0,0,0,0,0,0,0,0,51,254,227,3,0,0,0,18,254,112,220,170,0,0,0,0,0,0,0,0,0,0,0,0,0,0,0,0,1,107,254,225,110,9,0,162,254,252,235,49,0,0,0,0,0,0,0,0,0,0,0,0,0,0,0,0,0,1,79,194,250,239,237,250,254,235,82,0,0,0,0,0,0,0,0,0,0,0,0,0,0,0,0,0,0,0,0,0,29,125,246,254,155,21,0,0,0,0,0,0,0,0,0,0,0,0,0,0,0,0,0,0,0,0,0,0,0,0,210,228,13,0,0,0,0,0,0,0,0,0,0,0,0,0,0,0,0,0,0,0,0,0,0,0,0,73,244,109,0,0,0,0,0,0,0,0,0,0,0,0,0,0,0,0,0,0,0,0,0,0,0,0,0,198,242,37,0,0,0,0,0,0,0,0,0,0,0,0,0,0,0,0,0,0,0,0,0,0,0,0,0,223,194,0,0,0,0,0,0,0,0,0,0,0,0,0,0,0,0,0,0,0,0,0,0,0,0,0,0,223,133,0,0,0,0,0,0,0,0,0,0,0,0,0,0,0,0,0,0,0,0,0,0,0,0,0,54,251,83,0,0,0,0,0,0,0,0,0,0,0,0,0,0,0,0,0,0,0,0,0,0,0,0,0,59,254,90,0,0,0,0,0,0,0,0,0,0,0,0,0,0,0,0,0,0,0,0,0,0,0,0,0,130,254,102,0,0,0,0,0,0,0,0,0,0,0,0,0,0,0,0,0,0,0,0,0,0,0,0,0,147,254,133,0,0,0,0,0,0,0,0,0,0,0,0,0,0,0,0,0,0,0,0,0,0,0,0,0,117,254,133,0,0,0,0,0,0,0,0,0,0,0,0,0,0,0,0,0,0,0,0,0,0,0,0,0,0,0,0,0,0,0,0,0,0,0,0,0,0,0,0,0
1,0,0,0,0,0,0,0,0,0,0,0,0,0,0,0,0,0,0,0,0,0,0,0,0,0,0,0,0,0,0,0,0,0,0,0,0,0,0,0,0,0,0,0,0,0,0,0,0,0,0,0,0,0,0,0,0,0,0,0,0,0,0,0,0,0,0,0,0,0,0,0,0,0,0,0,0,0,0,0,0,0,0,0,0,0,0,0,0,0,0,0,0,0,0,0,0,0,0,0,0,0,0,0,0,0,0,0,0,0,0,0,0,0,0,0,0,0,0,0,0,0,0,0,0,0,0,0,0,83,201,0,0,0,0,0,0,0,0,0,0,0,0,0,0,0,0,0,0,0,0,0,0,0,0,0,48,238,239,0,0,0,0,0,0,0,0,0,0,0,0,0,0,0,0,0,0,0,0,0,0,0,0,0,106,254,174,0,0,0,0,0,0,0,0,0,0,0,0,0,0,0,0,0,0,0,0,0,0,0,0,0,114,254,93,0,0,0,0,0,0,0,0,0,0,0,0,0,0,0,0,0,0,0,0,0,0,0,0,0,205,254,40,0,0,0,0,0,0,0,0,0,0,0,0,0,0,0,0,0,0,0,0,0,0,0,0,46,250,200,4,0,0,0,0,0,0,0,0,0,0,0,0,0,0,0,0,0,0,0,0,0,0,0,0,124,254,194,0,0,0,0,0,0,0,0,0,0,0,0,0,0,0,0,0,0,0,0,0,0,0,0,0,150,254,100,0,0,0,0,0,0,0,0,0,0,0,0,0,0,0,0,0,0,0,0,0,0,0,0,0,227,251,22,0,0,0,0,0,0,0,0,0,0,0,0,0,0,0,0,0,0,0,0,0,0,0,0,57,253,190,0,0,0,0,0,0,0,0,0,0,0,0,0,0,0,0,0,0,0,0,0,0,0,0,0,176,254,149,0,0,0,0,0,0,0,0,0,0,0,0,0,0,0,0,0,0,0,0,0,0,0,0,0,195,254,149,0,0,0,0,0,0,0,0,0,0,0,0,0,0,0,0,0,0,0,0,0,0,0,0,0,195,232,43,0,0,0,0,0,0,0,0,0,0,0,0,0,0,0,0,0,0,0,0,0,0,0,0,27,235,204,0,0,0,0,0,0,0,0,0,0,0,0,0,0,0,0,0,0,0,0,0,0,0,0,0,51,255,116,0,0,0,0,0,0,0,0,0,0,0,0,0,0,0,0,0,0,0,0,0,0,0,0,0,140,254,105,0,0,0,0,0,0,0,0,0,0,0,0,0,0,0,0,0,0,0,0,0,0,0,0,0,233,255,52,0,0,0,0,0,0,0,0,0,0,0,0,0,0,0,0,0,0,0,0,0,0,0,0,0,240,221,3,0,0,0,0,0,0,0,0,0,0,0,0,0,0,0,0,0,0,0,0,0,0,0,0,0,240,159,0,0,0,0,0,0,0,0,0,0,0,0,0,0,0,0,0,0,0,0,0,0,0,0,0,0,240,234,4,0,0,0,0,0,0,0,0,0,0,0,0,0,0,0,0,0,0,0,0,0,0,0,0,0,0,0,0,0,0,0,0,0,0,0,0,0,0,0,0,0,0,0,0,0,0,0,0,0,0,0,0,0,0,0,0,0,0,0,0,0,0,0,0,0,0,0,0,0,0,0,0,0,0,0,0,0,0,0,0,0,0,0,0,0,0,0,0,0,0,0,0,0,0,0,0,0,0,0,0,0,0,0,0,0,0,0,0,0,0,0,0,0,0,0,0,0,0,0,0,0,0,0,0,0
0,0,0,0,0,0,0,0,0,0,0,0,0,0,0,0,0,0,0,0,0,0,0,0,0,0,0,0,0,0,0,0,0,0,0,0,0,0,0,0,0,0,0,0,0,0,0,0,0,0,0,0,0,0,0,0,0,0,0,0,0,0,0,0,0,0,0,0,0,0,0,0,0,0,0,0,0,0,0,0,0,0,0,0,0,0,0,0,0,0,0,0,0,0,0,0,0,0,0,0,0,0,0,0,0,0,0,0,0,0,0,0,0,0,0,0,0,0,0,0,0,0,0,0,0,0,0,0,0,0,0,0,0,0,0,0,0,0,0,0,0,0,0,0,0,0,0,0,0,0,0,0,0,0,0,0,0,0,0,0,0,0,0,0,0,0,0,0,0,0,0,0,0,0,0,0,0,0,0,0,0,0,5,19,19,5,0,0,0,0,0,0,0,0,0,0,0,0,0,0,0,0,0,0,0,0,0,0,0,5,137,254,254,128,0,0,0,0,11,14,0,0,0,0,0,0,0,0,0,0,0,0,0,0,0,0,43,175,254,254,197,70,0,0,0,0,107,156,2,0,0,0,0,0,0,0,0,0,0,0,0,0,0,43,223,254,246,126,23,0,0,0,0,0,107,254,91,0,0,0,0,0,0,0,0,0,0,0,0,0,104,223,254,224,164,0,0,0,0,0,0,0,89,251,156,1,0,0,0,0,0,0,0,0,0,0,4,124,224,254,200,26,0,0,0,0,0,0,0,0,0,237,254,30,0,0,0,0,0,0,0,0,0,3,71,254,254,200,25,0,0,0,0,0,0,0,0,0,0,237,254,130,0,0,0,0,0,0,0,0,0,105,254,254,232,25,0,0,0,0,0,0,0,0,0,0,0,206,254,130,0,0,0,0,0,0,0,0,0,137,254,248,103,0,0,0,0,0,0,0,0,0,0,0,0,113,254,163,0,0,0,0,0,0,0,0,42,229,249,102,0,0,0,0,0,0,0,0,0,0,0,0,0,210,254,218,0,0,0,0,0,0,0,0,232,254,236,0,0,0,0,0,0,0,0,0,0,0,30,130,206,251,254,91,0,0,0,0,0,0,0,0,152,254,236,0,0,0,0,0,0,0,67,125,212,212,228,254,218,167,110,1,0,0,0,0,0,0,0,0,22,211,252,145,94,94,94,179,218,218,246,254,254,222,161,51,22,0,0,0,0,0,0,0,0,0,0,0,0,23,162,254,254,254,254,254,232,228,179,154,116,20,0,0,0,0,0,0,0,0,0,0,0,0,0,0,0,0,2,24,40,70,24,24,19,18,6,0,0,0,0,0,0,0,0,0,0,0,0,0,0,0,0,0,0,0,0,0,0,0,0,0,0,0,0,0,0,0,0,0,0,0,0,0,0,0,0,0,0,0,0,0,0,0,0,0,0,0,0,0,0,0,0,0,0,0,0,0,0,0,0,0,0,0,0,0,0,0,0,0,0,0,0,0,0,0,0,0,0,0,0,0,0,0,0,0,0,0,0,0,0,0,0,0,0,0,0,0,0,0,0,0,0,0,0,0,0,0,0,0,0,0,0,0,0,0,0,0,0,0,0,0,0,0,0,0,0,0,0,0,0,0,0,0,0,0,0,0,0,0,0,0,0,0,0,0,0,0,0,0,0,0,0,0,0,0,0,0,0,0,0,0,0,0,0,0,0,0,0,0,0,0,0,0,0,0,0,0,0,0,0,0,0,0,0,0,0,0,0,0,0,0,0,0,0,0,0,0,0,0,0,0,0,0,0
5,0,0,0,0,0,0,0,0,0,0,0,0,0,0,0,0,0,0,0,0,0,0,0,0,0,0,0,0,0,0,0,0,0,0,0,0,0,0,0,0,0,0,0,0,0,0,0,0,0,0,0,0,0,0,0,0,0,0,0,0,0,0,0,0,0,0,0,0,0,0,0,0,0,0,0,0,0,0,0,0,0,0,0,0,0,0,0,0,0,0,0,0,0,0,0,0,0,0,0,0,0,0,0,0,0,0,0,0,0,0,0,0,0,0,0,0,0,0,0,0,0,0,0,0,0,0,0,0,0,0,0,0,0,0,0,0,0,0,0,0,0,0,0,0,0,0,0,0,0,0,0,0,0,78,207,254,254,254,182,106,32,0,0,0,0,0,0,0,0,0,0,0,0,0,0,0,0,0,0,0,50,230,254,253,253,253,253,253,242,0,0,0,0,0,0,0,0,0,0,0,0,0,0,0,0,0,0,37,242,253,198,126,135,106,154,154,147,0,0,0,0,0,0,0,0,0,0,0,0,0,0,0,0,0,6,202,253,90,5,0,0,0,0,0,0,0,0,0,0,0,0,0,0,0,0,0,0,0,0,0,0,0,84,253,178,12,0,0,0,0,0,0,0,0,0,0,0,0,0,0,0,0,0,0,0,0,0,0,0,31,216,219,14,0,0,0,0,0,0,0,0,0,0,0,0,0,0,0,0,0,0,0,0,0,0,0,8,192,243,61,0,0,0,0,0,0,0,0,0,0,0,0,0,0,0,0,0,0,0,0,0,0,0,4,181,253,113,0,0,0,0,12,45,2,0,0,0,0,0,0,0,0,0,0,0,0,0,0,0,0,0,105,253,253,140,97,188,188,189,205,253,132,27,0,0,0,0,0,0,0,0,0,0,0,0,0,0,0,0,85,253,253,253,253,253,253,240,172,253,253,136,0,0,0,0,0,0,0,0,0,0,0,0,0,0,0,0,10,159,111,111,44,0,0,0,0,92,137,255,165,0,0,0,0,0,0,0,0,0,0,0,0,0,0,0,0,0,0,0,0,0,0,0,0,0,162,253,165,0,0,0,0,0,0,0,0,0,0,0,0,0,0,0,0,0,0,0,0,0,0,0,0,0,243,253,122,0,0,0,0,0,0,0,0,0,0,0,0,0,0,0,0,0,0,0,0,0,0,0,35,225,253,224,26,0,0,0,0,0,0,0,0,0,0,0,0,0,0,0,0,0,0,0,0,0,0,8,155,253,253,174,0,0,0,0,0,0,0,0,0,0,0,0,0,0,0,0,0,0,0,0,0,0,39,159,253,253,197,19,0,0,0,0,0,0,0,0,0,0,0,0,0,0,0,0,0,0,0,0,2,94,227,254,250,150,15,0,0,0,0,0,0,0,0,0,0,0,0,0,0,0,0,0,43,16,16,50,172,253,253,229,107,0,0,0,0,0,0,0,0,0,0,0,0,0,0,0,0,0,0,0,210,211,211,253,253,253,137,29,0,0,0,0,0,0,0,0,0,0,0,0,0,0,0,0,0,0,0,0,17,128,253,195,81,33,5,0,0,0,0,0,0,0,0,0,0,0,0,0,0,0,0,0,0,0,0,0,0,0,0,0,0,0,0,0,0,0,0,0,0,0,0,0,0,0,0,0,0,0,0,0,0,0,0,0,0,0,0,0,0,0,0,0,0,0,0,0,0,0,0,0,0,0,0,0,0,0,0,0,0,0,0,0,0,0,0,0,0,0,0,0,0,0,0,0,0,0,0,0,0,0,0,0,0
2,0,0,0,0,0,0,0,0,0,0,0,0,0,0,0,0,0,0,0,0,0,0,0,0,0,0,0,0,0,0,0,0,0,0,0,0,0,0,0,0,0,0,0,0,0,0,0,0,0,0,0,0,0,0,0,0,0,0,0,0,0,0,0,0,0,0,0,0,0,0,0,0,0,0,0,0,0,0,0,0,0,0,0,0,0,0,0,0,0,0,0,0,0,0,0,0,0,0,0,0,0,0,0,0,0,0,0,0,0,0,0,0,0,0,0,0,0,0,0,0,0,0,0,0,0,0,0,128,128,191,255,255,255,128,64,0,0,0,0,0,0,0,0,0,0,0,0,0,0,0,0,0,64,191,255,255,255,255,255,255,255,255,255,64,0,0,0,0,0,0,0,0,0,0,0,0,0,0,0,0,191,255,255,255,255,255,255,128,191,255,255,255,0,0,0,0,0,0,0,0,0,0,0,0,0,0,0,64,255,255,128,64,0,128,0,0,0,128,255,255,0,0,0,0,0,0,0,0,0,0,0,0,0,0,0,64,128,0,0,0,0,0,0,0,0,128,255,191,0,0,0,0,0,0,0,0,0,0,0,0,0,0,0,0,0,0,0,0,0,0,0,0,64,255,255,0,0,0,0,0,0,0,0,0,0,0,0,0,0,0,0,0,0,0,0,0,0,0,0,64,255,255,191,0,0,0,0,0,0,0,0,0,0,0,0,0,0,0,0,0,0,0,0,0,0,0,191,255,255,128,0,0,0,0,0,0,0,0,0,0,0,0,0,0,0,0,0,0,0,0,0,0,128,255,255,128,0,0,0,0,0,0,0,0,0,0,0,0,0,0,0,0,0,0,0,0,0,0,64,191,255,255,64,0,0,0,0,0,0,0,0,0,0,0,0,0,0,0,0,0,0,0,0,0,0,64,255,255,191,64,0,0,0,0,0,0,0,0,0,0,0,0,0,0,0,0,0,0,0,0,0,64,191,255,191,64,0,0,0,0,0,0,0,0,0,0,0,0,0,0,0,0,0,0,0,0,0,0,128,255,255,191,0,0,0,0,0,0,0,0,0,0,0,0,0,0,0,0,0,0,0,0,0,0,64,191,255,255,128,0,0,0,0,0,0,0,0,0,0,0,0,0,0,0,0,0,0,0,0,0,64,128,255,255,255,0,0,0,0,64,128,128,255,191,64,0,0,0,0,0,0,0,0,0,0,0,0,64,255,255,255,64,0,0,0,64,255,255,255,255,191,0,0,0,0,0,0,0,0,0,0,0,0,0,0,255,255,255,255,255,255,255,255,255,255,255,255,0,0,0,0,0,0,0,0,0,0,0,0,0,0,0,128,255,255,255,255,255,255,255,255,255,128,64,0,0,0,0,0,0,0,0,0,0,0,0,0,0,0,0,191,255,255,255,255,255,191,128,64,0,0,0,0,0,0,0,0,0,0,0,0,0,0,0,0,0,0,0,0,0,128,128,0,0,0,0,0,0,0,0,0,0,0,0,0,0,0,0,0,0,0,0,0,0,0,0,0,0,0,0,0,0,0,0,0,0,0,0,0,0,0,0,0,0,0,0,0,0,0,0,0,0,0,0,0,0,0,0,0,0,0,0,0,0,0,0,0,0,0,0,0,0,0,0,0,0,0,0,0,0,0,0,0,0,0,0,0,0,0,0,0,0,0,0,0,0,0,0,0,0,0,0,0,0,0,0,0,0,0,0,0,0,0,0,0,0,0,0,0,0,0,0,0,0,0,0,0,0,0,0,0,0,0,0
3,0,0,0,0,0,0,0,0,0,0,0,0,0,0,0,0,0,0,0,0,0,0,0,0,0,0,0,0,0,0,0,0,0,0,0,0,0,0,0,0,0,0,0,0,0,0,0,0,0,0,0,0,0,0,0,0,0,0,0,0,0,0,0,0,0,0,0,0,0,0,0,0,0,0,0,0,0,0,0,0,0,0,0,0,0,0,0,0,0,0,0,0,0,0,0,0,0,0,0,0,0,0,0,0,0,0,0,0,0,0,0,0,0,0,0,0,0,0,0,0,7,18,76,136,136,164,254,255,254,194,121,0,0,0,0,0,0,0,0,0,0,0,0,0,0,0,8,125,189,253,253,253,253,253,253,253,253,253,242,77,10,0,0,0,0,0,0,0,0,0,0,0,4,70,189,253,253,253,253,248,200,172,82,82,82,145,253,253,150,0,0,0,0,0,0,0,0,0,0,0,18,253,253,253,253,190,70,59,0,0,0,0,0,46,253,253,237,40,0,0,0,0,0,0,0,0,0,0,115,253,253,187,68,6,0,0,0,0,0,0,0,172,253,253,200,10,0,0,0,0,0,0,0,0,0,0,32,253,156,8,0,0,0,0,0,0,0,0,149,253,253,253,84,0,0,0,0,0,0,0,0,0,0,0,1,11,4,0,0,0,0,0,0,0,2,106,242,253,253,148,3,0,0,0,0,0,0,0,0,0,0,0,0,0,0,0,0,0,0,0,0,17,149,253,253,253,213,0,0,0,0,0,0,0,0,0,0,0,0,0,0,0,0,0,0,0,1,53,160,225,253,253,253,226,39,0,0,0,0,0,0,0,0,0,0,0,0,0,0,0,0,0,0,25,120,253,253,253,253,253,253,214,157,0,0,0,0,0,0,0,0,0,0,0,0,0,0,0,0,0,0,107,253,253,253,253,253,253,253,253,247,119,58,0,0,0,0,0,0,0,0,0,0,0,0,0,0,0,0,67,249,253,253,187,68,41,41,102,170,253,243,89,0,0,0,0,0,0,0,0,0,0,0,0,0,0,0,0,80,130,23,7,0,0,0,0,17,214,253,246,32,0,0,0,0,0,0,0,0,0,0,0,0,0,0,0,0,0,0,0,0,0,0,0,0,26,217,253,202,9,0,0,0,0,0,0,0,0,0,21,124,8,0,0,0,0,0,0,0,0,0,0,0,20,192,253,253,17,0,0,0,0,0,0,0,0,0,29,238,154,31,0,0,0,0,0,0,0,0,3,62,223,253,253,253,17,0,0,0,0,0,0,0,0,0,0,171,253,229,133,34,0,0,0,20,66,66,184,253,253,253,253,150,5,0,0,0,0,0,0,0,0,0,0,61,232,253,253,228,201,201,201,217,253,253,253,253,253,253,149,8,0,0,0,0,0,0,0,0,0,0,0,0,26,76,242,253,253,253,253,253,253,253,253,242,152,68,8,0,0,0,0,0,0,0,0,0,0,0,0,0,0,0,15,188,253,253,253,253,154,135,75,15,0,0,0,0,0,0,0,0,0,0,0,0,0,0,0,0,0,0,0,0,0,0,0,0,0,0,0,0,0,0,0,0,0,0,0,0,0,0,0,0,0,0,0,0,0,0,0,0,0,0,0,0,0,0,0,0,0,0,0,0,0,0,0,0,0,0,0,0,0,0,0,0,0,0,0,0,0,0,0,0,0,0,0,0,0,0,0,0,0,0,0,0,0,0,0,0,0,0,0,0,0,0,0,0,0,0,0,0,0,0,0,0,0,0,0,0,0,0,0,0,0
7,0,0,0,0,0,0,0,0,0,0,0,0,0,0,0,0,0,0,0,0,0,0,0,0,0,0,0,0,0,0,0,0,0,0,0,0,0,0,0,0,0,0,0,0,0,0,0,0,0,0,0,0,0,0,0,0,0,0,0,0,0,0,0,0,0,0,0,0,0,0,0,0,0,0,0,0,0,0,0,0,0,0,0,0,0,0,0,0,0,0,0,0,0,0,0,0,0,0,0,0,0,0,0,0,0,0,0,0,0,0,0,0,0,0,0,0,0,0,0,0,0,0,0,0,0,0,0,0,0,0,0,0,0,0,0,0,0,0,0,0,0,0,0,0,0,0,0,0,0,0,0,0,0,0,0,0,0,0,0,0,0,0,0,0,0,0,0,0,0,0,0,0,0,0,0,0,0,0,0,0,0,0,0,0,0,0,0,0,0,0,0,0,0,0,0,0,0,0,0,0,0,36,255,255,254,149,81,126,18,74,54,81,81,21,18,15,0,0,0,0,0,0,0,0,0,0,0,0,0,36,253,253,253,253,253,253,253,253,253,253,253,253,253,235,60,0,0,0,0,0,0,0,0,0,0,0,0,29,236,253,253,253,228,253,253,253,228,253,253,253,253,253,232,36,0,0,0,0,0,0,0,0,0,0,0,0,44,65,65,65,35,76,108,65,71,83,172,219,253,253,253,140,0,0,0,0,0,0,0,0,0,0,0,0,0,0,0,0,0,0,0,0,0,0,0,130,253,253,253,170,0,0,0,0,0,0,0,0,0,0,0,0,0,0,0,0,0,0,0,0,0,0,0,180,253,253,226,99,0,0,0,0,0,0,0,0,0,0,0,0,0,0,0,0,0,0,0,0,0,0,166,253,253,253,130,0,0,0,0,0,0,0,0,0,0,0,0,0,0,0,0,0,0,0,0,0,0,0,231,253,253,249,64,0,0,0,0,0,0,0,0,0,0,0,0,0,0,0,0,0,0,0,0,0,0,80,245,253,239,91,0,0,0,0,0,0,0,0,0,0,0,0,0,0,0,0,0,0,0,0,0,0,19,222,253,253,233,27,0,0,0,0,0,0,0,0,0,0,0,0,0,0,0,0,0,0,0,0,0,0,78,253,253,250,101,0,0,0,0,0,0,0,0,0,0,0,0,0,0,0,0,0,0,0,0,0,0,0,176,253,253,241,0,0,0,0,0,0,0,0,0,0,0,0,0,0,0,0,0,0,0,0,0,0,0,79,221,253,253,82,0,0,0,0,0,0,0,0,0,0,0,0,0,0,0,0,0,0,0,0,0,2,107,252,253,253,190,3,0,0,0,0,0,0,0,0,0,0,0,0,0,0,0,0,0,0,0,0,0,38,253,253,253,253,23,0,0,0,0,0,0,0,0,0,0,0,0,0,0,0,0,0,0,0,0,0,2,163,253,253,253,191,8,0,0,0,0,0,0,0,0,0,0,0,0,0,0,0,0,0,0,0,0,0,92,253,253,253,203,63,0,0,0,0,0,0,0,0,0,0,0,0,0,0,0,0,0,0,0,0,0,0,125,253,253,253,114,0,0,0,0,0,0,0,0,0,0,0,0,0,0,0,0,0,0,0,0,0,0,0,125,253,253,155,8,0,0,0,0,0,0,0,0,0,0,0,0,0,0,0,0,0,0,0,0,0,0,0,11,201,234,41,0,0,0,0,0,0,0,0,0,0,0,0,0,0,0,0,0,0,0,0,0,0,0,0,0,0,0,0,0,0,0,0,0,0,0,0,0,0,0,0,0,0
8,0,0,0,0,0,0,0,0,0,0,0,0,0,0,0,0,0,0,0,0,0,0,0,0,0,0,0,0,0,0,0,0,0,0,0,0,0,0,0,0,0,0,0,0,0,0,0,0,0,0,0,0,0,0,0,0,0,0,0,0,0,0,0,0,0,0,0,0,0,0,0,0,0,0,0,0,0,0,0,0,0,0,0,0,0,0,0,0,0,0,0,0,0,0,0,0,0,0,0,51,238,222,38,0,0,0,0,0,0,0,0,0,0,0,0,0,0,0,0,0,0,0,0,0,0,10,163,238,252,252,209,0,0,0,0,0,0,0,0,0,0,0,0,0,0,0,0,0,0,0,0,0,45,203,252,253,252,252,145,0,0,0,0,0,0,0,0,0,0,0,0,0,0,0,0,0,0,0,0,26,156,252,252,253,252,252,242,91,0,0,0,0,0,0,0,0,0,0,0,0,0,0,0,0,0,0,0,146,252,252,252,253,252,252,252,252,141,94,0,0,0,0,0,0,0,0,0,0,0,0,0,0,0,0,51,238,253,253,253,255,253,253,253,253,255,168,0,0,0,0,0,0,0,0,0,0,0,0,0,0,0,0,159,252,252,252,204,27,74,186,252,252,253,243,97,0,0,0,0,0,0,0,0,0,0,0,0,0,0,0,253,252,252,198,25,0,0,57,252,252,253,233,74,0,0,0,0,0,0,0,0,0,0,0,0,0,0,0,253,252,252,99,16,13,29,156,252,252,253,167,0,0,0,0,0,0,0,0,0,0,0,0,0,0,0,0,253,252,252,239,203,191,252,252,252,252,253,89,0,0,0,0,0,0,0,0,0,0,0,0,0,0,0,141,255,253,253,253,253,255,253,253,253,253,79,0,0,0,0,0,0,0,0,0,0,0,0,0,0,0,151,240,253,252,252,252,252,253,252,252,252,252,0,0,0,0,0,0,0,0,0,0,0,0,0,0,0,45,234,252,253,252,239,102,133,253,252,252,252,252,135,6,0,0,0,0,0,0,0,0,0,0,0,0,0,150,252,252,253,195,65,0,0,146,249,252,252,252,253,122,0,0,0,0,0,0,0,0,0,0,0,0,48,227,252,252,253,89,0,0,0,0,225,252,252,252,253,167,0,0,0,0,0,0,0,0,0,0,0,0,86,253,253,253,204,15,0,13,113,255,253,253,253,253,255,106,0,0,0,0,0,0,0,0,0,0,0,0,85,252,252,252,241,146,225,228,252,253,252,252,252,252,27,3,0,0,0,0,0,0,0,0,0,0,0,0,85,252,252,252,253,252,252,252,252,253,252,252,245,118,0,0,0,0,0,0,0,0,0,0,0,0,0,0,28,215,252,252,253,252,252,252,252,225,223,223,121,0,0,0,0,0,0,0,0,0,0,0,0,0,0,0,0,119,252,252,253,252,252,157,112,0,0,0,0,0,0,0,0,0,0,0,0,0,0,0,0,0,0,0,0,0,0,0,0,0,0,0,0,0,0,0,0,0,0,0,0,0,0,0,0,0,0,0,0,0,0,0,0,0,0,0,0,0,0,0,0,0,0,0,0,0,0,0,0,0,0,0,0,0,0,0,0,0,0,0,0,0,0,0,0,0,0,0,0,0,0,0,0,0,0,0,0,0,0,0,0,0,0,0,0,0,0,0,0,0,0,0,0,0,0,0,0,0,0,0,0,0,0,0,0,0,0,0,0,0,0,0,0,0,0,0,0,0,0,0,0,0,0,0,0,0,0,0,0,0,0,0,0,0,0,0,0,0
9,0,0,0,0,0,0,0,0,0,0,0,0,0,0,0,0,0,0,0,0,0,0,0,0,0,0,0,0,0,0,0,0,0,0,0,0,0,0,0,0,0,0,0,0,0,0,0,0,0,0,0,0,0,0,0,0,0,0,0,0,0,0,0,0,0,0,0,0,0,0,0,0,0,0,0,0,0,0,0,0,0,0,0,0,0,0,0,0,0,0,0,0,0,0,0,0,0,0,0,0,0,0,0,0,0,0,0,0,0,0,0,0,0,0,0,0,0,0,0,0,0,0,0,0,0,0,0,0,0,0,0,0,0,0,0,0,0,0,0,0,0,0,0,0,0,0,0,0,0,0,0,0,0,0,0,0,0,0,0,0,0,0,0,0,0,0,0,0,0,0,0,0,0,0,0,0,0,0,40,191,254,255,240,120,0,0,0,0,0,0,0,0,0,0,0,0,0,0,0,0,0,0,0,0,0,45,238,253,225,216,235,252,124,0,0,0,0,0,0,0,0,0,0,0,0,0,0,0,0,0,0,0,0,158,253,154,15,0,43,226,236,53,0,0,0,0,0,0,0,0,0,0,0,0,0,0,0,0,0,0,41,228,215,13,0,0,0,76,253,112,0,0,0,0,0,0,0,0,0,0,0,0,0,0,0,0,0,0,130,253,144,0,0,0,0,5,206,208,9,0,0,0,0,0,0,0,0,0,0,0,0,0,0,0,0,21,227,215,22,0,0,0,0,15,175,253,124,0,0,0,0,0,0,0,0,0,0,0,0,0,0,0,0,114,253,168,0,0,0,0,27,236,253,253,140,0,0,0,0,0,0,0,0,0,0,0,0,0,0,0,0,141,253,99,0,0,0,0,16,220,253,253,140,0,0,0,0,0,0,0,0,0,0,0,0,0,0,0,0,130,253,168,0,0,0,8,113,224,242,253,140,0,0,0,0,0,0,0,0,0,0,0,0,0,0,0,0,13,218,231,167,60,95,170,253,211,166,253,140,0,0,0,0,0,0,0,0,0,0,0,0,0,0,0,0,0,84,234,254,254,254,255,181,21,169,254,140,0,0,0,0,0,0,0,0,0,0,0,0,0,0,0,0,0,0,51,142,135,122,63,3,0,169,253,140,0,0,0,0,0,0,0,0,0,0,0,0,0,0,0,0,0,0,0,0,0,0,0,0,0,169,253,140,0,0,0,0,0,0,0,0,0,0,0,0,0,0,0,0,0,0,0,0,0,0,0,0,0,169,253,140,0,0,0,0,0,0,0,0,0,0,0,0,0,0,0,0,0,0,0,0,0,0,0,0,0,169,253,140,0,0,0,0,0,0,0,0,0,0,0,0,0,0,0,0,0,0,0,0,0,0,0,0,0,169,253,99,0,0,0,0,0,0,0,0,0,0,0,0,0,0,0,0,0,0,0,0,0,0,0,0,0,169,253,47,0,0,0,0,0,0,0,0,0,0,0,0,0,0,0,0,0,0,0,0,0,0,0,0,0,169,253,47,0,0,0,0,0,0,0,0,0,0,0,0,0,0,0,0,0,0,0,0,0,0,0,0,9,240,253,47,0,0,0,0,0,0,0,0,0,0,0,0,0,0,0,0,0,0,0,0,0,0,0,0,6,221,183,12,0,0,0,0,0,0,0,0,0,0,0,0,0,0,0,0,0,0,0,0,0,0,0,0,0,0,0,0,0,0,0,0,0,0,0,0,0,0,0,0,0,0,0,0,0,0,0,0,0,0,0,0,0,0,0,0,0,0,0,0,0,0,0,0,0
4,0,0,0,0,0,0,0,0,0,0,0,0,0,0,0,0,0,0,0,0,0,0,0,0,0,0,0,0,0,0,0,0,0,0,0,0,0,0,0,0,0,0,0,0,0,0,0,0,0,0,0,0,0,0,0,0,0,0,0,0,0,0,0,0,0,0,0,0,0,0,0,0,0,0,0,0,0,0,0,0,0,0,0,0,0,0,0,0,0,0,0,0,0,0,0,0,0,0,0,0,0,0,0,0,0,0,0,0,0,0,0,0,0,0,0,0,0,0,0,0,0,0,0,0,0,0,0,0,0,0,0,0,0,0,0,0,0,0,0,0,0,0,0,0,0,0,0,0,0,0,56,248,237,102,9,0,0,0,0,0,0,0,0,0,0,0,0,0,0,0,0,0,0,0,0,0,0,0,139,254,254,254,117,0,0,0,0,0,0,0,0,0,0,0,0,0,0,0,0,0,0,0,0,0,0,0,139,254,236,108,10,0,0,0,0,0,0,0,0,0,0,0,0,0,0,0,0,0,0,0,0,0,0,0,139,254,129,0,0,0,0,83,88,0,0,0,0,0,0,0,0,0,0,0,0,0,0,0,0,0,0,0,139,254,223,0,0,0,95,247,239,0,0,0,0,0,0,0,0,0,0,0,0,0,0,0,0,0,0,0,139,254,223,0,0,13,196,254,239,0,0,0,0,0,0,0,0,0,0,0,0,0,0,0,0,0,0,0,139,254,223,0,0,76,254,231,159,0,0,0,0,0,0,0,0,0,0,0,0,0,0,0,0,0,0,0,139,254,223,0,0,178,254,185,0,0,0,0,0,0,0,0,0,0,0,0,0,0,0,0,0,0,0,0,139,254,240,64,0,178,254,185,0,0,0,0,0,0,0,0,0,0,0,0,0,0,0,0,0,0,0,0,12,194,254,243,233,248,254,43,0,0,0,0,0,0,0,0,0,0,0,0,0,0,0,0,0,0,0,0,0,78,248,255,254,254,254,30,0,0,0,0,0,0,0,0,0,0,0,0,0,0,0,0,0,0,0,0,0,0,96,195,254,254,194,16,0,0,0,0,0,0,0,0,0,0,0,0,0,0,0,0,0,0,0,0,0,0,0,132,254,248,95,0,0,0,0,0,0,0,0,0,0,0,0,0,0,0,0,0,0,0,0,0,0,0,0,132,254,231,0,0,0,0,0,0,0,0,0,0,0,0,0,0,0,0,0,0,0,0,0,0,0,0,0,132,254,231,0,0,0,0,0,0,0,0,0,0,0,0,0,0,0,0,0,0,0,0,0,0,0,0,0,132,254,231,0,0,0,0,0,0,0,0,0,0,0,0,0,0,0,0,0,0,0,0,0,0,0,0,0,132,254,231,0,0,0,0,0,0,0,0,0,0,0,0,0,0,0,0,0,0,0,0,0,0,0,0,0,76,245,241,109,13,0,0,0,0,0,0,0,0,0,0,0,0,0,0,0,0,0,0,0,0,0,0,0,0,200,254,254,157,0,0,0,0,0,0,0,0,0,0,0,0,0,0,0,0,0,0,0,0,0,0,0,0,31,208,255,91,0,0,0,0,0,0,0,0,0,0,0,0,0,0,0,0,0,0,0,0,0,0,0,0,0,0,0,0,0,0,0,0,0,0,0,0,0,0,0,0,0,0,0,0,0,0,0,0,0,0,0,0,0,0,0,0,0,0,0,0,0,0,0,0,0,0,0,0,0,0,0,0,0,0,0,0,0,0,0,0,0,0,0,0,0,0,0,0,0,0,0,0,0,0
0,0,0,0,0,0,0,0,0,0,0,0,0,0,0,0,0,0,0,0,0,0,0,0,0,0,0,0,0,0,0,0,0,0,0,0,0,0,0,0,0,0,0,0,0,0,0,0,0,0,0,0,0,0,0,0,0,0,0,0,0,0,0,0,0,0,0,0,0,0,0,0,0,0,0,0,0,0,0,0,0,0,0,0,0,0,0,0,0,0,0,0,0,0,0,0,0,0,0,0,0,0,0,0,0,0,0,0,0,0,0,0,0,0,0,0,0,0,0,0,0,0,0,0,0,0,0,0,0,0,0,0,0,0,0,0,0,0,0,0,0,0,0,0,0,0,0,0,0,0,0,0,0,67,153,255,255,254,183,146,6,0,0,0,0,0,0,0,0,0,0,0,0,0,0,0,0,0,0,0,68,237,253,253,253,253,253,253,175,25,0,0,0,0,0,0,0,0,0,0,0,0,0,0,0,0,0,5,200,253,253,110,32,32,57,181,253,83,0,0,0,0,0,0,0,0,0,0,0,0,0,0,0,0,0,11,253,253,237,0,0,0,0,0,244,188,0,0,0,0,0,0,0,0,0,0,0,0,0,0,0,0,0,46,253,253,76,0,0,0,0,0,244,188,0,0,0,0,0,0,0,0,0,0,0,0,0,0,0,0,0,216,253,213,11,0,0,0,0,88,252,137,0,0,0,0,0,0,0,0,0,0,0,0,0,0,0,0,72,244,253,100,0,0,0,0,0,119,253,81,0,0,0,0,0,0,0,0,0,0,0,0,0,0,0,15,211,253,179,14,0,0,0,0,21,222,253,81,0,0,0,0,0,0,0,0,0,0,0,0,0,0,0,44,253,253,97,0,0,0,0,0,67,253,222,7,0,0,0,0,0,0,0,0,0,0,0,0,0,0,0,44,253,253,97,0,0,0,0,5,186,253,96,0,0,0,0,0,0,0,0,0,0,0,0,0,0,0,0,44,253,253,97,0,0,0,0,108,253,253,10,0,0,0,0,0,0,0,0,0,0,0,0,0,0,0,0,44,253,253,97,0,0,0,8,187,253,107,1,0,0,0,0,0,0,0,0,0,0,0,0,0,0,0,0,44,253,253,97,0,0,0,118,253,214,17,0,0,0,0,0,0,0,0,0,0,0,0,0,0,0,0,0,44,253,253,97,0,0,21,221,253,107,0,0,0,0,0,0,0,0,0,0,0,0,0,0,0,0,0,0,21,208,253,154,0,9,160,253,221,4,0,0,0,0,0,0,0,0,0,0,0,0,0,0,0,0,0,0,0,61,247,238,41,45,253,253,96,0,0,0,0,0,0,0,0,0,0,0,0,0,0,0,0,0,0,0,0,0,227,253,149,168,253,177,3,0,0,0,0,0,0,0,0,0,0,0,0,0,0,0,0,0,0,0,0,0,213,253,252,253,253,56,0,0,0,0,0,0,0,0,0,0,0,0,0,0,0,0,0,0,0,0,0,0,43,253,253,249,160,16,0,0,0,0,0,0,0,0,0,0,0,0,0,0,0,0,0,0,0,0,0,0,2,105,191,136,0,0,0,0,0,0,0,0,0,0,0,0,0,0,0,0,0,0,0,0,0,0,0,0,0,0,0,0,0,0,0,0,0,0,0,0,0,0,0,0,0,0,0,0,0,0,0,0,0,0,0,0,0,0,0,0,0,0,0,0,0,0,0,0,0,0,0,0,0,0,0,0,0,0,0,0,0,0,0,0,0,0,0,0,0,0,0,0,0,0,0,0,0,0,0,0,0,0
6,0,0,0,0,0,0,0,0,0,0,0,0,0,0,0,0,0,0,0,0,0,0,0,0,0,0,0,0,0,0,0,0,0,0,0,0,0,0,0,0,0,0,0,0,0,0,0,0,0,0,0,0,0,0,0,0,0,0,0,0,0,0,0,0,0,0,0,0,0,0,0,0,0,0,0,0,0,0,0,0,0,0,0,0,0,0,0,0,0,0,0,0,0,0,0,0,0,0,0,0,0,51,237,96,0,0,0,0,0,0,0,0,0,0,0,0,0,0,0,0,0,0,0,0,0,0,0,0,50,234,212,14,0,0,0,0,0,0,0,0,0,0,0,0,0,0,0,0,0,0,0,0,0,0,0,47,212,249,86,0,0,0,0,0,0,0,0,0,0,0,0,0,0,0,0,0,0,0,0,0,0,0,14,153,159,64,14,0,0,0,0,0,0,0,0,0,0,0,0,0,0,0,0,0,0,0,0,0,0,0,141,184,6,0,0,0,0,0,0,0,0,0,0,0,0,0,0,0,0,0,0,0,0,0,0,0,0,85,224,23,0,0,0,0,0,0,0,0,0,0,0,0,0,0,0,0,0,0,0,0,0,0,0,0,13,233,71,0,0,0,0,0,0,0,0,0,0,0,0,0,0,0,0,0,0,0,0,0,0,0,0,0,117,178,0,0,0,0,0,0,0,0,0,0,0,0,0,0,0,0,0,0,0,0,0,0,0,0,0,11,235,32,0,0,0,0,0,0,0,0,0,0,0,0,0,0,0,0,0,0,0,0,0,0,0,0,0,127,217,0,0,0,0,0,0,0,0,0,0,0,0,0,0,0,0,0,0,0,0,0,0,0,0,0,4,215,59,0,0,0,0,0,0,0,0,0,0,0,0,0,0,0,0,0,0,0,0,0,0,0,0,0,48,254,15,0,36,166,192,109,14,0,0,0,0,0,0,0,0,0,0,0,0,0,0,0,0,0,0,0,106,193,15,138,248,255,254,254,60,0,0,0,0,0,0,0,0,0,0,0,0,0,0,0,0,0,0,0,162,172,182,219,91,60,117,251,60,0,0,0,0,0,0,0,0,0,0,0,0,0,0,0,0,0,0,0,180,247,172,16,0,0,18,244,60,0,0,0,0,0,0,0,0,0,0,0,0,0,0,0,0,0,0,0,180,237,11,0,0,0,92,244,18,0,0,0,0,0,0,0,0,0,0,0,0,0,0,0,0,0,0,0,179,254,15,0,0,0,152,137,0,0,0,0,0,0,0,0,0,0,0,0,0,0,0,0,0,0,0,0,131,236,37,0,0,82,186,10,0,0,0,0,0,0,0,0,0,0,0,0,0,0,0,0,0,0,0,0,48,254,184,11,85,232,77,0,0,0,0,0,0,0,0,0,0,0,0,0,0,0,0,0,0,0,0,0,4,215,254,231,228,71,0,0,0,0,0,0,0,0,0,0,0,0,0,0,0,0,0,0,0,0,0,0,0,0,0,0,0,0,0,0,0,0,0,0,0,0,0,0,0,0,0,0,0,0,0,0,0,0,0,0,0,0,0,0,0,0,0,0,0,0,0,0,0,0,0,0,0,0,0,0,0,0,0,0,0,0,0,0,0,0,0,0,0,0,0,0,0,0,0,0,0,0,0,0,0,0,0,0,0,0,0,0,0,0,0,0,0,0,0,0,0,0,0,0,0,0,0,0,0,0,0,0,0,0,0,0,0,0,0,0,0,0,0,0,0,0,0,0,0,0,0,0,0,0,0,0,0,0,0,0,0,0
3,0,0,0,0,0,0,0,0,0,0,0,0,0,0,0,0,0,0,0,0,0,0,0,0,0,0,0,0,0,0,0,0,0,0,0,0,0,0,0,0,0,0,0,0,0,0,0,0,0,0,0,0,0,0,0,0,0,0,0,0,0,0,0,0,0,0,0,0,0,0,0,0,0,0,0,0,0,0,0,0,0,0,0,0,0,0,0,0,0,0,0,0,0,0,0,0,0,0,0,0,0,0,0,0,0,0,0,0,0,0,0,0,0,0,0,0,0,0,0,0,0,0,0,0,0,0,0,0,0,0,0,0,0,0,0,0,0,0,0,0,0,0,0,0,0,0,0,44,47,28,116,153,254,255,195,115,42,0,0,0,0,0,0,0,0,0,0,0,0,0,0,0,0,67,121,241,253,188,253,253,253,253,253,253,234,65,0,0,0,0,0,0,0,0,0,0,0,0,0,0,91,249,253,253,253,253,245,248,246,189,224,253,253,239,21,0,0,0,0,0,0,0,0,0,0,0,0,0,94,253,253,253,253,208,51,59,94,26,43,253,253,158,9,0,0,0,0,0,0,0,0,0,0,0,0,0,8,220,247,81,93,23,0,0,0,0,95,253,253,253,25,0,0,0,0,0,0,0,0,0,0,0,0,0,0,0,57,6,0,0,0,0,15,73,219,253,253,253,25,0,0,0,0,0,0,0,0,0,0,0,0,0,0,0,0,0,0,0,0,11,229,253,253,253,252,206,14,0,0,0,0,0,0,0,0,0,0,0,0,0,0,0,0,0,0,0,0,110,253,253,253,253,222,0,0,0,0,0,0,0,0,0,0,0,0,0,0,0,0,0,0,0,0,0,0,110,253,253,253,253,248,97,110,110,61,0,0,0,0,0,0,0,0,0,0,0,0,0,0,0,0,0,0,45,233,253,253,253,253,253,253,253,203,0,0,0,0,0,0,0,0,0,0,0,0,0,0,0,0,0,0,0,32,51,169,253,253,253,253,253,251,75,0,0,0,0,0,0,0,0,0,0,0,0,0,0,0,0,0,0,0,0,1,5,157,242,253,253,253,93,0,0,0,0,0,0,0,0,0,0,0,0,0,0,0,0,0,0,0,0,0,0,0,139,253,253,253,93,0,0,0,0,0,0,0,0,0,0,0,0,0,0,0,0,0,0,0,0,0,0,4,148,253,253,235,44,0,0,0,0,0,0,0,0,0,0,0,0,0,0,0,0,0,0,0,0,0,0,137,253,253,253,65,0,0,0,0,0,0,0,0,0,0,0,0,0,0,0,0,0,0,9,21,21,81,203,252,253,253,220,18,0,0,0,0,0,0,0,0,0,0,0,0,0,0,35,140,171,129,207,253,253,253,253,253,253,253,158,0,0,0,0,0,0,0,0,0,0,0,0,0,0,38,185,253,253,253,253,253,253,253,250,252,243,192,46,0,0,0,0,0,0,0,0,0,0,0,0,0,0,65,249,253,253,253,252,196,242,154,86,119,0,0,0,0,0,0,0,0,0,0,0,0,0,0,0,0,0,0,43,89,95,108,232,0,37,1,0,0,0,0,0,0,0,0,0,0,0,0,0,0,0,0,0,0,0,0,0,0,0,0,0,0,0,0,0,0,0,0,0,0,0,0,0,0,0,0,0,0,0,0,0,0,0,0,0,0,0,0,0,0,0,0,0,0,0,0,0,0,0,0,0,0,0,0,0,0,0,0,0,0,0,0,0,0,0,0,0,0,0,0,0,0,0,0,0,0,0,0,0,0,0,0,0
9,0,0,0,0,0,0,0,0,0,0,0,0,0,0,0,0,0,0,0,0,0,0,0,0,0,0,0,0,0,0,0,0,0,0,0,0,0,0,0,0,0,0,0,0,0,0,0,0,0,0,0,0,0,0,0,0,0,0,0,0,0,0,0,0,0,0,0,0,0,0,0,0,0,0,0,0,0,0,0,0,0,0,0,0,0,0,0,0,0,0,0,0,0,0,0,0,0,0,0,0,0,0,0,0,0,0,0,0,0,0,0,0,0,0,0,0,0,0,0,0,0,0,0,0,0,0,0,0,0,0,0,0,0,0,0,0,0,0,0,0,0,0,0,0,0,0,0,0,0,0,0,0,0,0,0,0,0,0,0,0,0,0,0,0,0,0,0,0,0,0,0,0,0,0,0,0,0,2,31,130,222,255,255,215,130,24,1,0,0,0,0,0,0,0,0,0,0,0,0,0,0,0,0,2,31,156,253,253,253,253,253,253,253,253,41,8,0,0,0,0,0,0,0,0,0,0,0,0,0,0,0,41,253,253,253,240,235,140,147,241,253,253,253,207,80,0,0,0,0,0,0,0,0,0,0,0,0,0,27,213,253,249,204,31,0,0,0,34,155,253,253,253,152,2,0,0,0,0,0,0,0,0,0,0,0,3,162,253,253,134,0,0,0,0,0,0,34,231,253,253,253,12,0,0,0,0,0,0,0,0,0,0,0,98,253,253,211,32,0,0,0,0,0,0,0,217,253,253,253,12,0,0,0,0,0,0,0,0,0,0,9,216,253,233,32,0,0,0,0,0,0,0,58,241,253,253,253,12,0,0,0,0,0,0,0,0,0,0,13,253,253,198,0,0,0,0,0,0,0,80,201,253,253,253,253,12,0,0,0,0,0,0,0,0,0,0,13,253,253,99,0,0,0,0,0,16,153,239,253,253,253,253,229,9,0,0,0,0,0,0,0,0,0,0,13,253,253,189,0,0,13,63,153,204,253,253,232,244,253,253,141,0,0,0,0,0,0,0,0,0,0,0,13,253,253,246,114,69,165,253,253,253,253,158,41,217,253,253,141,0,0,0,0,0,0,0,0,0,0,0,3,130,253,253,253,253,253,253,253,197,82,11,69,245,253,253,106,0,0,0,0,0,0,0,0,0,0,0,0,4,169,253,253,253,237,172,82,12,0,0,88,253,253,253,18,0,0,0,0,0,0,0,0,0,0,0,0,0,25,43,43,43,34,0,0,0,0,0,88,253,253,253,79,0,0,0,0,0,0,0,0,0,0,0,0,0,0,0,0,0,0,0,0,0,0,0,88,253,253,253,18,0,0,0,0,0,0,0,0,0,0,0,0,0,0,0,0,0,0,0,0,0,0,0,88,253,253,212,11,0,0,0,0,0,0,0,0,0,0,0,0,0,0,0,0,0,0,0,0,0,0,0,88,253,253,148,0,0,0,0,0,0,0,0,0,0,0,0,0,0,0,0,0,0,0,0,0,0,0,0,88,253,253,148,0,0,0,0,0,0,0,0,0,0,0,0,0,0,0,0,0,0,0,0,0,0,0,0,88,253,253,148,0,0,0,0,0,0,0,0,0,0,0,0,0,0,0,0,0,0,0,0,0,0,0,0,88,253,192,148,0,0,0,0,0,0,0,0,0,0,0,0,0,0,0,0,0,0,0,0,0,0,0,0,0,0,0,0,0,0,0,0,0,0,0,0,0,0,0,0,0,0,0,0,0,0,0,0,0,0,0,0,0,0,0,0,0,0,0,0,0,0,0,0
5,0,0,0,0,0,0,0,0,0,0,0,0,0,0,0,0,0,0,0,0,0,0,0,0,0,0,0,0,0,0,0,0,0,0,0,0,0,0,0,0,0,0,0,0,0,0,0,0,0,0,0,0,0,0,0,0,0,0,0,0,0,0,0,0,0,0,0,0,0,0,0,0,0,0,0,0,0,0,0,0,0,0,0,0,0,0,0,0,0,0,0,0,0,0,0,0,0,0,0,0,0,0,0,0,0,0,0,0,0,0,0,0,0,0,0,0,0,0,0,0,0,0,0,0,0,0,0,0,0,0,0,0,0,0,0,0,0,0,0,0,0,0,0,0,0,0,0,0,0,0,0,0,0,0,0,51,161,50,0,0,0,0,0,0,0,0,0,0,0,0,0,0,0,0,0,0,0,0,0,0,0,0,49,228,252,185,70,0,13,70,70,70,0,0,0,0,0,0,0,0,0,0,0,0,0,0,0,0,0,43,233,252,252,252,252,208,215,252,252,210,0,0,0,0,0,0,0,0,0,0,0,0,0,0,0,0,43,230,253,252,252,252,252,253,210,22,22,12,0,0,0,0,0,0,0,0,0,0,0,0,0,0,0,0,155,253,255,249,199,116,116,0,0,0,0,0,0,0,0,0,0,0,0,0,0,0,0,0,0,0,0,0,207,252,253,132,0,0,0,0,0,0,0,0,0,0,0,0,0,0,0,0,0,0,0,0,0,0,0,0,176,252,253,123,0,0,0,0,0,0,0,0,0,0,0,0,0,0,0,0,0,0,0,0,0,0,0,0,93,252,253,244,176,59,0,0,0,0,0,0,0,0,0,0,0,0,0,0,0,0,0,0,0,0,0,0,51,189,253,252,252,244,126,0,0,0,0,0,0,0,0,0,0,0,0,0,0,0,0,0,0,0,0,0,0,0,127,230,247,253,253,127,0,0,0,0,0,0,0,0,0,0,0,0,0,0,0,0,0,0,0,0,0,0,0,0,111,252,252,230,0,0,0,0,0,0,0,0,0,0,0,0,0,0,0,0,0,0,0,0,0,0,7,70,172,252,252,199,0,0,0,0,0,0,0,0,0,0,0,0,0,17,25,0,0,0,0,0,0,43,212,252,252,252,210,74,0,0,0,0,0,0,0,0,0,0,0,0,0,99,69,0,0,0,0,0,136,240,253,252,221,137,22,0,0,0,0,0,0,0,0,0,0,0,0,0,149,249,63,9,24,87,159,253,253,253,252,157,32,0,0,0,0,0,0,0,0,0,0,0,0,0,0,0,253,236,161,194,252,253,252,252,235,153,84,0,0,0,0,0,0,0,0,0,0,0,0,0,0,0,0,0,169,252,252,252,252,247,183,100,44,0,0,0,0,0,0,0,0,0,0,0,0,0,0,0,0,0,0,0,25,98,129,66,45,42,0,0,0,0,0,0,0,0,0,0,0,0,0,0,0,0,0,0,0,0,0,0,0,0,0,0,0,0,0,0,0,0,0,0,0,0,0,0,0,0,0,0,0,0,0,0,0,0,0,0,0,0,0,0,0,0,0,0,0,0,0,0,0,0,0,0,0,0,0,0,0,0,0,0,0,0,0,0,0,0,0,0,0,0,0,0,0,0,0,0,0,0,0,0,0,0,0,0,0,0,0,0,0,0,0,0,0,0,0,0,0,0,0,0,0,0,0,0,0,0,0,0,0,0,0,0,0,0,0,0,0,0,0,0,0,0,0,0,0,0,0,0,0,0,0,0,0,0,0,0,0,0,0,0,0,0,0,0
2,0,0,0,0,0,0,0,0,0,0,0,0,0,0,0,0,0,0,0,0,0,0,0,0,0,0,0,0,0,0,0,0,0,0,0,0,0,0,0,0,0,0,0,0,0,0,0,0,0,0,0,0,0,0,0,0,0,0,0,0,0,0,0,0,0,0,0,0,0,0,0,0,0,0,0,0,0,0,0,0,0,0,0,0,0,0,0,0,0,0,0,0,0,0,0,0,0,0,0,0,0,0,0,0,0,0,0,0,0,0,0,0,0,0,0,0,0,0,0,89,113,113,255,253,253,253,253,255,253,119,0,0,0,0,0,0,0,0,0,0,0,0,0,0,0,0,123,246,252,252,253,252,252,252,252,253,252,246,122,0,0,0,0,0,0,0,0,0,0,0,0,0,0,120,246,252,252,220,196,195,195,195,195,222,252,252,246,88,0,0,0,0,0,0,0,0,0,0,0,0,0,253,252,230,129,37,0,0,0,0,0,38,218,252,252,205,0,0,0,0,0,0,0,0,0,0,0,0,0,253,204,25,0,0,0,0,0,0,0,0,38,221,252,252,79,0,0,0,0,0,0,0,0,0,0,0,0,0,0,0,0,0,0,0,0,0,0,0,0,57,253,253,141,0,0,0,0,0,0,0,0,0,0,0,0,0,0,0,0,0,0,0,0,0,0,0,0,57,252,252,241,24,0,0,0,0,0,0,0,0,0,0,0,0,0,0,0,0,0,0,0,0,0,0,0,57,252,252,253,27,0,0,0,0,0,0,0,0,0,0,0,0,0,0,0,0,0,0,0,0,0,0,0,57,252,252,240,24,0,0,0,0,0,0,0,0,0,0,0,0,0,0,0,0,0,0,0,0,0,0,0,135,252,252,140,0,0,0,0,0,0,0,0,0,0,0,0,0,0,0,0,0,0,0,0,0,0,0,38,222,253,253,141,0,0,0,0,0,0,0,0,0,0,0,0,0,0,0,57,163,226,225,146,225,146,85,140,252,252,252,15,0,0,0,0,0,0,0,0,0,0,0,0,0,0,13,187,252,253,252,252,252,252,253,252,252,252,252,0,0,0,0,0,0,0,0,0,0,0,0,0,0,0,73,252,252,253,242,223,227,252,253,252,252,252,252,0,0,0,0,0,0,0,0,0,0,0,0,0,0,0,197,252,252,190,74,0,13,189,253,252,252,252,252,0,0,0,0,0,0,0,0,0,0,0,0,0,0,0,198,253,253,0,0,26,207,253,255,253,253,253,253,255,90,0,0,0,0,0,0,0,0,0,0,0,0,0,150,252,252,163,131,231,252,252,253,223,167,224,252,253,195,85,28,0,0,0,0,0,0,0,0,0,0,0,57,252,252,253,252,252,252,252,196,52,0,137,252,253,252,252,215,119,0,0,0,0,0,0,0,0,0,0,19,180,252,253,252,252,233,145,0,0,0,10,84,225,233,252,233,145,0,0,0,0,0,0,0,0,0,0,0,13,112,253,204,112,37,0,0,0,0,0,0,0,38,112,37,0,0,0,0,0,0,0,0,0,0,0,0,0,0,0,0,0,0,0,0,0,0,0,0,0,0,0,0,0,0,0,0,0,0,0,0,0,0,0,0,0,0,0,0,0,0,0,0,0,0,0,0,0,0,0,0,0,0,0,0,0,0,0,0,0,0,0,0,0,0,0,0,0,0,0,0,0,0,0,0,0,0,0,0,0,0,0,0,0,0,0,0,0,0,0,0,0,0,0,0,0,0,0,0,0,0,0,0,0,0,0,0,0,0,0,0
1,0,0,0,0,0,0,0,0,0,0,0,0,0,0,0,0,0,0,0,0,0,0,0,0,0,0,0,0,0,0,0,0,0,0,0,0,0,0,0,0,0,0,0,0,0,0,0,0,0,0,0,0,0,0,0,0,0,0,0,0,0,0,0,0,0,0,0,0,0,0,0,0,0,0,0,0,0,0,0,0,0,0,0,0,0,0,0,0,0,0,0,0,0,0,0,0,0,0,0,0,0,0,0,0,0,0,0,0,0,0,0,0,0,0,0,0,0,0,0,0,0,0,0,0,0,0,0,0,0,0,0,0,0,0,0,0,0,0,0,0,0,0,0,0,0,0,0,0,0,0,0,0,0,0,53,231,0,0,0,0,0,0,0,0,0,0,0,0,0,0,0,0,0,0,0,0,0,0,0,0,0,0,150,254,79,0,0,0,0,0,0,0,0,0,0,0,0,0,0,0,0,0,0,0,0,0,0,0,0,0,150,253,58,0,0,0,0,0,0,0,0,0,0,0,0,0,0,0,0,0,0,0,0,0,0,0,0,0,150,254,95,0,0,0,0,0,0,0,0,0,0,0,0,0,0,0,0,0,0,0,0,0,0,0,0,0,190,251,30,0,0,0,0,0,0,0,0,0,0,0,0,0,0,0,0,0,0,0,0,0,0,0,0,0,241,249,0,0,0,0,0,0,0,0,0,0,0,0,0,0,0,0,0,0,0,0,0,0,0,0,0,0,250,251,38,0,0,0,0,0,0,0,0,0,0,0,0,0,0,0,0,0,0,0,0,0,0,0,0,0,156,249,0,0,0,0,0,0,0,0,0,0,0,0,0,0,0,0,0,0,0,0,0,0,0,0,0,0,150,249,0,0,0,0,0,0,0,0,0,0,0,0,0,0,0,0,0,0,0,0,0,0,0,0,0,0,150,249,0,0,0,0,0,0,0,0,0,0,0,0,0,0,0,0,0,0,0,0,0,0,0,0,0,0,231,249,0,0,0,0,0,0,0,0,0,0,0,0,0,0,0,0,0,0,0,0,0,0,0,0,0,23,251,249,0,0,0,0,0,0,0,0,0,0,0,0,0,0,0,0,0,0,0,0,0,0,0,0,0,96,254,244,0,0,0,0,0,0,0,0,0,0,0,0,0,0,0,0,0,0,0,0,0,0,0,0,0,96,254,149,0,0,0,0,0,0,0,0,0,0,0,0,0,0,0,0,0,0,0,0,0,0,0,0,0,96,255,139,0,0,0,0,0,0,0,0,0,0,0,0,0,0,0,0,0,0,0,0,0,0,0,0,0,96,254,50,0,0,0,0,0,0,0,0,0,0,0,0,0,0,0,0,0,0,0,0,0,0,0,0,0,96,228,24,0,0,0,0,0,0,0,0,0,0,0,0,0,0,0,0,0,0,0,0,0,0,0,0,0,170,204,0,0,0,0,0,0,0,0,0,0,0,0,0,0,0,0,0,0,0,0,0,0,0,0,0,0,177,147,0,0,0,0,0,0,0,0,0,0,0,0,0,0,0,0,0,0,0,0,0,0,0,0,0,0,134,65,0,0,0,0,0,0,0,0,0,0,0,0,0,0,0,0,0,0,0,0,0,0,0,0,0,0,0,0,0,0,0,0,0,0,0,0,0,0,0,0,0,0,0,0,0,0,0,0,0,0,0,0,0,0,0,0,0,0,0,0,0,0,0,0,0,0,0,0,0,0,0,0,0,0,0,0,0,0,0,0,0,0,0,0,0,0,0,0,0,0,0,0,0,0,0,0,0
3,0,0,0,0,0,0,0,0,0,0,0,0,0,0,0,0,0,0,0,0,0,0,0,0,0,0,0,0,0,0,0,0,0,0,0,0,0,0,0,0,0,0,0,0,0,0,0,0,0,0,0,0,0,0,0,0,0,0,0,0,0,0,0,0,0,0,0,0,0,0,0,0,0,0,0,0,0,0,0,0,0,0,0,0,0,0,0,0,0,0,0,0,0,0,0,0,0,0,0,0,0,0,0,0,0,0,0,0,0,0,0,0,0,0,0,0,0,0,0,0,0,0,94,129,170,171,128,109,47,0,0,0,0,0,0,0,0,0,0,0,0,0,0,0,0,0,0,0,1,73,227,252,252,253,252,252,232,73,10,0,0,0,0,0,0,0,0,0,0,0,0,0,0,0,0,0,21,252,252,205,154,232,231,252,252,253,149,11,0,0,0,0,0,0,0,0,0,0,0,0,0,0,0,0,144,189,108,31,0,47,46,211,252,253,252,154,1,0,0,0,0,0,0,0,0,0,0,0,0,0,0,0,83,82,0,0,0,0,0,0,0,191,252,252,169,0,0,0,0,0,0,0,0,0,0,0,0,0,0,0,0,0,0,0,0,0,0,0,0,15,222,252,210,0,0,0,0,0,0,0,0,0,0,0,0,0,0,0,0,0,0,0,0,0,0,0,0,37,222,252,108,0,0,0,0,0,0,0,0,0,0,0,0,0,0,0,0,0,0,0,0,0,0,0,0,253,252,252,108,0,0,0,0,0,0,0,0,0,0,0,0,0,0,0,0,0,0,37,170,110,109,212,253,255,253,237,62,0,0,0,0,0,0,0,0,0,0,0,0,0,0,0,0,0,0,78,252,253,252,252,252,253,148,30,0,0,0,0,0,0,0,0,0,0,0,0,0,0,0,0,0,0,0,181,252,253,252,252,252,154,10,0,0,0,0,0,0,0,0,0,0,0,0,0,0,0,0,0,0,0,0,98,252,253,252,252,252,0,0,0,0,0,0,0,0,0,0,0,0,0,0,0,0,0,0,0,0,0,0,21,207,255,253,253,253,110,15,0,0,0,0,0,0,0,0,0,0,0,0,0,0,0,0,0,0,0,0,0,20,35,98,252,252,253,77,0,0,0,0,0,0,0,0,0,0,0,0,0,0,0,0,0,0,0,0,0,0,0,21,201,252,253,179,0,0,0,0,0,0,0,0,0,0,0,0,0,0,0,0,0,0,0,0,0,0,0,0,78,190,253,221,41,0,0,0,0,0,0,0,0,0,0,0,0,0,0,0,0,63,253,253,232,109,110,15,79,109,255,253,217,0,0,0,0,0,0,0,0,0,0,0,0,0,0,0,0,144,252,252,252,252,253,222,242,252,253,231,71,0,0,0,0,0,0,0,0,0,0,0,0,0,0,0,0,125,231,252,252,252,253,252,252,252,237,153,0,0,0,0,0,0,0,0,0,0,0,0,0,0,0,0,0,0,47,232,252,252,253,210,108,108,62,0,0,0,0,0,0,0,0,0,0,0,0,0,0,0,0,0,0,0,0,0,0,0,0,0,0,0,0,0,0,0,0,0,0,0,0,0,0,0,0,0,0,0,0,0,0,0,0,0,0,0,0,0,0,0,0,0,0,0,0,0,0,0,0,0,0,0,0,0,0,0,0,0,0,0,0,0,0,0,0,0,0,0,0,0,0,0,0,0,0,0,0,0,0,0,0,0,0,0,0,0,0,0,0,0,0,0,0,0,0,0,0,0,0,0,0,0,0,0,0,0,0
1,0,0,0,0,0,0,0,0,0,0,0,0,0,0,0,0,0,0,0,0,0,0,0,0,0,0,0,0,0,0,0,0,0,0,0,0,0,0,0,0,0,0,0,0,0,0,0,0,0,0,0,0,0,0,0,0,0,0,0,0,0,0,0,0,0,0,0,0,0,0,0,0,0,0,0,0,0,0,0,0,0,0,0,0,0,0,0,0,0,0,0,0,0,0,0,0,0,0,0,0,0,0,0,0,0,0,0,0,0,0,0,0,0,0,0,0,0,0,0,0,0,0,0,0,0,0,0,0,0,0,0,0,0,0,0,0,0,0,0,0,0,0,0,0,0,0,0,0,0,0,0,0,0,0,0,0,0,75,236,87,0,0,0,0,0,0,0,0,0,0,0,0,0,0,0,0,0,0,0,0,0,0,0,0,50,245,235,12,0,0,0,0,0,0,0,0,0,0,0,0,0,0,0,0,0,0,0,0,0,0,0,11,233,254,114,0,0,0,0,0,0,0,0,0,0,0,0,0,0,0,0,0,0,0,0,0,0,0,0,37,254,206,21,0,0,0,0,0,0,0,0,0,0,0,0,0,0,0,0,0,0,0,0,0,0,0,5,197,254,33,0,0,0,0,0,0,0,0,0,0,0,0,0,0,0,0,0,0,0,0,0,0,0,0,49,254,199,6,0,0,0,0,0,0,0,0,0,0,0,0,0,0,0,0,0,0,0,0,0,0,0,0,161,251,105,0,0,0,0,0,0,0,0,0,0,0,0,0,0,0,0,0,0,0,0,0,0,0,0,38,247,233,0,0,0,0,0,0,0,0,0,0,0,0,0,0,0,0,0,0,0,0,0,0,0,0,0,149,254,143,0,0,0,0,0,0,0,0,0,0,0,0,0,0,0,0,0,0,0,0,0,0,0,0,74,250,245,44,0,0,0,0,0,0,0,0,0,0,0,0,0,0,0,0,0,0,0,0,0,0,0,0,122,254,164,0,0,0,0,0,0,0,0,0,0,0,0,0,0,0,0,0,0,0,0,0,0,0,0,17,225,254,45,0,0,0,0,0,0,0,0,0,0,0,0,0,0,0,0,0,0,0,0,0,0,0,0,107,254,178,1,0,0,0,0,0,0,0,0,0,0,0,0,0,0,0,0,0,0,0,0,0,0,0,0,189,254,129,0,0,0,0,0,0,0,0,0,0,0,0,0,0,0,0,0,0,0,0,0,0,0,0,25,248,208,0,0,0,0,0,0,0,0,0,0,0,0,0,0,0,0,0,0,0,0,0,0,0,0,0,174,254,125,0,0,0,0,0,0,0,0,0,0,0,0,0,0,0,0,0,0,0,0,0,0,0,0,0,183,254,43,0,0,0,0,0,0,0,0,0,0,0,0,0,0,0,0,0,0,0,0,0,0,0,0,0,183,254,43,0,0,0,0,0,0,0,0,0,0,0,0,0,0,0,0,0,0,0,0,0,0,0,0,0,183,254,92,0,0,0,0,0,0,0,0,0,0,0,0,0,0,0,0,0,0,0,0,0,0,0,0,0,115,251,103,0,0,0,0,0,0,0,0,0,0,0,0,0,0,0,0,0,0,0,0,0,0,0,0,0,0,0,0,0,0,0,0,0,0,0,0,0,0,0,0,0,0,0,0,0,0,0,0,0,0,0,0,0,0,0,0,0,0,0,0,0,0,0,0,0,0,0,0,0,0,0,0,0,0,0,0,0,0,0,0,0,0,0,0,0,0,0,0,0,0,0,0,0,0,0,0,0,0,0
3,0,0,0,0,0,0,0,0,0,0,0,0,0,0,0,0,0,0,0,0,0,0,0,0,0,0,0,0,0,0,0,0,0,0,0,0,0,0,0,0,0,0,0,0,0,0,0,0,0,0,0,0,0,0,0,0,0,0,0,0,0,0,0,0,0,0,0,0,0,0,0,0,0,0,0,0,0,0,0,0,0,0,0,0,0,0,0,0,0,0,0,0,0,0,0,0,0,0,0,0,0,0,0,0,0,0,0,0,0,0,0,0,0,0,0,0,0,0,0,0,0,0,0,202,178,125,44,0,0,0,0,0,0,0,0,0,0,0,0,0,0,0,0,0,0,0,0,0,0,0,34,246,254,246,243,111,17,0,0,0,0,0,0,0,0,0,0,0,0,0,0,0,0,0,0,0,0,0,0,175,254,254,254,254,179,99,8,0,0,0,0,0,0,0,0,0,0,0,0,0,0,0,0,0,0,0,0,19,72,233,251,254,254,249,27,0,0,0,0,0,0,0,0,0,0,0,0,0,0,0,0,0,0,0,0,0,0,15,220,254,254,116,0,0,0,0,0,0,0,0,0,0,0,0,0,0,0,0,0,0,0,0,0,5,68,194,254,254,254,85,0,0,0,0,0,0,0,0,0,0,0,0,0,0,0,0,0,0,26,86,158,196,254,254,254,234,125,23,0,0,0,0,0,0,0,0,0,0,0,0,0,0,0,0,0,19,245,254,254,254,254,231,173,48,0,0,0,0,0,0,0,0,0,0,0,0,0,0,0,0,0,0,0,21,254,254,254,254,219,26,0,0,0,0,0,0,0,0,0,0,0,0,0,0,0,0,0,0,0,0,0,9,173,250,254,254,215,130,50,0,0,0,0,0,0,0,0,0,0,0,0,0,0,0,0,0,0,0,0,0,0,69,249,254,254,254,254,119,1,0,0,0,0,0,0,0,0,0,0,0,0,0,0,0,0,0,0,0,0,0,0,105,217,254,254,254,91,20,0,0,0,0,0,0,0,0,0,0,0,0,0,0,0,0,0,0,0,0,0,0,15,119,246,254,254,228,77,0,0,0,0,0,0,0,0,0,0,0,0,0,0,0,0,0,0,0,0,0,0,0,35,147,244,254,246,50,0,0,0,0,0,0,0,0,0,0,0,0,0,0,0,0,0,0,0,0,0,0,0,0,156,254,254,124,0,0,0,0,0,0,0,0,0,0,0,0,0,0,0,0,0,0,0,0,0,0,0,0,47,254,254,174,0,0,0,0,0,0,0,0,0,0,0,0,0,0,0,0,0,17,135,97,98,133,57,135,229,254,254,122,0,0,0,0,0,0,0,0,0,0,0,0,0,0,0,0,0,8,203,254,254,254,254,254,254,254,200,19,0,0,0,0,0,0,0,0,0,0,0,0,0,0,0,0,0,0,80,204,244,254,254,254,252,209,68,0,0,0,0,0,0,0,0,0,0,0,0,0,0,0,0,0,0,0,0,0,42,212,254,231,67,0,0,0,0,0,0,0,0,0,0,0,0,0,0,0,0,0,0,0,0,0,0,0,0,0,0,0,0,0,0,0,0,0,0,0,0,0,0,0,0,0,0,0,0,0,0,0,0,0,0,0,0,0,0,0,0,0,0,0,0,0,0,0,0,0,0,0,0,0,0,0,0,0,0,0,0,0,0,0,0,0,0,0,0,0,0,0,0,0,0,0,0,0,0,0,0,0,0,0,0,0,0,0,0,0,0,0,0,0,0,0,0,0,0,0,0,0,0,0,0,0,0,0
6,0,0,0,0,0,0,0,0,0,0,0,0,0,0,0,0,0,0,0,0,0,0,0,0,0,0,0,0,0,0,0,0,0,0,0,0,0,0,0,0,0,0,0,0,0,0,0,0,0,0,0,0,0,0,0,0,0,0,0,0,0,0,0,0,0,0,0,0,0,0,0,0,0,0,0,0,0,0,0,0,0,0,0,0,0,0,0,0,0,0,0,0,0,0,0,0,0,0,0,0,0,0,0,0,0,0,0,0,0,0,0,0,0,0,0,0,0,0,0,0,0,0,0,0,0,0,0,0,43,152,236,228,99,0,0,0,0,0,0,0,0,0,0,0,0,0,0,0,0,0,0,0,0,0,17,149,244,254,254,254,235,29,0,0,0,0,0,0,0,0,0,0,0,0,0,0,0,0,0,0,0,0,216,254,254,254,220,254,254,57,0,0,0,0,0,0,0,0,0,0,0,0,0,0,0,0,0,0,12,222,254,254,215,128,7,180,231,23,0,0,0,0,0,0,0,0,0,0,0,0,0,0,0,0,0,26,204,254,254,193,43,0,0,39,114,0,0,0,0,0,0,0,0,0,0,0,0,0,0,0,0,0,0,54,254,254,187,14,0,0,0,0,0,0,0,0,0,0,0,0,0,0,0,0,0,0,0,0,0,0,0,203,254,237,14,0,0,0,0,0,0,0,0,0,0,0,0,0,0,0,0,0,0,0,0,0,0,0,73,253,246,58,0,0,0,0,0,0,0,0,0,0,0,0,0,0,0,0,0,0,0,0,0,0,0,8,177,254,235,0,0,0,0,0,0,0,0,0,0,0,0,0,0,0,0,0,0,0,0,0,0,0,0,116,254,254,90,0,0,0,0,0,0,0,0,0,0,0,0,0,0,0,0,0,0,0,0,0,0,0,0,121,254,211,8,0,0,0,0,0,0,0,0,0,0,0,0,0,0,0,0,0,0,0,0,0,0,0,0,150,254,217,78,78,78,15,0,0,0,0,0,0,0,0,0,0,0,0,0,0,0,0,0,0,0,0,10,223,254,254,254,254,254,240,236,130,26,0,0,0,0,0,0,0,0,0,0,0,0,0,0,0,0,0,56,253,254,252,245,245,190,154,251,254,229,36,0,0,0,0,0,0,0,0,0,0,0,0,0,0,0,0,0,217,254,74,0,0,0,0,59,242,254,149,0,0,0,0,0,0,0,0,0,0,0,0,0,0,0,0,0,217,254,9,0,0,0,0,85,253,254,182,0,0,0,0,0,0,0,0,0,0,0,0,0,0,0,0,0,142,254,86,0,0,1,89,236,254,254,106,0,0,0,0,0,0,0,0,0,0,0,0,0,0,0,0,0,59,254,236,164,164,181,254,254,254,157,0,0,0,0,0,0,0,0,0,0,0,0,0,0,0,0,0,0,3,94,253,254,254,254,254,254,166,6,0,0,0,0,0,0,0,0,0,0,0,0,0,0,0,0,0,0,0,0,80,202,254,254,176,93,28,0,0,0,0,0,0,0,0,0,0,0,0,0,0,0,0,0,0,0,0,0,0,0,0,0,0,0,0,0,0,0,0,0,0,0,0,0,0,0,0,0,0,0,0,0,0,0,0,0,0,0,0,0,0,0,0,0,0,0,0,0,0,0,0,0,0,0,0,0,0,0,0,0,0,0,0,0,0,0,0,0,0,0,0,0,0,0,0,0,0,0,0,0,0,0,0,0,0,0,0,0,0,0,0,0,0,0,0,0,0,0,0,0,0,0,0,0,0,0,0,0,0
5,0,0,0,0,0,0,0,0,0,0,0,0,0,0,0,0,0,0,0,0,0,0,0,0,0,0,0,0,0,0,0,0,0,0,0,0,0,0,0,0,0,0,0,0,0,0,0,0,0,0,0,0,0,0,0,0,0,0,0,0,0,0,0,0,0,0,0,0,0,0,0,0,0,0,0,0,0,0,0,0,0,0,0,0,0,0,0,0,0,0,0,0,0,0,0,0,0,0,0,0,0,0,0,0,0,0,0,0,0,0,0,0,0,0,0,0,0,0,0,0,0,0,0,0,0,0,0,0,0,0,0,0,0,0,0,0,0,0,0,0,0,0,0,0,0,0,0,0,0,0,0,0,0,0,51,63,151,158,222,255,213,0,0,0,0,0,0,0,0,0,0,0,0,0,0,0,0,10,122,126,192,221,247,254,254,254,254,238,184,0,0,0,0,0,0,0,0,0,0,0,0,0,0,0,0,56,250,254,254,254,254,226,162,158,67,32,0,0,0,0,0,0,0,0,0,0,0,0,0,0,0,0,0,0,95,81,101,9,4,3,0,0,0,0,0,0,0,0,0,0,0,0,0,0,0,0,0,0,0,0,3,162,238,180,0,0,0,0,0,0,0,0,0,0,0,0,0,0,0,0,0,0,0,0,0,0,0,0,94,254,215,12,0,0,0,0,0,0,0,0,0,0,0,0,0,0,0,0,0,0,0,0,0,0,0,0,121,254,252,245,245,245,239,120,4,0,0,0,0,0,0,0,0,0,0,0,0,0,0,0,0,0,0,0,30,207,246,237,234,238,254,254,106,0,0,0,0,0,0,0,0,0,0,0,0,0,0,0,0,0,0,0,0,0,45,13,0,15,87,254,241,37,0,0,0,0,0,0,0,0,0,0,0,0,0,0,0,0,0,0,0,0,0,0,0,0,1,109,250,236,17,0,0,0,0,0,0,0,0,0,0,0,0,0,0,0,0,0,0,0,0,0,0,0,0,0,235,254,128,0,0,0,0,0,0,0,0,0,0,0,0,0,0,0,0,0,0,0,0,0,0,0,0,0,105,254,231,16,0,0,0,0,0,0,0,0,0,0,0,0,0,0,0,0,0,0,0,0,0,0,0,0,4,205,254,24,0,0,0,0,0,0,0,0,0,0,0,0,0,0,0,3,82,0,0,0,0,0,0,0,2,204,254,24,0,0,0,0,0,0,0,0,0,0,0,0,0,0,0,148,138,0,0,0,0,0,0,0,108,254,233,17,0,0,0,0,0,0,0,0,0,0,0,0,0,0,0,250,38,0,0,0,0,0,0,27,229,254,130,0,0,0,0,0,0,0,0,0,0,0,0,0,0,0,0,250,150,2,0,0,0,0,8,205,254,248,52,0,0,0,0,0,0,0,0,0,0,0,0,0,0,0,0,250,254,188,143,68,68,123,202,254,242,73,0,0,0,0,0,0,0,0,0,0,0,0,0,0,0,0,0,50,206,220,252,254,254,254,252,191,67,0,0,0,0,0,0,0,0,0,0,0,0,0,0,0,0,0,0,0,0,0,60,185,223,157,76,0,0,0,0,0,0,0,0,0,0,0,0,0,0,0,0,0,0,0,0,0,0,0,0,0,0,0,0,0,0,0,0,0,0,0,0,0,0,0,0,0,0,0,0,0,0,0,0,0,0,0,0,0,0,0,0,0,0,0,0,0,0,0,0,0,0,0,0,0,0,0,0,0,0,0,0,0,0,0,0,0,0,0,0,0,0,0,0,0,0,0,0,0,0,0,0,0
7,0,0,0,0,0,0,0,0,0,0,0,0,0,0,0,0,0,0,0,0,0,0,0,0,0,0,0,0,0,0,0,0,0,0,0,0,0,0,0,0,0,0,0,0,0,0,0,0,0,0,0,0,0,0,0,0,0,0,0,0,0,0,0,0,0,0,0,0,0,0,0,0,0,0,0,0,0,0,0,0,0,0,0,0,0,0,0,0,0,0,0,0,0,0,0,0,0,0,0,0,0,0,0,0,0,0,0,0,0,0,0,0,0,0,0,0,0,0,0,0,0,0,0,0,0,0,0,0,0,0,0,0,0,0,0,0,0,0,0,0,0,0,0,0,0,0,0,0,0,0,0,0,0,0,0,0,0,0,0,0,0,0,0,0,0,0,0,0,0,0,0,0,0,0,0,0,64,191,255,128,0,0,0,0,0,0,0,0,0,0,0,0,0,0,0,0,0,0,0,0,0,0,0,0,128,255,255,255,255,128,128,128,128,128,128,128,128,64,0,0,0,0,0,0,0,0,0,0,0,0,0,0,64,255,255,255,255,255,255,255,255,255,255,255,255,255,64,0,0,0,0,0,0,0,0,0,0,0,0,0,0,0,0,64,128,128,128,128,128,191,255,255,255,255,64,0,0,0,0,0,0,0,0,0,0,0,0,0,0,0,0,0,0,0,0,0,0,0,0,255,255,255,0,0,0,0,0,0,0,0,0,0,0,0,0,0,0,0,0,0,0,0,0,0,0,0,128,255,255,64,0,0,0,0,0,0,0,0,0,0,0,0,0,0,0,0,0,0,0,0,0,0,0,64,255,255,191,0,0,0,0,0,0,0,0,0,0,0,0,0,0,0,0,0,0,0,0,0,0,0,0,255,255,191,0,0,0,0,0,0,0,0,0,0,0,0,0,0,0,0,0,0,0,0,0,0,0,0,255,255,255,0,0,0,0,0,0,0,0,0,0,0,0,0,0,0,0,0,0,64,128,128,128,255,255,255,255,255,255,255,0,0,0,0,0,0,0,0,0,0,0,0,0,0,0,0,0,255,255,255,255,255,255,255,255,255,255,64,0,0,0,0,0,0,0,0,0,0,0,0,0,0,0,0,0,128,191,255,255,255,255,255,191,64,0,0,0,0,0,0,0,0,0,0,0,0,0,0,0,0,0,0,0,0,0,0,128,255,255,255,0,0,0,0,0,0,0,0,0,0,0,0,0,0,0,0,0,0,0,0,0,0,0,128,255,255,255,64,0,0,0,0,0,0,0,0,0,0,0,0,0,0,0,0,0,0,0,0,0,0,64,255,255,255,128,0,0,0,0,0,0,0,0,0,0,0,0,0,0,0,0,0,0,0,0,0,0,64,255,255,255,128,0,0,0,0,0,0,0,0,0,0,0,0,0,0,0,0,0,0,0,0,0,0,64,255,255,255,191,0,0,0,0,0,0,0,0,0,0,0,0,0,0,0,0,0,0,0,0,0,0,0,191,255,255,191,0,0,0,0,0,0,0,0,0,0,0,0,0,0,0,0,0,0,0,0,0,0,0,64,255,255,191,64,0,0,0,0,0,0,0,0,0,0,0,0,0,0,0,0,0,0,0,0,0,0,0,64,191,0,0,0,0,0,0,0,0,0,0,0,0,0,0,0,0,0,0,0,0,0,0,0,0,0,0,0,0,0,0,0,0,0,0,0,0,0,0,0,0,0,0,0,0,0,0,0,0,0,0,0,0,0,0,0,0,0,0,0,0,0,0,0,0,0,0,0,0,0,0,0,0,0,0,0
4,0,0,0,0,0,0,0,0,0,0,0,0,0,0,0,0,0,0,0,0,0,0,0,0,0,0,0,0,0,0,0,0,0,0,0,0,0,0,0,0,0,0,0,0,0,0,0,0,0,0,0,0,0,0,0,0,0,0,0,0,0,0,0,0,0,0,0,0,0,0,0,0,0,0,0,0,0,0,0,0,0,0,0,0,0,0,0,0,0,0,0,0,0,0,0,0,0,0,0,0,0,0,0,0,0,0,0,0,0,0,0,0,0,0,0,0,0,0,0,0,0,0,0,0,0,0,0,0,0,0,0,0,0,0,0,0,0,0,0,0,0,0,0,0,0,0,0,0,0,0,0,0,0,0,0,0,0,0,0,0,0,0,0,0,0,0,0,0,0,0,0,0,0,0,0,0,0,0,0,33,227,31,0,0,0,0,0,0,0,0,0,0,0,0,0,0,0,0,0,0,0,0,0,0,0,0,0,99,254,94,0,0,0,0,0,49,152,89,0,0,0,0,0,0,0,0,0,0,0,0,0,0,0,0,0,99,254,94,0,0,0,0,71,237,255,166,0,0,0,0,0,0,0,0,0,0,0,0,0,0,0,0,0,174,254,94,0,0,0,73,244,243,109,4,0,0,0,0,0,0,0,0,0,0,0,0,0,0,0,0,0,188,254,94,0,0,22,222,254,166,0,0,0,0,0,0,0,0,0,0,0,0,0,0,0,0,0,0,0,185,254,27,0,2,157,254,216,22,0,0,0,0,0,0,0,0,0,0,0,0,0,0,0,0,0,0,0,160,254,66,0,107,254,248,76,0,0,0,0,0,0,0,0,0,0,0,0,0,0,0,0,0,0,0,0,44,254,138,93,242,254,124,0,0,0,0,0,0,0,0,0,0,0,0,0,0,0,0,0,0,0,0,0,1,79,252,254,254,173,4,0,0,0,0,0,0,0,0,0,0,0,0,0,0,0,0,0,0,0,0,0,0,0,172,254,254,87,0,0,0,0,0,0,0,0,0,0,0,0,0,0,0,0,0,0,0,0,0,0,0,11,236,254,164,8,0,0,0,0,0,0,0,0,0,0,0,0,0,0,0,0,0,0,0,0,0,0,0,124,254,230,18,0,0,0,0,0,0,0,0,0,0,0,0,0,0,0,0,0,0,0,0,0,0,0,9,232,254,130,0,0,0,0,0,0,0,0,0,0,0,0,0,0,0,0,0,0,0,0,0,0,0,0,158,254,232,12,0,0,0,0,0,0,0,0,0,0,0,0,0,0,0,0,0,0,0,0,0,0,0,14,229,254,97,0,0,0,0,0,0,0,0,0,0,0,0,0,0,0,0,0,0,0,0,0,0,0,0,155,254,157,8,0,0,0,0,0,0,0,0,0,0,0,0,0,0,0,0,0,0,0,0,0,0,0,0,156,254,80,0,0,0,0,0,0,0,0,0,0,0,0,0,0,0,0,0,0,0,0,0,0,0,0,0,153,206,16,0,0,0,0,0,0,0,0,0,0,0,0,0,0,0,0,0,0,0,0,0,0,0,0,0,202,89,0,0,0,0,0,0,0,0,0,0,0,0,0,0,0,0,0,0,0,0,0,0,0,0,0,0,138,129,0,0,0,0,0,0,0,0,0,0,0,0,0,0,0,0,0,0,0,0,0,0,0,0,0,0,0,0,0,0,0,0,0,0,0,0,0,0,0,0,0,0,0,0,0,0,0,0,0,0,0,0,0,0,0,0,0,0,0,0,0,0,0,0,0,0,0,0,0,0,0,0
2,0,0,0,0,0,0,0,0,0,0,0,0,0,0,0,0,0,0,0,0,0,0,0,0,0,0,0,0,0,0,0,0,0,0,0,0,0,0,0,0,0,0,0,0,0,0,0,0,0,0,0,0,0,0,0,0,0,0,0,0,0,0,0,0,0,0,0,0,0,0,0,0,0,0,0,0,0,0,0,0,0,0,0,0,0,0,0,0,0,0,0,0,0,3,128,254,213,87,2,0,0,0,0,0,0,0,0,0,0,0,0,0,0,0,0,0,0,0,0,0,0,118,253,253,253,253,155,7,0,0,0,0,0,0,0,0,0,0,0,0,0,0,0,0,0,0,0,0,6,181,244,125,136,248,253,161,18,0,0,0,0,0,0,0,0,0,0,0,0,0,0,0,0,0,0,0,30,237,169,0,0,119,248,253,144,0,0,0,0,0,0,0,0,0,0,0,0,0,0,0,0,0,0,0,0,106,21,0,0,0,118,250,250,107,0,0,0,0,0,0,0,0,0,0,0,0,0,0,0,0,0,0,0,0,0,0,0,0,0,207,254,228,0,0,0,0,0,0,0,0,0,0,0,0,0,0,0,0,0,0,0,0,0,0,0,0,0,81,254,237,33,0,0,0,0,0,0,0,0,0,0,0,0,0,0,0,0,0,0,0,0,0,0,0,0,0,254,253,96,0,0,0,0,0,0,0,0,0,0,0,0,0,0,0,0,0,0,0,0,0,0,0,0,0,254,231,9,0,0,0,0,0,0,0,0,0,0,0,0,0,0,0,0,0,0,0,0,0,0,0,0,173,254,228,0,0,0,0,0,0,0,0,0,0,0,0,0,0,0,0,0,0,0,0,0,0,0,0,64,249,255,104,0,0,0,0,0,0,0,0,0,0,0,0,0,0,0,0,0,0,0,0,0,0,0,56,243,253,172,0,0,0,0,0,0,0,0,0,0,0,0,0,0,0,0,0,0,0,0,0,0,0,13,177,253,218,46,0,0,0,0,0,0,0,0,0,0,0,0,0,0,0,0,0,0,0,0,0,0,14,174,253,209,9,0,0,0,0,0,0,0,0,0,0,0,0,0,0,0,0,0,0,0,0,0,0,44,202,253,183,7,0,0,0,0,0,0,0,0,0,0,0,0,0,0,0,0,0,0,0,0,0,0,38,207,253,188,37,0,0,0,0,0,0,0,0,0,0,0,0,0,0,0,0,0,0,0,0,0,0,13,174,253,228,55,0,0,0,0,0,0,17,85,85,85,53,0,0,0,0,0,0,0,0,0,0,0,0,140,253,253,150,137,218,218,218,219,218,218,224,253,178,188,110,0,0,0,0,0,0,0,0,0,0,0,23,244,253,253,253,253,253,253,253,254,190,144,121,24,6,8,4,0,0,0,0,0,0,0,0,0,0,0,2,161,253,224,132,132,28,11,11,11,5,0,0,0,0,0,0,0,0,0,0,0,0,0,0,0,0,0,0,0,0,0,0,0,0,0,0,0,0,0,0,0,0,0,0,0,0,0,0,0,0,0,0,0,0,0,0,0,0,0,0,0,0,0,0,0,0,0,0,0,0,0,0,0,0,0,0,0,0,0,0,0,0,0,0,0,0,0,0,0,0,0,0,0,0,0,0,0,0,0,0,0,0,0,0,0,0,0,0,0,0,0,0,0,0,0,0,0,0,0,0,0,0,0,0,0,0,0,0,0,0,0,0,0,0,0,0,0,0,0,0,0,0,0,0,0,0,0,0,0,0,0,0,0,0,0,0,0,0,0,0
2,0,0,0,0,0,0,0,0,0,0,0,0,0,0,0,0,0,0,0,0,0,0,0,0,0,0,0,0,0,0,0,0,0,0,0,0,0,0,0,0,0,0,0,0,0,0,0,0,0,0,0,0,0,0,0,0,0,0,0,0,0,0,0,0,0,0,0,0,0,0,0,0,0,0,0,0,0,0,0,0,0,0,0,0,0,0,0,0,0,0,0,0,0,116,243,141,125,125,26,0,0,0,0,0,0,0,0,0,0,0,0,0,0,0,0,0,0,0,0,55,243,254,254,254,254,254,145,88,0,0,0,0,0,0,0,0,0,0,0,0,0,0,0,0,0,0,0,119,254,254,254,254,254,254,254,218,29,0,0,0,0,0,0,0,0,0,0,0,0,0,0,0,0,0,0,9,143,149,190,254,254,254,254,254,210,30,0,0,0,0,0,0,0,0,0,0,0,0,0,0,0,0,0,0,0,0,10,25,70,237,254,254,254,71,0,0,0,0,0,0,0,0,0,0,0,0,0,0,0,0,0,0,0,0,0,0,0,67,236,254,254,205,28,0,0,0,0,0,0,0,0,0,0,0,0,0,0,0,0,0,0,0,0,0,0,0,92,254,254,254,189,0,0,0,0,0,0,0,0,0,0,0,0,0,0,0,0,0,0,0,0,0,0,0,50,237,254,254,208,0,0,0,0,0,0,0,0,0,0,0,0,0,0,0,0,0,0,0,0,0,0,0,0,93,254,254,245,68,0,0,0,0,0,0,0,0,0,0,0,0,0,0,0,0,0,0,177,149,44,0,0,66,254,254,254,85,0,0,0,0,0,0,0,0,0,0,0,0,0,0,0,0,0,110,248,254,233,190,86,110,254,254,254,85,0,0,0,0,0,0,0,0,0,0,0,0,0,0,0,0,24,240,254,254,254,254,254,254,254,254,254,85,0,0,0,0,0,0,0,0,0,0,0,0,0,0,0,0,135,254,237,232,248,254,254,255,254,254,254,85,0,0,0,0,0,0,0,0,0,0,0,0,0,0,0,0,243,254,156,44,116,215,247,254,254,254,254,85,0,0,0,0,0,0,0,0,0,0,0,0,0,0,0,0,243,254,169,5,0,11,210,254,254,254,254,173,12,0,0,0,0,0,0,0,0,0,0,0,0,0,0,0,243,254,254,169,157,187,254,254,254,254,254,254,192,74,0,0,0,0,0,0,0,0,0,0,0,0,0,0,233,254,254,254,254,254,254,254,254,254,254,254,254,244,140,19,0,0,0,0,0,0,0,0,0,0,0,0,49,237,254,254,254,254,254,254,214,111,136,254,254,254,254,249,67,0,0,0,0,0,0,0,0,0,0,0,0,103,248,251,254,252,211,117,30,0,22,206,254,255,254,247,54,0,0,0,0,0,0,0,0,0,0,0,0,0,0,64,106,86,0,0,0,0,0,20,208,254,244,118,0,0,0,0,0,0,0,0,0,0,0,0,0,0,0,0,0,0,0,0,0,0,0,0,0,0,0,0,0,0,0,0,0,0,0,0,0,0,0,0,0,0,0,0,0,0,0,0,0,0,0,0,0,0,0,0,0,0,0,0,0,0,0,0,0,0,0,0,0,0,0,0,0,0,0,0,0,0,0,0,0,0,0,0,0,0,0,0,0,0,0,0,0,0,0,0,0,0,0,0,0,0,0,0,0,0,0,0,0,0,0,0,0,0,0,0,0,0,0,0,0,0,0,0,0,0,0,0,0,0,0,0,0,0,0,0,0,0,0,0,0,0,0,0
6,0,0,0,0,0,0,0,0,0,0,0,0,0,0,0,0,0,0,0,0,0,0,0,0,0,0,0,0,0,0,0,0,0,0,0,0,0,0,0,0,0,0,0,0,0,0,0,0,0,0,0,0,0,0,0,0,0,0,0,0,0,0,0,0,0,0,0,0,0,0,0,0,0,0,0,0,0,0,0,0,0,0,0,0,0,0,0,0,0,0,0,0,0,191,255,64,0,0,0,0,0,0,0,0,0,0,0,0,0,0,0,0,0,0,0,0,0,0,0,0,0,255,255,191,0,0,0,0,0,0,0,0,0,0,0,0,0,0,0,0,0,0,0,0,0,0,0,0,64,255,255,255,0,0,0,0,0,0,0,0,0,0,0,0,0,0,0,0,0,0,0,0,0,0,0,64,191,255,255,128,0,0,0,0,0,0,0,0,0,0,0,0,0,0,0,0,0,0,0,0,0,0,0,128,255,255,191,0,0,0,0,0,0,0,0,0,0,0,0,0,0,0,0,0,0,0,0,0,0,0,0,64,255,255,255,0,0,0,0,0,0,0,0,64,128,191,128,0,0,0,0,0,0,0,0,0,0,0,0,128,255,255,128,0,0,0,0,0,0,128,255,255,255,255,255,0,0,0,0,0,0,0,0,0,0,0,0,255,255,255,0,0,0,0,0,0,64,255,255,255,255,255,255,64,0,0,0,0,0,0,0,0,0,0,0,255,255,128,0,0,0,0,0,0,255,255,255,255,128,191,255,128,0,0,0,0,0,0,0,0,0,0,128,255,255,128,0,0,0,0,0,191,255,255,255,64,0,191,255,128,0,0,0,0,0,0,0,0,0,0,128,255,255,64,0,0,0,0,191,255,255,255,128,0,64,255,255,64,0,0,0,0,0,0,0,0,0,0,128,255,255,0,0,0,0,0,255,255,255,64,0,0,255,255,255,0,0,0,0,0,0,0,0,0,0,0,128,255,128,0,0,0,0,128,255,255,128,0,0,191,255,255,191,0,0,0,0,0,0,0,0,0,0,0,255,255,128,0,0,0,0,255,255,191,0,0,191,255,255,255,0,0,0,0,0,0,0,0,0,0,0,0,191,255,128,0,0,0,0,255,255,128,0,255,255,255,255,128,0,0,0,0,0,0,0,0,0,0,0,0,128,255,128,0,0,0,0,128,255,255,255,255,255,255,191,0,0,0,0,0,0,0,0,0,0,0,0,0,128,255,191,0,0,64,128,255,255,255,255,255,255,191,0,0,0,0,0,0,0,0,0,0,0,0,0,0,128,255,255,255,255,255,255,255,255,255,255,255,191,0,0,0,0,0,0,0,0,0,0,0,0,0,0,0,0,191,255,255,255,255,255,255,255,255,255,255,64,0,0,0,0,0,0,0,0,0,0,0,0,0,0,0,0,0,128,191,255,255,191,128,128,191,255,64,0,0,0,0,0,0,0,0,0,0,0,0,0,0,0,0,0,0,0,0,0,0,0,0,0,0,0,0,0,0,0,0,0,0,0,0,0,0,0,0,0,0,0,0,0,0,0,0,0,0,0,0,0,0,0,0,0,0,0,0,0,0,0,0,0,0,0,0,0,0,0,0,0,0,0,0,0,0,0,0,0,0,0,0,0,0,0,0,0,0,0,0,0,0,0,0,0,0,0,0,0,0,0,0,0,0,0,0,0,0,0,0,0,0,0,0,0,0,0,0,0,0,0,0,0,0,0,0,0,0,0,0,0,0,0,0,0,0,0,0,0,0,0,0,0,0,0,0,0,0
3,0,0,0,0,0,0,0,0,0,0,0,0,0,0,0,0,0,0,0,0,0,0,0,0,0,0,0,0,0,0,0,0,0,0,0,0,0,0,0,0,0,0,0,0,0,0,0,0,0,0,0,0,0,0,0,0,0,0,0,0,0,0,0,0,0,0,0,0,0,0,0,0,0,0,0,0,0,0,0,0,0,0,0,0,0,0,0,0,0,0,0,0,0,0,0,0,0,0,0,0,0,0,0,0,0,0,0,0,0,0,0,0,0,0,0,0,0,0,0,0,0,0,0,0,0,0,0,0,0,0,0,0,0,0,0,0,0,0,0,0,0,0,0,0,0,0,0,0,0,0,0,0,0,27,157,254,254,208,21,0,0,0,0,0,0,0,0,0,0,0,0,0,0,0,0,0,0,0,0,41,184,242,254,182,128,253,156,0,0,0,0,0,0,0,0,0,0,0,0,0,0,0,0,0,0,0,41,217,216,87,36,3,19,226,162,0,0,0,0,0,0,0,0,0,0,0,0,0,0,0,0,0,0,0,103,72,0,0,0,0,16,222,162,0,0,0,0,0,0,0,0,0,0,0,0,0,0,0,0,0,0,0,0,0,0,0,0,0,37,253,129,0,0,0,0,0,0,0,0,0,0,0,0,0,0,0,0,0,0,0,0,0,0,0,0,0,128,235,0,0,0,0,0,0,0,0,0,0,0,0,0,0,0,0,0,0,0,0,0,0,0,0,0,51,231,182,0,0,0,0,0,0,0,0,0,0,0,0,0,0,0,0,0,0,0,0,0,0,0,0,11,193,221,40,0,0,0,0,0,0,0,0,0,0,0,0,0,0,0,0,0,0,0,0,0,0,0,14,183,249,85,0,0,0,0,0,0,0,0,0,0,0,0,0,0,0,0,0,0,0,0,0,0,14,65,232,254,185,13,0,0,0,0,0,0,0,0,0,0,0,0,0,0,0,0,0,0,0,0,0,152,241,254,254,255,254,195,42,0,0,0,0,0,0,0,0,0,0,0,0,0,0,0,0,0,0,0,171,252,253,223,43,18,70,213,196,0,0,0,0,0,0,0,0,0,0,0,0,0,0,0,0,0,0,0,152,216,126,21,0,0,0,128,250,62,0,0,0,0,0,0,0,0,0,0,0,0,0,0,0,0,0,0,0,0,0,0,0,0,0,56,253,72,0,0,0,0,0,0,0,0,0,0,0,0,0,0,0,0,0,0,0,0,0,0,0,0,0,102,253,72,0,0,0,0,0,0,0,0,0,0,0,0,0,0,0,0,0,0,0,0,0,0,0,0,0,153,235,0,0,0,0,0,0,0,0,0,0,0,0,0,0,0,0,0,0,0,0,0,0,53,0,0,103,250,130,0,0,0,0,0,0,0,0,0,0,0,0,0,0,0,0,0,0,0,0,0,154,59,0,82,231,176,8,0,0,0,0,0,0,0,0,0,0,0,0,0,0,0,0,0,0,0,0,0,211,132,116,234,164,27,0,0,0,0,0,0,0,0,0,0,0,0,0,0,0,0,0,0,0,0,0,0,82,233,253,136,5,0,0,0,0,0,0,0,0,0,0,0,0,0,0,0,0,0,0,0,0,0,0,0,0,0,0,0,0,0,0,0,0,0,0,0,0,0,0,0,0,0,0,0,0,0,0,0,0,0,0,0,0,0,0,0,0,0,0,0,0,0,0,0,0,0,0,0,0,0,0,0,0,0,0,0,0,0,0,0,0,0,0,0,0,0,0,0,0,0,0,0,0,0,0,0,0
2,0,0,0,0,0,0,0,0,0,0,0,0,0,0,0,0,0,0,0,0,0,0,0,0,0,0,0,0,0,0,0,0,0,0,0,0,0,0,0,0,0,0,0,0,0,0,0,0,0,0,0,0,0,0,0,0,0,0,0,0,0,0,0,0,0,0,0,0,0,21,251,254,192,46,0,0,0,0,0,0,0,0,0,0,0,0,0,0,0,0,0,0,0,0,0,0,0,95,253,253,253,234,116,2,0,0,0,0,0,0,0,0,0,0,0,0,0,0,0,0,0,0,0,0,0,71,188,111,229,253,253,55,0,0,0,0,0,0,0,0,0,0,0,0,0,0,0,0,0,0,0,0,0,0,0,0,46,235,253,136,0,0,0,0,0,0,0,0,0,0,0,0,0,0,0,0,0,0,0,0,0,0,0,0,0,117,253,228,0,0,0,0,0,0,0,0,0,0,0,0,0,0,0,0,0,0,0,0,0,0,0,0,0,15,253,228,0,0,0,0,0,0,0,0,0,0,0,0,0,0,0,0,0,0,0,0,0,0,0,0,0,15,253,228,0,0,0,0,0,0,0,0,0,0,0,0,0,0,0,0,0,0,0,0,0,0,0,0,0,15,253,173,0,0,0,0,0,0,0,0,0,0,0,0,0,0,0,0,0,0,0,0,0,0,0,0,0,15,253,128,0,0,0,0,0,0,0,0,0,0,0,0,0,0,0,0,0,0,0,0,0,0,0,0,0,133,253,31,0,0,0,0,0,0,0,0,0,0,0,0,0,0,9,105,58,4,0,0,0,0,0,0,25,231,225,18,0,0,0,0,0,0,0,0,0,0,0,0,0,37,220,253,253,226,148,40,0,0,0,0,123,250,102,0,0,0,0,0,0,0,0,0,0,0,0,0,0,200,253,238,246,253,253,240,121,39,7,50,239,233,0,0,0,0,0,0,0,0,0,0,0,0,0,0,0,254,149,0,40,152,219,253,253,253,204,204,253,73,0,0,0,0,0,0,0,0,0,0,0,0,0,0,0,254,44,0,0,0,15,102,223,248,253,253,253,184,59,13,0,0,0,15,94,0,0,0,0,0,0,0,0,254,44,0,0,0,0,0,13,213,253,253,253,253,253,217,179,179,179,222,123,0,0,0,0,0,0,0,0,254,150,0,0,0,5,35,226,253,160,39,82,164,218,250,253,235,183,62,5,0,0,0,0,0,0,0,0,219,251,126,91,120,197,253,253,147,2,0,0,0,0,57,64,30,0,0,0,0,0,0,0,0,0,0,0,67,211,253,253,253,253,221,99,3,0,0,0,0,0,0,0,0,0,0,0,0,0,0,0,0,0,0,0,0,24,119,153,125,54,15,0,0,0,0,0,0,0,0,0,0,0,0,0,0,0,0,0,0,0,0,0,0,0,0,0,0,0,0,0,0,0,0,0,0,0,0,0,0,0,0,0,0,0,0,0,0,0,0,0,0,0,0,0,0,0,0,0,0,0,0,0,0,0,0,0,0,0,0,0,0,0,0,0,0,0,0,0,0,0,0,0,0,0,0,0,0,0,0,0,0,0,0,0,0,0,0,0,0,0,0,0,0,0,0,0,0,0,0,0,0,0,0,0,0,0,0,0,0,0,0,0,0,0,0,0,0,0,0,0,0,0,0,0,0,0,0,0,0,0,0,0,0,0,0,0,0,0,0,0,0,0,0,0,0,0,0,0,0,0,0,0,0,0,0,0,0,0,0,0,0,0,0,0,0,0,0,0,0,0,0,0,0,0,0
6,0,0,0,0,0,0,0,0,0,0,0,0,0,0,0,0,0,0,0,0,0,0,0,0,0,0,0,0,0,0,0,0,0,0,0,0,0,0,0,0,0,0,0,0,0,0,0,0,0,0,0,0,0,0,0,0,0,0,0,0,0,0,0,0,0,0,0,0,0,0,0,0,0,0,0,0,0,0,0,0,0,0,0,0,0,0,0,0,0,0,0,0,0,0,0,0,45,193,29,0,0,0,0,0,0,0,0,0,0,0,0,0,0,0,0,0,0,0,0,0,0,0,0,8,228,254,129,0,0,0,0,0,0,0,0,0,0,0,0,0,0,0,0,0,0,0,0,0,0,0,0,11,254,253,81,0,0,0,0,0,0,0,0,0,0,0,0,0,0,0,0,0,0,0,0,0,0,0,0,95,254,167,0,0,0,0,0,0,0,0,0,0,0,0,0,0,0,0,0,0,0,0,0,0,0,0,0,228,254,167,0,0,0,0,0,0,0,0,0,0,0,0,0,0,0,0,0,0,0,0,0,0,0,0,125,252,134,43,0,0,0,0,0,0,0,0,0,0,0,0,0,0,0,0,0,0,0,0,0,0,0,9,203,254,97,0,0,0,0,0,0,0,0,0,0,0,0,0,0,0,0,0,0,0,0,0,0,0,0,44,254,254,97,0,0,0,0,0,0,0,10,65,0,0,0,0,0,0,0,0,0,0,0,0,0,0,0,44,254,254,97,0,0,0,0,0,37,213,236,221,75,0,0,0,0,0,0,0,0,0,0,0,0,0,0,114,254,252,77,0,0,0,44,111,224,254,254,254,151,0,0,0,0,0,0,0,0,0,0,0,0,0,2,189,254,244,0,0,0,83,243,254,254,179,58,191,156,2,0,0,0,0,0,0,0,0,0,0,0,0,15,254,254,244,0,0,81,249,254,234,53,3,14,215,99,0,0,0,0,0,0,0,0,0,0,0,0,0,115,254,254,171,0,58,248,254,207,49,0,0,171,239,70,0,0,0,0,0,0,0,0,0,0,0,0,0,115,254,254,135,19,198,254,234,33,0,0,122,253,102,0,0,0,0,0,0,0,0,0,0,0,0,0,0,115,254,254,77,108,254,246,47,0,24,161,253,158,4,0,0,0,0,0,0,0,0,0,0,0,0,0,0,115,254,254,57,182,254,164,14,105,215,255,159,4,0,0,0,0,0,0,0,0,0,0,0,0,0,0,0,71,254,254,236,254,254,234,221,254,246,80,8,0,0,0,0,0,0,0,0,0,0,0,0,0,0,0,0,3,184,254,254,254,254,254,234,136,58,0,0,0,0,0,0,0,0,0,0,0,0,0,0,0,0,0,0,0,13,111,187,254,254,243,27,0,0,0,0,0,0,0,0,0,0,0,0,0,0,0,0,0,0,0,0,0,0,0,2,105,229,192,0,0,0,0,0,0,0,0,0,0,0,0,0,0,0,0,0,0,0,0,0,0,0,0,0,0,0,0,0,0,0,0,0,0,0,0,0,0,0,0,0,0,0,0,0,0,0,0,0,0,0,0,0,0,0,0,0,0,0,0,0,0,0,0,0,0,0,0,0,0,0,0,0,0,0,0,0,0,0,0,0,0,0,0,0,0,0,0,0,0,0,0,0,0,0,0,0,0,0,0,0,0,0,0,0,0,0,0,0,0,0,0,0,0,0,0,0,0,0,0,0,0,0,0,0,0,0,0,0,0,0,0,0,0,0,0,0,0,0,0,0,0,0,0,0,0,0,0,0,0,0,0,0
5,0,0,0,0,0,0,0,0,0,0,0,0,0,0,0,0,0,0,0,0,0,0,0,0,0,0,0,0,0,0,0,0,0,0,0,0,0,0,0,0,0,0,0,0,0,0,0,0,0,0,0,0,0,0,0,0,0,0,0,0,0,0,0,0,0,0,0,0,0,0,0,0,0,0,0,0,0,0,0,0,0,0,0,0,0,0,0,0,0,0,0,0,0,0,0,0,0,0,0,0,0,0,0,0,0,0,0,0,0,0,0,0,0,0,0,0,0,0,0,0,0,0,0,0,0,0,0,0,0,0,0,0,0,0,0,0,0,0,0,0,0,0,0,0,0,0,0,0,0,0,0,0,0,0,0,0,0,0,0,0,0,0,0,44,0,0,0,0,0,0,0,0,0,0,0,0,0,0,0,37,111,77,9,0,0,1,11,56,137,210,210,244,210,210,170,0,0,0,0,0,0,0,0,0,0,17,151,226,253,253,224,16,13,147,254,253,253,247,188,189,189,189,111,0,0,0,0,0,0,0,0,0,9,228,252,165,134,167,245,190,185,245,171,50,35,31,0,0,0,0,0,0,0,0,0,0,0,0,0,0,79,253,204,0,0,0,60,208,149,47,0,0,0,0,0,0,0,0,0,0,0,0,0,0,0,0,0,0,200,253,44,0,0,0,0,10,10,0,0,0,0,0,0,0,0,0,0,0,0,0,0,0,0,0,0,0,210,253,101,0,0,0,0,0,0,0,0,0,0,0,0,0,0,0,0,0,0,0,0,0,0,0,0,0,100,253,252,103,4,0,0,0,0,0,0,0,0,0,0,0,0,0,0,0,0,0,0,0,0,0,0,0,3,148,254,254,149,26,0,0,0,0,0,0,0,0,0,0,0,0,0,0,0,0,0,0,0,0,0,0,0,2,91,207,253,251,139,32,0,0,0,0,0,0,0,0,0,0,0,0,0,0,0,0,0,0,0,0,0,0,0,34,101,223,253,235,47,0,0,0,0,0,0,0,0,0,0,0,0,0,0,0,0,0,0,0,0,0,0,0,0,32,158,254,235,79,0,0,0,0,0,0,0,0,0,0,0,0,0,0,0,0,0,6,0,0,0,0,0,0,7,77,252,253,128,3,0,0,0,0,0,0,0,0,0,0,0,0,0,0,0,166,0,0,0,0,0,0,0,0,83,221,253,106,0,0,0,0,0,0,0,0,0,0,0,0,0,0,0,227,32,0,0,0,0,0,0,0,0,67,244,148,0,0,0,0,0,0,0,0,0,0,0,0,0,0,0,255,214,0,0,0,0,0,0,0,0,0,160,238,0,0,0,0,0,0,0,0,0,0,0,0,0,0,0,110,253,209,135,67,35,35,35,35,133,215,246,225,0,0,0,0,0,0,0,0,0,0,0,0,0,0,0,14,150,254,254,254,254,254,254,254,254,254,232,90,0,0,0,0,0,0,0,0,0,0,0,0,0,0,0,0,5,109,109,177,208,208,208,208,149,108,7,0,0,0,0,0,0,0,0,0,0,0,0,0,0,0,0,0,0,0,0,0,0,0,0,0,0,0,0,0,0,0,0,0,0,0,0,0,0,0,0,0,0,0,0,0,0,0,0,0,0,0,0,0,0,0,0,0,0,0,0,0,0,0,0,0,0,0,0,0,0,0,0,0,0,0,0,0,0,0,0,0,0,0,0,0,0,0,0,0,0,0,0,0,0,0,0,0,0,0,0,0,0,0,0,0,0,0,0,0,0,0,0,0,0,0,0,0,0,0,0,0
4,0,0,0,0,0,0,0,0,0,0,0,0,0,0,0,0,0,0,0,0,0,0,0,0,0,0,0,0,0,0,0,0,0,0,0,0,0,0,0,0,0,0,0,0,0,0,0,0,0,0,0,0,0,0,0,0,0,0,0,0,0,0,0,0,0,0,0,0,0,0,0,0,0,0,0,0,0,0,0,0,0,0,0,0,0,0,0,0,0,0,0,0,0,0,0,0,0,0,0,0,0,0,0,0,0,0,0,0,0,0,0,0,0,0,0,0,0,0,0,0,0,0,0,0,0,0,0,0,0,0,0,0,0,0,0,0,0,0,0,0,0,0,0,0,0,0,0,0,0,0,0,0,0,0,0,0,0,0,0,0,0,0,0,0,0,0,0,0,0,0,0,0,0,0,0,0,0,0,0,0,0,0,0,0,10,183,157,17,0,0,0,0,0,0,0,0,0,0,0,0,0,0,0,0,0,108,137,7,0,0,0,0,59,254,254,75,0,0,0,0,0,0,0,0,0,0,0,0,0,0,0,0,0,130,254,80,0,0,0,0,141,254,248,56,0,0,0,0,0,0,0,0,0,0,0,0,0,0,0,0,0,123,254,115,0,0,0,53,249,254,182,0,0,0,0,0,0,0,0,0,0,0,0,0,0,0,0,0,0,128,254,46,0,0,0,129,254,254,61,0,0,0,0,0,0,0,0,0,0,0,0,0,0,0,0,0,0,230,254,15,0,0,56,246,254,254,30,0,0,0,0,0,0,0,0,0,0,0,0,0,0,0,0,0,0,230,254,15,0,51,194,254,254,203,8,0,0,0,0,0,0,0,0,0,0,0,0,0,0,0,0,0,72,253,254,15,16,206,254,254,252,77,0,0,0,0,0,0,0,0,0,0,0,0,0,0,0,0,0,0,48,245,254,67,194,254,254,254,239,0,0,0,0,0,0,0,0,0,0,0,0,0,0,0,0,0,0,0,0,113,254,253,254,245,245,254,239,0,0,0,0,0,0,0,0,0,0,0,0,0,0,0,0,0,0,0,0,6,123,204,172,81,205,254,158,0,0,0,0,0,0,0,0,0,0,0,0,0,0,0,0,0,0,0,0,0,0,0,0,32,236,254,139,0,0,0,0,0,0,0,0,0,0,0,0,0,0,0,0,0,0,0,0,0,0,0,0,51,254,254,139,0,0,0,0,0,0,0,0,0,0,0,0,0,0,0,0,0,0,0,0,0,0,0,0,51,254,254,206,0,0,0,0,0,0,0,0,0,0,0,0,0,0,0,0,0,0,0,0,0,0,0,0,51,254,254,239,0,0,0,0,0,0,0,0,0,0,0,0,0,0,0,0,0,0,0,0,0,0,0,0,35,239,254,168,0,0,0,0,0,0,0,0,0,0,0,0,0,0,0,0,0,0,0,0,0,0,0,0,0,205,254,139,0,0,0,0,0,0,0,0,0,0,0,0,0,0,0,0,0,0,0,0,0,0,0,0,0,170,254,139,0,0,0,0,0,0,0,0,0,0,0,0,0,0,0,0,0,0,0,0,0,0,0,0,0,106,254,196,0,0,0,0,0,0,0,0,0,0,0,0,0,0,0,0,0,0,0,0,0,0,0,0,0,23,78,185,0,0,0,0,0,0,0,0,0,0,0,0,0,0,0,0,0,0,0,0,0,0,0,0,0,0,0,0,0,0,0,0,0,0,0,0,0,0,0,0,0,0,0,0,0,0,0,0,0,0,0,0,0,0,0,0,0,0,0,0,0,0,0,0,0,0,0
8,0,0,0,0,0,0,0,0,0,0,0,0,0,0,0,0,0,0,0,0,0,0,0,0,0,0,0,0,0,0,0,0,0,0,0,0,0,0,0,0,0,0,0,0,0,0,0,0,0,0,0,0,0,0,0,0,0,0,0,0,0,0,0,0,0,0,0,0,0,0,0,0,0,0,0,0,0,0,0,0,0,0,0,0,0,0,0,0,0,0,0,0,0,0,0,0,0,0,0,0,0,0,0,0,0,0,0,0,0,0,0,0,0,0,0,0,0,0,0,0,0,0,0,0,0,0,45,178,220,254,104,32,0,0,0,0,0,0,0,0,0,0,0,0,0,0,0,0,0,0,0,0,0,51,237,253,253,253,241,169,9,0,0,0,0,0,0,0,0,0,0,0,0,0,0,0,0,0,0,0,11,199,247,128,46,46,34,42,9,85,43,0,0,0,0,0,0,0,0,0,0,0,0,0,0,0,0,0,57,253,118,0,0,0,0,0,0,184,93,0,0,0,0,0,0,0,0,0,0,0,0,0,0,0,0,0,116,254,0,0,0,0,0,0,108,254,68,0,0,0,0,0,0,0,0,0,0,0,0,0,0,0,0,0,199,202,0,0,0,0,0,177,249,85,0,0,0,0,0,0,0,0,0,0,0,0,0,0,0,0,0,0,207,194,0,0,0,0,141,249,158,38,0,0,0,0,0,0,0,0,0,0,0,0,0,0,0,0,0,0,207,194,0,0,0,102,254,151,13,0,0,0,0,0,0,0,0,0,0,0,0,0,0,0,0,0,0,47,254,254,26,0,74,254,160,0,0,0,0,0,0,0,0,0,0,0,0,0,0,0,0,0,0,0,0,21,211,253,93,110,249,202,9,0,0,0,0,0,0,0,0,0,0,0,0,0,0,0,0,0,0,0,0,0,99,203,199,236,179,29,0,0,0,0,0,0,0,0,0,0,0,0,0,0,0,0,0,0,0,0,0,0,116,253,254,206,0,0,0,0,0,0,0,0,0,0,0,0,0,0,0,0,0,0,0,0,0,0,0,0,141,254,210,42,0,0,0,0,0,0,0,0,0,0,0,0,0,0,0,0,0,0,0,0,0,0,0,93,249,253,197,5,0,0,0,0,0,0,0,0,0,0,0,0,0,0,0,0,0,0,0,0,0,0,7,216,200,179,254,65,0,0,0,0,0,0,0,0,0,0,0,0,0,0,0,0,0,0,0,0,0,0,136,253,137,93,254,115,0,0,0,0,0,0,0,0,0,0,0,0,0,0,0,0,0,0,0,0,0,0,221,254,111,136,255,115,0,0,0,0,0,0,0,0,0,0,0,0,0,0,0,0,0,0,0,0,0,17,254,253,245,253,254,115,0,0,0,0,0,0,0,0,0,0,0,0,0,0,0,0,0,0,0,0,0,17,254,253,253,253,205,29,0,0,0,0,0,0,0,0,0,0,0,0,0,0,0,0,0,0,0,0,0,0,103,169,177,128,0,0,0,0,0,0,0,0,0,0,0,0,0,0,0,0,0,0,0,0,0,0,0,0,0,0,0,0,0,0,0,0,0,0,0,0,0,0,0,0,0,0,0,0,0,0,0,0,0,0,0,0,0,0,0,0,0,0,0,0,0,0,0,0,0,0,0,0,0,0,0,0,0,0,0,0,0,0,0,0,0,0,0,0,0,0,0,0,0,0,0,0,0,0,0,0,0,0,0,0,0,0,0,0,0,0,0,0,0,0,0,0,0,0,0,0,0,0,0,0,0,0,0,0,0,0
9,0,0,0,0,0,0,0,0,0,0,0,0,0,0,0,0,0,0,0,0,0,0,0,0,0,0,0,0,0,0,0,0,0,0,0,0,0,0,0,0,0,0,0,0,0,0,0,0,0,0,0,0,0,0,0,0,0,0,0,0,0,0,0,0,0,0,0,0,0,0,0,0,0,0,0,0,0,0,0,0,0,0,0,0,0,0,0,0,0,0,0,0,0,0,0,0,0,0,0,0,0,0,0,0,0,0,0,0,0,0,0,0,0,0,0,0,0,0,0,0,0,0,0,0,0,0,0,0,0,0,0,0,0,0,0,0,0,0,0,0,0,0,0,0,0,0,0,0,0,0,0,0,0,0,0,0,0,0,0,0,0,0,0,0,0,0,0,0,0,0,0,0,0,0,0,0,0,0,0,0,0,48,233,246,66,0,0,0,0,0,0,0,0,0,0,0,0,0,0,0,0,0,0,0,0,0,0,0,124,229,254,254,238,35,0,0,0,0,0,0,0,0,0,0,0,0,0,0,0,0,0,0,0,0,2,80,252,228,55,190,254,48,0,0,0,0,0,0,0,0,0,0,0,0,0,0,0,0,0,0,0,0,50,254,254,92,0,22,254,67,0,0,0,0,0,0,0,0,0,0,0,0,0,0,0,0,0,0,0,0,130,254,207,24,30,143,254,230,8,0,0,0,0,0,0,0,0,0,0,0,0,0,0,0,0,0,0,0,158,254,79,0,93,254,254,250,10,0,0,0,0,0,0,0,0,0,0,0,0,0,0,0,0,0,0,0,158,254,21,0,114,254,254,156,0,0,0,0,0,0,0,0,0,0,0,0,0,0,0,0,0,0,0,5,199,254,21,80,242,254,254,156,0,0,0,0,0,0,0,0,0,0,0,0,0,0,0,0,0,0,0,0,151,254,135,208,254,248,254,205,5,0,0,0,0,0,0,0,0,0,0,0,0,0,0,0,0,0,0,0,39,242,254,254,195,67,254,192,4,0,0,0,0,0,0,0,0,0,0,0,0,0,0,0,0,0,0,0,0,42,153,162,57,69,254,156,0,0,0,0,0,0,0,0,0,0,0,0,0,0,0,0,0,0,0,0,0,0,0,0,0,22,254,156,0,0,0,0,0,0,0,0,0,0,0,0,0,0,0,0,0,0,0,0,0,0,0,0,0,22,254,156,0,0,0,0,0,0,0,0,0,0,0,0,0,0,0,0,0,0,0,0,0,0,0,0,0,22,254,156,0,0,0,0,0,0,0,0,0,0,0,0,0,0,0,0,0,0,0,0,0,0,0,0,0,81,254,156,0,0,0,0,0,0,0,0,0,0,0,0,0,0,0,0,0,0,0,0,0,0,0,0,0,130,255,223,7,0,0,0,0,0,0,0,0,0,0,0,0,0,0,0,0,0,0,0,0,0,0,0,0,130,254,173,2,0,0,0,0,0,0,0,0,0,0,0,0,0,0,0,0,0,0,0,0,0,0,0,0,130,254,50,0,0,0,0,0,0,0,0,0,0,0,0,0,0,0,0,0,0,0,0,0,0,0,0,0,130,254,95,0,0,0,0,0,0,0,0,0,0,0,0,0,0,0,0,0,0,0,0,0,0,0,0,0,85,229,28,0,0,0,0,0,0,0,0,0,0,0,0,0,0,0,0,0,0,0,0,0,0,0,0,0,0,0,0,0,0,0,0,0,0,0,0,0,0,0,0,0,0,0,0,0,0,0,0,0,0,0,0,0,0,0,0,0,0,0,0,0,0,0,0,0,0
7,0,0,0,0,0,0,0,0,0,0,0,0,0,0,0,0,0,0,0,0,0,0,0,0,0,0,0,0,0,0,0,0,0,0,0,0,0,0,0,0,0,0,0,0,0,0,0,0,0,0,0,0,0,0,0,0,0,0,0,0,0,0,0,0,0,0,0,0,0,0,0,0,0,0,0,0,0,0,0,0,0,0,0,0,0,0,0,0,0,0,0,0,0,0,0,0,0,0,0,0,0,0,0,0,0,0,0,0,0,0,0,0,0,0,0,0,0,0,0,0,0,0,0,0,0,0,0,0,0,0,0,0,0,0,0,0,0,0,0,0,0,0,0,0,0,0,0,0,0,0,0,0,0,0,0,0,0,0,0,0,0,0,0,0,0,0,0,0,0,0,0,0,0,0,0,0,0,0,0,0,0,0,0,0,0,0,0,0,0,0,0,0,0,0,0,0,0,0,0,0,0,0,0,0,0,0,0,0,24,0,0,24,24,0,0,0,0,0,0,0,0,0,0,0,0,0,0,8,77,126,126,126,158,222,222,222,234,222,222,234,234,222,79,0,0,0,0,0,0,0,0,0,0,0,0,205,254,254,254,254,254,254,254,254,254,254,254,254,254,254,230,21,0,0,0,0,0,0,0,0,0,0,0,197,197,197,197,197,197,197,160,129,101,101,35,57,140,235,255,174,0,0,0,0,0,0,0,0,0,0,0,0,0,0,0,0,0,0,0,0,0,0,0,0,0,169,254,250,0,0,0,0,0,0,0,0,0,0,0,0,0,0,0,0,0,0,0,0,0,0,0,0,4,198,254,250,0,0,0,0,0,0,0,0,0,0,0,0,0,0,0,0,0,0,0,0,0,0,0,0,10,254,254,251,54,54,54,0,0,0,0,0,0,0,0,0,0,0,0,0,0,0,17,116,116,116,116,168,214,254,254,254,254,254,254,0,0,0,0,0,0,0,0,0,0,0,0,0,0,0,152,254,254,254,254,254,254,254,254,254,233,172,100,0,0,0,0,0,0,0,0,0,0,0,0,0,0,0,58,222,254,254,254,210,226,254,254,105,10,0,0,0,0,0,0,0,0,0,0,0,0,0,0,0,0,0,0,16,48,48,48,4,107,254,238,33,0,0,0,0,0,0,0,0,0,0,0,0,0,0,0,0,0,0,0,0,0,0,0,0,107,254,216,0,0,0,0,0,0,0,0,0,0,0,0,0,0,0,0,0,0,0,0,0,0,0,0,0,107,254,216,0,0,0,0,0,0,0,0,0,0,0,0,0,0,0,0,0,0,0,0,0,0,0,0,0,183,254,216,0,0,0,0,0,0,0,0,0,0,0,0,0,0,0,0,0,0,0,0,0,0,0,0,0,175,254,179,0,0,0,0,0,0,0,0,0,0,0,0,0,0,0,0,0,0,0,0,0,0,0,0,0,157,254,216,0,0,0,0,0,0,0,0,0,0,0,0,0,0,0,0,0,0,0,0,0,0,0,0,0,202,254,214,0,0,0,0,0,0,0,0,0,0,0,0,0,0,0,0,0,0,0,0,0,0,0,0,0,202,254,181,0,0,0,0,0,0,0,0,0,0,0,0,0,0,0,0,0,0,0,0,0,0,0,0,0,190,254,130,0,0,0,0,0,0,0,0,0,0,0,0,0,0,0,0,0,0,0,0,0,0,0,0,0,26,62,30,0,0,0,0,0,0,0,0,0,0,0,0,0,0,0,0,0,0,0,0,0,0,0,0,0,0,0,0,0,0,0,0,0,0,0,0,0
1,0,0,0,0,0,0,0,0,0,0,0,0,0,0,0,0,0,0,0,0,0,0,0,0,0,0,0,0,0,0,0,0,0,0,0,0,0,0,0,0,0,0,0,0,0,0,0,0,0,0,0,0,0,0,0,0,0,0,0,0,0,0,0,0,0,0,0,0,0,0,0,0,0,0,0,0,0,0,0,0,0,0,0,0,0,0,0,0,0,0,0,0,0,0,0,0,0,0,0,0,0,0,0,0,0,0,0,0,0,0,0,0,0,0,0,0,0,0,0,0,0,0,0,0,0,0,0,0,0,0,0,0,0,0,0,0,0,0,0,0,0,0,0,0,0,0,0,0,0,0,0,0,0,0,0,0,0,0,0,0,0,86,254,239,51,0,0,0,0,0,0,0,0,0,0,0,0,0,0,0,0,0,0,0,0,0,0,0,38,220,253,180,12,0,0,0,0,0,0,0,0,0,0,0,0,0,0,0,0,0,0,0,0,0,132,120,224,187,134,19,0,0,0,0,0,0,0,0,0,0,0,0,0,0,0,0,0,0,0,0,0,7,179,253,242,71,0,0,0,0,0,0,0,0,0,0,0,0,0,0,0,0,0,0,0,0,0,0,0,135,253,253,63,0,0,0,0,0,0,0,0,0,0,0,0,0,0,0,0,0,0,0,0,0,0,0,86,255,254,191,0,0,0,0,0,0,0,0,0,0,0,0,0,0,0,0,0,0,0,0,0,0,0,148,235,253,180,12,0,0,0,0,0,0,0,0,0,0,0,0,0,0,0,0,0,0,0,0,0,0,0,254,253,209,65,0,0,0,0,0,0,0,0,0,0,0,0,0,0,0,0,0,0,0,0,0,7,124,169,254,196,19,0,0,0,0,0,0,0,0,0,0,0,0,0,0,0,0,0,0,0,0,0,127,166,253,253,255,90,0,0,0,0,0,0,0,0,0,0,0,0,0,0,0,0,0,0,0,0,0,0,227,254,254,191,0,0,0,0,0,0,0,0,0,0,0,0,0,0,0,0,0,0,0,0,0,0,0,148,250,187,74,12,0,0,0,0,0,0,0,0,0,0,0,0,0,0,0,0,0,0,0,0,0,0,0,255,234,43,0,0,0,0,0,0,0,0,0,0,0,0,0,0,0,0,0,0,0,0,0,0,0,35,169,254,152,0,0,0,0,0,0,0,0,0,0,0,0,0,0,0,0,0,0,0,0,0,0,0,0,170,253,113,12,0,0,0,0,0,0,0,0,0,0,0,0,0,0,0,0,0,0,0,0,0,0,38,114,208,191,0,0,0,0,0,0,0,0,0,0,0,0,0,0,0,0,0,0,0,0,0,0,0,0,211,253,180,12,0,0,0,0,0,0,0,0,0,0,0,0,0,0,0,0,0,0,0,0,0,0,0,57,232,209,19,0,0,0,0,0,0,0,0,0,0,0,0,0,0,0,0,0,0,0,0,0,0,0,0,254,244,96,0,0,0,0,0,0,0,0,0,0,0,0,0,0,0,0,0,0,0,0,0,0,0,0,0,254,90,0,0,0,0,0,0,0,0,0,0,0,0,0,0,0,0,0,0,0,0,0,0,0,0,0,0,0,0,0,0,0,0,0,0,0,0,0,0,0,0,0,0,0,0,0,0,0,0,0,0,0,0,0,0,0,0,0,0,0,0,0,0,0,0,0,0,0,0,0,0,0,0,0,0,0,0,0,0,0,0,0,0,0,0,0,0,0,0,0,0,0,0,0,0,0,0,0,0,0,0,0,0,0,0,0
3,0,0,0,0,0,0,0,0,0,0,0,0,0,0,0,0,0,0,0,0,0,0,0,0,0,0,0,0,0,0,0,0,0,0,0,0,0,0,0,0,0,0,0,0,0,0,0,0,0,0,0,0,0,0,0,0,0,0,0,0,0,0,0,0,0,0,0,0,0,0,0,0,0,0,0,0,0,0,0,0,0,0,0,0,0,0,0,0,0,0,0,0,0,0,0,0,0,0,0,0,0,0,0,0,0,0,0,0,0,0,0,0,0,0,0,0,0,0,15,151,204,255,225,165,114,10,0,0,0,0,0,0,0,0,0,0,0,0,0,0,0,0,0,0,19,138,244,254,248,191,191,209,254,227,49,0,0,0,0,0,0,0,0,0,0,0,0,0,0,0,0,0,125,241,187,40,24,0,0,8,99,248,219,12,0,0,0,0,0,0,0,0,0,0,0,0,0,0,0,0,152,128,0,0,0,0,0,0,0,135,254,58,0,0,0,0,0,0,0,0,0,0,0,0,0,0,0,0,43,108,0,0,0,0,0,0,0,45,254,58,0,0,0,0,0,0,0,0,0,0,0,0,0,0,0,0,0,0,0,0,0,0,0,0,0,145,254,58,0,0,0,0,0,0,0,0,0,0,0,0,0,0,0,0,0,0,0,0,0,0,0,0,20,233,232,18,0,0,0,0,0,0,0,0,0,0,0,0,0,0,0,0,0,0,0,0,0,0,0,0,203,241,35,0,0,0,0,0,0,0,0,0,0,0,0,0,0,0,0,0,0,0,0,0,0,3,59,171,252,235,74,59,17,0,0,0,0,0,0,0,0,0,0,0,0,0,0,0,0,0,0,7,85,169,254,254,228,248,254,254,232,163,48,4,0,0,0,0,0,0,0,0,0,0,0,0,0,0,0,90,254,254,243,110,19,39,44,114,166,243,254,163,28,0,0,0,0,0,0,0,0,0,0,0,0,0,0,170,239,198,39,0,0,0,0,0,0,39,199,252,224,76,0,0,0,0,0,0,0,0,0,0,0,0,0,10,15,0,0,0,0,0,0,0,0,0,0,84,239,212,25,0,0,0,0,0,0,0,0,0,0,0,0,0,0,0,0,0,0,0,0,0,0,0,0,0,89,238,151,0,0,0,0,0,0,0,0,0,0,0,0,0,0,0,0,0,0,0,0,0,0,0,0,0,0,150,246,47,0,0,0,0,0,0,0,0,0,0,0,0,32,138,0,0,0,0,0,0,0,0,0,0,0,117,254,138,0,0,0,0,0,0,0,0,0,0,0,0,112,245,0,0,0,0,0,0,0,0,0,0,0,130,254,138,0,0,0,0,0,0,0,0,0,0,0,0,103,252,175,29,2,0,0,0,0,0,0,16,149,244,238,41,0,0,0,0,0,0,0,0,0,0,0,0,6,163,254,254,196,114,29,14,79,131,192,227,254,247,112,0,0,0,0,0,0,0,0,0,0,0,0,0,0,3,76,188,254,254,254,254,254,254,254,254,162,41,0,0,0,0,0,0,0,0,0,0,0,0,0,0,0,0,0,0,0,0,0,0,0,0,0,0,0,0,0,0,0,0,0,0,0,0,0,0,0,0,0,0,0,0,0,0,0,0,0,0,0,0,0,0,0,0,0,0,0,0,0,0,0,0,0,0,0,0,0,0,0,0,0,0,0,0,0,0,0,0,0,0,0,0,0,0,0,0,0,0,0,0,0,0,0,0,0,0,0,0,0,0,0,0,0,0,0,0,0,0,0,0,0,0,0,0,0,0
0,0,0,0,0,0,0,0,0,0,0,0,0,0,0,0,0,0,0,0,0,0,0,0,0,0,0,0,0,0,0,0,0,0,0,0,0,0,0,0,0,0,0,0,0,0,0,0,0,0,0,0,0,0,0,0,0,0,0,0,0,0,0,0,0,0,0,0,0,0,0,0,0,0,0,0,0,0,0,0,0,0,0,0,0,0,0,0,0,0,0,0,0,0,0,0,0,0,0,0,0,0,0,0,0,0,0,0,0,0,0,0,0,0,0,0,0,0,0,0,0,0,0,0,0,26,104,228,141,141,129,22,0,0,0,0,0,0,0,0,0,0,0,0,0,0,0,0,0,0,0,13,95,243,253,252,252,252,253,234,169,44,0,0,0,0,0,0,0,0,0,0,0,0,0,0,0,0,111,209,252,252,156,56,56,56,168,224,252,228,38,0,0,0,0,0,0,0,0,0,0,0,0,0,0,51,241,252,127,28,0,0,0,0,0,119,252,252,113,0,0,0,0,0,0,0,0,0,0,0,0,0,0,226,255,197,0,0,0,0,0,0,0,0,76,250,229,10,0,0,0,0,0,0,0,0,0,0,0,0,0,225,253,171,0,0,0,0,0,0,0,0,0,200,253,159,0,0,0,0,0,0,0,0,0,0,0,0,67,246,244,56,0,0,0,0,0,0,0,0,0,76,253,196,0,0,0,0,0,0,0,0,0,0,0,0,85,252,175,0,0,0,0,0,0,0,0,0,0,0,253,196,0,0,0,0,0,0,0,0,0,0,0,0,198,253,114,0,0,0,0,0,0,0,0,0,0,0,192,228,31,0,0,0,0,0,0,0,0,0,0,38,234,252,113,0,0,0,0,0,0,0,0,0,0,0,141,252,56,0,0,0,0,0,0,0,0,0,0,57,252,252,113,0,0,0,0,0,0,0,0,0,0,0,178,233,37,0,0,0,0,0,0,0,0,0,0,57,252,252,13,0,0,0,0,0,0,0,0,0,0,0,253,196,0,0,0,0,0,0,0,0,0,0,0,57,253,253,0,0,0,0,0,0,0,0,0,0,10,179,254,184,0,0,0,0,0,0,0,0,0,0,0,57,252,252,26,0,0,0,0,0,0,0,0,13,172,252,247,65,0,0,0,0,0,0,0,0,0,0,0,57,252,252,113,0,0,0,0,0,0,0,10,172,252,252,137,0,0,0,0,0,0,0,0,0,0,0,0,32,228,252,163,0,0,0,0,0,0,0,128,252,252,102,13,0,0,0,0,0,0,0,0,0,0,0,0,0,85,253,254,153,19,0,4,29,66,191,254,247,100,0,0,0,0,0,0,0,0,0,0,0,0,0,0,0,28,209,253,252,224,169,179,252,252,252,222,103,0,0,0,0,0,0,0,0,0,0,0,0,0,0,0,0,0,25,216,252,252,252,253,252,252,177,25,0,0,0,0,0,0,0,0,0,0,0,0,0,0,0,0,0,0,0,16,53,177,252,140,115,28,3,0,0,0,0,0,0,0,0,0,0,0,0,0,0,0,0,0,0,0,0,0,0,0,0,0,0,0,0,0,0,0,0,0,0,0,0,0,0,0,0,0,0,0,0,0,0,0,0,0,0,0,0,0,0,0,0,0,0,0,0,0,0,0,0,0,0,0,0,0,0,0,0,0,0,0,0,0,0,0,0,0,0,0,0,0,0,0,0,0,0,0,0,0,0,0,0,0,0,0,0,0,0,0,0,0,0,0,0,0,0,0,0,0,0,0,0,0,0,0,0,0,0,0
3,0,0,0,0,0,0,0,0,0,0,0,0,0,0,0,0,0,0,0,0,0,0,0,0,0,0,0,0,0,0,0,0,0,0,0,0,0,0,0,0,0,0,0,0,0,0,0,0,0,0,0,0,0,0,0,0,0,0,0,0,0,0,0,0,0,0,0,0,0,0,0,0,0,0,0,0,0,0,0,0,0,0,0,0,0,0,0,0,0,0,0,0,0,0,0,0,0,0,0,0,0,0,0,0,0,0,0,0,0,0,0,0,0,0,0,0,0,0,0,0,0,0,0,0,0,0,0,0,0,0,0,0,0,0,0,0,0,0,0,0,0,0,0,0,0,0,0,0,0,0,147,253,253,253,255,253,222,38,0,0,0,0,0,0,0,0,0,0,0,0,0,0,0,0,0,0,0,226,249,252,252,252,253,252,252,234,146,0,0,0,0,0,0,0,0,0,0,0,0,0,0,0,0,7,135,253,252,252,252,252,253,252,252,252,252,0,0,0,0,0,0,0,0,0,0,0,0,0,0,0,0,26,239,253,226,114,84,84,253,252,252,252,157,0,0,0,0,0,0,0,0,0,0,0,0,0,0,0,0,0,63,112,12,32,140,140,253,252,252,157,50,0,0,0,0,0,0,0,0,0,0,0,0,0,0,0,0,0,0,0,38,222,253,253,255,253,228,47,0,0,0,0,0,0,0,0,0,0,0,0,0,0,0,0,0,0,0,0,85,252,252,252,253,252,246,122,0,0,0,0,0,0,0,0,0,0,0,0,0,0,0,0,0,0,0,0,66,195,195,195,253,252,252,246,119,0,0,0,0,0,0,0,0,0,0,0,0,0,0,0,0,0,0,0,0,0,0,0,84,130,230,252,252,95,0,0,0,0,0,0,0,0,0,0,0,0,0,0,0,0,0,0,0,0,0,0,0,0,25,205,252,203,15,0,0,0,0,0,0,0,0,0,0,0,0,0,0,0,0,0,0,0,0,0,0,0,0,16,203,255,168,0,0,0,0,0,0,0,0,0,0,0,0,0,0,0,0,0,0,0,0,0,0,0,0,0,94,253,167,0,0,0,0,0,0,0,0,0,0,0,0,0,0,0,0,0,0,0,0,0,0,0,0,0,0,253,167,0,0,0,0,0,0,0,0,0,0,0,0,0,0,0,0,0,0,0,0,0,0,0,0,0,0,253,167,0,0,0,0,0,0,0,0,0,0,0,0,0,0,0,0,0,0,0,0,0,0,0,0,0,0,253,167,0,0,0,0,0,0,0,0,0,0,0,0,0,0,76,50,0,0,0,0,0,0,0,0,13,191,255,168,0,0,0,0,0,0,0,0,0,0,0,0,0,51,243,237,85,9,19,85,85,85,85,117,228,252,253,121,0,0,0,0,0,0,0,0,0,0,0,0,0,44,233,252,253,203,209,252,252,253,252,252,252,252,133,6,0,0,0,0,0,0,0,0,0,0,0,0,0,0,153,252,253,252,252,252,252,253,252,252,233,223,0,0,0,0,0,0,0,0,0,0,0,0,0,0,0,0,13,112,253,252,252,252,252,253,204,112,37,0,0,0,0,0,0,0,0,0,0,0,0,0,0,0,0,0,0,0,0,0,0,0,0,0,0,0,0,0,0,0,0,0,0,0,0,0,0,0,0,0,0,0,0,0,0,0,0,0,0,0,0,0,0,0,0,0,0,0,0,0,0,0,0,0,0,0,0,0,0,0,0,0,0,0,0,0,0,0,0,0,0,0,0,0,0,0,0,0,0,0,0,0,0
8,0,0,0,0,0,0,0,0,0,0,0,0,0,0,0,0,0,0,0,0,0,0,0,0,0,0,0,0,0,0,0,0,0,0,0,0,0,0,0,0,0,0,0,0,0,0,0,0,0,0,0,0,0,0,0,0,0,0,0,0,0,0,0,0,0,0,0,0,0,0,0,0,0,0,0,0,0,0,0,0,0,0,0,0,0,0,0,0,0,0,0,0,0,0,0,0,0,0,0,0,0,0,0,0,0,0,0,0,0,0,0,0,0,0,0,0,0,0,0,0,0,13,43,167,255,102,30,0,0,0,0,0,0,0,0,0,0,0,0,0,0,0,0,0,0,0,0,0,46,179,253,253,253,253,239,118,0,0,62,76,57,0,0,0,0,0,0,0,0,0,0,0,0,0,0,1,154,253,253,253,252,251,253,242,121,185,247,253,245,42,5,0,0,0,0,0,0,0,0,0,0,0,0,71,253,253,253,227,93,60,253,253,253,243,210,210,240,253,221,0,0,0,0,0,0,0,0,0,0,0,0,114,253,253,211,25,0,17,253,253,122,49,0,0,173,253,221,0,0,0,0,0,0,0,0,0,0,0,0,114,253,253,38,0,0,2,27,27,2,0,51,130,245,253,216,0,0,0,0,0,0,0,0,0,0,0,0,114,253,253,27,0,0,0,0,0,26,75,235,253,253,234,45,0,0,0,0,0,0,0,0,0,0,0,0,114,253,253,104,50,87,82,56,127,225,253,253,253,253,114,0,0,0,0,0,0,0,0,0,0,0,0,0,61,247,253,253,245,253,252,246,253,253,250,250,246,147,4,0,0,0,0,0,0,0,0,0,0,0,0,0,0,74,217,253,253,253,253,253,253,226,152,75,139,230,97,0,0,0,0,0,0,0,0,0,0,0,0,0,0,0,121,253,253,253,253,253,220,33,0,0,135,253,232,43,0,0,0,0,0,0,0,0,0,0,0,0,1,106,250,253,253,253,253,240,56,0,0,0,20,212,253,168,0,0,0,0,0,0,0,0,0,0,0,0,31,253,253,253,242,111,86,31,0,0,0,0,0,173,253,221,0,0,0,0,0,0,0,0,0,0,0,0,114,253,253,203,39,0,0,0,0,0,0,0,0,173,253,221,0,0,0,0,0,0,0,0,0,0,0,0,218,253,253,31,0,0,0,0,0,0,0,0,38,250,253,221,0,0,0,0,0,0,0,0,0,0,0,0,222,253,198,9,0,0,0,0,0,0,44,112,212,253,253,221,0,0,0,0,0,0,0,0,0,0,0,0,222,253,205,11,0,0,0,0,82,158,239,253,253,253,253,177,0,0,0,0,0,0,0,0,0,0,0,0,162,253,253,250,203,249,249,249,253,253,253,253,253,231,87,2,0,0,0,0,0,0,0,0,0,0,0,0,36,225,253,253,253,253,253,253,253,247,183,183,126,24,0,0,0,0,0,0,0,0,0,0,0,0,0,0,0,41,145,242,253,253,253,230,145,41,0,0,0,0,0,0,0,0,0,0,0,0,0,0,0,0,0,0,0,0,0,0,0,0,0,0,0,0,0,0,0,0,0,0,0,0,0,0,0,0,0,0,0,0,0,0,0,0,0,0,0,0,0,0,0,0,0,0,0,0,0,0,0,0,0,0,0,0,0,0,0,0,0,0,0,0,0,0,0,0,0,0,0,0,0,0,0,0,0,0,0,0,0,0,0,0,0,0,0,0,0,0,0,0,0,0,0,0,0,0,0,0,0,0,0,0,0,0,0,0,0,0,0
3,0,0,0,0,0,0,0,0,0,0,0,0,0,0,0,0,0,0,0,0,0,0,0,0,0,0,0,0,0,0,0,0,0,0,0,0,0,0,0,0,0,0,0,0,0,0,0,0,0,0,0,0,0,0,0,0,0,0,0,0,0,0,0,0,0,0,0,0,0,0,0,0,0,0,0,0,0,0,0,0,0,0,0,0,0,0,0,0,0,0,0,0,0,0,0,0,0,0,0,0,0,0,0,0,0,0,0,0,0,0,0,0,0,0,0,0,0,0,0,0,0,0,0,0,0,0,0,0,0,0,0,0,0,0,0,0,0,0,0,0,0,0,0,0,0,0,0,0,0,0,0,0,0,0,0,0,0,0,0,0,0,0,0,0,0,0,0,0,0,0,0,0,0,0,0,0,0,0,0,0,0,0,0,0,0,0,0,0,0,0,0,0,0,0,0,0,0,0,0,3,94,142,198,198,198,198,198,118,104,105,20,6,0,0,0,0,0,0,0,0,0,0,0,0,0,0,0,129,254,254,254,254,254,254,254,254,254,254,254,219,141,6,0,0,0,0,0,0,0,0,0,0,0,0,0,130,192,113,50,18,18,18,18,99,113,137,231,254,254,18,0,0,0,0,0,0,0,0,0,0,0,0,0,0,0,0,0,0,0,0,0,0,0,30,186,254,213,10,0,0,0,0,0,0,0,0,0,0,0,0,0,0,0,0,0,0,0,0,0,0,32,164,254,247,25,0,0,0,0,0,0,0,0,0,0,0,0,0,0,0,0,0,0,0,0,0,0,28,165,254,245,85,0,0,0,0,0,0,0,0,0,0,0,0,0,0,0,0,0,0,0,0,0,0,7,172,254,247,87,0,0,0,0,0,0,0,0,0,0,0,0,0,0,0,0,0,0,0,0,0,0,0,161,254,254,119,0,0,0,0,0,0,0,0,0,0,0,0,0,0,0,0,0,0,0,0,0,0,0,145,254,254,219,161,174,254,254,219,177,160,105,10,0,0,0,0,0,0,0,0,0,0,0,0,0,0,17,246,254,254,254,254,234,216,216,223,254,254,254,174,10,0,0,0,0,0,0,0,0,0,0,0,0,0,12,216,244,163,80,56,27,0,0,11,56,88,211,254,138,0,0,0,0,0,0,0,0,0,0,0,0,0,0,0,0,0,0,0,0,0,0,0,0,0,124,254,187,0,0,0,0,0,0,0,0,0,0,0,0,0,0,0,0,0,0,0,0,0,0,0,0,16,198,254,201,0,0,0,0,0,0,0,0,0,0,0,0,0,0,0,5,19,19,19,19,19,19,19,104,223,254,234,54,0,0,0,0,0,0,0,0,0,0,0,0,0,0,0,38,210,254,255,254,254,254,254,254,254,235,53,0,0,0,0,0,0,0,0,0,0,0,0,0,0,0,0,0,5,9,69,103,107,134,103,103,72,7,0,0,0,0,0,0,0,0,0,0,0,0,0,0,0,0,0,0,0,0,0,0,0,0,0,0,0,0,0,0,0,0,0,0,0,0,0,0,0,0,0,0,0,0,0,0,0,0,0,0,0,0,0,0,0,0,0,0,0,0,0,0,0,0,0,0,0,0,0,0,0,0,0,0,0,0,0,0,0,0,0,0,0,0,0,0,0,0,0,0,0,0,0,0,0,0,0,0,0,0,0,0,0,0,0,0,0,0,0,0,0,0,0,0,0,0,0,0,0,0,0,0,0,0,0,0,0,0,0,0,0,0,0,0,0,0,0,0,0,0,0,0,0,0,0,0,0
1,0,0,0,0,0,0,0,0,0,0,0,0,0,0,0,0,0,0,0,0,0,0,0,0,0,0,0,0,0,0,0,0,0,0,0,0,0,0,0,0,0,0,0,0,0,0,0,0,0,0,0,0,0,0,0,0,0,0,0,0,0,0,0,0,0,0,0,0,0,0,0,0,0,0,0,0,0,0,0,0,0,0,0,0,0,0,0,0,0,0,0,0,0,0,0,0,0,0,0,0,0,0,0,0,0,0,0,0,0,0,0,0,0,0,0,0,0,0,0,0,0,0,0,0,0,0,179,219,22,0,0,0,0,0,0,0,0,0,0,0,0,0,0,0,0,0,0,0,0,0,0,0,0,43,225,254,113,0,0,0,0,0,0,0,0,0,0,0,0,0,0,0,0,0,0,0,0,0,0,0,6,180,254,254,79,0,0,0,0,0,0,0,0,0,0,0,0,0,0,0,0,0,0,0,0,0,0,0,18,228,254,254,41,0,0,0,0,0,0,0,0,0,0,0,0,0,0,0,0,0,0,0,0,0,0,0,9,193,254,254,97,0,0,0,0,0,0,0,0,0,0,0,0,0,0,0,0,0,0,0,0,0,0,0,3,171,254,222,24,0,0,0,0,0,0,0,0,0,0,0,0,0,0,0,0,0,0,0,0,0,0,0,1,163,254,213,19,0,0,0,0,0,0,0,0,0,0,0,0,0,0,0,0,0,0,0,0,0,0,0,24,254,254,177,0,0,0,0,0,0,0,0,0,0,0,0,0,0,0,0,0,0,0,0,0,0,0,0,24,254,254,177,0,0,0,0,0,0,0,0,0,0,0,0,0,0,0,0,0,0,0,0,0,0,0,0,24,254,255,231,29,0,0,0,0,0,0,0,0,0,0,0,0,0,0,0,0,0,0,0,0,0,0,0,24,254,254,254,41,0,0,0,0,0,0,0,0,0,0,0,0,0,0,0,0,0,0,0,0,0,0,0,24,254,255,254,41,0,0,0,0,0,0,0,0,0,0,0,0,0,0,0,0,0,0,0,0,0,0,0,24,254,254,220,23,0,0,0,0,0,0,0,0,0,0,0,0,0,0,0,0,0,0,0,0,0,0,0,24,254,254,177,0,0,0,0,0,0,0,0,0,0,0,0,0,0,0,0,0,0,0,0,0,0,0,0,24,254,255,222,24,0,0,0,0,0,0,0,0,0,0,0,0,0,0,0,0,0,0,0,0,0,0,0,24,254,254,240,33,0,0,0,0,0,0,0,0,0,0,0,0,0,0,0,0,0,0,0,0,0,0,0,24,254,254,233,30,0,0,0,0,0,0,0,0,0,0,0,0,0,0,0,0,0,0,0,0,0,0,0,24,254,254,254,41,0,0,0,0,0,0,0,0,0,0,0,0,0,0,0,0,0,0,0,0,0,0,0,24,254,254,254,41,0,0,0,0,0,0,0,0,0,0,0,0,0,0,0,0,0,0,0,0,0,0,0,24,254,227,100,3,0,0,0,0,0,0,0,0,0,0,0,0,0,0,0,0,0,0,0,0,0,0,0,0,0,0,0,0,0,0,0,0,0,0,0,0,0,0,0,0,0,0,0,0,0,0,0,0,0,0,0,0,0,0,0,0,0,0,0,0,0,0,0,0,0,0,0,0,0,0,0,0,0,0,0,0,0,0,0,0,0,0,0,0,0,0,0,0,0,0,0,0,0,0,0,0,0,0,0,0,0,0,0,0,0,0,0,0,0,0,0,0,0,0,0,0,0,0,0,0,0,0,0
9,0,0,0,0,0,0,0,0,0,0,0,0,0,0,0,0,0,0,0,0,0,0,0,0,0,0,0,0,0,0,0,0,0,0,0,0,0,0,0,0,0,0,0,0,0,0,0,0,0,0,0,0,0,0,0,0,0,0,0,0,0,0,0,0,0,0,0,0,0,0,0,0,0,0,0,0,0,0,0,0,0,0,0,0,0,0,0,0,0,0,0,0,0,0,0,0,0,0,0,0,0,0,0,0,0,0,0,0,0,0,0,0,0,0,0,0,0,0,0,0,0,0,0,0,0,0,0,0,0,0,0,0,0,0,0,0,0,0,0,0,0,0,0,0,0,0,0,0,0,0,0,0,0,15,126,210,245,123,0,0,0,0,0,0,0,0,0,0,0,0,0,0,0,0,0,0,0,0,0,0,42,226,254,254,254,254,116,0,0,0,0,0,0,0,0,0,0,0,0,0,0,0,0,0,0,0,0,16,198,254,137,8,88,238,146,0,0,0,0,0,0,0,0,0,0,0,0,0,0,0,0,0,0,0,0,158,254,108,3,0,24,94,229,0,0,0,0,0,0,0,0,0,0,0,0,0,0,0,0,0,0,0,105,253,158,3,0,85,233,60,152,0,0,0,0,0,0,0,0,0,0,0,0,0,0,0,0,0,0,0,193,224,22,0,0,122,254,146,83,0,0,0,0,0,0,0,0,0,0,0,0,0,0,0,0,0,0,104,252,125,0,0,0,170,254,150,0,0,0,0,0,0,0,0,0,0,0,0,0,0,0,0,0,0,0,194,243,34,0,0,22,233,254,142,0,0,0,0,0,0,0,0,0,0,0,0,0,0,0,0,0,0,13,238,198,0,0,0,115,254,254,142,0,0,0,0,0,0,0,0,0,0,0,0,0,0,0,0,0,0,138,254,125,0,0,37,221,254,254,142,0,0,0,0,0,0,0,0,0,0,0,0,0,0,0,0,0,0,151,254,163,26,85,221,235,234,254,142,0,0,0,0,0,0,0,0,0,0,0,0,0,0,0,0,0,0,102,252,254,239,254,249,83,122,254,171,0,0,0,0,0,0,0,0,0,0,0,0,0,0,0,0,0,0,0,118,224,224,178,85,0,122,254,211,0,0,0,0,0,0,0,0,0,0,0,0,0,0,0,0,0,0,0,0,0,0,0,0,0,122,254,190,0,0,0,0,0,0,0,0,0,0,0,0,0,0,0,0,0,0,0,0,0,0,0,0,0,122,254,208,0,0,0,0,0,0,0,0,0,0,0,0,0,0,0,0,0,0,0,0,0,0,0,0,0,122,254,239,25,0,0,0,0,0,0,0,0,0,0,0,0,0,0,0,0,0,0,0,0,0,0,0,0,57,252,254,65,0,0,0,0,0,0,0,0,0,0,0,0,0,0,0,0,0,0,0,0,0,0,0,0,0,141,254,146,0,0,0,0,0,0,0,0,0,0,0,0,0,0,0,0,0,0,0,0,0,0,0,0,0,118,254,214,23,0,0,0,0,0,0,0,0,0,0,0,0,0,0,0,0,0,0,0,0,0,0,0,0,48,236,151,21,0,0,0,0,0,0,0,0,0,0,0,0,0,0,0,0,0,0,0,0,0,0,0,0,0,0,0,0,0,0,0,0,0,0,0,0,0,0,0,0,0,0,0,0,0,0,0,0,0,0,0,0,0,0,0,0,0,0,0,0,0,0,0,0,0,0,0,0,0,0,0,0,0,0,0,0,0,0,0,0,0,0,0,0,0,0,0,0,0,0,0,0
3,0,0,0,0,0,0,0,0,0,0,0,0,0,0,0,0,0,0,0,0,0,0,0,0,0,0,0,0,0,0,0,0,0,0,0,0,0,0,0,0,0,0,0,0,0,0,0,0,0,0,0,0,0,0,0,0,0,0,0,0,0,0,0,0,0,0,0,0,0,0,0,0,0,0,0,0,0,0,0,0,0,0,0,0,0,0,0,0,0,0,0,0,152,131,51,51,152,71,41,0,0,0,0,0,0,0,0,0,0,0,0,0,0,0,0,0,0,0,0,0,112,252,253,252,253,252,243,122,0,0,0,0,0,0,0,0,0,0,0,0,0,0,0,0,0,0,0,0,0,82,102,142,203,162,173,253,102,0,0,0,0,0,0,0,0,0,0,0,0,0,0,0,0,0,0,0,0,0,0,0,0,0,10,212,102,0,0,0,0,0,0,0,0,0,0,0,0,0,0,0,0,0,0,0,0,0,0,0,0,0,11,213,102,0,0,0,0,0,0,0,0,0,0,0,0,0,0,0,0,0,0,0,0,0,0,0,0,0,92,252,102,0,0,0,0,0,0,0,0,0,0,0,0,0,0,0,0,0,0,0,0,0,0,0,0,21,254,233,41,0,0,0,0,0,0,0,0,0,0,0,0,0,0,0,0,0,0,0,0,0,0,0,0,142,253,151,0,0,0,0,0,0,0,0,0,0,0,0,0,0,0,0,0,0,0,0,0,0,0,0,132,253,244,40,0,0,0,0,0,0,0,0,0,0,0,0,0,0,0,0,0,0,0,0,0,0,0,82,253,252,203,0,0,0,0,0,0,0,0,0,0,0,0,0,0,0,0,0,0,0,0,0,0,0,0,41,234,253,254,213,82,0,0,0,0,0,0,0,0,0,0,0,0,0,0,0,0,0,0,0,0,0,0,0,51,151,213,252,243,81,0,0,0,0,0,0,0,0,0,0,0,0,0,0,0,0,0,0,0,0,0,0,0,0,0,123,234,172,21,0,0,0,0,0,0,0,0,0,0,0,0,0,0,0,0,0,0,41,82,0,0,0,0,0,112,252,183,0,0,0,0,0,0,0,0,0,0,0,0,0,0,0,0,0,0,163,203,0,0,0,0,0,41,243,254,50,0,0,0,0,0,0,0,0,0,0,0,0,0,0,0,0,0,122,243,122,0,0,0,0,0,203,253,50,0,0,0,0,0,0,0,0,0,0,0,0,0,0,0,0,0,82,255,253,132,31,0,0,92,253,255,50,0,0,0,0,0,0,0,0,0,0,0,0,0,0,0,0,0,0,172,252,253,232,203,203,253,252,172,10,0,0,0,0,0,0,0,0,0,0,0,0,0,0,0,0,0,0,41,223,255,253,255,253,255,213,0,0,0,0,0,0,0,0,0,0,0,0,0,0,0,0,0,0,0,0,0,20,131,252,253,212,91,10,0,0,0,0,0,0,0,0,0,0,0,0,0,0,0,0,0,0,0,0,0,0,0,0,0,0,0,0,0,0,0,0,0,0,0,0,0,0,0,0,0,0,0,0,0,0,0,0,0,0,0,0,0,0,0,0,0,0,0,0,0,0,0,0,0,0,0,0,0,0,0,0,0,0,0,0,0,0,0,0,0,0,0,0,0,0,0,0,0,0,0,0,0,0,0,0,0,0,0,0,0,0,0,0,0,0,0,0,0,0,0,0,0,0,0,0,0,0,0,0,0,0,0,0,0,0,0,0,0,0,0,0,0,0,0,0,0,0,0,0,0,0,0,0,0,0,0,0,0,0
4,0,0,0,0,0,0,0,0,0,0,0,0,0,0,0,0,0,0,0,0,0,0,0,0,0,0,0,0,0,0,0,0,0,0,0,0,0,0,0,0,0,0,0,0,0,0,0,0,0,0,0,0,0,0,0,0,0,0,0,0,0,0,0,0,0,0,0,0,0,0,0,0,0,0,0,0,0,0,0,0,0,0,0,0,0,0,0,0,0,0,0,0,0,0,0,0,0,0,0,0,0,0,0,0,0,0,0,0,0,0,0,0,0,0,0,0,0,0,0,0,0,0,0,0,0,0,0,0,0,0,0,0,0,0,0,0,0,0,0,0,0,0,0,0,0,0,0,0,0,0,0,0,93,254,237,34,0,0,0,0,0,0,0,0,0,0,0,0,0,0,0,0,0,0,0,0,0,0,0,0,188,253,236,34,0,6,52,0,0,0,0,0,0,0,0,0,0,0,0,0,0,0,0,0,0,0,0,0,188,253,221,0,0,115,220,22,0,0,0,0,0,0,0,0,0,0,0,0,0,0,0,0,0,0,0,4,194,253,58,0,0,142,253,55,0,0,0,0,0,0,0,0,0,0,0,0,0,0,0,0,0,0,0,117,253,229,0,0,0,243,253,55,0,0,0,0,0,0,0,0,0,0,0,0,0,0,0,0,0,0,4,189,253,143,0,0,0,243,253,55,0,0,0,0,0,0,0,0,0,0,0,0,0,0,0,0,0,0,166,253,182,12,0,0,0,243,253,55,0,0,0,0,0,0,0,0,0,0,0,0,0,0,0,0,0,0,232,253,156,0,0,0,18,245,253,55,0,0,0,0,0,0,0,0,0,0,0,0,0,0,0,0,0,66,248,187,17,0,0,0,100,253,253,55,0,0,0,0,0,0,0,0,0,0,0,0,0,0,0,0,0,89,253,99,0,0,0,0,100,253,229,31,0,0,0,0,0,0,0,0,0,0,0,0,0,0,0,0,0,200,254,100,0,0,0,101,187,255,199,0,0,0,0,0,0,0,0,0,0,0,0,0,0,0,0,0,15,213,253,99,0,0,82,230,253,253,121,0,0,0,0,0,0,0,0,0,0,0,0,0,0,0,0,0,10,208,253,208,57,148,254,253,253,253,88,0,0,0,0,0,0,0,0,0,0,0,0,0,0,0,0,0,0,86,252,253,249,253,242,112,235,251,80,0,0,0,0,0,0,0,0,0,0,0,0,0,0,0,0,0,0,0,133,198,198,198,39,91,253,231,0,0,0,0,0,0,0,0,0,0,0,0,0,0,0,0,0,0,0,0,0,0,0,0,0,177,253,192,0,0,0,0,0,0,0,0,0,0,0,0,0,0,0,0,0,0,0,0,0,0,0,0,0,177,253,68,0,0,0,0,0,0,0,0,0,0,0,0,0,0,0,0,0,0,0,0,0,0,0,0,21,224,253,10,0,0,0,0,0,0,0,0,0,0,0,0,0,0,0,0,0,0,0,0,0,0,0,0,116,253,179,3,0,0,0,0,0,0,0,0,0,0,0,0,0,0,0,0,0,0,0,0,0,0,0,0,96,224,39,0,0,0,0,0,0,0,0,0,0,0,0,0,0,0,0,0,0,0,0,0,0,0,0,0,0,0,0,0,0,0,0,0,0,0,0,0,0,0,0,0,0,0,0,0,0,0,0,0,0,0,0,0,0,0,0,0,0,0,0,0,0,0,0,0,0,0,0,0,0,0,0,0,0,0,0,0,0,0,0,0,0,0,0,0,0,0,0,0,0,0,0,0,0,0
4,0,0,0,0,0,0,0,0,0,0,0,0,0,0,0,0,0,0,0,0,0,0,0,0,0,0,0,0,0,0,0,0,0,0,0,0,0,0,0,0,0,0,0,0,0,0,0,0,0,0,0,0,0,0,0,0,0,0,0,0,0,0,0,0,0,0,0,0,0,0,0,0,0,0,0,0,0,0,0,0,0,0,0,0,0,0,0,0,0,0,0,0,0,0,0,0,0,0,0,0,0,0,0,0,0,0,0,0,0,0,0,0,0,0,0,0,0,0,0,0,0,0,0,0,0,0,0,0,0,111,168,45,0,0,0,0,0,0,0,0,0,0,0,0,0,0,0,0,0,0,0,0,0,0,0,0,0,177,254,91,0,0,0,0,0,0,0,0,0,0,0,0,0,0,0,0,47,69,0,0,0,0,0,0,0,177,254,91,0,0,0,0,0,0,0,0,0,0,0,0,0,0,0,0,159,197,14,0,0,0,0,0,49,249,254,91,0,0,0,0,0,0,0,0,0,0,0,0,0,0,0,44,243,254,32,0,0,0,0,0,53,254,254,91,0,0,0,0,0,0,0,0,0,0,0,0,0,0,0,72,248,254,32,0,0,0,0,0,26,215,254,91,0,0,0,0,0,0,0,0,0,0,0,0,0,0,0,96,252,254,32,0,0,0,0,0,53,254,254,91,0,0,0,0,0,0,0,0,0,0,0,0,0,0,0,112,254,254,32,0,0,0,0,0,160,254,254,91,0,0,0,0,0,0,0,0,0,0,0,0,0,0,0,112,254,254,32,0,0,0,0,0,184,254,254,91,0,0,0,0,0,0,0,0,0,0,0,0,0,0,0,145,254,254,32,0,0,0,0,0,184,254,254,91,0,6,63,0,0,0,0,0,0,0,0,0,0,0,0,243,254,254,32,0,0,0,0,0,184,254,254,99,73,195,211,0,0,0,0,0,0,0,0,0,0,0,0,243,254,254,32,18,53,53,87,184,235,254,254,218,236,71,31,0,0,0,0,0,0,0,0,0,0,0,0,243,254,254,120,203,254,254,255,254,254,254,254,225,187,0,0,0,0,0,0,0,0,0,0,0,0,0,80,251,254,254,254,254,254,243,215,185,207,254,254,91,0,0,0,0,0,0,0,0,0,0,0,0,0,0,119,254,254,254,243,222,114,65,0,0,184,254,254,91,0,0,0,0,0,0,0,0,0,0,0,0,0,0,46,247,254,231,79,0,0,0,0,0,184,254,254,91,0,0,0,0,0,0,0,0,0,0,0,0,0,0,0,100,104,11,0,0,0,0,0,0,107,254,254,91,0,0,0,0,0,0,0,0,0,0,0,0,0,0,0,0,0,0,0,0,0,0,0,0,53,254,254,91,0,0,0,0,0,0,0,0,0,0,0,0,0,0,0,0,0,0,0,0,0,0,0,0,52,253,254,91,0,0,0,0,0,0,0,0,0,0,0,0,0,0,0,0,0,0,0,0,0,0,0,0,0,177,254,91,0,0,0,0,0,0,0,0,0,0,0,0,0,0,0,0,0,0,0,0,0,0,0,0,0,0,0,0,0,0,0,0,0,0,0,0,0,0,0,0,0,0,0,0,0,0,0,0,0,0,0,0,0,0,0,0,0,0,0,0,0,0,0,0,0,0,0,0,0,0,0,0,0,0,0,0,0,0,0,0,0,0,0,0,0,0,0,0,0,0,0,0,0,0,0,0,0,0,0,0,0,0,0,0,0,0,0,0,0,0,0,0,0,0,0,0,0,0,0,0
6,0,0,0,0,0,0,0,0,0,0,0,0,0,0,0,0,0,0,0,0,0,0,0,0,0,0,0,0,0,0,0,0,0,0,0,0,0,0,0,0,0,0,0,0,0,0,0,0,0,0,0,0,0,0,0,0,0,0,0,0,0,0,0,0,0,0,0,0,0,0,0,0,0,0,0,0,0,0,0,0,0,0,0,0,0,0,0,0,0,0,0,0,0,0,0,0,0,33,207,255,138,3,0,0,0,0,0,0,0,0,0,0,0,0,0,0,0,0,0,0,0,0,0,0,17,197,253,253,253,8,0,0,0,0,0,0,0,0,0,0,0,0,0,0,0,0,0,0,0,0,0,0,70,253,253,253,253,8,0,0,0,0,0,0,0,0,0,0,0,0,0,0,0,0,0,0,0,0,0,0,202,253,253,253,160,4,0,0,0,0,0,0,0,0,0,0,0,0,0,0,0,0,0,0,0,0,0,0,202,253,251,148,12,0,0,0,0,0,0,0,0,0,0,0,0,0,0,0,0,0,0,0,0,0,107,124,227,253,244,0,0,0,0,0,0,0,0,0,0,0,0,0,0,0,0,0,0,0,0,0,0,0,219,253,253,253,105,0,0,0,0,0,0,0,0,0,0,0,0,0,0,0,0,0,0,0,0,0,0,0,219,253,242,147,41,0,0,0,0,0,0,0,0,0,0,0,0,0,0,0,0,0,0,0,0,0,0,0,219,253,226,0,0,0,0,0,0,0,0,0,0,0,0,0,0,0,0,0,0,0,0,0,0,0,0,0,219,253,226,0,0,0,0,0,0,0,0,0,0,0,0,0,0,0,0,0,0,0,0,0,0,0,0,0,219,253,226,0,0,0,0,0,0,0,0,0,0,0,0,0,0,0,0,0,0,0,0,0,0,0,0,136,252,253,113,143,246,246,130,241,246,209,34,0,0,0,0,0,0,0,0,0,0,0,0,0,0,0,0,140,253,253,253,253,253,253,253,253,253,253,122,0,0,0,0,0,0,0,0,0,0,0,0,0,0,0,0,43,230,253,253,231,200,200,85,25,159,253,240,75,0,0,0,0,0,0,0,0,0,0,0,0,0,0,0,140,253,253,239,71,0,0,0,0,72,240,253,218,0,0,0,0,0,0,0,0,0,0,0,0,0,0,0,24,225,253,248,137,10,0,0,0,125,249,253,218,0,0,0,0,0,0,0,0,0,0,0,0,0,0,0,0,219,253,253,253,151,115,115,115,196,253,253,138,0,0,0,0,0,0,0,0,0,0,0,0,0,0,0,0,83,235,249,253,253,253,253,253,253,253,152,10,0,0,0,0,0,0,0,0,0,0,0,0,0,0,0,0,0,0,192,196,253,253,253,253,253,165,75,0,0,0,0,0,0,0,0,0,0,0,0,0,0,0,0,0,0,0,54,33,78,138,137,78,78,8,0,0,0,0,0,0,0,0,0,0,0,0,0,0,0,0,0,0,0,0,0,0,0,0,0,0,0,0,0,0,0,0,0,0,0,0,0,0,0,0,0,0,0,0,0,0,0,0,0,0,0,0,0,0,0,0,0,0,0,0,0,0,0,0,0,0,0,0,0,0,0,0,0,0,0,0,0,0,0,0,0,0,0,0,0,0,0,0,0,0,0,0,0,0,0,0,0,0,0,0,0,0,0,0,0,0,0,0,0,0,0,0,0,0,0,0,0,0,0,0,0,0,0,0,0,0,0,0,0,0,0,0,0,0,0,0,0,0,0,0,0,0,0,0,0,0,0,0
4,0,0,0,0,0,0,0,0,0,0,0,0,0,0,0,0,0,0,0,0,0,0,0,0,0,0,0,0,0,0,0,0,0,0,0,0,0,0,0,0,0,0,0,0,0,0,0,0,0,0,0,0,0,0,0,0,0,0,0,0,0,0,0,0,0,0,0,0,0,0,0,0,0,0,0,0,0,0,0,0,0,0,0,0,0,0,0,0,0,0,0,0,0,0,0,0,0,0,0,0,0,0,0,0,0,0,0,0,0,0,0,0,0,0,0,0,0,0,0,0,0,0,0,0,0,0,0,0,0,0,0,0,0,0,0,0,0,0,0,0,0,0,0,0,0,0,0,0,0,0,0,0,0,0,0,0,0,0,0,0,0,6,197,253,0,0,0,0,0,0,0,0,0,0,0,0,0,0,0,0,0,0,0,0,0,0,0,0,0,45,252,252,0,0,0,0,0,0,0,0,0,0,0,0,0,79,52,0,0,0,0,0,0,0,0,0,0,135,252,252,0,0,0,0,0,0,0,0,0,0,0,0,111,250,237,0,0,0,0,0,0,0,0,0,6,206,252,194,0,0,0,0,0,0,0,0,0,0,0,15,222,252,241,0,0,0,0,0,0,0,0,0,36,252,252,119,0,0,0,0,0,0,0,0,0,0,0,23,252,252,203,0,0,0,0,0,0,0,0,0,122,252,225,21,0,0,0,0,0,0,0,0,0,0,0,176,252,248,30,0,0,0,0,0,0,0,0,4,223,252,170,0,0,0,0,0,0,0,0,0,0,0,81,248,243,88,0,0,0,0,0,0,0,4,69,188,252,245,54,0,0,0,0,0,0,0,0,0,0,50,241,252,116,0,0,0,0,0,0,0,0,56,252,252,252,174,0,0,0,0,0,0,0,0,0,0,0,115,252,243,50,0,0,0,0,0,49,78,111,233,252,252,252,99,0,0,0,0,0,0,0,0,0,0,48,253,253,59,0,65,143,162,253,253,255,253,253,226,204,253,165,0,0,0,0,0,0,0,0,0,0,0,143,252,183,3,116,236,252,252,232,186,187,186,95,52,226,252,21,0,0,0,0,0,0,0,0,0,0,0,186,252,235,209,237,252,205,86,30,0,0,0,0,114,252,218,13,0,0,0,0,0,0,0,0,0,0,0,196,252,252,231,206,82,6,0,0,0,0,0,0,132,252,107,0,0,0,0,0,0,0,0,0,0,0,0,50,88,88,4,0,0,0,0,0,0,0,0,22,206,216,19,0,0,0,0,0,0,0,0,0,0,0,0,0,0,0,0,0,0,0,0,0,0,0,0,186,252,197,0,0,0,0,0,0,0,0,0,0,0,0,0,0,0,0,0,0,0,0,0,0,0,0,32,230,252,248,98,0,0,0,0,0,0,0,0,0,0,0,0,0,0,0,0,0,0,0,0,0,0,0,133,252,252,219,22,0,0,0,0,0,0,0,0,0,0,0,0,0,0,0,0,0,0,0,0,0,0,0,75,239,236,51,0,0,0,0,0,0,0,0,0,0,0,0,0,0,0,0,0,0,0,0,0,0,0,0,0,70,34,0,0,0,0,0,0,0,0,0,0,0,0,0,0,0,0,0,0,0,0,0,0,0,0,0,0,0,0,0,0,0,0,0,0,0,0,0,0,0,0,0,0,0,0,0,0,0,0,0,0,0,0,0,0,0,0,0,0,0,0,0,0,0,0,0,0,0,0,0,0,0,0,0,0,0,0,0,0,0,0,0,0,0,0,0,0,0,0,0,0,0,0,0,0
2,0,0,0,0,0,0,0,0,0,0,0,0,0,0,0,0,0,0,0,0,0,0,0,0,0,0,0,0,0,0,0,0,0,0,0,0,0,0,0,0,0,0,0,0,0,0,0,0,0,0,0,0,0,0,0,0,0,0,0,0,0,0,0,0,0,0,0,0,0,0,0,0,0,0,0,0,0,0,0,0,0,0,0,0,0,0,0,0,0,52,79,6,0,0,0,0,0,0,0,0,0,0,0,0,0,0,0,0,0,0,0,0,0,0,0,0,0,221,253,245,245,230,76,0,0,0,0,0,0,0,0,0,0,0,0,0,0,0,0,0,0,0,0,0,0,131,191,227,253,253,250,197,57,0,0,0,0,0,0,0,0,0,0,0,0,0,0,0,0,0,0,0,0,0,0,15,44,98,244,253,236,107,17,0,0,0,0,0,0,0,0,0,0,0,0,0,0,0,0,0,0,0,0,0,0,0,29,114,242,253,138,0,0,0,0,0,0,0,0,0,0,0,0,0,0,0,0,0,0,0,0,0,0,0,0,0,106,243,253,127,2,0,0,0,0,0,0,0,0,0,0,0,0,0,0,0,0,0,0,0,0,0,0,0,0,71,218,254,78,0,0,0,0,0,0,0,0,0,0,0,0,0,0,0,0,0,0,0,0,0,0,0,0,0,132,254,167,2,0,0,0,0,0,0,0,0,0,0,0,0,0,0,0,0,0,0,0,0,0,0,0,0,0,254,253,81,0,0,0,0,0,0,0,0,0,0,0,0,0,0,0,0,0,0,0,0,0,0,0,0,61,254,253,74,0,0,0,0,0,0,0,0,0,0,0,0,0,0,0,0,0,0,0,0,0,0,0,0,175,255,254,17,0,0,0,0,0,0,0,0,0,0,0,0,0,0,0,0,0,0,0,0,0,0,0,3,196,254,130,1,0,0,0,0,0,0,0,0,0,0,0,0,0,0,0,0,0,0,0,0,0,0,0,172,253,254,44,0,0,0,0,0,0,0,0,0,0,0,0,0,0,0,0,0,0,0,0,0,0,0,34,246,253,164,1,0,0,0,0,0,0,0,0,0,0,0,0,0,0,0,0,0,0,0,0,0,0,0,121,253,253,73,0,0,0,0,0,0,0,0,0,0,0,0,0,0,0,0,0,0,0,0,0,0,0,4,201,253,138,0,0,0,0,0,0,0,0,0,0,0,0,0,0,0,0,0,0,0,0,0,0,0,0,27,253,253,78,0,0,0,0,0,0,12,93,147,171,0,0,0,0,0,0,0,0,0,0,0,0,0,0,27,253,253,181,106,106,106,153,192,192,219,253,253,180,0,0,0,0,0,0,0,0,0,0,0,0,0,0,8,203,253,253,254,253,253,253,253,253,252,177,94,22,0,0,0,0,0,0,0,0,0,0,0,0,0,0,0,6,78,78,79,78,78,78,78,78,70,0,0,0,0,0,0,0,0,0,0,0,0,0,0,0,0,0,0,0,0,0,0,0,0,0,0,0,0,0,0,0,0,0,0,0,0,0,0,0,0,0,0,0,0,0,0,0,0,0,0,0,0,0,0,0,0,0,0,0,0,0,0,0,0,0,0,0,0,0,0,0,0,0,0,0,0,0,0,0,0,0,0,0,0,0,0,0,0,0,0,0,0,0,0,0,0,0,0,0,0,0,0,0,0,0,0,0,0,0,0,0,0,0,0,0,0,0,0,0,0,0,0,0,0,0,0,0,0,0,0,0,0,0,0,0,0,0,0,0,0,0,0,0,0,0,0
1,0,0,0,0,0,0,0,0,0,0,0,0,0,0,0,0,0,0,0,0,0,0,0,0,0,0,0,0,0,0,0,0,0,0,0,0,0,0,0,0,0,0,0,0,0,0,0,0,0,0,0,0,0,0,0,0,0,0,0,0,0,0,0,0,0,0,0,0,0,0,0,0,0,0,0,0,0,0,0,0,0,0,0,0,0,0,0,0,0,0,0,0,0,0,0,0,0,0,0,0,0,0,0,0,0,0,0,0,0,0,0,0,0,0,0,0,0,0,0,0,0,0,0,0,0,0,0,88,195,35,0,0,0,0,0,0,0,0,0,0,0,0,0,0,0,0,0,0,0,0,0,0,0,0,0,235,253,54,0,0,0,0,0,0,0,0,0,0,0,0,0,0,0,0,0,0,0,0,0,0,0,0,37,244,253,54,0,0,0,0,0,0,0,0,0,0,0,0,0,0,0,0,0,0,0,0,0,0,0,0,16,239,253,54,0,0,0,0,0,0,0,0,0,0,0,0,0,0,0,0,0,0,0,0,0,0,0,0,59,242,194,16,0,0,0,0,0,0,0,0,0,0,0,0,0,0,0,0,0,0,0,0,0,0,0,0,222,254,127,0,0,0,0,0,0,0,0,0,0,0,0,0,0,0,0,0,0,0,0,0,0,0,0,53,254,253,75,0,0,0,0,0,0,0,0,0,0,0,0,0,0,0,0,0,0,0,0,0,0,0,0,136,254,253,36,0,0,0,0,0,0,0,0,0,0,0,0,0,0,0,0,0,0,0,0,0,0,0,15,238,254,253,36,0,0,0,0,0,0,0,0,0,0,0,0,0,0,0,0,0,0,0,0,0,0,0,51,253,254,253,36,0,0,0,0,0,0,0,0,0,0,0,0,0,0,0,0,0,0,0,0,0,0,0,110,254,255,160,13,0,0,0,0,0,0,0,0,0,0,0,0,0,0,0,0,0,0,0,0,0,0,0,160,253,254,89,0,0,0,0,0,0,0,0,0,0,0,0,0,0,0,0,0,0,0,0,0,0,0,32,245,253,254,18,0,0,0,0,0,0,0,0,0,0,0,0,0,0,0,0,0,0,0,0,0,0,0,37,253,253,196,4,0,0,0,0,0,0,0,0,0,0,0,0,0,0,0,0,0,0,0,0,0,0,0,166,253,253,181,0,0,0,0,0,0,0,0,0,0,0,0,0,0,0,0,0,0,0,0,0,0,0,16,176,254,254,124,0,0,0,0,0,0,0,0,0,0,0,0,0,0,0,0,0,0,0,0,0,0,0,43,213,253,253,104,0,0,0,0,0,0,0,0,0,0,0,0,0,0,0,0,0,0,0,0,0,0,0,8,177,253,253,79,0,0,0,0,0,0,0,0,0,0,0,0,0,0,0,0,0,0,0,0,0,0,0,32,237,253,246,20,0,0,0,0,0,0,0,0,0,0,0,0,0,0,0,0,0,0,0,0,0,0,0,0,88,155,98,0,0,0,0,0,0,0,0,0,0,0,0,0,0,0,0,0,0,0,0,0,0,0,0,0,0,0,0,0,0,0,0,0,0,0,0,0,0,0,0,0,0,0,0,0,0,0,0,0,0,0,0,0,0,0,0,0,0,0,0,0,0,0,0,0,0,0,0,0,0,0,0,0,0,0,0,0,0,0,0,0,0,0,0,0,0,0,0,0,0,0,0,0,0,0,0,0,0,0,0,0,0,0,0,0,0,0,0,0,0,0,0,0,0,0,0,0,0,0,0,0,0,0,0,0,0
8,0,0,0,0,0,0,0,0,0,0,0,0,0,0,0,0,0,0,0,0,0,0,0,0,0,0,0,0,0,0,0,0,0,0,0,0,0,0,0,0,0,0,0,0,0,0,0,0,0,0,0,0,0,0,0,0,0,0,0,0,0,0,0,0,0,0,0,0,0,0,0,0,0,0,0,0,0,0,0,0,0,0,0,0,0,0,0,0,0,0,0,0,0,0,0,0,0,0,0,0,0,0,0,0,0,0,0,0,0,0,0,0,0,0,0,0,0,0,0,0,0,0,0,0,0,0,0,0,74,160,223,167,54,0,0,0,0,0,0,0,0,0,0,0,0,0,0,0,0,0,0,0,0,0,0,123,245,212,122,181,234,39,0,0,0,0,0,0,0,0,0,0,0,0,0,0,0,0,0,0,0,0,43,252,103,0,0,11,182,148,0,0,0,0,0,0,0,0,0,0,0,0,0,0,0,0,0,0,0,48,232,63,0,0,0,0,207,140,0,0,0,0,0,0,0,0,0,0,0,0,0,0,0,0,0,0,50,225,102,0,0,0,0,97,247,61,0,0,0,0,0,0,0,0,0,0,0,0,0,0,0,0,0,7,193,176,0,0,0,0,41,226,186,0,0,0,0,0,0,0,0,0,0,0,0,0,0,0,0,0,0,85,214,11,0,0,0,39,229,189,14,0,0,0,0,0,0,0,0,0,0,0,0,0,0,0,0,0,0,85,197,0,0,0,65,228,188,46,0,0,0,0,0,0,0,0,0,0,0,0,0,0,0,0,0,0,0,85,224,203,147,147,250,193,44,0,0,0,0,0,0,0,0,0,0,0,0,0,0,0,0,0,0,0,0,85,254,138,194,160,111,15,0,0,0,0,0,0,0,0,0,0,0,0,0,0,0,0,0,0,0,0,5,129,255,163,17,0,0,0,0,0,0,0,0,0,0,0,0,0,0,0,0,0,0,0,0,0,0,22,159,241,238,239,32,0,0,0,0,0,0,0,0,0,0,0,0,0,0,0,0,0,0,0,0,0,3,180,200,38,147,225,0,0,0,0,0,0,0,0,0,0,0,0,0,0,0,0,0,0,0,0,0,0,138,254,78,0,57,234,20,0,0,0,0,0,0,0,0,0,0,0,0,0,0,0,0,0,0,0,0,6,216,157,4,0,26,233,66,0,0,0,0,0,0,0,0,0,0,0,0,0,0,0,0,0,0,0,0,10,254,113,0,0,0,217,135,0,0,0,0,0,0,0,0,0,0,0,0,0,0,0,0,0,0,0,0,10,254,143,0,0,41,243,131,0,0,0,0,0,0,0,0,0,0,0,0,0,0,0,0,0,0,0,0,1,172,252,127,17,78,254,69,0,0,0,0,0,0,0,0,0,0,0,0,0,0,0,0,0,0,0,0,0,53,234,254,228,239,229,34,0,0,0,0,0,0,0,0,0,0,0,0,0,0,0,0,0,0,0,0,0,0,54,159,191,107,34,0,0,0,0,0,0,0,0,0,0,0,0,0,0,0,0,0,0,0,0,0,0,0,0,0,0,0,0,0,0,0,0,0,0,0,0,0,0,0,0,0,0,0,0,0,0,0,0,0,0,0,0,0,0,0,0,0,0,0,0,0,0,0,0,0,0,0,0,0,0,0,0,0,0,0,0,0,0,0,0,0,0,0,0,0,0,0,0,0,0,0,0,0,0,0,0,0,0,0,0,0,0,0,0,0,0,0,0,0,0,0,0,0,0,0,0,0,0,0,0,0,0,0,0,0,0
2,0,0,0,0,0,0,0,0,0,0,0,0,0,0,0,0,0,0,0,0,0,0,0,0,0,0,0,0,0,0,0,0,0,0,0,0,0,0,0,0,0,0,0,0,0,0,0,0,0,0,0,0,0,0,0,0,0,0,0,0,0,0,0,0,0,0,0,0,0,0,0,0,0,0,0,0,0,0,0,0,0,0,0,0,0,0,0,0,0,0,0,0,0,0,0,0,0,0,19,145,254,173,38,0,0,0,0,0,0,0,0,0,0,0,0,0,0,0,0,0,0,0,0,0,63,145,254,253,253,253,176,35,0,0,0,0,0,0,0,0,0,0,0,0,0,0,0,0,0,0,0,14,188,253,254,253,253,253,253,135,0,0,0,0,0,0,0,0,0,0,0,0,0,0,0,0,0,0,17,109,249,253,200,84,166,253,253,229,32,0,0,0,0,0,0,0,0,0,0,0,0,0,0,0,0,0,85,156,118,77,0,0,37,253,253,253,77,0,0,0,0,0,0,0,0,0,0,0,0,0,0,0,0,0,20,37,0,0,0,0,37,253,253,253,168,0,0,0,0,0,0,0,0,0,0,0,0,0,0,0,0,0,0,0,0,0,0,0,78,253,253,253,168,0,0,0,0,0,0,0,0,0,0,0,0,0,0,0,0,0,0,0,0,0,0,0,157,253,253,253,111,0,0,0,0,0,0,0,0,0,0,0,0,0,0,0,0,0,0,0,0,0,0,11,199,253,253,253,117,0,0,0,0,0,0,0,0,0,0,0,0,0,0,0,0,0,0,0,0,0,0,25,253,253,253,253,48,0,0,0,0,0,0,0,0,0,0,0,0,0,0,0,3,48,133,133,133,18,13,94,254,254,254,251,46,0,0,0,0,0,0,0,0,0,0,0,0,0,4,106,171,253,253,253,253,253,254,253,253,253,253,180,0,0,0,0,0,0,0,0,0,0,0,0,0,16,171,253,253,253,253,253,253,253,254,253,253,253,253,226,157,112,21,0,0,0,0,0,0,0,0,0,0,48,253,253,242,219,214,205,249,253,254,253,253,253,253,253,253,235,169,6,0,0,0,0,0,0,0,0,9,223,253,242,89,21,14,0,143,253,254,253,253,253,239,239,204,120,0,0,0,0,0,0,0,0,0,0,13,253,253,205,0,0,0,110,219,253,254,253,253,181,46,46,12,0,0,0,0,0,0,0,0,0,0,0,9,217,253,244,120,86,183,247,253,253,254,253,183,16,0,0,0,0,0,0,0,0,0,0,0,0,0,0,0,145,253,253,253,253,253,253,253,253,254,186,14,0,0,0,0,0,0,0,0,0,0,0,0,0,0,0,0,94,253,253,253,253,253,253,253,253,133,10,0,0,0,0,0,0,0,0,0,0,0,0,0,0,0,0,0,2,87,132,219,253,253,253,201,17,6,0,0,0,0,0,0,0,0,0,0,0,0,0,0,0,0,0,0,0,0,0,0,0,0,0,0,0,0,0,0,0,0,0,0,0,0,0,0,0,0,0,0,0,0,0,0,0,0,0,0,0,0,0,0,0,0,0,0,0,0,0,0,0,0,0,0,0,0,0,0,0,0,0,0,0,0,0,0,0,0,0,0,0,0,0,0,0,0,0,0,0,0,0,0,0,0,0,0,0,0,0,0,0,0,0,0,0,0,0,0,0,0,0,0,0,0,0,0,0,0,0,0,0,0,0,0,0,0,0,0,0,0,0,0,0,0,0,0,0,0,0,0,0,0,0,0,0,0,0,0,0,0,0
5,0,0,0,0,0,0,0,0,0,0,0,0,0,0,0,0,0,0,0,0,0,0,0,0,0,0,0,0,0,0,0,0,0,0,0,0,0,0,0,0,0,0,0,0,0,0,0,0,0,0,0,0,0,0,0,0,0,0,0,0,0,0,0,0,0,0,0,0,0,0,0,0,0,0,0,0,0,0,0,0,0,0,0,0,0,0,0,0,0,0,0,0,0,0,0,0,0,0,0,0,0,0,0,0,0,0,0,0,0,0,0,0,0,0,0,0,0,0,0,0,0,0,0,0,0,0,0,0,0,0,0,0,0,0,0,0,0,0,0,0,0,0,0,0,0,0,0,0,0,0,0,0,13,121,121,122,121,121,234,254,254,162,121,115,0,0,0,0,0,0,0,0,0,0,0,40,74,0,0,74,193,253,253,254,253,253,253,253,253,253,253,253,114,0,0,0,0,0,0,0,0,0,90,224,245,228,199,203,203,253,253,160,159,39,69,159,159,159,159,152,13,0,0,0,0,0,0,0,0,103,251,253,185,173,190,198,68,39,39,0,0,0,0,0,0,0,0,0,0,0,0,0,0,0,0,0,0,121,253,203,19,0,12,17,0,0,0,0,0,0,0,0,0,0,0,0,0,0,0,0,0,0,0,0,0,32,244,253,197,152,54,46,0,0,0,0,0,0,0,0,0,0,0,0,0,0,0,0,0,0,0,0,0,0,76,214,253,253,253,241,174,167,41,22,0,0,0,0,0,0,0,0,0,0,0,0,0,0,0,0,0,0,0,35,93,199,232,253,253,253,253,210,34,3,0,0,0,0,0,0,0,0,0,0,0,0,0,0,0,0,0,0,0,0,23,107,191,240,253,254,253,33,0,0,0,0,0,0,0,0,0,0,0,0,0,0,0,0,0,0,0,0,0,0,0,7,190,254,253,209,21,0,0,0,0,0,0,0,0,0,0,0,0,0,0,0,0,0,0,0,0,0,0,0,0,122,254,254,174,0,0,0,0,0,0,0,0,0,0,0,0,0,0,0,0,0,0,0,0,0,0,0,0,6,242,253,173,0,0,0,0,0,0,0,0,0,0,0,0,0,0,0,0,0,0,0,0,0,0,0,0,0,121,253,202,20,0,0,0,0,0,0,0,0,0,0,0,0,0,0,0,0,181,45,0,0,0,0,0,0,108,253,253,53,0,0,0,0,0,0,0,0,0,0,0,0,0,0,0,0,214,88,0,0,0,0,0,0,108,253,253,53,0,0,0,0,0,0,0,0,0,0,0,0,0,0,0,0,214,236,78,0,0,0,0,0,108,253,253,53,0,0,0,0,0,0,0,0,0,0,0,0,0,0,0,0,193,253,236,83,15,0,0,41,201,253,253,53,0,0,0,0,0,0,0,0,0,0,0,0,0,0,0,0,30,220,253,253,194,161,161,255,253,253,202,20,0,0,0,0,0,0,0,0,0,0,0,0,0,0,0,0,0,85,134,249,253,253,253,255,253,241,93,0,0,0,0,0,0,0,0,0,0,0,0,0,0,0,0,0,0,0,0,83,120,197,253,121,120,13,0,0,0,0,0,0,0,0,0,0,0,0,0,0,0,0,0,0,0,0,0,0,0,0,0,0,0,0,0,0,0,0,0,0,0,0,0,0,0,0,0,0,0,0,0,0,0,0,0,0,0,0,0,0,0,0,0,0,0,0,0,0,0,0,0,0,0,0,0,0,0,0,0,0,0,0,0,0,0,0,0,0,0,0,0,0,0,0,0,0,0,0,0,0
4,0,0,0,0,0,0,0,0,0,0,0,0,0,0,0,0,0,0,0,0,0,0,0,0,0,0,0,0,0,0,0,0,0,0,0,0,0,0,0,0,0,0,0,0,0,0,0,0,0,0,0,0,0,0,0,0,0,0,0,0,0,0,0,0,0,0,0,0,0,0,0,0,0,0,0,0,0,0,0,0,0,0,0,0,0,0,0,0,0,0,0,0,0,0,0,0,0,0,0,0,0,0,0,0,0,0,0,0,0,0,0,0,0,0,0,0,0,0,0,0,0,0,0,0,0,0,0,0,0,0,0,0,0,0,0,0,0,0,0,0,0,0,0,0,0,0,0,0,0,0,0,0,0,0,0,0,0,0,86,253,179,10,0,0,0,0,0,0,0,0,0,0,0,0,0,0,0,0,0,0,0,0,0,0,0,0,160,252,247,65,0,0,0,0,0,0,0,0,0,0,0,0,0,0,48,66,0,0,0,0,0,0,0,19,215,252,225,0,0,0,0,0,0,0,0,0,0,0,0,0,0,51,241,246,100,0,0,0,0,0,13,194,252,252,225,0,0,0,0,0,0,0,0,0,0,0,0,0,0,176,255,253,168,0,0,0,0,0,29,253,253,253,51,0,0,0,0,0,0,0,0,0,0,0,0,0,82,243,253,252,93,0,0,0,0,0,29,252,252,252,76,0,0,0,0,0,0,0,0,0,0,0,0,0,197,252,253,208,13,0,0,0,0,0,29,252,252,252,25,0,0,0,0,0,0,0,0,0,0,0,0,0,197,252,253,145,0,0,0,0,0,0,128,252,252,252,0,0,0,0,0,0,0,0,0,0,0,0,0,0,198,253,254,146,0,0,0,0,0,0,154,253,253,241,0,0,0,0,0,0,0,0,0,0,0,0,0,0,197,252,253,208,13,0,0,0,0,26,253,252,252,139,0,0,0,0,0,0,0,0,0,0,0,0,0,0,81,243,253,252,122,47,85,28,29,159,253,252,252,103,0,0,0,0,0,0,0,0,0,0,0,0,0,0,0,125,253,252,252,240,253,234,234,252,253,252,252,78,0,0,0,0,0,0,0,0,0,0,0,0,0,0,0,0,76,225,247,253,254,253,231,238,254,253,253,28,0,0,0,0,0,0,0,0,0,0,0,0,0,0,0,0,0,0,66,84,84,84,19,113,253,252,196,9,0,0,0,0,0,0,0,0,0,0,0,0,0,0,0,0,0,0,0,0,0,0,0,113,253,252,168,0,0,0,0,0,0,0,0,0,0,0,0,0,0,0,0,0,0,0,0,0,0,0,0,113,253,252,168,0,0,0,0,0,0,0,0,0,0,0,0,0,0,0,0,0,0,0,0,0,0,0,0,176,254,253,106,0,0,0,0,0,0,0,0,0,0,0,0,0,0,0,0,0,0,0,0,0,0,0,0,225,253,252,56,0,0,0,0,0,0,0,0,0,0,0,0,0,0,0,0,0,0,0,0,0,0,0,0,137,253,252,56,0,0,0,0,0,0,0,0,0,0,0,0,0,0,0,0,0,0,0,0,0,0,0,0,13,153,252,56,0,0,0,0,0,0,0,0,0,0,0,0,0,0,0,0,0,0,0,0,0,0,0,0,0,0,0,0,0,0,0,0,0,0,0,0,0,0,0,0,0,0,0,0,0,0,0,0,0,0,0,0,0,0,0,0,0,0,0,0,0,0,0,0,0,0,0,0,0,0,0,0,0,0,0,0,0,0,0,0,0,0,0,0,0,0,0,0,0,0,0,0,0
8,0,0,0,0,0,0,0,0,0,0,0,0,0,0,0,0,0,0,0,0,0,0,0,0,0,0,0,0,0,0,0,0,0,0,0,0,0,0,0,0,0,0,0,0,0,0,0,0,0,0,0,0,0,0,0,0,0,0,0,0,0,0,0,0,0,0,0,0,0,0,0,0,0,0,0,0,0,0,0,0,0,0,0,0,0,0,0,0,0,0,0,0,0,0,0,0,0,0,0,0,0,0,0,0,0,0,0,0,0,0,0,0,0,0,0,0,0,0,0,0,0,0,0,0,0,0,0,0,0,0,0,0,0,0,0,0,0,0,0,0,0,0,0,0,0,0,0,0,0,0,0,0,114,226,255,198,86,0,0,0,0,0,0,0,0,0,0,0,0,0,0,0,0,0,0,0,0,0,0,170,226,114,86,141,226,29,0,0,0,0,0,0,0,0,0,0,0,0,0,0,0,0,0,0,0,0,86,226,29,0,0,0,0,0,0,0,0,0,0,0,0,0,0,0,0,0,0,0,0,0,0,0,0,0,170,86,0,0,0,0,0,0,0,0,0,0,0,0,0,0,0,0,0,0,0,0,0,0,0,0,0,0,198,57,0,0,0,0,86,141,0,0,0,0,0,0,0,0,0,0,0,0,0,0,0,0,0,0,0,0,255,0,0,0,0,0,198,29,0,0,0,0,0,0,0,0,0,0,0,0,0,0,0,0,0,0,0,57,255,0,0,0,0,141,114,0,0,0,0,0,0,0,0,0,0,0,0,0,0,0,0,0,0,0,0,57,255,29,0,0,29,198,29,0,0,0,0,0,0,0,0,0,0,0,0,0,0,0,0,0,0,0,0,0,255,86,0,0,170,114,0,0,0,0,0,0,0,0,0,0,0,0,0,0,0,0,0,0,0,0,0,0,141,198,0,86,226,29,0,0,0,0,0,0,0,0,0,0,0,0,0,0,0,0,0,0,0,0,0,0,0,226,170,198,114,0,0,0,0,0,0,0,0,0,0,0,0,0,0,0,0,0,0,0,0,0,0,0,0,86,255,255,255,255,255,170,0,0,0,0,0,0,0,0,0,0,0,0,0,0,0,0,0,0,0,0,0,0,170,170,86,86,141,255,86,0,0,0,0,0,0,0,0,0,0,0,0,0,0,0,0,0,0,0,0,0,170,86,0,0,0,86,198,0,0,0,0,0,0,0,0,0,0,0,0,0,0,0,0,0,0,0,0,0,255,0,0,0,0,0,226,57,0,0,0,0,0,0,0,0,0,0,0,0,0,0,0,0,0,0,0,86,141,0,0,0,0,0,170,86,0,0,0,0,0,0,0,0,0,0,0,0,0,0,0,0,0,0,0,170,86,0,0,0,0,0,141,86,0,0,0,0,0,0,0,0,0,0,0,0,0,0,0,0,0,0,0,170,86,0,0,0,0,0,57,170,0,0,0,0,0,0,0,0,0,0,0,0,0,0,0,0,0,0,0,170,141,0,0,0,0,0,0,226,0,0,0,0,0,0,0,0,0,0,0,0,0,0,0,0,0,0,0,114,255,29,0,0,0,0,0,255,0,0,0,0,0,0,0,0,0,0,0,0,0,0,0,0,0,0,0,0,0,0,0,0,0,0,0,0,0,0,0,0,0,0,0,0,0,0,0,0,0,0,0,0,0,0,0,0,0,0,0,0,0,0,0,0,0,0,0,0,0,0,0,0,0,0,0,0,0,0,0,0,0,0,0,0,0,0,0,0,0,0,0,0,0,0,0,0,0,0,0,0
8,0,0,0,0,0,0,0,0,0,0,0,0,0,0,0,0,0,0,0,0,0,0,0,0,0,0,0,0,0,0,0,0,0,0,0,0,0,0,0,0,0,0,0,0,0,0,0,0,0,0,0,0,0,0,0,0,0,0,0,0,0,0,0,0,0,0,0,0,0,0,0,0,0,0,0,0,0,0,0,0,0,0,0,0,0,0,0,0,0,0,0,0,0,0,0,0,0,0,0,0,0,0,0,0,0,0,0,0,0,0,0,0,0,0,0,0,0,0,0,0,0,0,0,0,0,0,0,0,0,0,0,0,0,0,0,0,0,0,0,0,0,0,0,0,0,0,0,29,170,255,255,255,226,114,0,0,0,0,0,0,0,0,0,0,0,0,0,0,0,0,0,0,0,0,0,255,255,170,86,114,170,255,226,57,0,0,0,0,0,0,0,0,0,0,0,0,0,0,0,0,0,0,0,226,255,0,0,0,0,0,141,255,29,0,0,0,0,0,0,0,0,0,0,0,0,0,0,0,0,0,0,86,255,86,0,0,0,0,0,86,226,29,0,0,0,0,0,0,0,0,0,0,0,0,0,0,0,0,0,0,170,255,29,0,0,0,0,0,170,170,0,0,0,0,0,0,0,0,0,0,0,0,0,0,0,0,0,0,0,226,226,57,0,0,0,0,0,255,0,0,0,0,0,0,0,0,0,0,0,0,0,0,0,0,0,0,0,29,198,255,114,0,0,0,0,255,57,0,0,0,0,0,0,0,0,0,0,0,0,0,0,0,0,0,0,0,0,170,255,57,0,0,0,255,114,0,0,0,0,0,0,0,0,0,0,0,0,0,0,0,0,0,0,0,0,0,170,226,0,0,0,255,86,0,0,0,0,0,0,0,0,0,0,0,0,0,0,0,0,0,0,0,0,0,0,114,29,0,57,255,0,0,0,0,0,0,0,0,0,0,0,0,0,0,0,0,0,0,0,0,0,170,226,170,170,57,198,255,0,0,0,0,0,0,0,0,0,0,0,0,0,0,0,0,0,0,0,0,0,86,170,170,198,255,255,255,0,0,0,0,0,0,0,0,0,0,0,0,0,0,0,0,0,0,0,0,0,0,0,0,0,198,255,255,226,0,0,0,0,0,0,0,0,0,0,0,0,0,0,0,0,0,0,0,0,0,0,0,0,255,255,86,255,226,0,0,0,0,0,0,0,0,0,0,0,0,0,0,0,0,0,0,0,0,0,0,29,255,141,0,29,255,86,0,0,0,0,0,0,0,0,0,0,0,0,0,0,0,0,0,0,0,0,0,198,255,29,0,0,255,226,0,0,0,0,0,0,0,0,0,0,0,0,0,0,0,0,0,0,0,0,0,255,255,0,0,0,255,255,0,0,0,0,0,0,0,0,0,0,0,0,0,0,0,0,0,0,0,0,0,226,255,0,0,29,255,198,0,0,0,0,0,0,0,0,0,0,0,0,0,0,0,0,0,0,0,0,0,114,255,198,226,255,255,29,0,0,0,0,0,0,0,0,0,0,0,0,0,0,0,0,0,0,0,0,0,0,114,198,255,141,29,0,0,0,0,0,0,0,0,0,0,0,0,0,0,0,0,0,0,0,0,0,0,0,0,0,0,0,0,0,0,0,0,0,0,0,0,0,0,0,0,0,0,0,0,0,0,0,0,0,0,0,0,0,0,0,0,0,0,0,0,0,0,0,0,0,0,0,0,0,0,0,0,0,0,0,0,0,0,0,0,0,0,0,0,0,0,0,0,0,0,0,0
4,0,0,0,0,0,0,0,0,0,0,0,0,0,0,0,0,0,0,0,0,0,0,0,0,0,0,0,0,0,0,0,0,0,0,0,0,0,0,0,0,0,0,0,0,0,0,0,0,0,0,0,0,0,0,0,0,0,0,0,0,0,0,0,0,0,0,0,0,0,0,0,0,0,0,0,0,0,0,0,0,0,0,0,0,0,0,0,0,0,0,0,0,0,0,0,0,0,0,0,0,0,0,0,0,0,0,0,0,0,0,0,0,0,0,0,0,0,0,0,0,0,0,0,0,0,0,0,0,0,0,0,0,0,0,0,0,0,0,0,0,0,0,0,0,0,0,0,169,255,32,0,0,0,0,0,0,0,0,0,0,0,0,0,0,0,0,0,0,0,0,0,0,0,0,0,235,253,159,0,0,0,0,0,0,0,0,16,106,0,0,0,0,0,0,0,0,0,0,0,0,0,0,0,235,253,202,17,0,0,0,0,0,0,0,157,238,46,0,0,0,0,0,0,0,0,0,0,0,0,0,0,235,253,253,38,0,0,0,0,0,0,0,163,253,104,0,0,0,0,0,0,0,0,0,0,0,0,0,0,235,253,253,38,0,0,0,0,0,0,36,244,253,104,0,0,0,0,0,0,0,0,0,0,0,0,0,0,235,253,253,38,0,0,0,0,0,0,87,253,244,67,0,0,0,0,0,0,0,0,0,0,0,0,0,0,191,253,253,149,0,44,0,0,0,0,169,253,227,0,0,0,0,0,0,0,0,0,0,0,0,0,0,0,105,253,253,238,209,232,175,20,0,15,195,253,227,0,0,0,0,0,0,0,0,0,0,0,0,0,0,0,105,253,253,253,216,253,253,215,57,46,253,253,227,0,0,0,0,0,0,0,0,0,0,0,0,0,0,0,105,253,253,187,28,180,253,253,212,139,253,253,227,0,0,0,0,0,0,0,0,0,0,0,0,0,0,0,105,253,253,168,0,19,113,253,253,219,191,253,227,0,0,0,0,0,0,0,0,0,0,0,0,0,0,0,84,248,253,141,0,0,19,180,253,240,230,253,227,0,0,0,0,0,0,0,0,0,0,0,0,0,0,0,0,70,78,12,0,0,0,18,204,253,253,253,227,0,0,0,0,0,0,0,0,0,0,0,0,0,0,0,0,0,0,0,0,0,0,0,183,253,253,253,207,0,0,0,0,0,0,0,0,0,0,0,0,0,0,0,0,0,0,0,0,0,0,0,99,253,253,253,97,0,0,0,0,0,0,0,0,0,0,0,0,0,0,0,0,0,0,0,0,0,0,0,53,253,253,253,97,0,0,0,0,0,0,0,0,0,0,0,0,0,0,0,0,0,0,0,0,0,0,0,53,253,253,234,40,0,0,0,0,0,0,0,0,0,0,0,0,0,0,0,0,0,0,0,0,0,0,0,26,213,253,220,0,0,0,0,0,0,0,0,0,0,0,0,0,0,0,0,0,0,0,0,0,0,0,0,24,211,253,221,0,0,0,0,0,0,0,0,0,0,0,0,0,0,0,0,0,0,0,0,0,0,0,0,0,110,253,153,0,0,0,0,0,0,0,0,0,0,0,0,0,0,0,0,0,0,0,0,0,0,0,0,0,0,0,0,0,0,0,0,0,0,0,0,0,0,0,0,0,0,0,0,0,0,0,0,0,0,0,0,0,0,0,0,0,0,0,0,0,0,0,0,0,0,0,0,0,0,0,0,0,0,0,0,0,0,0,0,0,0,0,0,0,0,0,0,0,0,0,0,0
0,0,0,0,0,0,0,0,0,0,0,0,0,0,0,0,0,0,0,0,0,0,0,0,0,0,0,0,0,0,0,0,0,0,0,0,0,0,0,0,0,0,0,0,0,0,0,0,0,0,0,0,0,0,0,0,0,0,0,0,0,0,0,0,0,0,0,0,0,0,0,0,0,0,0,0,0,0,0,0,0,0,0,0,0,0,0,0,0,0,0,0,0,0,0,0,0,0,0,0,0,0,0,0,0,0,0,0,0,0,0,0,0,0,0,0,0,0,0,0,0,0,0,0,0,0,0,0,0,0,0,0,0,0,0,0,0,0,0,0,0,0,0,0,0,0,0,0,0,0,0,0,0,0,3,38,78,146,146,188,255,152,7,0,0,0,0,0,0,0,0,0,0,0,0,0,0,0,0,0,0,26,133,253,253,214,177,177,250,253,151,2,0,0,0,0,0,0,0,0,0,0,0,0,0,0,0,0,4,136,253,178,55,16,0,0,42,217,253,54,0,0,0,0,0,0,0,0,0,0,0,0,0,0,0,39,173,239,105,0,0,0,0,0,0,173,253,131,0,0,0,0,0,0,0,0,0,0,0,0,0,0,27,236,238,68,0,0,0,0,0,0,0,138,253,221,0,0,0,0,0,0,0,0,0,0,0,0,0,0,178,244,63,0,0,0,0,0,0,0,0,70,253,216,0,0,0,0,0,0,0,0,0,0,0,0,0,27,229,114,0,0,0,0,0,0,0,0,0,173,253,92,0,0,0,0,0,0,0,0,0,0,0,0,2,161,253,27,0,0,0,0,0,0,0,0,10,201,253,5,0,0,0,0,0,0,0,0,0,0,0,0,13,253,126,3,0,0,0,0,0,0,0,0,81,253,159,1,0,0,0,0,0,0,0,0,0,0,0,0,114,226,23,0,0,0,0,0,0,0,0,0,205,253,128,0,0,0,0,0,0,0,0,0,0,0,0,0,153,210,0,0,0,0,0,0,0,0,0,36,247,230,27,0,0,0,0,0,0,0,0,0,0,0,0,7,225,201,0,0,0,0,0,0,0,0,31,224,253,133,0,0,0,0,0,0,0,0,0,0,0,0,0,76,253,102,0,0,0,0,0,0,0,0,60,253,210,28,0,0,0,0,0,0,0,0,0,0,0,0,0,76,253,102,0,0,0,0,0,0,0,9,180,253,77,0,0,0,0,0,0,0,0,0,0,0,0,0,0,76,253,102,0,0,0,0,0,0,0,127,253,243,9,0,0,0,0,0,0,0,0,0,0,0,0,0,0,57,245,129,0,0,0,0,0,0,91,214,238,70,0,0,0,0,0,0,0,0,0,0,0,0,0,0,0,0,178,210,0,0,0,0,0,67,222,245,70,0,0,0,0,0,0,0,0,0,0,0,0,0,0,0,0,0,114,253,133,4,0,12,93,252,242,110,0,0,0,0,0,0,0,0,0,0,0,0,0,0,0,0,0,0,36,225,253,90,92,204,249,183,71,0,0,0,0,0,0,0,0,0,0,0,0,0,0,0,0,0,0,0,0,41,180,253,253,170,90,0,0,0,0,0,0,0,0,0,0,0,0,0,0,0,0,0,0,0,0,0,0,0,0,0,0,0,0,0,0,0,0,0,0,0,0,0,0,0,0,0,0,0,0,0,0,0,0,0,0,0,0,0,0,0,0,0,0,0,0,0,0,0,0,0,0,0,0,0,0,0,0,0,0,0,0,0,0,0,0,0,0,0,0,0,0,0,0,0,0,0,0,0,0,0,0,0,0
0,0,0,0,0,0,0,0,0,0,0,0,0,0,0,0,0,0,0,0,0,0,0,0,0,0,0,0,0,0,0,0,0,0,0,0,0,0,0,0,0,0,0,0,0,0,0,0,0,0,0,0,0,0,0,0,0,0,0,0,0,0,0,0,0,0,0,0,0,0,0,0,0,0,0,0,0,0,0,0,0,0,0,0,0,0,0,0,0,0,0,0,0,0,0,0,0,0,0,0,0,0,0,0,0,0,0,0,0,0,0,0,0,0,0,0,0,0,0,0,0,0,0,0,0,0,0,0,37,253,192,15,0,0,0,0,0,0,0,0,0,0,0,0,0,0,0,0,0,0,0,0,0,0,73,73,99,252,253,180,21,0,0,0,0,0,0,0,0,0,0,0,0,0,0,0,0,0,0,32,140,181,253,179,98,252,253,252,92,0,0,0,0,0,0,0,0,0,0,0,0,0,0,0,0,1,144,237,252,168,108,15,16,108,170,252,236,62,0,0,0,0,0,0,0,0,0,0,0,0,0,0,0,63,252,220,41,0,0,0,0,0,0,154,252,252,0,0,0,0,0,0,0,0,0,0,0,0,0,0,32,237,252,179,0,0,0,0,0,0,0,10,190,252,125,0,0,0,0,0,0,0,0,0,0,0,0,0,58,252,236,71,0,0,0,0,0,0,0,0,160,252,222,25,0,0,0,0,0,0,0,0,0,0,0,0,181,252,143,0,0,0,0,0,0,0,0,0,37,252,253,119,0,0,0,0,0,0,0,0,0,0,0,0,182,253,144,0,0,0,0,0,0,0,0,0,0,145,255,180,0,0,0,0,0,0,0,0,0,0,0,187,242,252,20,0,0,0,0,0,0,0,0,0,0,20,253,242,62,0,0,0,0,0,0,0,0,0,0,217,252,252,0,0,0,0,0,0,0,0,0,0,0,0,253,252,92,0,0,0,0,0,0,0,0,0,0,217,252,252,0,0,0,0,0,0,0,0,0,0,0,0,253,252,215,0,0,0,0,0,0,0,0,0,0,218,253,253,0,0,0,0,0,0,0,0,0,0,0,0,110,253,217,0,0,0,0,0,0,0,0,0,0,175,252,252,0,0,0,0,0,0,0,0,0,0,0,0,233,252,91,0,0,0,0,0,0,0,0,0,0,63,241,252,119,5,0,0,0,0,0,0,0,0,0,21,253,241,61,0,0,0,0,0,0,0,0,0,0,0,181,252,252,119,0,0,0,0,0,0,0,0,105,206,253,179,0,0,0,0,0,0,0,0,0,0,0,0,21,207,253,211,94,0,0,0,0,0,47,109,212,253,208,20,0,0,0,0,0,0,0,0,0,0,0,0,0,20,179,242,247,217,218,217,217,217,233,252,252,210,20,0,0,0,0,0,0,0,0,0,0,0,0,0,0,0,0,103,241,252,253,252,252,252,253,220,112,31,0,0,0,0,0,0,0,0,0,0,0,0,0,0,0,0,0,0,78,108,253,252,231,108,108,15,0,0,0,0,0,0,0,0,0,0,0,0,0,0,0,0,0,0,0,0,0,0,0,0,0,0,0,0,0,0,0,0,0,0,0,0,0,0,0,0,0,0,0,0,0,0,0,0,0,0,0,0,0,0,0,0,0,0,0,0,0,0,0,0,0,0,0,0,0,0,0,0,0,0,0,0,0,0,0,0,0,0,0,0,0,0,0,0,0,0,0,0,0,0,0,0,0,0,0,0,0,0,0,0,0,0,0,0,0,0,0,0,0,0,0,0,0,0,0,0,0
2,0,0,0,0,0,0,0,0,0,0,0,0,0,0,0,0,0,0,0,0,0,0,0,0,0,0,0,0,0,0,0,0,0,0,0,0,0,0,0,0,0,0,0,0,0,0,0,0,0,0,0,0,0,0,0,0,0,0,0,0,0,0,0,0,0,0,0,0,0,0,0,0,0,0,0,0,0,0,0,0,0,0,0,0,0,0,0,0,0,0,0,0,0,0,0,0,0,0,0,0,0,0,0,0,0,0,0,0,0,0,0,0,0,0,0,0,0,0,0,0,0,0,0,0,0,0,128,128,191,255,255,255,191,128,0,0,0,0,0,0,0,0,0,0,0,0,0,0,0,0,0,128,191,255,255,255,255,255,255,255,255,255,191,0,0,0,0,0,0,0,0,0,0,0,0,0,0,0,0,191,255,255,255,255,191,128,128,128,191,255,255,64,0,0,0,0,0,0,0,0,0,0,0,0,0,0,0,0,128,64,0,0,0,0,0,0,64,255,255,128,0,0,0,0,0,0,0,0,0,0,0,0,0,0,0,0,0,0,0,0,0,0,0,0,191,255,255,64,0,0,0,0,0,0,0,0,0,0,0,0,0,0,0,0,0,0,0,0,0,0,0,255,255,255,64,0,0,0,0,0,0,0,0,0,0,0,0,0,0,0,0,0,0,0,0,0,0,64,191,255,255,191,0,0,0,0,0,0,0,0,0,0,0,0,0,0,0,0,0,0,0,0,0,0,64,191,255,255,64,0,0,0,0,0,0,0,0,0,0,0,0,0,0,0,0,0,0,0,0,0,0,128,255,255,255,64,0,0,0,0,0,0,0,0,0,0,0,0,0,0,0,0,0,0,0,0,0,64,191,255,255,191,64,0,0,0,0,0,0,0,0,0,0,0,0,0,0,0,0,0,0,0,0,0,128,255,255,255,128,0,0,0,0,0,0,0,0,0,0,0,0,0,0,0,0,0,0,0,0,0,0,191,255,255,255,64,0,0,0,0,0,0,0,0,0,0,0,0,0,0,0,0,0,0,0,0,0,0,255,255,255,191,64,0,0,0,0,0,0,0,0,0,0,0,0,0,0,0,0,0,0,0,0,0,0,128,255,255,191,0,0,0,0,0,0,0,0,0,0,0,0,0,0,0,0,0,0,0,0,0,0,0,191,255,255,64,0,0,0,0,0,0,0,0,0,0,0,0,0,0,0,0,0,0,0,0,0,0,0,191,255,255,64,0,0,0,0,0,0,0,0,0,0,0,0,0,0,0,0,0,0,0,0,0,0,64,191,255,255,191,128,128,191,255,255,128,128,64,0,0,0,0,0,0,0,0,0,0,0,0,0,0,0,191,255,255,255,255,255,255,255,255,255,255,255,255,191,0,0,0,0,0,0,0,0,0,0,0,0,0,128,255,255,255,255,255,255,191,128,128,128,128,128,128,64,0,0,0,0,0,0,0,0,0,0,0,0,0,0,191,255,191,128,128,0,0,0,0,0,0,0,0,0,0,0,0,0,0,0,0,0,0,0,0,0,0,0,0,0,0,0,0,0,0,0,0,0,0,0,0,0,0,0,0,0,0,0,0,0,0,0,0,0,0,0,0,0,0,0,0,0,0,0,0,0,0,0,0,0,0,0,0,0,0,0,0,0,0,0,0,0,0,0,0,0,0,0,0,0,0,0,0,0,0,0,0,0,0,0,0,0,0,0,0,0,0,0,0,0,0,0,0,0,0,0,0,0,0,0,0,0,0,0,0,0,0,0,0,0,0,0,0,0,0
3,0,0,0,0,0,0,0,0,0,0,0,0,0,0,0,0,0,0,0,0,0,0,0,0,0,0,0,0,0,0,0,0,0,0,0,0,0,0,0,0,0,0,0,0,0,0,0,0,0,0,0,0,0,0,0,0,0,0,0,0,0,0,0,0,0,0,0,0,0,0,0,0,0,0,0,0,0,0,0,0,0,0,0,0,0,0,0,0,0,0,0,0,0,0,0,0,0,0,0,0,0,0,0,0,0,0,0,0,0,0,0,0,0,0,0,0,0,0,0,0,0,0,206,253,92,7,0,0,0,0,0,0,0,0,0,0,0,0,0,0,0,0,0,0,0,0,0,0,0,0,136,252,252,201,145,76,21,0,0,0,0,0,0,0,0,0,0,0,0,0,0,0,0,0,0,0,0,0,32,141,249,252,253,252,238,70,0,0,0,0,0,0,0,0,0,0,0,0,0,0,0,0,0,0,0,0,0,0,76,141,207,252,252,204,0,0,0,0,0,0,0,0,0,0,0,0,0,0,0,0,0,0,0,0,0,0,0,0,41,252,252,175,0,0,0,0,0,0,0,0,0,0,0,0,0,0,0,0,0,0,0,0,0,0,0,93,225,252,190,20,0,0,0,0,0,0,0,0,0,0,0,0,0,0,0,0,0,0,0,0,0,0,37,222,253,204,64,0,0,0,0,0,0,0,0,0,0,0,0,0,0,0,0,0,0,0,0,0,0,38,221,252,243,15,0,0,0,0,0,0,0,0,0,0,0,0,0,0,0,0,0,0,0,0,0,0,128,238,252,200,22,0,0,0,0,0,0,0,0,0,0,0,0,0,0,0,0,0,0,0,0,0,0,185,250,252,252,189,122,121,196,218,92,0,0,0,0,0,0,0,0,0,0,0,0,0,0,0,0,0,0,194,253,253,253,253,255,253,253,253,253,60,0,0,0,0,0,0,0,0,0,0,0,0,0,0,0,0,0,118,228,228,228,228,229,216,186,252,252,71,0,0,0,0,0,0,0,0,0,0,0,0,0,0,0,0,0,0,0,0,0,0,0,0,54,252,252,105,0,0,0,0,0,0,0,0,0,0,0,0,0,0,0,0,0,0,0,0,0,0,0,5,175,252,252,60,0,0,0,0,0,0,0,0,0,0,0,0,0,0,0,0,0,0,0,0,0,0,3,136,252,252,180,17,0,0,0,0,0,0,0,0,0,0,0,0,0,0,0,0,0,0,0,0,0,0,139,252,252,215,17,0,0,0,0,0,0,0,0,0,0,0,0,0,0,0,0,0,0,0,0,0,37,142,253,252,199,79,0,0,0,0,0,0,0,0,0,0,0,0,0,0,0,0,0,0,24,97,97,97,221,252,253,243,59,0,0,0,0,0,0,0,0,0,0,0,0,0,0,0,0,0,0,0,170,252,252,252,252,252,138,21,0,0,0,0,0,0,0,0,0,0,0,0,0,0,0,0,0,0,0,0,124,252,252,148,131,17,0,0,0,0,0,0,0,0,0,0,0,0,0,0,0,0,0,0,0,0,0,0,0,0,0,0,0,0,0,0,0,0,0,0,0,0,0,0,0,0,0,0,0,0,0,0,0,0,0,0,0,0,0,0,0,0,0,0,0,0,0,0,0,0,0,0,0,0,0,0,0,0,0,0,0,0,0,0,0,0,0,0,0,0,0,0,0,0,0,0,0,0,0,0,0,0,0,0,0,0,0,0,0,0,0,0,0,0,0,0,0,0,0,0,0,0,0,0,0,0,0,0,0,0,0,0
2,0,0,0,0,0,0,0,0,0,0,0,0,0,0,0,0,0,0,0,0,0,0,0,0,0,0,0,0,0,0,0,0,0,0,0,0,0,0,0,0,0,0,0,0,0,0,0,0,0,0,0,0,0,0,0,0,0,0,0,0,0,0,0,0,0,0,0,0,0,0,0,0,0,0,0,0,0,0,0,0,0,0,0,0,0,0,0,0,0,0,0,0,0,0,0,0,0,0,0,0,0,0,0,0,0,0,0,0,0,0,0,0,0,0,0,0,0,0,0,10,134,179,254,254,254,254,232,156,156,66,14,0,0,0,0,0,0,0,0,0,0,0,0,0,0,0,0,85,253,254,253,253,253,253,254,253,253,253,185,46,0,0,0,0,0,0,0,0,0,0,0,0,0,0,0,204,253,254,253,253,240,205,254,253,253,253,253,183,12,0,0,0,0,0,0,0,0,0,0,0,0,0,0,234,253,244,130,87,16,8,19,64,117,131,244,254,184,12,0,0,0,0,0,0,0,0,0,0,0,0,0,196,253,45,0,0,0,0,0,0,0,0,45,216,253,115,0,0,0,0,0,0,0,0,0,0,0,0,0,16,135,0,0,0,0,0,0,0,0,0,0,134,254,175,0,0,0,0,0,0,0,0,0,0,0,0,0,0,0,0,0,0,0,0,0,0,0,0,0,9,220,180,2,0,0,0,0,0,0,0,0,0,0,0,0,0,0,0,0,0,0,0,0,0,0,0,0,0,214,253,49,0,0,0,0,0,0,0,0,0,0,0,0,0,0,0,0,0,0,0,0,0,0,0,0,0,214,253,117,0,0,0,0,0,0,0,0,0,0,0,0,0,0,0,0,0,0,0,0,0,0,0,0,46,244,253,117,0,0,0,0,0,0,0,0,0,0,0,0,0,0,0,0,0,0,0,0,0,0,0,0,120,254,254,117,0,0,0,0,0,0,0,0,0,0,17,118,65,20,8,0,0,0,0,0,0,0,4,58,239,253,253,109,0,0,0,0,0,0,0,0,0,0,118,253,253,253,206,168,79,36,0,0,0,0,137,253,254,253,228,13,0,0,0,0,0,0,0,0,0,0,170,253,253,253,254,253,253,243,196,115,47,166,251,253,254,234,73,0,0,0,0,0,0,0,0,0,0,23,229,253,237,155,178,253,253,253,253,254,253,253,253,253,254,99,0,0,0,0,0,0,0,0,0,0,0,59,254,254,95,0,0,8,183,254,254,255,254,254,254,254,255,246,127,27,0,0,0,0,0,0,0,0,0,9,220,253,72,16,20,103,196,253,253,254,253,253,253,253,254,253,253,191,0,0,0,0,0,0,0,0,0,0,184,253,241,235,254,253,253,253,253,235,129,78,115,78,137,174,107,36,0,0,0,0,0,0,0,0,0,0,62,241,253,253,254,253,253,247,176,15,0,0,0,0,0,0,0,0,0,0,0,0,0,0,0,0,0,0,0,71,170,253,254,170,88,49,0,0,0,0,0,0,0,0,0,0,0,0,0,0,0,0,0,0,0,0,0,0,0,0,0,0,0,0,0,0,0,0,0,0,0,0,0,0,0,0,0,0,0,0,0,0,0,0,0,0,0,0,0,0,0,0,0,0,0,0,0,0,0,0,0,0,0,0,0,0,0,0,0,0,0,0,0,0,0,0,0,0,0,0,0,0,0,0,0,0,0,0,0,0,0,0,0,0,0,0,0,0,0,0,0,0,0,0,0,0,0,0,0,0,0,0,0,0,0,0,0,0,0,0,0,0,0
7,0,0,0,0,0,0,0,0,0,0,0,0,0,0,0,0,0,0,0,0,0,0,0,0,0,0,0,0,0,0,0,0,0,0,0,0,0,0,0,0,0,0,0,0,0,0,0,0,0,0,0,0,0,0,0,0,0,0,0,0,0,0,0,0,0,0,0,0,0,0,0,0,0,0,0,0,0,0,0,0,0,0,0,0,0,0,0,0,0,0,0,0,0,0,0,0,0,0,0,0,0,0,0,0,0,0,0,0,0,0,0,0,0,0,0,0,0,0,0,0,0,0,0,0,0,0,0,0,0,0,0,0,0,0,0,0,0,0,0,0,0,0,0,0,0,0,0,0,0,0,0,0,0,0,0,0,0,0,0,0,0,0,0,0,0,0,0,0,0,0,0,0,0,0,0,0,0,0,128,195,120,70,70,7,0,0,0,0,0,0,0,0,0,0,0,0,0,0,0,0,0,0,0,0,0,134,241,206,244,253,254,232,188,105,17,0,0,0,0,0,0,0,0,0,0,0,0,0,0,0,0,0,0,184,109,0,38,46,71,154,232,253,199,11,0,0,0,0,0,0,0,0,0,0,0,0,0,0,0,0,0,184,127,0,0,0,0,0,7,203,228,15,0,0,0,0,0,0,0,0,0,0,0,0,0,0,0,0,0,93,185,0,0,0,0,0,0,185,185,0,0,0,0,0,0,0,0,0,0,0,0,0,0,0,0,0,0,142,84,0,0,0,0,0,38,247,84,0,0,0,0,0,0,0,0,0,0,0,0,0,0,0,0,0,0,0,0,0,0,0,0,5,161,253,0,0,0,0,0,0,0,0,0,0,0,0,0,0,0,0,0,0,0,0,0,0,0,0,0,47,253,185,0,0,0,0,0,0,0,0,0,0,0,0,0,0,0,0,0,0,0,0,45,91,0,0,70,136,254,254,255,254,178,95,26,0,0,0,0,0,0,0,0,0,0,0,0,0,0,0,161,249,230,230,254,253,248,173,115,131,131,115,42,0,0,0,0,0,0,0,0,0,0,0,0,0,0,0,88,137,171,171,169,253,145,0,0,0,0,0,0,0,0,0,0,0,0,0,0,0,0,0,0,0,0,0,0,0,0,0,136,236,29,0,0,0,0,0,0,0,0,0,0,0,0,0,0,0,0,0,0,0,0,0,0,0,0,0,187,207,0,0,0,0,0,0,0,0,0,0,0,0,0,0,0,0,0,0,0,0,0,0,0,0,0,51,254,190,0,0,0,0,0,0,0,0,0,0,0,0,0,0,0,0,0,0,0,0,0,0,0,0,0,134,247,37,0,0,0,0,0,0,0,0,0,0,0,0,0,0,0,0,0,0,0,0,0,0,0,0,51,234,184,0,0,0,0,0,0,0,0,0,0,0,0,0,0,0,0,0,0,0,0,0,0,0,0,0,141,254,68,0,0,0,0,0,0,0,0,0,0,0,0,0,0,0,0,0,0,0,0,0,0,0,0,9,216,202,0,0,0,0,0,0,0,0,0,0,0,0,0,0,0,0,0,0,0,0,0,0,0,0,0,123,253,152,0,0,0,0,0,0,0,0,0,0,0,0,0,0,0,0,0,0,0,0,0,0,0,0,0,105,211,44,0,0,0,0,0,0,0,0,0,0,0,0,0,0,0,0,0,0,0,0,0,0,0,0,0,0,0,0,0,0,0,0,0,0,0,0,0,0,0,0,0,0,0,0,0,0,0,0,0,0,0,0,0,0,0,0,0,0,0,0,0,0,0,0,0,0,0,0,0,0
7,0,0,0,0,0,0,0,0,0,0,0,0,0,0,0,0,0,0,0,0,0,0,0,0,0,0,0,0,0,0,0,0,0,0,0,0,0,0,0,0,0,0,0,0,0,0,0,0,0,0,0,0,0,0,0,0,0,0,0,0,0,0,0,0,0,0,0,0,0,0,0,0,0,0,0,0,0,0,0,0,0,0,0,0,0,0,0,0,0,0,0,0,0,0,0,0,0,0,0,0,0,0,0,0,0,0,0,0,0,0,0,0,0,0,0,0,0,0,0,0,0,0,0,0,0,0,0,0,0,0,0,0,0,0,0,0,0,0,0,0,0,0,0,0,0,0,0,0,99,255,246,156,57,0,0,0,0,0,0,0,0,0,0,0,0,0,0,0,0,0,0,0,0,0,0,0,91,234,235,253,247,177,8,0,0,0,0,0,0,0,0,0,0,0,0,0,0,0,0,0,0,0,0,0,0,0,6,108,186,253,183,12,0,0,0,0,0,0,0,0,0,0,0,0,0,0,0,0,0,0,0,0,0,0,0,0,18,191,254,91,0,0,0,0,0,0,0,0,0,0,0,0,0,0,0,0,0,0,0,0,0,0,0,0,0,0,254,211,0,0,0,0,0,0,0,0,0,0,0,0,0,0,0,0,0,0,0,0,0,0,0,0,0,0,232,246,96,209,178,0,0,0,0,0,0,0,0,0,0,0,0,0,0,0,0,0,0,0,0,0,0,0,201,253,238,253,207,0,0,0,0,0,0,0,0,0,0,0,0,0,0,0,0,0,0,0,0,0,0,0,254,253,253,253,155,0,0,0,0,0,0,0,0,0,0,0,0,0,0,0,0,0,0,0,0,0,0,0,254,253,253,253,140,0,0,0,0,0,0,0,0,0,0,0,0,0,0,0,0,0,38,76,46,128,195,195,254,253,253,147,14,0,0,0,0,0,0,0,0,0,0,0,0,0,0,0,0,0,99,255,254,254,254,254,255,254,116,0,0,0,0,0,0,0,0,0,0,0,0,0,0,0,0,0,0,0,53,136,135,173,135,143,254,243,42,0,0,0,0,0,0,0,0,0,0,0,0,0,0,0,0,0,0,0,0,0,0,0,0,128,254,233,0,0,0,0,0,0,0,0,0,0,0,0,0,0,0,0,0,0,0,0,0,0,0,0,7,204,254,142,0,0,0,0,0,0,0,0,0,0,0,0,0,0,0,0,0,0,0,0,0,0,0,0,40,253,254,135,0,0,0,0,0,0,0,0,0,0,0,0,0,0,0,0,0,0,0,0,0,0,0,0,40,254,255,39,0,0,0,0,0,0,0,0,0,0,0,0,0,0,0,0,0,0,0,0,0,0,0,0,40,253,254,84,0,0,0,0,0,0,0,0,0,0,0,0,0,0,0,0,0,0,0,0,0,0,0,0,40,253,254,99,0,0,0,0,0,0,0,0,0,0,0,0,0,0,0,0,0,0,0,0,0,0,0,0,3,146,254,244,204,11,0,0,0,0,0,0,0,0,0,0,0,0,0,0,0,0,0,0,0,0,0,0,0,23,254,253,154,5,0,0,0,0,0,0,0,0,0,0,0,0,0,0,0,0,0,0,0,0,0,0,0,0,0,0,0,0,0,0,0,0,0,0,0,0,0,0,0,0,0,0,0,0,0,0,0,0,0,0,0,0,0,0,0,0,0,0,0,0,0,0,0,0,0,0,0,0,0,0,0,0,0,0,0,0,0,0,0,0,0,0,0,0,0,0,0,0,0,0,0,0,0,0
0,0,0,0,0,0,0,0,0,0,0,0,0,0,0,0,0,0,0,0,0,0,0,0,0,0,0,0,0,0,0,0,0,0,0,0,0,0,0,0,0,0,0,0,0,0,0,0,0,0,0,0,0,0,0,0,0,0,0,0,0,0,0,0,0,0,0,0,0,0,0,0,0,0,0,0,0,0,0,0,0,0,0,0,0,0,0,0,0,0,0,0,0,0,0,0,0,0,0,0,0,0,0,0,0,0,0,0,0,0,0,0,0,0,0,0,0,0,0,0,0,0,0,0,0,0,0,0,0,0,0,0,0,0,0,0,0,0,0,0,0,0,0,0,0,0,0,0,0,0,0,0,0,9,128,139,212,253,253,253,127,0,0,0,0,0,0,0,0,0,0,0,0,0,0,0,0,0,0,9,78,194,252,253,252,240,223,252,209,0,0,0,0,0,0,0,0,0,0,0,0,0,0,0,0,0,0,130,252,252,252,253,252,130,25,121,84,0,0,0,0,0,0,0,0,0,0,0,0,0,0,0,0,0,62,236,252,252,252,253,252,240,80,0,0,0,0,0,0,0,0,0,0,0,0,0,0,0,0,0,0,0,243,252,252,252,252,253,252,252,244,73,0,0,0,0,0,0,0,0,0,0,0,0,0,0,0,0,0,74,255,253,253,253,243,244,253,253,253,148,0,0,0,0,0,0,0,0,0,0,0,0,0,0,0,0,17,234,253,252,252,235,60,118,252,252,252,252,74,0,0,0,0,0,0,0,0,0,0,0,0,0,0,0,25,236,253,252,252,128,0,7,186,252,252,252,199,0,0,0,0,0,0,0,0,0,0,0,0,0,0,0,0,230,253,252,252,45,0,0,120,252,252,252,230,0,0,0,0,0,0,0,0,0,0,0,0,0,0,0,0,230,253,252,189,4,0,0,47,252,252,252,241,42,0,0,0,0,0,0,0,0,0,0,0,0,0,0,51,243,255,253,184,0,0,0,0,185,253,253,231,0,0,0,0,0,0,0,0,0,0,0,0,0,0,0,76,248,253,252,183,0,0,0,30,228,252,252,230,0,0,0,0,0,0,0,0,0,0,0,0,0,0,0,0,230,253,252,234,65,0,0,47,252,252,252,230,0,0,0,0,0,0,0,0,0,0,0,0,0,0,0,0,188,253,252,252,236,19,0,89,252,252,252,230,0,0,0,0,0,0,0,0,0,0,0,0,0,0,0,0,11,253,252,252,252,75,0,161,252,252,252,230,0,0,0,0,0,0,0,0,0,0,0,0,0,0,0,0,0,191,253,253,253,253,149,253,253,253,253,106,0,0,0,0,0,0,0,0,0,0,0,0,0,0,0,0,0,61,236,252,252,252,253,252,252,252,178,0,0,0,0,0,0,0,0,0,0,0,0,0,0,0,0,0,0,0,118,234,252,252,253,252,252,227,48,0,0,0,0,0,0,0,0,0,0,0,0,0,0,0,0,0,0,0,0,90,252,252,253,252,227,50,0,0,0,0,0,0,0,0,0,0,0,0,0,0,0,0,0,0,0,0,0,7,65,189,190,137,48,0,0,0,0,0,0,0,0,0,0,0,0,0,0,0,0,0,0,0,0,0,0,0,0,0,0,0,0,0,0,0,0,0,0,0,0,0,0,0,0,0,0,0,0,0,0,0,0,0,0,0,0,0,0,0,0,0,0,0,0,0,0,0,0,0,0,0,0,0,0,0,0,0,0,0,0,0,0,0,0,0,0,0,0,0,0,0,0,0,0,0,0,0,0,0
8,0,0,0,0,0,0,0,0,0,0,0,0,0,0,0,0,0,0,0,0,0,0,0,0,0,0,0,0,0,0,0,0,0,0,0,0,0,0,0,0,0,0,0,0,0,0,0,0,0,0,0,0,0,0,0,0,0,0,0,0,0,0,0,0,0,0,0,0,0,0,0,0,0,0,0,0,0,0,0,0,0,0,0,0,0,0,0,0,0,0,0,0,0,0,0,0,13,105,192,130,165,0,0,0,0,0,0,0,0,0,0,0,0,0,0,0,0,0,0,0,0,0,0,98,213,252,252,252,128,0,0,0,0,0,0,0,0,0,0,0,0,0,0,0,0,0,0,0,0,19,164,242,252,252,237,123,36,0,0,0,0,0,0,0,0,0,0,0,0,0,0,0,0,0,0,0,0,164,252,252,237,132,8,0,0,0,0,0,0,0,0,0,0,0,0,0,0,0,0,0,0,0,0,0,53,242,252,141,25,0,0,0,0,0,0,0,0,0,0,0,124,96,0,0,0,0,0,0,0,0,0,0,78,252,252,29,0,0,0,0,0,0,0,0,0,9,30,110,248,189,0,0,0,0,0,0,0,0,0,0,208,252,252,29,0,0,0,0,0,0,0,0,0,153,252,252,252,59,0,0,0,0,0,0,0,0,0,0,68,252,252,29,0,0,0,0,0,0,0,6,160,250,241,162,22,4,0,0,0,0,0,0,0,0,0,0,50,236,252,156,13,0,0,0,0,0,38,145,252,238,95,0,0,0,0,0,0,0,0,0,0,0,0,0,0,164,252,252,161,0,0,0,0,62,234,252,252,177,0,0,0,0,0,0,0,0,0,0,0,0,0,0,0,16,253,253,253,253,113,105,192,255,228,149,149,17,0,0,0,0,0,0,0,0,0,0,0,0,0,0,0,3,44,228,216,252,252,252,252,253,69,0,0,0,0,0,0,0,0,0,0,0,0,0,0,0,0,0,0,0,0,83,69,252,252,252,252,253,53,0,0,0,0,0,0,0,0,0,0,0,0,0,0,0,0,0,0,0,0,145,252,252,252,252,252,253,220,42,0,0,0,0,0,0,0,0,0,0,0,0,0,0,0,0,0,58,223,248,243,177,37,29,160,253,252,220,0,0,0,0,0,0,0,0,0,0,0,0,0,0,0,0,61,226,252,243,108,0,0,0,44,253,252,237,0,0,0,0,0,0,0,0,0,0,0,0,0,0,0,0,208,252,252,99,16,63,0,24,134,253,252,237,0,0,0,0,0,0,0,0,0,0,0,0,0,0,0,0,208,252,252,240,240,244,238,240,252,253,230,65,0,0,0,0,0,0,0,0,0,0,0,0,0,0,0,0,84,209,252,252,252,252,252,252,252,234,70,0,0,0,0,0,0,0,0,0,0,0,0,0,0,0,0,0,0,7,103,147,234,182,252,163,163,61,0,0,0,0,0,0,0,0,0,0,0,0,0,0,0,0,0,0,0,0,0,0,0,0,0,0,0,0,0,0,0,0,0,0,0,0,0,0,0,0,0,0,0,0,0,0,0,0,0,0,0,0,0,0,0,0,0,0,0,0,0,0,0,0,0,0,0,0,0,0,0,0,0,0,0,0,0,0,0,0,0,0,0,0,0,0,0,0,0,0,0,0,0,0,0,0,0,0,0,0,0,0,0,0,0,0,0,0,0,0,0,0,0,0,0,0,0,0,0,0,0,0,0,0,0,0,0,0,0,0,0,0,0,0,0,0,0,0,0,0,0,0,0,0,0,0,0,0,0,0
7,0,0,0,0,0,0,0,0,0,0,0,0,0,0,0,0,0,0,0,0,0,0,0,0,0,0,0,0,0,0,0,0,0,0,0,0,0,0,0,0,0,0,0,0,0,0,0,0,0,0,0,0,0,0,0,0,0,0,0,0,0,0,0,0,0,0,0,0,0,0,0,0,0,0,0,0,0,0,0,0,0,0,0,0,0,0,0,0,0,0,0,0,0,0,0,0,0,0,0,0,0,0,0,0,0,0,0,0,0,0,0,0,0,0,0,0,0,0,0,0,0,0,0,0,0,0,0,0,0,0,0,0,0,0,0,0,0,0,0,0,0,0,0,0,0,0,0,0,0,0,0,0,0,0,0,0,0,0,0,0,0,0,0,0,0,0,0,0,0,0,0,0,0,0,0,0,0,0,0,0,0,0,0,0,0,0,0,0,0,0,0,0,0,0,0,0,0,0,0,0,0,0,0,93,122,25,0,0,0,0,0,0,0,0,0,80,255,168,0,0,0,0,0,0,0,0,0,0,0,0,64,247,252,226,116,0,0,0,0,0,0,0,57,225,253,168,0,0,0,0,0,0,0,0,0,0,0,0,85,252,252,252,250,232,223,127,127,128,162,232,246,252,250,110,0,0,0,0,0,0,0,0,0,0,0,0,85,252,210,84,227,252,252,252,252,253,252,252,252,252,115,0,0,0,0,0,0,0,0,0,0,0,0,0,14,236,242,35,25,42,138,147,147,147,147,244,252,252,0,0,0,0,0,0,0,0,0,0,0,0,0,0,0,66,253,42,0,0,0,0,0,0,68,245,253,129,0,0,0,0,0,0,0,0,0,0,0,0,0,0,0,6,107,11,0,0,0,0,0,32,237,252,169,11,0,0,0,0,0,0,0,0,0,0,0,0,0,0,0,0,0,0,0,0,0,0,0,148,252,242,42,0,0,0,0,0,0,0,0,0,0,0,0,0,0,0,0,0,0,0,0,0,0,0,98,253,252,187,0,0,0,0,0,0,0,0,0,0,0,0,0,0,0,0,0,0,0,0,0,0,0,98,246,253,252,249,140,62,0,0,0,0,0,0,0,0,0,0,0,0,0,0,0,0,0,0,0,0,0,170,253,247,211,250,253,209,131,29,0,0,0,0,0,0,0,0,0,0,0,0,0,0,0,0,0,0,8,197,252,211,0,111,224,252,253,231,51,0,0,0,0,0,0,0,0,0,0,0,0,0,0,0,0,0,75,252,244,62,0,0,14,65,127,161,116,0,0,0,0,0,0,0,0,0,0,0,0,0,0,0,0,0,197,252,147,0,0,0,0,0,0,0,0,0,0,0,0,0,0,0,0,0,0,0,0,0,0,0,0,0,232,252,103,0,0,0,0,0,0,0,0,0,0,0,0,0,0,0,0,0,0,0,0,0,0,0,0,85,253,216,18,0,0,0,0,0,0,0,0,0,0,0,0,0,0,0,0,0,0,0,0,0,0,0,0,85,252,153,0,0,0,0,0,0,0,0,0,0,0,0,0,0,0,0,0,0,0,0,0,0,0,0,22,213,252,84,0,0,0,0,0,0,0,0,0,0,0,0,0,0,0,0,0,0,0,0,0,0,0,0,43,252,238,28,0,0,0,0,0,0,0,0,0,0,0,0,0,0,0,0,0,0,0,0,0,0,0,0,43,252,99,0,0,0,0,0,0,0,0,0,0,0,0,0,0,0,0,0,0,0,0,0,0,0,0,0,0,0,0,0,0,0,0,0,0,0,0,0,0,0,0,0,0,0
4,0,0,0,0,0,0,0,0,0,0,0,0,0,0,0,0,0,0,0,0,0,0,0,0,0,0,0,0,0,0,0,0,0,0,0,0,0,0,0,0,0,0,0,0,0,0,0,0,0,0,0,0,0,0,0,0,0,0,0,0,0,0,0,0,0,0,0,0,0,0,0,0,0,0,0,0,0,0,0,0,0,0,0,0,0,0,0,0,0,0,0,0,0,0,0,0,0,0,0,0,0,0,0,0,0,0,0,0,0,0,0,0,0,0,0,0,0,0,0,0,0,0,0,0,0,0,0,0,0,0,0,0,0,0,0,0,0,0,0,0,0,0,0,0,0,0,0,0,0,0,0,0,0,0,0,0,0,0,0,0,0,123,252,35,0,0,0,0,0,0,0,0,0,0,0,0,0,0,0,10,86,80,0,0,0,0,0,0,75,252,191,0,0,0,0,0,0,0,0,0,0,0,0,0,0,0,0,87,254,166,0,0,0,0,0,42,232,226,15,0,0,0,0,0,0,0,0,0,0,0,0,0,0,0,15,225,180,1,0,0,0,0,0,164,211,13,0,0,0,0,0,0,0,0,0,0,0,0,0,0,0,0,25,254,60,0,0,0,0,0,21,227,237,18,0,0,0,0,0,0,0,0,0,0,0,0,0,0,0,0,58,254,9,0,0,0,0,0,44,254,149,0,0,0,0,0,0,0,0,0,0,0,0,0,0,0,0,13,221,203,4,0,0,0,0,17,197,245,3,0,0,0,0,0,0,0,0,0,0,0,0,0,0,0,0,66,244,56,0,0,0,0,0,85,254,238,0,0,0,0,0,0,0,0,0,0,0,0,0,0,0,0,0,185,230,0,0,0,0,0,5,199,241,65,0,0,0,0,0,0,0,0,0,0,0,0,0,0,0,0,87,254,85,0,0,0,0,0,70,254,193,0,0,0,0,0,0,0,0,0,0,0,0,0,0,0,0,0,92,254,38,0,0,0,5,88,228,221,29,0,0,0,0,0,0,0,0,0,0,0,0,0,0,0,0,0,92,254,140,78,49,85,199,254,254,177,0,0,0,0,0,0,0,0,0,0,0,0,0,0,0,0,0,0,42,236,254,254,248,235,180,194,252,75,0,0,0,0,0,0,0,0,0,0,0,0,0,0,0,0,0,0,0,54,148,148,93,29,4,185,163,0,0,0,0,0,0,0,0,0,0,0,0,0,0,0,0,0,0,0,0,0,0,0,0,0,146,254,117,0,0,0,0,0,0,0,0,0,0,0,0,0,0,0,0,0,0,0,0,0,0,0,0,25,219,229,23,0,0,0,0,0,0,0,0,0,0,0,0,0,0,0,0,0,0,0,0,0,0,0,2,191,254,129,0,0,0,0,0,0,0,0,0,0,0,0,0,0,0,0,0,0,0,0,0,0,0,0,79,254,176,5,0,0,0,0,0,0,0,0,0,0,0,0,0,0,0,0,0,0,0,0,0,0,0,12,236,232,38,0,0,0,0,0,0,0,0,0,0,0,0,0,0,0,0,0,0,0,0,0,0,0,0,87,234,50,0,0,0,0,0,0,0,0,0,0,0,0,0,0,0,0,0,0,0,0,0,0,0,0,0,0,0,0,0,0,0,0,0,0,0,0,0,0,0,0,0,0,0,0,0,0,0,0,0,0,0,0,0,0,0,0,0,0,0,0,0,0,0,0,0,0,0,0,0,0,0,0,0,0,0,0,0,0,0,0,0,0,0,0,0,0,0,0,0,0,0,0,0,0,0,0,0,0
4,0,0,0,0,0,0,0,0,0,0,0,0,0,0,0,0,0,0,0,0,0,0,0,0,0,0,0,0,0,0,0,0,0,0,0,0,0,0,0,0,0,0,0,0,0,0,0,0,0,0,0,0,0,0,0,0,0,0,0,0,0,0,0,0,0,0,0,0,0,0,0,0,0,0,0,0,0,0,0,0,0,0,0,0,0,0,0,0,0,0,0,0,0,0,0,0,0,0,0,0,0,0,0,0,0,0,0,0,0,0,0,0,0,0,0,0,0,0,0,0,0,0,0,0,0,0,0,0,0,0,0,0,0,0,0,0,0,0,0,0,0,0,0,0,0,0,0,0,0,0,0,0,0,0,0,0,0,0,0,58,130,73,1,0,0,0,0,0,0,0,0,0,0,8,13,5,0,0,0,0,0,0,0,0,0,0,54,242,253,253,73,0,0,0,0,0,0,0,0,0,1,151,253,170,7,0,0,0,0,0,0,0,0,0,100,253,253,253,129,0,0,0,0,0,0,0,0,0,6,188,253,253,165,0,0,0,0,0,0,0,0,0,51,242,253,253,190,0,0,0,0,0,0,0,0,0,23,210,253,253,201,0,0,0,0,0,0,0,0,0,115,253,253,253,115,0,0,0,0,0,0,0,0,0,136,253,253,253,93,0,0,0,0,0,0,0,0,60,242,253,253,253,5,0,0,0,0,0,0,0,0,0,136,253,253,233,32,0,0,0,0,0,0,0,0,115,253,253,253,233,5,0,0,0,0,0,0,0,0,0,136,253,253,137,0,0,0,0,0,0,0,0,18,224,253,253,253,135,0,0,0,0,0,0,0,0,0,32,219,253,253,193,21,0,0,0,0,0,0,46,184,253,253,253,253,48,0,0,0,0,0,0,0,0,0,161,253,253,253,253,210,105,63,63,63,156,186,240,253,253,253,253,171,3,0,0,0,0,0,0,0,0,0,254,253,253,253,253,253,253,253,253,253,253,253,253,253,253,253,253,141,0,0,0,0,0,0,0,0,0,0,181,253,253,253,253,253,253,253,253,253,253,253,253,253,253,253,253,106,0,0,0,0,0,0,0,0,0,0,2,55,178,253,253,253,253,237,230,253,192,172,172,200,253,253,253,18,0,0,0,0,0,0,0,0,0,0,0,0,4,43,43,43,43,34,31,43,11,0,0,190,253,253,253,61,0,0,0,0,0,0,0,0,0,0,0,0,0,0,0,0,0,0,0,0,0,0,0,211,253,253,253,182,5,0,0,0,0,0,0,0,0,0,0,0,0,0,0,0,0,0,0,0,0,0,0,211,253,253,253,253,73,0,0,0,0,0,0,0,0,0,0,0,0,0,0,0,0,0,0,0,0,0,0,211,253,253,253,207,7,0,0,0,0,0,0,0,0,0,0,0,0,0,0,0,0,0,0,0,0,0,0,96,253,253,253,141,0,0,0,0,0,0,0,0,0,0,0,0,0,0,0,0,0,0,0,0,0,0,0,4,161,253,95,7,0,0,0,0,0,0,0,0,0,0,0,0,0,0,0,0,0,0,0,0,0,0,0,0,2,5,1,0,0,0,0,0,0,0,0,0,0,0,0,0,0,0,0,0,0,0,0,0,0,0,0,0,0,0,0,0,0,0,0,0,0,0,0,0,0,0,0,0,0,0,0,0,0,0,0,0,0,0,0,0,0,0,0,0,0,0,0,0,0,0,0,0,0,0,0,0,0,0,0,0,0,0,0,0,0,0,0,0,0,0,0,0,0,0,0,0,0,0,0
7,0,0,0,0,0,0,0,0,0,0,0,0,0,0,0,0,0,0,0,0,0,0,0,0,0,0,0,0,0,0,0,0,0,0,0,0,0,0,0,0,0,0,0,0,0,0,0,0,0,0,0,0,0,0,0,0,0,0,0,0,0,0,0,0,0,0,0,0,0,0,0,0,0,0,0,0,0,0,0,0,0,0,0,0,0,0,0,0,0,0,0,0,0,0,0,0,0,0,0,0,0,0,0,0,0,0,0,0,0,0,0,0,0,0,0,0,0,0,0,0,0,0,0,0,0,0,0,0,0,0,0,0,0,0,0,0,0,0,0,0,0,0,0,0,0,0,0,0,0,0,0,0,0,0,0,0,0,0,0,0,0,0,0,0,0,0,0,0,0,0,0,0,0,0,0,0,0,19,59,59,255,253,253,253,177,23,0,0,0,0,0,0,0,0,0,0,0,0,0,0,0,0,0,73,117,158,251,251,253,251,251,251,251,96,0,0,0,0,0,0,0,0,0,0,0,0,0,0,0,0,68,222,251,251,251,251,253,251,251,251,251,204,26,0,0,0,0,0,0,0,0,0,0,0,0,0,0,217,240,251,251,251,251,251,213,212,239,251,251,251,37,0,0,0,0,0,0,0,0,0,0,0,0,0,0,233,251,251,251,220,153,153,0,0,175,251,251,251,37,0,0,0,0,0,0,0,0,0,0,0,0,0,0,113,251,251,119,66,0,0,0,0,67,240,251,251,157,0,0,0,0,0,0,0,0,0,0,0,0,0,0,6,37,37,6,0,0,0,0,0,0,233,251,251,231,0,0,0,0,0,0,0,0,0,0,0,0,0,0,0,0,0,0,0,0,0,0,0,55,239,251,251,231,0,0,0,0,0,0,0,0,0,0,0,0,0,0,0,0,0,0,0,0,0,0,0,175,251,251,251,127,0,0,0,0,0,0,0,0,0,0,0,0,0,0,0,0,0,0,0,0,0,0,0,175,251,251,251,37,0,0,0,0,0,0,0,0,0,0,0,0,0,0,0,0,0,0,0,0,0,0,0,176,253,253,97,0,0,0,0,0,0,0,0,0,0,0,0,0,0,0,0,0,0,0,0,0,0,0,55,210,251,251,96,0,0,0,0,0,0,0,0,0,0,0,0,0,0,0,0,0,0,0,0,0,0,0,117,251,251,251,96,0,0,0,0,0,0,0,0,0,0,0,0,0,0,0,0,0,0,0,0,0,0,0,117,251,251,251,96,0,0,0,0,0,0,0,0,0,0,0,0,0,0,0,0,0,0,0,0,0,0,0,117,251,251,251,155,90,0,0,0,0,0,0,0,0,0,0,0,0,0,0,0,0,0,0,0,0,0,0,117,251,251,251,251,231,0,0,0,0,0,0,0,0,0,0,0,0,0,0,0,0,0,0,0,0,0,0,117,251,251,251,239,63,0,0,0,0,0,0,0,0,0,0,0,0,0,0,0,0,0,0,0,0,0,0,117,251,251,251,96,0,0,0,0,0,0,0,0,0,0,0,0,0,0,0,0,0,0,0,0,0,0,0,117,251,251,251,96,0,0,0,0,0,0,0,0,0,0,0,0,0,0,0,0,0,0,0,0,0,0,0,27,57,237,175,22,0,0,0,0,0,0,0,0,0,0,0,0,0,0,0,0,0,0,0,0,0,0,0,0,0,0,0,0,0,0,0,0,0,0,0,0,0,0,0,0,0,0,0,0,0,0,0,0,0,0,0,0,0,0,0,0,0,0,0,0,0,0,0,0,0,0
9,0,0,0,0,0,0,0,0,0,0,0,0,0,0,0,0,0,0,0,0,0,0,0,0,0,0,0,0,0,0,0,0,0,0,0,0,0,0,0,0,0,0,0,0,0,0,0,0,0,0,0,0,0,0,0,0,0,0,0,0,0,0,0,0,0,0,0,0,0,0,0,0,0,0,0,0,0,0,0,0,0,0,0,0,0,0,0,0,0,0,0,0,0,0,0,0,0,0,0,0,0,0,0,0,0,0,0,0,0,0,0,0,0,0,0,0,0,0,0,0,0,0,0,0,0,0,0,0,0,0,0,0,0,0,0,0,0,0,0,0,0,0,0,0,0,0,0,0,0,0,0,0,0,0,0,0,0,0,0,0,0,0,0,0,0,0,0,0,0,0,0,0,0,0,0,0,0,0,0,0,102,229,255,240,95,0,25,0,0,0,0,0,0,0,0,0,0,0,0,0,0,0,0,0,0,0,13,94,235,253,254,253,149,82,235,174,0,0,0,0,0,0,0,0,0,0,0,0,0,0,0,0,0,1,91,253,248,173,91,158,230,234,253,234,0,0,0,0,0,0,0,0,0,0,0,0,0,0,0,0,14,124,253,253,103,0,0,104,253,253,253,171,0,0,0,0,0,0,0,0,0,0,0,0,0,0,0,0,65,253,253,130,3,0,0,126,253,253,226,28,0,0,0,0,0,0,0,0,0,0,0,0,0,0,0,0,148,253,208,5,0,0,12,175,253,247,86,0,0,0,0,0,0,0,0,0,0,0,0,0,0,0,0,54,247,239,22,0,0,63,226,253,253,177,0,0,0,0,0,0,0,0,0,0,0,0,0,0,0,0,0,76,253,178,0,0,105,250,254,253,253,177,0,0,0,0,0,0,0,0,0,0,0,0,0,0,0,0,0,76,253,194,123,213,247,253,198,253,253,132,0,0,0,0,0,0,0,0,0,0,0,0,0,0,0,0,0,20,204,253,253,253,242,90,66,253,253,84,0,0,0,0,0,0,0,0,0,0,0,0,0,0,0,0,0,0,35,188,188,132,49,0,160,254,251,63,0,0,0,0,0,0,0,0,0,0,0,0,0,0,0,0,0,0,0,0,0,0,0,0,208,253,229,0,0,0,0,0,0,0,0,0,0,0,0,0,0,0,0,0,0,0,0,0,0,0,0,0,219,253,149,0,0,0,0,0,0,0,0,0,0,0,0,0,0,0,0,0,0,0,0,0,0,0,0,0,254,253,149,0,0,0,0,0,0,0,0,0,0,0,0,0,0,0,0,0,0,0,0,0,0,0,0,0,254,253,149,0,0,0,0,0,0,0,0,0,0,0,0,0,0,0,0,0,0,0,0,0,0,0,0,77,254,253,73,0,0,0,0,0,0,0,0,0,0,0,0,0,0,0,0,0,0,0,0,0,0,0,0,95,254,253,56,0,0,0,0,0,0,0,0,0,0,0,0,0,0,0,0,0,0,0,0,0,0,0,0,95,254,244,44,0,0,0,0,0,0,0,0,0,0,0,0,0,0,0,0,0,0,0,0,0,0,0,0,164,254,233,38,0,0,0,0,0,0,0,0,0,0,0,0,0,0,0,0,0,0,0,0,0,0,0,0,25,184,239,60,0,0,0,0,0,0,0,0,0,0,0,0,0,0,0,0,0,0,0,0,0,0,0,0,0,0,0,0,0,0,0,0,0,0,0,0,0,0,0,0,0,0,0,0,0,0,0,0,0,0,0,0,0,0,0,0,0,0,0,0,0,0,0,0,0,0,0
6,0,0,0,0,0,0,0,0,0,0,0,0,0,0,0,0,0,0,0,0,0,0,0,0,0,0,0,0,0,0,0,0,0,0,0,0,0,0,0,0,0,0,0,0,0,0,0,0,0,0,0,0,0,0,0,0,0,0,0,0,0,0,0,0,0,0,73,73,10,0,0,0,0,0,0,0,0,0,0,0,0,0,0,0,0,0,0,0,0,0,0,0,0,105,253,251,138,0,0,0,0,0,0,0,0,0,0,0,0,0,0,0,0,0,0,0,0,0,0,0,16,190,253,251,215,0,0,0,0,0,0,0,0,0,0,0,0,0,0,0,0,0,0,0,0,0,0,16,170,251,253,251,137,0,0,0,0,0,0,0,0,0,0,0,0,0,0,0,0,0,0,0,0,0,0,37,251,251,253,251,35,0,0,0,0,0,0,0,0,0,0,0,0,0,0,0,0,0,0,0,0,0,0,89,253,253,255,253,35,0,0,0,0,0,0,0,0,0,0,0,0,0,0,0,0,0,0,0,0,0,0,217,251,251,253,168,15,0,0,0,0,0,0,0,0,0,0,0,0,0,0,0,0,0,0,0,0,0,125,246,251,251,242,92,0,0,0,0,0,0,0,0,0,0,32,21,0,0,0,0,0,0,0,0,0,32,190,251,251,251,180,0,0,0,0,0,0,0,0,0,32,109,231,189,109,0,0,0,0,0,0,0,0,73,251,251,251,251,51,0,0,0,0,0,0,0,0,130,202,251,251,251,251,0,0,0,0,0,0,0,0,73,253,253,253,253,0,0,0,0,0,0,0,0,110,253,255,253,253,253,253,0,0,0,0,0,0,0,0,176,251,251,251,251,0,0,0,0,0,0,0,21,190,251,253,251,251,251,251,0,0,0,0,0,0,0,0,227,251,251,251,251,0,0,0,0,0,11,140,221,251,251,253,251,251,251,96,0,0,0,0,0,0,0,0,73,251,251,251,251,0,0,0,0,0,150,251,251,251,251,253,251,235,142,41,0,0,0,0,0,0,0,0,73,251,251,251,251,182,77,0,0,130,253,251,251,251,251,253,251,215,0,0,0,0,0,0,0,0,0,0,53,180,243,253,253,255,253,253,253,253,255,253,253,253,253,255,253,35,0,0,0,0,0,0,0,0,0,0,0,0,113,251,251,253,251,251,251,251,253,251,251,251,251,211,107,15,0,0,0,0,0,0,0,0,0,0,0,0,5,113,215,253,251,251,251,251,253,251,251,251,96,25,0,0,0,0,0,0,0,0,0,0,0,0,0,0,0,0,0,143,205,235,189,251,253,188,142,142,41,0,0,0,0,0,0,0,0,0,0,0,0,0,0,0,0,0,0,0,41,61,31,71,72,30,0,0,0,0,0,0,0,0,0,0,0,0,0,0,0,0,0,0,0,0,0,0,0,0,0,0,0,0,0,0,0,0,0,0,0,0,0,0,0,0,0,0,0,0,0,0,0,0,0,0,0,0,0,0,0,0,0,0,0,0,0,0,0,0,0,0,0,0,0,0,0,0,0,0,0,0,0,0,0,0,0,0,0,0,0,0,0,0,0,0,0,0,0,0,0,0,0,0,0,0,0,0,0,0,0,0,0,0,0,0,0,0,0,0,0,0,0,0,0,0,0,0,0,0,0,0,0,0,0,0,0,0,0,0,0,0,0,0,0,0,0,0,0,0,0,0,0,0,0,0,0,0,0,0,0,0,0,0,0,0,0,0,0,0,0,0,0,0,0,0,0,0,0,0,0,0,0,0,0
9,0,0,0,0,0,0,0,0,0,0,0,0,0,0,0,0,0,0,0,0,0,0,0,0,0,0,0,0,0,0,0,0,0,0,0,0,0,0,0,0,0,0,0,0,0,0,0,0,0,0,0,0,0,0,0,0,0,0,0,0,0,0,0,0,0,0,0,0,0,0,0,0,0,0,0,0,0,0,0,0,0,0,0,0,0,0,0,0,0,0,0,0,0,0,0,0,0,0,0,0,0,0,0,0,0,0,0,0,0,0,0,0,0,0,0,0,0,0,0,0,0,0,0,0,0,0,0,0,0,0,0,0,0,0,0,0,0,0,0,0,0,0,0,0,0,0,0,0,0,0,0,0,0,0,0,0,0,0,0,0,0,0,0,0,0,0,0,0,0,0,0,0,0,0,0,0,0,0,0,0,0,0,0,0,0,0,0,0,0,0,0,0,0,0,0,0,0,0,0,0,0,0,0,0,0,0,0,0,34,196,255,254,254,171,0,0,0,0,0,0,0,0,0,0,0,0,0,0,0,0,0,0,0,0,0,156,248,228,69,8,98,251,34,0,0,0,0,0,0,0,0,0,0,0,0,0,0,0,0,0,0,9,140,245,155,11,0,0,62,253,56,0,0,0,0,0,0,0,0,0,0,0,0,0,0,0,0,0,0,132,253,138,0,0,0,0,62,253,240,165,0,0,0,0,0,0,0,0,0,0,0,0,0,0,0,0,84,247,185,9,0,0,0,0,62,253,253,203,0,0,0,0,0,0,0,0,0,0,0,0,0,0,0,0,131,224,42,0,0,0,0,0,116,253,247,83,0,0,0,0,0,0,0,0,0,0,0,0,0,0,0,0,201,130,0,0,0,0,0,105,249,253,200,0,0,0,0,0,0,0,0,0,0,0,0,0,0,0,0,0,182,169,10,0,0,7,132,251,253,249,53,0,0,0,0,0,0,0,0,0,0,0,0,0,0,0,0,0,97,251,222,118,100,207,254,247,253,167,0,0,0,0,0,0,0,0,0,0,0,0,0,0,0,0,0,0,0,108,205,253,253,222,79,133,232,44,0,0,0,0,0,0,0,0,0,0,0,0,0,0,0,0,0,0,0,0,0,67,88,27,52,251,165,0,0,0,0,0,0,0,0,0,0,0,0,0,0,0,0,0,0,0,0,0,0,0,0,25,218,209,10,0,0,0,0,0,0,0,0,0,0,0,0,0,0,0,0,0,0,0,0,0,0,0,0,109,254,131,0,0,0,0,0,0,0,0,0,0,0,0,0,0,0,0,0,0,0,0,0,0,0,0,5,218,210,13,0,0,0,0,0,0,0,0,0,0,0,0,0,0,0,0,0,0,0,0,0,0,0,0,100,253,85,0,0,0,0,0,0,0,0,0,0,0,0,0,0,0,0,0,0,0,0,0,0,0,0,3,193,210,0,0,0,0,0,0,0,0,0,0,0,0,0,0,0,0,0,0,0,0,0,0,0,0,0,57,253,127,0,0,0,0,0,0,0,0,0,0,0,0,0,0,0,0,0,0,0,0,0,0,0,0,0,106,249,46,0,0,0,0,0,0,0,0,0,0,0,0,0,0,0,0,0,0,0,0,0,0,0,0,0,106,244,9,0,0,0,0,0,0,0,0,0,0,0,0,0,0,0,0,0,0,0,0,0,0,0,0,0,39,198,162,0,0,0,0,0,0,0,0,0,0,0,0,0,0,0,0,0,0,0,0,0,0,0,0,0,0,0,0,0,0,0,0,0,0,0,0,0,0,0,0,0,0
0,0,0,0,0,0,0,0,0,0,0,0,0,0,0,0,0,0,0,0,0,0,0,0,0,0,0,0,0,0,0,0,0,0,0,0,0,0,0,0,0,0,0,0,0,0,0,0,0,0,0,0,0,0,0,0,0,0,0,0,0,0,0,0,0,0,0,0,0,0,0,0,0,0,0,0,0,0,0,0,0,0,0,0,0,0,0,0,0,0,0,0,0,0,0,0,0,0,0,0,0,0,0,0,0,0,0,0,0,0,0,0,0,0,0,0,0,0,0,0,0,0,0,0,0,0,0,0,0,0,0,0,0,0,0,0,0,0,0,0,0,0,0,0,0,0,0,0,0,0,0,0,17,17,0,0,0,0,0,0,0,0,0,0,0,0,0,0,0,0,0,0,0,0,0,0,0,0,30,157,224,225,27,0,0,0,0,0,0,0,0,0,0,0,0,0,0,0,0,0,0,0,0,0,0,119,222,253,253,254,81,0,0,0,85,93,127,127,9,0,0,0,0,0,0,0,0,0,0,0,0,7,170,254,254,254,254,127,9,7,136,221,254,254,254,255,237,146,0,0,0,0,0,0,0,0,0,0,9,166,253,241,139,23,23,0,0,11,182,182,131,131,148,207,249,251,113,0,0,0,0,0,0,0,0,0,130,253,253,134,0,0,0,0,0,0,0,0,0,0,0,0,59,224,236,0,0,0,0,0,0,0,0,26,239,253,185,0,0,0,0,0,0,0,0,0,0,0,0,0,0,116,253,0,0,0,0,0,0,0,0,162,254,171,0,0,0,0,0,0,0,0,0,0,0,0,0,0,0,116,254,0,0,0,0,0,0,0,0,229,253,88,0,0,0,0,0,0,0,0,0,0,0,0,0,0,0,199,253,0,0,0,0,0,0,0,0,161,253,46,0,0,0,0,0,0,0,0,0,0,0,0,0,0,38,245,244,0,0,0,0,0,0,0,0,128,253,113,0,0,0,0,0,0,0,0,0,0,0,0,0,0,147,253,128,0,0,0,0,0,0,0,0,26,239,163,0,0,0,0,0,0,0,0,0,0,0,0,0,153,254,239,25,0,0,0,0,0,0,0,0,0,146,242,55,0,0,0,0,0,0,0,0,0,0,22,147,254,244,154,0,0,0,0,0,0,0,0,0,0,42,224,202,51,0,0,0,0,0,0,0,7,40,212,253,222,79,0,0,0,0,0,0,0,0,0,0,0,0,116,253,210,42,0,0,0,0,9,93,170,253,253,219,84,0,0,0,0,0,0,0,0,0,0,0,0,0,9,159,255,237,237,186,187,254,254,254,254,241,134,0,0,0,0,0,0,0,0,0,0,0,0,0,0,0,0,0,82,165,244,253,254,253,253,219,115,27,0,0,0,0,0,0,0,0,0,0,0,0,0,0,0,0,0,0,0,0,38,46,46,46,46,13,0,0,0,0,0,0,0,0,0,0,0,0,0,0,0,0,0,0,0,0,0,0,0,0,0,0,0,0,0,0,0,0,0,0,0,0,0,0,0,0,0,0,0,0,0,0,0,0,0,0,0,0,0,0,0,0,0,0,0,0,0,0,0,0,0,0,0,0,0,0,0,0,0,0,0,0,0,0,0,0,0,0,0,0,0,0,0,0,0,0,0,0,0,0,0,0,0,0,0,0,0,0,0,0,0,0,0,0,0,0,0,0,0,0,0,0,0,0,0,0,0,0,0,0,0,0,0,0,0,0,0,0,0,0,0,0,0,0,0,0,0,0,0,0,0,0,0,0,0,0,0,0
9,0,0,0,0,0,0,0,0,0,0,0,0,0,0,0,0,0,0,0,0,0,0,0,0,0,0,0,0,0,0,0,0,0,0,0,0,0,0,0,0,0,0,0,0,0,0,0,0,0,0,0,0,0,0,0,0,0,0,0,0,0,0,0,0,0,0,0,0,0,0,0,0,0,0,0,0,0,0,0,0,0,0,0,0,0,0,0,0,0,0,0,0,0,0,0,0,0,0,0,0,0,0,0,0,0,0,0,0,0,0,0,0,0,0,0,0,0,0,0,0,0,0,0,0,0,0,0,0,0,0,0,0,0,0,0,0,0,0,0,0,0,0,0,0,0,0,0,0,0,0,0,0,0,0,0,0,0,0,0,0,0,0,0,0,0,0,0,0,0,0,0,0,0,0,0,0,0,0,0,0,12,47,131,238,210,122,13,0,0,0,0,0,0,0,0,0,0,0,0,0,0,0,0,0,0,0,16,113,228,254,147,54,75,175,194,33,0,0,0,0,0,0,0,0,0,0,0,0,0,0,0,0,0,39,201,245,168,37,0,0,0,11,155,136,0,0,0,0,0,0,0,0,0,0,0,0,0,0,0,0,55,239,216,28,0,0,0,0,0,0,51,234,71,0,0,0,0,0,0,0,0,0,0,0,0,0,0,8,202,214,27,0,0,0,0,0,0,0,0,128,227,0,0,0,0,0,0,0,0,0,0,0,0,0,0,82,254,73,0,0,0,0,0,0,0,51,118,28,238,0,0,0,0,0,0,0,0,0,0,0,0,0,0,165,168,3,0,0,0,0,0,0,3,191,189,0,229,0,0,0,0,0,0,0,0,0,0,0,0,0,0,179,138,0,0,0,0,0,0,0,89,254,138,0,122,0,0,0,0,0,0,0,0,0,0,0,0,0,0,247,138,0,0,0,0,0,0,41,239,250,86,0,14,0,0,0,0,0,0,0,0,0,0,0,0,0,0,200,161,0,0,0,0,0,38,226,254,168,0,0,0,0,0,0,0,0,0,0,0,0,0,0,0,0,0,86,255,128,9,0,5,47,232,226,245,161,0,0,0,0,0,0,0,0,0,0,0,0,0,0,0,0,0,4,154,254,220,200,212,254,222,58,254,161,0,0,0,0,0,0,0,0,0,0,0,0,0,0,0,0,0,0,5,73,156,205,184,91,19,47,254,117,0,0,0,0,0,0,0,0,0,0,0,0,0,0,0,0,0,0,0,0,0,3,0,0,0,47,254,85,0,0,0,0,0,0,0,0,0,0,0,0,0,0,0,0,0,0,0,0,0,0,0,0,0,82,254,26,0,0,0,0,0,0,0,0,0,0,0,0,0,0,0,0,0,0,0,0,0,0,0,0,0,124,254,7,0,0,0,0,0,0,0,0,0,0,0,0,0,0,0,0,0,0,0,0,0,0,0,0,0,124,254,7,0,0,0,0,0,0,0,0,0,0,0,0,0,0,0,0,0,0,0,0,0,0,0,0,0,91,254,73,0,0,0,0,0,0,0,0,0,0,0,0,0,0,0,0,0,0,0,0,0,0,0,0,0,110,254,201,0,0,0,0,0,0,0,0,0,0,0,0,0,0,0,0,0,0,0,0,0,0,0,0,0,77,254,144,0,0,0,0,0,0,0,0,0,0,0,0,0,0,0,0,0,0,0,0,0,0,0,0,0,0,0,0,0,0,0,0,0,0,0,0,0,0,0,0,0,0,0,0,0,0,0,0,0,0,0,0,0,0,0,0,0,0,0,0,0,0,0,0,0,0
8,0,0,0,0,0,0,0,0,0,0,0,0,0,0,0,0,0,0,0,0,0,0,0,0,0,0,0,0,0,0,0,0,0,0,0,0,0,0,0,0,0,0,0,0,0,0,0,0,0,0,0,0,0,0,0,0,0,0,0,0,0,0,0,0,0,0,0,0,0,0,0,0,0,0,0,0,0,0,0,0,0,0,0,0,0,0,0,0,0,0,0,0,0,0,0,0,0,0,0,0,0,0,0,0,0,0,0,0,0,0,0,0,0,0,0,0,0,0,0,0,0,0,0,0,0,0,0,0,0,0,0,0,0,0,0,0,0,0,0,0,0,0,0,0,0,0,0,0,0,0,0,0,0,0,83,239,254,255,226,91,0,0,0,0,0,0,0,0,0,0,0,0,0,0,0,0,0,0,0,0,119,235,252,224,123,167,254,227,13,0,0,0,0,0,0,0,0,0,0,0,0,0,0,0,0,0,2,110,253,242,157,30,0,1,178,254,102,0,0,0,0,0,0,0,0,0,0,0,0,0,0,0,0,0,66,254,254,45,0,0,0,0,169,254,111,0,0,0,0,0,0,0,0,0,0,0,0,0,0,0,0,18,240,254,88,4,0,0,0,0,169,254,41,0,0,0,0,0,0,0,0,0,0,0,0,0,0,0,0,23,254,254,4,0,0,0,0,1,172,201,6,0,0,0,0,0,0,0,0,0,0,0,0,0,0,0,0,23,254,254,95,0,0,0,0,96,254,98,0,0,0,0,0,0,0,0,0,0,0,0,0,0,0,0,0,1,73,231,253,146,9,0,37,228,203,5,0,0,0,0,0,0,0,0,0,0,0,0,0,0,0,0,0,0,0,12,178,254,176,18,203,254,122,0,0,0,0,0,0,0,0,0,0,0,0,0,0,0,0,0,0,0,0,0,9,83,222,232,254,235,40,0,0,0,0,0,0,0,0,0,0,0,0,0,0,0,0,0,0,0,0,0,0,0,145,254,254,128,0,0,0,0,0,0,0,0,0,0,0,0,0,0,0,0,0,0,0,0,0,0,6,153,247,245,250,197,0,0,0,0,0,0,0,0,0,0,0,0,0,0,0,0,0,0,0,0,0,4,169,251,186,38,132,252,61,0,0,0,0,0,0,0,0,0,0,0,0,0,0,0,0,0,0,0,35,227,231,73,0,0,80,254,85,0,0,0,0,0,0,0,0,0,0,0,0,0,0,0,0,0,0,6,202,208,40,0,0,0,18,254,85,0,0,0,0,0,0,0,0,0,0,0,0,0,0,0,0,0,0,186,230,35,0,0,0,0,100,254,85,0,0,0,0,0,0,0,0,0,0,0,0,0,0,0,0,0,0,201,155,0,0,0,0,0,122,237,42,0,0,0,0,0,0,0,0,0,0,0,0,0,0,0,0,0,0,191,232,55,10,0,5,81,243,160,0,0,0,0,0,0,0,0,0,0,0,0,0,0,0,0,0,0,0,36,227,254,214,192,203,254,237,64,0,0,0,0,0,0,0,0,0,0,0,0,0,0,0,0,0,0,0,0,59,164,221,254,254,137,17,0,0,0,0,0,0,0,0,0,0,0,0,0,0,0,0,0,0,0,0,0,0,0,0,0,0,0,0,0,0,0,0,0,0,0,0,0,0,0,0,0,0,0,0,0,0,0,0,0,0,0,0,0,0,0,0,0,0,0,0,0,0,0,0,0,0,0,0,0,0,0,0,0,0,0,0,0,0,0,0,0,0,0,0,0,0,0,0,0,0,0,0,0,0,0
0,0,0,0,0,0,0,0,0,0,0,0,0,0,0,0,0,0,0,0,0,0,0,0,0,0,0,0,0,0,0,0,0,0,0,0,0,0,0,0,0,0,0,0,0,0,0,0,0,0,0,0,0,0,0,0,0,0,0,0,0,0,0,0,0,0,0,0,0,0,0,0,0,0,0,0,0,0,0,0,0,0,0,0,0,0,0,0,0,0,0,0,0,0,0,0,0,0,0,0,0,0,0,0,0,0,0,0,0,0,0,0,0,0,0,0,0,0,0,0,0,0,0,0,0,0,85,194,38,0,0,0,0,0,0,0,0,0,0,0,0,0,0,0,0,0,0,0,0,0,0,0,2,118,235,215,53,0,0,0,0,0,0,0,0,0,0,0,0,0,0,0,0,0,0,0,0,0,0,0,118,253,253,253,236,87,0,0,0,0,0,0,0,0,0,0,0,0,0,0,0,0,0,0,0,0,0,47,235,253,247,244,254,251,166,26,0,0,0,0,0,0,0,0,0,0,0,0,0,0,0,0,0,0,0,231,253,118,49,45,81,238,253,206,23,0,0,0,0,0,0,0,0,0,0,0,0,0,0,0,0,0,61,255,151,0,0,0,0,8,183,254,119,0,0,0,0,0,0,0,0,0,0,0,0,0,0,0,0,19,207,249,36,0,0,0,0,0,42,244,200,8,0,0,0,0,0,0,0,0,0,0,0,0,0,0,0,40,253,165,0,0,0,0,0,0,0,166,253,98,0,0,0,0,0,0,0,0,0,0,0,0,0,0,0,129,253,8,0,0,0,0,0,0,0,84,253,98,0,0,0,0,0,0,0,0,0,0,0,0,0,0,0,212,253,0,0,0,0,0,0,0,0,24,230,173,0,0,0,0,0,0,0,0,0,0,0,0,0,0,0,235,254,0,0,0,0,0,0,0,0,0,196,255,39,0,0,0,0,0,0,0,0,0,0,0,0,0,0,234,253,0,0,0,0,0,0,0,0,0,195,254,84,0,0,0,0,0,0,0,0,0,0,0,0,0,0,204,253,0,0,0,0,0,0,0,0,0,195,254,68,0,0,0,0,0,0,0,0,0,0,0,0,0,0,136,253,0,0,0,0,0,0,0,0,0,195,254,39,0,0,0,0,0,0,0,0,0,0,0,0,0,0,62,253,114,0,0,0,0,0,0,0,0,195,208,9,0,0,0,0,0,0,0,0,0,0,0,0,0,0,40,254,232,24,0,0,0,0,0,0,25,231,196,0,0,0,0,0,0,0,0,0,0,0,0,0,0,0,6,151,254,213,44,0,0,0,0,0,167,253,113,0,0,0,0,0,0,0,0,0,0,0,0,0,0,0,0,0,193,253,229,111,0,0,0,85,247,253,30,0,0,0,0,0,0,0,0,0,0,0,0,0,0,0,0,0,5,184,241,250,234,212,182,247,247,101,0,0,0,0,0,0,0,0,0,0,0,0,0,0,0,0,0,0,0,0,41,148,230,254,253,185,56,0,0,0,0,0,0,0,0,0,0,0,0,0,0,0,0,0,0,0,0,0,0,0,0,0,0,0,0,0,0,0,0,0,0,0,0,0,0,0,0,0,0,0,0,0,0,0,0,0,0,0,0,0,0,0,0,0,0,0,0,0,0,0,0,0,0,0,0,0,0,0,0,0,0,0,0,0,0,0,0,0,0,0,0,0,0,0,0,0,0,0,0,0,0,0,0,0,0,0,0,0,0,0,0,0,0,0,0,0,0,0,0,0,0,0,0,0,0,0,0,0
4,0,0,0,0,0,0,0,0,0,0,0,0,0,0,0,0,0,0,0,0,0,0,0,0,0,0,0,0,0,0,0,0,0,0,0,0,0,0,0,0,0,0,0,0,0,0,0,0,0,0,0,0,0,0,0,0,0,0,0,0,0,0,0,0,0,0,0,0,0,0,0,0,0,0,0,0,0,0,0,0,0,0,0,0,0,0,0,0,0,0,0,0,0,0,0,0,0,0,0,0,0,0,0,0,0,0,0,0,0,0,0,0,0,0,0,0,0,0,0,0,0,0,0,0,0,0,0,0,0,0,0,0,0,0,0,0,0,0,0,0,0,0,0,0,0,0,0,0,0,0,0,0,0,0,0,0,0,0,0,0,0,0,0,0,0,0,0,0,0,0,0,0,0,0,0,0,0,0,22,158,181,31,0,23,218,162,0,0,0,0,0,0,0,0,0,0,0,0,0,0,0,0,0,0,0,0,118,253,241,67,0,120,253,234,0,0,0,0,0,0,0,0,0,0,0,0,0,0,0,0,0,0,0,5,172,253,132,0,0,136,253,234,0,0,0,0,0,0,0,0,0,0,0,0,0,0,0,0,0,0,0,117,253,253,97,0,0,161,253,234,0,0,0,0,0,0,0,0,0,0,0,0,0,0,0,0,0,0,115,255,208,162,6,0,0,215,254,235,0,0,0,0,0,0,0,0,0,0,0,0,0,0,0,0,0,28,243,254,136,0,0,0,0,215,253,234,0,0,25,13,0,0,0,0,0,0,0,0,0,0,0,0,0,27,243,254,235,215,166,59,59,223,253,215,59,59,203,186,0,0,0,0,0,0,0,0,0,0,0,0,0,0,90,254,253,253,253,254,253,253,253,254,253,253,253,210,0,0,0,0,0,0,0,0,0,0,0,0,0,0,0,37,121,103,150,241,243,254,254,235,234,210,162,73,0,0,0,0,0,0,0,0,0,0,0,0,0,0,0,0,0,0,0,18,153,253,253,0,0,0,0,0,0,0,0,0,0,0,0,0,0,0,0,0,0,0,0,0,0,0,0,0,195,253,253,0,0,0,0,0,0,0,0,0,0,0,0,0,0,0,0,0,0,0,0,0,0,0,0,0,195,253,156,0,0,0,0,0,0,0,0,0,0,0,0,0,0,0,0,0,0,0,0,0,0,0,0,14,236,254,98,0,0,0,0,0,0,0,0,0,0,0,0,0,0,0,0,0,0,0,0,0,0,0,0,20,253,253,85,0,0,0,0,0,0,0,0,0,0,0,0,0,0,0,0,0,0,0,0,0,0,0,0,86,253,253,19,0,0,0,0,0,0,0,0,0,0,0,0,0,0,0,0,0,0,0,0,0,0,0,0,98,253,253,19,0,0,0,0,0,0,0,0,0,0,0,0,0,0,0,0,0,0,0,0,0,0,0,0,105,254,254,19,0,0,0,0,0,0,0,0,0,0,0,0,0,0,0,0,0,0,0,0,0,0,0,0,175,253,253,19,0,0,0,0,0,0,0,0,0,0,0,0,0,0,0,0,0,0,0,0,0,0,0,0,175,253,253,19,0,0,0,0,0,0,0,0,0,0,0,0,0,0,0,0,0,0,0,0,0,0,0,0,175,253,150,2,0,0,0,0,0,0,0,0,0,0,0,0,0,0,0,0,0,0,0,0,0,0,0,0,0,0,0,0,0,0,0,0,0,0,0,0,0,0,0,0,0,0,0,0,0,0,0,0,0,0,0,0,0,0,0,0,0,0,0,0,0,0,0,0,0,0,0
6,0,0,0,0,0,0,0,0,0,0,0,0,0,0,0,0,0,0,0,0,0,0,0,0,0,0,0,0,0,0,0,0,0,0,0,0,0,0,0,0,0,0,0,0,0,0,0,0,0,0,0,0,0,0,0,0,0,0,0,0,0,0,0,0,0,0,0,0,0,0,0,0,0,0,0,0,0,0,0,0,0,0,0,0,0,0,0,0,0,0,0,0,0,0,0,0,0,0,0,0,0,0,0,0,0,0,0,0,0,0,0,0,0,0,0,0,0,0,0,0,0,0,0,0,0,0,0,0,54,213,234,185,44,0,0,0,0,0,0,0,0,0,0,0,0,0,0,0,0,0,0,0,0,0,0,32,226,229,58,163,18,0,0,0,0,0,0,0,0,0,0,0,0,0,0,0,0,0,0,0,0,0,0,137,254,153,0,0,0,0,0,0,0,0,0,0,0,0,0,0,0,0,0,0,0,0,0,0,0,0,0,219,168,2,0,0,0,0,0,0,0,0,0,0,0,0,0,0,0,0,0,0,0,0,0,0,0,0,104,245,35,0,0,0,0,0,0,0,0,0,0,0,0,0,0,0,0,0,0,0,0,0,0,0,0,48,253,173,12,0,0,0,0,0,0,0,0,0,0,0,0,0,0,0,0,0,0,0,0,0,0,0,63,211,200,32,0,0,0,0,0,0,0,0,0,0,0,0,0,0,0,0,0,0,0,0,0,0,0,0,108,251,84,0,0,0,0,0,0,0,0,0,0,0,0,0,0,0,0,0,0,0,0,0,0,0,0,9,196,179,0,0,0,0,0,0,0,0,0,0,0,0,0,0,0,0,0,0,0,0,0,0,0,0,0,116,249,55,0,0,0,0,0,0,0,0,0,0,0,0,0,0,0,0,0,0,0,0,0,0,0,0,0,220,218,0,0,1,65,120,57,0,0,0,0,0,0,0,0,0,0,0,0,0,0,0,0,0,0,0,47,251,155,0,33,169,254,254,233,18,0,0,0,0,0,0,0,0,0,0,0,0,0,0,0,0,0,0,133,254,82,8,181,214,123,242,181,0,0,0,0,0,0,0,0,0,0,0,0,0,0,0,0,0,0,0,72,254,135,226,232,25,52,253,154,0,0,0,0,0,0,0,0,0,0,0,0,0,0,0,0,0,0,0,0,215,254,210,37,6,224,231,10,0,0,0,0,0,0,0,0,0,0,0,0,0,0,0,0,0,0,0,0,178,254,234,148,210,225,80,0,0,0,0,0,0,0,0,0,0,0,0,0,0,0,0,0,0,0,0,56,240,132,197,222,137,21,0,0,0,0,0,0,0,0,0,0,0,0,0,0,0,0,0,0,0,0,4,195,131,0,0,0,0,0,0,0,0,0,0,0,0,0,0,0,0,0,0,0,0,0,0,0,0,0,57,255,38,0,0,0,0,0,0,0,0,0,0,0,0,0,0,0,0,0,0,0,0,0,0,0,0,0,4,135,115,0,0,0,0,0,0,0,0,0,0,0,0,0,0,0,0,0,0,0,0,0,0,0,0,0,0,0,0,0,0,0,0,0,0,0,0,0,0,0,0,0,0,0,0,0,0,0,0,0,0,0,0,0,0,0,0,0,0,0,0,0,0,0,0,0,0,0,0,0,0,0,0,0,0,0,0,0,0,0,0,0,0,0,0,0,0,0,0,0,0,0,0,0,0,0,0,0,0,0,0,0,0,0,0,0,0,0,0,0,0,0,0,0,0,0,0,0,0,0,0,0,0,0,0,0,0,0,0
0,0,0,0,0,0,0,0,0,0,0,0,0,0,0,0,0,0,0,0,0,0,0,0,0,0,0,0,0,0,0,0,0,0,0,0,0,0,0,0,0,0,0,0,0,0,0,0,0,0,0,0,0,0,0,0,0,0,0,0,0,0,0,0,0,0,0,0,0,0,0,0,0,0,0,0,0,0,0,0,0,0,0,0,0,0,0,0,0,0,0,0,0,0,0,0,0,0,0,0,0,0,0,0,0,0,0,0,0,0,0,0,0,0,0,0,0,0,0,0,0,0,0,0,0,85,115,0,0,0,0,0,0,0,0,0,0,0,0,0,0,0,0,0,0,0,0,0,0,0,0,0,64,225,243,118,76,3,0,0,0,0,0,0,0,0,0,0,0,0,0,0,0,0,0,0,0,0,0,0,179,253,254,253,253,169,19,0,0,0,0,0,0,0,0,0,0,0,0,0,0,0,0,0,0,0,0,109,250,229,175,211,229,253,229,67,0,0,0,0,0,0,0,0,0,0,0,0,0,0,0,0,0,0,20,227,174,30,0,0,0,121,248,218,9,0,0,0,0,0,0,0,0,0,0,0,0,0,0,0,0,0,98,172,0,0,0,0,0,0,80,253,140,0,0,0,0,0,0,0,0,0,0,0,0,0,0,0,0,0,116,147,0,0,0,0,0,0,3,204,182,0,0,0,0,0,0,0,0,0,0,0,0,0,0,0,0,0,175,136,0,0,0,0,0,0,0,124,249,42,0,0,0,0,0,0,0,0,0,0,0,0,0,0,0,0,230,107,0,0,0,0,0,0,0,0,185,181,0,0,0,0,0,0,0,0,0,0,0,0,0,0,0,13,251,98,0,0,0,0,0,0,0,0,113,217,0,0,0,0,0,0,0,0,0,0,0,0,0,0,0,79,234,0,0,0,0,0,0,0,0,0,71,241,0,0,0,0,0,0,0,0,0,0,0,0,0,0,0,79,210,0,0,0,0,0,0,0,0,0,59,229,0,0,0,0,0,0,0,0,0,0,0,0,0,0,0,55,247,36,0,0,0,0,0,0,0,0,59,254,31,0,0,0,0,0,0,0,0,0,0,0,0,0,0,79,174,0,0,0,0,0,0,0,0,0,59,253,79,0,0,0,0,0,0,0,0,0,0,0,0,0,0,79,174,0,0,0,0,0,0,0,0,0,120,235,36,0,0,0,0,0,0,0,0,0,0,0,0,0,0,55,240,18,0,0,0,0,0,0,0,85,250,151,0,0,0,0,0,0,0,0,0,0,0,0,0,0,0,49,255,113,0,0,0,0,0,0,56,212,207,6,0,0,0,0,0,0,0,0,0,0,0,0,0,0,0,0,181,202,18,0,0,0,52,165,251,153,63,0,0,0,0,0,0,0,0,0,0,0,0,0,0,0,0,0,80,253,214,136,191,215,247,168,36,0,0,0,0,0,0,0,0,0,0,0,0,0,0,0,0,0,0,0,2,116,217,253,199,115,145,13,0,0,0,0,0,0,0,0,0,0,0,0,0,0,0,0,0,0,0,0,0,0,0,0,0,0,0,0,0,0,0,0,0,0,0,0,0,0,0,0,0,0,0,0,0,0,0,0,0,0,0,0,0,0,0,0,0,0,0,0,0,0,0,0,0,0,0,0,0,0,0,0,0,0,0,0,0,0,0,0,0,0,0,0,0,0,0,0,0,0,0,0,0,0,0,0,0,0,0,0,0,0,0,0,0,0,0,0,0,0,0,0,0,0,0,0,0,0,0,0,0,0,0
6,0,0,0,0,0,0,0,0,0,0,0,0,0,0,0,0,0,0,0,0,0,0,0,0,0,0,0,0,0,0,0,0,0,0,0,0,0,0,0,0,0,0,0,0,0,0,0,0,0,0,0,0,0,0,0,0,0,0,0,0,0,0,0,0,0,0,0,0,0,0,0,0,0,0,0,0,0,0,0,0,0,0,0,0,0,0,0,0,0,0,0,0,0,0,0,0,0,12,136,191,111,1,0,0,0,0,0,0,0,0,0,0,0,0,0,0,0,0,0,0,0,0,0,0,51,212,254,254,254,5,0,0,0,0,0,0,0,0,0,0,0,0,0,0,0,0,0,0,0,0,0,0,220,254,254,168,114,2,0,0,0,0,0,0,0,0,0,0,0,0,0,0,0,0,0,0,0,0,0,54,247,254,139,26,0,0,0,0,0,0,0,0,0,0,0,0,0,0,0,0,0,0,0,0,0,0,25,209,254,222,20,0,0,0,0,0,0,0,0,0,0,0,0,0,0,0,0,0,0,0,0,0,0,0,130,255,254,120,0,0,0,0,0,0,0,0,0,0,0,0,0,0,0,0,0,0,0,0,0,0,0,0,179,254,241,11,0,0,0,0,0,0,0,0,0,0,0,0,0,0,0,0,0,0,0,0,0,0,0,0,235,254,239,0,0,0,0,0,0,0,0,0,0,0,0,0,0,0,0,0,0,0,0,0,0,0,0,71,251,254,151,0,0,0,5,6,6,5,0,0,0,0,0,0,0,0,0,0,0,0,0,0,0,0,0,84,254,254,114,0,23,117,235,254,254,242,125,6,0,0,0,0,0,0,0,0,0,0,0,0,0,0,0,84,254,254,31,25,209,254,254,254,254,254,254,109,0,0,0,0,0,0,0,0,0,0,0,0,0,0,0,84,254,254,106,251,254,254,221,111,73,103,213,129,0,0,0,0,0,0,0,0,0,0,0,0,0,0,0,55,248,254,229,254,253,102,13,0,0,0,182,165,0,0,0,0,0,0,0,0,0,0,0,0,0,0,0,0,235,254,254,254,138,0,0,0,0,0,182,234,0,0,0,0,0,0,0,0,0,0,0,0,0,0,0,0,160,254,254,254,41,0,0,0,0,10,205,159,0,0,0,0,0,0,0,0,0,0,0,0,0,0,0,0,123,254,254,254,41,0,0,0,0,92,254,129,0,0,0,0,0,0,0,0,0,0,0,0,0,0,0,0,9,202,254,254,69,0,0,12,68,244,234,53,0,0,0,0,0,0,0,0,0,0,0,0,0,0,0,0,0,85,249,254,239,155,115,223,212,254,129,0,0,0,0,0,0,0,0,0,0,0,0,0,0,0,0,0,0,0,97,254,254,254,254,254,254,168,27,0,0,0,0,0,0,0,0,0,0,0,0,0,0,0,0,0,0,0,3,72,152,254,254,254,175,28,0,0,0,0,0,0,0,0,0,0,0,0,0,0,0,0,0,0,0,0,0,0,0,0,0,0,0,0,0,0,0,0,0,0,0,0,0,0,0,0,0,0,0,0,0,0,0,0,0,0,0,0,0,0,0,0,0,0,0,0,0,0,0,0,0,0,0,0,0,0,0,0,0,0,0,0,0,0,0,0,0,0,0,0,0,0,0,0,0,0,0,0,0,0,0,0,0,0,0,0,0,0,0,0,0,0,0,0,0,0,0,0,0,0,0,0,0,0,0,0,0,0,0,0,0,0,0,0,0,0,0,0,0,0,0,0,0,0,0,0,0,0,0,0,0,0,0,0
3,0,0,0,0,0,0,0,0,0,0,0,0,0,0,0,0,0,0,0,0,0,0,0,0,0,0,0,0,0,0,0,0,0,0,0,0,0,0,0,0,0,0,0,0,0,0,0,0,0,0,0,0,0,0,0,0,0,0,0,0,0,0,0,0,0,0,0,0,0,0,0,0,0,0,0,0,0,0,0,0,0,0,0,0,0,0,0,0,0,0,0,0,0,0,0,0,0,0,0,0,0,0,0,0,0,0,0,0,0,0,0,0,0,0,0,0,0,0,0,0,0,0,0,0,0,0,0,0,0,0,0,0,0,0,0,0,0,0,0,0,0,0,0,0,0,0,0,70,120,180,255,254,118,0,0,0,0,0,0,0,0,0,0,0,0,0,0,0,0,0,0,0,0,25,185,251,254,255,254,254,233,140,46,0,0,0,0,0,0,0,0,0,0,0,0,0,0,0,0,0,0,215,254,254,254,176,181,254,254,254,166,0,0,0,0,0,0,0,0,0,0,0,0,0,0,0,0,0,0,100,117,64,19,0,2,19,183,254,143,0,0,0,0,0,0,0,0,0,0,0,0,0,0,0,0,0,0,0,0,0,0,0,0,0,213,254,99,0,0,0,0,0,0,0,0,0,0,0,0,0,0,0,0,0,0,0,0,0,0,0,35,225,254,194,0,0,0,0,0,0,0,0,0,0,0,0,0,0,0,0,0,0,0,0,0,0,0,96,233,254,243,69,0,0,0,0,0,0,0,0,0,0,0,0,0,0,0,0,0,0,0,0,0,0,31,225,254,254,196,49,0,0,0,0,0,0,0,0,0,0,0,0,0,0,0,0,0,0,0,0,0,0,99,254,254,254,254,246,175,36,0,0,0,0,0,0,0,0,0,0,0,0,0,0,0,0,0,0,0,0,61,59,104,186,254,254,254,227,196,143,23,0,0,0,0,0,0,0,0,0,0,0,0,0,0,0,0,0,0,0,0,0,69,196,233,254,254,254,254,97,9,0,0,0,0,0,0,0,0,0,0,0,0,0,0,0,0,0,0,0,0,0,47,181,248,254,254,254,176,44,0,0,0,0,0,0,0,0,0,0,0,0,0,0,0,0,0,0,0,0,0,0,54,93,205,254,254,230,82,0,0,0,0,0,0,0,0,0,0,0,0,0,0,0,0,0,0,0,0,0,0,0,8,139,248,254,117,0,0,0,0,0,0,0,0,0,0,0,0,0,0,0,0,0,0,0,0,0,0,0,0,0,103,254,117,0,0,0,0,0,0,0,0,0,0,0,0,0,0,0,0,0,0,0,0,0,0,0,0,0,103,254,118,0,0,0,0,0,0,0,0,0,0,0,0,0,0,0,0,0,0,0,0,0,0,0,8,140,248,240,70,0,0,0,0,0,0,0,0,0,0,0,0,0,0,0,0,0,0,0,0,0,55,94,206,254,247,54,0,0,0,0,0,0,0,0,0,0,0,0,0,0,0,0,0,0,0,0,108,235,248,254,254,208,32,0,0,0,0,0,0,0,0,0,0,0,0,0,0,0,0,0,0,0,0,0,120,246,155,155,155,23,0,0,0,0,0,0,0,0,0,0,0,0,0,0,0,0,0,0,0,0,0,0,0,0,0,0,0,0,0,0,0,0,0,0,0,0,0,0,0,0,0,0,0,0,0,0,0,0,0,0,0,0,0,0,0,0,0,0,0,0,0,0,0,0,0,0,0,0,0,0,0,0,0,0,0,0,0,0,0,0,0,0,0,0,0,0,0,0,0,0,0,0
5,0,0,0,0,0,0,0,0,0,0,0,0,0,0,0,0,0,0,0,0,0,0,0,0,0,0,0,0,0,0,0,0,0,0,0,0,0,0,0,0,0,0,0,0,0,0,0,0,0,0,0,0,0,0,0,0,0,0,0,0,0,0,0,0,0,0,0,0,0,0,0,0,0,0,0,0,0,0,0,0,0,0,0,0,0,0,0,0,0,0,0,0,0,0,0,0,0,0,0,0,0,0,0,0,0,0,0,0,0,0,0,0,0,0,0,0,0,0,0,0,0,0,0,0,0,0,0,0,0,0,0,0,0,0,0,0,0,0,0,0,0,0,0,0,0,0,0,0,0,0,0,0,0,0,0,0,0,0,0,0,0,0,0,0,0,0,0,0,0,0,0,0,0,0,0,0,0,0,18,105,148,148,148,192,210,253,200,192,236,193,148,92,0,0,0,0,0,0,0,0,0,0,0,0,0,22,199,253,252,252,252,252,253,252,252,252,252,253,252,231,0,0,0,0,0,0,0,0,0,0,0,0,0,64,252,253,252,252,252,252,253,252,252,252,235,214,91,19,0,0,0,0,0,0,0,0,0,0,0,0,6,155,252,253,252,252,210,189,84,84,84,84,14,0,0,0,0,0,0,0,0,0,0,0,0,0,0,0,66,252,252,253,252,252,198,18,0,0,0,0,0,0,0,0,0,0,0,0,0,0,0,0,0,0,0,0,128,253,253,255,253,253,253,209,18,0,0,0,0,0,0,0,0,0,0,0,0,0,0,0,0,0,0,0,41,168,239,168,168,116,154,252,199,21,0,0,0,0,0,0,0,0,0,0,0,0,0,0,0,0,0,0,0,0,17,0,0,0,6,152,245,159,0,0,0,0,0,0,0,0,0,0,0,0,0,0,0,0,0,0,0,0,0,0,0,0,0,0,218,224,41,0,0,0,0,0,0,0,0,0,0,0,0,0,0,0,0,0,0,0,0,0,0,0,0,0,165,252,214,0,0,0,0,0,0,0,0,0,0,0,0,0,0,0,0,0,0,0,0,0,0,0,0,0,25,227,232,0,0,0,0,0,0,0,0,0,0,0,0,0,0,0,0,0,36,0,0,0,0,0,0,0,29,231,231,0,0,0,0,0,0,0,0,0,0,0,0,0,0,0,0,78,221,0,0,0,0,0,0,0,0,137,249,70,0,0,0,0,0,0,0,0,0,0,0,0,0,0,0,85,245,83,0,0,0,0,0,0,0,85,237,21,0,0,0,0,0,0,0,0,0,0,0,0,0,0,0,85,252,215,18,0,0,0,0,0,0,85,252,84,0,0,0,0,0,0,0,0,0,0,0,0,0,0,0,0,216,253,253,87,29,0,0,0,0,85,253,84,0,0,0,0,0,0,0,0,0,0,0,0,0,0,0,0,48,252,252,253,231,94,85,14,50,185,252,84,0,0,0,0,0,0,0,0,0,0,0,0,0,0,0,0,2,47,232,253,252,252,252,236,245,252,233,7,0,0,0,0,0,0,0,0,0,0,0,0,0,0,0,0,0,0,70,145,237,252,252,252,253,252,134,0,0,0,0,0,0,0,0,0,0,0,0,0,0,0,0,0,0,0,0,0,32,147,252,252,236,147,12,0,0,0,0,0,0,0,0,0,0,0,0,0,0,0,0,0,0,0,0,0,0,0,0,0,0,0,0,0,0,0,0,0,0,0,0,0,0,0,0,0,0,0,0,0,0,0,0,0,0,0,0,0,0,0,0,0,0,0,0,0,0,0,0,0
4,0,0,0,0,0,0,0,0,0,0,0,0,0,0,0,0,0,0,0,0,0,0,0,0,0,0,0,0,0,0,0,0,0,0,0,0,0,0,0,0,0,0,0,0,0,0,0,0,0,0,0,0,0,0,0,0,0,0,0,0,0,0,0,0,0,0,0,0,0,0,0,0,0,0,0,0,0,0,0,0,0,0,0,0,0,0,0,0,0,0,0,0,0,0,0,0,0,0,0,0,0,0,0,0,0,0,0,0,0,0,0,0,0,0,0,0,0,0,0,0,0,0,0,0,0,0,0,0,0,0,0,0,0,0,0,0,0,0,0,0,0,0,0,0,0,0,0,0,0,0,0,0,0,0,0,0,0,0,0,0,0,0,0,0,0,0,0,0,0,0,0,0,0,0,0,0,0,0,0,0,0,0,0,66,159,229,79,0,0,0,0,0,0,0,0,0,0,0,0,0,0,0,0,0,0,0,0,0,0,0,34,216,253,253,234,0,0,0,0,0,0,0,0,0,0,0,0,0,0,0,0,0,0,0,0,0,0,94,226,253,253,253,234,0,0,0,0,0,0,0,0,0,0,0,0,0,0,0,0,0,0,0,0,65,145,254,253,250,200,253,234,0,0,0,0,0,0,0,0,0,0,0,0,0,0,0,0,0,0,0,67,236,253,254,162,38,76,253,234,0,0,0,0,0,0,0,0,0,0,0,0,0,0,0,0,0,0,80,248,253,239,82,5,0,118,253,157,0,0,0,0,0,0,0,0,0,0,0,0,0,0,0,0,48,127,231,253,201,20,0,0,0,169,253,140,0,0,0,0,0,0,0,0,0,0,0,0,0,0,0,66,242,253,253,177,19,0,0,0,10,250,253,50,0,0,0,0,0,0,0,0,0,0,0,0,0,0,7,231,253,246,84,2,0,0,0,0,55,253,212,7,0,0,0,0,0,0,0,0,0,0,0,0,0,0,0,134,253,253,231,188,188,188,188,188,214,253,241,112,95,4,0,0,0,0,0,0,0,0,0,0,0,0,0,56,224,254,254,254,254,254,255,254,254,254,254,249,188,7,0,0,0,0,0,0,0,0,0,0,0,0,0,0,16,28,59,122,122,122,87,122,175,253,214,43,0,0,0,0,0,0,0,0,0,0,0,0,0,0,0,0,0,0,0,0,0,0,0,2,179,253,109,0,0,0,0,0,0,0,0,0,0,0,0,0,0,0,0,0,0,0,0,0,0,0,0,38,253,253,18,0,0,0,0,0,0,0,0,0,0,0,0,0,0,0,0,0,0,0,0,0,0,0,0,56,253,211,8,0,0,0,0,0,0,0,0,0,0,0,0,0,0,0,0,0,0,0,0,0,0,0,0,131,253,177,0,0,0,0,0,0,0,0,0,0,0,0,0,0,0,0,0,0,0,0,0,0,0,0,0,131,253,177,0,0,0,0,0,0,0,0,0,0,0,0,0,0,0,0,0,0,0,0,0,0,0,0,0,131,253,156,0,0,0,0,0,0,0,0,0,0,0,0,0,0,0,0,0,0,0,0,0,0,0,0,0,131,253,84,0,0,0,0,0,0,0,0,0,0,0,0,0,0,0,0,0,0,0,0,0,0,0,0,0,62,211,22,0,0,0,0,0,0,0,0,0,0,0,0,0,0,0,0,0,0,0,0,0,0,0,0,0,0,0,0,0,0,0,0,0,0,0,0,0,0,0,0,0,0,0,0,0,0,0,0,0,0,0,0,0,0,0,0,0,0,0,0,0,0,0,0,0,0,0
8,0,0,0,0,0,0,0,0,0,0,0,0,0,0,0,0,0,0,0,0,0,0,0,0,0,0,0,0,0,0,0,0,0,0,0,0,0,0,0,0,0,0,0,0,0,0,0,0,0,0,0,0,0,0,0,0,0,0,0,0,0,0,0,0,0,0,0,0,0,0,0,0,0,0,0,0,0,0,0,0,0,0,0,0,0,0,0,0,0,0,0,0,0,0,0,0,0,0,0,0,0,0,0,0,0,0,0,0,0,0,0,0,0,0,0,0,0,0,0,0,0,0,0,0,0,0,0,0,0,0,0,0,0,0,0,0,0,0,0,0,0,0,0,0,0,0,0,0,0,0,0,0,0,0,97,253,253,253,201,11,0,0,0,0,0,0,0,0,0,0,0,0,0,0,0,0,0,0,0,0,0,95,253,252,252,252,252,136,0,0,0,0,0,0,0,0,0,0,0,0,0,0,0,0,0,0,13,101,184,246,253,240,100,188,252,230,0,0,0,0,0,0,0,0,0,0,0,0,0,0,0,0,0,62,215,252,252,252,253,112,0,93,252,230,0,0,0,0,0,0,0,0,0,0,0,0,0,0,0,0,0,191,252,252,252,252,253,196,0,93,252,126,0,0,0,0,0,0,0,0,0,0,0,0,0,0,0,0,179,255,249,146,63,63,64,42,0,208,253,106,0,0,0,0,0,0,0,0,0,0,0,0,0,0,0,0,230,253,206,0,0,0,0,0,13,215,252,0,0,0,0,0,0,0,0,0,0,0,0,0,0,0,0,0,230,253,240,152,44,0,0,0,101,252,252,0,0,0,0,0,0,0,0,0,0,0,0,0,0,0,0,0,94,211,252,252,236,103,43,17,209,252,157,0,0,0,0,0,0,0,0,0,0,0,0,0,0,0,0,0,0,13,96,221,252,252,241,234,252,210,22,0,0,0,0,0,0,0,0,0,0,0,0,0,0,0,0,0,0,0,0,0,95,231,255,253,253,161,0,0,0,0,0,0,0,0,0,0,0,0,0,0,0,0,0,0,0,0,0,0,0,63,253,252,252,177,5,0,0,0,0,0,0,0,0,0,0,0,0,0,0,0,0,0,0,0,0,0,0,146,253,221,252,252,107,0,0,0,0,0,0,0,0,0,0,0,0,0,0,0,0,0,0,0,0,0,119,248,234,25,196,252,137,0,0,0,0,0,0,0,0,0,0,0,0,0,0,0,0,0,0,0,0,32,228,252,178,0,184,252,137,0,0,0,0,0,0,0,0,0,0,0,0,0,0,0,0,0,0,0,5,138,253,190,0,5,191,253,137,0,0,0,0,0,0,0,0,0,0,0,0,0,0,0,0,0,0,0,47,252,252,117,5,136,252,235,60,0,0,0,0,0,0,0,0,0,0,0,0,0,0,0,0,0,0,0,47,252,252,137,191,252,252,128,0,0,0,0,0,0,0,0,0,0,0,0,0,0,0,0,0,0,0,0,9,196,252,252,253,252,153,9,0,0,0,0,0,0,0,0,0,0,0,0,0,0,0,0,0,0,0,0,0,48,232,252,243,117,6,0,0,0,0,0,0,0,0,0,0,0,0,0,0,0,0,0,0,0,0,0,0,0,0,0,0,0,0,0,0,0,0,0,0,0,0,0,0,0,0,0,0,0,0,0,0,0,0,0,0,0,0,0,0,0,0,0,0,0,0,0,0,0,0,0,0,0,0,0,0,0,0,0,0,0,0,0,0,0,0,0,0,0,0,0,0,0,0,0,0,0,0,0,0,0
3,0,0,0,0,0,0,0,0,0,0,0,0,0,0,0,0,0,0,0,0,0,0,0,0,0,0,0,0,0,0,0,0,0,0,0,0,0,0,0,0,0,0,0,0,0,0,0,0,0,0,0,0,0,0,0,0,0,0,0,0,0,0,0,0,0,0,0,0,0,0,0,0,0,0,0,0,0,0,0,0,0,0,0,0,0,0,0,0,0,0,0,0,0,0,0,0,0,0,0,0,0,0,0,0,0,0,0,0,0,0,0,0,0,0,0,0,0,0,0,26,204,253,253,253,255,178,91,41,0,0,0,0,0,0,0,0,0,0,0,0,0,0,0,0,0,0,57,243,253,252,252,252,253,252,252,252,0,0,0,0,0,0,0,0,0,0,0,0,0,0,0,0,0,0,85,252,244,168,130,56,119,224,252,252,89,0,0,0,0,0,0,0,0,0,0,0,0,0,0,0,0,0,47,139,25,0,0,0,0,19,203,252,213,0,0,0,0,0,0,0,0,0,0,0,0,0,0,0,0,0,0,0,0,0,0,0,0,0,147,253,226,0,0,0,0,0,0,0,0,0,0,0,0,0,0,0,0,0,0,0,0,0,0,0,0,13,209,252,150,0,0,0,0,0,0,0,0,0,0,0,0,0,0,0,0,0,0,0,0,0,0,0,10,172,252,252,113,0,0,0,0,0,0,0,0,0,0,0,0,0,0,0,0,0,0,0,0,0,38,113,229,252,252,252,238,125,0,0,0,0,0,0,0,0,0,0,0,0,0,0,0,0,0,0,0,0,147,253,254,253,244,238,254,253,128,4,0,0,0,0,0,0,0,0,0,0,0,0,0,0,0,0,0,0,197,252,253,214,81,38,153,252,252,128,0,0,0,0,0,0,0,0,0,0,0,0,0,0,0,0,0,0,81,168,106,19,0,0,7,149,252,252,38,0,0,0,0,0,0,0,0,0,0,0,0,0,0,0,0,0,0,0,0,0,0,0,0,7,153,252,226,38,0,0,0,0,0,0,0,0,0,0,0,0,0,0,0,0,0,0,0,0,0,0,0,0,86,253,254,84,0,0,0,0,0,0,0,0,0,0,0,0,0,0,76,0,0,0,0,0,0,0,0,0,85,252,253,84,0,0,0,0,0,0,0,0,0,0,0,0,0,38,210,28,0,0,0,0,0,0,0,0,85,252,253,84,0,0,0,0,0,0,0,0,0,0,0,0,0,63,203,159,25,0,0,0,0,0,0,26,210,252,253,84,0,0,0,0,0,0,0,0,0,0,0,0,0,0,141,253,165,141,29,29,29,79,141,216,253,253,163,0,0,0,0,0,0,0,0,0,0,0,0,0,0,0,116,252,252,252,253,252,252,252,253,252,252,151,38,0,0,0,0,0,0,0,0,0,0,0,0,0,0,0,7,81,168,243,253,252,252,252,253,196,130,6,0,0,0,0,0,0,0,0,0,0,0,0,0,0,0,0,0,0,0,75,203,177,139,90,28,9,0,0,0,0,0,0,0,0,0,0,0,0,0,0,0,0,0,0,0,0,0,0,0,0,0,0,0,0,0,0,0,0,0,0,0,0,0,0,0,0,0,0,0,0,0,0,0,0,0,0,0,0,0,0,0,0,0,0,0,0,0,0,0,0,0,0,0,0,0,0,0,0,0,0,0,0,0,0,0,0,0,0,0,0,0,0,0,0,0,0,0,0,0,0,0,0,0,0,0,0,0,0,0,0,0,0,0,0,0,0,0,0,0,0,0,0,0,0,0,0,0,0
3,0,0,0,0,0,0,0,0,0,0,0,0,0,0,0,0,0,0,0,0,0,0,0,0,0,0,0,0,0,0,0,0,0,0,0,0,0,0,0,0,0,0,0,0,0,0,0,0,0,0,0,0,0,0,0,0,0,0,0,0,0,0,0,0,0,0,0,0,0,0,0,0,0,0,0,0,0,0,0,0,0,0,0,0,0,0,0,0,0,0,0,0,0,0,0,0,0,0,0,0,0,0,0,0,0,0,0,0,0,0,0,0,0,0,0,0,0,0,0,0,0,0,31,131,214,254,254,254,254,156,17,0,0,0,0,0,0,0,0,0,0,0,0,0,0,0,0,0,0,41,228,250,243,243,181,189,246,253,191,56,0,0,0,0,0,0,0,0,0,0,0,0,0,0,0,0,20,229,218,79,0,0,0,0,25,209,253,227,17,0,0,0,0,0,0,0,0,0,0,0,0,0,0,0,5,34,16,0,0,0,0,0,0,27,219,254,112,0,0,0,0,0,0,0,0,0,0,0,0,0,0,0,0,0,0,0,0,0,0,0,21,125,230,253,134,0,0,0,0,0,0,0,0,0,0,0,0,0,0,0,0,0,0,0,0,0,8,76,203,253,253,171,7,0,0,0,0,0,0,0,0,0,0,0,0,0,0,0,0,0,0,0,0,2,125,253,253,245,99,33,0,0,0,0,0,0,0,0,0,0,0,0,0,0,0,0,0,0,0,0,44,220,253,251,186,25,0,0,0,0,0,0,0,0,0,0,0,0,0,0,0,0,0,0,0,0,0,0,149,253,253,205,32,0,0,0,0,0,0,0,0,0,0,0,0,0,0,0,0,0,0,0,0,0,0,0,62,184,215,253,251,151,15,0,0,0,0,0,0,0,0,0,0,0,0,0,0,0,0,0,0,0,0,0,0,0,12,55,177,253,117,1,0,0,0,0,0,0,0,0,0,0,0,0,0,0,0,0,0,0,0,0,0,0,0,0,26,235,253,20,0,0,0,0,0,0,0,0,0,0,0,0,0,0,2,75,66,0,0,0,0,0,0,0,5,226,253,20,0,0,0,0,0,0,0,0,0,0,0,0,0,0,87,233,51,0,0,0,0,0,0,0,98,253,231,14,0,0,0,0,0,0,0,0,0,0,0,0,0,42,225,169,0,0,0,0,0,0,0,2,178,254,125,0,0,0,0,0,0,0,0,0,0,0,0,0,0,95,253,149,0,0,0,0,0,0,0,47,253,253,74,0,0,0,0,0,0,0,0,0,0,0,0,0,0,31,222,218,41,0,0,0,0,0,46,228,253,163,6,0,0,0,0,0,0,0,0,0,0,0,0,0,0,0,85,253,234,90,5,0,54,131,230,253,229,19,0,0,0,0,0,0,0,0,0,0,0,0,0,0,0,0,1,121,253,253,245,245,250,253,243,157,7,0,0,0,0,0,0,0,0,0,0,0,0,0,0,0,0,0,0,16,106,187,253,253,253,173,79,0,0,0,0,0,0,0,0,0,0,0,0,0,0,0,0,0,0,0,0,0,0,0,0,0,0,0,0,0,0,0,0,0,0,0,0,0,0,0,0,0,0,0,0,0,0,0,0,0,0,0,0,0,0,0,0,0,0,0,0,0,0,0,0,0,0,0,0,0,0,0,0,0,0,0,0,0,0,0,0,0,0,0,0,0,0,0,0,0,0,0,0,0,0,0,0,0,0,0,0,0,0,0,0,0,0,0,0,0,0,0,0,0,0,0,0,0,0,0,0,0,0,0,0,0
9,0,0,0,0,0,0,0,0,0,0,0,0,0,0,0,0,0,0,0,0,0,0,0,0,0,0,0,0,0,0,0,0,0,0,0,0,0,0,0,0,0,0,0,0,0,0,0,0,0,0,0,0,0,0,0,0,0,0,0,0,0,0,0,0,0,0,0,0,0,0,0,0,0,0,0,0,0,0,0,0,0,0,0,0,0,0,0,0,0,0,0,0,0,0,0,0,0,0,0,0,0,0,0,0,0,0,0,0,0,0,0,0,0,0,0,0,0,0,0,0,0,0,0,0,0,0,0,0,0,0,0,0,0,0,0,0,0,0,0,0,0,0,0,0,0,0,0,0,0,0,0,0,0,0,0,0,0,0,0,0,0,0,0,0,0,0,0,0,0,0,0,0,0,0,0,0,0,0,0,0,0,46,82,163,254,111,14,0,0,0,0,0,0,0,0,0,0,0,0,0,0,0,0,0,0,0,10,88,207,244,254,253,253,253,140,0,0,0,0,0,0,0,0,0,0,0,0,0,0,0,0,0,0,49,196,253,253,253,254,253,253,253,223,0,0,0,0,0,0,0,0,0,0,0,0,0,0,0,0,0,53,246,253,253,253,185,57,45,223,253,253,106,0,0,0,0,0,0,0,0,0,0,0,0,0,0,0,0,173,254,253,253,185,14,23,207,253,253,253,157,0,0,0,0,0,0,0,0,0,0,0,0,0,0,0,40,254,255,254,175,10,59,217,254,254,238,112,0,0,0,0,0,0,0,0,0,0,0,0,0,0,0,0,40,253,254,253,241,220,253,254,253,253,253,58,0,0,0,0,0,0,0,0,0,0,0,0,0,0,0,0,40,253,254,253,253,253,253,254,253,253,253,58,0,0,0,0,0,0,0,0,0,0,0,0,0,0,0,0,18,221,254,253,253,253,253,254,253,253,253,58,0,0,0,0,0,0,0,0,0,0,0,0,0,0,0,0,0,195,254,253,253,237,155,140,253,253,253,58,0,0,0,0,0,0,0,0,0,0,0,0,0,0,0,0,0,0,61,142,165,8,0,59,254,254,254,58,0,0,0,0,0,0,0,0,0,0,0,0,0,0,0,0,0,0,0,0,0,0,0,104,253,253,253,58,0,0,0,0,0,0,0,0,0,0,0,0,0,0,0,0,0,0,0,0,0,0,0,156,253,253,240,40,0,0,0,0,0,0,0,0,0,0,0,0,0,0,0,0,0,0,0,0,0,0,0,156,253,253,213,0,0,0,0,0,0,0,0,0,0,0,0,0,0,0,0,0,0,0,0,0,0,0,0,231,253,253,213,0,0,0,0,0,0,0,0,0,0,0,0,0,0,0,0,0,0,0,0,0,0,0,0,255,254,254,214,0,0,0,0,0,0,0,0,0,0,0,0,0,0,0,0,0,0,0,0,0,0,0,0,254,253,253,206,0,0,0,0,0,0,0,0,0,0,0,0,0,0,0,0,0,0,0,0,0,0,0,0,254,253,253,117,0,0,0,0,0,0,0,0,0,0,0,0,0,0,0,0,0,0,0,0,0,0,0,0,254,253,253,117,0,0,0,0,0,0,0,0,0,0,0,0,0,0,0,0,0,0,0,0,0,0,0,0,178,253,222,34,0,0,0,0,0,0,0,0,0,0,0,0,0,0,0,0,0,0,0,0,0,0,0,0,0,0,0,0,0,0,0,0,0,0,0,0,0,0,0,0,0,0,0,0,0,0,0,0,0,0,0,0,0,0,0,0,0,0,0,0,0,0,0,0,0,0
3,0,0,0,0,0,0,0,0,0,0,0,0,0,0,0,0,0,0,0,0,0,0,0,0,0,0,0,0,0,0,0,0,0,0,0,0,0,0,0,0,0,0,0,0,0,0,0,0,0,0,0,0,0,0,0,0,0,0,0,0,0,0,0,0,0,0,0,0,0,0,0,0,0,0,0,0,0,0,0,0,0,0,0,0,0,0,0,0,0,0,0,0,0,0,0,0,0,0,0,0,0,0,0,0,0,0,0,0,0,0,0,0,0,0,0,0,0,0,0,0,0,0,0,0,0,0,0,0,0,0,0,0,0,0,0,0,0,0,0,0,0,0,0,0,0,0,0,0,0,255,253,253,253,153,96,96,48,0,0,0,0,0,0,0,0,0,0,0,0,0,0,0,0,0,0,0,120,253,251,251,251,251,253,251,220,190,190,131,8,0,0,0,0,0,0,0,0,0,0,0,0,0,0,0,79,253,251,251,251,251,253,251,251,251,251,253,62,0,0,0,0,0,0,0,0,0,0,0,0,0,0,0,0,31,31,31,70,188,213,251,251,251,251,253,161,0,0,0,0,0,0,0,0,0,0,0,0,0,0,0,0,0,0,0,0,0,96,251,251,251,251,253,62,0,0,0,0,0,0,0,0,0,0,0,0,0,0,0,0,0,0,0,24,194,255,253,253,253,253,159,39,0,0,0,0,0,0,0,0,0,0,0,0,0,0,0,0,0,4,112,205,251,253,251,235,220,121,0,0,0,0,0,0,0,0,0,0,0,0,0,0,0,0,0,0,0,32,251,251,251,205,126,63,0,0,0,0,0,0,0,0,0,0,0,0,0,0,0,0,0,0,0,0,0,32,251,251,251,59,0,0,0,0,0,0,0,0,0,0,0,0,0,0,0,0,0,0,0,0,0,0,0,32,251,251,251,218,138,0,0,0,0,0,0,0,0,0,0,0,0,0,0,0,0,0,0,0,0,0,0,20,206,253,253,255,253,253,114,36,0,0,0,0,0,0,0,0,0,0,0,0,0,0,0,0,0,0,0,0,32,102,220,253,251,251,251,212,32,8,0,0,0,0,0,0,0,0,0,0,0,0,0,0,0,0,0,0,0,0,0,126,220,251,251,251,253,62,0,0,0,0,0,0,0,0,0,0,0,0,0,0,0,0,0,0,0,0,0,0,23,141,251,251,253,201,0,0,0,0,0,0,0,0,0,0,0,0,0,0,0,0,0,0,0,0,0,0,120,205,251,251,253,220,0,0,0,0,0,0,0,0,0,0,0,0,0,0,0,0,0,12,96,96,194,255,253,253,253,253,255,63,0,0,0,0,0,0,0,0,0,0,0,0,0,0,28,131,191,197,251,251,251,253,251,251,243,220,63,16,0,0,0,0,0,0,0,0,0,0,0,0,0,0,221,251,253,251,251,251,251,253,235,126,94,0,0,0,0,0,0,0,0,0,0,0,0,0,0,0,0,0,221,251,253,243,188,188,188,129,27,0,0,0,0,0,0,0,0,0,0,0,0,0,0,0,0,0,0,0,83,94,153,121,0,0,0,0,0,0,0,0,0,0,0,0,0,0,0,0,0,0,0,0,0,0,0,0,0,0,0,0,0,0,0,0,0,0,0,0,0,0,0,0,0,0,0,0,0,0,0,0,0,0,0,0,0,0,0,0,0,0,0,0,0,0,0,0,0,0,0,0,0,0,0,0,0,0,0,0,0,0,0,0,0,0,0,0,0,0,0,0,0,0,0,0,0,0,0,0,0,0,0,0,0
3,0,0,0,0,0,0,0,0,0,0,0,0,0,0,0,0,0,0,0,0,0,0,0,0,0,0,0,0,0,0,0,0,0,0,0,0,0,0,0,0,0,0,0,0,0,0,0,0,0,0,0,0,0,0,0,0,0,0,0,0,0,0,0,0,0,0,0,0,0,0,0,0,0,0,0,0,0,0,0,0,0,0,0,0,0,0,0,0,0,0,0,0,0,0,0,0,0,0,0,0,0,0,0,0,0,0,0,0,0,0,0,0,0,0,0,0,0,0,0,0,0,0,0,0,0,0,0,0,0,0,0,0,0,0,0,0,0,0,0,0,0,0,0,0,0,0,0,0,0,0,0,0,0,0,0,0,0,0,0,0,0,0,0,0,0,0,0,0,0,0,0,0,0,0,0,0,0,0,0,1,38,121,167,255,254,254,161,49,0,0,0,0,0,0,0,0,0,0,0,0,0,0,0,0,0,0,24,139,204,206,160,125,57,117,253,188,14,0,0,0,0,0,0,0,0,0,0,0,0,0,0,0,0,88,237,130,130,48,0,0,0,135,253,216,16,0,0,0,0,0,0,0,0,0,0,0,0,12,160,176,155,211,157,0,0,0,0,0,24,235,253,143,0,0,0,0,0,0,0,0,0,0,0,0,0,3,130,227,155,67,7,0,0,0,0,20,139,253,241,82,0,0,0,0,0,0,0,0,0,0,0,0,0,0,0,0,0,0,0,0,0,0,59,235,253,231,93,0,0,0,0,0,0,0,0,0,0,0,0,0,0,0,0,0,0,0,0,0,0,54,196,253,252,80,0,0,0,0,0,0,0,0,0,0,0,0,0,0,0,0,0,0,0,0,0,2,127,236,253,228,87,0,0,0,0,0,0,0,0,0,0,0,0,0,0,0,0,0,0,0,0,0,30,154,253,253,253,80,7,0,0,0,0,0,0,0,0,0,0,0,0,0,0,0,0,0,0,0,0,0,103,253,253,253,253,253,241,156,59,0,0,0,0,0,0,0,0,0,0,0,0,0,0,0,0,0,0,0,39,155,215,174,113,195,113,225,249,66,0,0,0,0,0,0,0,0,0,0,0,0,0,0,0,0,0,0,0,0,3,1,0,2,6,193,253,184,0,0,0,0,0,0,0,0,0,0,0,0,0,0,0,0,0,0,0,0,0,0,0,0,32,253,253,150,0,0,0,0,0,0,0,0,0,0,0,0,0,0,0,0,0,0,0,0,0,0,0,11,186,253,242,39,0,0,0,0,0,0,0,0,0,0,0,0,0,0,0,0,0,0,0,0,0,0,0,121,253,253,158,0,0,0,0,0,0,0,0,0,0,0,0,0,0,0,0,0,0,0,0,0,0,0,89,247,253,164,23,0,0,0,0,0,0,0,0,0,0,0,0,0,0,0,0,0,0,0,0,0,0,55,217,253,205,24,0,0,0,0,0,0,0,0,0,0,0,0,0,0,0,0,0,0,0,0,0,1,96,246,253,209,23,0,0,0,0,0,0,0,0,0,0,0,0,0,0,0,0,0,0,0,0,10,119,163,253,253,137,23,0,0,0,0,0,0,0,0,0,0,0,0,0,0,0,0,0,0,0,0,0,3,139,211,189,67,1,0,0,0,0,0,0,0,0,0,0,0,0,0,0,0,0,0,0,0,0,0,0,0,0,0,0,0,0,0,0,0,0,0,0,0,0,0,0,0,0,0,0,0,0,0,0,0,0,0,0,0,0,0,0,0,0,0,0,0,0,0,0,0,0,0,0,0,0,0
3,0,0,0,0,0,0,0,0,0,0,0,0,0,0,0,0,0,0,0,0,0,0,0,0,0,0,0,0,0,0,0,0,0,0,0,0,0,0,0,0,0,0,0,0,0,0,0,0,0,0,0,0,0,0,0,0,0,0,0,0,0,0,0,0,0,0,0,0,0,0,0,0,0,0,0,0,0,0,0,0,0,0,0,0,0,0,0,0,0,0,0,0,0,0,0,0,0,0,0,0,0,0,0,0,0,0,0,0,0,0,0,0,0,0,0,0,0,0,0,0,0,0,0,0,0,0,0,0,0,0,0,0,0,0,0,0,0,0,0,0,0,0,0,0,0,0,0,0,12,228,196,12,0,0,0,0,0,0,0,0,0,0,0,0,0,0,0,0,0,0,0,0,0,0,0,0,15,237,254,122,8,55,55,204,235,190,145,145,120,4,0,0,0,0,0,0,0,0,0,0,0,0,0,0,0,58,254,245,222,253,253,254,232,235,253,253,254,148,6,0,0,0,0,0,0,0,0,0,0,0,0,0,2,116,254,249,222,144,144,54,23,27,54,54,208,253,107,0,0,0,0,0,0,0,0,0,0,0,0,0,148,253,254,102,0,0,0,0,0,0,0,0,106,253,127,0,0,0,0,0,0,0,0,0,0,0,0,0,79,181,66,0,0,0,0,0,0,0,0,59,255,218,46,0,0,0,0,0,0,0,0,0,0,0,0,0,0,0,0,0,0,0,0,0,0,0,89,242,254,128,0,0,0,0,0,0,0,0,0,0,0,0,0,0,0,0,0,0,0,0,0,0,0,90,245,240,133,3,0,0,0,0,0,0,0,0,0,0,0,0,0,0,0,0,0,0,0,0,0,12,154,245,238,61,0,0,0,0,0,0,0,0,0,0,0,0,0,0,0,0,0,0,0,0,0,0,66,228,253,194,41,0,0,0,0,0,0,0,0,0,0,0,0,0,0,0,0,0,0,0,0,0,11,112,228,255,134,13,0,0,0,0,0,0,0,0,0,0,0,0,0,0,0,0,0,0,0,0,0,71,225,253,253,228,146,92,0,0,0,0,0,0,0,0,0,0,0,0,0,0,0,0,0,0,0,46,218,250,253,250,216,241,253,248,47,0,0,0,0,0,0,0,0,0,0,0,0,0,0,0,0,0,0,85,235,150,99,50,0,73,247,253,54,0,0,0,0,0,0,0,0,0,0,0,0,0,0,0,0,0,0,0,0,0,0,0,33,228,253,194,16,0,0,0,0,0,0,0,0,0,0,0,0,0,0,0,0,0,0,0,0,0,0,38,228,255,160,13,0,0,0,0,0,0,0,0,0,0,0,0,0,0,0,0,0,41,107,55,120,107,145,224,253,160,14,0,0,0,0,0,0,0,0,0,0,0,0,0,0,0,0,0,0,128,253,253,254,253,253,250,120,13,0,0,0,0,0,0,0,0,0,0,0,0,0,0,0,0,0,0,0,89,253,253,254,253,253,189,0,0,0,0,0,0,0,0,0,0,0,0,0,0,0,0,0,0,0,0,0,11,79,162,163,214,162,16,0,0,0,0,0,0,0,0,0,0,0,0,0,0,0,0,0,0,0,0,0,0,0,0,0,0,0,0,0,0,0,0,0,0,0,0,0,0,0,0,0,0,0,0,0,0,0,0,0,0,0,0,0,0,0,0,0,0,0,0,0,0,0,0,0,0,0,0,0,0,0,0,0,0,0,0,0,0,0,0,0,0,0,0,0,0,0,0,0,0,0,0,0,0,0,0,0,0
7,0,0,0,0,0,0,0,0,0,0,0,0,0,0,0,0,0,0,0,0,0,0,0,0,0,0,0,0,0,0,0,0,0,0,0,0,0,0,0,0,0,0,0,0,0,0,0,0,0,0,0,0,0,0,0,0,0,0,0,0,0,0,0,0,0,0,0,0,0,0,0,0,0,0,0,0,0,0,0,0,0,0,0,0,0,0,0,0,0,0,0,0,0,0,0,0,0,0,0,0,0,0,0,0,0,0,0,0,0,0,0,0,0,0,0,0,0,0,0,0,0,0,0,0,0,0,0,0,0,0,0,0,0,0,0,0,0,0,0,0,0,0,0,0,0,0,0,0,0,0,0,0,0,0,0,0,0,0,0,0,0,0,0,0,0,0,0,0,0,0,0,0,0,0,0,0,0,0,0,0,0,0,0,0,0,0,0,0,0,0,0,0,0,0,0,0,0,0,0,0,0,0,0,0,0,0,136,254,221,18,35,0,0,0,0,0,0,0,0,0,0,0,0,0,0,0,0,0,0,0,0,0,0,0,131,253,253,219,237,209,129,111,65,11,60,40,1,0,0,0,0,0,0,0,0,0,0,0,0,0,0,0,76,253,232,199,253,253,253,253,253,253,254,253,20,0,0,0,0,0,0,0,0,0,0,0,0,0,0,0,76,239,50,6,35,94,133,157,243,253,254,208,11,0,0,0,0,0,0,0,0,0,0,0,0,0,0,0,76,223,0,0,0,0,0,0,144,253,207,24,0,0,0,0,0,0,0,0,0,0,0,0,0,0,0,3,135,212,0,0,0,0,0,106,250,253,78,0,0,0,0,0,0,0,0,0,0,0,0,0,0,0,0,54,253,124,0,0,0,0,38,228,253,169,8,0,0,0,0,0,0,0,0,0,0,0,0,0,0,0,0,120,253,109,0,0,0,0,121,253,224,5,0,0,0,0,0,0,0,0,0,0,0,0,0,0,0,0,0,36,129,6,0,0,0,116,242,231,48,0,0,0,0,0,0,0,0,0,0,0,0,0,0,0,0,0,0,0,0,0,0,0,19,249,253,174,0,0,0,0,0,0,0,0,0,0,0,0,0,0,0,0,0,0,0,0,0,0,0,1,176,253,208,19,0,0,0,0,0,0,0,0,0,0,0,0,0,0,0,0,0,0,0,0,0,0,0,64,254,242,75,0,0,0,0,0,0,0,0,0,0,0,0,0,0,0,0,0,0,0,0,0,0,0,6,225,253,120,0,0,0,0,0,0,0,0,0,0,0,0,0,0,0,0,0,0,0,0,0,0,0,9,170,253,227,36,0,0,0,0,0,0,0,0,0,0,0,0,0,0,0,0,0,0,0,0,0,0,0,40,254,250,65,0,0,0,0,0,0,0,0,0,0,0,0,0,0,0,0,0,0,0,0,0,0,0,24,208,253,151,0,0,0,0,0,0,0,0,0,0,0,0,0,0,0,0,0,0,0,0,0,0,0,0,128,254,208,7,0,0,0,0,0,0,0,0,0,0,0,0,0,0,0,0,0,0,0,0,0,0,0,15,234,253,95,0,0,0,0,0,0,0,0,0,0,0,0,0,0,0,0,0,0,0,0,0,0,0,0,17,240,253,127,0,0,0,0,0,0,0,0,0,0,0,0,0,0,0,0,0,0,0,0,0,0,0,0,0,135,242,103,0,0,0,0,0,0,0,0,0,0,0,0,0,0,0,0,0,0,0,0,0,0,0,0,0,0,0,0,0,0,0,0,0,0,0,0,0,0,0,0,0,0,0
8,0,0,0,0,0,0,0,0,0,0,0,0,0,0,0,0,0,0,0,0,0,0,0,0,0,0,0,0,0,0,0,0,0,0,0,0,0,0,0,0,0,0,0,0,0,0,0,0,0,0,0,0,0,0,0,0,0,0,0,0,0,0,0,0,0,0,0,0,0,0,0,0,0,0,0,0,0,0,0,0,0,0,0,0,0,0,0,0,0,0,0,0,0,0,0,0,0,0,0,0,0,0,0,0,0,0,0,0,0,0,0,0,0,0,0,0,0,0,0,0,0,0,0,0,0,0,0,0,0,0,0,0,0,0,0,0,0,0,0,0,0,0,0,0,0,0,0,0,0,0,21,51,152,193,152,152,152,152,152,51,10,0,0,0,0,0,0,0,0,0,0,0,0,0,0,0,0,82,223,233,252,253,252,253,252,253,252,253,212,0,0,0,0,0,0,0,0,0,0,0,0,0,0,0,0,152,253,254,253,254,253,254,253,254,253,254,253,102,0,0,0,0,0,0,0,0,0,0,0,0,0,0,82,233,252,253,252,253,252,253,252,253,252,253,252,102,0,0,0,0,0,0,0,0,0,0,0,0,0,0,183,254,253,254,253,254,50,0,0,193,253,254,253,82,0,0,0,0,0,0,0,0,0,0,0,0,0,0,61,253,252,253,252,253,91,0,82,233,252,253,212,0,0,0,0,0,0,0,0,0,0,0,0,0,0,0,0,82,243,254,253,254,253,113,233,254,253,244,40,0,0,0,0,0,0,0,0,0,0,0,0,0,0,0,0,0,122,253,252,253,252,253,252,253,252,122,0,0,0,0,0,0,0,0,0,0,0,0,0,0,0,0,0,0,0,193,253,254,253,254,253,254,172,0,0,0,0,0,0,0,0,0,0,0,0,0,0,0,0,0,0,0,0,71,252,253,252,253,252,213,10,0,0,0,0,0,0,0,0,0,0,0,0,0,0,0,0,0,0,0,0,31,233,254,253,254,233,41,0,0,0,0,0,0,0,0,0,0,0,0,0,0,0,0,0,0,0,0,0,92,252,253,252,253,151,0,0,0,0,0,0,0,0,0,0,0,0,0,0,0,0,0,0,0,0,0,0,254,253,254,253,254,253,62,0,0,0,0,0,0,0,0,0,0,0,0,0,0,0,0,0,0,0,0,123,253,252,253,252,253,252,183,0,0,0,0,0,0,0,0,0,0,0,0,0,0,0,0,0,0,0,72,253,254,253,254,253,254,253,142,0,0,0,0,0,0,0,0,0,0,0,0,0,0,0,0,0,0,0,233,252,253,252,253,252,253,252,20,0,0,0,0,0,0,0,0,0,0,0,0,0,0,0,0,0,0,102,255,253,254,253,254,253,254,233,0,0,0,0,0,0,0,0,0,0,0,0,0,0,0,0,0,0,0,183,253,252,253,252,253,252,233,50,0,0,0,0,0,0,0,0,0,0,0,0,0,0,0,0,0,0,0,203,255,253,254,253,254,233,123,0,0,0,0,0,0,0,0,0,0,0,0,0,0,0,0,0,0,0,0,81,151,192,192,151,91,30,0,0,0,0,0,0,0,0,0,0,0,0,0,0,0,0,0,0,0,0,0,0,0,0,0,0,0,0,0,0,0,0,0,0,0,0,0,0,0,0,0,0,0,0,0,0,0,0,0,0,0,0,0,0,0,0,0,0,0,0,0,0,0,0,0,0,0,0,0,0,0,0,0,0,0,0,0,0,0,0,0,0,0,0,0,0,0,0,0,0,0,0,0,0,0,0,0
0,0,0,0,0,0,0,0,0,0,0,0,0,0,0,0,0,0,0,0,0,0,0,0,0,0,0,0,0,0,0,0,0,0,0,0,0,0,0,0,0,0,0,0,0,0,0,0,0,0,0,0,0,0,0,0,0,0,0,0,0,0,0,0,0,0,0,0,0,0,0,0,0,0,0,0,0,0,0,0,0,0,0,0,0,0,0,0,0,0,0,0,0,0,52,224,192,15,0,0,0,0,0,0,0,0,0,0,0,0,0,0,0,0,0,0,0,0,0,0,0,0,64,254,254,70,0,0,0,0,0,0,0,0,0,0,0,0,0,0,0,0,0,0,0,0,0,0,0,0,146,254,254,117,30,0,0,0,0,0,0,0,0,0,0,0,0,0,0,0,0,0,0,0,0,0,0,65,250,254,254,254,236,183,101,12,0,0,0,0,0,0,0,0,0,0,0,0,0,0,0,0,0,0,0,165,254,254,254,254,254,254,254,222,113,42,0,0,0,0,0,0,0,0,0,0,0,0,0,0,0,0,2,176,254,246,44,25,25,62,189,254,254,244,136,4,0,0,0,0,0,0,0,0,0,0,0,0,0,0,84,254,254,179,0,0,0,0,14,111,189,254,254,183,25,0,0,0,0,0,0,0,0,0,0,0,0,0,111,254,243,42,0,0,0,0,0,0,4,105,241,254,213,82,0,0,0,0,0,0,0,0,0,0,0,0,147,254,234,0,0,0,0,0,0,0,0,0,40,195,254,233,62,0,0,0,0,0,0,0,0,0,0,33,236,254,215,0,0,0,0,0,0,0,0,0,0,52,211,254,253,9,0,0,0,0,0,0,0,0,0,56,254,254,94,0,0,0,0,0,0,0,0,0,0,0,99,254,254,51,0,0,0,0,0,0,0,0,0,56,254,239,27,0,0,0,0,0,0,0,0,0,0,0,0,212,254,172,0,0,0,0,0,0,0,0,0,56,254,189,0,0,0,0,0,0,0,0,0,0,0,0,0,135,254,209,0,0,0,0,0,0,0,0,0,56,254,189,0,0,0,0,0,0,0,0,0,0,0,0,0,163,254,182,0,0,0,0,0,0,0,0,0,56,254,196,4,0,0,0,0,0,0,0,0,0,0,0,82,252,254,61,0,0,0,0,0,0,0,0,0,56,254,254,66,0,0,0,0,0,0,0,0,0,54,129,233,254,159,3,0,0,0,0,0,0,0,0,0,48,248,254,230,36,18,0,0,0,35,36,59,180,248,254,254,208,5,0,0,0,0,0,0,0,0,0,0,0,175,254,254,254,222,190,190,190,253,254,254,254,254,174,133,31,0,0,0,0,0,0,0,0,0,0,0,0,4,100,248,254,254,254,254,254,254,254,226,164,43,2,0,0,0,0,0,0,0,0,0,0,0,0,0,0,0,0,55,154,245,254,254,254,235,152,21,0,0,0,0,0,0,0,0,0,0,0,0,0,0,0,0,0,0,0,0,0,0,0,0,0,0,0,0,0,0,0,0,0,0,0,0,0,0,0,0,0,0,0,0,0,0,0,0,0,0,0,0,0,0,0,0,0,0,0,0,0,0,0,0,0,0,0,0,0,0,0,0,0,0,0,0,0,0,0,0,0,0,0,0,0,0,0,0,0,0,0,0,0,0,0,0,0,0,0,0,0,0,0,0,0,0,0,0,0,0,0,0,0,0,0,0,0,0,0,0,0,0,0,0,0,0,0,0,0,0,0,0,0,0,0,0,0,0,0,0,0,0,0,0,0,0,0,0,0,0
8,0,0,0,0,0,0,0,0,0,0,0,0,0,0,0,0,0,0,0,0,0,0,0,0,0,0,0,0,0,0,0,0,0,0,0,0,0,0,0,0,0,0,0,0,0,0,0,0,0,0,0,0,0,0,0,0,0,0,0,0,0,0,0,0,0,0,0,0,0,0,0,0,0,0,0,0,0,0,0,0,0,0,0,0,0,0,0,0,0,0,0,0,0,0,0,0,0,0,0,0,0,0,0,0,0,0,0,0,0,0,0,0,0,0,0,0,0,0,0,0,0,0,0,0,0,0,254,172,173,131,0,0,0,0,0,0,0,0,0,0,0,0,0,0,0,0,0,0,0,0,0,0,0,0,253,252,253,252,82,0,0,0,0,0,0,0,0,0,0,0,0,0,0,0,0,0,0,0,0,0,0,0,102,102,234,253,203,0,0,0,0,0,0,0,0,0,0,0,0,0,0,0,0,0,0,0,0,0,0,0,0,0,152,252,203,0,0,0,0,0,0,0,0,0,0,0,0,0,0,0,0,0,0,0,0,0,0,0,0,0,152,253,142,0,0,0,0,0,0,0,0,0,0,0,0,0,0,0,0,0,0,0,0,0,0,0,0,0,233,252,61,0,0,0,0,0,0,0,0,0,0,0,0,0,0,0,0,0,0,0,0,0,0,0,0,0,152,253,0,0,0,0,0,0,0,0,0,0,0,0,0,0,0,0,0,0,0,0,0,0,0,0,21,142,233,212,0,0,0,0,0,0,0,0,0,0,0,0,0,0,0,0,0,0,0,0,0,0,31,10,113,253,244,40,0,0,0,0,0,0,0,0,0,0,0,0,0,0,0,0,0,0,0,0,0,0,233,91,233,252,122,0,0,0,0,0,0,0,0,0,0,0,0,0,0,0,0,0,0,0,0,0,0,82,254,213,254,213,0,0,0,0,0,0,0,0,0,0,0,0,0,0,0,0,0,0,0,0,0,41,123,243,253,130,172,252,123,0,0,0,0,0,0,0,0,0,0,0,0,0,0,0,0,0,0,0,31,173,254,192,224,40,51,131,254,91,0,0,0,0,0,0,0,0,0,0,0,0,0,0,0,0,0,0,193,252,233,50,20,0,10,10,50,172,82,0,0,0,0,0,0,0,0,0,0,0,0,0,0,0,0,21,254,192,0,0,0,0,0,0,0,0,234,50,0,0,0,0,0,0,0,0,0,0,0,0,0,0,0,102,253,111,0,0,0,0,0,0,0,0,71,92,0,0,0,0,0,0,0,0,0,0,0,0,0,0,0,82,234,213,82,0,0,0,0,0,0,82,255,253,0,0,0,0,0,0,0,0,0,0,0,0,0,0,0,0,112,212,243,122,0,0,0,0,123,243,253,130,0,0,0,0,0,0,0,0,0,0,0,0,0,0,0,0,0,41,224,20,0,0,0,163,203,223,82,0,0,0,0,0,0,0,0,0,0,0,0,0,0,0,0,0,0,0,61,20,0,0,41,243,122,20,0,0,0,0,0,0,0,0,0,0,0,0,0,0,0,0,0,0,0,0,0,0,0,0,0,0,0,0,0,0,0,0,0,0,0,0,0,0,0,0,0,0,0,0,0,0,0,0,0,0,0,0,0,0,0,0,0,0,0,0,0,0,0,0,0,0,0,0,0,0,0,0,0,0,0,0,0,0,0,0,0,0,0,0,0,0,0,0,0,0,0,0,0,0,0,0,0,0,0,0,0,0,0,0,0,0,0,0,0,0,0,0,0,0,0,0,0,0,0,0,0,0
2,0,0,0,0,0,0,0,0,0,0,0,0,0,0,0,0,0,0,0,0,0,0,0,0,0,0,0,0,0,0,0,0,0,0,0,0,0,0,0,0,0,0,0,0,0,0,0,0,0,0,0,0,0,0,0,0,0,0,0,0,0,0,0,0,0,0,0,0,0,0,0,0,0,0,0,0,0,0,0,0,0,0,0,0,0,0,0,0,0,0,0,0,0,0,0,0,0,0,0,0,0,0,0,0,0,0,0,0,0,0,0,0,0,0,0,0,0,0,0,0,0,0,0,0,0,0,0,0,0,0,0,0,0,0,0,0,0,0,0,0,0,0,0,0,0,0,0,0,0,0,11,51,152,152,173,253,152,152,62,0,0,0,0,0,0,0,0,0,0,0,0,0,0,0,0,0,123,203,213,252,253,252,253,252,253,252,203,20,0,0,0,0,0,0,0,0,0,0,0,0,0,0,92,233,255,253,255,213,183,102,102,20,21,223,254,50,0,0,0,0,0,0,0,0,0,0,0,0,0,0,112,252,151,151,50,10,0,0,0,0,41,243,253,50,0,0,0,0,0,0,0,0,0,0,0,0,0,0,0,0,0,0,0,0,0,0,0,0,51,253,234,30,0,0,0,0,0,0,0,0,0,0,0,0,0,0,0,0,0,0,0,0,0,0,0,0,132,252,233,30,0,0,0,0,0,0,0,0,0,0,0,0,0,0,0,0,0,0,0,0,0,0,0,0,173,253,203,0,0,0,31,51,21,0,0,0,0,0,0,0,0,0,0,0,0,0,0,0,0,0,0,0,253,252,141,102,102,183,233,252,223,81,0,0,0,0,0,0,0,0,0,0,0,0,0,0,0,0,0,123,254,253,254,253,254,213,204,162,41,0,0,0,0,0,0,0,0,0,0,0,0,0,0,0,0,0,163,243,253,252,192,151,50,10,0,0,0,0,0,0,0,0,0,0,0,0,0,0,0,0,0,82,214,253,254,253,244,81,0,0,0,0,0,0,0,0,0,0,0,0,0,0,0,0,0,0,0,82,163,243,253,171,253,252,162,0,0,0,0,0,0,0,0,0,0,0,0,0,0,0,0,0,0,21,152,233,244,162,41,0,254,253,102,0,0,0,0,0,0,0,0,0,0,0,0,0,0,0,0,0,41,223,253,212,81,0,0,41,253,252,20,0,0,0,0,0,0,0,0,0,0,0,0,0,0,0,0,0,214,253,102,20,0,0,0,163,254,131,0,0,0,0,0,0,0,0,0,0,0,0,0,0,0,0,0,0,253,252,82,0,0,0,82,243,253,50,0,0,0,0,0,0,0,0,0,0,0,0,0,0,0,0,0,0,62,142,214,213,132,31,173,253,142,0,0,0,0,0,0,0,0,0,0,0,0,0,0,0,0,0,0,0,0,0,10,50,213,232,253,252,20,0,0,0,0,0,0,0,0,0,0,0,0,0,0,0,0,0,0,0,0,0,0,0,0,142,255,192,0,0,0,0,0,0,0,0,0,0,0,0,0,0,0,0,0,0,0,0,0,0,0,0,0,102,253,111,0,0,0,0,0,0,0,0,0,0,0,0,0,0,0,0,0,0,0,0,0,0,0,0,0,0,0,0,0,0,0,0,0,0,0,0,0,0,0,0,0,0,0,0,0,0,0,0,0,0,0,0,0,0,0,0,0,0,0,0,0,0,0,0,0,0,0,0,0,0,0,0,0,0,0,0,0,0,0,0,0,0,0,0,0,0,0,0,0,0,0,0,0,0,0,0,0,0
1,0,0,0,0,0,0,0,0,0,0,0,0,0,0,0,0,0,0,0,0,0,0,0,0,0,0,0,0,0,0,0,0,0,0,0,0,0,0,0,0,0,0,0,0,0,0,0,0,0,0,0,0,0,0,0,0,0,0,0,0,0,0,0,0,0,0,0,0,0,0,0,0,0,0,0,0,0,0,0,0,0,0,0,0,0,0,0,0,0,0,0,0,0,0,0,0,0,0,0,0,0,0,0,0,0,0,0,0,0,0,0,0,0,0,0,0,0,0,0,0,0,0,0,0,143,183,0,0,0,0,0,0,0,0,0,0,0,0,0,0,0,0,0,0,0,0,0,0,0,0,0,0,210,253,118,0,0,0,0,0,0,0,0,0,0,0,0,0,0,0,0,0,0,0,0,0,0,0,0,0,210,254,189,0,0,0,0,0,0,0,0,0,0,0,0,0,0,0,0,0,0,0,0,0,0,0,0,0,210,254,250,60,0,0,0,0,0,0,0,0,0,0,0,0,0,0,0,0,0,0,0,0,0,0,0,0,210,254,254,65,0,0,0,0,0,0,0,0,0,0,0,0,0,0,0,0,0,0,0,0,0,0,0,0,210,254,254,65,0,0,0,0,0,0,0,0,0,0,0,0,0,0,0,0,0,0,0,0,0,0,0,0,99,254,254,176,0,0,0,0,0,0,0,0,0,0,0,0,0,0,0,0,0,0,0,0,0,0,0,0,55,239,254,244,59,0,0,0,0,0,0,0,0,0,0,0,0,0,0,0,0,0,0,0,0,0,0,0,0,203,254,254,175,0,0,0,0,0,0,0,0,0,0,0,0,0,0,0,0,0,0,0,0,0,0,0,0,169,254,254,202,0,0,0,0,0,0,0,0,0,0,0,0,0,0,0,0,0,0,0,0,0,0,0,0,73,254,254,202,0,0,0,0,0,0,0,0,0,0,0,0,0,0,0,0,0,0,0,0,0,0,0,0,73,254,254,213,16,0,0,0,0,0,0,0,0,0,0,0,0,0,0,0,0,0,0,0,0,0,0,0,73,255,254,254,78,0,0,0,0,0,0,0,0,0,0,0,0,0,0,0,0,0,0,0,0,0,0,0,73,254,254,254,78,0,0,0,0,0,0,0,0,0,0,0,0,0,0,0,0,0,0,0,0,0,0,0,73,254,254,254,78,0,0,0,0,0,0,0,0,0,0,0,0,0,0,0,0,0,0,0,0,0,0,0,73,254,254,254,78,0,0,0,0,0,0,0,0,0,0,0,0,0,0,0,0,0,0,0,0,0,0,0,73,254,254,223,32,0,0,0,0,0,0,0,0,0,0,0,0,0,0,0,0,0,0,0,0,0,0,0,80,254,254,202,0,0,0,0,0,0,0,0,0,0,0,0,0,0,0,0,0,0,0,0,0,0,0,0,203,254,254,131,0,0,0,0,0,0,0,0,0,0,0,0,0,0,0,0,0,0,0,0,0,0,0,0,135,254,156,35,0,0,0,0,0,0,0,0,0,0,0,0,0,0,0,0,0,0,0,0,0,0,0,0,0,0,0,0,0,0,0,0,0,0,0,0,0,0,0,0,0,0,0,0,0,0,0,0,0,0,0,0,0,0,0,0,0,0,0,0,0,0,0,0,0,0,0,0,0,0,0,0,0,0,0,0,0,0,0,0,0,0,0,0,0,0,0,0,0,0,0,0,0,0,0,0,0,0,0,0,0,0,0,0,0,0,0,0,0,0,0,0,0,0,0,0,0,0,0,0,0,0,0
7,0,0,0,0,0,0,0,0,0,0,0,0,0,0,0,0,0,0,0,0,0,0,0,0,0,0,0,0,0,0,0,0,0,0,0,0,0,0,0,0,0,0,0,0,0,0,0,0,0,0,0,0,0,0,0,0,0,0,0,0,0,0,0,0,0,0,0,0,0,0,0,0,0,0,0,0,0,0,0,0,0,0,0,0,0,0,0,0,0,0,0,0,0,0,0,0,0,0,0,0,0,0,0,0,0,0,0,0,0,0,0,0,0,0,0,0,0,0,0,0,0,0,0,0,0,0,0,0,0,0,0,0,0,0,0,0,0,0,0,0,0,0,0,0,0,0,0,0,0,0,0,0,0,0,0,0,0,0,0,0,0,0,0,0,0,0,0,0,0,0,0,0,0,0,0,0,0,0,0,0,0,0,0,0,0,0,0,0,0,0,0,0,0,0,0,0,0,0,0,0,19,97,97,59,141,156,246,254,194,156,156,141,97,0,0,0,0,0,0,0,0,0,0,0,0,0,0,0,73,251,253,254,253,253,253,253,254,253,253,253,253,170,11,0,0,0,0,0,0,0,0,0,0,0,0,0,0,125,235,254,247,174,174,174,175,92,78,167,235,254,203,0,0,0,0,0,0,0,0,0,0,0,0,0,0,0,15,19,18,0,0,0,0,0,0,0,105,254,233,0,0,0,0,0,0,0,0,0,0,0,0,0,0,0,0,0,0,0,0,0,0,0,0,0,98,254,233,0,0,0,0,0,0,0,0,0,0,0,0,0,0,0,0,0,0,0,0,0,0,0,0,0,99,255,234,0,0,0,0,0,0,0,0,0,0,0,0,0,0,0,0,0,0,0,0,0,0,0,0,0,98,254,233,0,0,0,0,0,0,0,0,0,0,0,0,0,0,0,0,0,0,0,0,0,0,0,0,0,98,254,233,0,0,0,0,0,0,0,0,0,0,0,0,0,0,0,0,0,0,0,0,0,0,0,0,0,98,254,233,0,0,0,0,0,0,0,0,0,0,0,0,0,0,0,0,0,0,0,0,0,0,0,0,0,173,254,233,0,0,0,0,0,0,0,0,0,0,0,0,0,0,0,0,0,0,0,0,0,0,0,0,0,196,255,136,0,0,0,0,0,0,0,0,0,0,0,0,0,0,0,0,0,0,0,0,0,0,0,0,34,244,254,128,0,0,0,0,0,0,0,0,0,0,0,0,0,0,0,0,0,0,0,0,0,0,0,0,107,253,254,39,0,0,0,0,0,0,0,0,0,0,0,0,0,0,0,0,0,0,0,0,0,0,0,0,136,253,244,33,0,0,0,0,0,0,0,0,0,0,0,0,0,0,0,0,0,0,0,0,0,0,0,0,174,253,195,0,0,0,0,0,0,0,0,0,0,0,0,0,0,0,0,0,0,0,0,0,0,0,0,0,235,254,196,0,0,0,0,0,0,0,0,0,0,0,0,0,0,0,0,0,0,0,0,0,0,0,0,74,250,253,150,0,0,0,0,0,0,0,0,0,0,0,0,0,0,0,0,0,0,0,0,0,0,0,0,175,253,253,98,0,0,0,0,0,0,0,0,0,0,0,0,0,0,0,0,0,0,0,0,0,0,0,0,175,253,253,8,0,0,0,0,0,0,0,0,0,0,0,0,0,0,0,0,0,0,0,0,0,0,0,0,175,253,177,0,0,0,0,0,0,0,0,0,0,0,0,0,0,0,0,0,0,0,0,0,0,0,0,0,0,0,0,0,0,0,0,0,0,0,0,0,0,0
0,0,0,0,0,0,0,0,0,0,0,0,0,0,0,0,0,0,0,0,0,0,0,0,0,0,0,0,0,0,0,0,0,0,0,0,0,0,0,0,0,0,0,0,0,0,0,0,0,0,0,0,0,0,0,0,0,0,0,0,0,0,0,0,0,0,0,0,0,0,0,0,0,0,0,0,0,0,0,0,0,0,0,0,0,0,0,0,0,0,0,0,0,0,0,0,0,0,0,0,0,0,0,0,0,0,0,0,0,0,0,0,0,0,0,0,0,0,0,0,0,0,0,0,0,0,0,15,144,173,254,255,247,48,0,0,0,0,0,0,0,0,0,0,0,0,0,0,0,0,0,0,0,0,21,196,255,253,253,160,60,0,0,0,0,0,0,0,0,0,0,0,0,0,0,0,0,0,0,0,0,81,223,253,254,253,253,164,0,0,0,0,0,0,0,0,0,0,0,0,0,0,0,0,0,0,0,0,127,250,203,73,25,213,245,242,56,0,0,0,0,0,0,0,0,0,0,0,0,0,0,0,0,0,0,83,246,200,23,0,0,91,73,99,234,60,0,0,0,0,0,0,0,0,0,0,0,0,0,0,0,0,20,218,250,65,0,0,0,0,0,5,146,234,17,0,0,0,0,0,0,0,0,0,0,0,0,0,0,1,160,253,88,0,0,0,0,0,0,0,54,251,123,0,0,0,0,0,0,0,0,0,0,0,0,0,0,42,253,180,9,0,0,0,0,0,0,0,0,199,151,0,0,0,0,0,0,0,0,0,0,0,0,0,31,218,212,14,0,0,0,0,0,0,0,0,0,118,242,0,0,0,0,0,0,0,0,0,0,0,0,0,148,253,150,0,0,0,0,0,0,0,0,0,0,12,234,87,0,0,0,0,0,0,0,0,0,0,0,0,211,232,0,0,0,0,0,0,0,0,0,0,0,0,219,100,0,0,0,0,0,0,0,0,0,0,0,0,210,202,0,0,0,0,0,0,0,0,0,0,0,0,122,99,0,0,0,0,0,0,0,0,0,0,0,27,227,121,0,0,0,0,0,0,0,0,0,0,0,0,165,142,0,0,0,0,0,0,0,0,0,0,0,67,253,121,0,0,0,0,0,0,0,0,0,0,0,47,243,151,0,0,0,0,0,0,0,0,0,0,0,67,253,121,0,0,0,0,0,0,0,0,0,0,0,161,251,78,0,0,0,0,0,0,0,0,0,0,0,67,253,121,0,0,0,0,0,0,0,0,0,8,161,242,155,0,0,0,0,0,0,0,0,0,0,0,0,6,214,175,9,0,0,0,0,0,0,3,55,230,251,155,21,0,0,0,0,0,0,0,0,0,0,0,0,0,126,252,232,69,4,0,14,45,108,181,253,230,116,0,0,0,0,0,0,0,0,0,0,0,0,0,0,0,0,128,253,253,193,188,208,253,254,199,132,32,0,0,0,0,0,0,0,0,0,0,0,0,0,0,0,0,0,3,57,230,253,253,253,157,33,10,0,0,0,0,0,0,0,0,0,0,0,0,0,0,0,0,0,0,0,0,0,0,0,0,0,0,0,0,0,0,0,0,0,0,0,0,0,0,0,0,0,0,0,0,0,0,0,0,0,0,0,0,0,0,0,0,0,0,0,0,0,0,0,0,0,0,0,0,0,0,0,0,0,0,0,0,0,0,0,0,0,0,0,0,0,0,0,0,0,0,0,0,0,0,0,0,0,0,0,0,0,0,0,0,0,0,0,0,0,0,0,0,0,0,0,0,0,0,0,0,0,0,0
6,0,0,0,0,0,0,0,0,0,0,0,0,0,0,0,0,0,0,0,0,0,0,0,0,0,0,0,0,0,0,0,0,0,0,0,0,0,0,0,0,0,0,0,0,0,0,0,0,0,0,0,0,0,0,0,0,0,0,0,0,0,0,0,0,0,0,92,253,76,0,0,0,0,0,0,0,0,0,0,0,0,0,0,0,0,0,0,0,0,0,0,0,0,0,178,252,162,0,0,0,0,0,0,0,0,0,0,0,0,0,0,0,0,0,0,0,0,0,0,0,0,0,82,252,162,0,0,0,0,0,0,0,0,0,0,0,0,0,0,0,0,0,0,0,0,0,0,0,0,0,30,252,162,0,0,0,0,0,0,0,0,0,0,0,0,0,0,0,0,0,0,0,0,0,0,0,0,0,162,252,241,52,0,0,0,0,0,0,0,0,0,0,0,0,0,0,0,0,0,0,0,0,0,0,0,9,187,252,241,52,0,0,0,0,0,0,0,0,0,0,0,0,0,0,0,0,0,0,0,0,0,0,0,75,252,252,162,0,0,0,0,0,0,0,0,0,0,0,0,0,0,0,0,0,0,0,0,0,0,0,0,215,252,252,162,0,0,0,53,0,0,0,0,0,0,0,0,0,0,0,0,0,0,0,0,0,0,0,0,223,252,252,162,8,132,194,228,185,24,0,0,0,0,0,0,0,0,0,0,0,0,0,0,0,0,0,0,223,252,252,162,132,252,253,252,252,203,105,0,0,0,0,0,0,0,0,0,0,0,0,0,0,0,0,0,224,253,253,200,219,253,255,253,253,253,253,135,0,0,0,0,0,0,0,0,0,0,0,0,0,0,0,0,223,252,252,252,252,252,253,202,195,252,252,246,98,0,0,0,0,0,0,0,0,0,0,0,0,0,1,86,242,252,252,193,205,252,176,16,6,158,250,252,205,9,0,0,0,0,0,0,0,0,0,0,0,0,15,252,252,252,252,92,24,132,0,0,0,0,223,252,252,85,0,0,0,0,0,0,0,0,0,0,0,0,60,252,252,252,252,58,0,0,0,0,0,0,92,252,252,119,0,0,0,0,0,0,0,0,0,0,0,0,59,252,252,252,252,173,30,13,13,30,30,101,200,252,252,14,0,0,0,0,0,0,0,0,0,0,0,0,7,118,236,252,252,252,252,182,183,252,252,252,252,252,252,93,0,0,0,0,0,0,0,0,0,0,0,0,0,0,83,252,252,252,252,252,253,252,252,252,252,252,252,22,0,0,0,0,0,0,0,0,0,0,0,0,0,0,18,164,231,252,252,252,253,252,252,252,252,220,128,4,0,0,0,0,0,0,0,0,0,0,0,0,0,0,0,0,55,155,252,252,253,252,252,181,103,30,0,0,0,0,0,0,0,0,0,0,0,0,0,0,0,0,0,0,0,0,0,0,0,0,0,0,0,0,0,0,0,0,0,0,0,0,0,0,0,0,0,0,0,0,0,0,0,0,0,0,0,0,0,0,0,0,0,0,0,0,0,0,0,0,0,0,0,0,0,0,0,0,0,0,0,0,0,0,0,0,0,0,0,0,0,0,0,0,0,0,0,0,0,0,0,0,0,0,0,0,0,0,0,0,0,0,0,0,0,0,0,0,0,0,0,0,0,0,0,0,0,0,0,0,0,0,0,0,0,0,0,0,0,0,0,0,0,0,0,0,0,0,0,0,0,0,0,0,0,0,0,0,0,0,0,0,0,0,0,0,0,0,0,0,0,0,0,0,0,0,0,0,0,0,0
5,0,0,0,0,0,0,0,0,0,0,0,0,0,0,0,0,0,0,0,0,0,0,0,0,0,0,0,0,0,0,0,0,0,0,0,0,0,0,0,0,0,0,0,0,0,0,0,0,0,0,0,0,0,0,0,0,0,0,0,0,0,0,0,0,0,0,0,0,0,0,0,0,0,0,0,0,0,0,0,0,0,0,0,0,0,0,0,0,0,0,0,0,0,0,0,0,0,0,0,0,0,0,0,0,0,0,0,0,0,0,0,0,0,0,0,0,0,0,0,0,0,0,0,0,0,0,0,0,0,0,0,0,0,0,0,0,0,0,0,0,0,0,0,0,0,0,0,0,0,0,0,0,0,0,42,81,160,188,255,47,0,0,0,0,0,0,0,0,0,0,0,0,0,0,0,0,0,3,38,94,142,226,244,254,254,254,254,47,0,0,0,0,0,0,0,0,0,0,0,0,0,0,4,167,198,202,254,254,254,254,254,254,246,216,63,11,0,0,0,0,0,0,0,0,0,0,0,0,0,0,10,254,254,254,254,209,178,178,85,85,19,0,0,0,0,0,0,0,0,0,0,0,0,0,0,0,0,0,98,254,254,138,113,11,0,0,0,0,0,0,0,0,0,0,0,0,0,0,0,0,0,0,0,0,0,0,181,254,250,43,0,0,0,0,0,0,0,0,0,0,0,0,0,0,0,0,0,0,0,0,0,0,0,0,198,254,206,0,61,176,179,179,180,179,179,117,7,0,0,0,0,0,0,0,0,0,0,0,0,0,0,23,231,254,234,228,251,254,254,254,254,254,254,254,246,127,17,0,0,0,0,0,0,0,0,0,0,0,0,129,254,254,254,254,244,225,225,225,201,215,237,235,252,254,196,50,0,0,0,0,0,0,0,0,0,0,0,156,254,254,254,204,44,0,0,0,0,0,27,22,148,236,254,215,28,0,0,0,0,0,0,0,0,0,0,38,252,188,84,0,0,0,0,0,0,0,0,0,0,85,235,254,131,0,0,0,0,0,0,0,0,0,0,5,27,0,0,0,0,0,0,0,0,0,0,0,0,0,179,254,131,0,0,0,0,0,0,0,0,0,0,0,0,0,0,0,0,0,0,0,0,0,0,0,0,1,182,254,131,0,0,0,0,0,0,0,0,0,0,0,0,0,0,0,0,0,0,0,0,0,0,0,0,47,254,254,131,0,0,0,0,0,0,0,0,0,0,0,0,0,0,0,0,0,0,0,0,0,0,0,44,226,254,222,23,0,0,0,0,0,0,0,0,0,0,0,0,0,0,0,0,0,0,0,0,0,0,13,220,254,254,121,0,0,0,0,0,0,0,0,0,0,0,0,0,0,0,0,0,0,0,0,0,0,70,229,254,254,162,31,0,0,0,0,0,0,0,0,0,0,0,0,0,0,0,5,92,57,57,57,117,200,252,254,254,165,31,0,0,0,0,0,0,0,0,0,0,0,0,0,0,0,0,17,245,254,254,254,255,254,254,235,51,7,0,0,0,0,0,0,0,0,0,0,0,0,0,0,0,0,0,0,47,156,194,194,160,159,121,22,0,0,0,0,0,0,0,0,0,0,0,0,0,0,0,0,0,0,0,0,0,0,0,0,0,0,0,0,0,0,0,0,0,0,0,0,0,0,0,0,0,0,0,0,0,0,0,0,0,0,0,0,0,0,0,0,0,0,0,0,0,0,0,0,0,0,0,0,0,0,0,0,0,0,0,0,0,0,0,0,0,0,0,0,0,0,0,0,0,0,0,0,0,0
4,0,0,0,0,0,0,0,0,0,0,0,0,0,0,0,0,0,0,0,0,0,0,0,0,0,0,0,0,0,0,0,0,0,0,0,0,0,0,0,0,0,0,0,0,0,0,0,0,0,0,0,0,0,0,0,0,0,0,0,0,0,0,0,0,0,0,0,0,0,0,0,0,0,0,0,0,0,0,0,0,0,0,0,0,0,0,0,0,0,0,0,0,0,0,0,0,0,0,0,0,0,0,0,0,0,0,0,0,0,0,0,0,0,0,0,0,0,0,0,0,0,0,0,0,0,0,0,0,0,0,0,0,0,0,0,0,0,0,0,0,0,0,0,0,0,0,0,0,0,187,143,0,0,0,0,0,1,9,2,0,0,0,0,0,0,0,0,0,0,0,0,0,0,0,0,0,0,213,132,0,0,0,0,0,25,254,108,0,0,0,0,0,0,0,0,0,0,0,0,0,0,0,0,0,31,243,33,0,0,0,0,0,25,254,130,0,0,0,0,0,0,0,0,0,0,0,0,0,0,0,0,0,106,254,33,0,0,0,0,0,25,254,130,0,0,0,0,0,0,0,0,0,0,0,0,0,0,0,0,0,136,254,33,0,0,0,0,0,25,254,130,0,0,0,0,0,0,0,0,0,0,0,0,0,0,0,0,0,205,254,33,0,0,0,0,0,94,254,62,0,0,0,0,0,0,0,0,0,0,0,0,0,0,0,0,0,205,222,12,0,0,0,0,0,107,254,49,0,0,0,0,0,0,0,0,0,0,0,0,0,0,0,0,0,157,254,54,0,0,0,0,10,219,254,49,0,0,0,0,0,0,0,0,0,0,0,0,0,0,0,0,0,21,205,245,142,75,3,0,17,254,233,19,0,0,0,0,0,0,0,0,0,0,0,0,0,0,0,0,0,0,20,206,254,254,246,247,247,254,221,0,0,0,0,0,0,0,0,0,0,0,0,0,0,0,0,0,0,0,0,0,75,83,135,165,170,255,166,0,0,0,0,0,0,0,0,0,0,0,0,0,0,0,0,0,0,0,0,0,0,0,0,0,22,254,139,0,0,0,0,0,0,0,0,0,0,0,0,0,0,0,0,0,0,0,0,0,0,0,0,0,38,254,139,0,0,0,0,0,0,0,0,0,0,0,0,0,0,0,0,0,0,0,0,0,0,0,0,0,17,254,139,0,0,0,0,0,0,0,0,0,0,0,0,0,0,0,0,0,0,0,0,0,0,0,0,0,17,254,205,0,0,0,0,0,0,0,0,0,0,0,0,0,0,0,0,0,0,0,0,0,0,0,0,0,17,254,221,0,0,0,0,0,0,0,0,0,0,0,0,0,0,0,0,0,0,0,0,0,0,0,0,0,3,197,228,11,19,0,0,0,0,0,0,0,0,0,0,0,0,0,0,0,0,0,0,0,0,0,0,0,0,94,254,181,119,0,0,0,0,0,0,0,0,0,0,0,0,0,0,0,0,0,0,0,0,0,0,0,0,10,219,254,123,0,0,0,0,0,0,0,0,0,0,0,0,0,0,0,0,0,0,0,0,0,0,0,0,0,28,225,30,0,0,0,0,0,0,0,0,0,0,0,0,0,0,0,0,0,0,0,0,0,0,0,0,0,0,0,0,0,0,0,0,0,0,0,0,0,0,0,0,0,0,0,0,0,0,0,0,0,0,0,0,0,0,0,0,0,0,0,0,0,0,0,0,0,0,0,0,0,0,0,0,0,0,0,0,0,0,0,0,0,0,0,0,0,0,0,0,0,0,0,0
3,0,0,0,0,0,0,0,0,0,0,0,0,0,0,0,0,0,0,0,0,0,0,0,0,0,0,0,0,0,0,0,0,0,0,0,0,0,0,0,0,0,0,0,0,0,0,0,0,0,0,0,0,0,0,0,0,0,0,0,0,0,0,0,0,0,0,0,0,0,0,0,0,0,0,0,0,0,0,0,0,0,0,0,0,0,0,0,0,0,0,0,0,0,0,0,0,0,0,0,0,0,0,0,0,0,0,0,0,0,0,0,0,0,0,0,0,0,0,0,0,0,12,38,191,225,253,255,253,162,35,0,0,0,0,0,0,0,0,0,0,0,0,0,0,0,0,0,0,15,179,252,252,252,252,253,252,252,246,90,0,0,0,0,0,0,0,0,0,0,0,0,0,0,0,0,0,146,252,252,252,145,44,44,121,235,252,243,89,0,0,0,0,0,0,0,0,0,0,0,0,0,0,0,0,155,235,230,192,3,0,0,0,96,251,252,164,0,0,0,0,0,0,0,0,0,0,0,0,0,0,0,0,20,19,0,0,0,0,0,0,90,249,252,222,14,0,0,0,0,0,0,0,0,0,0,0,0,0,0,0,0,0,0,0,0,0,0,0,209,252,252,252,21,0,0,0,0,0,0,0,0,0,0,0,0,0,0,0,0,0,0,0,0,5,74,150,249,252,250,117,2,0,0,0,0,0,0,0,0,0,0,0,0,0,0,0,0,16,25,45,127,197,253,252,252,229,115,0,0,0,0,0,0,0,0,0,0,0,0,0,0,0,0,0,17,138,224,252,252,252,253,252,209,35,0,0,0,0,0,0,0,0,0,0,0,0,0,0,0,0,0,0,151,252,252,252,252,204,253,252,252,212,39,0,0,0,0,0,0,0,0,0,0,0,0,0,0,0,0,0,25,148,167,111,29,0,15,139,233,253,229,57,3,0,0,0,0,0,0,0,0,0,0,0,0,0,0,0,0,0,0,0,0,0,0,0,30,139,252,252,128,0,0,0,0,0,0,0,0,0,0,0,0,0,0,0,0,0,0,0,0,0,0,0,0,4,137,252,246,39,0,0,0,0,0,0,0,0,0,0,0,16,23,1,0,0,0,0,0,0,0,0,0,0,27,224,252,227,44,0,0,0,0,0,0,0,0,0,0,176,252,35,0,0,0,0,0,0,0,0,0,0,13,210,252,252,175,0,0,0,0,0,0,0,0,0,0,138,252,158,0,0,0,0,0,0,0,0,0,0,56,252,252,252,175,0,0,0,0,0,0,0,0,0,0,35,232,250,207,122,122,103,7,12,12,12,150,179,236,252,252,250,120,0,0,0,0,0,0,0,0,0,0,0,142,252,252,252,252,252,209,252,253,252,252,252,252,252,252,189,0,0,0,0,0,0,0,0,0,0,0,0,26,123,226,252,252,252,252,252,253,252,252,252,252,252,177,26,0,0,0,0,0,0,0,0,0,0,0,0,0,0,21,110,247,142,142,190,191,142,142,142,119,33,3,0,0,0,0,0,0,0,0,0,0,0,0,0,0,0,0,0,0,0,0,0,0,0,0,0,0,0,0,0,0,0,0,0,0,0,0,0,0,0,0,0,0,0,0,0,0,0,0,0,0,0,0,0,0,0,0,0,0,0,0,0,0,0,0,0,0,0,0,0,0,0,0,0,0,0,0,0,0,0,0,0,0,0,0,0,0,0,0,0,0,0,0,0,0,0,0,0,0,0,0,0,0,0,0,0,0,0,0,0,0,0,0,0,0,0,0,0,0,0
8,0,0,0,0,0,0,0,0,0,0,0,0,0,0,0,0,0,0,0,0,0,0,0,0,0,0,0,0,0,0,0,0,0,0,0,0,0,0,0,0,0,0,0,0,0,0,0,0,0,0,0,0,0,0,0,0,0,0,0,0,0,0,0,0,0,0,0,0,0,0,0,0,0,0,0,0,0,0,0,0,0,0,0,0,0,0,0,0,0,0,0,0,0,0,0,0,0,0,0,0,0,0,0,0,0,0,0,0,0,0,0,0,0,0,0,0,0,0,0,0,0,0,0,5,31,131,223,161,32,0,0,0,0,0,0,0,0,0,0,0,0,0,0,0,0,0,0,0,0,8,31,213,242,242,181,251,220,27,0,0,0,0,0,0,0,0,0,0,0,0,0,0,0,0,0,0,85,209,217,93,0,0,5,198,254,49,0,0,0,0,0,0,0,0,0,0,0,0,0,0,0,0,0,0,62,93,0,100,126,25,142,254,254,49,0,0,0,0,0,0,0,0,0,0,0,0,0,0,0,0,0,0,0,0,0,87,245,254,254,254,254,49,0,0,0,0,0,0,0,0,0,0,0,0,0,0,0,0,0,0,0,0,0,0,96,254,254,254,243,42,0,0,0,0,0,0,0,0,0,0,0,0,0,0,0,0,0,0,0,0,0,0,42,242,254,254,179,0,0,0,0,0,0,0,0,0,0,0,0,0,0,0,0,0,0,0,0,0,0,0,10,195,254,254,231,34,0,0,0,0,0,0,0,0,0,0,0,0,0,0,0,0,0,0,0,0,0,0,78,254,241,213,254,155,10,0,0,0,0,0,0,0,0,0,0,0,0,0,0,0,0,0,0,0,0,42,194,254,101,19,183,254,134,0,0,0,0,0,0,0,0,0,0,0,0,0,0,0,0,0,0,0,0,168,254,239,50,0,19,217,233,62,0,0,0,0,0,0,0,0,0,0,0,0,0,0,0,0,0,0,67,236,240,80,0,0,0,85,242,234,24,0,0,0,0,0,0,0,0,0,0,0,0,0,0,0,0,26,237,254,204,0,0,0,0,0,172,254,70,0,0,0,0,0,0,0,0,0,0,0,0,0,0,0,0,75,254,239,74,0,0,0,0,0,88,254,189,9,0,0,0,0,0,0,0,0,0,0,0,0,0,0,10,192,254,165,0,0,0,0,0,0,88,254,218,16,0,0,0,0,0,0,0,0,0,0,0,0,0,0,135,254,254,87,0,0,0,0,0,32,214,254,106,0,0,0,0,0,0,0,0,0,0,0,0,0,0,0,149,255,220,9,0,0,0,81,107,214,254,215,18,0,0,0,0,0,0,0,0,0,0,0,0,0,0,0,149,254,252,81,23,113,204,250,254,254,161,29,0,0,0,0,0,0,0,0,0,0,0,0,0,0,0,0,19,209,254,247,245,254,254,254,161,97,2,0,0,0,0,0,0,0,0,0,0,0,0,0,0,0,0,0,0,4,85,130,215,166,39,6,2,0,0,0,0,0,0,0,0,0,0,0,0,0,0,0,0,0,0,0,0,0,0,0,0,0,0,0,0,0,0,0,0,0,0,0,0,0,0,0,0,0,0,0,0,0,0,0,0,0,0,0,0,0,0,0,0,0,0,0,0,0,0,0,0,0,0,0,0,0,0,0,0,0,0,0,0,0,0,0,0,0,0,0,0,0,0,0,0,0,0,0,0,0,0,0,0,0,0,0,0,0,0,0,0,0,0,0,0,0,0,0,0,0,0,0,0,0,0,0,0,0,0,0
0,0,0,0,0,0,0,0,0,0,0,0,0,0,0,0,0,0,0,0,0,0,0,0,0,0,0,0,0,0,0,0,0,0,0,0,0,0,0,0,0,0,0,0,0,0,0,0,0,0,0,0,0,0,0,0,0,0,0,0,0,0,0,0,0,0,0,0,0,0,0,0,0,0,0,0,0,0,0,0,0,0,0,0,0,0,0,0,0,0,0,0,0,0,0,0,0,0,0,0,0,0,0,0,0,0,0,0,0,0,0,0,0,0,0,0,0,0,0,0,0,0,0,0,0,0,33,225,255,115,5,0,0,0,0,0,0,0,0,0,0,0,0,0,0,0,0,0,0,0,0,0,0,9,132,253,253,253,213,92,8,0,0,0,0,0,0,0,0,0,0,0,0,0,0,0,0,0,0,0,4,185,253,253,253,253,253,253,210,23,0,0,0,0,0,0,0,0,0,0,0,0,0,0,0,0,0,38,169,253,253,247,131,144,237,253,253,210,11,0,0,0,0,0,0,0,0,0,0,0,0,0,0,0,39,220,253,253,215,72,0,0,34,231,253,253,108,2,0,0,0,0,0,0,0,0,0,0,0,0,0,23,175,253,253,245,103,0,0,0,0,125,249,253,253,12,0,0,0,0,0,0,0,0,0,0,0,0,17,220,253,253,245,103,0,0,0,0,0,0,202,253,253,12,0,0,0,0,0,0,0,0,0,0,0,0,50,253,253,253,179,0,0,0,0,0,0,0,100,253,253,12,0,0,0,0,0,0,0,0,0,0,0,0,149,253,253,222,24,0,0,0,0,0,0,0,100,253,253,12,0,0,0,0,0,0,0,0,0,0,0,45,226,253,253,119,0,0,0,0,0,0,0,0,100,253,253,12,0,0,0,0,0,0,0,0,0,0,0,143,253,253,225,21,0,0,0,0,0,0,0,0,100,253,168,3,0,0,0,0,0,0,0,0,0,0,0,143,253,253,119,0,0,0,0,0,0,0,0,0,136,253,45,0,0,0,0,0,0,0,0,0,0,0,11,232,253,253,93,0,0,0,0,0,0,0,0,0,223,220,12,0,0,0,0,0,0,0,0,0,0,0,13,253,253,253,93,0,0,0,0,0,0,0,0,121,248,236,15,0,0,0,0,0,0,0,0,0,0,0,13,253,253,253,93,0,0,0,0,0,0,0,78,230,253,253,18,0,0,0,0,0,0,0,0,0,0,0,8,210,253,253,216,34,0,0,0,0,0,72,248,253,253,212,11,0,0,0,0,0,0,0,0,0,0,0,0,84,210,253,253,216,106,31,0,0,32,152,253,253,253,36,0,0,0,0,0,0,0,0,0,0,0,0,0,0,23,210,253,253,253,241,236,236,241,253,253,253,209,14,0,0,0,0,0,0,0,0,0,0,0,0,0,0,0,84,210,253,253,253,253,253,253,253,253,210,22,0,0,0,0,0,0,0,0,0,0,0,0,0,0,0,0,0,22,129,214,253,253,253,253,253,150,21,0,0,0,0,0,0,0,0,0,0,0,0,0,0,0,0,0,0,0,0,0,0,0,0,0,0,0,0,0,0,0,0,0,0,0,0,0,0,0,0,0,0,0,0,0,0,0,0,0,0,0,0,0,0,0,0,0,0,0,0,0,0,0,0,0,0,0,0,0,0,0,0,0,0,0,0,0,0,0,0,0,0,0,0,0,0,0,0,0,0,0,0,0,0,0,0,0,0,0,0,0,0,0,0,0,0,0,0,0,0,0,0,0,0,0,0,0,0,0,0,0
9,0,0,0,0,0,0,0,0,0,0,0,0,0,0,0,0,0,0,0,0,0,0,0,0,0,0,0,0,0,0,0,0,0,0,0,0,0,0,0,0,0,0,0,0,0,0,0,0,0,0,0,0,0,0,0,0,0,0,0,0,0,0,0,0,0,0,0,0,0,0,0,0,0,0,0,0,0,0,0,0,0,0,0,0,0,0,0,0,0,0,0,0,0,0,0,0,0,0,0,0,0,0,0,0,0,0,0,0,0,0,0,0,0,0,0,0,0,0,0,0,0,0,0,0,0,0,0,0,0,0,0,0,0,0,0,0,0,0,0,0,0,0,0,0,0,0,0,0,0,0,0,0,0,0,0,0,0,0,0,0,0,0,0,0,0,0,0,0,0,0,0,0,0,0,0,0,0,0,0,0,0,0,0,0,0,0,0,0,0,0,0,0,0,0,0,0,0,0,0,0,0,0,0,0,0,0,96,217,255,254,254,254,243,158,46,0,0,0,0,0,0,0,0,0,0,0,0,0,0,0,0,0,0,146,253,254,254,213,132,90,160,212,243,66,0,0,0,0,0,0,0,0,0,0,0,0,0,0,0,0,0,237,254,254,221,16,0,0,0,63,254,250,141,0,0,0,0,0,0,0,0,0,0,0,0,0,0,0,0,214,254,238,208,10,0,0,57,243,254,254,236,0,0,0,0,0,0,0,0,0,0,0,0,0,0,0,0,100,254,250,200,178,10,0,122,254,238,45,154,0,0,0,0,0,0,0,0,0,0,0,0,0,0,0,0,28,221,254,205,246,167,73,197,254,228,0,0,0,0,0,0,0,0,0,0,0,0,0,0,0,0,0,0,0,36,220,78,227,220,212,254,254,131,0,0,0,0,0,0,0,0,0,0,0,0,0,0,0,0,0,0,0,0,17,66,254,254,254,254,227,7,0,0,0,0,0,0,0,0,0,0,0,0,0,0,0,0,0,0,0,0,0,7,224,254,254,254,178,0,0,0,0,0,0,0,0,0,0,0,0,0,0,0,0,0,0,0,0,0,0,0,95,247,254,254,186,25,0,0,0,0,0,0,0,0,0,0,0,0,0,0,0,0,0,0,0,0,0,0,8,221,254,248,175,43,0,0,0,0,0,0,0,0,0,0,0,0,0,0,0,0,0,0,0,0,0,0,48,254,254,207,0,0,0,0,0,0,0,0,0,0,0,0,0,0,0,0,0,0,0,0,0,0,0,0,77,254,249,59,0,0,0,0,0,0,0,0,0,0,0,0,0,0,0,0,0,0,0,0,0,0,0,6,128,254,215,0,0,0,0,0,0,0,0,0,0,0,0,0,0,0,0,0,0,0,0,0,0,0,0,52,254,254,207,0,0,0,0,0,0,0,0,0,0,0,0,0,0,0,0,0,0,0,0,0,0,0,23,193,254,254,123,0,0,0,0,0,0,0,0,0,0,0,0,0,0,0,0,0,0,0,0,0,0,0,57,254,254,237,26,0,0,0,0,0,0,0,0,0,0,0,0,0,0,0,0,0,0,0,0,0,0,0,57,254,254,227,16,0,0,0,0,0,0,0,0,0,0,0,0,0,0,0,0,0,0,0,0,0,0,0,117,254,254,253,42,0,0,0,0,0,0,0,0,0,0,0,0,0,0,0,0,0,0,0,0,0,0,0,95,185,254,181,0,0,0,0,0,0,0,0,0,0,0,0,0,0,0,0,0,0,0,0,0,0,0,0,0,0,0,0,0,0,0,0,0,0,0,0,0,0,0,0,0
6,0,0,0,0,0,0,0,0,0,0,0,0,0,0,0,0,0,0,0,0,0,0,0,0,0,0,0,0,0,0,0,0,0,0,0,0,0,0,0,0,0,0,0,0,0,0,0,0,0,0,0,0,0,0,0,0,0,0,0,0,0,0,0,0,0,0,0,0,0,0,0,0,0,0,0,0,0,0,0,0,0,0,0,0,0,0,0,0,0,0,0,0,0,0,0,0,0,0,129,254,202,0,0,0,0,0,0,0,0,0,0,0,0,0,0,0,0,0,0,0,0,0,0,0,0,131,252,253,201,0,0,0,0,0,0,0,0,0,0,0,0,0,0,0,0,0,0,0,0,0,0,0,75,251,253,253,201,0,0,0,0,0,0,0,0,0,0,0,0,0,0,0,0,0,0,0,0,0,0,0,199,253,253,229,119,0,0,0,0,0,0,0,0,0,0,0,0,0,0,0,0,0,0,0,0,0,0,33,226,253,253,77,0,0,0,0,0,0,0,0,0,0,0,0,0,0,0,0,0,0,0,0,0,0,0,132,253,253,149,8,0,0,0,0,0,0,0,0,0,0,0,0,0,0,0,0,0,0,0,0,0,0,31,228,253,253,58,0,0,0,0,0,0,0,0,0,0,0,0,0,0,0,0,0,0,0,0,0,0,0,92,253,253,194,11,0,0,0,0,0,0,0,0,0,0,0,0,0,0,0,0,0,0,0,0,0,0,0,128,253,253,181,0,0,0,0,0,0,0,0,0,0,0,0,0,0,0,0,0,0,0,0,0,0,0,0,222,253,253,132,66,66,66,54,0,0,0,0,0,0,0,0,0,0,0,0,0,0,0,0,0,0,0,74,245,253,253,253,253,253,253,242,93,0,0,0,0,0,0,0,0,0,0,0,0,0,0,0,0,0,0,192,253,253,253,253,253,253,253,253,242,93,0,0,0,0,0,0,0,0,0,0,0,0,0,0,0,0,0,228,253,253,239,207,207,218,253,253,253,221,0,0,0,0,0,0,0,0,0,0,0,0,0,0,0,0,0,228,253,253,88,0,0,20,111,241,253,221,0,0,0,0,0,0,0,0,0,0,0,0,0,0,0,0,0,228,253,253,128,0,0,0,0,176,253,221,0,0,0,0,0,0,0,0,0,0,0,0,0,0,0,0,0,137,250,253,223,32,0,0,0,110,253,241,60,0,0,0,0,0,0,0,0,0,0,0,0,0,0,0,0,0,222,253,253,171,50,20,47,222,253,253,97,0,0,0,0,0,0,0,0,0,0,0,0,0,0,0,0,0,148,253,253,253,253,253,253,253,253,252,92,0,0,0,0,0,0,0,0,0,0,0,0,0,0,0,0,0,42,229,253,253,253,253,253,253,229,102,0,0,0,0,0,0,0,0,0,0,0,0,0,0,0,0,0,0,0,42,123,227,253,223,123,123,41,0,0,0,0,0,0,0,0,0,0,0,0,0,0,0,0,0,0,0,0,0,0,0,0,0,0,0,0,0,0,0,0,0,0,0,0,0,0,0,0,0,0,0,0,0,0,0,0,0,0,0,0,0,0,0,0,0,0,0,0,0,0,0,0,0,0,0,0,0,0,0,0,0,0,0,0,0,0,0,0,0,0,0,0,0,0,0,0,0,0,0,0,0,0,0,0,0,0,0,0,0,0,0,0,0,0,0,0,0,0,0,0,0,0,0,0,0,0,0,0,0,0,0,0,0,0,0,0,0,0,0,0,0,0,0,0,0,0,0,0,0,0,0,0,0,0,0,0,0
3,0,0,0,0,0,0,0,0,0,0,0,0,0,0,0,0,0,0,0,0,0,0,0,0,0,0,0,0,0,0,0,0,0,0,0,0,0,0,0,0,0,0,0,0,0,0,0,0,0,0,0,0,0,0,0,0,0,0,0,0,0,0,0,0,0,0,0,0,0,0,0,0,0,0,0,0,0,0,0,0,0,0,0,0,0,0,0,0,0,0,0,0,0,0,0,0,0,0,0,0,0,0,0,0,0,0,0,0,0,0,0,0,0,0,0,0,0,0,0,0,0,0,82,239,254,254,216,134,32,0,0,0,0,0,0,0,0,0,0,0,0,0,0,0,0,0,0,0,0,128,254,236,233,233,241,254,218,0,0,0,0,0,0,0,0,0,0,0,0,0,0,0,0,0,0,0,28,235,116,12,0,0,30,155,239,24,0,0,0,0,0,0,0,0,0,0,0,0,0,0,0,0,0,0,18,117,0,0,0,0,0,74,245,48,0,0,0,0,0,0,0,0,0,0,0,0,0,0,0,0,0,0,0,0,0,0,0,0,0,231,253,78,0,0,0,0,0,0,0,0,0,0,0,0,0,0,0,0,0,0,0,0,0,0,0,10,134,255,234,0,0,0,0,0,0,0,0,0,0,0,0,0,0,0,0,0,0,0,0,0,0,0,14,168,253,219,50,0,0,0,0,0,0,0,0,0,0,0,0,0,0,0,0,0,0,0,0,0,19,161,229,240,137,30,0,0,0,0,0,0,0,0,0,0,0,0,0,0,0,0,0,0,0,0,52,174,239,253,195,61,0,0,0,0,0,0,0,0,0,0,0,0,0,0,0,0,0,0,0,0,0,99,248,253,254,253,212,105,98,0,0,0,0,0,0,0,0,0,0,0,0,0,0,0,0,0,0,0,0,176,254,254,255,254,254,254,254,255,171,89,27,0,0,0,0,0,0,0,0,0,0,0,0,0,0,0,0,57,61,61,61,135,135,135,173,238,253,253,232,177,53,0,0,0,0,0,0,0,0,0,0,0,0,0,0,0,0,0,0,0,0,0,0,18,85,174,247,253,236,95,0,0,0,0,0,0,0,0,0,0,0,0,0,0,0,0,0,0,0,0,0,0,0,0,18,57,238,229,12,0,0,0,0,0,0,0,0,0,0,0,0,0,0,0,0,0,0,0,0,0,0,0,0,0,156,245,48,0,0,0,0,0,0,0,0,0,0,0,0,0,0,0,0,0,0,0,0,0,0,0,0,121,255,234,0,0,0,0,0,0,0,0,0,0,0,0,0,0,0,0,0,0,0,0,0,0,0,7,126,244,254,180,0,0,0,0,0,0,0,0,0,0,0,0,0,0,0,0,49,42,0,0,61,79,124,199,253,253,183,12,0,0,0,0,0,0,0,0,0,0,0,0,0,0,0,0,246,244,234,234,248,254,253,253,201,79,8,0,0,0,0,0,0,0,0,0,0,0,0,0,0,0,0,0,216,253,253,253,253,254,170,88,5,0,0,0,0,0,0,0,0,0,0,0,0,0,0,0,0,0,0,0,0,0,0,0,0,0,0,0,0,0,0,0,0,0,0,0,0,0,0,0,0,0,0,0,0,0,0,0,0,0,0,0,0,0,0,0,0,0,0,0,0,0,0,0,0,0,0,0,0,0,0,0,0,0,0,0,0,0,0,0,0,0,0,0,0,0,0,0,0,0,0,0,0,0,0,0,0,0,0,0,0,0,0,0,0,0,0,0,0,0,0,0,0,0,0,0,0,0,0,0,0,0
8,0,0,0,0,0,0,0,0,0,0,0,0,0,0,0,0,0,0,0,0,0,0,0,0,0,0,0,0,0,0,0,0,0,0,0,0,0,0,0,0,0,0,0,0,0,0,0,0,0,0,0,0,0,0,0,0,0,0,0,0,0,0,0,0,0,0,0,0,0,0,0,0,0,0,0,0,0,0,0,0,0,0,0,0,0,0,0,0,0,0,0,0,0,0,0,0,0,0,0,0,0,0,0,0,0,0,0,0,0,0,0,0,0,0,0,0,0,0,0,0,0,0,0,0,0,0,0,0,0,0,0,0,0,0,0,0,0,0,0,0,0,0,0,0,0,0,0,0,0,0,0,0,0,64,128,255,255,255,128,64,0,0,0,0,0,0,0,0,0,0,0,0,0,0,0,0,0,0,64,128,255,255,255,255,255,255,255,191,0,0,0,0,0,0,0,0,0,0,0,0,0,0,0,0,0,64,255,255,255,255,128,0,128,128,255,255,128,0,0,0,0,0,0,0,0,0,0,0,0,0,0,0,128,255,255,255,128,64,0,0,0,0,0,255,255,0,0,0,0,0,0,0,0,0,0,0,0,0,0,128,255,255,191,64,0,0,0,0,0,0,0,128,64,0,0,0,0,0,0,0,0,0,0,0,0,0,0,255,255,64,0,0,0,0,0,0,0,0,0,0,0,128,0,0,0,0,0,0,0,0,0,0,0,0,0,255,255,191,64,0,0,0,0,0,0,0,0,64,191,255,128,0,0,0,0,0,0,0,0,0,0,0,0,191,255,255,255,255,255,128,0,0,0,0,128,255,255,255,64,0,0,0,0,0,0,0,0,0,0,0,0,0,0,64,191,255,255,255,255,128,128,255,255,255,191,64,0,0,0,0,0,0,0,0,0,0,0,0,0,0,0,0,0,0,0,128,191,255,255,255,255,128,0,0,0,0,0,0,0,0,0,0,0,0,0,0,0,0,0,0,0,0,0,0,191,255,255,255,255,64,0,0,0,0,0,0,0,0,0,0,0,0,0,0,0,0,0,0,0,0,64,191,255,191,128,191,255,128,0,0,0,0,0,0,0,0,0,0,0,0,0,0,0,0,0,0,0,0,255,255,191,0,0,128,255,128,0,0,0,0,0,0,0,0,0,0,0,0,0,0,0,0,0,0,128,255,255,255,64,0,64,191,255,128,0,0,0,0,0,0,0,0,0,0,0,0,0,0,0,0,0,0,191,255,255,128,0,0,128,255,191,0,0,0,0,0,0,0,0,0,0,0,0,0,0,0,0,0,0,128,255,255,64,0,0,64,255,255,0,0,0,0,0,0,0,0,0,0,0,0,0,0,0,0,0,0,0,255,191,0,0,64,128,255,191,0,0,0,0,0,0,0,0,0,0,0,0,0,0,0,0,0,0,0,64,255,191,128,128,255,255,0,0,0,0,0,0,0,0,0,0,0,0,0,0,0,0,0,0,0,0,0,0,255,255,255,255,191,0,0,0,0,0,0,0,0,0,0,0,0,0,0,0,0,0,0,0,0,0,0,0,128,191,128,0,0,0,0,0,0,0,0,0,0,0,0,0,0,0,0,0,0,0,0,0,0,0,0,0,0,0,0,0,0,0,0,0,0,0,0,0,0,0,0,0,0,0,0,0,0,0,0,0,0,0,0,0,0,0,0,0,0,0,0,0,0,0,0,0,0,0,0,0,0,0,0,0,0,0,0,0,0,0,0,0,0,0,0,0,0,0,0,0,0,0,0,0,0,0,0,0,0,0,0
0,0,0,0,0,0,0,0,0,0,0,0,0,0,0,0,0,0,0,0,0,0,0,0,0,0,0,0,0,0,0,0,0,0,0,0,0,0,0,0,0,0,0,0,0,0,0,0,0,0,0,0,0,0,0,0,0,0,0,0,0,0,0,0,0,0,0,0,0,0,0,0,0,0,0,0,0,0,0,0,0,0,0,0,0,0,0,0,0,0,0,0,0,0,0,0,0,0,0,0,0,0,0,0,0,0,0,0,0,0,0,0,0,0,0,0,0,0,0,0,0,0,0,0,0,0,0,0,0,0,0,0,0,0,0,0,0,0,0,0,0,0,0,0,0,0,0,0,0,0,0,0,0,0,0,0,0,0,0,0,0,0,0,0,0,0,0,0,0,0,0,0,0,0,0,0,0,0,0,0,0,0,0,0,0,0,0,0,0,0,0,0,0,0,0,0,0,0,0,0,0,0,0,0,0,0,0,0,0,87,106,79,0,0,0,0,0,0,0,0,0,0,0,0,0,0,0,0,0,0,0,0,0,0,0,36,210,250,254,248,230,202,81,0,0,0,0,0,0,0,0,0,0,0,0,0,0,0,0,0,0,0,0,93,254,254,254,254,254,254,249,135,81,0,0,0,0,0,0,0,0,0,0,0,0,0,0,0,0,0,128,230,254,254,254,254,254,254,254,254,250,216,132,0,0,0,0,0,0,0,0,0,0,0,0,0,35,133,250,254,228,176,72,45,45,45,69,188,254,254,251,135,37,0,0,0,0,0,0,0,0,0,0,131,226,254,254,181,35,0,0,0,0,0,0,8,78,254,254,254,223,36,0,0,0,0,0,0,0,0,0,249,254,254,195,54,0,0,0,0,0,0,0,0,8,72,228,254,255,124,0,0,0,0,0,0,0,0,94,253,254,176,7,0,0,0,0,0,0,0,0,0,0,0,39,172,254,221,0,0,0,0,0,0,0,0,151,254,254,55,0,0,0,0,0,0,0,0,0,0,0,6,63,224,254,227,0,0,0,0,0,0,0,0,232,255,254,183,59,6,0,0,0,0,0,0,33,47,63,185,255,254,253,102,0,0,0,0,0,0,0,0,106,254,254,254,254,181,170,170,170,170,170,170,229,254,254,254,251,208,82,0,0,0,0,0,0,0,0,0,0,149,236,254,254,254,254,254,254,254,254,254,254,254,250,140,84,0,0,0,0,0,0,0,0,0,0,0,0,0,43,98,215,228,228,228,228,228,228,228,228,140,85,0,0,0,0,0,0,0,0,0,0,0,0,0,0,0,0,0,0,0,0,0,0,0,0,0,0,0,0,0,0,0,0,0,0,0,0,0,0,0,0,0,0,0,0,0,0,0,0,0,0,0,0,0,0,0,0,0,0,0,0,0,0,0,0,0,0,0,0,0,0,0,0,0,0,0,0,0,0,0,0,0,0,0,0,0,0,0,0,0,0,0,0,0,0,0,0,0,0,0,0,0,0,0,0,0,0,0,0,0,0,0,0,0,0,0,0,0,0,0,0,0,0,0,0,0,0,0,0,0,0,0,0,0,0,0,0,0,0,0,0,0,0,0,0,0,0,0,0,0,0,0,0,0,0,0,0,0,0,0,0,0,0,0,0,0,0,0,0,0,0,0,0,0,0,0,0,0,0,0,0,0,0,0,0,0,0,0,0,0,0,0,0,0,0,0,0,0,0,0,0,0,0,0,0,0,0,0,0,0,0,0,0,0,0,0,0,0,0,0,0,0,0,0,0,0,0,0,0,0,0,0,0
9,0,0,0,0,0,0,0,0,0,0,0,0,0,0,0,0,0,0,0,0,0,0,0,0,0,0,0,0,0,0,0,0,0,0,0,0,0,0,0,0,0,0,0,0,0,0,0,0,0,0,0,0,0,0,0,0,0,0,0,0,0,0,0,0,0,0,0,0,0,0,0,0,0,0,0,0,0,0,0,0,0,0,0,0,0,0,0,0,0,0,0,0,0,0,0,0,0,0,0,0,0,0,0,0,0,0,0,0,0,0,0,0,0,0,0,0,0,0,0,0,0,0,0,0,0,0,0,0,0,0,0,0,0,0,0,0,0,0,0,0,0,0,0,0,0,0,0,0,0,0,0,0,0,0,0,0,0,0,0,0,0,0,0,0,0,0,0,0,0,0,0,0,0,0,0,0,0,0,0,0,78,164,254,255,214,54,0,0,0,0,0,0,0,0,0,0,0,0,0,0,0,0,0,0,0,0,32,156,252,254,254,254,254,158,0,0,0,0,0,0,0,0,0,0,0,0,0,0,0,0,0,0,0,109,242,254,254,214,133,205,254,146,9,0,0,0,0,0,0,0,0,0,0,0,0,0,0,0,0,28,159,253,254,235,106,21,0,72,242,254,212,0,0,0,0,0,0,0,0,0,0,0,0,0,0,0,6,169,254,249,178,26,0,0,0,83,246,254,206,0,0,0,0,0,0,0,0,0,0,0,0,0,0,0,58,254,254,201,0,0,0,0,27,215,254,254,120,0,0,0,0,0,0,0,0,0,0,0,0,0,0,0,46,246,254,252,157,53,53,136,248,254,254,254,100,0,0,0,0,0,0,0,0,0,0,0,0,0,0,0,0,91,241,254,254,254,254,254,254,254,254,254,24,0,0,0,0,0,0,0,0,0,0,0,0,0,0,0,0,0,26,149,254,254,254,254,223,254,254,203,7,0,0,0,0,0,0,0,0,0,0,0,0,0,0,0,0,0,0,3,21,110,110,32,135,254,254,163,0,0,0,0,0,0,0,0,0,0,0,0,0,0,0,0,0,0,0,0,0,0,0,0,173,254,246,16,0,0,0,0,0,0,0,0,0,0,0,0,0,0,0,0,0,0,0,0,0,0,0,5,197,254,244,0,0,0,0,0,0,0,0,0,0,0,0,0,0,0,0,0,0,0,0,0,0,0,0,15,254,254,155,0,0,0,0,0,0,0,0,0,0,0,0,0,0,0,0,0,0,0,0,0,0,0,0,15,254,254,148,0,0,0,0,0,0,0,0,0,0,0,0,0,0,0,0,0,0,0,0,0,0,0,0,15,254,254,148,0,0,0,0,0,0,0,0,0,0,0,0,0,0,0,0,0,0,0,0,0,0,0,0,66,254,254,148,0,0,0,0,0,0,0,0,0,0,0,0,0,0,0,0,0,0,0,0,0,0,0,0,111,254,254,148,0,0,0,0,0,0,0,0,0,0,0,0,0,0,0,0,0,0,0,0,0,0,0,0,49,254,254,176,23,0,0,0,0,0,0,0,0,0,0,0,0,0,0,0,0,0,0,0,0,0,0,0,8,212,254,254,158,0,0,0,0,0,0,0,0,0,0,0,0,0,0,0,0,0,0,0,0,0,0,0,0,136,254,173,21,0,0,0,0,0,0,0,0,0,0,0,0,0,0,0,0,0,0,0,0,0,0,0,0,0,0,0,0,0,0,0,0,0,0,0,0,0,0,0,0,0,0,0,0,0,0,0,0,0,0,0,0,0,0,0,0,0,0,0,0,0,0,0,0,0,0
9,0,0,0,0,0,0,0,0,0,0,0,0,0,0,0,0,0,0,0,0,0,0,0,0,0,0,0,0,0,0,0,0,0,0,0,0,0,0,0,0,0,0,0,0,0,0,0,0,0,0,0,0,0,0,0,0,0,0,0,0,0,0,0,0,0,0,0,0,0,0,0,0,0,0,0,0,0,0,0,0,0,0,0,0,0,0,0,0,0,0,0,0,0,0,0,0,0,0,0,0,0,0,0,0,0,0,0,0,0,0,0,0,0,0,0,0,0,0,0,0,0,0,0,0,0,0,0,0,0,0,0,0,0,0,0,0,0,0,0,0,0,0,0,0,0,0,0,0,0,0,0,0,0,0,0,0,0,0,0,0,0,0,0,0,0,0,0,0,0,0,0,0,0,0,0,0,0,8,122,146,216,255,152,121,8,0,0,0,0,0,0,0,0,0,0,0,0,0,0,0,0,0,0,0,41,197,253,253,253,253,253,253,197,40,0,0,0,0,0,0,0,0,0,0,0,0,0,0,0,0,1,122,237,253,253,248,248,209,241,252,253,213,2,0,0,0,0,0,0,0,0,0,0,0,0,0,0,0,62,253,253,253,183,9,0,0,0,68,206,253,145,0,0,0,0,0,0,0,0,0,0,0,0,0,0,2,184,253,253,217,15,0,0,0,0,0,98,253,188,0,0,0,0,0,0,0,0,0,0,0,0,0,0,6,253,253,253,108,0,0,0,0,0,0,103,253,188,0,0,0,0,0,0,0,0,0,0,0,0,0,0,3,190,253,253,97,0,0,0,0,0,0,206,253,188,0,0,0,0,0,0,0,0,0,0,0,0,0,0,0,115,253,253,180,0,0,0,0,0,21,222,253,188,0,0,0,0,0,0,0,0,0,0,0,0,0,0,0,23,222,253,249,149,25,0,6,26,201,253,253,188,0,0,0,0,0,0,0,0,0,0,0,0,0,0,0,0,103,248,253,253,248,162,195,253,253,253,253,230,28,0,0,0,0,0,0,0,0,0,0,0,0,0,0,0,0,103,253,253,253,253,253,253,192,236,253,253,43,0,0,0,0,0,0,0,0,0,0,0,0,0,0,0,0,1,16,99,124,124,124,69,6,206,253,253,43,0,0,0,0,0,0,0,0,0,0,0,0,0,0,0,0,0,0,0,0,0,0,0,0,206,253,253,115,0,0,0,0,0,0,0,0,0,0,0,0,0,0,0,0,0,0,0,0,0,0,0,0,206,253,253,150,0,0,0,0,0,0,0,0,0,0,0,0,0,0,0,0,0,0,0,0,0,0,0,0,206,253,253,150,0,0,0,0,0,0,0,0,0,0,0,0,0,0,0,0,0,0,0,0,0,0,0,0,206,253,253,177,2,0,0,0,0,0,0,0,0,0,0,0,0,0,0,0,0,0,0,0,0,0,0,0,162,253,253,253,5,0,0,0,0,0,0,0,0,0,0,0,0,0,0,0,0,0,0,0,0,0,0,0,98,253,253,253,5,0,0,0,0,0,0,0,0,0,0,0,0,0,0,0,0,0,0,0,0,0,0,0,71,251,253,253,5,0,0,0,0,0,0,0,0,0,0,0,0,0,0,0,0,0,0,0,0,0,0,0,0,197,253,209,3,0,0,0,0,0,0,0,0,0,0,0,0,0,0,0,0,0,0,0,0,0,0,0,0,0,0,0,0,0,0,0,0,0,0,0,0,0,0,0,0,0,0,0,0,0,0,0,0,0,0,0,0,0,0,0,0,0,0,0,0,0,0,0
6,0,0,0,0,0,0,0,0,0,0,0,0,0,0,0,0,0,0,0,0,0,0,0,0,0,0,0,0,0,0,0,0,0,0,0,0,0,0,0,0,0,0,0,0,0,0,0,0,0,0,0,0,0,0,0,0,0,0,0,0,0,0,0,0,0,0,0,0,0,0,0,31,103,255,198,5,0,0,0,0,0,0,0,0,0,0,0,0,0,0,0,0,0,0,0,0,0,5,100,239,214,152,43,0,0,0,0,0,0,0,0,0,0,0,0,0,0,0,0,0,0,0,0,0,0,19,253,251,75,0,0,0,0,0,0,0,0,0,0,0,0,0,0,0,0,0,0,0,0,0,0,0,15,193,244,88,0,0,0,0,0,0,0,0,0,0,0,0,0,0,0,0,0,0,0,0,0,0,0,16,186,248,90,0,0,0,0,0,0,0,0,0,0,0,0,0,0,0,0,0,0,0,0,0,0,0,1,150,253,181,0,0,0,0,0,0,0,0,0,0,0,0,0,0,0,0,0,0,0,0,0,0,0,0,99,253,200,8,0,0,0,0,0,0,0,0,0,0,0,0,0,0,0,0,0,0,0,0,0,0,0,0,227,237,64,0,0,0,0,0,0,0,0,0,0,0,0,0,0,0,0,0,0,0,0,0,0,0,3,132,251,106,0,0,0,0,0,0,0,0,0,0,0,0,0,0,0,0,0,0,0,0,0,0,0,0,44,253,246,35,0,0,0,0,0,0,0,0,0,0,0,0,0,0,0,0,0,0,0,0,0,0,0,0,83,253,157,0,0,0,0,0,0,0,0,0,0,0,0,0,0,0,0,0,0,0,0,0,0,0,0,0,151,253,126,0,0,0,0,0,12,22,22,1,0,0,0,0,0,0,0,0,0,0,0,0,0,0,0,0,151,253,73,0,0,0,39,145,212,253,253,159,19,0,0,0,0,0,0,0,0,0,0,0,0,0,0,0,64,253,115,0,0,14,236,253,253,253,253,253,123,0,0,0,0,0,0,0,0,0,0,0,0,0,0,0,44,253,146,17,111,235,248,140,17,10,10,244,251,41,0,0,0,0,0,0,0,0,0,0,0,0,0,0,33,237,250,223,253,246,87,0,0,0,0,169,253,71,0,0,0,0,0,0,0,0,0,0,0,0,0,0,0,100,253,253,253,196,16,0,0,0,84,183,253,107,0,0,0,0,0,0,0,0,0,0,0,0,0,0,0,2,168,253,253,198,187,141,150,249,253,253,203,19,0,0,0,0,0,0,0,0,0,0,0,0,0,0,0,0,40,196,253,253,253,253,253,207,183,80,24,0,0,0,0,0,0,0,0,0,0,0,0,0,0,0,0,0,0,28,145,152,161,84,37,13,0,0,0,0,0,0,0,0,0,0,0,0,0,0,0,0,0,0,0,0,0,0,0,0,0,0,0,0,0,0,0,0,0,0,0,0,0,0,0,0,0,0,0,0,0,0,0,0,0,0,0,0,0,0,0,0,0,0,0,0,0,0,0,0,0,0,0,0,0,0,0,0,0,0,0,0,0,0,0,0,0,0,0,0,0,0,0,0,0,0,0,0,0,0,0,0,0,0,0,0,0,0,0,0,0,0,0,0,0,0,0,0,0,0,0,0,0,0,0,0,0,0,0,0,0,0,0,0,0,0,0,0,0,0,0,0,0,0,0,0,0,0,0,0,0,0,0,0,0,0,0,0,0,0,0,0,0,0,0,0,0,0,0,0,0,0,0,0,0,0,0,0,0,0,0,0,0,0
8,0,0,0,0,0,0,0,0,0,0,0,0,0,0,0,0,0,0,0,0,0,0,0,0,0,0,0,0,0,0,0,0,0,0,0,0,0,0,0,0,0,0,0,0,0,0,0,0,0,0,0,0,0,0,0,0,0,0,0,0,0,0,0,0,0,0,0,0,0,0,0,0,0,0,0,0,0,0,0,0,0,0,0,0,0,0,0,0,0,0,0,0,0,0,0,0,0,0,0,0,0,0,0,0,0,0,0,0,0,0,0,0,0,0,0,0,0,0,0,0,0,0,0,0,0,0,0,0,0,0,0,0,0,0,0,0,0,0,0,0,0,0,0,0,0,0,0,0,0,0,0,0,117,202,255,200,153,44,0,0,0,0,0,0,0,0,0,0,0,0,0,0,0,0,0,0,0,0,0,123,252,240,225,252,254,244,116,6,0,0,0,0,0,0,0,0,0,0,0,0,0,0,0,0,0,0,0,182,254,138,0,82,167,254,254,122,0,0,0,0,0,0,0,0,0,0,0,0,0,0,0,0,0,0,0,89,254,138,0,0,1,34,221,253,107,0,0,0,0,0,0,0,0,0,0,0,0,0,0,0,0,0,0,87,254,138,0,0,0,0,38,229,243,20,0,0,0,0,0,0,0,0,0,0,0,0,0,0,0,0,0,25,247,138,0,0,0,0,0,202,254,56,0,0,0,0,0,0,0,0,0,0,0,0,0,0,0,0,0,0,225,235,16,0,0,0,0,129,254,249,128,0,0,0,0,0,0,0,0,0,0,0,0,0,0,0,0,0,149,254,84,0,2,49,168,245,254,134,10,0,0,0,0,0,0,0,0,0,0,0,0,0,0,0,0,0,119,254,198,101,182,254,209,237,254,24,0,0,0,0,0,0,0,0,0,0,0,0,0,0,0,0,0,0,53,254,254,254,227,110,13,202,254,24,0,0,0,0,0,0,0,0,0,0,0,0,0,0,0,0,0,0,39,237,254,209,27,0,3,205,153,5,0,0,0,0,0,0,0,0,0,0,0,0,0,0,0,0,0,27,217,254,254,45,0,0,31,235,60,0,0,0,0,0,0,0,0,0,0,0,0,0,0,0,0,0,5,188,254,254,240,12,0,0,0,14,0,0,0,0,0,0,0,0,0,0,0,0,0,0,0,0,0,0,68,254,254,254,172,0,0,0,0,0,0,0,0,0,0,0,0,0,0,0,0,0,0,0,0,0,0,17,227,254,190,254,172,0,0,0,0,0,0,0,0,0,0,0,0,0,0,0,0,0,0,0,0,0,0,58,254,208,153,254,157,0,0,0,0,0,0,0,0,0,0,0,0,0,0,0,0,0,0,0,0,0,0,60,254,167,149,254,77,0,0,0,0,0,0,0,0,0,0,0,0,0,0,0,0,0,0,0,0,0,0,128,254,223,216,241,28,0,0,0,0,0,0,0,0,0,0,0,0,0,0,0,0,0,0,0,0,0,0,29,222,254,254,149,0,0,0,0,0,0,0,0,0,0,0,0,0,0,0,0,0,0,0,0,0,0,0,0,30,200,197,50,0,0,0,0,0,0,0,0,0,0,0,0,0,0,0,0,0,0,0,0,0,0,0,0,0,0,0,0,0,0,0,0,0,0,0,0,0,0,0,0,0,0,0,0,0,0,0,0,0,0,0,0,0,0,0,0,0,0,0,0,0,0,0,0,0,0,0,0,0,0,0,0,0,0,0,0,0,0,0,0,0,0,0,0,0,0,0,0,0,0,0,0,0,0,0,0,0,0
6,0,0,0,0,0,0,0,0,0,0,0,0,0,0,0,0,0,0,0,0,0,0,0,0,0,0,0,0,0,0,0,0,0,0,0,0,0,0,0,0,0,0,0,0,0,0,0,0,0,0,0,0,0,0,0,0,0,0,0,0,0,0,0,0,0,0,0,20,108,0,0,0,0,0,0,0,0,0,0,0,0,0,0,0,0,0,0,0,0,0,0,0,0,0,23,200,239,56,0,0,0,0,0,0,0,0,0,0,0,0,0,0,0,0,0,0,0,0,0,0,0,0,173,252,225,0,0,0,0,0,0,0,0,0,0,0,0,0,0,0,0,0,0,0,0,0,0,0,26,116,242,239,84,0,0,0,0,0,0,0,0,0,0,0,0,0,0,0,0,0,0,0,0,0,0,0,81,252,252,176,0,0,0,0,0,0,0,0,0,0,0,0,0,0,0,0,0,0,0,0,0,0,0,49,187,252,184,21,0,0,0,0,0,0,0,0,0,0,0,0,0,0,0,0,0,0,0,0,0,0,17,230,252,241,56,0,0,0,0,0,0,0,0,0,0,0,0,0,0,0,0,0,0,0,0,0,0,13,192,252,252,101,0,0,0,0,0,0,0,0,0,8,27,27,24,0,0,0,0,0,0,0,0,0,0,121,252,252,205,22,0,0,0,0,0,0,0,0,54,174,252,252,241,69,0,0,0,0,0,0,0,0,0,190,252,252,102,0,0,0,0,0,0,0,57,133,234,252,252,252,252,246,63,0,0,0,0,0,0,0,0,255,253,253,39,0,0,0,0,0,0,184,253,253,253,253,253,253,253,253,120,0,0,0,0,0,0,0,0,253,252,212,23,0,0,0,0,63,177,253,252,252,218,111,13,13,109,252,175,0,0,0,0,0,0,0,0,253,252,193,15,0,0,0,10,185,252,253,163,39,18,0,0,0,146,252,252,0,0,0,0,0,0,0,0,211,252,252,82,0,0,13,168,252,252,39,2,0,0,22,81,171,238,252,139,0,0,0,0,0,0,0,0,121,252,252,193,67,18,41,252,252,217,0,0,0,64,214,252,252,252,248,88,0,0,0,0,0,0,0,0,32,243,252,252,252,203,197,252,252,217,187,186,186,207,252,252,252,204,62,0,0,0,0,0,0,0,0,0,0,131,248,252,252,252,252,252,252,252,253,252,252,252,241,212,121,29,0,0,0,0,0,0,0,0,0,0,0,0,132,248,252,252,252,252,252,252,253,252,242,183,68,0,0,0,0,0,0,0,0,0,0,0,0,0,0,0,0,90,140,238,241,252,252,252,247,182,67,0,0,0,0,0,0,0,0,0,0,0,0,0,0,0,0,0,0,0,0,0,19,119,119,119,63,0,0,0,0,0,0,0,0,0,0,0,0,0,0,0,0,0,0,0,0,0,0,0,0,0,0,0,0,0,0,0,0,0,0,0,0,0,0,0,0,0,0,0,0,0,0,0,0,0,0,0,0,0,0,0,0,0,0,0,0,0,0,0,0,0,0,0,0,0,0,0,0,0,0,0,0,0,0,0,0,0,0,0,0,0,0,0,0,0,0,0,0,0,0,0,0,0,0,0,0,0,0,0,0,0,0,0,0,0,0,0,0,0,0,0,0,0,0,0,0,0,0,0,0,0,0,0,0,0,0,0,0,0,0,0,0,0,0,0,0,0,0,0,0,0,0,0,0,0,0,0,0,0,0,0,0,0,0,0,0,0,0,0,0,0,0,0,0,0,0,0,0,0,0,0,0,0,0,0,0
8,0,0,0,0,0,0,0,0,0,0,0,0,0,0,0,0,0,0,0,0,0,0,0,0,0,0,0,0,0,0,0,0,0,0,0,0,0,0,0,0,0,0,0,0,0,0,0,0,0,0,0,0,0,0,0,0,0,0,0,0,0,0,0,0,0,0,0,0,0,0,0,0,0,0,0,0,0,0,0,0,0,0,0,0,0,0,0,0,0,0,0,0,0,0,0,0,0,0,0,0,0,0,0,0,0,0,0,0,0,0,0,0,0,0,0,0,0,0,0,0,0,0,0,0,0,0,0,0,0,0,0,0,0,0,0,0,0,0,0,0,0,0,0,0,0,0,0,0,0,0,0,0,0,3,46,136,236,255,194,57,0,0,0,0,0,0,0,0,0,0,0,0,0,0,0,0,0,0,0,1,47,170,253,253,253,253,252,91,0,0,0,0,0,0,0,0,0,0,0,0,0,0,0,0,0,0,23,168,253,253,216,164,82,189,81,0,0,0,0,0,0,0,0,0,0,0,0,0,0,0,0,0,0,25,203,253,213,108,20,0,0,0,0,0,0,0,0,0,0,0,0,0,0,0,0,0,0,0,0,0,25,202,253,207,21,0,0,0,0,0,0,0,0,0,0,0,0,0,0,0,0,0,0,0,0,0,0,0,176,253,253,24,0,0,0,0,0,0,0,0,70,80,0,0,0,0,0,0,0,0,0,0,0,0,0,0,186,253,253,129,59,5,0,0,0,0,9,193,226,97,0,0,0,0,0,0,0,0,0,0,0,0,0,0,32,153,240,253,253,235,142,51,15,11,197,239,131,0,0,0,0,0,0,0,0,0,0,0,0,0,0,0,0,0,40,97,212,212,222,253,218,201,251,89,0,0,0,0,0,0,0,0,0,0,0,0,0,0,0,0,0,0,0,0,0,0,18,213,253,253,158,0,0,0,0,0,0,0,0,0,0,0,0,0,0,0,0,0,0,0,0,0,0,13,105,240,253,253,159,0,0,0,0,0,0,0,0,0,0,0,0,0,0,0,0,0,0,0,0,0,0,86,253,224,104,245,241,0,0,0,0,0,0,0,0,0,0,0,0,0,0,0,0,0,0,0,0,0,75,245,227,43,0,231,241,0,0,0,0,0,0,0,0,0,0,0,0,0,0,0,0,0,0,0,0,1,147,232,40,0,5,232,236,0,0,0,0,0,0,0,0,0,0,0,0,0,0,0,0,0,0,0,0,90,253,143,0,0,95,253,124,0,0,0,0,0,0,0,0,0,0,0,0,0,0,0,0,0,0,0,20,245,238,33,0,15,180,253,46,0,0,0,0,0,0,0,0,0,0,0,0,0,0,0,0,0,0,0,107,253,144,0,0,108,253,224,4,0,0,0,0,0,0,0,0,0,0,0,0,0,0,0,0,0,0,0,107,253,112,0,20,214,222,95,0,0,0,0,0,0,0,0,0,0,0,0,0,0,0,0,0,0,0,0,15,244,234,219,227,253,112,0,0,0,0,0,0,0,0,0,0,0,0,0,0,0,0,0,0,0,0,0,0,187,253,253,253,127,3,0,0,0,0,0,0,0,0,0,0,0,0,0,0,0,0,0,0,0,0,0,0,0,0,0,0,0,0,0,0,0,0,0,0,0,0,0,0,0,0,0,0,0,0,0,0,0,0,0,0,0,0,0,0,0,0,0,0,0,0,0,0,0,0,0,0,0,0,0,0,0,0,0,0,0,0,0,0,0,0,0,0,0,0,0,0,0,0,0,0,0,0,0,0,0
5,0,0,0,0,0,0,0,0,0,0,0,0,0,0,0,0,0,0,0,0,0,0,0,0,0,0,0,0,0,0,0,0,0,0,0,0,0,0,0,0,0,0,0,0,0,0,0,0,0,0,0,0,0,0,0,0,0,0,0,0,0,0,0,0,0,0,0,0,0,0,0,0,0,0,0,0,0,0,0,0,0,0,0,0,0,0,0,0,0,0,0,0,0,0,0,0,0,0,0,0,0,0,0,0,0,0,0,0,0,0,0,0,0,0,0,0,0,0,0,0,0,0,0,0,0,0,0,0,0,0,0,0,0,0,0,0,0,0,0,0,0,0,0,0,0,0,0,0,0,0,0,0,0,0,0,0,0,0,0,0,0,0,0,0,0,0,0,0,0,0,0,0,0,0,0,0,0,0,0,12,19,34,34,130,130,111,144,144,216,254,99,0,0,0,0,0,0,0,0,0,0,0,0,0,0,0,68,204,220,253,253,253,254,253,253,253,253,253,242,0,0,0,0,0,0,0,0,0,0,0,0,0,0,0,166,253,253,253,253,253,254,253,253,245,154,188,108,0,0,0,0,0,0,0,0,0,0,0,0,0,0,0,166,253,253,240,197,121,218,121,78,10,0,4,1,0,0,0,0,0,0,0,0,0,0,0,0,0,0,0,166,253,149,35,0,0,0,0,0,0,0,0,0,0,0,0,0,0,0,0,0,0,0,0,0,0,0,18,235,222,14,0,0,0,0,0,0,0,0,0,0,0,0,0,0,0,0,0,0,0,0,0,0,0,0,28,253,165,0,0,0,0,0,0,0,0,0,0,0,0,0,0,0,0,0,0,0,0,0,0,0,0,0,152,253,132,4,0,0,0,0,0,0,0,0,0,0,0,0,0,0,0,0,0,0,0,0,0,0,0,0,210,253,253,193,188,107,10,0,0,0,0,0,0,0,0,0,0,0,0,0,0,0,0,0,0,0,0,0,133,253,253,253,253,253,177,0,0,0,0,0,0,0,0,0,0,0,0,0,0,0,0,0,0,0,0,0,59,190,243,221,221,246,254,241,58,0,0,0,0,0,0,0,0,0,0,0,0,0,0,0,0,0,0,0,0,17,50,0,0,91,216,255,233,31,0,0,0,0,0,0,0,0,0,0,0,0,0,0,0,0,0,0,0,0,0,0,0,0,19,211,253,135,0,0,0,0,0,0,0,0,0,0,0,0,0,0,0,0,0,0,0,0,0,0,0,0,0,38,253,249,10,0,0,0,0,0,0,0,0,0,0,0,0,0,0,0,0,0,0,0,0,0,0,0,0,58,253,188,4,0,0,0,0,0,0,0,0,0,0,0,0,0,0,0,0,0,0,59,58,0,0,0,39,231,253,116,0,0,0,0,0,0,0,0,0,0,0,0,0,0,0,0,0,0,74,246,165,0,2,94,227,254,246,42,0,0,0,0,0,0,0,0,0,0,0,0,0,0,0,0,0,0,66,253,180,146,172,253,253,249,64,0,0,0,0,0,0,0,0,0,0,0,0,0,0,0,0,0,0,0,16,227,253,253,253,253,220,58,0,0,0,0,0,0,0,0,0,0,0,0,0,0,0,0,0,0,0,0,0,118,205,253,234,110,19,0,0,0,0,0,0,0,0,0,0,0,0,0,0,0,0,0,0,0,0,0,0,0,0,0,0,0,0,0,0,0,0,0,0,0,0,0,0,0,0,0,0,0,0,0,0,0,0,0,0,0,0,0,0,0,0,0,0,0,0,0,0,0,0,0,0,0,0
7,0,0,0,0,0,0,0,0,0,0,0,0,0,0,0,0,0,0,0,0,0,0,0,0,0,0,0,0,0,0,0,0,0,0,0,0,0,0,0,0,0,0,0,0,0,0,0,0,0,0,0,0,0,0,0,0,0,0,0,0,0,0,0,0,0,0,0,0,0,0,0,0,0,0,0,0,0,0,0,0,0,0,0,0,0,0,0,0,0,0,0,0,0,0,0,0,0,0,0,0,0,0,0,0,0,0,0,0,0,0,0,0,0,0,0,0,0,0,0,0,0,0,0,0,0,0,0,0,0,0,0,0,0,0,0,0,0,0,0,0,0,0,0,0,0,0,0,0,0,0,0,0,0,0,0,0,0,0,0,0,0,0,0,0,0,0,0,0,0,0,0,0,0,0,0,0,0,0,0,0,0,0,0,23,50,86,146,207,146,4,0,0,0,0,0,0,0,0,0,0,0,0,0,0,0,0,0,0,45,126,141,247,254,254,254,254,254,30,0,0,0,0,0,0,0,0,0,0,0,0,0,0,0,0,5,212,251,254,254,254,251,252,254,254,201,12,0,0,0,0,0,0,0,0,0,0,0,0,0,0,0,0,5,226,247,171,84,65,0,150,254,254,57,0,0,0,0,0,0,0,0,0,0,0,0,0,0,0,0,0,0,34,35,0,0,0,53,244,254,136,10,0,0,0,0,0,0,0,0,0,0,0,0,0,0,0,0,0,0,0,0,0,0,2,165,254,230,33,0,0,0,0,0,0,0,0,0,0,0,0,0,0,0,0,0,0,0,0,0,0,0,109,254,254,100,0,0,0,0,0,0,0,0,0,0,0,0,0,0,0,0,0,0,0,0,0,0,0,21,237,254,160,6,0,0,0,0,0,0,0,0,0,0,0,0,0,0,0,0,0,0,50,88,88,43,20,158,254,241,7,0,0,0,0,0,0,0,0,0,0,0,0,0,0,0,0,0,0,23,243,254,254,254,254,254,254,254,118,0,0,0,0,0,0,0,0,0,0,0,0,0,0,0,0,0,0,5,140,209,190,225,254,254,254,235,95,0,0,0,0,0,0,0,0,0,0,0,0,0,0,0,0,0,0,0,0,4,0,97,254,241,34,8,3,0,0,0,0,0,0,0,0,0,0,0,0,0,0,0,0,0,0,0,0,0,16,232,254,168,0,0,0,0,0,0,0,0,0,0,0,0,0,0,0,0,0,0,0,0,0,0,0,0,144,254,245,9,0,0,0,0,0,0,0,0,0,0,0,0,0,0,0,0,0,0,0,0,0,0,0,88,253,254,90,0,0,0,0,0,0,0,0,0,0,0,0,0,0,0,0,0,0,0,0,0,0,0,11,200,254,193,4,0,0,0,0,0,0,0,0,0,0,0,0,0,0,0,0,0,0,0,0,0,0,0,125,254,254,51,0,0,0,0,0,0,0,0,0,0,0,0,0,0,0,0,0,0,0,0,0,0,0,51,240,254,161,1,0,0,0,0,0,0,0,0,0,0,0,0,0,0,0,0,0,0,0,0,0,0,0,107,254,255,68,0,0,0,0,0,0,0,0,0,0,0,0,0,0,0,0,0,0,0,0,0,0,0,0,30,241,252,48,0,0,0,0,0,0,0,0,0,0,0,0,0,0,0,0,0,0,0,0,0,0,0,0,0,0,0,0,0,0,0,0,0,0,0,0,0,0,0,0,0,0,0,0,0,0,0,0,0,0,0,0,0,0,0,0,0,0,0,0,0,0,0,0,0,0,0,0,0,0,0,0
8,0,0,0,0,0,0,0,0,0,0,0,0,0,0,0,0,0,0,0,0,0,0,0,0,0,0,0,0,0,0,0,0,0,0,0,0,0,0,0,0,0,0,0,0,0,0,0,0,0,0,0,0,0,0,0,0,0,0,0,0,0,0,0,0,0,0,0,0,0,0,0,0,0,0,0,0,0,0,0,0,0,0,0,0,0,0,0,0,0,0,0,0,0,0,0,0,0,0,0,0,0,0,0,0,0,0,0,0,0,0,0,0,0,0,0,0,0,0,0,0,0,0,0,0,10,146,232,254,255,213,6,0,0,0,0,0,0,0,0,0,0,0,0,0,0,0,0,0,0,0,0,0,128,253,253,182,228,253,89,0,0,0,0,0,0,0,0,0,0,0,0,0,0,0,0,0,0,0,0,79,251,227,55,2,74,253,121,0,0,0,0,0,0,0,0,0,0,0,0,0,0,0,0,0,0,0,9,205,251,76,0,0,60,253,161,0,0,0,0,0,0,0,0,0,0,0,0,0,0,0,0,0,0,0,49,253,237,0,0,0,60,253,84,0,0,0,0,0,0,0,0,0,0,0,0,0,0,0,0,0,0,0,49,253,237,0,0,0,60,253,125,193,223,97,0,0,0,0,0,0,0,0,0,0,0,0,0,0,0,0,19,217,237,0,0,0,81,253,253,220,76,0,0,0,0,0,0,0,0,0,0,0,0,0,0,0,0,0,0,158,250,108,32,142,234,253,113,19,0,0,0,0,0,0,0,0,0,0,0,0,0,0,0,0,0,0,0,82,252,249,240,245,212,42,1,0,0,0,0,0,0,0,0,0,0,0,0,0,0,0,0,0,0,0,0,79,246,253,253,124,0,0,0,0,0,0,0,0,0,0,0,0,0,0,0,0,0,0,0,0,0,0,79,241,253,214,253,226,108,0,0,0,0,0,0,0,0,0,0,0,0,0,0,0,0,0,0,0,0,76,248,200,71,9,101,236,224,89,1,0,0,0,0,0,0,0,0,0,0,0,0,0,0,0,0,11,140,245,149,20,0,0,0,105,253,253,108,0,0,0,0,0,0,0,0,0,0,0,0,0,0,0,0,86,253,203,19,0,0,0,0,5,97,253,237,31,0,0,0,0,0,0,0,0,0,0,0,0,0,0,1,162,245,28,0,0,0,0,0,0,3,104,253,81,0,0,0,0,0,0,0,0,0,0,0,0,0,0,34,253,99,0,0,0,0,0,0,0,16,184,253,81,0,0,0,0,0,0,0,0,0,0,0,0,0,0,70,253,187,11,0,0,0,0,0,53,138,253,242,48,0,0,0,0,0,0,0,0,0,0,0,0,0,0,5,240,253,148,33,33,33,56,141,245,253,227,59,0,0,0,0,0,0,0,0,0,0,0,0,0,0,0,0,64,205,253,253,253,253,253,253,217,157,15,0,0,0,0,0,0,0,0,0,0,0,0,0,0,0,0,0,0,12,134,212,253,253,230,106,18,0,0,0,0,0,0,0,0,0,0,0,0,0,0,0,0,0,0,0,0,0,0,0,0,0,0,0,0,0,0,0,0,0,0,0,0,0,0,0,0,0,0,0,0,0,0,0,0,0,0,0,0,0,0,0,0,0,0,0,0,0,0,0,0,0,0,0,0,0,0,0,0,0,0,0,0,0,0,0,0,0,0,0,0,0,0,0,0,0,0,0,0,0,0,0,0,0,0,0,0,0,0,0,0,0,0,0,0,0,0,0,0,0,0,0,0,0,0,0,0,0,0,0,0
6,0,0,0,0,0,0,0,0,0,0,0,0,0,0,0,0,0,0,0,0,0,0,0,0,0,0,0,0,0,0,0,0,0,0,0,0,0,0,0,0,0,0,0,0,0,0,0,0,0,0,0,0,0,0,0,0,0,0,0,0,0,0,0,0,0,0,0,130,163,0,0,0,0,0,0,0,0,0,0,0,0,0,0,0,0,0,0,0,0,0,0,0,0,0,38,243,242,38,0,0,0,0,0,0,0,0,0,0,0,0,0,0,0,0,0,0,0,0,0,0,0,0,70,253,253,69,0,0,0,0,0,0,0,0,0,0,0,0,0,0,0,0,0,0,0,0,0,0,0,0,104,253,236,19,0,0,0,0,0,0,0,0,0,0,0,0,0,0,0,0,0,0,0,0,0,0,0,0,221,254,205,0,0,0,0,0,0,0,0,0,0,0,0,0,0,0,0,0,0,0,0,0,0,0,0,85,254,253,54,0,0,0,0,0,0,0,0,0,0,0,0,0,0,0,0,0,0,0,0,0,0,0,0,93,254,253,46,0,0,0,0,0,0,0,0,0,0,0,0,0,0,0,0,0,0,0,0,0,0,0,0,93,254,253,46,0,0,0,0,0,0,0,0,0,0,0,0,0,0,0,0,0,0,0,0,0,0,0,0,93,254,220,13,0,0,0,0,0,45,104,63,0,0,0,0,0,0,0,0,0,0,0,0,0,0,0,0,176,254,210,4,0,0,0,47,206,245,253,251,113,0,0,0,0,0,0,0,0,0,0,0,0,0,0,0,184,254,206,0,0,15,157,245,253,254,253,253,202,9,0,0,0,0,0,0,0,0,0,0,0,0,0,0,151,254,206,0,34,229,253,253,253,136,69,186,253,59,0,0,0,0,0,0,0,0,0,0,0,0,0,0,93,254,207,15,229,254,199,84,0,0,0,208,228,0,0,0,0,0,0,0,0,0,0,0,0,0,0,0,93,254,249,199,253,224,60,0,0,0,93,249,160,0,0,0,0,0,0,0,0,0,0,0,0,0,0,0,93,254,253,253,253,17,0,0,0,7,182,253,128,0,0,0,0,0,0,0,0,0,0,0,0,0,0,0,25,220,253,253,253,34,0,0,0,170,253,202,44,0,0,0,0,0,0,0,0,0,0,0,0,0,0,0,0,70,254,254,254,255,237,128,195,255,254,146,0,0,0,0,0,0,0,0,0,0,0,0,0,0,0,0,0,7,165,253,253,254,253,253,253,254,110,4,0,0,0,0,0,0,0,0,0,0,0,0,0,0,0,0,0,0,26,181,253,254,244,253,236,113,4,0,0,0,0,0,0,0,0,0,0,0,0,0,0,0,0,0,0,0,0,7,69,254,94,69,19,0,0,0,0,0,0,0,0,0,0,0,0,0,0,0,0,0,0,0,0,0,0,0,0,0,0,0,0,0,0,0,0,0,0,0,0,0,0,0,0,0,0,0,0,0,0,0,0,0,0,0,0,0,0,0,0,0,0,0,0,0,0,0,0,0,0,0,0,0,0,0,0,0,0,0,0,0,0,0,0,0,0,0,0,0,0,0,0,0,0,0,0,0,0,0,0,0,0,0,0,0,0,0,0,0,0,0,0,0,0,0,0,0,0,0,0,0,0,0,0,0,0,0,0,0,0,0,0,0,0,0,0,0,0,0,0,0,0,0,0,0,0,0,0,0,0,0,0,0,0,0,0,0,0,0,0,0,0,0,0,0,0,0,0,0,0,0,0,0,0,0,0,0,0,0,0,0,0
0,0,0,0,0,0,0,0,0,0,0,0,0,0,0,0,0,0,0,0,0,0,0,0,0,0,0,0,0,0,0,0,0,0,0,0,0,0,0,0,0,0,0,0,0,0,0,0,0,0,0,0,0,0,0,0,0,0,0,0,0,0,0,0,0,0,0,0,0,0,0,0,0,0,0,0,0,0,0,0,0,0,0,0,0,0,0,0,0,0,0,0,0,0,0,0,0,0,0,0,0,0,0,0,0,0,0,0,0,0,0,0,0,0,0,0,0,0,0,0,0,0,0,10,29,141,141,178,253,255,103,7,0,0,0,0,0,0,0,0,0,0,0,0,0,0,0,0,0,0,13,172,252,253,252,252,252,203,252,149,32,0,0,0,0,0,0,0,0,0,0,0,0,0,0,0,0,10,172,252,214,56,149,252,127,7,149,252,228,0,0,0,0,0,0,0,0,0,0,0,0,0,0,0,0,128,252,214,28,0,7,28,3,0,7,153,252,151,0,0,0,0,0,0,0,0,0,0,0,0,0,0,63,255,209,25,0,0,0,0,0,0,0,0,214,254,84,0,0,0,0,0,0,0,0,0,0,0,0,19,194,253,84,0,0,0,0,0,0,0,0,0,88,253,171,13,0,0,0,0,0,0,0,0,0,0,0,85,252,194,19,0,0,0,0,0,0,0,0,0,0,253,252,56,0,0,0,0,0,0,0,0,0,0,0,185,252,63,0,0,0,0,0,0,0,0,0,0,0,153,252,106,0,0,0,0,0,0,0,0,0,0,120,253,241,0,0,0,0,0,0,0,0,0,0,0,0,141,253,168,0,0,0,0,0,0,0,0,0,0,169,252,115,0,0,0,0,0,0,0,0,0,0,0,0,116,252,168,0,0,0,0,0,0,0,0,0,0,169,252,28,0,0,0,0,0,0,0,0,0,0,0,0,29,252,168,0,0,0,0,0,0,0,0,0,13,206,252,28,0,0,0,0,0,0,0,0,0,0,0,0,29,252,168,0,0,0,0,0,0,0,0,0,29,253,253,28,0,0,0,0,0,0,0,0,0,0,0,0,104,253,156,0,0,0,0,0,0,0,0,0,10,196,252,28,0,0,0,0,0,0,0,0,0,0,0,0,253,240,43,0,0,0,0,0,0,0,0,0,0,169,252,116,0,0,0,0,0,0,0,0,0,0,0,126,253,158,0,0,0,0,0,0,0,0,0,0,0,44,228,240,51,0,0,0,0,0,0,0,0,0,76,249,253,84,0,0,0,0,0,0,0,0,0,0,0,0,135,253,242,66,7,0,0,0,0,0,4,104,229,253,214,38,0,0,0,0,0,0,0,0,0,0,0,0,28,133,253,252,187,69,57,57,95,69,179,252,252,227,0,0,0,0,0,0,0,0,0,0,0,0,0,0,0,0,119,224,252,252,253,252,252,252,253,233,130,31,0,0,0,0,0,0,0,0,0,0,0,0,0,0,0,0,0,19,116,139,253,252,214,139,128,22,0,0,0,0,0,0,0,0,0,0,0,0,0,0,0,0,0,0,0,0,0,0,0,0,0,0,0,0,0,0,0,0,0,0,0,0,0,0,0,0,0,0,0,0,0,0,0,0,0,0,0,0,0,0,0,0,0,0,0,0,0,0,0,0,0,0,0,0,0,0,0,0,0,0,0,0,0,0,0,0,0,0,0,0,0,0,0,0,0,0,0,0,0,0,0,0,0,0,0,0,0,0,0,0,0,0,0,0,0,0,0,0,0,0,0,0,0,0,0,0,0,0
2,0,0,0,0,0,0,0,0,0,0,0,0,0,0,0,0,0,0,0,0,0,0,0,0,0,0,0,0,0,0,0,0,0,0,0,0,0,0,0,0,0,0,0,0,0,0,0,0,0,0,0,0,0,0,0,0,0,0,0,0,0,0,0,0,0,0,0,0,0,0,0,0,0,0,0,0,0,0,0,0,0,0,0,0,0,0,0,0,0,0,0,0,0,0,0,0,0,0,0,0,0,0,0,0,0,0,0,0,0,0,0,0,0,0,0,0,0,0,0,0,0,76,141,141,178,203,141,116,19,0,0,0,0,0,0,0,0,0,0,0,0,0,0,0,0,0,0,0,82,243,253,252,252,252,253,252,224,119,0,0,0,0,0,0,0,0,0,0,0,0,0,0,0,0,0,82,240,252,206,93,56,56,119,187,252,252,126,0,0,0,0,0,0,0,0,0,0,0,0,0,0,0,0,69,252,202,13,0,0,0,0,7,153,252,225,0,0,0,0,0,0,0,0,0,0,0,0,0,0,0,0,0,176,125,0,0,0,0,0,0,0,226,226,0,0,0,0,0,0,0,0,0,0,0,0,0,0,0,0,0,0,0,0,0,0,0,0,0,0,225,225,0,0,0,0,0,0,0,0,0,0,0,0,0,0,0,0,0,0,0,0,0,0,0,0,0,29,234,225,0,0,0,0,0,0,0,0,0,0,0,0,0,0,0,0,0,0,0,0,0,0,0,0,0,134,252,225,0,0,0,0,0,0,0,0,0,0,0,0,0,0,0,0,0,0,0,0,0,0,0,0,7,204,253,101,0,0,0,0,0,0,0,0,0,0,0,0,0,0,0,0,0,0,0,0,0,0,0,7,150,252,177,0,0,0,0,0,0,0,0,0,0,0,0,0,0,0,0,0,0,0,0,0,0,0,0,66,252,252,103,0,0,0,0,0,0,0,0,0,0,0,0,0,0,0,0,0,0,0,0,0,0,0,51,241,252,127,3,0,0,0,0,0,0,0,0,0,0,0,0,0,0,0,0,0,0,0,0,0,0,60,241,239,38,0,0,0,0,0,0,0,0,0,0,0,0,0,0,0,0,0,0,0,0,0,0,0,63,234,252,200,0,0,0,0,0,0,0,0,0,0,0,0,0,0,0,0,0,0,0,0,0,0,0,60,234,252,164,25,0,0,0,0,0,0,0,0,0,0,0,0,0,0,0,0,0,0,0,0,0,0,101,241,252,164,28,0,0,0,0,0,0,0,0,0,0,0,0,0,0,0,0,0,0,0,0,0,0,0,226,255,153,7,0,0,0,0,0,0,0,0,0,0,0,0,0,0,0,0,0,0,0,0,0,0,0,0,200,253,252,187,69,26,0,0,0,0,0,0,0,0,0,0,0,0,0,0,0,0,0,0,0,0,0,0,25,178,252,252,252,223,197,197,197,198,197,197,147,198,197,44,0,0,0,0,0,0,0,0,0,0,0,0,0,4,53,139,139,140,139,228,202,140,139,103,28,128,28,6,0,0,0,0,0,0,0,0,0,0,0,0,0,0,0,0,0,0,0,0,0,0,0,0,0,0,0,0,0,0,0,0,0,0,0,0,0,0,0,0,0,0,0,0,0,0,0,0,0,0,0,0,0,0,0,0,0,0,0,0,0,0,0,0,0,0,0,0,0,0,0,0,0,0,0,0,0,0,0,0,0,0,0,0,0,0,0,0,0,0,0,0,0,0,0,0,0,0,0,0,0,0,0,0,0,0,0,0,0,0,0,0,0,0,0
4,0,0,0,0,0,0,0,0,0,0,0,0,0,0,0,0,0,0,0,0,0,0,0,0,0,0,0,0,0,0,0,0,0,0,0,0,0,0,0,0,0,0,0,0,0,0,0,0,0,0,0,0,0,0,0,0,0,0,0,0,0,0,0,0,0,0,0,0,0,0,0,0,0,0,0,0,0,0,0,0,0,0,0,0,0,0,0,0,0,0,0,0,0,0,0,0,0,0,0,11,132,82,0,0,0,0,0,0,0,0,0,0,0,0,0,0,0,0,0,0,0,0,0,0,0,0,0,92,252,162,0,0,0,0,0,0,0,0,0,0,0,0,0,0,0,0,0,0,0,0,0,0,0,0,0,214,253,142,0,0,0,0,0,0,0,0,0,0,0,0,0,0,0,0,0,0,0,0,0,0,0,0,82,253,252,20,0,0,0,0,0,0,0,0,0,0,0,0,0,0,0,0,0,0,0,0,0,0,0,0,163,254,192,0,0,0,0,0,0,0,0,0,0,0,0,0,0,0,0,0,0,0,0,0,0,0,0,123,243,233,50,0,0,0,0,0,0,0,0,0,0,0,0,0,0,0,0,0,0,0,0,0,0,0,21,214,253,142,0,0,41,152,51,0,0,0,0,0,0,0,0,0,0,0,0,0,0,0,0,0,0,0,142,253,171,20,0,0,203,253,151,0,0,0,0,0,0,0,0,0,0,0,0,0,0,0,0,0,0,31,233,244,81,0,0,51,253,254,192,0,0,0,0,0,0,0,0,0,0,0,0,0,0,0,0,0,0,213,252,122,0,0,0,173,252,253,232,203,122,102,102,0,0,0,0,0,0,0,0,0,0,0,0,0,123,254,192,0,0,11,51,254,253,254,253,254,233,183,20,0,0,0,0,0,0,0,0,0,0,0,0,82,243,253,70,0,41,132,252,253,252,253,171,50,30,0,0,0,0,0,0,0,0,0,0,0,0,0,21,214,253,254,172,214,253,254,253,254,253,102,0,0,0,0,0,0,0,0,0,0,0,0,0,0,0,0,183,253,252,253,252,253,252,253,252,253,171,20,0,0,0,0,0,0,0,0,0,0,0,0,0,0,0,173,253,254,253,203,122,41,0,173,253,254,50,0,0,0,0,0,0,0,0,0,0,0,0,0,0,0,123,253,252,172,50,0,0,0,41,253,252,253,50,0,0,0,0,0,0,0,0,0,0,0,0,0,0,31,233,255,233,0,0,0,0,0,102,254,253,183,0,0,0,0,0,0,0,0,0,0,0,0,0,0,0,173,252,233,50,0,0,0,0,0,142,253,252,20,0,0,0,0,0,0,0,0,0,0,0,0,0,0,0,123,203,41,0,0,0,0,0,0,203,254,253,0,0,0,0,0,0,0,0,0,0,0,0,0,0,0,0,0,0,0,0,0,0,0,0,0,81,151,151,0,0,0,0,0,0,0,0,0,0,0,0,0,0,0,0,0,0,0,0,0,0,0,0,0,0,0,0,0,0,0,0,0,0,0,0,0,0,0,0,0,0,0,0,0,0,0,0,0,0,0,0,0,0,0,0,0,0,0,0,0,0,0,0,0,0,0,0,0,0,0,0,0,0,0,0,0,0,0,0,0,0,0,0,0,0,0,0,0,0,0,0,0,0,0,0,0,0,0,0,0,0,0,0,0,0,0,0,0,0,0,0,0,0,0,0,0,0,0,0,0,0,0,0,0,0,0,0,0,0,0,0,0,0,0,0,0,0,0,0,0,0,0,0,0,0,0,0,0,0,0
0,0,0,0,0,0,0,0,0,0,0,0,0,0,0,0,0,0,0,0,0,0,0,0,0,0,0,0,0,0,0,0,0,0,0,0,0,0,0,0,0,0,0,0,0,0,0,0,0,0,0,0,0,0,0,0,0,0,0,0,0,0,0,0,0,0,0,0,0,0,0,0,0,0,0,0,0,0,0,0,0,0,0,0,0,0,0,0,0,0,0,0,0,0,0,0,0,0,0,0,0,0,0,0,0,0,0,0,0,0,0,0,0,0,0,0,0,0,0,0,0,63,253,253,253,253,110,78,0,0,0,0,0,0,0,0,0,0,0,0,0,0,0,0,0,0,0,0,11,175,252,252,252,252,253,242,103,0,0,0,0,0,0,0,0,0,0,0,0,0,0,0,0,0,0,0,37,252,252,252,246,215,217,226,241,181,0,0,0,0,16,120,11,0,0,0,0,0,0,0,0,0,0,0,37,252,252,252,132,0,0,31,211,252,0,0,0,84,191,252,71,0,0,0,0,0,0,0,0,0,0,0,37,252,252,252,71,0,0,0,0,83,0,0,0,144,253,252,71,0,0,0,0,0,0,0,0,0,0,21,181,252,252,189,10,0,0,0,0,0,0,0,0,144,253,252,195,0,0,0,0,0,0,0,0,0,0,73,252,252,252,179,0,0,0,0,0,0,0,0,0,144,253,252,215,0,0,0,0,0,0,0,0,0,0,73,252,252,252,97,0,0,0,0,0,0,0,0,0,144,253,252,215,0,0,0,0,0,0,0,0,0,0,218,253,253,253,35,0,0,0,0,0,0,0,0,0,145,255,253,217,0,0,0,0,0,0,0,0,0,0,175,252,252,252,35,0,0,0,0,0,0,0,0,11,175,253,252,174,0,0,0,0,0,0,0,0,0,0,155,252,252,252,35,0,0,0,0,0,0,0,0,37,252,253,252,71,0,0,0,0,0,0,0,0,0,0,73,252,252,252,119,0,0,0,0,0,0,0,0,120,252,253,252,71,0,0,0,0,0,0,0,0,0,0,42,160,253,253,211,31,0,0,0,0,0,0,32,212,253,255,222,41,0,0,0,0,0,0,0,0,0,0,0,26,221,252,252,71,0,0,0,0,0,0,197,252,252,253,138,0,0,0,0,0,0,0,0,0,0,0,0,0,125,252,252,92,0,0,0,0,0,99,242,252,252,237,30,0,0,0,0,0,0,0,0,0,0,0,0,0,1,252,252,236,62,0,0,0,0,253,252,252,252,144,0,0,0,0,0,0,0,0,0,0,0,0,0,0,0,110,253,253,253,0,0,99,253,255,253,253,253,84,0,0,0,0,0,0,0,0,0,0,0,0,0,0,0,15,35,190,252,218,217,242,252,253,252,220,35,0,0,0,0,0,0,0,0,0,0,0,0,0,0,0,0,0,0,155,236,253,252,252,252,253,220,102,0,0,0,0,0,0,0,0,0,0,0,0,0,0,0,0,0,0,0,0,62,170,252,252,168,108,15,0,0,0,0,0,0,0,0,0,0,0,0,0,0,0,0,0,0,0,0,0,0,0,0,0,0,0,0,0,0,0,0,0,0,0,0,0,0,0,0,0,0,0,0,0,0,0,0,0,0,0,0,0,0,0,0,0,0,0,0,0,0,0,0,0,0,0,0,0,0,0,0,0,0,0,0,0,0,0,0,0,0,0,0,0,0,0,0,0,0,0,0,0,0,0,0,0,0,0,0,0,0,0,0,0,0,0,0,0,0,0,0,0,0,0,0,0,0,0,0,0
2,0,0,0,0,0,0,0,0,0,0,0,0,0,0,0,0,0,0,0,0,0,0,0,0,0,0,0,0,0,0,0,0,0,0,0,0,0,0,0,0,0,0,0,0,0,0,0,0,0,0,0,0,0,0,0,0,0,0,0,0,0,0,0,0,0,0,0,0,0,0,0,0,0,0,0,0,0,0,0,0,0,0,0,0,0,0,0,0,0,0,0,51,240,253,253,154,38,0,0,0,0,0,0,0,0,0,0,0,0,0,0,0,0,0,0,0,0,0,51,239,252,252,252,252,222,39,0,0,0,0,0,0,0,0,0,0,0,0,0,0,0,0,0,0,0,0,121,252,252,252,252,252,252,222,40,0,0,0,0,0,0,0,0,0,0,0,0,0,0,0,0,0,0,0,19,242,252,184,172,172,227,252,147,0,0,0,0,0,0,0,0,0,0,0,0,0,0,0,0,0,0,0,0,107,66,8,0,0,58,227,249,200,0,0,0,0,0,0,0,0,0,0,0,0,0,0,0,0,0,0,0,0,0,0,0,0,0,56,230,252,125,3,0,0,0,0,0,0,0,0,0,0,0,0,0,0,0,0,0,0,0,0,0,0,0,0,126,252,253,104,0,0,0,0,0,0,0,0,0,0,0,0,0,0,0,0,0,0,0,0,0,0,0,0,5,176,253,156,3,0,0,0,0,0,0,0,0,0,0,0,0,0,0,0,0,0,0,47,41,4,0,0,0,56,253,252,104,0,0,0,0,0,0,0,0,0,0,0,0,0,0,0,0,0,0,150,252,136,0,0,0,0,253,252,208,21,0,0,0,0,0,0,0,0,0,0,0,0,0,0,0,0,45,233,253,253,142,0,0,134,255,253,253,39,0,0,0,0,0,0,0,0,0,0,0,0,0,0,0,0,149,252,252,252,250,155,58,246,253,252,252,39,0,0,0,0,0,0,0,0,0,0,0,0,0,0,0,0,226,252,227,178,252,252,238,252,253,252,217,25,0,0,0,0,0,0,0,0,0,0,0,0,0,0,0,0,114,252,143,26,210,252,252,252,253,252,46,0,0,0,0,0,0,0,0,0,0,0,0,0,0,0,0,0,94,252,211,211,252,252,252,252,253,167,6,0,0,0,0,0,0,0,0,0,0,0,0,0,0,0,0,0,74,244,252,252,252,252,252,252,253,224,67,9,0,0,0,0,0,0,0,0,0,0,0,0,0,0,0,0,0,110,222,252,252,252,229,212,232,252,252,143,41,41,41,41,38,0,0,0,0,0,0,0,0,0,0,0,0,0,25,191,204,93,39,0,44,230,252,252,252,252,252,252,246,63,0,0,0,0,0,0,0,0,0,0,0,0,0,0,0,0,0,0,0,45,225,250,252,252,252,236,100,0,0,0,0,0,0,0,0,0,0,0,0,0,0,0,0,0,0,0,0,0,0,101,119,217,160,107,0,0,0,0,0,0,0,0,0,0,0,0,0,0,0,0,0,0,0,0,0,0,0,0,0,0,0,0,0,0,0,0,0,0,0,0,0,0,0,0,0,0,0,0,0,0,0,0,0,0,0,0,0,0,0,0,0,0,0,0,0,0,0,0,0,0,0,0,0,0,0,0,0,0,0,0,0,0,0,0,0,0,0,0,0,0,0,0,0,0,0,0,0,0,0,0,0,0,0,0,0,0,0,0,0,0,0,0,0,0,0,0,0,0,0,0,0,0,0,0,0,0,0,0,0,0,0,0,0,0,0,0,0,0,0,0,0,0,0,0,0,0,0,0
2,0,0,0,0,0,0,0,0,0,0,0,0,0,0,0,0,0,0,0,0,0,0,0,0,0,0,0,0,0,0,0,0,0,0,0,0,0,0,0,0,0,0,0,0,0,0,0,0,0,0,0,0,0,0,0,0,0,0,0,0,0,0,0,0,0,0,0,0,0,0,0,0,0,0,0,0,0,0,0,0,0,0,0,0,0,0,0,0,0,0,0,0,0,0,0,0,0,0,0,0,0,0,0,0,0,0,0,0,0,0,0,0,0,0,0,0,0,0,0,0,0,0,0,0,0,0,0,0,0,0,0,0,0,0,0,0,0,0,0,0,0,0,0,0,0,0,0,0,0,0,0,0,0,21,81,158,187,255,178,131,6,0,0,0,0,0,0,0,0,0,0,0,0,0,0,0,0,0,0,0,68,203,248,219,128,128,217,254,107,0,0,0,0,0,0,0,0,0,0,0,0,0,0,0,0,0,0,144,242,224,96,0,0,0,35,254,120,0,0,0,0,0,0,0,0,0,0,0,0,0,0,0,0,0,143,253,154,3,0,0,0,0,68,254,120,0,0,0,0,0,0,0,0,0,0,0,0,0,0,0,0,0,97,78,7,0,0,0,0,5,192,219,27,0,0,0,0,0,0,0,0,0,0,0,0,0,0,0,0,0,0,0,0,0,0,0,0,145,254,113,0,0,0,0,0,0,0,0,0,0,0,0,0,0,0,0,0,0,0,0,0,0,0,0,66,246,168,3,0,0,0,0,0,0,0,0,0,0,0,0,0,0,0,0,0,0,0,0,0,0,0,20,240,227,29,0,0,0,0,0,0,0,0,0,0,0,0,0,0,0,0,0,0,0,0,0,0,0,16,193,229,42,0,0,0,0,0,0,0,0,0,0,0,0,0,0,0,0,0,0,0,0,0,0,0,16,196,245,41,0,0,0,0,0,0,0,0,0,0,0,0,0,0,0,0,0,0,0,0,0,0,0,14,193,227,63,0,0,0,0,0,0,0,0,0,0,0,0,0,0,0,0,0,0,0,0,0,0,0,46,193,229,41,0,0,0,0,0,0,0,0,0,0,0,0,0,0,0,0,0,0,0,0,0,0,0,15,203,227,78,0,0,0,0,0,0,0,0,0,0,0,0,0,0,0,0,0,0,0,0,0,0,0,14,192,228,45,0,0,0,0,0,0,0,0,0,0,0,0,0,0,0,0,0,0,0,0,0,0,0,0,184,254,105,0,0,0,0,0,0,0,0,0,0,0,0,0,0,0,0,0,0,0,0,0,0,0,0,0,216,208,13,0,0,0,0,0,0,0,0,0,0,0,0,0,0,0,0,0,0,0,0,0,0,0,0,0,216,167,0,0,0,0,0,0,0,0,0,0,0,0,0,0,0,0,0,0,0,0,0,0,0,0,0,0,216,223,32,0,0,0,0,0,0,0,0,0,0,0,0,0,0,0,0,0,0,0,0,0,0,0,0,0,115,244,237,182,63,15,0,0,0,0,0,0,0,0,0,0,0,0,0,0,0,0,0,0,0,0,0,0,0,45,174,254,254,219,192,163,7,0,0,0,0,0,0,0,0,0,0,0,0,0,0,0,0,0,0,0,0,0,0,0,0,0,0,0,0,0,0,0,0,0,0,0,0,0,0,0,0,0,0,0,0,0,0,0,0,0,0,0,0,0,0,0,0,0,0,0,0,0,0,0,0,0,0,0,0,0,0,0,0,0,0,0,0,0,0,0,0,0,0,0,0,0,0,0,0,0,0,0,0,0,0
3,0,0,0,0,0,0,0,0,0,0,0,0,0,0,0,0,0,0,0,0,0,0,0,0,0,0,0,0,0,0,0,0,0,0,0,0,0,0,0,0,0,0,0,0,0,0,0,0,0,0,0,0,0,0,0,0,0,0,0,0,0,0,0,0,0,0,0,0,0,0,0,0,0,0,0,0,0,0,0,0,0,0,0,0,0,0,0,0,0,0,0,0,0,0,0,0,0,0,0,0,0,0,0,0,0,0,0,0,0,0,0,0,0,0,0,0,0,0,0,0,0,0,0,0,0,0,0,0,0,0,0,0,0,0,0,0,0,0,0,0,0,0,0,0,0,0,0,0,0,0,26,164,249,255,180,65,0,0,0,0,0,0,0,0,0,0,0,0,0,0,0,0,0,0,0,0,0,0,128,191,205,209,254,248,112,0,0,0,0,0,0,0,0,0,0,0,0,0,0,0,0,0,0,0,0,0,0,0,6,8,69,222,250,17,0,0,0,0,0,0,0,0,0,0,0,0,0,0,0,0,0,0,0,0,0,0,0,0,0,196,254,85,0,0,0,0,0,0,0,0,0,0,0,0,0,0,0,0,0,0,0,0,0,0,0,0,0,196,254,85,0,0,0,0,0,0,0,0,0,0,0,0,0,0,0,0,0,0,0,0,0,0,0,0,30,239,216,22,0,0,0,0,0,0,0,0,0,0,0,0,0,0,0,0,0,0,0,0,0,0,0,31,240,254,99,0,0,0,0,0,0,0,0,0,0,0,0,0,0,0,0,0,0,0,0,0,0,0,42,229,254,192,26,0,0,0,0,0,0,0,0,0,0,0,0,0,0,0,0,0,0,0,0,0,0,0,231,254,232,17,0,0,0,0,0,0,0,0,0,0,0,0,0,0,0,0,0,0,0,0,0,0,0,0,132,232,254,192,38,0,0,0,0,0,0,0,0,0,0,0,0,0,0,0,0,0,0,0,0,0,0,0,0,24,164,254,187,0,0,0,0,0,0,0,0,0,0,0,0,0,0,0,0,0,0,0,0,0,0,0,0,0,8,209,253,66,0,0,0,0,0,0,0,0,0,0,0,0,0,0,0,0,0,0,0,0,0,0,0,0,0,163,254,85,0,0,0,0,0,0,0,0,0,0,0,0,0,0,0,0,0,0,0,0,0,0,0,0,0,108,251,28,0,0,0,0,0,0,0,0,0,0,0,0,0,0,0,0,0,0,0,0,0,0,0,0,0,194,249,0,0,0,0,0,0,0,0,0,0,0,0,0,0,0,0,0,0,0,0,0,0,0,0,0,98,249,148,0,0,0,0,0,0,0,0,0,0,0,0,0,0,0,0,0,0,0,0,0,0,0,10,134,248,230,35,0,0,0,0,0,0,0,0,0,0,0,0,0,0,0,0,0,0,0,0,0,0,52,210,254,250,69,0,0,0,0,0,0,0,0,0,0,0,0,0,0,0,0,0,0,0,0,0,0,65,253,254,226,70,0,0,0,0,0,0,0,0,0,0,0,0,0,0,0,0,0,0,0,0,0,0,0,56,196,144,9,0,0,0,0,0,0,0,0,0,0,0,0,0,0,0,0,0,0,0,0,0,0,0,0,0,0,0,0,0,0,0,0,0,0,0,0,0,0,0,0,0,0,0,0,0,0,0,0,0,0,0,0,0,0,0,0,0,0,0,0,0,0,0,0,0,0,0,0,0,0,0,0,0,0,0,0,0,0,0,0,0,0,0,0,0,0,0,0,0,0,0,0,0,0,0,0,0,0
1,0,0,0,0,0,0,0,0,0,0,0,0,0,0,0,0,0,0,0,0,0,0,0,0,0,0,0,0,0,0,0,0,0,0,0,0,0,0,0,0,0,0,0,0,0,0,0,0,0,0,0,0,0,0,0,0,0,0,0,0,0,0,0,0,0,0,0,0,0,0,0,0,0,0,0,0,0,0,0,0,0,0,0,0,0,0,0,0,0,0,0,0,0,0,0,0,0,0,0,0,0,0,52,131,192,10,0,0,0,0,0,0,0,0,0,0,0,0,0,0,0,0,0,0,0,0,0,0,0,0,218,254,254,18,0,0,0,0,0,0,0,0,0,0,0,0,0,0,0,0,0,0,0,0,0,0,0,0,218,254,254,18,0,0,0,0,0,0,0,0,0,0,0,0,0,0,0,0,0,0,0,0,0,0,0,64,240,254,244,16,0,0,0,0,0,0,0,0,0,0,0,0,0,0,0,0,0,0,0,0,0,0,50,238,254,254,133,0,0,0,0,0,0,0,0,0,0,0,0,0,0,0,0,0,0,0,0,0,0,12,168,254,254,240,21,0,0,0,0,0,0,0,0,0,0,0,0,0,0,0,0,0,0,0,0,0,0,157,254,254,254,133,0,0,0,0,0,0,0,0,0,0,0,0,0,0,0,0,0,0,0,0,0,0,72,237,254,254,166,10,0,0,0,0,0,0,0,0,0,0,0,0,0,0,0,0,0,0,0,0,0,45,237,254,254,235,29,0,0,0,0,0,0,0,0,0,0,0,0,0,0,0,0,0,0,0,0,0,14,170,254,254,235,66,0,0,0,0,0,0,0,0,0,0,0,0,0,0,0,0,0,0,0,0,0,0,151,254,254,254,140,0,0,0,0,0,0,0,0,0,0,0,0,0,0,0,0,0,0,0,0,0,0,76,239,254,254,159,11,0,0,0,0,0,0,0,0,0,0,0,0,0,0,0,0,0,0,0,0,0,76,239,254,254,233,38,0,0,0,0,0,0,0,0,0,0,0,0,0,0,0,0,0,0,0,0,0,75,240,254,254,233,62,0,0,0,0,0,0,0,0,0,0,0,0,0,0,0,0,0,0,0,0,0,12,196,254,254,254,146,0,0,0,0,0,0,0,0,0,0,0,0,0,0,0,0,0,0,0,0,0,23,228,254,254,254,254,177,0,0,0,0,0,0,0,0,0,0,0,0,0,0,0,0,0,0,0,0,0,138,254,254,254,254,254,192,0,0,0,0,0,0,0,0,0,0,0,0,0,0,0,0,0,0,0,0,18,247,254,254,254,254,175,47,0,0,0,0,0,0,0,0,0,0,0,0,0,0,0,0,0,0,0,0,19,254,254,254,254,173,40,0,0,0,0,0,0,0,0,0,0,0,0,0,0,0,0,0,0,0,0,0,1,152,255,255,150,2,0,0,0,0,0,0,0,0,0,0,0,0,0,0,0,0,0,0,0,0,0,0,0,0,0,0,0,0,0,0,0,0,0,0,0,0,0,0,0,0,0,0,0,0,0,0,0,0,0,0,0,0,0,0,0,0,0,0,0,0,0,0,0,0,0,0,0,0,0,0,0,0,0,0,0,0,0,0,0,0,0,0,0,0,0,0,0,0,0,0,0,0,0,0,0,0,0,0,0,0,0,0,0,0,0,0,0,0,0,0,0,0,0,0,0,0,0,0,0,0,0,0,0,0,0,0,0,0,0,0,0,0,0,0,0,0,0,0,0,0,0,0,0,0,0,0,0,0,0,0,0,0,0,0,0,0
9,0,0,0,0,0,0,0,0,0,0,0,0,0,0,0,0,0,0,0,0,0,0,0,0,0,0,0,0,0,0,0,0,0,0,0,0,0,0,0,0,0,0,0,0,0,0,0,0,0,0,0,0,0,0,0,0,0,0,0,0,0,0,0,0,0,0,0,0,0,0,0,0,0,0,0,0,0,0,0,0,0,0,0,0,0,0,0,0,0,0,0,0,0,0,0,0,0,0,0,0,0,0,0,0,0,0,0,0,0,0,0,0,0,0,0,0,0,0,0,0,0,0,0,0,0,0,0,0,0,0,0,0,0,0,0,0,0,0,0,0,0,0,0,0,0,0,0,0,0,0,0,0,0,0,0,0,0,0,0,0,0,0,0,0,0,0,0,0,0,0,0,0,0,0,0,0,0,0,0,0,0,0,0,0,0,0,0,0,0,0,0,0,0,0,0,0,0,0,0,0,0,0,0,0,0,0,7,104,255,254,245,128,26,0,0,0,0,0,0,0,0,0,0,0,0,0,0,0,0,0,0,0,0,43,216,253,254,253,253,253,214,63,0,0,0,0,0,0,0,0,0,0,0,0,0,0,0,0,0,0,32,190,253,244,138,71,146,246,254,160,5,0,0,0,0,0,0,0,0,0,0,0,0,0,0,0,0,0,136,253,244,69,0,0,0,50,220,253,113,0,0,0,0,0,0,0,0,0,0,0,0,0,0,0,0,0,162,254,197,0,0,0,0,0,162,254,138,0,0,0,0,0,0,0,0,0,0,0,0,0,0,0,0,0,112,253,251,129,47,47,89,206,245,253,221,0,0,0,0,0,0,0,0,0,0,0,0,0,0,0,0,0,63,251,253,253,254,253,253,253,254,253,249,57,0,0,0,0,0,0,0,0,0,0,0,0,0,0,0,0,0,80,202,253,254,253,253,219,103,203,253,135,0,0,0,0,0,0,0,0,0,0,0,0,0,0,0,0,0,0,9,93,68,0,68,0,0,139,254,161,0,0,0,0,0,0,0,0,0,0,0,0,0,0,0,0,0,0,0,0,0,0,0,0,0,138,253,160,0,0,0,0,0,0,0,0,0,0,0,0,0,0,0,0,0,0,0,0,0,0,0,0,0,138,253,160,0,0,0,0,0,0,0,0,0,0,0,0,0,0,0,0,0,0,0,0,0,0,0,0,0,172,253,128,0,0,0,0,0,0,0,0,0,0,0,0,0,0,0,0,0,0,0,0,0,0,0,0,0,231,247,50,0,0,0,0,0,0,0,0,0,0,0,0,0,0,0,0,0,0,0,0,0,0,0,0,81,251,179,0,0,0,0,0,0,0,0,0,0,0,0,0,0,0,0,0,0,0,0,0,0,0,0,0,170,253,137,0,0,0,0,0,0,0,0,0,0,0,0,0,0,0,0,0,0,0,0,0,0,0,0,34,254,253,71,0,0,0,0,0,0,0,0,0,0,0,0,0,0,0,0,0,0,0,0,0,0,0,0,151,255,148,0,0,0,0,0,0,0,0,0,0,0,0,0,0,0,0,0,0,0,0,0,0,0,0,72,247,254,98,0,0,0,0,0,0,0,0,0,0,0,0,0,0,0,0,0,0,0,0,0,0,0,0,116,253,214,13,0,0,0,0,0,0,0,0,0,0,0,0,0,0,0,0,0,0,0,0,0,0,0,0,49,219,59,0,0,0,0,0,0,0,0,0,0,0,0,0,0,0,0,0,0,0,0,0,0,0,0,0,0,0,0,0,0,0,0,0,0,0,0,0,0,0
7,0,0,0,0,0,0,0,0,0,0,0,0,0,0,0,0,0,0,0,0,0,0,0,0,0,0,0,0,0,0,0,0,0,0,0,0,0,0,0,0,0,0,0,0,0,0,0,0,0,0,0,0,0,0,0,0,0,0,0,0,0,0,0,0,0,0,0,0,0,0,0,0,0,0,0,0,0,0,0,0,0,0,0,0,0,0,0,0,0,0,0,0,0,0,0,0,0,0,0,0,0,0,0,0,0,0,0,0,0,0,0,0,0,0,0,0,0,0,0,0,0,0,0,0,0,0,0,0,0,0,0,0,0,0,0,0,0,0,0,0,0,0,0,0,0,0,0,0,0,0,0,0,0,0,0,0,0,0,0,0,0,0,0,0,0,0,0,0,0,0,0,0,0,0,0,0,0,0,107,125,125,125,96,0,0,0,0,0,0,0,0,0,0,0,0,0,0,0,0,0,0,55,119,240,249,249,254,254,254,255,253,249,226,101,0,0,0,0,0,0,0,0,0,0,0,0,0,0,55,245,254,254,254,254,254,254,254,254,254,254,254,215,0,0,0,0,0,0,0,0,0,0,0,0,0,0,246,254,254,211,149,35,19,19,19,19,49,225,254,231,38,0,0,0,0,0,0,0,0,0,0,0,0,0,26,93,25,15,0,0,0,0,0,0,0,184,254,254,91,0,0,0,0,0,0,0,0,0,0,0,0,0,0,0,0,0,0,0,0,0,0,0,0,184,254,254,91,0,0,0,0,0,0,0,0,0,0,0,0,0,0,0,0,0,0,0,0,0,0,0,0,184,254,254,91,0,0,0,3,86,0,0,0,0,0,0,0,0,0,0,0,0,0,0,0,0,0,0,49,242,254,254,91,49,79,153,211,254,0,0,0,0,0,0,0,0,0,0,0,0,0,0,0,0,0,0,97,254,254,254,221,235,254,254,254,254,0,0,0,0,0,0,0,0,0,0,0,0,0,58,66,107,197,197,240,254,254,254,254,254,254,254,219,122,0,0,0,0,0,0,0,0,0,0,0,0,105,247,254,254,254,254,254,254,254,254,216,195,118,65,30,0,0,0,0,0,0,0,0,0,0,0,0,76,248,236,202,218,212,243,254,254,221,71,26,0,0,0,0,0,0,0,0,0,0,0,0,0,0,0,0,32,78,50,0,24,29,207,254,254,118,0,0,0,0,0,0,0,0,0,0,0,0,0,0,0,0,0,0,0,0,0,0,13,168,254,254,219,26,0,0,0,0,0,0,0,0,0,0,0,0,0,0,0,0,0,0,0,0,0,0,96,254,254,247,109,0,0,0,0,0,0,0,0,0,0,0,0,0,0,0,0,0,0,0,0,0,0,23,214,254,254,195,0,0,0,0,0,0,0,0,0,0,0,0,0,0,0,0,0,0,0,0,0,0,0,216,254,254,249,113,0,0,0,0,0,0,0,0,0,0,0,0,0,0,0,0,0,0,0,0,0,0,48,236,254,251,112,0,0,0,0,0,0,0,0,0,0,0,0,0,0,0,0,0,0,0,0,0,0,0,0,211,248,111,0,0,0,0,0,0,0,0,0,0,0,0,0,0,0,0,0,0,0,0,0,0,0,0,0,0,0,0,0,0,0,0,0,0,0,0,0,0,0,0,0,0,0,0,0,0,0,0,0,0,0,0,0,0,0,0,0,0,0,0,0,0,0,0,0,0,0,0,0,0,0,0,0,0,0,0,0,0,0,0,0,0,0,0,0,0,0,0,0,0,0,0,0,0,0,0,0,0,0
5,0,0,0,0,0,0,0,0,0,0,0,0,0,0,0,0,0,0,0,0,0,0,0,0,0,0,0,0,0,0,0,0,0,0,0,0,0,0,0,0,0,0,0,0,0,0,0,0,0,0,0,0,0,0,0,0,0,0,0,0,0,0,0,0,0,0,0,0,0,0,0,0,0,0,0,0,0,0,0,0,0,0,0,0,0,0,0,0,0,0,0,0,0,0,0,0,0,0,0,0,0,0,0,0,0,0,0,0,0,0,0,0,0,0,0,0,0,0,0,0,0,0,0,0,0,0,0,0,0,0,0,0,0,0,0,0,0,0,0,0,0,0,0,0,0,0,0,0,0,0,0,13,92,141,141,141,141,216,216,91,0,0,0,0,0,0,0,0,0,0,0,0,0,0,0,0,0,13,144,206,253,252,252,252,253,252,252,252,169,144,13,0,0,0,0,0,0,0,0,0,0,0,0,0,198,159,252,252,253,196,130,56,119,168,130,56,119,142,13,0,0,0,0,0,0,0,0,0,0,0,0,101,253,252,252,252,128,9,0,0,0,0,0,0,0,0,0,0,0,0,0,0,0,0,0,0,0,0,0,226,255,253,206,63,0,0,0,0,0,0,0,0,0,0,0,0,0,0,0,0,0,0,0,0,0,0,0,225,253,252,168,0,0,0,0,0,0,0,0,0,0,0,0,0,0,0,0,0,0,0,0,0,0,0,0,150,253,252,168,0,0,0,0,0,0,0,0,0,0,0,0,0,0,0,0,0,0,0,0,0,0,0,0,0,253,252,243,125,0,0,0,0,0,0,0,0,0,0,0,0,0,0,0,0,0,0,0,0,0,0,0,0,63,138,235,253,254,253,253,253,254,228,141,41,0,0,0,0,0,0,0,0,0,0,0,0,0,0,0,0,0,0,28,84,197,208,227,227,197,196,215,252,169,56,0,0,0,0,0,0,0,0,0,0,0,0,0,0,0,0,0,0,0,13,31,31,0,0,123,252,253,84,0,0,0,0,0,0,0,0,0,0,0,0,0,0,0,0,0,0,0,0,0,0,0,101,246,252,253,84,0,0,0,0,0,0,0,0,0,0,0,0,0,0,0,0,0,0,0,0,0,0,29,216,253,253,254,84,0,0,0,0,0,0,0,0,0,0,0,0,0,0,0,0,0,0,0,0,0,26,216,252,252,252,222,65,0,0,0,0,0,0,0,0,0,0,0,0,0,0,0,0,0,0,0,19,123,222,253,252,252,177,25,0,0,0,0,0,0,0,0,0,0,0,0,0,0,0,0,0,0,0,76,231,252,252,253,252,177,3,0,0,0,0,0,0,0,0,0,0,0,0,0,0,0,0,0,7,66,141,254,253,253,253,239,150,25,0,0,0,0,0,0,0,0,0,0,0,0,0,0,0,19,57,120,187,252,252,253,252,196,209,38,0,0,0,0,0,0,0,0,0,0,0,0,0,0,0,0,45,215,252,253,252,252,252,168,168,112,25,0,0,0,0,0,0,0,0,0,0,0,0,0,0,0,0,0,7,153,151,241,139,139,90,0,0,0,0,0,0,0,0,0,0,0,0,0,0,0,0,0,0,0,0,0,0,0,0,0,0,0,0,0,0,0,0,0,0,0,0,0,0,0,0,0,0,0,0,0,0,0,0,0,0,0,0,0,0,0,0,0,0,0,0,0,0,0,0,0,0,0,0,0,0,0,0,0,0,0,0,0,0,0,0,0,0,0,0,0,0,0,0,0,0,0,0,0,0,0,0,0,0,0,0
1,0,0,0,0,0,0,0,0,0,0,0,0,0,0,0,0,0,0,0,0,0,0,0,0,0,0,0,0,0,0,0,0,0,0,0,0,0,0,0,0,0,0,0,0,0,0,0,0,0,0,0,0,0,0,0,0,0,0,0,0,0,0,0,0,0,0,0,0,0,0,0,0,0,0,0,0,0,0,0,0,0,0,0,0,0,0,0,0,0,0,0,0,0,0,0,0,0,0,0,0,0,0,0,0,0,0,0,0,0,0,0,0,0,0,0,0,0,0,0,0,92,252,252,90,0,0,0,0,0,0,0,0,0,0,0,0,0,0,0,0,0,0,0,0,0,0,0,0,252,250,250,250,103,61,0,0,0,0,0,0,0,0,0,0,0,0,0,0,0,0,0,0,0,0,0,0,252,250,250,250,252,210,60,0,0,0,0,0,0,0,0,0,0,0,0,0,0,0,0,0,0,0,0,0,90,250,250,250,252,250,100,0,0,0,0,0,0,0,0,0,0,0,0,0,0,0,0,0,0,0,0,0,52,252,252,252,254,252,252,90,0,0,0,0,0,0,0,0,0,0,0,0,0,0,0,0,0,0,0,0,31,190,250,250,252,250,250,250,0,0,0,0,0,0,0,0,0,0,0,0,0,0,0,0,0,0,0,0,0,40,190,250,252,250,250,250,0,0,0,0,0,0,0,0,0,0,0,0,0,0,0,0,0,0,0,0,0,0,151,250,252,250,250,250,0,0,0,0,0,0,0,0,0,0,0,0,0,0,0,0,0,0,0,0,0,0,0,203,254,252,252,252,214,31,0,0,0,0,0,0,0,0,0,0,0,0,0,0,0,0,0,0,0,0,0,121,252,250,250,250,252,149,0,0,0,0,0,0,0,0,0,0,0,0,0,0,0,0,0,0,0,0,0,0,252,250,250,250,252,149,0,0,0,0,0,0,0,0,0,0,0,0,0,0,0,0,0,0,0,0,0,0,252,250,250,250,252,231,80,0,0,0,0,0,0,0,0,0,0,0,0,0,0,0,0,0,0,0,0,0,254,252,252,252,254,252,100,0,0,0,0,0,0,0,0,0,0,0,0,0,0,0,0,0,0,0,0,82,252,250,250,250,252,250,160,20,0,0,0,0,0,0,0,0,0,0,0,0,0,0,0,0,0,0,0,202,252,250,250,250,252,250,250,49,0,0,0,0,0,0,0,0,0,0,0,0,0,0,0,0,0,0,0,40,252,250,250,250,252,250,250,49,0,0,0,0,0,0,0,0,0,0,0,0,0,0,0,0,0,0,0,0,214,252,252,252,255,252,252,49,0,0,0,0,0,0,0,0,0,0,0,0,0,0,0,0,0,0,0,0,51,250,250,250,252,250,189,29,0,0,0,0,0,0,0,0,0,0,0,0,0,0,0,0,0,0,0,0,20,160,250,250,252,250,100,0,0,0,0,0,0,0,0,0,0,0,0,0,0,0,0,0,0,0,0,0,0,102,250,250,252,250,100,0,0,0,0,0,0,0,0,0,0,0,0,0,0,0,0,0,0,0,0,0,0,0,0,0,0,0,0,0,0,0,0,0,0,0,0,0,0,0,0,0,0,0,0,0,0,0,0,0,0,0,0,0,0,0,0,0,0,0,0,0,0,0,0,0,0,0,0,0,0,0,0,0,0,0,0,0,0,0,0,0,0,0,0,0,0,0,0,0,0,0,0,0,0,0,0,0,0,0,0,0,0,0,0,0,0,0,0,0,0,0,0,0,0,0,0,0,0,0,0,0
0,0,0,0,0,0,0,0,0,0,0,0,0,0,0,0,0,0,0,0,0,0,0,0,0,0,0,0,0,0,0,0,0,0,0,0,0,0,0,0,0,0,0,0,0,0,0,0,0,0,0,0,0,0,0,0,0,0,0,0,0,0,0,0,0,0,0,0,0,0,0,0,0,0,0,0,0,0,0,0,0,0,0,0,0,0,0,0,0,0,0,0,0,0,0,0,0,0,0,0,0,0,0,0,0,0,0,0,0,0,0,0,0,0,0,0,0,0,0,0,0,0,0,18,110,247,254,228,115,8,0,0,0,0,0,0,0,0,0,0,0,0,0,0,0,0,0,0,0,0,35,195,254,254,244,237,249,249,84,0,0,0,0,0,0,0,0,0,0,0,0,0,0,0,0,0,0,0,124,254,232,217,132,0,47,207,247,141,5,0,0,0,0,0,0,0,0,0,0,0,0,0,0,0,0,0,176,205,44,222,237,44,0,4,100,246,124,0,0,0,0,0,0,0,0,0,0,0,0,0,0,0,0,0,24,24,153,254,242,49,0,0,0,118,246,73,0,0,0,0,0,0,0,0,0,0,0,0,0,0,0,0,0,42,249,254,164,0,0,0,0,6,197,138,0,0,0,0,0,0,0,0,0,0,0,0,0,0,0,0,10,175,254,217,18,0,0,0,0,0,105,247,29,0,0,0,0,0,0,0,0,0,0,0,0,0,0,0,63,254,239,60,0,0,0,0,0,0,18,230,107,0,0,0,0,0,0,0,0,0,0,0,0,0,0,0,173,254,196,0,0,0,0,0,0,0,0,163,208,7,0,0,0,0,0,0,0,0,0,0,0,0,0,59,252,238,54,0,0,0,0,0,0,0,0,131,254,51,0,0,0,0,0,0,0,0,0,0,0,0,9,218,254,173,0,0,0,0,0,0,0,0,0,132,255,135,0,0,0,0,0,0,0,0,0,0,0,0,89,254,224,12,0,0,0,0,0,0,0,0,0,131,254,129,0,0,0,0,0,0,0,0,0,0,0,0,189,254,213,0,0,0,0,0,0,0,0,0,0,166,254,107,0,0,0,0,0,0,0,0,0,0,0,8,218,254,138,0,0,0,0,0,0,0,0,0,43,245,254,69,0,0,0,0,0,0,0,0,0,0,0,17,254,238,25,0,0,0,0,0,0,0,0,30,213,254,194,5,0,0,0,0,0,0,0,0,0,0,0,14,241,221,0,0,0,0,0,0,0,0,45,213,254,254,99,0,0,0,0,0,0,0,0,0,0,0,0,0,143,239,46,0,0,0,0,0,40,148,245,254,254,147,5,0,0,0,0,0,0,0,0,0,0,0,0,0,27,239,229,132,66,88,122,174,247,254,254,213,67,4,0,0,0,0,0,0,0,0,0,0,0,0,0,0,0,61,240,254,254,254,254,254,254,225,111,9,0,0,0,0,0,0,0,0,0,0,0,0,0,0,0,0,0,0,20,117,161,246,230,145,88,5,0,0,0,0,0,0,0,0,0,0,0,0,0,0,0,0,0,0,0,0,0,0,0,0,0,0,0,0,0,0,0,0,0,0,0,0,0,0,0,0,0,0,0,0,0,0,0,0,0,0,0,0,0,0,0,0,0,0,0,0,0,0,0,0,0,0,0,0,0,0,0,0,0,0,0,0,0,0,0,0,0,0,0,0,0,0,0,0,0,0,0,0,0,0,0,0,0,0,0,0,0,0,0,0,0,0,0,0,0,0,0,0,0,0,0,0,0,0,0,0,0,0,0
8,0,0,0,0,0,0,0,0,0,0,0,0,0,0,0,0,0,0,0,0,0,0,0,0,0,0,0,0,0,0,0,0,0,0,0,0,0,0,0,0,0,0,0,0,0,0,0,0,0,0,0,0,0,0,0,0,0,0,0,0,0,0,0,0,0,0,0,0,0,0,0,0,0,0,0,0,0,0,0,0,0,0,0,0,0,0,0,0,0,0,0,0,0,0,0,0,0,0,0,0,0,0,0,0,0,0,0,0,0,0,0,0,0,0,0,0,0,0,0,0,0,0,0,0,0,0,0,0,0,0,0,0,0,0,0,0,0,0,0,0,0,0,0,0,0,0,0,0,0,0,0,5,160,255,176,94,5,0,0,0,0,0,0,0,0,0,0,0,0,0,0,0,0,0,0,0,0,0,0,78,254,254,254,254,207,84,0,0,0,0,0,0,0,0,0,0,0,0,0,0,0,0,0,0,0,0,40,242,254,202,162,224,254,251,64,0,0,0,0,0,0,0,0,0,0,0,0,0,0,0,0,0,0,0,75,254,254,15,0,3,83,254,180,0,0,0,0,0,0,0,0,0,0,0,0,0,0,0,0,0,0,9,195,254,206,8,0,0,53,254,181,0,0,0,0,0,0,0,0,0,0,0,0,0,0,0,0,0,0,87,254,247,51,0,0,0,139,250,84,0,0,0,0,0,0,0,0,0,0,0,0,0,0,0,0,0,0,107,254,234,0,0,0,66,243,187,0,0,0,0,0,0,0,0,0,0,0,0,0,0,0,0,0,0,0,175,254,236,14,0,14,209,234,45,0,0,0,0,0,0,0,0,0,0,0,0,0,0,0,0,0,0,0,26,216,254,229,87,193,254,143,0,0,0,0,0,0,0,0,0,0,0,0,0,0,0,0,0,0,0,0,0,28,121,254,254,254,192,13,0,0,0,0,0,0,0,0,0,0,0,0,0,0,0,0,0,0,0,0,0,0,4,150,254,254,128,2,0,0,0,0,0,0,0,0,0,0,0,0,0,0,0,0,0,0,0,0,0,0,6,170,254,254,254,84,0,0,0,0,0,0,0,0,0,0,0,0,0,0,0,0,0,0,0,0,0,0,36,254,245,137,240,167,0,0,0,0,0,0,0,0,0,0,0,0,0,0,0,0,0,0,0,0,0,23,173,254,90,0,173,228,26,0,0,0,0,0,0,0,0,0,0,0,0,0,0,0,0,0,0,0,0,53,254,230,10,0,110,254,148,0,0,0,0,0,0,0,0,0,0,0,0,0,0,0,0,0,0,0,0,140,254,135,0,0,66,251,162,0,0,0,0,0,0,0,0,0,0,0,0,0,0,0,0,0,0,0,0,147,254,235,16,1,31,243,244,0,0,0,0,0,0,0,0,0,0,0,0,0,0,0,0,0,0,0,0,19,201,254,254,138,124,254,244,0,0,0,0,0,0,0,0,0,0,0,0,0,0,0,0,0,0,0,0,0,13,162,252,254,254,248,139,0,0,0,0,0,0,0,0,0,0,0,0,0,0,0,0,0,0,0,0,0,0,0,113,236,224,95,0,0,0,0,0,0,0,0,0,0,0,0,0,0,0,0,0,0,0,0,0,0,0,0,0,0,0,0,0,0,0,0,0,0,0,0,0,0,0,0,0,0,0,0,0,0,0,0,0,0,0,0,0,0,0,0,0,0,0,0,0,0,0,0,0,0,0,0,0,0,0,0,0,0,0,0,0,0,0,0,0,0,0,0,0,0,0,0,0,0,0,0,0,0,0
4,0,0,0,0,0,0,0,0,0,0,0,0,0,0,0,0,0,0,0,0,0,0,0,0,0,0,0,0,0,0,0,0,0,0,0,0,0,0,0,0,0,0,0,0,0,0,0,0,0,0,0,0,0,0,0,0,0,0,0,0,0,0,0,0,0,0,0,0,0,0,0,0,0,0,0,0,0,0,0,0,0,0,0,0,0,0,0,0,0,0,0,0,0,0,0,0,0,0,0,0,0,0,0,0,0,0,0,0,0,0,0,0,0,0,0,0,0,0,0,0,0,0,57,188,19,0,0,0,0,0,0,0,0,0,0,0,0,0,0,0,0,0,0,0,0,0,0,0,0,0,149,254,124,0,0,0,0,0,84,162,76,0,0,0,0,0,0,0,0,0,0,0,0,0,0,0,0,0,149,254,172,0,0,0,0,0,169,254,224,0,0,0,0,0,0,0,0,0,0,0,0,0,0,0,0,0,149,254,172,0,0,0,0,3,188,255,155,0,0,0,0,0,0,0,0,0,0,0,0,0,0,0,0,0,195,254,91,0,0,0,0,10,254,254,108,0,0,0,0,0,0,0,0,0,0,0,0,0,0,0,0,30,249,248,51,0,0,0,0,47,254,254,57,0,0,0,0,0,0,0,0,0,0,0,0,0,0,0,0,143,254,235,0,0,0,0,0,67,254,246,46,0,0,0,0,0,0,0,0,0,0,0,0,0,0,0,2,188,254,155,0,0,0,0,0,150,254,216,0,0,0,0,0,0,0,0,0,0,0,0,0,0,0,0,56,254,254,108,0,0,0,0,0,202,254,243,72,0,0,0,0,0,0,0,0,0,0,0,0,0,0,0,139,254,224,19,0,0,0,0,43,232,254,254,135,0,0,0,0,0,0,0,0,0,0,0,0,0,0,0,217,254,124,0,0,0,0,40,226,254,254,175,11,0,0,0,0,0,0,0,0,0,0,0,0,0,0,40,243,254,40,0,0,15,120,229,254,254,205,8,0,0,0,0,0,0,0,0,0,0,0,0,0,0,0,128,254,254,51,44,142,240,254,254,254,254,129,0,0,0,0,0,0,0,0,0,0,0,0,0,0,0,0,247,254,254,254,254,254,254,245,180,254,254,86,0,0,0,0,0,0,0,0,0,0,0,0,0,0,0,0,91,254,254,254,254,231,128,49,105,254,252,62,0,0,0,0,0,0,0,0,0,0,0,0,0,0,0,0,6,106,120,120,76,16,0,8,216,254,230,0,0,0,0,0,0,0,0,0,0,0,0,0,0,0,0,0,0,0,0,0,0,0,0,15,254,254,148,0,0,0,0,0,0,0,0,0,0,0,0,0,0,0,0,0,0,0,0,0,0,0,0,15,254,254,148,0,0,0,0,0,0,0,0,0,0,0,0,0,0,0,0,0,0,0,0,0,0,0,0,28,254,254,63,0,0,0,0,0,0,0,0,0,0,0,0,0,0,0,0,0,0,0,0,0,0,0,0,112,254,254,53,0,0,0,0,0,0,0,0,0,0,0,0,0,0,0,0,0,0,0,0,0,0,0,0,0,0,0,0,0,0,0,0,0,0,0,0,0,0,0,0,0,0,0,0,0,0,0,0,0,0,0,0,0,0,0,0,0,0,0,0,0,0,0,0,0,0,0,0,0,0,0,0,0,0,0,0,0,0,0,0,0,0,0,0,0,0,0,0,0,0,0,0,0,0,0,0,0,0,0,0,0,0,0,0,0,0,0,0,0,0,0,0,0,0,0,0,0,0,0,0,0,0
6,0,0,0,0,0,0,0,0,0,0,0,0,0,0,0,0,0,0,0,0,0,0,0,0,0,0,0,0,0,0,0,0,0,0,0,0,0,0,0,0,0,0,0,0,0,0,0,0,0,0,0,0,0,0,0,0,0,0,0,0,0,0,0,0,0,0,0,0,0,0,0,1,94,237,111,4,0,0,0,0,0,0,0,0,0,0,0,0,0,0,0,0,0,0,0,0,0,0,0,94,253,253,253,72,0,0,0,0,0,0,0,0,0,0,0,0,0,0,0,0,0,0,0,0,0,0,18,254,253,231,136,28,0,0,0,0,0,0,0,0,0,0,0,0,0,0,0,0,0,0,0,0,0,21,204,254,237,32,0,0,0,0,0,0,0,0,0,0,0,0,0,0,0,0,0,0,0,0,0,0,0,138,253,254,142,0,0,0,0,0,0,0,0,0,0,0,0,0,0,0,0,0,0,0,0,0,0,0,28,237,253,251,78,0,0,0,0,0,0,0,0,0,0,0,0,0,0,0,0,0,0,0,0,0,0,0,195,253,253,104,0,0,0,0,0,0,0,0,0,0,0,0,0,0,0,0,0,0,0,0,0,0,0,33,232,253,253,0,0,0,0,0,0,0,0,0,0,0,0,0,0,0,0,0,0,0,0,0,0,0,0,195,253,253,201,0,0,0,0,0,0,0,0,0,0,0,0,0,0,0,0,0,0,0,0,0,0,0,70,251,253,201,11,0,0,0,0,0,0,0,0,0,0,0,0,0,0,0,0,0,0,0,0,0,0,0,137,254,254,145,0,0,0,0,0,0,0,0,0,0,0,0,0,0,0,0,0,0,0,0,0,0,0,47,228,253,253,75,0,0,0,0,0,0,0,0,0,0,0,0,0,0,0,0,0,0,0,0,0,0,0,182,253,253,193,9,0,20,37,37,37,28,0,0,0,0,0,0,0,0,0,0,0,0,0,0,0,0,10,195,253,253,94,158,169,214,253,253,253,233,135,10,0,0,0,0,0,0,0,0,0,0,0,0,0,0,49,253,253,253,219,253,253,254,253,253,253,253,253,48,0,0,0,0,0,0,0,0,0,0,0,0,0,0,49,253,253,253,253,253,253,254,253,253,253,253,232,34,0,0,0,0,0,0,0,0,0,0,0,0,0,0,49,253,253,253,253,253,253,254,253,253,253,253,140,0,0,0,0,0,0,0,0,0,0,0,0,0,0,0,7,192,253,253,253,253,253,254,253,253,253,97,9,0,0,0,0,0,0,0,0,0,0,0,0,0,0,0,0,129,253,253,253,253,253,254,191,144,64,7,0,0,0,0,0,0,0,0,0,0,0,0,0,0,0,0,0,3,46,132,236,143,132,128,5,0,0,0,0,0,0,0,0,0,0,0,0,0,0,0,0,0,0,0,0,0,0,0,0,0,0,0,0,0,0,0,0,0,0,0,0,0,0,0,0,0,0,0,0,0,0,0,0,0,0,0,0,0,0,0,0,0,0,0,0,0,0,0,0,0,0,0,0,0,0,0,0,0,0,0,0,0,0,0,0,0,0,0,0,0,0,0,0,0,0,0,0,0,0,0,0,0,0,0,0,0,0,0,0,0,0,0,0,0,0,0,0,0,0,0,0,0,0,0,0,0,0,0,0,0,0,0,0,0,0,0,0,0,0,0,0,0,0,0,0,0,0,0,0,0,0,0,0,0,0,0,0,0,0,0,0,0,0,0,0,0,0,0,0,0,0,0,0,0,0,0,0,0,0,0,0,0,0,0
2,0,0,0,0,0,0,0,0,0,0,0,0,0,0,0,0,0,0,0,0,0,0,0,0,0,0,0,0,0,0,0,0,0,0,0,0,0,0,0,0,0,0,0,0,0,0,0,0,0,0,0,0,0,0,0,0,0,0,0,0,0,0,0,0,0,0,0,0,0,0,0,0,0,0,0,0,0,0,0,0,0,0,0,0,0,0,0,0,0,0,0,0,0,0,0,0,0,0,0,0,0,0,0,0,0,0,0,0,0,0,0,0,0,0,0,0,0,0,0,0,0,0,0,0,19,130,255,254,255,166,69,0,0,0,0,0,0,0,0,0,0,0,0,0,0,0,0,0,0,0,0,26,209,253,226,131,177,239,197,0,0,0,0,0,0,0,0,0,0,0,0,0,0,0,0,0,0,0,0,87,253,180,43,0,0,206,250,73,0,0,0,0,0,0,0,0,0,0,0,0,0,0,0,0,0,0,0,87,251,76,0,0,0,206,253,124,0,0,0,0,0,0,0,0,0,0,0,0,0,0,0,0,0,0,0,22,60,0,0,0,0,206,245,55,0,0,0,0,0,0,0,0,0,0,0,0,0,0,0,0,0,0,0,0,0,0,0,0,59,249,222,0,0,0,0,0,0,0,0,0,0,0,0,0,0,0,0,0,0,0,0,0,0,0,0,14,221,253,119,0,0,0,0,0,0,0,0,0,0,0,0,0,0,0,0,0,0,0,0,0,0,0,0,142,253,220,32,0,0,0,0,0,0,0,0,0,0,0,0,0,0,0,0,0,0,0,0,0,0,4,141,252,250,54,0,0,0,0,0,0,0,0,0,0,0,0,0,0,0,0,0,0,0,0,0,0,0,124,253,249,107,0,0,0,0,0,0,0,0,0,0,0,0,0,0,0,0,0,0,0,0,0,0,0,53,234,253,153,0,0,0,0,0,0,0,0,0,0,0,0,0,0,0,0,0,0,0,0,0,0,0,45,237,253,157,1,0,0,0,0,0,0,0,0,0,0,0,0,0,0,0,0,0,0,0,0,0,0,12,172,253,192,18,0,0,0,0,0,0,0,0,0,0,0,0,0,0,0,0,0,0,0,0,0,0,0,49,253,247,57,0,0,0,0,0,0,0,0,0,0,0,0,0,0,0,0,0,0,0,0,0,0,0,6,204,253,122,0,0,0,0,0,0,0,0,0,0,0,0,0,0,0,0,0,0,0,0,0,0,0,0,86,253,253,21,0,0,0,0,0,0,0,0,0,0,0,0,0,0,0,0,0,0,0,0,0,0,0,34,220,253,137,4,0,0,0,0,0,0,0,0,0,0,0,0,0,0,0,0,0,0,0,0,0,0,0,141,253,253,167,141,141,141,141,141,141,80,0,0,0,0,0,0,0,0,0,0,0,0,0,0,0,0,0,189,253,253,253,253,253,253,253,253,253,196,0,0,0,0,0,0,0,0,0,0,0,0,0,0,0,0,0,189,253,233,145,138,37,84,37,37,79,68,0,0,0,0,0,0,0,0,0,0,0,0,0,0,0,0,0,0,0,0,0,0,0,0,0,0,0,0,0,0,0,0,0,0,0,0,0,0,0,0,0,0,0,0,0,0,0,0,0,0,0,0,0,0,0,0,0,0,0,0,0,0,0,0,0,0,0,0,0,0,0,0,0,0,0,0,0,0,0,0,0,0,0,0,0,0,0,0,0,0,0,0,0,0,0,0,0,0,0,0,0,0,0,0,0,0,0,0,0,0,0,0,0,0,0,0,0,0,0,0,0
6,0,0,0,0,0,0,0,0,0,0,0,0,0,0,0,0,0,0,0,0,0,0,0,0,0,0,0,0,0,0,0,0,0,0,0,0,0,0,0,0,0,0,0,0,0,0,0,0,0,0,0,0,0,0,0,0,0,0,0,0,0,0,0,0,0,0,0,0,0,0,179,244,50,0,0,0,0,0,0,0,0,0,0,0,0,0,0,0,0,0,0,0,0,0,0,0,0,60,244,253,164,0,0,0,0,0,0,0,0,0,0,0,0,0,0,0,0,0,0,0,0,0,0,0,0,176,252,253,206,0,0,0,0,0,0,0,0,0,0,0,0,0,0,0,0,0,0,0,0,0,0,0,57,244,252,253,206,0,0,0,0,0,0,0,0,0,0,0,0,0,0,0,0,0,0,0,0,0,0,22,205,252,252,253,102,0,0,0,0,0,0,0,0,0,0,0,0,0,0,0,0,0,0,0,0,0,3,170,253,253,253,106,0,0,0,0,0,0,0,0,0,0,0,0,0,0,0,0,0,0,0,0,0,0,118,252,252,252,157,0,0,0,0,0,0,0,0,0,0,0,0,0,0,0,0,0,0,0,0,0,0,32,253,252,252,185,6,0,0,0,0,0,0,0,0,0,0,0,0,0,0,0,0,0,0,0,0,0,34,218,253,252,227,50,0,0,0,0,0,0,0,0,0,0,0,0,0,0,0,0,0,0,0,0,0,32,165,252,253,252,130,0,0,0,0,0,0,0,0,0,32,157,230,0,0,0,0,0,0,0,0,0,36,222,253,253,255,218,32,0,0,0,0,0,0,0,24,97,222,253,253,0,0,0,0,0,0,0,0,5,178,252,252,252,249,75,0,0,0,0,0,0,38,151,253,252,252,252,252,0,0,0,0,0,0,0,0,55,252,252,252,252,115,0,0,0,0,38,91,184,240,252,253,252,252,252,252,0,0,0,0,0,0,0,0,180,252,252,252,210,0,0,0,0,85,233,252,252,252,252,253,252,252,218,108,0,0,0,0,0,0,0,0,253,252,252,210,22,0,22,116,210,250,253,252,252,252,252,253,252,168,35,0,0,0,0,0,0,0,0,0,255,253,253,211,138,202,253,253,253,253,255,253,253,253,253,231,95,0,0,0,0,0,0,0,0,0,0,0,159,252,252,252,252,253,252,252,252,157,180,252,252,252,178,42,0,0,0,0,0,0,0,0,0,0,0,0,17,227,252,252,252,190,252,202,69,6,107,252,252,252,54,0,0,0,0,0,0,0,0,0,0,0,0,0,0,29,45,88,56,5,45,33,0,0,15,219,252,252,211,95,0,0,0,0,0,0,0,0,0,0,0,0,0,0,0,0,0,0,0,0,0,0,0,57,252,200,200,11,0,0,0,0,0,0,0,0,0,0,0,0,0,0,0,0,0,0,0,0,0,0,0,0,0,0,0,0,0,0,0,0,0,0,0,0,0,0,0,0,0,0,0,0,0,0,0,0,0,0,0,0,0,0,0,0,0,0,0,0,0,0,0,0,0,0,0,0,0,0,0,0,0,0,0,0,0,0,0,0,0,0,0,0,0,0,0,0,0,0,0,0,0,0,0,0,0,0,0,0,0,0,0,0,0,0,0,0,0,0,0,0,0,0,0,0,0,0,0,0,0,0,0,0,0,0,0,0,0,0,0,0,0,0,0,0,0,0,0,0,0,0,0,0,0,0,0,0,0,0,0,0,0,0,0,0,0,0,0,0,0,0,0,0,0,0,0,0,0,0,0,0,0,0,0
7,0,0,0,0,0,0,0,0,0,0,0,0,0,0,0,0,0,0,0,0,0,0,0,0,0,0,0,0,0,0,0,0,0,0,0,0,0,0,0,0,0,0,0,0,0,0,0,0,0,0,0,0,0,0,0,0,0,0,0,0,0,0,0,0,0,0,0,0,0,0,0,0,0,0,0,0,0,0,0,0,0,0,0,0,0,0,0,0,0,0,0,0,0,0,0,0,0,0,0,0,0,0,0,0,0,0,0,0,0,0,0,0,0,0,0,0,0,0,0,0,0,0,0,0,0,0,0,0,0,0,0,0,0,0,0,0,0,0,0,0,0,0,0,0,0,0,0,0,0,0,0,0,0,0,0,0,0,0,0,0,0,0,0,0,0,0,0,0,0,0,0,0,0,0,0,0,0,0,0,0,0,0,0,0,0,0,0,0,0,0,0,0,0,0,0,0,0,0,0,0,4,7,7,7,7,89,130,191,130,164,157,170,255,255,255,142,130,73,1,0,0,0,0,0,0,0,0,10,199,253,253,253,253,253,253,253,253,253,253,253,253,253,253,253,253,253,5,0,0,0,0,0,0,0,0,122,253,253,253,244,241,235,235,235,143,111,111,111,111,111,175,253,253,187,3,0,0,0,0,0,0,0,0,3,105,105,105,54,38,0,0,0,0,0,0,0,0,0,223,253,253,63,0,0,0,0,0,0,0,0,0,0,0,0,0,0,0,0,0,0,0,0,0,0,0,73,242,253,240,10,0,0,0,0,0,0,0,0,0,0,0,0,0,0,0,0,0,0,0,0,0,0,56,240,253,238,60,0,0,0,0,0,0,0,0,0,0,0,0,0,0,0,0,0,0,0,0,0,0,14,176,253,253,148,0,0,0,0,0,0,0,0,0,0,0,0,0,0,0,0,0,0,0,0,0,0,0,106,253,253,234,59,0,0,0,0,0,0,0,0,0,0,0,0,0,0,0,0,0,0,0,0,0,0,17,215,253,253,66,0,0,0,0,0,0,0,0,0,0,0,0,0,0,0,0,0,0,0,0,0,0,17,179,253,253,154,8,0,0,0,0,0,0,0,0,0,0,0,0,0,0,0,0,0,0,0,0,0,0,102,253,253,187,9,0,0,0,0,0,0,0,0,0,0,0,0,0,0,0,0,0,0,0,0,0,0,19,210,253,229,57,0,0,0,0,0,0,0,0,0,0,0,0,0,0,0,0,0,0,0,0,0,0,0,162,253,253,133,0,0,0,0,0,0,0,0,0,0,0,0,0,0,0,0,0,0,0,0,0,0,0,150,242,253,228,32,0,0,0,0,0,0,0,0,0,0,0,0,0,0,0,0,0,0,0,0,0,0,43,243,253,228,53,0,0,0,0,0,0,0,0,0,0,0,0,0,0,0,0,0,0,0,0,0,0,18,190,253,253,185,0,0,0,0,0,0,0,0,0,0,0,0,0,0,0,0,0,0,0,0,0,0,0,96,253,253,227,48,0,0,0,0,0,0,0,0,0,0,0,0,0,0,0,0,0,0,0,0,0,0,0,167,253,253,136,0,0,0,0,0,0,0,0,0,0,0,0,0,0,0,0,0,0,0,0,0,0,0,0,167,253,253,68,0,0,0,0,0,0,0,0,0,0,0,0,0,0,0,0,0,0,0,0,0,0,0,0,167,229,129,35,0,0,0,0,0,0,0,0,0,0,0,0,0,0,0,0,0,0,0,0,0,0,0,0,0,0,0,0,0,0,0,0,0,0,0,0,0,0,0,0,0,0,0
9,0,0,0,0,0,0,0,0,0,0,0,0,0,0,0,0,0,0,0,0,0,0,0,0,0,0,0,0,0,0,0,0,0,0,0,0,0,0,0,0,0,0,0,0,0,0,0,0,0,0,0,0,0,0,0,0,0,0,0,0,0,0,0,0,0,0,0,0,0,0,0,0,0,0,0,0,0,0,0,0,0,0,0,0,0,0,0,0,0,0,0,0,0,0,0,0,0,0,0,0,0,0,0,0,0,0,0,0,0,0,0,0,0,0,0,0,0,0,0,0,0,0,0,0,0,0,0,0,0,0,0,0,0,0,0,0,0,0,0,0,0,0,0,0,0,0,0,0,0,0,0,0,21,118,201,226,142,13,0,0,0,0,0,0,0,0,0,0,0,0,0,0,0,0,0,0,0,0,0,69,203,249,183,158,252,183,0,0,0,0,0,0,0,0,0,0,0,0,0,0,0,0,0,0,0,0,20,227,225,96,0,0,94,245,0,0,0,0,0,0,0,0,0,0,0,0,0,0,0,0,0,0,0,0,206,221,32,0,0,0,18,223,187,15,0,0,0,0,0,0,0,0,0,0,0,0,0,0,0,0,3,127,253,94,0,0,0,0,5,207,254,79,0,0,0,0,0,0,0,0,0,0,0,0,0,0,0,0,58,254,115,12,0,0,0,0,77,254,222,244,42,0,0,0,0,0,0,0,0,0,0,0,0,0,0,0,177,203,4,0,0,0,0,0,233,254,89,184,46,0,0,0,0,0,0,0,0,0,0,0,0,0,0,49,246,83,0,0,0,0,0,0,236,246,15,0,0,0,0,0,0,0,0,0,0,0,0,0,0,0,0,90,230,0,0,0,0,0,0,0,236,214,0,0,0,0,0,0,0,0,0,0,0,0,0,0,0,0,0,154,230,0,0,0,0,0,9,174,254,148,0,0,0,0,0,0,0,0,0,0,0,0,0,0,0,0,0,154,230,0,0,0,0,0,99,254,254,71,0,0,0,0,0,0,0,0,0,0,0,0,0,0,0,0,0,126,247,79,0,0,0,63,239,254,225,17,0,0,0,0,0,0,0,0,0,0,0,0,0,0,0,0,0,49,248,248,143,104,207,238,177,254,211,0,0,0,0,0,0,0,0,0,0,0,0,0,0,0,0,0,0,0,54,148,242,245,214,84,55,254,171,0,0,0,0,0,0,0,0,0,0,0,0,0,0,0,0,0,0,0,0,0,0,0,0,0,112,254,115,0,0,0,0,0,0,0,0,0,0,0,0,0,0,0,0,0,0,0,0,0,0,0,0,0,112,255,115,0,0,0,0,0,0,0,0,0,0,0,0,0,0,0,0,0,0,0,0,0,0,0,0,0,112,254,40,0,0,0,0,0,0,0,0,0,0,0,0,0,0,0,0,0,0,0,0,0,0,0,0,0,112,254,19,0,0,0,0,0,0,0,0,0,0,0,0,0,0,0,0,0,0,0,0,0,0,0,0,0,112,254,153,0,0,0,0,0,0,0,0,0,0,0,0,0,0,0,0,0,0,0,0,0,0,0,0,0,112,254,211,0,0,0,0,0,0,0,0,0,0,0,0,0,0,0,0,0,0,0,0,0,0,0,0,0,0,0,0,0,0,0,0,0,0,0,0,0,0,0,0,0,0,0,0,0,0,0,0,0,0,0,0,0,0,0,0,0,0,0,0,0,0,0,0,0,0,0,0,0,0,0,0,0,0,0,0,0,0,0,0,0,0,0,0,0,0,0,0,0,0,0,0,0,0,0
3,0,0,0,0,0,0,0,0,0,0,0,0,0,0,0,0,0,0,0,0,0,0,0,0,0,0,0,0,0,0,0,0,0,0,0,0,0,0,0,0,0,0,0,0,0,0,0,0,0,0,0,0,0,0,0,0,0,0,0,0,0,0,0,0,0,0,0,0,0,0,0,0,0,0,0,0,0,0,0,0,0,0,0,0,0,0,0,0,0,0,0,0,0,0,0,0,0,0,0,0,0,0,0,0,0,0,0,0,0,0,0,0,0,0,0,0,0,0,0,0,0,0,0,0,0,0,0,0,0,0,0,0,0,0,0,0,0,0,0,0,0,0,0,0,0,0,0,0,0,0,0,0,0,0,0,0,0,0,0,0,0,0,0,0,0,0,0,0,0,0,0,0,0,0,0,0,0,0,0,0,0,0,0,0,0,0,0,0,0,0,0,0,0,0,0,0,0,0,0,0,0,0,0,0,0,24,122,153,255,255,245,121,38,2,0,0,0,0,0,0,0,0,0,0,0,0,0,0,0,0,0,25,173,227,253,253,253,253,253,253,253,122,0,0,0,0,0,0,0,0,0,0,0,0,0,0,0,1,89,232,253,248,211,133,32,32,41,166,253,250,71,0,0,0,0,0,0,0,0,0,0,0,0,0,0,71,253,221,109,0,0,0,0,0,0,60,253,253,81,0,0,0,0,0,0,0,0,0,0,0,0,0,0,78,153,17,0,0,0,0,0,0,42,122,253,245,55,0,0,0,0,0,0,0,0,0,0,0,0,0,0,0,0,0,0,0,0,1,11,97,234,253,253,79,0,0,0,0,0,0,0,0,0,0,0,0,0,0,0,0,0,0,44,49,132,163,253,253,253,242,117,4,0,0,0,0,0,0,0,0,0,0,0,0,0,0,0,0,0,63,247,253,253,253,253,253,244,112,0,0,0,0,0,0,0,0,0,0,0,0,0,0,0,0,0,0,0,42,226,237,237,237,241,253,253,249,145,12,0,0,0,0,0,0,0,0,0,0,0,0,0,0,0,0,0,0,0,0,0,0,20,92,197,253,253,193,18,0,0,0,0,0,0,0,0,0,0,0,0,0,0,0,0,0,0,0,0,0,0,0,5,101,253,253,166,0,0,0,0,0,0,0,0,0,0,0,0,0,0,0,0,0,0,0,0,0,0,0,0,4,57,248,250,40,0,0,0,0,0,0,0,0,0,0,0,0,0,0,0,0,0,0,0,0,0,0,0,0,0,218,253,68,0,0,0,0,0,0,0,0,0,0,0,0,0,0,0,0,0,0,0,0,0,0,0,0,0,94,253,190,2,0,0,0,0,0,0,0,0,0,0,0,0,0,0,0,0,0,0,0,0,0,0,0,0,28,253,253,5,0,0,0,0,0,0,0,0,0,0,0,0,0,0,0,0,0,0,0,0,0,0,0,0,55,253,227,4,0,0,0,0,0,0,0,0,0,0,0,0,0,0,0,0,0,0,0,0,0,0,0,0,179,253,150,0,0,0,0,0,0,0,0,0,0,0,0,0,0,0,0,0,0,0,0,0,0,0,0,55,249,253,91,0,0,0,0,0,0,0,0,0,0,0,0,0,0,0,0,0,0,0,0,0,0,0,43,207,253,177,13,0,0,0,0,0,0,0,0,0,0,0,0,0,0,0,0,0,0,0,0,0,0,157,225,253,242,46,0,0,0,0,0,0,0,0,0,0,0,0,0,0,0,0,0,0,0,0,0,0,0,0,0,0,0,0,0,0,0,0,0,0,0,0,0
2,0,0,0,0,0,0,0,0,0,0,0,0,0,0,0,0,0,0,0,0,0,0,0,0,0,0,0,0,0,0,0,0,0,0,0,0,0,0,0,0,0,0,0,0,0,0,0,0,0,0,0,0,0,0,0,0,0,0,0,0,0,0,0,0,0,0,0,0,0,43,184,157,148,60,0,0,0,0,0,0,0,0,0,0,0,0,0,0,0,0,0,0,0,0,0,0,0,105,189,168,190,253,192,48,0,0,0,0,0,0,0,0,0,0,0,0,0,0,0,0,0,0,0,0,0,57,5,0,32,170,254,203,20,0,0,0,0,0,0,0,0,0,0,0,0,0,0,0,0,0,0,0,0,0,0,0,0,0,183,253,127,0,0,0,0,0,0,0,0,0,0,0,0,0,0,0,0,0,0,0,0,0,0,0,0,0,43,227,170,0,0,0,0,0,0,0,0,0,0,0,0,0,0,0,0,0,0,0,0,0,0,0,0,0,0,192,237,15,0,0,0,0,0,0,0,0,0,0,0,0,0,0,0,0,0,0,0,0,0,0,0,0,0,112,245,49,0,0,0,0,0,0,0,0,0,0,0,0,0,0,0,0,0,0,0,0,0,0,0,0,0,86,253,93,0,0,0,0,0,0,0,0,0,0,0,0,0,0,0,0,0,0,0,0,0,0,0,0,0,86,253,190,0,0,0,0,0,0,0,0,0,0,0,0,0,0,0,0,0,0,0,0,0,0,0,0,0,86,253,190,0,0,0,0,0,0,0,0,0,0,0,0,11,43,43,43,4,0,0,0,0,0,0,0,0,86,254,85,0,0,0,0,0,0,0,0,0,0,0,52,206,253,254,253,142,64,0,0,0,0,0,0,0,165,246,56,0,0,0,0,0,0,0,0,0,0,0,179,179,21,39,162,243,248,101,0,0,0,0,0,4,196,179,0,0,0,0,0,0,0,0,0,0,0,57,199,0,0,0,0,43,111,243,170,42,0,0,0,140,253,100,0,0,0,0,0,0,0,0,0,0,0,85,127,0,0,0,0,0,0,80,254,222,62,0,45,254,182,4,0,0,0,0,0,0,0,0,0,0,0,192,127,0,0,0,0,0,0,0,18,200,255,228,237,248,53,0,0,0,0,0,0,0,0,0,0,0,0,112,127,0,0,0,0,0,0,0,0,85,253,253,253,132,0,0,0,0,0,0,0,0,0,0,0,0,0,43,215,101,4,0,0,0,6,22,145,240,253,248,232,98,0,0,0,0,0,0,0,0,0,0,0,0,0,0,57,253,183,152,143,169,191,253,254,253,213,63,0,0,0,0,0,0,0,0,0,0,0,0,0,0,0,0,4,69,192,254,253,253,253,253,148,68,21,0,0,0,0,0,0,0,0,0,0,0,0,0,0,0,0,0,0,0,0,0,0,0,0,0,0,0,0,0,0,0,0,0,0,0,0,0,0,0,0,0,0,0,0,0,0,0,0,0,0,0,0,0,0,0,0,0,0,0,0,0,0,0,0,0,0,0,0,0,0,0,0,0,0,0,0,0,0,0,0,0,0,0,0,0,0,0,0,0,0,0,0,0,0,0,0,0,0,0,0,0,0,0,0,0,0,0,0,0,0,0,0,0,0,0,0,0,0,0,0,0,0,0,0,0,0,0,0,0,0,0,0,0,0,0,0,0,0,0,0,0,0,0,0,0,0,0,0,0,0,0,0,0,0,0,0,0,0,0,0,0,0,0,0,0,0,0,0,0,0,0,0,0,0,0,0,0,0,0,0
9,0,0,0,0,0,0,0,0,0,0,0,0,0,0,0,0,0,0,0,0,0,0,0,0,0,0,0,0,0,0,0,0,0,0,0,0,0,0,0,0,0,0,0,0,0,0,0,0,0,0,0,0,0,0,0,0,0,0,0,0,0,0,0,0,0,0,0,0,0,0,0,0,0,0,0,0,0,0,0,0,0,0,0,0,0,0,0,0,0,0,0,0,0,0,0,0,0,0,0,0,0,0,0,0,0,0,0,0,0,0,0,0,0,0,0,0,0,0,0,0,0,0,0,0,0,0,0,0,0,0,0,0,0,0,0,0,0,0,0,0,0,0,0,0,0,0,0,0,0,0,0,0,0,0,0,0,0,0,0,0,0,0,0,0,0,0,0,0,0,0,0,0,0,0,0,0,0,0,23,177,254,254,255,156,39,0,0,0,0,0,0,0,0,0,0,0,0,0,0,0,0,0,0,0,7,122,234,253,220,215,181,235,241,124,0,0,0,0,0,0,0,0,0,0,0,0,0,0,0,0,0,0,86,253,253,132,9,0,0,29,132,233,53,0,0,0,0,0,0,0,0,0,0,0,0,0,0,0,0,0,169,247,112,3,0,0,0,0,0,107,50,0,0,0,0,0,0,0,0,0,0,0,0,0,0,0,0,14,238,234,0,0,0,0,0,0,0,6,2,0,0,0,0,0,0,0,0,0,0,0,0,0,0,0,0,76,253,192,0,0,0,0,0,0,0,0,0,0,0,0,0,0,0,0,0,0,0,0,0,0,0,0,0,76,253,140,0,0,0,0,0,0,0,0,0,0,0,0,0,0,0,0,0,0,0,0,0,0,0,0,0,76,253,196,0,0,0,0,0,0,3,147,209,11,0,0,0,0,0,0,0,0,0,0,0,0,0,0,0,11,227,243,56,1,0,0,0,5,107,253,212,7,0,0,0,0,0,0,0,0,0,0,0,0,0,0,0,0,72,253,253,100,60,25,60,152,253,253,171,0,0,0,0,0,0,0,0,0,0,0,0,0,0,0,0,0,0,84,234,254,254,254,255,244,239,254,88,0,0,0,0,0,0,0,0,0,0,0,0,0,0,0,0,0,0,0,20,84,122,122,122,34,114,253,67,0,0,0,0,0,0,0,0,0,0,0,0,0,0,0,0,0,0,0,0,0,0,0,0,0,108,253,112,0,0,0,0,0,0,0,0,0,0,0,0,0,0,0,0,0,0,0,0,0,0,0,0,0,169,253,112,0,0,0,0,0,0,0,0,0,0,0,0,0,0,0,0,0,0,0,0,0,0,0,0,7,166,253,60,0,0,0,0,0,0,0,0,0,0,0,0,0,0,0,0,0,0,0,0,0,0,0,0,21,228,253,18,0,0,0,0,0,0,0,0,0,0,0,0,0,0,0,0,0,0,0,0,0,0,0,0,0,131,253,85,0,0,0,0,0,0,0,0,0,0,0,0,0,0,0,0,0,0,0,0,0,0,0,0,0,83,253,202,0,0,0,0,0,0,0,0,0,0,0,0,0,0,0,0,0,0,0,0,0,0,0,0,0,5,212,246,96,0,0,0,0,0,0,0,0,0,0,0,0,0,0,0,0,0,0,0,0,0,0,0,0,0,72,246,241,28,0,0,0,0,0,0,0,0,0,0,0,0,0,0,0,0,0,0,0,0,0,0,0,0,0,0,0,0,0,0,0,0,0,0,0,0,0,0,0,0,0,0,0,0,0,0,0,0,0,0,0,0,0,0,0,0,0,0,0,0,0,0,0
8,0,0,0,0,0,0,0,0,0,0,0,0,0,0,0,0,0,0,0,0,0,0,0,0,0,0,0,0,0,0,0,0,0,0,0,0,0,0,0,0,0,0,0,0,0,0,0,0,0,0,0,0,0,0,0,0,0,0,0,0,0,0,0,0,0,0,0,0,0,0,0,0,0,0,0,0,0,0,0,0,0,0,0,0,0,0,0,0,0,0,0,0,0,0,0,0,0,0,0,0,0,0,0,0,0,0,0,0,0,0,0,0,0,0,0,0,0,0,0,0,0,0,0,0,0,0,0,0,0,0,0,0,0,0,0,0,0,0,0,0,0,0,0,0,0,162,253,253,86,0,0,0,0,0,0,0,0,0,0,0,0,0,0,0,0,0,0,0,0,0,0,0,0,80,240,252,211,22,0,0,0,0,36,161,129,47,47,0,0,0,0,0,0,0,0,0,0,0,0,0,0,0,153,252,252,206,25,0,0,0,55,252,252,252,252,174,70,19,0,0,0,0,0,0,0,0,0,0,0,0,13,139,244,253,185,0,0,0,5,67,227,252,252,253,252,188,59,0,0,0,0,0,0,0,0,0,0,0,0,0,126,253,248,199,21,0,0,0,17,117,189,253,252,252,160,0,0,0,0,0,0,0,0,0,0,0,0,0,0,127,245,253,253,33,0,0,0,0,0,149,253,253,150,0,0,0,0,0,0,0,0,0,0,0,0,0,0,0,88,252,252,211,22,0,0,0,22,253,252,187,17,0,0,0,0,0,0,0,0,0,0,0,0,0,0,0,13,119,252,252,199,0,0,100,215,253,252,69,0,0,0,0,0,0,0,0,0,0,0,0,0,0,0,0,0,13,173,252,249,133,124,244,252,253,172,13,0,0,0,0,0,0,0,0,0,0,0,0,0,0,0,0,0,0,9,179,253,252,252,252,252,243,50,0,0,0,0,0,0,0,0,0,0,0,0,0,0,0,0,0,0,0,62,243,255,253,253,253,232,0,0,0,0,0,0,0,0,0,0,0,0,0,0,0,0,0,0,0,9,47,215,252,253,252,252,210,12,0,0,0,0,0,0,0,0,0,0,0,0,0,0,0,0,0,0,7,103,252,252,252,173,154,252,252,54,0,0,0,0,0,0,0,0,0,0,0,0,0,0,0,0,0,0,66,252,252,252,116,0,9,196,252,232,0,0,0,0,0,0,0,0,0,0,0,0,0,0,0,0,0,0,138,252,252,210,12,0,0,184,252,252,0,0,0,0,0,0,0,0,0,0,0,0,0,0,0,0,0,0,139,253,215,21,0,0,0,70,253,253,127,0,0,0,0,0,0,0,0,0,0,0,0,0,0,0,0,0,138,252,227,50,0,0,0,142,252,252,157,0,0,0,0,0,0,0,0,0,0,0,0,0,0,0,0,0,48,227,252,227,184,123,142,234,252,252,84,0,0,0,0,0,0,0,0,0,0,0,0,0,0,0,0,0,0,50,185,252,252,253,252,252,252,252,0,0,0,0,0,0,0,0,0,0,0,0,0,0,0,0,0,0,0,0,7,22,128,148,252,252,210,85,0,0,0,0,0,0,0,0,0,0,0,0,0,0,0,0,0,0,0,0,0,0,0,0,0,0,0,0,0,0,0,0,0,0,0,0,0,0,0,0,0,0,0,0,0,0,0,0,0,0,0,0,0,0,0,0,0,0,0,0,0,0,0,0,0,0,0,0,0,0,0,0,0,0,0,0,0,0,0,0,0,0,0,0,0,0,0,0,0,0,0,0,0
2,0,0,0,0,0,0,0,0,0,0,0,0,0,0,0,0,0,0,0,0,0,0,0,0,0,0,0,0,0,0,0,0,0,0,0,0,0,0,0,0,0,0,0,0,0,0,0,0,0,0,0,0,0,0,0,0,0,0,0,0,0,0,0,0,0,0,0,0,0,0,0,0,0,0,0,0,0,0,0,0,0,0,0,0,0,0,0,0,0,0,0,0,0,0,74,254,208,133,76,6,0,0,0,0,0,0,0,0,0,0,0,0,0,0,0,0,0,0,0,0,0,0,142,253,253,253,253,198,74,0,0,0,0,0,0,0,0,0,0,0,0,0,0,0,0,0,0,0,0,38,231,253,253,253,253,254,244,140,13,0,0,0,0,0,0,0,0,0,0,0,0,0,0,0,0,0,0,61,253,253,211,205,251,254,253,253,174,14,0,0,0,0,0,0,0,0,0,0,0,0,0,0,0,0,0,47,210,163,10,0,69,138,253,253,253,158,0,0,0,0,0,0,0,0,0,0,0,0,0,0,0,0,0,0,18,12,0,0,0,3,72,226,253,239,81,0,0,0,0,0,0,0,0,0,0,0,0,0,0,0,0,0,0,0,0,0,0,0,0,60,253,253,180,0,0,0,0,0,0,0,0,0,0,0,0,0,0,0,0,0,0,0,0,0,0,0,0,6,135,253,180,0,0,0,0,0,0,0,0,0,0,0,0,0,0,0,0,0,0,0,0,0,0,0,0,0,49,253,180,0,0,0,0,0,0,0,0,0,0,0,0,0,0,0,0,0,0,0,0,0,0,0,0,0,49,253,180,0,0,0,0,0,0,0,0,0,0,0,0,0,0,0,0,0,0,0,5,65,133,128,6,0,113,254,220,25,0,0,0,0,0,0,0,0,0,0,0,0,0,0,0,0,7,124,187,253,253,254,191,88,218,253,246,43,0,0,0,0,0,0,0,0,0,0,0,0,0,0,0,27,156,253,253,253,253,254,253,253,253,253,180,0,0,0,0,0,0,0,0,0,0,0,0,0,0,0,10,195,253,253,253,232,205,231,253,253,253,253,157,0,0,0,0,0,0,0,0,0,0,0,0,0,0,0,49,253,253,253,155,41,0,220,253,253,253,210,17,0,0,0,0,0,0,0,0,0,0,0,0,0,0,0,49,253,253,188,9,32,189,254,253,253,253,239,81,0,0,0,0,0,0,0,0,0,0,0,0,0,0,0,49,253,253,197,189,226,253,254,253,253,253,253,140,0,0,0,0,0,0,0,0,0,0,0,0,0,0,0,49,253,253,253,253,253,253,254,186,36,117,203,37,0,0,0,0,0,0,0,0,0,0,0,0,0,0,0,5,188,253,253,253,253,253,145,62,0,0,12,0,0,0,0,0,0,0,0,0,0,0,0,0,0,0,0,0,182,253,253,253,143,132,0,0,0,0,0,0,0,0,0,0,0,0,0,0,0,0,0,0,0,0,0,0,0,0,0,0,0,0,0,0,0,0,0,0,0,0,0,0,0,0,0,0,0,0,0,0,0,0,0,0,0,0,0,0,0,0,0,0,0,0,0,0,0,0,0,0,0,0,0,0,0,0,0,0,0,0,0,0,0,0,0,0,0,0,0,0,0,0,0,0,0,0,0,0,0,0,0,0,0,0,0,0,0,0,0,0,0,0,0,0,0,0,0,0,0,0,0,0,0,0,0,0,0,0,0,0,0,0,0,0,0,0,0,0,0,0,0,0,0,0,0,0,0,0,0,0,0,0,0,0,0,0,0
2,0,0,0,0,0,0,0,0,0,0,0,0,0,0,0,0,0,0,0,0,0,0,0,0,0,0,0,0,0,0,0,0,0,0,0,0,0,0,0,0,0,0,0,0,0,0,0,0,0,0,0,0,0,0,0,0,0,0,0,0,0,0,0,0,0,0,0,0,0,0,0,0,0,0,0,0,0,0,0,0,0,0,0,0,0,0,0,0,0,0,0,0,0,0,0,0,0,0,0,105,183,253,156,7,0,0,0,0,0,0,0,0,0,0,0,0,0,0,0,0,0,0,0,0,0,57,173,253,252,252,252,42,0,0,0,0,0,0,0,0,0,0,0,0,0,0,0,0,0,0,13,57,180,246,252,232,152,242,252,51,0,0,0,0,0,0,0,0,0,0,0,0,0,0,0,0,0,0,218,252,252,210,101,0,0,161,252,121,0,0,0,0,0,0,0,0,0,0,0,0,0,0,0,0,0,0,209,252,235,14,0,0,0,127,252,42,0,0,0,0,0,0,0,0,0,0,0,0,0,0,0,0,0,0,0,80,115,70,0,0,0,128,253,42,0,0,0,0,0,0,0,0,0,0,0,0,0,0,0,0,0,0,0,0,0,0,0,0,0,206,252,42,0,0,0,0,0,0,0,0,0,0,0,0,0,0,0,0,0,0,0,0,0,0,0,0,43,242,247,38,0,0,0,0,0,0,0,0,0,0,0,0,0,0,0,0,0,0,0,0,0,0,0,0,112,252,162,0,0,0,0,0,0,0,0,0,0,0,0,0,0,0,0,0,0,0,0,0,0,0,0,0,190,235,14,0,0,0,0,0,0,0,0,0,0,0,0,0,0,0,0,0,0,0,8,43,22,0,0,105,253,170,0,0,0,0,0,0,0,0,0,0,0,0,0,0,0,0,0,0,0,36,157,252,221,120,14,183,252,91,0,0,0,0,0,0,0,0,0,0,0,0,0,0,0,0,0,0,6,206,253,252,252,252,191,253,174,2,0,0,0,0,0,0,0,0,0,0,0,0,0,0,0,0,0,6,155,252,199,84,142,252,252,253,98,0,0,0,0,0,0,0,0,0,0,0,0,0,0,0,0,0,0,22,252,252,62,0,22,252,252,253,107,0,0,0,0,0,0,0,0,0,0,0,0,0,0,0,0,0,0,84,253,191,0,15,192,253,253,255,218,30,0,0,0,0,0,0,0,0,0,0,0,0,0,0,0,0,0,127,252,68,0,121,252,231,124,218,252,212,85,85,86,164,174,0,0,0,0,0,0,0,0,0,0,0,0,180,252,104,189,247,224,16,0,74,205,251,252,252,253,201,72,0,0,0,0,0,0,0,0,0,0,0,0,206,252,252,253,196,42,0,0,0,0,86,189,189,84,21,0,0,0,0,0,0,0,0,0,0,0,0,0,30,173,208,129,28,0,0,0,0,0,0,0,0,0,0,0,0,0,0,0,0,0,0,0,0,0,0,0,0,0,0,0,0,0,0,0,0,0,0,0,0,0,0,0,0,0,0,0,0,0,0,0,0,0,0,0,0,0,0,0,0,0,0,0,0,0,0,0,0,0,0,0,0,0,0,0,0,0,0,0,0,0,0,0,0,0,0,0,0,0,0,0,0,0,0,0,0,0,0,0,0,0,0,0,0,0,0,0,0,0,0,0,0,0,0,0,0,0,0,0,0,0,0,0,0,0,0,0,0,0,0,0,0,0,0,0,0,0,0,0,0,0,0,0,0,0,0,0,0,0,0,0,0,0,0,0,0,0,0,0,0
9,0,0,0,0,0,0,0,0,0,0,0,0,0,0,0,0,0,0,0,0,0,0,0,0,0,0,0,0,0,0,0,0,0,0,0,0,0,0,0,0,0,0,0,0,0,0,0,0,0,0,0,0,0,0,0,0,0,0,0,0,0,0,0,0,0,0,0,0,0,0,0,0,0,0,0,0,0,0,0,0,0,0,0,0,0,0,0,0,0,0,0,0,0,0,0,0,0,0,0,0,0,0,0,0,0,0,0,0,0,0,0,0,0,0,0,0,0,0,0,0,0,0,0,0,0,0,0,0,0,0,0,0,0,0,0,0,0,0,0,0,0,0,0,0,0,0,0,0,0,0,0,0,0,0,0,0,0,0,0,0,0,0,0,0,0,0,0,0,0,0,0,0,0,0,0,0,0,0,0,0,0,0,0,0,0,0,0,0,0,0,0,0,0,0,0,0,0,0,0,0,0,0,0,0,0,0,176,254,255,254,254,254,251,131,6,0,0,0,0,0,0,0,0,0,0,0,0,0,0,0,0,34,194,221,248,254,254,252,225,241,254,254,136,124,11,0,0,0,0,0,0,0,0,0,0,0,0,0,112,244,254,254,212,131,67,63,0,37,181,254,254,254,161,0,0,0,0,0,0,0,0,0,0,0,0,0,250,254,254,141,19,0,0,0,0,0,12,254,254,254,186,0,0,0,0,0,0,0,0,0,0,0,3,129,253,251,92,2,0,0,0,0,0,0,9,245,254,254,177,0,0,0,0,0,0,0,0,0,0,0,29,254,254,197,0,0,0,0,0,0,0,0,0,168,254,254,91,0,0,0,0,0,0,0,0,0,0,0,29,254,254,195,15,0,0,0,0,0,0,30,206,251,254,254,91,0,0,0,0,0,0,0,0,0,0,0,16,209,253,254,154,59,56,20,20,98,144,234,254,254,254,254,91,0,0,0,0,0,0,0,0,0,0,0,0,0,219,254,254,254,254,254,254,254,254,254,254,254,254,250,28,0,0,0,0,0,0,0,0,0,0,0,0,0,9,141,240,254,254,254,226,205,176,110,34,172,254,249,0,0,0,0,0,0,0,0,0,0,0,0,0,0,0,0,34,48,48,48,21,0,0,0,5,205,254,249,0,0,0,0,0,0,0,0,0,0,0,0,0,0,0,0,0,0,0,0,0,0,0,0,10,254,254,183,0,0,0,0,0,0,0,0,0,0,0,0,0,0,0,0,0,0,0,0,0,0,0,0,10,254,254,152,0,0,0,0,0,0,0,0,0,0,0,0,0,0,0,0,0,0,0,0,0,0,0,0,10,254,254,152,0,0,0,0,0,0,0,0,0,0,0,0,0,0,0,0,0,0,0,0,0,0,0,0,4,197,254,180,0,0,0,0,0,0,0,0,0,0,0,0,0,0,0,0,0,0,0,0,0,0,0,0,0,168,254,249,0,0,0,0,0,0,0,0,0,0,0,0,0,0,0,0,0,0,0,0,0,0,0,0,0,168,254,249,0,0,0,0,0,0,0,0,0,0,0,0,0,0,0,0,0,0,0,0,0,0,0,0,0,168,254,252,59,0,0,0,0,0,0,0,0,0,0,0,0,0,0,0,0,0,0,0,0,0,0,0,0,110,250,254,91,0,0,0,0,0,0,0,0,0,0,0,0,0,0,0,0,0,0,0,0,0,0,0,0,0,158,252,57,0,0,0,0,0,0,0,0,0,0,0,0,0,0,0,0,0,0,0,0,0,0,0,0,0,0,0,0,0,0,0,0,0,0,0
2,0,0,0,0,0,0,0,0,0,0,0,0,0,0,0,0,0,0,0,0,0,0,0,0,0,0,0,0,0,0,0,0,0,0,0,0,0,0,0,0,0,0,0,0,0,0,0,0,0,0,0,0,0,0,0,0,0,0,0,0,0,0,0,0,0,0,0,0,0,0,0,0,0,0,0,0,0,0,0,0,0,0,0,0,0,0,0,0,0,0,0,0,0,0,0,0,0,0,0,15,108,180,148,64,0,0,0,0,0,0,0,0,0,0,0,0,0,0,0,0,0,0,0,0,17,99,162,219,252,252,252,116,0,0,0,0,0,0,0,0,0,0,0,0,0,0,0,0,0,0,0,0,93,252,215,183,202,252,252,116,0,0,0,0,0,0,0,0,0,0,0,0,0,0,0,0,0,0,0,0,59,108,21,0,70,252,252,74,0,0,0,0,0,0,0,0,0,0,0,0,0,0,0,0,0,0,0,0,0,0,0,0,70,252,252,0,0,0,0,0,0,0,0,0,0,0,0,0,0,0,0,0,0,0,0,0,0,0,0,0,185,253,137,0,0,0,0,0,0,0,0,0,0,0,0,0,0,0,0,0,0,0,0,0,0,0,0,51,228,252,64,0,0,0,0,0,0,0,0,0,0,0,0,0,0,0,0,0,0,0,0,0,0,0,7,186,252,185,6,0,0,0,0,0,0,0,0,0,0,0,0,0,0,0,0,0,0,0,0,0,0,0,66,252,227,50,0,0,0,0,0,0,0,0,0,0,0,0,0,0,0,0,0,0,0,0,0,0,0,0,243,252,130,0,0,0,0,0,0,0,0,0,0,0,0,0,0,0,0,0,0,0,0,0,0,0,9,181,255,165,32,0,0,0,0,0,0,0,0,0,0,0,0,0,0,0,0,0,0,0,0,0,0,0,114,252,239,33,0,0,0,0,0,0,0,0,0,0,0,0,0,0,0,0,0,0,0,0,0,0,0,83,240,252,115,0,0,0,0,0,0,0,0,0,0,0,0,0,0,0,0,0,0,0,0,0,0,0,17,209,252,210,0,0,0,0,0,0,0,0,0,0,0,0,0,0,0,0,0,0,0,0,0,0,0,11,193,252,252,32,11,116,199,135,116,168,95,0,0,0,0,0,0,0,0,0,0,0,0,0,0,0,0,97,253,253,211,191,255,253,253,253,253,255,207,0,0,0,0,0,0,0,0,0,0,0,0,0,0,0,74,253,252,252,252,252,253,252,231,214,206,232,132,0,0,0,0,0,0,0,0,0,0,0,0,0,0,26,205,253,252,252,252,252,173,69,37,13,0,38,25,0,0,0,0,0,0,0,0,0,0,0,0,0,0,134,252,253,252,185,119,45,0,0,0,0,0,0,0,0,0,0,0,0,0,0,0,0,0,0,0,0,0,61,242,243,117,6,0,0,0,0,0,0,0,0,0,0,0,0,0,0,0,0,0,0,0,0,0,0,0,0,0,0,0,0,0,0,0,0,0,0,0,0,0,0,0,0,0,0,0,0,0,0,0,0,0,0,0,0,0,0,0,0,0,0,0,0,0,0,0,0,0,0,0,0,0,0,0,0,0,0,0,0,0,0,0,0,0,0,0,0,0,0,0,0,0,0,0,0,0,0,0,0,0,0,0,0,0,0,0,0,0,0,0,0,0,0,0,0,0,0,0,0,0,0,0,0,0,0,0,0,0,0,0,0,0,0,0,0,0,0,0,0,0,0,0,0,0,0,0,0,0,0,0,0,0,0,0,0,0,0,0,0
7,0,0,0,0,0,0,0,0,0,0,0,0,0,0,0,0,0,0,0,0,0,0,0,0,0,0,0,0,0,0,0,0,0,0,0,0,0,0,0,0,0,0,0,0,0,0,0,0,0,0,0,0,0,0,0,0,0,0,0,0,0,0,0,0,0,0,0,0,0,0,0,0,0,0,0,0,0,0,0,0,0,0,0,0,0,0,0,0,0,0,0,0,0,0,0,0,0,0,0,0,0,0,0,0,0,0,0,0,0,0,0,0,0,0,0,0,0,0,0,0,0,0,0,0,0,0,0,0,0,0,0,0,0,0,0,0,0,0,0,0,0,0,0,0,0,0,0,0,0,0,0,0,0,0,0,0,0,0,0,0,0,0,0,0,0,0,0,0,0,0,0,0,0,0,0,0,0,0,0,0,0,0,0,0,0,0,0,0,0,0,0,0,0,0,0,0,0,0,0,0,0,0,0,0,0,0,0,0,0,0,0,0,0,0,0,0,0,0,0,0,0,0,0,0,0,0,48,47,2,0,0,0,0,0,0,0,0,0,0,0,0,0,0,0,0,0,0,0,0,0,0,0,0,0,255,253,199,163,94,94,94,94,94,94,94,94,129,197,197,197,197,197,197,155,0,0,0,0,0,0,0,0,182,253,253,253,253,253,253,253,253,253,253,253,253,253,253,253,253,253,253,196,0,0,0,0,0,0,0,0,13,67,67,67,67,67,67,67,67,67,67,67,67,67,67,67,67,227,253,149,0,0,0,0,0,0,0,0,0,0,0,0,0,0,0,0,0,0,0,0,0,0,0,0,7,222,248,50,0,0,0,0,0,0,0,0,0,0,0,0,0,0,0,0,0,0,0,0,0,0,0,0,98,253,125,0,0,0,0,0,0,0,0,0,0,0,0,0,0,0,0,0,0,0,0,0,0,0,0,19,244,253,87,0,0,0,0,0,0,0,0,0,0,0,0,0,0,0,0,0,0,0,0,0,0,0,0,90,253,217,0,0,0,0,0,0,0,0,0,0,0,0,0,0,0,0,0,0,0,0,0,0,0,0,34,223,253,53,0,0,0,0,0,0,0,0,0,0,0,0,0,0,0,0,0,0,0,0,0,0,0,0,79,253,191,14,0,0,0,0,0,0,0,0,0,0,0,0,0,0,0,0,0,0,0,0,0,0,0,13,189,245,51,0,0,0,0,0,0,0,0,0,0,0,0,0,0,0,0,0,0,0,0,0,0,0,0,133,253,216,0,0,0,0,0,0,0,0,0,0,0,0,0,0,0,0,0,0,0,0,0,0,0,0,0,214,253,93,0,0,0,0,0,0,0,0,0,0,0,0,0,0,0,0,0,0,0,0,0,0,0,0,48,247,212,12,0,0,0,0,0,0,0,0,0,0,0,0,0,0,0,0,0,0,0,0,0,0,0,0,163,253,175,0,0,0,0,0,0,0,0,0,0,0,0,0,0,0,0,0,0,0,0,0,0,0,0,30,222,251,77,0,0,0,0,0,0,0,0,0,0,0,0,0,0,0,0,0,0,0,0,0,0,0,0,216,253,152,0,0,0,0,0,0,0,0,0,0,0,0,0,0,0,0,0,0,0,0,0,0,0,0,0,249,253,72,0,0,0,0,0,0,0,0,0,0,0,0,0,0,0,0,0,0,0,0,0,0,0,0,0,193,160,6,0,0,0,0,0,0,0,0,0,0,0,0,0,0,0,0,0,0,0,0,0,0,0,0,0,0,0,0,0,0,0,0,0,0,0,0,0,0,0,0
3,0,0,0,0,0,0,0,0,0,0,0,0,0,0,0,0,0,0,0,0,0,0,0,0,0,0,0,0,0,0,0,0,0,0,0,0,0,0,0,0,0,0,0,0,0,0,0,0,0,0,0,0,0,0,0,0,0,0,0,0,0,0,0,0,0,0,0,0,0,0,0,0,0,0,0,0,0,0,0,0,0,0,0,0,0,0,0,0,0,0,0,0,0,0,0,0,0,0,0,0,0,0,0,0,0,0,0,0,0,0,0,0,0,0,0,0,0,0,0,0,0,0,0,0,0,0,0,0,0,0,0,0,0,0,0,0,0,0,0,0,0,0,0,0,0,0,0,0,0,0,0,0,0,0,0,0,0,0,0,0,0,0,0,0,0,0,0,0,0,0,0,0,0,167,152,195,174,174,195,188,181,132,38,5,0,0,0,0,0,0,0,0,0,0,0,0,0,0,0,0,199,248,254,254,254,247,254,248,245,254,254,121,30,0,0,0,0,0,0,0,0,0,0,0,0,0,0,0,109,245,191,120,85,22,85,35,10,85,179,245,247,25,0,0,0,0,0,0,0,0,0,0,0,0,0,0,0,17,4,0,0,0,0,0,0,0,13,231,254,136,0,0,0,0,0,0,0,0,0,0,0,0,0,0,0,0,0,0,0,0,0,0,3,90,220,254,253,96,0,0,0,0,0,0,0,0,0,0,0,0,0,0,0,0,0,0,0,0,0,51,138,254,254,254,112,0,0,0,0,0,0,0,0,0,0,0,0,0,0,0,0,0,0,0,0,26,154,250,254,254,138,19,2,0,0,0,0,0,0,0,0,0,0,0,0,0,0,0,0,0,0,0,41,233,254,254,254,254,218,168,161,217,107,0,0,0,0,0,0,0,0,0,0,0,0,0,0,0,0,0,13,142,159,138,111,159,160,243,254,254,241,188,126,0,0,0,0,0,0,0,0,0,0,0,0,0,0,0,0,0,0,0,0,0,0,0,0,64,147,218,255,142,59,0,0,0,0,0,0,0,0,0,0,0,0,0,0,0,13,129,20,0,0,0,0,0,0,20,153,252,225,0,0,0,0,0,0,0,0,0,0,0,0,0,0,8,189,206,9,0,0,0,0,0,0,0,0,133,247,128,0,0,0,0,0,0,0,0,0,0,0,0,0,19,254,103,0,0,0,0,0,0,0,0,26,150,254,190,0,0,0,0,0,0,0,0,0,0,0,0,0,54,254,103,0,0,0,0,0,0,0,22,117,254,248,95,0,0,0,0,0,0,0,0,0,0,0,0,0,19,254,149,10,0,5,3,15,19,107,211,254,249,173,0,0,0,0,0,0,0,0,0,0,0,0,0,0,13,197,254,217,179,199,187,237,254,254,254,254,165,0,0,0,0,0,0,0,0,0,0,0,0,0,0,0,0,3,121,197,218,254,254,254,216,179,68,103,7,0,0,0,0,0,0,0,0,0,0,0,0,0,0,0,0,0,0,0,14,37,51,58,13,0,0,0,0,0,0,0,0,0,0,0,0,0,0,0,0,0,0,0,0,0,0,0,0,0,0,0,0,0,0,0,0,0,0,0,0,0,0,0,0,0,0,0,0,0,0,0,0,0,0,0,0,0,0,0,0,0,0,0,0,0,0,0,0,0,0,0,0,0,0,0,0,0,0,0,0,0,0,0,0,0,0,0,0,0,0,0,0,0,0,0,0,0,0,0,0,0,0,0,0,0,0,0,0,0,0,0,0,0,0,0,0,0,0,0,0,0,0,0,0,0,0
5,0,0,0,0,0,0,0,0,0,0,0,0,0,0,0,0,0,0,0,0,0,0,0,0,0,0,0,0,0,0,0,0,0,0,0,0,0,0,0,0,0,0,0,0,0,0,0,0,0,0,0,0,0,0,0,0,0,0,0,0,0,0,0,0,0,0,0,0,0,0,0,0,0,0,0,0,0,0,0,0,0,0,0,0,0,0,0,0,0,0,0,0,0,0,0,0,0,0,0,0,0,0,0,0,0,0,0,0,0,0,0,0,0,0,0,0,0,0,0,0,0,0,0,0,0,0,0,0,0,0,0,0,0,0,0,0,0,0,0,0,0,0,0,0,0,0,0,0,0,0,0,0,0,0,0,0,0,0,0,0,0,0,0,0,0,0,0,0,0,0,0,0,0,0,0,0,0,0,0,0,0,0,0,0,0,0,0,0,0,0,0,0,0,0,0,0,0,0,0,0,0,0,0,0,0,18,0,0,0,0,0,0,0,0,0,0,0,0,0,0,0,0,0,0,0,0,0,0,0,0,0,0,0,169,190,190,190,129,85,85,85,85,50,21,0,0,0,0,0,0,0,0,0,0,0,0,0,0,0,0,0,181,252,252,252,253,252,252,252,252,245,237,232,232,232,216,127,127,127,83,0,0,0,0,0,0,0,0,0,50,244,252,252,253,252,247,189,215,216,189,189,189,189,190,189,180,128,84,0,0,0,0,0,0,0,0,0,128,252,252,164,147,147,47,0,18,18,0,0,0,0,0,0,0,0,0,0,0,0,0,0,0,0,0,43,253,253,172,0,0,0,0,0,0,0,0,0,0,0,0,0,0,0,0,0,0,0,0,0,0,0,0,78,252,236,21,0,0,0,0,0,0,0,0,0,0,0,0,0,0,0,0,0,0,0,0,0,0,0,0,148,252,231,0,0,0,0,0,0,0,0,0,0,0,0,0,0,0,0,0,0,0,0,0,0,0,0,0,122,252,231,0,0,0,0,0,0,0,0,0,0,0,0,0,0,0,0,0,0,0,0,0,0,0,0,0,25,226,249,140,18,0,0,0,0,0,0,0,0,0,0,0,0,0,0,0,0,0,0,0,0,0,0,0,0,71,232,253,165,18,0,0,0,0,0,0,0,0,0,0,0,0,0,0,0,0,0,0,0,0,0,0,0,0,41,224,252,217,83,0,0,0,0,0,0,0,0,0,0,0,0,0,0,0,0,0,0,0,0,0,0,0,0,14,152,253,210,19,0,0,0,0,0,0,0,0,0,0,0,0,0,0,0,0,0,0,0,0,0,0,0,0,0,183,252,126,0,0,0,0,0,0,0,0,0,0,0,0,0,0,0,0,0,0,0,0,0,0,0,0,0,148,252,126,0,0,0,0,0,0,0,0,0,0,0,0,0,0,0,0,0,0,0,0,0,0,0,0,62,255,253,65,0,0,0,0,0,0,0,0,0,0,0,0,0,0,0,0,0,0,0,0,36,0,0,57,199,253,189,5,0,0,0,0,0,0,0,0,0,0,0,0,0,0,0,0,0,0,0,0,189,153,135,246,252,223,40,0,0,0,0,0,0,0,0,0,0,0,0,0,0,0,0,0,0,0,0,0,67,210,252,252,199,35,0,0,0,0,0,0,0,0,0,0,0,0,0,0,0,0,0,0,0,0,0,0,0,14,42,42,7,0,0,0,0,0,0,0,0,0,0,0,0,0,0,0,0,0,0,0,0,0,0,0,0,0,0,0,0,0,0,0,0,0,0,0,0,0,0,0,0,0,0,0
9,0,0,0,0,0,0,0,0,0,0,0,0,0,0,0,0,0,0,0,0,0,0,0,0,0,0,0,0,0,0,0,0,0,0,0,0,0,0,0,0,0,0,0,0,0,0,0,0,0,0,0,0,0,0,0,0,0,0,0,0,0,0,0,0,0,0,0,0,0,0,0,0,0,0,0,0,0,0,0,0,0,0,0,0,0,0,0,0,0,0,0,0,0,0,0,0,0,0,0,0,0,0,0,0,0,0,0,0,0,0,0,0,0,0,0,0,0,0,0,0,0,0,0,0,0,0,0,0,0,0,0,0,0,0,0,0,0,0,0,0,0,0,0,0,0,0,0,0,0,0,0,0,0,0,0,0,0,0,0,0,0,0,0,0,0,0,0,0,0,0,0,0,0,0,0,0,0,0,0,0,0,78,158,253,210,83,0,0,0,0,0,0,0,0,0,0,0,0,0,0,0,0,0,0,0,0,0,0,131,243,253,252,252,246,90,0,0,0,0,0,0,0,0,0,0,0,0,0,0,0,0,0,0,0,0,18,213,252,240,125,217,252,197,0,0,0,0,0,0,0,0,0,0,0,0,0,0,0,0,0,0,0,16,201,252,243,106,64,251,252,250,110,0,0,0,0,0,0,0,0,0,0,0,0,0,0,0,0,0,58,207,252,252,119,8,155,252,252,252,140,0,0,0,0,0,0,0,0,0,0,0,0,0,0,0,0,82,217,252,198,83,7,34,252,252,252,252,55,0,0,0,0,0,0,0,0,0,0,0,0,0,0,0,0,165,252,247,52,0,0,87,252,252,252,202,5,0,0,0,0,0,0,0,0,0,0,0,0,0,0,0,4,180,252,241,0,0,0,143,252,252,252,130,0,0,0,0,0,0,0,0,0,0,0,0,0,0,0,0,6,188,252,241,0,0,0,177,252,252,246,61,0,0,0,0,0,0,0,0,0,0,0,0,0,0,0,0,0,165,252,246,92,82,63,253,252,252,134,0,0,0,0,0,0,0,0,0,0,0,0,0,0,0,0,0,0,25,208,253,253,253,253,255,253,183,5,0,0,0,0,0,0,0,0,0,0,0,0,0,0,0,0,0,0,0,27,180,252,252,252,253,252,44,0,0,0,0,0,0,0,0,0,0,0,0,0,0,0,0,0,0,0,0,0,2,63,72,134,253,252,44,0,0,0,0,0,0,0,0,0,0,0,0,0,0,0,0,0,0,0,0,0,0,0,0,168,253,252,44,0,0,0,0,0,0,0,0,0,0,0,0,0,0,0,0,0,0,0,0,0,0,0,0,220,253,209,15,0,0,0,0,0,0,0,0,0,0,0,0,0,0,0,0,0,0,0,0,0,0,0,61,245,253,186,0,0,0,0,0,0,0,0,0,0,0,0,0,0,0,0,0,0,0,0,0,0,0,0,78,252,253,138,0,0,0,0,0,0,0,0,0,0,0,0,0,0,0,0,0,0,0,0,0,0,0,0,144,252,253,120,0,0,0,0,0,0,0,0,0,0,0,0,0,0,0,0,0,0,0,0,0,0,0,0,187,252,253,77,0,0,0,0,0,0,0,0,0,0,0,0,0,0,0,0,0,0,0,0,0,0,0,0,58,190,224,10,0,0,0,0,0,0,0,0,0,0,0,0,0,0,0,0,0,0,0,0,0,0,0,0,0,0,0,0,0,0,0,0,0,0,0,0,0,0,0,0,0,0,0,0,0,0,0,0,0,0,0,0,0,0,0,0,0,0,0,0,0,0,0,0,0,0,0,0
1,0,0,0,0,0,0,0,0,0,0,0,0,0,0,0,0,0,0,0,0,0,0,0,0,0,0,0,0,0,0,0,0,0,0,0,0,0,0,0,0,0,0,0,0,0,0,0,0,0,0,0,0,0,0,0,0,0,0,0,0,0,0,0,0,0,0,0,0,0,0,0,0,0,0,0,0,0,0,0,0,0,0,0,0,0,0,0,0,0,0,0,0,0,0,0,0,0,0,0,0,0,0,0,0,0,0,0,0,0,0,0,0,0,0,0,0,0,0,0,0,0,0,0,0,175,207,22,0,0,0,0,0,0,0,0,0,0,0,0,0,0,0,0,0,0,0,0,0,0,0,0,0,249,254,100,0,0,0,0,0,0,0,0,0,0,0,0,0,0,0,0,0,0,0,0,0,0,0,0,111,254,254,244,58,0,0,0,0,0,0,0,0,0,0,0,0,0,0,0,0,0,0,0,0,0,0,0,32,250,254,254,173,0,0,0,0,0,0,0,0,0,0,0,0,0,0,0,0,0,0,0,0,0,0,0,0,230,254,254,206,0,0,0,0,0,0,0,0,0,0,0,0,0,0,0,0,0,0,0,0,0,0,0,0,111,254,254,206,0,0,0,0,0,0,0,0,0,0,0,0,0,0,0,0,0,0,0,0,0,0,0,0,111,254,254,206,0,0,0,0,0,0,0,0,0,0,0,0,0,0,0,0,0,0,0,0,0,0,0,0,111,254,254,206,0,0,0,0,0,0,0,0,0,0,0,0,0,0,0,0,0,0,0,0,0,0,0,0,111,254,254,223,32,0,0,0,0,0,0,0,0,0,0,0,0,0,0,0,0,0,0,0,0,0,0,0,111,254,254,254,89,0,0,0,0,0,0,0,0,0,0,0,0,0,0,0,0,0,0,0,0,0,0,0,111,254,254,254,89,0,0,0,0,0,0,0,0,0,0,0,0,0,0,0,0,0,0,0,0,0,0,0,99,252,255,254,107,12,0,0,0,0,0,0,0,0,0,0,0,0,0,0,0,0,0,0,0,0,0,0,0,224,254,254,254,110,0,0,0,0,0,0,0,0,0,0,0,0,0,0,0,0,0,0,0,0,0,0,0,157,254,254,254,110,0,0,0,0,0,0,0,0,0,0,0,0,0,0,0,0,0,0,0,0,0,0,0,97,254,254,254,241,0,0,0,0,0,0,0,0,0,0,0,0,0,0,0,0,0,0,0,0,0,0,0,91,254,254,255,248,0,0,0,0,0,0,0,0,0,0,0,0,0,0,0,0,0,0,0,0,0,0,0,69,243,254,254,248,0,0,0,0,0,0,0,0,0,0,0,0,0,0,0,0,0,0,0,0,0,0,0,0,207,254,254,248,0,0,0,0,0,0,0,0,0,0,0,0,0,0,0,0,0,0,0,0,0,0,0,0,196,254,252,152,0,0,0,0,0,0,0,0,0,0,0,0,0,0,0,0,0,0,0,0,0,0,0,0,32,218,151,0,0,0,0,0,0,0,0,0,0,0,0,0,0,0,0,0,0,0,0,0,0,0,0,0,0,0,0,0,0,0,0,0,0,0,0,0,0,0,0,0,0,0,0,0,0,0,0,0,0,0,0,0,0,0,0,0,0,0,0,0,0,0,0,0,0,0,0,0,0,0,0,0,0,0,0,0,0,0,0,0,0,0,0,0,0,0,0,0,0,0,0,0,0,0,0,0,0,0,0,0,0,0,0,0,0,0,0,0,0,0,0,0,0,0,0,0,0,0,0,0,0,0
8,0,0,0,0,0,0,0,0,0,0,0,0,0,0,0,0,0,0,0,0,0,0,0,0,0,0,0,0,0,0,0,0,0,0,0,0,0,0,0,0,0,0,0,0,0,0,0,0,0,0,0,0,0,0,0,0,0,0,0,0,0,0,0,0,0,0,0,0,0,0,0,0,0,0,0,0,0,0,0,0,0,0,0,0,0,0,0,0,0,0,0,0,0,0,0,0,0,0,0,0,0,0,0,0,0,0,0,0,0,0,0,0,0,0,0,0,0,0,0,0,0,0,0,0,0,0,0,13,24,108,191,191,74,0,0,0,0,0,0,0,0,0,0,0,0,0,0,0,0,0,0,0,13,140,161,212,252,252,231,252,230,0,0,0,0,0,0,0,0,0,0,0,0,0,0,0,0,0,7,142,203,252,252,253,208,100,37,205,247,67,0,0,0,0,0,0,0,0,0,0,0,0,0,0,0,0,160,252,252,252,168,46,17,0,34,218,234,17,0,0,0,0,0,0,0,0,0,0,0,0,0,0,0,53,253,252,136,22,2,0,0,0,197,252,230,0,0,0,0,0,0,0,0,0,0,0,0,0,0,0,0,231,252,84,0,0,0,0,0,49,233,243,53,0,0,0,0,0,0,0,0,0,0,0,0,0,0,0,60,244,157,0,0,0,0,0,30,228,252,117,0,0,0,0,0,0,0,0,0,0,0,0,0,0,0,0,93,252,146,0,0,0,0,38,155,252,153,6,0,0,0,0,0,0,0,0,0,0,0,0,0,0,0,0,93,252,249,133,93,93,197,233,252,153,9,0,0,0,0,0,0,0,0,0,0,0,0,0,0,0,0,0,9,179,253,252,252,252,252,243,117,6,0,0,0,0,0,0,0,0,0,0,0,0,0,0,0,0,0,0,0,11,255,253,253,253,253,255,159,76,5,0,0,0,0,0,0,0,0,0,0,0,0,0,0,0,0,0,0,136,253,252,218,206,206,232,252,252,83,5,0,0,0,0,0,0,0,0,0,0,0,0,0,0,0,0,68,246,253,134,19,0,0,48,196,252,252,107,0,0,0,0,0,0,0,0,0,0,0,0,0,0,0,0,93,252,234,17,0,0,0,0,30,185,252,137,0,0,0,0,0,0,0,0,0,0,0,0,0,0,0,0,93,252,230,0,0,0,0,0,0,174,252,137,0,0,0,0,0,0,0,0,0,0,0,0,0,0,0,0,85,251,244,50,0,0,0,0,26,222,253,137,0,0,0,0,0,0,0,0,0,0,0,0,0,0,0,0,0,230,253,113,0,0,0,26,136,252,235,60,0,0,0,0,0,0,0,0,0,0,0,0,0,0,0,0,0,146,253,240,153,70,122,222,252,202,44,0,0,0,0,0,0,0,0,0,0,0,0,0,0,0,0,0,0,21,211,252,252,252,252,253,235,64,0,0,0,0,0,0,0,0,0,0,0,0,0,0,0,0,0,0,0,0,23,137,221,252,252,190,60,0,0,0,0,0,0,0,0,0,0,0,0,0,0,0,0,0,0,0,0,0,0,0,0,0,0,0,0,0,0,0,0,0,0,0,0,0,0,0,0,0,0,0,0,0,0,0,0,0,0,0,0,0,0,0,0,0,0,0,0,0,0,0,0,0,0,0,0,0,0,0,0,0,0,0,0,0,0,0,0,0,0,0,0,0,0,0,0,0,0,0,0,0,0,0,0,0,0,0,0,0,0,0,0,0,0,0,0,0,0,0,0,0,0,0,0,0,0,0,0,0,0,0
0,0,0,0,0,0,0,0,0,0,0,0,0,0,0,0,0,0,0,0,0,0,0,0,0,0,0,0,0,0,0,0,0,0,0,0,0,0,0,0,0,0,0,0,0,0,0,0,0,0,0,0,0,0,0,0,0,0,0,0,0,0,0,0,0,0,0,0,0,0,0,0,0,0,0,0,0,0,0,0,0,0,0,0,0,0,0,0,0,0,0,0,0,0,0,0,0,0,0,0,0,0,0,0,0,0,0,0,0,0,0,0,0,0,0,0,0,0,0,0,0,0,0,0,0,0,0,0,0,0,0,0,0,0,0,0,0,0,0,0,0,0,0,0,0,0,0,0,0,0,0,0,0,0,0,0,0,0,0,0,0,0,0,0,0,0,0,0,0,0,0,0,0,0,0,0,0,0,0,0,0,0,0,0,0,0,0,0,0,0,0,0,0,0,0,0,0,0,0,0,0,0,0,0,0,0,0,0,0,0,0,0,0,0,0,0,0,0,0,0,0,0,0,0,0,0,0,0,0,0,0,0,0,0,0,0,0,0,0,0,0,0,32,77,189,189,159,72,10,0,0,0,0,0,0,0,0,0,0,0,0,0,0,38,92,207,207,207,207,207,228,253,253,253,253,253,213,56,0,0,0,0,0,0,0,0,0,0,0,0,38,224,253,253,253,253,253,253,206,147,147,147,174,253,253,135,0,0,0,0,0,0,0,0,0,0,2,40,225,253,253,247,173,129,222,207,17,0,0,0,3,145,253,137,0,0,0,0,0,0,0,0,0,0,65,253,253,253,225,0,0,0,34,70,0,0,0,0,0,84,253,187,0,0,0,0,0,0,0,0,0,98,223,253,253,167,4,0,0,0,0,0,0,0,0,0,11,166,253,135,0,0,0,0,0,0,0,0,5,177,253,253,163,9,0,0,0,0,0,0,0,0,0,12,164,253,253,135,0,0,0,0,0,0,0,0,110,253,253,162,11,0,0,0,0,0,0,0,0,0,46,165,253,253,223,39,0,0,0,0,0,0,0,0,236,253,233,41,0,0,0,0,0,0,0,36,95,155,237,253,253,178,41,0,0,0,0,0,0,0,0,0,255,253,200,0,0,0,0,0,0,27,148,239,253,253,253,232,111,5,0,0,0,0,0,0,0,0,0,0,133,253,252,215,130,81,126,130,205,250,253,253,243,180,110,4,0,0,0,0,0,0,0,0,0,0,0,0,16,242,253,253,253,253,253,253,253,253,244,125,10,0,0,0,0,0,0,0,0,0,0,0,0,0,0,0,0,70,238,253,253,253,252,206,186,88,62,0,0,0,0,0,0,0,0,0,0,0,0,0,0,0,0,0,0,0,48,70,70,70,69,0,0,0,0,0,0,0,0,0,0,0,0,0,0,0,0,0,0,0,0,0,0,0,0,0,0,0,0,0,0,0,0,0,0,0,0,0,0,0,0,0,0,0,0,0,0,0,0,0,0,0,0,0,0,0,0,0,0,0,0,0,0,0,0,0,0,0,0,0,0,0,0,0,0,0,0,0,0,0,0,0,0,0,0,0,0,0,0,0,0,0,0,0,0,0,0,0,0,0,0,0,0,0,0,0,0,0,0,0,0,0,0,0,0,0,0,0,0,0,0,0,0,0,0,0,0,0,0,0,0,0,0,0,0,0,0,0,0,0,0,0,0,0,0,0,0,0,0,0,0,0,0,0,0,0,0,0,0,0,0,0,0,0,0,0,0,0,0,0,0,0,0,0,0,0,0,0,0,0,0,0,0,0,0
2,0,0,0,0,0,0,0,0,0,0,0,0,0,0,0,0,0,0,0,0,0,0,0,0,0,0,0,0,0,0,0,0,0,0,0,0,0,0,0,0,0,0,0,0,0,0,0,0,0,0,0,0,0,0,0,0,0,0,0,0,0,0,0,0,0,0,0,0,0,0,0,0,0,0,0,0,0,0,0,0,0,0,0,0,0,0,0,0,0,0,0,0,0,0,0,0,0,0,0,0,0,0,0,0,0,0,0,0,0,0,0,0,0,0,0,0,0,0,0,7,24,128,202,253,253,253,148,74,0,0,0,0,0,0,0,0,0,0,0,0,0,0,0,0,0,5,120,186,252,252,253,252,252,252,252,245,88,13,0,0,0,0,0,0,0,0,0,0,0,0,0,0,0,55,252,252,252,189,184,183,130,183,215,253,252,100,0,0,0,0,0,0,0,0,0,0,0,0,0,0,0,97,252,195,45,4,0,0,0,0,21,211,252,208,17,0,0,0,0,0,0,0,0,0,0,0,0,0,0,3,96,100,0,0,0,0,0,0,0,34,252,252,98,0,0,0,0,0,0,0,0,0,0,0,0,0,0,0,0,0,0,0,0,0,0,0,0,24,253,253,161,0,0,0,0,0,0,0,0,0,0,0,0,0,0,0,0,0,0,0,0,0,0,0,0,24,252,252,160,0,0,0,0,0,0,0,0,0,0,0,0,0,0,0,0,0,0,0,0,0,0,0,0,24,252,252,160,0,0,0,0,0,0,0,0,0,0,0,0,0,0,0,0,0,0,0,0,0,0,0,0,66,252,252,119,0,0,0,0,0,0,0,0,0,0,0,0,0,0,0,0,0,0,0,0,0,0,0,0,191,252,221,25,0,0,0,0,0,0,0,0,0,0,0,0,0,0,0,0,0,0,0,0,0,0,0,127,255,249,63,0,0,0,0,0,0,0,0,0,0,0,0,0,0,0,0,0,0,0,0,0,0,0,81,244,249,117,0,0,0,0,0,0,0,0,0,0,0,0,0,0,0,0,0,0,0,0,0,0,0,19,220,252,230,0,0,0,0,0,0,0,0,0,0,0,0,0,0,0,0,0,0,0,0,0,0,0,17,188,252,252,94,0,0,0,0,0,0,0,0,0,0,0,0,0,0,0,0,0,0,0,0,0,0,11,193,252,252,95,0,0,0,0,0,0,0,0,0,0,0,0,0,0,0,0,0,0,0,0,0,0,11,202,253,253,211,138,139,138,138,138,138,139,138,138,97,13,0,0,0,0,0,0,0,0,0,0,0,38,193,253,252,252,252,252,253,252,252,252,252,253,252,252,252,137,0,0,0,0,0,0,0,0,0,0,83,240,252,253,252,252,227,183,184,183,183,183,183,184,183,183,183,48,0,0,0,0,0,0,0,0,0,132,240,252,252,203,139,45,29,0,0,0,0,0,0,0,0,0,0,0,0,0,0,0,0,0,0,0,0,161,252,157,32,11,0,0,0,0,0,0,0,0,0,0,0,0,0,0,0,0,0,0,0,0,0,0,0,0,0,0,0,0,0,0,0,0,0,0,0,0,0,0,0,0,0,0,0,0,0,0,0,0,0,0,0,0,0,0,0,0,0,0,0,0,0,0,0,0,0,0,0,0,0,0,0,0,0,0,0,0,0,0,0,0,0,0,0,0,0,0,0,0,0,0,0,0,0,0,0,0,0,0,0,0,0,0,0,0,0,0,0,0,0,0,0,0,0,0,0,0,0,0,0,0,0,0,0,0,0,0,0,0,0
0,0,0,0,0,0,0,0,0,0,0,0,0,0,0,0,0,0,0,0,0,0,0,0,0,0,0,0,0,0,0,0,0,0,0,0,0,0,0,0,0,0,0,0,0,0,0,0,0,0,0,0,0,0,0,0,0,0,0,0,0,0,0,0,0,0,0,0,0,0,0,0,0,0,0,0,0,0,0,0,0,0,0,0,0,0,0,0,0,0,0,0,0,0,0,0,0,0,0,0,0,0,0,0,0,0,0,0,0,0,0,0,0,0,0,0,0,0,0,0,0,0,0,0,0,47,231,254,213,80,0,0,0,0,0,0,0,0,0,0,0,0,0,0,0,0,0,0,0,0,0,57,143,234,253,253,253,243,158,4,0,0,0,0,0,0,0,0,0,0,0,0,0,0,0,0,0,0,20,201,253,218,113,109,215,253,253,166,8,0,0,0,0,0,0,0,0,0,0,0,0,0,0,0,0,0,76,253,254,28,0,0,17,157,250,253,164,6,0,0,0,0,0,0,0,0,0,0,0,0,0,0,0,0,143,253,228,10,0,0,0,0,117,253,254,104,0,0,0,0,0,0,0,0,0,0,0,0,0,0,0,23,215,250,71,0,0,0,0,0,2,127,254,246,69,0,0,0,0,0,0,0,0,0,0,0,0,0,0,121,253,223,0,0,0,0,0,0,0,20,232,253,120,0,0,0,0,0,0,0,0,0,0,0,0,0,0,135,253,223,0,0,0,0,0,0,0,0,76,253,134,0,0,0,0,0,0,0,0,0,0,0,0,0,0,180,253,147,0,0,0,0,0,0,0,0,26,253,219,0,0,0,0,0,0,0,0,0,0,0,0,0,0,219,253,65,0,0,0,0,0,0,0,0,85,253,159,0,0,0,0,0,0,0,0,0,0,0,0,0,53,247,253,24,0,0,0,0,0,0,0,0,205,253,120,0,0,0,0,0,0,0,0,0,0,0,0,0,65,254,206,9,0,0,0,0,0,0,0,17,231,253,120,0,0,0,0,0,0,0,0,0,0,0,0,0,65,253,212,11,0,0,0,0,0,0,7,192,253,211,26,0,0,0,0,0,0,0,0,0,0,0,0,0,65,253,253,24,0,0,0,0,0,17,121,253,247,54,0,0,0,0,0,0,0,0,0,0,0,0,0,0,66,254,254,24,0,0,0,0,11,119,254,253,92,0,0,0,0,0,0,0,0,0,0,0,0,0,0,0,65,253,253,56,0,0,0,0,136,253,249,146,9,0,0,0,0,0,0,0,0,0,0,0,0,0,0,0,31,235,254,181,24,34,112,194,250,254,172,0,0,0,0,0,0,0,0,0,0,0,0,0,0,0,0,0,0,184,253,253,232,250,254,253,252,140,10,0,0,0,0,0,0,0,0,0,0,0,0,0,0,0,0,0,0,103,254,253,254,253,254,190,68,0,0,0,0,0,0,0,0,0,0,0,0,0,0,0,0,0,0,0,0,5,152,253,253,143,54,1,0,0,0,0,0,0,0,0,0,0,0,0,0,0,0,0,0,0,0,0,0,0,0,0,0,0,0,0,0,0,0,0,0,0,0,0,0,0,0,0,0,0,0,0,0,0,0,0,0,0,0,0,0,0,0,0,0,0,0,0,0,0,0,0,0,0,0,0,0,0,0,0,0,0,0,0,0,0,0,0,0,0,0,0,0,0,0,0,0,0,0,0,0,0,0,0,0,0,0,0,0,0,0,0,0,0,0,0,0,0,0,0,0,0,0,0,0,0,0,0,0,0,0,0,0
5,0,0,0,0,0,0,0,0,0,0,0,0,0,0,0,0,0,0,0,0,0,0,0,0,0,0,0,0,0,0,0,0,0,0,0,0,0,0,0,0,0,0,0,0,0,0,0,0,0,0,0,0,0,0,0,0,0,0,0,0,0,0,0,0,0,0,0,0,0,0,0,0,0,0,0,0,0,0,0,0,0,0,0,0,0,0,0,0,0,0,0,0,0,0,0,0,0,0,0,0,0,0,0,0,0,0,0,0,0,0,0,0,0,0,0,0,0,0,0,0,0,0,0,0,0,0,15,48,220,210,21,0,0,0,0,0,0,0,0,0,0,0,0,0,0,0,0,0,0,0,0,0,41,100,209,253,252,252,121,0,0,0,0,0,0,0,0,0,0,0,0,0,0,0,0,0,0,0,0,5,193,252,252,253,252,252,121,0,0,0,0,0,0,0,0,0,0,0,0,0,0,0,0,0,0,0,8,224,252,252,252,253,247,230,62,0,0,0,0,0,0,0,0,0,0,0,0,0,0,0,0,0,0,13,172,252,252,252,252,198,98,0,0,0,0,0,0,0,0,0,0,0,0,0,0,0,0,0,0,0,0,94,252,252,252,252,128,0,0,0,0,0,0,0,0,0,0,0,0,0,0,0,0,0,0,0,0,0,21,245,252,252,252,181,3,0,0,0,0,0,0,0,0,0,0,0,0,0,0,0,0,0,0,0,0,0,23,252,252,252,252,222,154,45,14,0,0,0,0,0,0,0,0,0,0,0,0,0,0,0,0,0,0,0,16,226,252,252,252,252,252,253,207,144,4,0,0,0,0,0,0,0,0,0,0,0,0,0,0,0,0,0,0,70,252,252,252,252,252,253,252,252,202,0,0,0,0,0,0,0,0,0,0,0,0,0,0,0,0,0,0,0,39,116,220,245,253,255,253,253,253,157,8,0,0,0,0,0,0,0,0,0,0,0,0,0,0,0,0,0,0,0,0,57,172,253,252,252,252,252,55,0,0,0,0,0,0,0,0,0,0,0,0,0,0,0,0,0,0,0,0,0,0,44,99,252,252,252,145,0,0,0,0,0,0,0,0,0,0,0,0,0,0,0,0,0,0,0,0,0,0,27,163,252,252,252,164,0,0,0,0,0,0,0,0,0,0,0,0,0,0,0,0,0,20,104,22,17,104,215,252,252,252,252,140,0,0,0,0,0,0,0,0,0,0,0,0,0,0,0,0,0,175,252,219,215,252,253,252,252,252,233,36,0,0,0,0,0,0,0,0,0,0,0,0,0,0,0,0,27,224,252,252,252,252,253,252,252,232,55,0,0,0,0,0,0,0,0,0,0,0,0,0,0,0,0,0,104,252,252,252,252,252,253,252,216,9,0,0,0,0,0,0,0,0,0,0,0,0,0,0,0,0,0,0,15,212,252,252,252,252,176,99,12,0,0,0,0,0,0,0,0,0,0,0,0,0,0,0,0,0,0,0,0,112,243,233,109,33,0,0,0,0,0,0,0,0,0,0,0,0,0,0,0,0,0,0,0,0,0,0,0,0,0,0,0,0,0,0,0,0,0,0,0,0,0,0,0,0,0,0,0,0,0,0,0,0,0,0,0,0,0,0,0,0,0,0,0,0,0,0,0,0,0,0,0,0,0,0,0,0,0,0,0,0,0,0,0,0,0,0,0,0,0,0,0,0,0,0,0,0,0,0,0,0,0,0,0,0,0,0,0,0,0,0,0,0,0,0,0,0,0,0,0,0,0,0,0,0,0,0,0,0,0
2,0,0,0,0,0,0,0,0,0,0,0,0,0,0,0,0,0,0,0,0,0,0,0,0,0,0,0,0,0,0,0,0,0,0,0,0,0,0,0,0,0,0,0,0,0,0,0,0,0,0,0,0,0,0,0,0,0,0,0,0,0,0,0,0,0,0,0,0,0,0,0,0,0,0,0,0,0,0,0,0,0,0,0,0,0,0,0,0,0,0,0,0,0,0,0,0,0,158,255,175,0,0,0,0,0,0,0,0,0,0,0,0,0,0,0,0,0,0,0,0,0,0,0,0,0,156,253,174,0,0,0,0,0,0,0,0,0,0,0,0,0,0,0,0,0,0,0,0,0,0,0,0,0,156,253,174,0,0,0,0,0,0,0,0,0,0,0,0,0,0,0,0,0,0,0,0,0,0,0,0,0,156,253,174,0,0,0,0,0,0,0,0,0,0,0,0,0,0,0,0,0,0,0,0,0,0,0,0,0,156,253,174,0,0,0,0,0,0,0,0,0,0,0,0,0,0,0,0,0,0,0,0,0,0,0,0,0,156,253,174,0,0,0,0,0,0,0,0,0,0,0,0,0,0,0,0,0,0,0,0,0,0,0,0,0,156,253,174,0,0,0,0,0,0,0,0,0,0,0,0,0,0,0,0,0,0,0,0,0,0,0,0,31,186,253,174,0,0,0,0,0,0,0,0,0,0,0,0,0,0,0,0,0,0,0,0,0,0,0,0,99,253,135,80,0,0,0,0,0,0,0,0,0,0,0,0,0,0,0,0,0,0,0,0,0,0,0,0,99,253,38,0,0,0,0,0,0,0,0,0,0,0,0,0,0,0,0,0,0,0,0,0,0,0,0,86,254,97,0,0,0,0,0,0,0,0,0,0,0,0,0,0,0,0,0,0,0,0,0,0,0,0,0,235,253,97,0,0,0,0,0,0,0,0,0,0,0,0,0,0,0,0,0,0,0,0,0,0,0,0,0,235,253,97,0,0,0,0,0,0,0,0,0,0,0,0,0,0,0,0,0,0,0,0,0,0,0,0,28,238,253,97,4,40,40,40,191,130,235,235,220,196,226,208,214,75,0,0,0,0,0,0,0,0,0,0,176,253,253,156,111,253,253,253,232,154,154,154,95,0,121,49,71,121,0,0,0,0,0,0,0,0,0,73,223,253,253,253,253,204,97,97,75,0,0,0,0,0,0,0,0,0,0,0,0,0,0,0,0,0,0,118,253,253,253,240,67,26,0,0,0,0,0,0,0,0,0,0,0,0,0,0,0,0,0,0,0,0,80,159,253,180,174,67,0,0,0,0,0,0,0,0,0,0,0,0,0,0,0,0,0,0,0,0,0,0,254,253,157,9,0,0,0,0,0,0,0,0,0,0,0,0,0,0,0,0,0,0,0,0,0,0,0,0,103,161,18,0,0,0,0,0,0,0,0,0,0,0,0,0,0,0,0,0,0,0,0,0,0,0,0,0,0,0,0,0,0,0,0,0,0,0,0,0,0,0,0,0,0,0,0,0,0,0,0,0,0,0,0,0,0,0,0,0,0,0,0,0,0,0,0,0,0,0,0,0,0,0,0,0,0,0,0,0,0,0,0,0,0,0,0,0,0,0,0,0,0,0,0,0,0,0,0,0,0,0,0,0,0,0,0,0,0,0,0,0,0,0,0,0,0,0,0,0,0,0,0,0,0,0,0,0,0,0,0,0,0,0,0,0,0,0,0,0,0,0,0,0,0,0,0,0,0,0,0,0,0,0,0,0,0,0,0,0
1,0,0,0,0,0,0,0,0,0,0,0,0,0,0,0,0,0,0,0,0,0,0,0,0,0,0,0,0,0,0,0,0,0,0,0,0,0,0,0,0,0,0,0,0,0,0,0,0,0,0,0,0,0,0,0,0,0,0,0,0,0,0,0,0,0,0,0,0,0,0,0,0,0,0,0,0,0,0,0,0,0,0,0,0,0,0,0,0,0,0,0,0,0,0,0,0,0,0,0,0,0,0,0,0,0,0,0,0,0,0,0,0,0,0,0,0,0,0,0,0,0,0,0,0,13,190,121,0,0,0,0,0,0,0,0,0,0,0,0,0,0,0,0,0,0,0,0,0,0,0,0,0,27,252,252,0,0,0,0,0,0,0,0,0,0,0,0,0,0,0,0,0,0,0,0,0,0,0,0,0,146,252,252,50,0,0,0,0,0,0,0,0,0,0,0,0,0,0,0,0,0,0,0,0,0,0,0,0,118,252,252,133,0,0,0,0,0,0,0,0,0,0,0,0,0,0,0,0,0,0,0,0,0,0,0,0,27,252,252,228,10,0,0,0,0,0,0,0,0,0,0,0,0,0,0,0,0,0,0,0,0,0,0,0,7,174,252,253,13,0,0,0,0,0,0,0,0,0,0,0,0,0,0,0,0,0,0,0,0,0,0,0,0,146,252,253,13,0,0,0,0,0,0,0,0,0,0,0,0,0,0,0,0,0,0,0,0,0,0,0,0,146,252,253,13,0,0,0,0,0,0,0,0,0,0,0,0,0,0,0,0,0,0,0,0,0,0,0,0,146,252,253,90,0,0,0,0,0,0,0,0,0,0,0,0,0,0,0,0,0,0,0,0,0,0,0,0,146,252,253,145,0,0,0,0,0,0,0,0,0,0,0,0,0,0,0,0,0,0,0,0,0,0,0,0,147,253,255,146,0,0,0,0,0,0,0,0,0,0,0,0,0,0,0,0,0,0,0,0,0,0,0,0,146,252,253,145,0,0,0,0,0,0,0,0,0,0,0,0,0,0,0,0,0,0,0,0,0,0,0,0,27,252,253,145,0,0,0,0,0,0,0,0,0,0,0,0,0,0,0,0,0,0,0,0,0,0,0,0,14,252,253,145,0,0,0,0,0,0,0,0,0,0,0,0,0,0,0,0,0,0,0,0,0,0,0,0,14,252,253,230,21,0,0,0,0,0,0,0,0,0,0,0,0,0,0,0,0,0,0,0,0,0,0,0,14,252,253,229,20,0,0,0,0,0,0,0,0,0,0,0,0,0,0,0,0,0,0,0,0,0,0,0,14,252,253,162,5,0,0,0,0,0,0,0,0,0,0,0,0,0,0,0,0,0,0,0,0,0,0,0,12,239,253,252,26,0,0,0,0,0,0,0,0,0,0,0,0,0,0,0,0,0,0,0,0,0,0,0,0,133,253,246,25,0,0,0,0,0,0,0,0,0,0,0,0,0,0,0,0,0,0,0,0,0,0,0,0,133,253,145,0,0,0,0,0,0,0,0,0,0,0,0,0,0,0,0,0,0,0,0,0,0,0,0,0,0,0,0,0,0,0,0,0,0,0,0,0,0,0,0,0,0,0,0,0,0,0,0,0,0,0,0,0,0,0,0,0,0,0,0,0,0,0,0,0,0,0,0,0,0,0,0,0,0,0,0,0,0,0,0,0,0,0,0,0,0,0,0,0,0,0,0,0,0,0,0,0,0,0,0,0,0,0,0,0,0,0,0,0,0,0,0,0,0,0,0,0,0,0,0,0,0,0
3,0,0,0,0,0,0,0,0,0,0,0,0,0,0,0,0,0,0,0,0,0,0,0,0,0,0,0,0,0,0,0,0,0,0,0,0,0,0,0,0,0,0,0,0,0,0,0,0,0,0,0,0,0,0,0,0,0,0,0,0,0,0,0,0,0,0,0,0,0,0,0,0,0,0,0,0,0,0,0,0,0,0,0,0,0,0,0,0,0,0,0,0,0,0,0,0,0,0,0,0,0,0,0,0,0,0,0,0,0,0,0,0,0,0,0,0,0,0,0,0,0,0,0,0,0,0,0,0,0,0,0,0,0,0,0,0,0,0,0,0,0,0,0,0,0,0,0,71,92,92,92,198,193,202,92,92,83,0,0,0,0,0,0,0,0,0,0,0,0,0,0,0,0,23,182,238,254,254,254,254,254,254,254,254,247,182,152,0,0,0,0,0,0,0,0,0,0,0,0,0,0,182,254,254,254,254,254,254,254,254,254,254,254,254,231,52,0,0,0,0,0,0,0,0,0,0,0,0,0,182,254,254,238,83,57,57,57,57,62,221,246,254,254,123,0,0,0,0,0,0,0,0,0,0,0,0,0,102,254,238,68,0,0,0,0,0,5,125,221,254,254,123,0,0,0,0,0,0,0,0,0,0,0,0,0,3,40,35,0,0,0,0,0,49,163,254,254,254,246,99,0,0,0,0,0,0,0,0,0,0,0,0,0,0,0,0,0,0,0,128,140,252,254,254,254,254,123,0,0,0,0,0,0,0,0,0,0,0,0,0,0,0,28,67,67,99,231,252,254,254,254,254,248,114,5,0,0,0,0,0,0,0,0,0,0,0,0,0,0,0,108,254,254,254,254,254,254,254,254,254,230,0,0,0,0,0,0,0,0,0,0,0,0,0,0,0,0,17,251,254,254,254,254,254,254,254,254,254,254,248,221,40,0,0,0,0,0,0,0,0,0,0,0,0,0,17,246,252,246,246,246,246,246,246,246,254,254,254,254,212,134,0,0,0,0,0,0,0,0,0,0,0,0,0,0,102,0,0,0,0,0,0,6,155,165,254,254,254,219,100,6,0,0,0,0,0,0,0,0,0,0,0,0,0,0,0,0,0,0,0,0,0,7,139,250,254,254,254,32,0,0,0,0,0,0,0,0,0,0,0,0,0,0,0,0,0,0,0,0,0,0,0,131,254,254,254,180,0,0,0,0,0,0,0,0,0,0,0,0,0,0,0,0,0,0,0,0,0,0,0,42,254,254,254,180,0,0,0,0,0,0,0,0,0,0,0,0,0,0,0,0,0,0,0,0,0,0,0,128,254,254,254,180,0,0,0,0,0,0,0,0,0,0,0,0,46,58,58,58,58,58,58,64,223,223,223,249,254,255,254,142,0,0,0,0,0,0,0,0,0,0,0,0,198,254,254,254,254,254,254,254,254,254,254,254,254,254,167,7,0,0,0,0,0,0,0,0,0,0,0,0,198,254,254,254,254,254,254,254,254,254,254,242,180,142,7,0,0,0,0,0,0,0,0,0,0,0,0,0,92,254,147,254,105,90,90,202,254,131,90,75,0,0,0,0,0,0,0,0,0,0,0,0,0,0,0,0,0,0,0,0,0,0,0,0,0,0,0,0,0,0,0,0,0,0,0,0,0,0,0,0,0,0,0,0,0,0,0,0,0,0,0,0,0,0,0,0,0,0,0,0,0,0,0,0,0,0,0,0,0,0,0,0,0,0,0,0,0,0,0,0,0,0,0,0,0,0,0,0,0,0,0,0,0
7,0,0,0,0,0,0,0,0,0,0,0,0,0,0,0,0,0,0,0,0,0,0,0,0,0,0,0,0,0,0,0,0,0,0,0,0,0,0,0,0,0,0,0,0,0,0,0,0,0,0,0,0,0,0,0,0,0,0,0,0,0,0,0,0,0,0,0,0,0,0,0,0,0,0,0,0,0,0,0,0,0,0,0,0,0,0,0,0,0,0,0,0,0,0,0,0,0,0,0,0,0,0,0,0,0,0,0,0,0,0,0,0,0,0,0,0,0,0,0,0,0,0,0,0,0,0,0,0,0,0,0,0,0,0,0,0,0,0,0,0,0,0,0,0,0,0,0,0,0,0,0,0,0,0,0,0,0,0,0,0,0,0,0,0,0,0,0,0,0,0,0,0,0,0,0,0,0,0,0,0,0,0,0,0,0,0,0,0,0,0,0,0,0,0,0,0,0,0,0,0,0,0,0,3,137,222,255,254,254,254,254,254,231,100,0,0,0,0,0,0,0,0,0,0,0,0,0,0,0,0,90,218,233,209,195,191,118,103,135,191,230,232,43,0,0,0,0,0,0,0,0,0,0,0,0,0,0,81,244,170,46,8,2,0,0,0,0,0,77,254,125,0,0,0,0,0,0,0,0,0,0,0,0,0,0,200,175,0,0,0,0,0,0,0,0,0,80,254,49,0,0,0,0,0,0,0,0,0,0,0,0,0,0,77,11,0,0,0,0,0,0,0,0,0,156,254,35,0,0,0,0,0,0,0,0,0,0,0,0,0,0,0,0,0,0,0,0,0,0,0,0,0,156,254,35,0,0,0,0,0,0,0,0,0,0,0,0,0,0,0,0,0,0,0,0,0,0,0,0,0,156,217,11,0,0,0,0,0,0,0,0,0,0,0,0,0,0,0,0,0,0,0,0,0,0,0,0,0,213,200,0,0,0,0,0,0,0,0,0,0,0,0,0,0,0,0,0,0,0,0,0,0,0,0,0,47,250,200,0,0,0,0,0,0,0,0,0,0,0,0,0,0,0,0,0,0,0,0,0,0,0,0,0,81,254,122,0,0,0,0,0,0,0,0,0,0,0,0,0,0,0,0,0,0,0,0,0,0,0,0,0,81,254,111,0,0,0,0,0,0,0,0,0,0,0,0,0,0,0,0,0,0,0,0,0,0,0,0,0,87,254,42,0,0,0,0,0,0,0,0,0,0,0,0,0,0,0,0,0,0,0,0,0,0,0,0,0,169,254,22,0,0,0,0,0,0,0,0,0,0,0,0,0,0,0,0,0,0,0,0,0,0,0,0,0,169,254,22,0,0,0,0,0,0,0,0,0,0,0,0,0,0,0,0,0,0,0,0,0,0,0,0,3,221,254,22,0,0,0,0,0,0,0,0,0,0,0,0,0,0,0,0,0,0,0,0,0,0,0,0,1,177,254,22,0,0,0,0,0,0,0,0,0,0,0,0,0,0,0,0,0,0,0,0,0,0,0,0,4,242,219,11,0,0,0,0,0,0,0,0,0,0,0,0,0,0,0,0,0,0,0,0,0,0,0,0,46,254,187,0,0,0,0,0,0,0,0,0,0,0,0,0,0,0,0,0,0,0,0,0,0,0,0,0,94,254,120,0,0,0,0,0,0,0,0,0,0,0,0,0,0,0,0,0,0,0,0,0,0,0,0,0,94,254,35,0,0,0,0,0,0,0,0,0,0,0,0,0,0,0,0,0,0,0,0,0,0,0,0,0,0,0,0,0,0,0,0,0,0,0,0,0,0,0
6,0,0,0,0,0,0,0,0,0,0,0,0,0,0,0,0,0,0,0,0,0,0,0,0,0,0,0,0,0,0,0,0,0,0,0,0,0,0,0,0,0,0,0,0,0,0,0,0,0,0,0,0,0,0,0,0,0,0,0,0,0,0,0,0,0,0,0,0,0,0,0,0,0,0,0,0,0,0,0,0,0,0,0,0,0,0,0,0,0,0,0,0,0,0,0,0,0,0,0,0,0,0,89,128,253,255,168,0,0,0,0,0,0,0,0,0,0,0,0,0,0,0,0,0,0,0,0,0,38,131,246,242,167,27,18,0,0,0,0,0,0,0,0,0,0,0,0,0,0,0,0,0,0,0,0,32,222,252,208,173,0,0,0,0,0,0,0,0,0,0,0,0,0,0,0,0,0,0,0,0,0,0,35,215,253,242,49,0,0,0,0,0,0,0,0,0,0,0,0,0,0,0,0,0,0,0,0,0,0,32,215,252,190,74,0,0,0,0,0,0,0,0,0,0,0,0,0,0,0,0,0,0,0,0,0,0,38,222,253,190,79,0,0,0,0,0,0,0,0,0,0,0,0,0,0,0,0,0,0,0,0,0,0,38,219,252,179,12,0,0,0,0,0,0,0,0,0,0,0,0,0,0,0,0,0,0,0,0,0,0,0,144,252,176,19,0,0,0,0,0,0,0,0,0,0,0,0,0,0,0,0,0,0,0,0,0,0,4,107,253,242,49,0,0,0,0,0,0,0,0,0,0,0,0,0,0,0,0,0,0,0,0,0,0,0,29,252,253,89,0,0,0,0,0,0,0,0,0,0,0,0,0,0,0,0,0,0,0,0,0,0,0,0,29,253,141,0,0,13,113,63,0,0,0,0,0,0,0,0,0,0,0,0,0,0,0,0,0,0,0,0,76,252,140,0,0,19,214,241,72,0,0,0,0,0,0,0,0,0,0,0,0,0,0,0,0,0,0,0,169,252,31,0,0,0,31,253,233,43,0,0,0,0,0,0,0,0,0,0,0,0,0,0,0,0,0,0,169,252,95,0,0,0,0,159,252,55,0,0,0,0,0,0,0,0,0,0,0,0,0,0,0,0,0,0,169,252,140,0,0,0,0,191,252,55,0,0,0,0,0,0,0,0,0,0,0,0,0,0,0,0,0,0,170,253,141,0,0,0,63,255,253,56,0,0,0,0,0,0,0,0,0,0,0,0,0,0,0,0,0,0,44,252,241,72,0,10,178,253,223,37,0,0,0,0,0,0,0,0,0,0,0,0,0,0,0,0,0,0,22,227,253,233,197,203,252,253,136,0,0,0,0,0,0,0,0,0,0,0,0,0,0,0,0,0,0,0,0,47,237,252,252,252,252,162,9,0,0,0,0,0,0,0,0,0,0,0,0,0,0,0,0,0,0,0,0,0,50,158,252,157,112,0,0,0,0,0,0,0,0,0,0,0,0,0,0,0,0,0,0,0,0,0,0,0,0,0,0,0,0,0,0,0,0,0,0,0,0,0,0,0,0,0,0,0,0,0,0,0,0,0,0,0,0,0,0,0,0,0,0,0,0,0,0,0,0,0,0,0,0,0,0,0,0,0,0,0,0,0,0,0,0,0,0,0,0,0,0,0,0,0,0,0,0,0,0,0,0,0,0,0,0,0,0,0,0,0,0,0,0,0,0,0,0,0,0,0,0,0,0,0,0,0,0,0,0,0,0,0,0,0,0,0,0,0,0,0,0,0,0,0,0,0,0,0,0,0,0,0,0,0,0,0,0
7,0,0,0,0,0,0,0,0,0,0,0,0,0,0,0,0,0,0,0,0,0,0,0,0,0,0,0,0,0,0,0,0,0,0,0,0,0,0,0,0,0,0,0,0,0,0,0,0,0,0,0,0,0,0,0,0,0,0,0,0,0,0,0,0,0,0,0,0,0,0,0,0,0,0,0,0,0,0,0,0,0,0,0,0,0,0,0,0,0,0,0,0,0,0,0,0,0,0,0,0,0,0,0,0,0,0,0,0,0,0,0,0,0,0,0,0,0,0,0,0,0,0,0,0,0,0,0,0,0,0,0,0,0,0,0,0,0,0,0,0,0,0,0,0,0,0,0,0,0,0,0,0,0,0,0,0,0,0,0,0,0,0,0,0,0,0,0,0,0,0,0,0,0,0,0,0,0,0,0,0,0,0,0,0,0,0,0,0,0,0,0,0,0,0,0,0,0,0,0,0,0,0,29,29,29,29,92,141,141,141,141,141,229,253,176,0,0,0,0,0,0,0,0,0,0,0,0,0,0,101,253,252,252,252,253,252,252,252,253,252,252,252,244,56,0,0,0,0,0,0,0,0,0,0,0,0,67,246,253,252,252,252,253,252,252,252,253,252,252,252,253,171,0,0,0,0,0,0,0,0,0,0,0,0,185,252,253,252,252,252,253,252,252,252,253,252,252,252,253,196,0,0,0,0,0,0,0,0,0,0,0,0,38,226,255,253,253,241,226,225,225,175,126,231,253,253,254,197,0,0,0,0,0,0,0,0,0,0,0,0,0,38,84,84,84,47,0,0,0,0,0,57,252,252,253,196,0,0,0,0,0,0,0,0,0,0,0,0,0,0,0,0,0,0,0,0,0,0,0,144,252,252,253,158,0,0,0,0,0,0,0,0,0,0,0,0,0,0,0,0,0,0,0,0,0,0,0,169,252,252,241,47,0,0,0,0,0,0,0,0,0,0,0,0,0,0,0,0,0,0,0,0,0,0,29,253,253,253,226,0,0,0,0,0,0,0,0,0,0,0,0,0,0,0,0,0,0,0,0,0,0,0,29,252,252,252,225,0,0,0,0,0,0,0,0,0,0,0,0,0,0,0,0,0,0,0,0,0,0,0,66,252,252,252,225,0,0,0,0,0,0,0,0,0,0,0,0,0,0,0,0,0,0,0,0,0,0,0,141,252,252,252,125,0,0,0,0,0,0,0,0,0,0,0,0,0,0,0,0,0,0,0,0,0,0,0,141,253,253,253,51,0,0,0,0,0,0,0,0,0,0,0,0,0,0,0,0,0,0,0,0,0,0,0,216,252,252,252,0,0,0,0,0,0,0,0,0,0,0,0,0,0,0,0,0,0,0,0,0,0,0,0,253,252,252,252,0,0,0,0,0,0,0,0,0,0,0,0,0,0,0,0,0,0,0,0,0,0,0,101,253,252,252,151,0,0,0,0,0,0,0,0,0,0,0,0,0,0,0,0,0,0,0,0,0,0,0,226,254,253,253,140,0,0,0,0,0,0,0,0,0,0,0,0,0,0,0,0,0,0,0,0,0,0,0,200,253,252,252,139,0,0,0,0,0,0,0,0,0,0,0,0,0,0,0,0,0,0,0,0,0,0,0,113,253,252,252,139,0,0,0,0,0,0,0,0,0,0,0,0,0,0,0,0,0,0,0,0,0,0,0,13,103,252,127,15,0,0,0,0,0,0,0,0,0,0,0,0,0,0,0,0,0,0,0,0,0,0,0,0,0,0,0,0,0,0,0,0,0,0,0,0,0,0
1,0,0,0,0,0,0,0,0,0,0,0,0,0,0,0,0,0,0,0,0,0,0,0,0,0,0,0,0,0,0,0,0,0,0,0,0,0,0,0,0,0,0,0,0,0,0,0,0,0,0,0,0,0,0,0,0,0,0,0,0,0,0,0,0,0,0,0,0,0,0,0,0,0,0,0,0,0,0,0,0,0,0,0,0,0,0,0,0,0,0,0,0,0,0,0,0,0,0,0,0,0,0,0,0,0,0,0,0,0,0,0,0,0,0,0,0,0,0,0,0,0,0,0,0,0,0,0,0,0,0,0,0,0,0,0,0,0,0,0,0,0,0,0,0,0,0,0,0,0,0,0,0,0,51,233,173,10,0,0,0,0,0,0,0,0,0,0,0,0,0,0,0,0,0,0,0,0,0,0,0,0,152,252,253,131,0,0,0,0,0,0,0,0,0,0,0,0,0,0,0,0,0,0,0,0,0,0,0,0,152,253,254,151,0,0,0,0,0,0,0,0,0,0,0,0,0,0,0,0,0,0,0,0,0,0,0,0,193,252,253,151,0,0,0,0,0,0,0,0,0,0,0,0,0,0,0,0,0,0,0,0,0,0,0,0,254,253,254,151,0,0,0,0,0,0,0,0,0,0,0,0,0,0,0,0,0,0,0,0,0,0,0,0,253,252,253,111,0,0,0,0,0,0,0,0,0,0,0,0,0,0,0,0,0,0,0,0,0,0,0,0,254,253,254,50,0,0,0,0,0,0,0,0,0,0,0,0,0,0,0,0,0,0,0,0,0,0,0,0,253,252,253,50,0,0,0,0,0,0,0,0,0,0,0,0,0,0,0,0,0,0,0,0,0,0,0,0,254,253,203,0,0,0,0,0,0,0,0,0,0,0,0,0,0,0,0,0,0,0,0,0,0,0,0,0,253,252,203,0,0,0,0,0,0,0,0,0,0,0,0,0,0,0,0,0,0,0,0,0,0,0,0,0,254,253,203,0,0,0,0,0,0,0,0,0,0,0,0,0,0,0,0,0,0,0,0,0,0,0,0,0,253,252,203,0,0,0,0,0,0,0,0,0,0,0,0,0,0,0,0,0,0,0,0,0,0,0,0,0,254,253,203,0,0,0,0,0,0,0,0,0,0,0,0,0,0,0,0,0,0,0,0,0,0,0,0,0,253,252,203,0,0,0,0,0,0,0,0,0,0,0,0,0,0,0,0,0,0,0,0,0,0,0,0,0,254,253,203,0,0,0,0,0,0,0,0,0,0,0,0,0,0,0,0,0,0,0,0,0,0,0,0,0,213,252,223,20,0,0,0,0,0,0,0,0,0,0,0,0,0,0,0,0,0,0,0,0,0,0,0,0,132,253,255,50,0,0,0,0,0,0,0,0,0,0,0,0,0,0,0,0,0,0,0,0,0,0,0,0,51,252,253,50,0,0,0,0,0,0,0,0,0,0,0,0,0,0,0,0,0,0,0,0,0,0,0,0,21,203,255,172,0,0,0,0,0,0,0,0,0,0,0,0,0,0,0,0,0,0,0,0,0,0,0,0,0,61,213,252,0,0,0,0,0,0,0,0,0,0,0,0,0,0,0,0,0,0,0,0,0,0,0,0,0,0,0,0,0,0,0,0,0,0,0,0,0,0,0,0,0,0,0,0,0,0,0,0,0,0,0,0,0,0,0,0,0,0,0,0,0,0,0,0,0,0,0,0,0,0,0,0,0,0,0,0,0,0,0,0,0,0,0,0,0,0,0,0,0,0,0,0,0,0,0
2,0,0,0,0,0,0,0,0,0,0,0,0,0,0,0,0,0,0,0,0,0,0,0,0,0,0,0,0,0,0,0,0,0,0,0,0,0,0,0,0,0,0,0,0,0,0,0,0,0,0,0,0,0,0,0,0,0,0,0,0,0,0,0,0,0,0,0,0,0,0,0,0,0,0,0,0,0,0,0,0,0,0,0,0,0,0,0,0,0,0,114,191,144,159,113,0,0,0,0,0,0,0,0,0,0,0,0,0,0,0,0,0,0,0,0,0,0,0,168,195,252,252,252,226,100,66,0,0,0,0,0,0,0,0,0,0,0,0,0,0,0,0,0,0,0,0,0,19,55,187,252,253,252,239,66,0,0,0,0,0,0,0,0,0,0,0,0,0,0,0,0,0,0,0,0,0,0,56,84,253,252,252,180,13,0,0,0,0,0,0,0,0,0,0,0,0,0,0,0,0,0,0,0,0,0,0,0,174,252,252,252,189,0,0,0,0,0,0,0,0,0,0,0,0,0,0,0,0,0,0,0,0,0,0,0,0,86,253,253,253,63,0,0,0,0,0,0,0,0,0,0,0,0,0,0,0,0,0,0,0,0,0,0,0,9,78,252,252,178,9,0,0,0,0,0,0,0,0,0,0,0,0,0,0,0,0,0,0,0,0,0,0,0,44,202,252,253,136,0,0,0,0,0,0,0,0,0,0,0,0,0,0,0,0,0,0,0,0,0,0,0,0,29,252,253,177,7,0,0,0,0,0,0,0,0,0,0,0,0,0,0,0,0,0,0,0,0,0,0,0,13,189,253,252,55,0,0,0,0,0,0,0,0,0,0,0,0,0,0,0,0,0,0,0,0,0,0,0,0,141,255,253,56,0,0,0,0,0,0,0,0,0,0,0,0,0,0,0,0,0,0,0,0,0,0,0,10,178,253,252,55,0,0,0,0,0,0,0,0,0,0,0,0,0,0,0,0,0,0,0,0,0,0,13,156,252,253,233,43,0,0,0,0,0,0,0,0,0,0,0,0,0,0,0,0,0,0,0,0,0,0,150,252,252,240,71,0,0,0,0,0,0,0,0,0,0,0,0,0,0,0,0,0,0,0,0,0,63,140,227,252,252,140,0,0,0,0,0,0,0,0,0,0,0,0,0,0,0,0,0,0,0,0,0,0,176,253,253,253,190,0,0,0,0,0,0,0,0,76,50,0,0,0,0,0,0,0,0,0,0,0,0,0,253,252,252,179,12,0,0,0,57,85,147,225,225,233,74,0,0,0,0,0,0,0,0,0,0,0,0,0,253,252,252,199,135,198,197,197,234,252,228,148,55,49,0,0,0,0,0,0,0,0,0,0,0,0,0,0,159,252,252,252,252,253,252,230,208,84,47,0,0,0,0,0,0,0,0,0,0,0,0,0,0,0,0,0,50,158,252,252,252,112,112,25,0,0,0,0,0,0,0,0,0,0,0,0,0,0,0,0,0,0,0,0,0,0,0,0,0,0,0,0,0,0,0,0,0,0,0,0,0,0,0,0,0,0,0,0,0,0,0,0,0,0,0,0,0,0,0,0,0,0,0,0,0,0,0,0,0,0,0,0,0,0,0,0,0,0,0,0,0,0,0,0,0,0,0,0,0,0,0,0,0,0,0,0,0,0,0,0,0,0,0,0,0,0,0,0,0,0,0,0,0,0,0,0,0,0,0,0,0,0,0,0,0,0,0,0,0,0,0,0,0,0,0,0,0,0,0,0,0,0,0,0,0,0,0,0,0,0,0,0,0
5,0,0,0,0,0,0,0,0,0,0,0,0,0,0,0,0,0,0,0,0,0,0,0,0,0,0,0,0,0,0,0,0,0,0,0,0,0,0,0,0,0,0,0,0,0,0,0,0,0,0,0,0,0,0,0,0,0,0,0,0,0,0,0,0,0,0,0,0,0,0,0,0,0,0,0,0,0,0,0,0,0,0,0,0,0,0,0,0,0,0,0,0,0,0,0,0,0,0,0,0,0,0,0,0,0,0,0,0,0,0,0,0,0,0,0,0,0,0,0,0,0,0,0,0,0,0,0,0,0,0,0,0,0,0,0,0,0,0,0,0,0,0,0,0,0,0,0,0,0,13,37,8,39,138,147,147,193,147,44,0,0,0,0,0,0,0,0,0,0,0,0,0,0,0,0,0,0,160,252,198,254,254,254,254,254,254,228,40,0,0,0,0,0,0,0,0,0,0,0,0,0,0,0,0,1,192,254,254,254,243,118,32,134,212,249,70,0,0,0,0,0,0,0,0,0,0,0,0,0,0,0,0,109,254,254,254,254,21,0,0,0,0,0,0,0,0,0,0,0,0,0,0,0,0,0,0,0,0,0,2,185,254,216,173,170,6,0,0,0,0,0,0,0,0,0,0,0,0,0,0,0,0,0,0,0,0,0,201,254,254,242,228,240,228,228,228,127,48,11,1,0,0,0,0,0,0,0,0,0,0,0,0,0,0,48,242,254,254,254,254,254,254,254,254,254,254,254,150,50,9,0,0,0,0,0,0,0,0,0,0,0,0,123,254,254,254,176,167,84,59,59,145,175,254,254,254,254,161,2,0,0,0,0,0,0,0,0,0,0,0,39,225,173,49,3,0,0,0,0,0,2,21,151,240,255,254,160,5,0,0,0,0,0,0,0,0,0,0,0,0,0,0,0,0,0,0,0,0,0,0,0,10,180,254,254,99,0,0,0,0,0,0,0,0,0,0,0,0,0,0,0,0,0,0,0,0,0,0,0,0,14,221,254,184,0,0,0,0,0,0,0,0,0,0,0,0,0,0,0,0,0,0,0,0,0,0,0,0,0,57,252,220,20,0,0,0,0,0,0,0,0,0,0,53,25,0,0,0,0,0,0,0,0,0,0,0,0,25,251,254,38,0,0,0,0,0,0,0,0,0,150,249,149,0,0,0,0,0,0,0,0,0,0,0,0,104,254,254,38,0,0,0,0,0,0,0,0,37,252,191,4,0,0,0,0,0,0,0,0,0,0,0,35,231,254,175,2,0,0,0,0,0,0,0,0,113,254,140,0,0,0,0,0,0,0,0,0,0,0,0,139,254,232,24,0,0,0,0,0,0,0,0,0,147,254,140,0,0,0,0,0,0,0,0,0,0,0,112,241,254,178,0,0,0,0,0,0,0,0,0,0,82,246,250,71,0,0,0,0,0,0,0,0,48,183,254,254,183,4,0,0,0,0,0,0,0,0,0,0,0,154,254,242,144,71,27,0,0,0,57,173,229,254,254,178,13,0,0,0,0,0,0,0,0,0,0,0,0,12,227,254,254,254,232,217,125,217,247,254,254,254,46,12,0,0,0,0,0,0,0,0,0,0,0,0,0,0,0,0,0,0,0,0,0,0,0,0,0,0,0,0,0,0,0,0,0,0,0,0,0,0,0,0,0,0,0,0,0,0,0,0,0,0,0,0,0,0,0,0,0,0,0,0,0,0,0,0,0,0,0,0,0,0,0,0,0,0,0,0,0,0,0,0,0,0,0,0,0,0,0,0,0,0,0
8,0,0,0,0,0,0,0,0,0,0,0,0,0,0,0,0,0,0,0,0,0,0,0,0,0,0,0,0,0,0,0,0,0,0,0,0,0,0,0,0,0,0,0,0,0,0,0,0,0,0,0,0,0,0,0,0,0,0,0,0,0,0,0,0,0,0,0,0,0,0,0,0,0,0,0,0,0,0,0,0,0,0,0,0,0,0,0,0,0,0,0,0,0,0,0,0,0,0,0,0,0,0,0,0,0,0,0,0,0,0,0,0,0,0,0,0,0,0,0,0,0,0,0,0,0,0,0,0,0,0,0,0,0,0,0,0,0,0,0,0,0,0,0,0,0,0,0,0,175,255,137,125,125,86,0,33,125,35,0,0,0,0,0,14,248,0,0,0,0,0,0,0,0,0,0,0,241,253,253,253,253,252,248,249,253,198,0,0,0,0,80,248,186,0,0,0,0,0,0,0,0,0,0,0,118,253,253,253,209,230,253,253,253,201,0,0,72,192,248,241,6,0,0,0,0,0,0,0,0,0,0,0,9,73,243,253,253,253,199,253,229,119,0,91,247,253,253,240,0,0,0,0,0,0,0,0,0,0,0,0,0,0,140,241,253,253,109,59,192,126,228,245,253,253,119,91,0,0,0,0,0,0,0,0,0,0,0,0,0,0,0,108,253,253,207,45,212,253,253,253,253,183,13,0,0,0,0,0,0,0,0,0,0,0,0,0,0,0,0,14,38,215,253,234,253,253,253,253,242,65,0,0,0,0,0,0,0,0,0,0,0,0,0,0,0,0,0,0,0,209,253,253,253,253,253,241,152,0,0,0,0,0,0,0,0,0,0,0,0,0,0,0,0,0,0,26,116,244,253,253,253,253,240,87,0,0,0,0,0,0,0,0,0,0,0,0,0,0,0,0,0,0,26,133,253,253,253,253,253,253,207,0,0,0,0,0,0,0,0,0,0,0,0,0,0,0,0,0,0,25,201,253,253,253,253,253,253,253,242,63,0,0,0,0,0,0,0,0,0,0,0,0,0,0,0,0,108,212,253,253,253,253,253,240,104,202,253,84,0,0,0,0,0,0,0,0,0,0,0,0,0,0,0,22,244,253,253,253,253,186,180,58,0,93,253,174,0,0,0,0,0,0,0,0,0,0,0,0,0,0,20,206,253,253,253,253,220,107,17,0,0,26,213,240,61,0,0,0,0,0,0,0,0,0,0,0,0,0,125,253,253,253,241,173,14,0,0,0,0,53,253,253,91,0,0,0,0,0,0,0,0,0,0,0,0,0,125,253,253,253,142,0,0,0,8,27,124,176,253,253,91,0,0,0,0,0,0,0,0,0,0,0,0,0,51,240,253,253,43,67,150,150,179,253,253,253,253,230,37,0,0,0,0,0,0,0,0,0,0,0,0,0,0,51,240,253,253,253,253,253,253,253,253,253,253,234,47,0,0,0,0,0,0,0,0,0,0,0,0,0,0,0,51,243,253,253,253,251,252,253,221,210,247,208,0,0,0,0,0,0,0,0,0,0,0,0,0,0,0,0,0,115,123,123,190,85,99,123,95,0,0,0,0,0,0,0,0,0,0,0,0,0,0,0,0,0,0,0,0,0,0,0,0,0,0,0,0,0,0,0,0,0,0,0,0,0,0,0,0,0,0,0,0,0,0,0,0,0,0,0,0,0,0,0,0,0,0,0,0,0,0,0,0,0,0,0,0,0,0,0,0,0,0,0,0,0,0,0,0,0,0,0,0,0,0,0,0,0,0,0,0,0,0,0
0,0,0,0,0,0,0,0,0,0,0,0,0,0,0,0,0,0,0,0,0,0,0,0,0,0,0,0,0,0,0,0,0,0,0,0,0,0,0,0,0,0,0,0,0,0,0,0,0,0,0,0,0,0,0,0,0,0,0,0,0,0,0,0,0,0,0,0,0,0,0,0,0,0,0,0,0,0,0,0,0,0,0,0,0,0,0,0,0,0,0,0,0,0,0,0,0,0,0,0,0,0,0,0,0,0,0,0,0,0,0,0,0,0,0,0,0,0,0,0,0,0,0,0,0,0,0,0,0,0,0,0,0,0,0,0,0,0,0,0,0,0,0,0,0,0,0,0,0,7,38,139,254,254,255,185,146,137,30,0,0,0,0,0,0,0,0,0,0,0,0,0,0,0,0,0,2,152,253,253,253,253,253,253,253,253,237,114,0,0,0,0,0,0,0,0,0,0,0,0,0,0,0,0,8,253,253,253,253,253,246,144,139,195,249,241,152,2,0,0,0,0,0,0,0,0,0,0,0,0,0,0,114,253,253,253,253,253,253,232,32,0,24,190,252,156,26,0,0,0,0,0,0,0,0,0,0,0,0,0,195,253,253,253,253,226,80,189,54,0,0,0,74,228,227,120,0,0,0,0,0,0,0,0,0,0,0,4,177,253,253,253,159,18,0,6,99,0,0,0,0,74,252,236,40,0,0,0,0,0,0,0,0,0,0,143,253,253,253,226,37,0,0,0,0,0,0,0,0,0,144,253,183,0,0,0,0,0,0,0,0,0,0,184,253,253,253,52,0,0,0,0,0,0,0,0,0,0,104,253,237,29,0,0,0,0,0,0,0,0,0,184,253,253,206,14,0,0,0,0,0,0,0,0,0,0,104,253,253,37,0,0,0,0,0,0,0,0,0,184,253,226,23,0,0,0,0,0,0,0,0,0,0,0,104,253,253,37,0,0,0,0,0,0,0,0,14,209,253,210,0,0,0,0,0,0,0,0,0,0,0,0,104,253,253,37,0,0,0,0,0,0,0,0,48,253,253,201,0,0,0,0,0,0,0,0,0,0,0,0,104,253,253,37,0,0,0,0,0,0,0,0,146,253,252,79,0,0,0,0,0,0,0,0,0,0,0,16,184,253,237,29,0,0,0,0,0,0,0,0,146,253,248,0,0,0,0,0,0,0,0,0,0,0,64,218,253,253,141,0,0,0,0,0,0,0,0,0,89,253,249,11,0,0,0,0,0,0,0,0,0,23,241,253,253,250,67,0,0,0,0,0,0,0,0,0,13,206,253,129,0,0,0,0,0,0,0,34,91,238,253,253,227,72,0,0,0,0,0,0,0,0,0,0,0,64,241,228,26,0,0,0,0,0,121,233,253,253,253,183,90,0,0,0,0,0,0,0,0,0,0,0,0,0,102,253,250,152,141,104,132,210,253,253,253,253,164,36,0,0,0,0,0,0,0,0,0,0,0,0,0,0,2,139,236,253,253,253,253,253,253,253,237,96,3,0,0,0,0,0,0,0,0,0,0,0,0,0,0,0,0,0,28,134,212,253,253,253,214,90,29,0,0,0,0,0,0,0,0,0,0,0,0,0,0,0,0,0,0,0,0,0,0,0,0,0,0,0,0,0,0,0,0,0,0,0,0,0,0,0,0,0,0,0,0,0,0,0,0,0,0,0,0,0,0,0,0,0,0,0,0,0,0,0,0,0,0,0,0,0,0,0,0,0,0,0,0,0,0,0,0,0,0,0,0,0,0,0,0,0,0,0,0,0,0
3,0,0,0,0,0,0,0,0,0,0,0,0,0,0,0,0,0,0,0,0,0,0,0,0,0,0,0,0,0,0,0,0,0,0,0,0,0,0,0,0,0,0,0,0,0,0,0,0,0,0,0,0,0,0,0,0,0,0,0,0,0,0,0,0,0,0,0,0,0,0,0,0,0,0,0,0,0,0,0,0,0,0,0,0,0,0,0,0,0,0,0,0,0,0,0,0,0,0,0,0,0,0,0,0,0,0,0,0,0,0,0,0,0,0,0,0,0,0,0,0,0,0,0,0,0,0,0,0,0,0,0,0,0,0,0,0,0,0,0,0,0,0,0,0,0,0,0,0,26,70,104,153,254,255,203,114,0,0,0,0,0,0,0,0,0,0,0,0,0,0,0,0,0,0,0,17,226,254,253,253,253,254,253,251,163,0,0,0,0,0,0,0,0,0,0,0,0,0,0,0,0,0,0,0,142,254,253,253,236,230,242,244,253,119,0,0,0,0,0,0,0,0,0,0,0,0,0,0,0,0,0,0,59,228,160,85,19,0,38,61,253,235,17,0,0,0,0,0,0,0,0,0,0,0,0,0,0,0,0,0,0,0,0,0,0,0,0,141,254,254,115,0,0,0,0,0,0,0,0,0,0,0,0,0,0,0,0,0,0,0,0,0,0,47,181,249,253,241,27,0,0,0,0,0,0,0,0,0,0,0,0,0,0,0,0,0,0,0,0,28,182,254,253,253,253,184,0,0,0,0,0,0,0,0,0,0,0,0,0,0,0,0,0,0,0,60,176,240,253,254,253,253,253,235,84,0,0,0,0,0,0,0,0,0,0,0,0,0,0,0,0,0,26,254,254,254,254,254,254,254,254,254,237,114,0,0,0,0,0,0,0,0,0,0,0,0,0,0,0,0,42,254,253,253,253,254,160,81,115,173,249,234,30,0,0,0,0,0,0,0,0,0,0,0,0,0,0,0,0,254,253,253,244,122,4,0,0,0,92,224,202,0,0,0,0,0,0,0,0,0,0,0,0,0,0,0,0,220,219,210,69,25,0,0,0,0,0,49,253,68,0,0,0,0,0,0,0,0,0,0,0,0,0,0,0,0,0,0,0,0,0,0,0,0,0,24,254,204,7,0,0,0,0,0,0,0,0,0,0,0,0,0,0,0,0,0,0,0,0,0,0,0,26,182,253,254,23,0,0,0,0,0,0,0,0,0,0,0,0,3,15,0,0,0,0,0,0,0,0,41,174,253,253,247,21,0,0,0,0,0,0,0,0,0,0,0,0,24,228,0,0,0,0,0,0,0,102,229,253,253,253,118,0,0,0,0,0,0,0,0,0,0,0,0,0,24,254,51,0,0,0,0,81,170,254,255,254,247,184,0,0,0,0,0,0,0,0,0,0,0,0,0,0,3,173,248,230,155,172,231,251,253,253,254,160,37,0,0,0,0,0,0,0,0,0,0,0,0,0,0,0,0,17,237,253,253,253,254,253,242,196,80,4,0,0,0,0,0,0,0,0,0,0,0,0,0,0,0,0,0,0,19,152,169,253,220,202,54,0,0,0,0,0,0,0,0,0,0,0,0,0,0,0,0,0,0,0,0,0,0,0,0,0,0,0,0,0,0,0,0,0,0,0,0,0,0,0,0,0,0,0,0,0,0,0,0,0,0,0,0,0,0,0,0,0,0,0,0,0,0,0,0,0,0,0,0,0,0,0,0,0,0,0,0,0,0,0,0,0,0,0,0,0,0,0,0,0,0,0,0,0,0,0,0
7,0,0,0,0,0,0,0,0,0,0,0,0,0,0,0,0,0,0,0,0,0,0,0,0,0,0,0,0,0,0,0,0,0,0,0,0,0,0,0,0,0,0,0,0,0,0,0,0,0,0,0,0,0,0,0,0,0,0,0,0,0,0,0,0,0,0,0,0,0,0,0,0,0,0,0,0,0,0,0,0,0,0,0,0,0,0,0,0,0,0,0,0,0,0,0,0,0,0,0,0,0,0,0,0,0,0,0,0,0,0,0,0,0,0,0,0,0,0,0,0,0,0,0,0,0,0,0,0,0,0,0,0,0,0,0,0,0,0,0,0,0,0,0,0,0,0,0,0,0,0,0,0,0,0,0,0,0,0,0,0,0,0,0,0,0,0,0,0,0,0,0,0,0,0,0,0,0,0,0,0,0,0,0,0,0,0,0,0,0,0,0,0,0,0,0,0,0,0,0,0,0,0,0,0,0,0,0,0,0,0,0,0,3,113,179,254,254,197,6,0,0,0,0,0,0,0,0,0,0,0,0,0,0,0,0,0,0,0,0,50,176,253,253,253,253,253,129,0,0,0,0,0,0,0,0,0,0,0,0,0,0,0,0,0,0,6,117,232,253,253,237,181,253,253,129,0,0,0,0,0,0,0,0,0,0,0,0,0,0,0,0,0,49,177,253,253,190,105,13,106,253,253,118,0,0,0,0,0,0,0,0,0,0,0,0,4,32,32,32,120,227,253,253,128,17,0,0,121,253,239,5,0,0,0,0,0,0,0,0,0,0,22,50,172,253,253,253,253,253,243,119,18,0,0,82,245,253,118,0,0,0,0,0,0,0,0,0,0,30,216,253,253,253,253,253,253,191,63,0,0,0,0,223,253,253,12,0,0,0,0,0,0,0,0,0,2,159,253,253,253,253,253,243,176,22,0,0,0,0,19,229,253,152,4,0,0,0,0,0,0,0,0,0,95,253,253,253,253,253,216,99,0,0,0,0,0,62,207,253,230,14,0,0,0,0,0,0,0,0,0,0,101,253,253,253,253,195,23,0,0,0,0,0,0,88,253,253,118,0,0,0,0,0,0,0,0,0,0,0,2,131,253,213,170,23,0,0,0,0,0,0,0,181,253,226,18,0,0,0,0,0,0,0,0,0,0,0,0,3,55,23,0,0,0,0,0,0,0,0,100,244,253,57,0,0,0,0,0,0,0,0,0,0,0,0,0,0,0,0,0,0,0,0,0,0,0,0,205,253,224,21,0,0,0,0,0,0,0,0,0,0,0,0,0,0,0,0,0,0,0,0,0,0,0,63,245,253,57,0,0,0,0,0,0,0,0,0,0,0,0,0,0,0,0,0,0,0,0,0,0,0,59,228,253,179,6,0,0,0,0,0,0,0,0,0,0,0,0,0,0,0,0,0,0,0,0,0,0,0,118,253,222,41,0,0,0,0,0,0,0,0,0,0,0,0,0,0,0,0,0,0,0,0,0,0,0,109,248,253,61,0,0,0,0,0,0,0,0,0,0,0,0,0,0,0,0,0,0,0,0,0,0,0,0,186,253,220,28,0,0,0,0,0,0,0,0,0,0,0,0,0,0,0,0,0,0,0,0,0,0,0,54,250,253,122,0,0,0,0,0,0,0,0,0,0,0,0,0,0,0,0,0,0,0,0,0,0,0,0,2,187,220,28,0,0,0,0,0,0,0,0,0,0,0,0,0,0,0,0,0,0,0,0,0,0,0,0,0,0,0,0,0,0,0,0,0,0,0,0,0,0,0,0,0
2,0,0,0,0,0,0,0,0,0,0,0,0,0,0,0,0,0,0,0,0,0,0,0,0,0,0,0,0,0,0,0,0,0,0,0,0,0,0,0,0,0,0,0,0,0,0,0,0,0,0,0,0,0,0,0,0,0,0,0,0,0,0,0,0,0,0,0,0,0,0,0,0,0,0,0,0,0,0,0,0,0,0,0,0,0,0,0,0,0,0,0,0,0,0,0,0,0,0,0,0,0,0,0,0,0,0,0,0,0,0,0,0,0,0,0,0,0,0,0,0,0,0,0,0,0,0,0,0,0,0,0,0,0,0,0,0,0,0,0,0,0,0,0,0,0,0,0,0,0,0,0,0,0,0,30,202,254,255,139,0,0,0,0,0,0,0,0,0,0,0,0,0,0,0,0,0,0,0,0,0,58,180,204,253,253,237,49,0,0,0,0,0,0,0,0,0,0,0,0,0,0,0,0,0,0,0,21,107,240,253,253,253,253,253,138,0,0,0,0,0,0,0,0,0,0,0,0,0,0,0,0,14,33,114,208,253,253,253,253,253,253,253,138,0,0,0,0,0,0,0,0,0,0,0,0,0,0,0,9,178,253,253,253,253,253,177,170,253,253,253,138,0,0,0,0,0,0,0,0,0,0,0,0,0,0,0,17,253,253,253,253,253,197,16,83,253,253,253,138,0,0,0,0,0,0,0,0,0,0,0,0,0,0,0,17,253,162,253,253,176,85,0,173,253,253,253,138,0,0,0,0,0,0,0,0,0,0,0,0,0,0,0,17,225,193,24,24,11,0,0,246,253,253,253,138,0,0,0,0,0,0,0,0,0,0,0,0,0,0,0,7,57,64,0,0,0,0,97,250,253,253,253,138,0,0,0,0,0,0,0,0,0,0,0,0,0,0,0,0,0,0,0,0,0,0,5,246,253,253,229,4,0,0,0,0,0,0,0,0,0,0,0,0,0,0,0,0,0,0,0,0,0,45,172,251,253,253,228,0,0,0,0,0,0,0,0,0,0,0,0,0,0,0,0,0,0,0,0,0,0,66,253,189,253,253,228,0,0,0,0,0,0,0,0,0,0,0,0,0,0,0,0,0,0,0,0,0,0,60,142,101,253,253,106,0,0,0,0,0,0,0,0,0,0,0,0,0,0,0,0,0,0,0,0,0,0,0,156,253,253,253,65,0,0,0,0,0,0,0,0,0,0,0,0,0,0,0,0,0,0,0,0,0,0,38,172,253,253,173,13,0,0,22,32,0,0,0,0,0,0,0,0,0,0,0,0,0,0,0,0,0,0,230,253,253,253,205,131,72,86,131,225,55,0,0,0,0,0,0,0,0,0,0,0,0,0,0,0,0,0,87,253,253,253,253,253,239,215,129,158,13,0,0,0,0,0,0,0,0,0,0,0,0,0,0,0,0,0,66,253,253,253,253,253,186,106,128,19,0,0,0,0,0,0,0,0,0,0,0,0,0,0,0,0,0,0,47,179,173,23,253,253,138,0,94,23,0,0,0,0,0,0,0,0,0,0,0,0,0,0,0,0,0,0,0,0,164,3,152,237,49,0,0,0,0,0,0,0,0,0,0,0,0,0,0,0,0,0,0,0,0,0,0,0,0,0,0,0,0,0,0,0,0,0,0,0,0,0,0,0,0,0,0,0,0,0,0,0,0,0,0,0,0,0,0,0,0,0,0,0,0,0,0,0,0,0,0,0,0,0,0,0,0,0,0,0,0,0,0,0,0,0,0,0,0,0,0,0,0,0,0,0,0,0
4,0,0,0,0,0,0,0,0,0,0,0,0,0,0,0,0,0,0,0,0,0,0,0,0,0,0,0,0,0,0,0,0,0,0,0,0,0,0,0,0,0,0,0,0,0,0,0,0,0,0,0,0,0,0,0,0,0,0,0,0,0,0,0,0,0,0,0,0,0,0,0,0,0,0,0,0,0,0,0,0,0,0,0,0,0,0,0,0,0,0,0,0,0,0,0,0,0,0,0,0,0,0,0,0,0,0,0,0,0,0,0,0,0,0,0,0,0,0,0,0,0,0,0,0,0,0,0,0,0,0,0,0,0,0,0,0,0,0,0,0,0,0,0,0,0,0,0,0,0,0,0,0,0,0,0,0,0,0,18,201,154,0,0,0,0,0,0,0,0,0,0,0,0,0,0,0,0,0,0,21,95,2,0,0,0,0,121,254,153,0,0,0,0,0,0,0,0,0,0,0,0,0,0,0,0,0,0,116,254,14,0,0,0,0,169,241,62,0,0,0,0,0,0,0,0,0,0,0,0,0,0,0,0,0,33,236,174,1,0,0,0,3,188,194,0,0,0,0,0,0,0,0,0,0,0,0,0,0,0,0,0,0,63,254,163,0,0,0,0,102,254,111,0,0,0,0,0,0,0,0,0,0,0,0,0,0,0,0,0,0,149,241,22,0,0,0,0,202,254,24,0,0,0,0,0,0,0,0,0,0,0,0,0,0,0,0,0,0,206,215,0,0,0,0,0,202,185,1,0,0,0,0,0,0,0,0,0,0,0,0,0,0,0,0,0,117,253,131,0,0,0,0,44,246,103,0,0,0,0,0,0,0,0,0,0,0,0,0,0,0,0,0,8,206,217,13,0,0,0,0,140,254,86,0,0,0,0,0,0,0,0,0,0,0,0,0,0,0,0,0,98,254,111,0,0,0,0,0,194,249,38,0,0,0,0,0,0,0,0,0,0,0,0,0,0,0,0,0,217,250,72,59,112,93,15,15,237,245,0,0,0,0,0,0,0,0,0,0,0,0,0,0,0,0,0,69,243,227,221,254,254,254,254,254,254,208,0,0,0,0,0,0,0,0,0,0,0,0,0,0,0,0,0,207,254,254,229,167,115,115,157,241,254,254,209,126,27,0,0,0,0,0,0,0,0,0,0,0,0,0,0,251,254,175,25,0,0,0,0,173,254,170,212,245,220,0,0,0,0,0,0,0,0,0,0,0,0,0,35,252,166,0,0,0,0,0,0,173,242,38,0,0,0,0,0,0,0,0,0,0,0,0,0,0,0,0,0,118,27,0,0,0,0,0,14,247,211,0,0,0,0,0,0,0,0,0,0,0,0,0,0,0,0,0,0,0,0,0,0,0,0,0,15,254,136,0,0,0,0,0,0,0,0,0,0,0,0,0,0,0,0,0,0,0,0,0,0,0,0,0,15,254,53,0,0,0,0,0,0,0,0,0,0,0,0,0,0,0,0,0,0,0,0,0,0,0,0,0,64,254,19,0,0,0,0,0,0,0,0,0,0,0,0,0,0,0,0,0,0,0,0,0,0,0,0,0,38,225,12,0,0,0,0,0,0,0,0,0,0,0,0,0,0,0,0,0,0,0,0,0,0,0,0,0,0,0,0,0,0,0,0,0,0,0,0,0,0,0,0,0,0,0,0,0,0,0,0,0,0,0,0,0,0,0,0,0,0,0,0,0,0,0,0,0,0,0,0,0,0,0,0,0,0,0,0,0,0,0,0,0,0,0,0,0,0,0,0,0,0,0,0,0,0,0
0,0,0,0,0,0,0,0,0,0,0,0,0,0,0,0,0,0,0,0,0,0,0,0,0,0,0,0,0,0,0,0,0,0,0,0,0,0,0,0,0,0,0,0,0,0,0,0,0,0,0,0,0,0,0,0,0,0,0,0,0,0,0,0,0,0,0,0,0,0,0,0,0,0,0,0,0,0,0,0,0,0,0,0,0,0,0,0,0,0,0,0,0,0,0,0,0,0,0,0,0,0,0,0,0,0,0,0,0,0,0,0,0,0,0,0,0,0,0,0,0,0,0,0,0,0,0,0,47,218,101,0,0,0,0,0,0,0,0,0,0,0,0,0,0,0,0,0,0,0,0,0,0,0,0,89,246,254,229,37,0,0,0,0,0,0,0,0,0,0,0,0,0,0,0,0,0,0,0,0,0,0,88,253,254,254,219,30,0,0,0,0,0,0,0,0,0,0,0,0,0,0,0,0,0,0,0,0,0,35,247,254,254,254,188,7,0,0,0,0,0,0,0,0,0,0,0,0,0,0,0,0,0,0,0,0,0,138,254,254,194,227,254,114,0,0,0,0,0,0,0,0,0,0,0,0,0,0,0,0,0,0,0,0,44,248,254,249,44,160,254,184,0,0,0,0,0,0,0,0,0,0,0,0,0,0,0,0,0,0,0,0,86,254,254,171,0,128,254,235,22,0,0,0,0,0,0,0,0,0,0,0,0,0,0,0,0,0,0,0,180,254,254,50,0,51,248,254,69,0,0,0,0,0,0,0,0,0,0,0,0,0,0,0,0,0,0,0,185,254,219,3,0,0,215,254,107,0,0,0,0,0,0,0,0,0,0,0,0,0,0,0,0,0,0,89,253,247,50,0,0,0,215,254,129,0,0,0,0,0,0,0,0,0,0,0,0,0,0,0,0,0,0,130,254,214,0,0,0,0,215,254,129,0,0,0,0,0,0,0,0,0,0,0,0,0,0,0,0,0,0,130,254,191,0,0,0,0,215,254,129,0,0,0,0,0,0,0,0,0,0,0,0,0,0,0,0,0,0,215,254,115,0,0,0,34,233,254,124,0,0,0,0,0,0,0,0,0,0,0,0,0,0,0,0,0,0,230,254,115,0,0,0,160,254,235,22,0,0,0,0,0,0,0,0,0,0,0,0,0,0,0,0,0,0,230,254,75,0,0,64,244,254,184,0,0,0,0,0,0,0,0,0,0,0,0,0,0,0,0,0,0,0,159,254,115,0,16,221,254,254,114,0,0,0,0,0,0,0,0,0,0,0,0,0,0,0,0,0,0,0,130,254,173,36,196,254,254,227,7,0,0,0,0,0,0,0,0,0,0,0,0,0,0,0,0,0,0,0,130,254,254,254,254,254,254,104,0,0,0,0,0,0,0,0,0,0,0,0,0,0,0,0,0,0,0,0,5,170,254,254,254,236,84,2,0,0,0,0,0,0,0,0,0,0,0,0,0,0,0,0,0,0,0,0,0,19,164,254,195,52,0,0,0,0,0,0,0,0,0,0,0,0,0,0,0,0,0,0,0,0,0,0,0,0,0,0,0,0,0,0,0,0,0,0,0,0,0,0,0,0,0,0,0,0,0,0,0,0,0,0,0,0,0,0,0,0,0,0,0,0,0,0,0,0,0,0,0,0,0,0,0,0,0,0,0,0,0,0,0,0,0,0,0,0,0,0,0,0,0,0,0,0,0,0,0,0,0,0,0,0,0,0,0,0,0,0,0,0,0,0,0,0,0,0,0,0,0,0,0,0,0,0,0,0
9,0,0,0,0,0,0,0,0,0,0,0,0,0,0,0,0,0,0,0,0,0,0,0,0,0,0,0,0,0,0,0,0,0,0,0,0,0,0,0,0,0,0,0,0,0,0,0,0,0,0,0,0,0,0,0,0,0,0,0,0,0,0,0,0,0,0,0,0,0,0,0,0,0,0,0,0,0,0,0,0,0,0,0,0,0,0,0,0,0,0,0,0,0,0,0,0,0,0,0,0,0,0,0,0,0,0,0,0,0,0,0,0,0,0,0,0,0,0,0,0,0,0,0,0,0,0,0,0,0,0,0,0,0,0,0,0,0,0,0,0,0,0,0,0,0,0,0,0,0,0,0,0,0,0,0,0,0,0,0,0,0,0,0,0,0,0,0,0,0,0,0,0,0,0,0,0,0,0,0,0,0,0,0,0,0,0,0,0,0,0,0,0,0,0,0,0,0,0,0,0,0,0,0,0,0,0,0,108,231,255,254,186,141,14,0,0,0,0,0,0,0,0,0,0,0,0,0,0,0,0,0,0,0,25,185,250,253,254,253,253,253,223,46,0,0,0,0,0,0,0,0,0,0,0,0,0,0,0,0,0,41,241,253,253,192,116,78,78,240,253,128,0,0,0,0,0,0,0,0,0,0,0,0,0,0,0,0,0,201,253,225,71,5,0,0,0,234,253,195,0,0,0,0,0,0,0,0,0,0,0,0,0,0,0,0,76,254,245,48,0,0,0,0,99,248,253,120,0,0,0,0,0,0,0,0,0,0,0,0,0,0,0,10,171,255,76,0,0,0,0,43,254,254,254,99,0,0,0,0,0,0,0,0,0,0,0,0,0,0,0,6,204,254,46,0,4,20,140,232,253,253,253,98,0,0,0,0,0,0,0,0,0,0,0,0,0,0,0,0,165,254,209,146,187,253,254,253,253,253,253,98,0,0,0,0,0,0,0,0,0,0,0,0,0,0,0,0,8,238,253,253,253,253,244,86,19,145,253,98,0,0,0,0,0,0,0,0,0,0,0,0,0,0,0,0,0,59,200,253,253,215,45,0,0,136,253,98,0,0,0,0,0,0,0,0,0,0,0,0,0,0,0,0,0,0,0,68,45,0,0,0,0,40,254,99,0,0,0,0,0,0,0,0,0,0,0,0,0,0,0,0,0,0,0,0,0,0,0,0,0,40,253,98,0,0,0,0,0,0,0,0,0,0,0,0,0,0,0,0,0,0,0,0,0,0,0,0,0,40,253,128,0,0,0,0,0,0,0,0,0,0,0,0,0,0,0,0,0,0,0,0,0,0,0,0,0,40,253,105,0,0,0,0,0,0,0,0,0,0,0,0,0,0,0,0,0,0,0,0,0,0,0,0,0,40,253,98,0,0,0,0,0,0,0,0,0,0,0,0,0,0,0,0,0,0,0,0,0,0,0,0,0,40,254,99,0,0,0,0,0,0,0,0,0,0,0,0,0,0,0,0,0,0,0,0,0,0,0,0,0,40,253,142,0,0,0,0,0,0,0,0,0,0,0,0,0,0,0,0,0,0,0,0,0,0,0,0,0,40,253,195,0,0,0,0,0,0,0,0,0,0,0,0,0,0,0,0,0,0,0,0,0,0,0,0,0,40,253,142,0,0,0,0,0,0,0,0,0,0,0,0,0,0,0,0,0,0,0,0,0,0,0,0,0,24,230,98,0,0,0,0,0,0,0,0,0,0,0,0,0,0,0,0,0,0,0,0,0,0,0,0,0,0,0,0,0,0,0,0,0,0,0,0,0
1,0,0,0,0,0,0,0,0,0,0,0,0,0,0,0,0,0,0,0,0,0,0,0,0,0,0,0,0,0,0,0,0,0,0,0,0,0,0,0,0,0,0,0,0,0,0,0,0,0,0,0,0,0,0,0,0,0,0,0,0,0,0,0,0,0,0,0,0,0,0,0,0,0,0,0,0,0,0,0,0,0,0,0,0,0,0,0,0,0,0,0,0,0,0,0,0,0,0,0,0,0,0,0,0,0,0,0,0,0,0,0,0,0,0,0,0,0,0,0,0,0,0,0,0,0,0,116,181,9,0,0,0,0,0,0,0,0,0,0,0,0,0,0,0,0,0,0,0,0,0,0,0,0,0,116,253,113,0,0,0,0,0,0,0,0,0,0,0,0,0,0,0,0,0,0,0,0,0,0,0,0,0,146,253,206,0,0,0,0,0,0,0,0,0,0,0,0,0,0,0,0,0,0,0,0,0,0,0,0,119,248,253,206,0,0,0,0,0,0,0,0,0,0,0,0,0,0,0,0,0,0,0,0,0,0,0,0,207,252,253,153,0,0,0,0,0,0,0,0,0,0,0,0,0,0,0,0,0,0,0,0,0,0,0,0,208,253,255,144,0,0,0,0,0,0,0,0,0,0,0,0,0,0,0,0,0,0,0,0,0,0,0,0,207,252,253,92,0,0,0,0,0,0,0,0,0,0,0,0,0,0,0,0,0,0,0,0,0,0,0,0,207,252,247,67,0,0,0,0,0,0,0,0,0,0,0,0,0,0,0,0,0,0,0,0,0,0,0,57,244,252,230,0,0,0,0,0,0,0,0,0,0,0,0,0,0,0,0,0,0,0,0,0,0,0,0,70,252,252,230,0,0,0,0,0,0,0,0,0,0,0,0,0,0,0,0,0,0,0,0,0,0,0,0,70,253,253,231,0,0,0,0,0,0,0,0,0,0,0,0,0,0,0,0,0,0,0,0,0,0,0,0,70,252,252,230,0,0,0,0,0,0,0,0,0,0,0,0,0,0,0,0,0,0,0,0,0,0,0,0,19,219,252,230,0,0,0,0,0,0,0,0,0,0,0,0,0,0,0,0,0,0,0,0,0,0,0,0,0,207,252,230,0,0,0,0,0,0,0,0,0,0,0,0,0,0,0,0,0,0,0,0,0,0,0,0,0,207,252,230,0,0,0,0,0,0,0,0,0,0,0,0,0,0,0,0,0,0,0,0,0,0,0,0,0,208,253,231,0,0,0,0,0,0,0,0,0,0,0,0,0,0,0,0,0,0,0,0,0,0,0,0,0,207,252,230,0,0,0,0,0,0,0,0,0,0,0,0,0,0,0,0,0,0,0,0,0,0,0,0,0,207,252,230,0,0,0,0,0,0,0,0,0,0,0,0,0,0,0,0,0,0,0,0,0,0,0,0,0,207,252,230,0,0,0,0,0,0,0,0,0,0,0,0,0,0,0,0,0,0,0,0,0,0,0,0,0,113,242,178,0,0,0,0,0,0,0,0,0,0,0,0,0,0,0,0,0,0,0,0,0,0,0,0,0,0,0,0,0,0,0,0,0,0,0,0,0,0,0,0,0,0,0,0,0,0,0,0,0,0,0,0,0,0,0,0,0,0,0,0,0,0,0,0,0,0,0,0,0,0,0,0,0,0,0,0,0,0,0,0,0,0,0,0,0,0,0,0,0,0,0,0,0,0,0,0,0,0,0,0,0,0,0,0,0,0,0,0,0,0,0,0,0,0,0,0,0,0,0,0,0,0,0,0
8,0,0,0,0,0,0,0,0,0,0,0,0,0,0,0,0,0,0,0,0,0,0,0,0,0,0,0,0,0,0,0,0,0,0,0,0,0,0,0,0,0,0,0,0,0,0,0,0,0,0,0,0,0,0,0,0,0,0,0,0,0,0,0,0,0,0,0,0,0,0,0,0,0,0,0,0,0,0,0,0,0,0,0,0,0,0,0,0,0,0,0,0,0,0,0,0,0,0,0,0,0,0,0,0,0,0,0,0,0,0,0,0,0,0,0,0,0,0,0,0,0,0,0,0,0,0,10,47,149,187,255,180,58,16,0,0,0,0,0,0,0,0,0,0,0,0,0,0,0,0,0,0,0,43,209,253,253,253,253,253,253,215,66,0,0,0,0,0,0,0,0,0,0,0,0,0,0,0,0,0,76,248,253,224,217,174,236,253,253,253,198,29,0,0,0,0,0,0,0,0,0,0,0,0,0,0,0,12,231,252,107,14,0,0,49,138,76,227,253,238,68,0,0,0,0,0,0,0,0,0,0,0,0,0,0,112,253,100,0,0,0,0,0,0,0,14,168,253,149,0,0,0,0,0,0,0,0,0,0,0,0,0,0,149,236,29,0,0,0,0,0,0,0,0,115,237,107,0,0,0,0,0,0,0,0,0,0,0,0,0,0,223,191,0,0,0,0,0,0,0,0,32,222,190,0,0,0,0,0,0,0,0,0,0,0,0,0,0,0,181,191,0,0,0,0,0,0,0,65,189,253,93,0,0,0,0,0,0,0,0,0,0,0,0,0,0,0,136,217,17,0,0,0,0,16,183,245,250,113,15,0,0,0,0,0,0,0,0,0,0,0,0,0,0,0,99,229,68,0,0,30,34,199,216,28,32,0,0,0,0,0,0,0,0,0,0,0,0,0,0,0,0,0,10,219,248,0,80,173,141,173,15,0,0,0,0,0,0,0,0,0,0,0,0,0,0,0,0,0,0,0,0,97,247,249,196,47,38,8,0,0,0,0,0,0,0,0,0,0,0,0,0,0,0,0,0,0,0,0,42,115,244,253,119,0,0,0,0,0,0,0,0,0,0,0,0,0,0,0,0,0,0,0,0,0,0,52,191,220,232,253,119,1,0,0,0,0,0,0,0,0,0,0,0,0,0,0,0,0,0,0,0,0,51,232,253,217,166,253,253,37,0,0,0,0,0,0,0,0,0,0,0,0,0,0,0,0,0,0,35,201,241,239,141,55,1,81,253,109,0,0,0,0,0,0,0,0,0,0,0,0,0,0,0,0,0,92,250,253,180,25,0,0,4,222,253,109,0,0,0,0,0,0,0,0,0,0,0,0,0,0,0,0,88,246,237,63,3,0,0,29,202,251,247,62,0,0,0,0,0,0,0,0,0,0,0,0,0,0,0,0,150,253,159,16,53,129,161,184,252,114,38,0,0,0,0,0,0,0,0,0,0,0,0,0,0,0,0,0,150,253,235,220,250,253,253,253,206,0,0,0,0,0,0,0,0,0,0,0,0,0,0,0,0,0,0,0,0,0,0,0,0,0,0,0,0,0,0,0,0,0,0,0,0,0,0,0,0,0,0,0,0,0,0,0,0,0,0,0,0,0,0,0,0,0,0,0,0,0,0,0,0,0,0,0,0,0,0,0,0,0,0,0,0,0,0,0,0,0,0,0,0,0,0,0,0,0,0,0,0,0,0,0,0,0,0,0,0,0,0,0,0,0,0,0,0,0,0,0,0,0,0,0,0,0,0,0,0,0,0,0,0,0,0
6,0,0,0,0,0,0,0,0,0,0,0,0,0,0,0,0,0,0,0,0,0,0,0,0,0,0,0,0,0,0,0,0,0,0,0,0,0,0,0,0,0,0,0,0,0,0,0,0,0,0,0,0,0,0,0,0,0,0,0,0,0,0,0,0,1,103,112,4,0,0,0,0,0,0,0,0,0,0,0,0,0,0,0,0,0,0,0,0,0,0,0,0,85,253,253,27,0,0,0,0,0,0,0,0,0,0,0,0,0,0,0,0,0,0,0,0,0,0,0,0,160,253,253,29,0,0,0,0,0,0,0,0,0,0,0,0,0,0,0,0,0,0,0,0,0,0,0,0,178,253,253,134,0,0,0,0,0,0,0,0,0,0,0,0,0,0,0,0,0,0,0,0,0,0,0,57,245,253,253,100,0,0,0,0,0,0,0,0,0,0,0,0,0,0,0,0,0,0,0,0,0,0,0,76,253,253,215,14,0,0,0,0,0,0,0,0,0,0,0,0,0,0,0,0,0,0,0,0,0,0,0,143,253,253,151,0,0,0,0,0,0,0,0,0,0,0,0,0,0,0,0,0,0,0,0,0,0,0,30,237,253,253,65,0,0,0,0,0,0,0,0,0,0,0,0,0,0,0,0,0,0,0,0,0,0,0,137,253,253,232,33,0,0,0,0,0,0,0,11,105,125,79,125,65,12,0,0,0,0,0,0,0,0,0,146,253,253,187,0,0,0,0,0,0,24,61,223,253,253,253,253,253,228,24,0,0,0,0,0,0,0,0,185,253,251,65,0,0,0,0,0,83,223,250,253,253,253,253,253,253,253,123,0,0,0,0,0,0,0,0,254,253,248,0,0,0,0,0,81,248,253,252,160,82,16,16,60,251,253,201,0,0,0,0,0,0,0,0,254,253,248,0,0,0,0,0,233,253,232,131,0,0,0,0,0,249,253,228,0,0,0,0,0,0,0,0,254,253,250,40,0,0,0,71,250,253,161,0,0,0,0,0,40,251,253,145,0,0,0,0,0,0,0,0,197,253,253,210,7,0,0,87,253,253,161,0,0,0,15,83,248,253,246,84,0,0,0,0,0,0,0,0,146,253,253,253,113,35,0,28,239,253,185,4,0,53,212,253,253,253,110,0,0,0,0,0,0,0,0,0,25,196,253,253,253,234,190,104,241,253,253,214,211,245,253,253,253,182,13,0,0,0,0,0,0,0,0,0,0,69,235,253,253,253,253,253,253,253,253,253,253,253,253,245,177,4,0,0,0,0,0,0,0,0,0,0,0,0,36,195,253,253,253,253,253,253,253,253,253,226,126,56,0,0,0,0,0,0,0,0,0,0,0,0,0,0,0,7,37,88,145,145,145,145,145,136,37,23,0,0,0,0,0,0,0,0,0,0,0,0,0,0,0,0,0,0,0,0,0,0,0,0,0,0,0,0,0,0,0,0,0,0,0,0,0,0,0,0,0,0,0,0,0,0,0,0,0,0,0,0,0,0,0,0,0,0,0,0,0,0,0,0,0,0,0,0,0,0,0,0,0,0,0,0,0,0,0,0,0,0,0,0,0,0,0,0,0,0,0,0,0,0,0,0,0,0,0,0,0,0,0,0,0,0,0,0,0,0,0,0,0,0,0,0,0,0,0,0,0,0,0,0,0,0,0,0,0,0,0,0,0,0,0,0,0,0,0,0,0,0,0,0,0,0,0,0,0,0,0,0,0,0,0,0,0,0,0,0,0,0,0,0,0,0,0,0,0,0,0,0,0,0,0,0
7,0,0,0,0,0,0,0,0,0,0,0,0,0,0,0,0,0,0,0,0,0,0,0,0,0,0,0,0,0,0,0,0,0,0,0,0,0,0,0,0,0,0,0,0,0,0,0,0,0,0,0,0,0,0,0,0,0,0,0,0,0,0,0,0,0,0,0,0,0,0,0,0,0,0,0,0,0,0,0,0,0,0,0,0,0,0,0,0,0,0,0,0,0,0,0,0,0,0,0,0,0,0,0,0,0,0,0,0,0,0,0,0,0,0,0,0,0,0,0,0,0,0,0,0,0,0,0,0,0,0,0,0,0,0,0,0,0,0,0,0,0,0,0,0,0,0,0,0,0,0,0,0,0,0,0,0,0,0,0,0,0,0,0,0,0,0,0,0,0,0,0,0,0,0,0,0,0,0,0,0,0,0,0,0,0,0,0,0,0,0,0,0,0,0,0,0,0,0,0,0,0,0,0,0,0,0,0,0,6,73,163,182,254,254,254,182,0,0,0,0,0,0,0,0,0,0,0,0,0,0,0,0,0,0,0,41,185,253,254,253,206,222,253,181,0,0,0,0,0,0,0,0,0,0,0,0,0,0,0,0,0,95,146,235,237,184,101,36,24,213,253,135,0,0,0,0,0,0,0,0,0,0,0,0,0,0,0,0,72,254,249,176,31,0,0,0,76,253,253,20,0,0,0,0,0,0,0,0,0,0,0,0,0,0,0,0,155,254,133,0,0,0,0,0,192,253,220,0,0,0,0,0,0,0,0,0,0,0,0,0,0,0,0,0,130,156,7,0,0,0,0,55,254,248,52,0,0,0,0,0,0,0,0,0,0,0,0,0,0,0,0,0,0,0,0,0,0,0,0,158,253,215,0,0,0,0,0,0,0,0,0,0,0,0,0,0,0,0,0,0,0,0,0,0,0,0,63,250,234,40,0,0,0,0,0,0,0,0,0,0,0,0,0,0,0,0,0,0,0,0,0,0,0,0,80,253,210,0,0,0,0,0,0,0,0,0,0,0,0,0,0,0,0,0,0,0,0,0,0,0,0,0,195,253,127,0,0,0,0,0,0,0,0,0,0,0,0,0,0,0,0,0,0,0,0,0,0,0,0,27,255,238,26,0,0,0,0,0,0,0,0,0,0,0,0,0,0,0,0,0,0,0,0,0,0,0,0,142,254,63,0,0,0,0,0,0,0,0,0,0,0,0,0,0,0,0,0,0,0,0,0,0,0,0,16,243,254,18,0,0,0,0,0,0,0,0,0,0,0,0,0,0,0,0,0,0,0,0,0,0,0,0,25,253,222,10,0,0,0,0,0,0,0,0,0,0,0,0,0,0,0,0,0,0,0,0,0,0,0,0,109,253,148,0,0,0,0,0,0,0,0,0,0,0,0,0,0,0,0,0,0,0,0,0,0,0,0,0,200,254,92,0,0,0,0,0,0,0,0,0,0,0,0,0,0,0,0,0,0,0,0,0,0,0,0,0,199,253,72,0,0,0,0,0,0,0,0,0,0,0,0,0,0,0,0,0,0,0,0,0,0,0,0,19,226,253,0,0,0,0,0,0,0,0,0,0,0,0,0,0,0,0,0,0,0,0,0,0,0,0,0,37,253,253,0,0,0,0,0,0,0,0,0,0,0,0,0,0,0,0,0,0,0,0,0,0,0,0,0,11,182,155,0,0,0,0,0,0,0,0,0,0,0,0,0,0,0,0,0,0,0,0,0,0,0,0,0,0,0,0,0,0,0,0,0,0,0,0,0,0,0,0,0,0
7,0,0,0,0,0,0,0,0,0,0,0,0,0,0,0,0,0,0,0,0,0,0,0,0,0,0,0,0,0,0,0,0,0,0,0,0,0,0,0,0,0,0,0,0,0,0,0,0,0,0,0,0,0,0,0,0,0,0,0,0,0,0,0,0,0,0,0,0,0,0,0,0,0,0,0,0,0,0,0,0,0,0,0,0,0,0,0,0,0,0,0,0,0,0,0,0,0,0,0,0,0,0,0,0,0,0,0,0,0,0,0,0,0,0,0,0,0,0,0,0,0,0,0,0,0,0,0,0,0,0,0,0,0,0,0,0,0,0,0,0,0,0,0,0,0,0,0,0,0,0,0,0,0,0,0,0,0,0,0,0,0,0,0,0,0,0,0,0,0,0,0,0,0,0,0,0,0,0,68,155,253,255,231,149,56,7,0,0,0,0,0,0,0,0,0,0,0,0,0,0,0,0,0,0,25,210,242,167,85,44,68,150,253,30,0,0,0,0,0,0,0,0,0,0,0,0,0,0,0,0,0,0,11,89,5,0,0,0,0,16,253,30,0,0,0,0,0,0,0,0,0,0,0,0,0,0,0,0,0,0,0,0,0,0,0,0,0,16,253,30,0,0,0,0,0,0,0,0,0,0,0,0,0,0,0,0,0,0,0,0,0,0,0,0,0,16,253,30,0,0,0,0,0,0,0,0,0,0,0,0,0,0,0,0,0,0,0,0,0,0,0,0,0,118,190,3,0,0,0,0,0,0,0,0,0,0,0,0,0,0,0,0,0,0,0,0,0,0,0,0,0,214,112,0,0,0,0,0,0,0,0,0,0,0,0,0,0,0,0,0,0,0,0,0,0,0,0,0,57,237,5,0,0,0,0,0,0,0,0,0,0,0,0,0,0,0,0,0,0,0,0,0,0,0,0,0,136,201,0,0,0,0,0,0,0,0,0,0,0,0,0,0,0,0,0,0,0,0,0,0,0,0,0,3,215,178,0,0,0,0,0,0,0,0,0,0,0,0,0,0,0,0,0,0,0,0,0,0,0,0,0,47,252,97,0,0,0,0,0,0,0,0,0,0,0,0,0,0,0,0,0,0,0,0,0,0,0,0,0,105,194,0,0,0,0,0,0,0,0,0,0,0,0,0,0,0,0,0,0,0,0,0,0,0,0,0,3,153,188,0,0,0,0,0,0,0,0,0,0,0,0,0,0,0,0,0,0,0,0,0,0,0,0,0,50,253,111,11,0,0,0,0,0,0,0,0,0,0,0,0,0,0,0,0,0,0,0,0,0,0,0,0,138,250,84,36,0,0,0,0,0,0,0,0,0,0,0,0,0,0,0,0,0,0,0,0,0,0,0,0,149,179,128,0,0,0,0,0,0,0,0,0,0,0,0,0,0,0,0,0,0,0,0,0,0,0,0,0,150,206,173,0,0,0,0,0,0,0,0,0,0,0,0,0,0,0,0,0,0,0,0,0,0,0,0,0,224,250,24,0,0,0,0,0,0,0,0,0,0,0,0,0,0,0,0,0,0,0,0,0,0,0,0,0,250,152,0,0,0,0,0,0,0,0,0,0,0,0,0,0,0,0,0,0,0,0,0,0,0,0,0,75,233,51,0,0,0,0,0,0,0,0,0,0,0,0,0,0,0,0,0,0,0,0,0,0,0,0,0,0,0,0,0,0,0,0,0,0,0,0,0,0,0,0,0,0,0,0,0,0,0,0,0,0,0,0,0,0,0,0,0,0,0,0,0,0,0,0,0,0,0,0,0,0
4,0,0,0,0,0,0,0,0,0,0,0,0,0,0,0,0,0,0,0,0,0,0,0,0,0,0,0,0,0,0,0,0,0,0,0,0,0,0,0,0,0,0,0,0,0,0,0,0,0,0,0,0,0,0,0,0,0,0,0,0,0,0,0,0,0,0,0,0,0,0,0,0,0,0,0,0,0,0,0,0,0,0,0,0,0,0,0,0,0,0,0,0,0,0,0,0,0,0,0,0,0,0,0,0,0,0,0,0,0,0,0,0,0,0,0,0,0,0,0,0,0,0,0,0,0,0,0,0,0,0,0,0,0,0,0,0,0,0,0,0,0,0,0,0,0,0,0,0,0,0,0,0,0,0,0,255,198,0,0,0,0,0,0,0,0,0,0,0,0,0,0,0,0,0,0,0,57,255,86,0,0,0,0,255,255,86,0,0,0,0,0,0,0,0,0,0,0,0,0,0,0,0,0,0,86,255,226,0,0,0,57,255,255,57,0,0,0,0,0,0,0,0,0,0,0,0,0,0,0,0,0,0,57,255,170,0,0,0,0,255,255,0,0,0,0,0,0,0,0,0,0,0,0,0,0,0,0,0,0,0,86,255,170,0,0,0,29,255,255,0,0,0,0,0,0,0,0,0,0,0,0,0,0,0,0,0,0,0,86,255,170,0,0,0,57,255,255,0,0,0,0,0,0,0,0,0,0,0,0,0,0,0,0,0,0,0,0,255,170,0,0,0,0,255,255,0,0,0,0,0,0,0,0,0,0,0,0,0,0,0,0,0,0,0,0,255,255,0,0,0,0,255,255,0,0,0,0,0,0,0,0,0,0,0,0,0,0,0,0,0,0,0,0,255,255,0,0,0,0,255,255,0,0,0,0,0,0,0,0,0,0,0,0,0,0,0,0,0,0,0,0,255,255,0,0,0,0,255,255,170,170,170,170,198,170,29,0,0,0,0,0,0,0,0,0,0,0,0,0,198,255,114,86,170,170,255,255,255,255,255,255,170,170,29,0,0,0,0,0,0,0,0,0,0,0,0,0,29,255,255,255,255,255,255,255,141,57,86,0,0,0,0,0,0,0,0,0,0,0,0,0,0,0,0,0,0,57,170,198,255,170,255,255,86,0,0,0,0,0,0,0,0,0,0,0,0,0,0,0,0,0,0,0,0,0,0,0,0,0,170,255,198,0,0,0,0,0,0,0,0,0,0,0,0,0,0,0,0,0,0,0,0,0,0,0,0,0,57,226,255,29,0,0,0,0,0,0,0,0,0,0,0,0,0,0,0,0,0,0,0,0,0,0,0,0,0,170,255,114,0,0,0,0,0,0,0,0,0,0,0,0,0,0,0,0,0,0,0,0,0,0,0,0,0,114,255,226,0,0,0,0,0,0,0,0,0,0,0,0,0,0,0,0,0,0,0,0,0,0,0,0,0,29,226,255,57,0,0,0,0,0,0,0,0,0,0,0,0,0,0,0,0,0,0,0,0,0,0,0,0,0,170,255,86,0,0,0,0,0,0,0,0,0,0,0,0,0,0,0,0,0,0,0,0,0,0,0,0,0,86,198,86,0,0,0,0,0,0,0,0,0,0,0,0,0,0,0,0,0,0,0,0,0,0,0,0,0,0,0,0,0,0,0,0,0,0,0,0,0,0,0,0,0,0,0,0,0,0,0,0,0,0,0,0,0,0,0,0,0,0,0,0,0,0,0,0,0,0,0,0,0,0,0,0,0,0,0,0,0,0,0,0,0,0,0,0,0,0,0,0,0,0,0,0
3,0,0,0,0,0,0,0,0,0,0,0,0,0,0,0,0,0,0,0,0,0,0,0,0,0,0,0,0,0,0,0,0,0,0,0,0,0,0,0,0,0,0,0,0,0,0,0,0,0,0,0,0,0,0,0,0,0,0,0,0,0,0,0,0,0,0,0,0,0,0,0,0,0,0,0,0,0,0,0,0,0,0,0,0,0,0,0,0,0,0,0,0,0,0,0,0,0,0,0,0,0,0,0,0,0,0,0,0,0,0,0,0,0,0,0,0,0,0,0,0,0,0,0,0,0,0,0,0,0,0,0,0,0,0,0,0,0,0,0,0,0,0,0,0,0,0,0,0,0,62,188,254,254,235,153,43,0,0,0,0,0,0,0,0,0,0,0,0,0,0,0,0,0,0,0,0,106,248,243,243,251,253,253,243,158,4,0,0,0,0,0,0,0,0,0,0,0,0,0,0,0,0,0,0,130,166,0,0,69,148,215,253,250,63,0,0,0,0,0,0,0,0,0,0,0,0,0,0,0,0,0,0,0,0,0,0,0,0,58,253,244,34,0,0,0,0,0,0,0,0,0,0,0,0,0,0,0,0,0,0,0,0,0,0,0,0,74,253,238,0,0,0,0,0,0,0,0,0,0,0,0,0,0,0,0,0,0,0,0,0,0,0,0,0,117,253,136,0,0,0,0,0,0,0,0,0,0,0,0,0,0,0,0,0,0,0,0,0,0,0,0,17,221,233,26,0,0,0,0,0,0,0,0,0,0,0,0,0,0,0,0,0,0,0,0,0,0,0,0,160,253,178,0,0,0,0,0,0,0,0,0,0,0,0,0,0,0,0,0,0,0,0,0,0,0,15,95,251,212,22,0,0,0,0,0,0,0,0,0,0,0,0,0,0,0,0,0,0,0,0,0,0,0,177,253,253,209,39,0,0,0,0,0,0,0,0,0,0,0,0,0,0,0,0,0,0,0,0,0,0,0,83,225,248,253,242,153,5,1,0,0,0,0,0,0,0,0,0,0,0,0,0,0,0,0,0,0,0,0,0,0,0,118,231,253,253,53,0,0,0,0,0,0,0,0,0,0,0,0,0,0,0,0,0,0,0,0,0,0,0,0,72,251,253,215,5,0,0,0,0,0,0,0,0,0,0,0,0,0,0,0,0,0,0,0,0,0,0,0,0,187,253,253,74,0,0,0,0,0,0,0,0,0,0,0,0,0,0,0,0,0,0,0,0,0,0,0,0,115,253,241,38,0,0,0,0,0,0,0,0,0,0,0,0,0,0,0,0,0,0,0,0,0,0,0,0,115,253,197,0,0,0,0,0,0,0,0,0,0,0,0,0,0,0,0,0,0,0,0,0,102,117,21,32,188,253,76,0,0,0,0,0,0,0,0,0,0,0,0,0,0,0,0,0,0,0,0,0,121,253,227,205,253,253,30,0,0,0,0,0,0,0,0,0,0,0,0,0,0,0,0,0,0,0,0,0,4,232,253,253,245,82,2,0,0,0,0,0,0,0,0,0,0,0,0,0,0,0,0,0,0,0,0,0,0,91,230,78,67,0,0,0,0,0,0,0,0,0,0,0,0,0,0,0,0,0,0,0,0,0,0,0,0,0,0,0,0,0,0,0,0,0,0,0,0,0,0,0,0,0,0,0,0,0,0,0,0,0,0,0,0,0,0,0,0,0,0,0,0,0,0,0,0,0,0,0,0,0,0,0,0,0,0,0,0,0,0,0,0,0,0,0,0,0,0,0,0,0,0,0,0,0,0,0
4,0,0,0,0,0,0,0,0,0,0,0,0,0,0,0,0,0,0,0,0,0,0,0,0,0,0,0,0,0,0,0,0,0,0,0,0,0,0,0,0,0,0,0,0,0,0,0,0,0,0,0,0,0,0,0,0,0,0,0,0,0,0,0,0,0,0,0,0,0,0,0,0,0,0,0,0,0,0,0,0,0,0,0,0,0,0,0,0,0,0,0,0,0,0,0,0,0,0,0,0,0,0,0,0,0,0,0,0,0,0,0,0,0,0,0,0,0,0,0,0,0,0,0,0,0,0,0,0,0,0,0,0,0,0,0,0,0,0,0,0,0,0,0,0,0,0,0,0,0,0,0,0,0,0,0,0,0,0,0,0,0,65,192,144,38,0,0,0,0,0,0,0,0,0,0,0,0,0,0,0,0,0,0,0,0,0,0,0,68,237,253,253,66,0,0,0,0,0,0,0,0,0,0,0,0,0,0,0,0,0,0,0,0,0,0,9,200,253,253,192,40,0,0,0,0,0,0,0,0,0,0,0,0,0,0,0,11,9,0,0,0,0,0,186,253,246,126,4,0,0,0,0,0,0,0,0,0,0,0,0,0,0,0,44,199,180,15,0,0,15,100,250,253,140,0,0,0,0,0,0,0,0,0,0,0,0,0,0,0,8,113,242,253,238,43,0,0,106,253,253,210,12,0,0,0,0,0,0,0,0,0,0,0,0,0,0,0,81,253,253,185,18,0,0,84,247,253,252,93,0,0,0,0,0,0,0,0,0,0,0,0,0,0,0,18,245,253,199,9,0,0,20,211,253,253,144,0,0,0,0,0,0,0,0,0,0,0,0,0,0,0,0,100,253,253,143,7,0,58,203,255,253,223,7,0,0,0,0,0,0,0,0,0,0,0,0,0,0,0,0,100,253,253,253,224,202,217,253,254,253,241,9,0,0,0,0,0,0,0,0,0,0,0,0,0,0,0,0,0,10,135,221,221,242,254,254,251,116,0,0,0,0,0,0,0,0,0,0,0,0,0,0,0,0,0,0,0,0,0,0,32,181,253,253,144,0,0,0,0,0,0,0,0,0,0,0,0,0,0,0,0,0,0,0,0,0,0,0,122,253,253,119,19,0,0,0,0,0,0,0,0,0,0,0,0,0,0,0,0,0,0,0,0,0,5,110,239,253,203,16,0,0,0,0,0,0,0,0,0,0,0,0,0,0,0,0,0,0,0,0,0,5,99,253,253,224,23,0,0,0,0,0,0,0,0,0,0,0,0,0,0,0,0,0,0,0,0,0,0,61,253,253,206,45,0,0,0,0,0,0,0,0,0,0,0,0,0,0,0,0,0,0,0,0,0,0,5,235,253,250,78,0,0,0,0,0,0,0,0,0,0,0,0,0,0,0,0,0,0,0,0,0,0,61,193,253,224,88,0,0,0,0,0,0,0,0,0,0,0,0,0,0,0,0,0,0,0,0,0,0,0,177,253,237,23,0,0,0,0,0,0,0,0,0,0,0,0,0,0,0,0,0,0,0,0,0,0,0,0,100,191,34,0,0,0,0,0,0,0,0,0,0,0,0,0,0,0,0,0,0,0,0,0,0,0,0,0,0,0,0,0,0,0,0,0,0,0,0,0,0,0,0,0,0,0,0,0,0,0,0,0,0,0,0,0,0,0,0,0,0,0,0,0,0,0,0,0,0,0,0,0,0,0,0,0,0,0,0,0,0,0,0,0,0,0,0,0,0,0,0,0,0,0,0,0,0,0,0,0,0,0,0,0,0
9,0,0,0,0,0,0,0,0,0,0,0,0,0,0,0,0,0,0,0,0,0,0,0,0,0,0,0,0,0,0,0,0,0,0,0,0,0,0,0,0,0,0,0,0,0,0,0,0,0,0,0,0,0,0,0,0,0,0,0,0,0,0,0,0,0,0,0,0,0,0,0,0,0,0,0,0,0,0,0,0,0,0,0,0,0,0,0,0,0,0,0,0,0,0,0,0,0,0,0,0,0,0,0,0,0,0,0,0,0,0,0,0,0,0,0,0,0,0,0,0,0,0,0,0,0,0,0,0,0,0,0,0,0,0,0,0,0,0,0,0,0,0,0,0,0,0,0,0,0,0,0,0,0,0,0,0,0,0,0,0,0,0,0,0,0,0,0,0,0,0,0,0,0,0,0,0,0,0,5,105,253,253,191,122,5,0,0,0,0,0,0,0,0,0,0,0,0,0,0,0,0,0,0,0,6,59,181,252,252,252,253,252,168,8,0,0,0,0,0,0,0,0,0,0,0,0,0,0,0,0,0,25,145,252,252,252,236,216,217,237,252,84,0,0,0,0,0,0,0,0,0,0,0,0,0,0,0,0,7,185,252,252,252,164,48,0,0,122,252,84,0,0,0,0,0,0,0,0,0,0,0,0,0,0,0,6,145,252,252,235,94,10,0,0,0,19,117,24,0,0,147,181,129,3,0,0,0,0,0,0,0,0,0,25,252,252,171,43,0,0,0,0,0,0,0,0,0,21,218,252,252,11,0,0,0,0,0,0,0,0,0,123,252,172,14,0,0,0,0,0,0,0,0,0,21,190,252,252,252,11,0,0,0,0,0,0,0,0,11,237,238,52,0,0,0,0,0,0,0,0,0,19,191,252,252,252,210,7,0,0,0,0,0,0,0,0,13,252,216,0,0,0,0,0,0,0,0,0,0,158,252,252,252,252,143,0,0,0,0,0,0,0,0,0,13,252,233,40,0,0,0,0,0,0,0,81,241,248,252,160,230,252,143,0,0,0,0,0,0,0,0,0,0,139,253,172,132,132,132,132,132,248,255,253,253,245,183,39,231,253,138,0,0,0,0,0,0,0,0,0,0,22,243,252,252,252,252,252,252,252,253,250,211,36,0,85,252,243,21,0,0,0,0,0,0,0,0,0,0,0,60,119,216,216,216,216,216,158,153,87,0,0,38,230,252,155,0,0,0,0,0,0,0,0,0,0,0,0,0,0,0,0,0,0,0,0,0,0,0,0,61,252,252,155,0,0,0,0,0,0,0,0,0,0,0,0,0,0,0,0,0,0,0,0,0,0,0,0,147,252,252,70,0,0,0,0,0,0,0,0,0,0,0,0,0,0,0,0,0,0,0,0,0,0,0,38,235,252,252,36,0,0,0,0,0,0,0,0,0,0,0,0,0,0,0,0,0,0,0,0,0,0,0,10,194,252,183,7,0,0,0,0,0,0,0,0,0,0,0,0,0,0,0,0,0,0,0,0,0,0,0,19,208,252,64,0,0,0,0,0,0,0,0,0,0,0,0,0,0,0,0,0,0,0,0,0,0,0,0,49,252,252,48,0,0,0,0,0,0,0,0,0,0,0,0,0,0,0,0,0,0,0,0,0,0,0,0,26,218,252,48,0,0,0,0,0,0,0,0,0,0,0,0,0,0,0,0,0,0,0,0,0,0,0,0,0,0,0,0,0,0,0,0,0,0,0,0,0,0,0,0,0,0,0,0,0,0,0,0,0,0,0,0,0,0,0,0,0,0,0,0,0,0,0
1,0,0,0,0,0,0,0,0,0,0,0,0,0,0,0,0,0,0,0,0,0,0,0,0,0,0,0,0,0,0,0,0,0,0,0,0,0,0,0,0,0,0,0,0,0,0,0,0,0,0,0,0,0,0,0,0,0,0,0,0,0,0,0,0,0,0,0,0,0,0,0,0,0,0,0,0,0,0,0,0,0,0,0,0,0,0,0,0,0,0,0,0,0,0,0,0,0,0,0,0,0,0,0,0,0,0,0,0,0,0,0,0,0,0,0,0,0,0,0,0,0,0,0,0,0,0,0,54,184,13,0,0,0,0,0,0,0,0,0,0,0,0,0,0,0,0,0,0,0,0,0,0,0,0,0,171,254,165,0,0,0,0,0,0,0,0,0,0,0,0,0,0,0,0,0,0,0,0,0,0,0,0,48,248,254,100,0,0,0,0,0,0,0,0,0,0,0,0,0,0,0,0,0,0,0,0,0,0,0,0,55,254,254,87,0,0,0,0,0,0,0,0,0,0,0,0,0,0,0,0,0,0,0,0,0,0,0,0,55,254,254,87,0,0,0,0,0,0,0,0,0,0,0,0,0,0,0,0,0,0,0,0,0,0,0,0,152,254,254,83,0,0,0,0,0,0,0,0,0,0,0,0,0,0,0,0,0,0,0,0,0,0,0,11,220,254,212,0,0,0,0,0,0,0,0,0,0,0,0,0,0,0,0,0,0,0,0,0,0,0,0,54,254,254,87,0,0,0,0,0,0,0,0,0,0,0,0,0,0,0,0,0,0,0,0,0,0,0,0,126,254,254,16,0,0,0,0,0,0,0,0,0,0,0,0,0,0,0,0,0,0,0,0,0,0,0,0,148,254,215,9,0,0,0,0,0,0,0,0,0,0,0,0,0,0,0,0,0,0,0,0,0,0,0,0,234,254,181,4,0,0,0,0,0,0,0,0,0,0,0,0,0,0,0,0,0,0,0,0,0,0,0,8,236,254,107,0,0,0,0,0,0,0,0,0,0,0,0,0,0,0,0,0,0,0,0,0,0,0,0,159,254,254,54,0,0,0,0,0,0,0,0,0,0,0,0,0,0,0,0,0,0,0,0,0,0,0,0,196,254,234,33,0,0,0,0,0,0,0,0,0,0,0,0,0,0,0,0,0,0,0,0,0,0,0,0,196,254,200,0,0,0,0,0,0,0,0,0,0,0,0,0,0,0,0,0,0,0,0,0,0,0,0,0,196,255,214,14,0,0,0,0,0,0,0,0,0,0,0,0,0,0,0,0,0,0,0,0,0,0,0,41,245,254,254,54,0,0,0,0,0,0,0,0,0,0,0,0,0,0,0,0,0,0,0,0,0,0,0,1,197,254,224,24,0,0,0,0,0,0,0,0,0,0,0,0,0,0,0,0,0,0,0,0,0,0,0,0,196,254,200,0,0,0,0,0,0,0,0,0,0,0,0,0,0,0,0,0,0,0,0,0,0,0,0,21,221,254,200,0,0,0,0,0,0,0,0,0,0,0,0,0,0,0,0,0,0,0,0,0,0,0,0,0,0,0,0,0,0,0,0,0,0,0,0,0,0,0,0,0,0,0,0,0,0,0,0,0,0,0,0,0,0,0,0,0,0,0,0,0,0,0,0,0,0,0,0,0,0,0,0,0,0,0,0,0,0,0,0,0,0,0,0,0,0,0,0,0,0,0,0,0,0,0,0,0,0,0,0,0,0,0,0,0,0,0,0,0,0,0,0,0,0,0,0,0,0,0,0,0,0,0,0,0
9,0,0,0,0,0,0,0,0,0,0,0,0,0,0,0,0,0,0,0,0,0,0,0,0,0,0,0,0,0,0,0,0,0,0,0,0,0,0,0,0,0,0,0,0,0,0,0,0,0,0,0,0,0,0,0,0,0,0,0,0,0,0,0,0,0,0,0,0,0,0,0,0,0,0,0,0,0,0,0,0,0,0,0,0,0,0,0,0,0,0,0,0,0,0,0,0,0,0,0,0,0,0,0,0,0,0,0,0,0,0,0,0,0,0,0,0,0,0,0,0,0,0,0,0,0,0,0,0,0,0,0,0,0,0,0,0,0,0,0,0,0,0,0,0,0,0,0,0,0,0,0,0,0,0,0,0,0,0,0,0,0,0,0,0,0,0,0,0,0,0,0,0,0,0,0,0,0,0,0,0,0,0,0,0,43,151,235,255,240,83,0,0,0,0,0,0,0,0,0,0,0,0,0,0,0,0,0,0,0,21,84,167,243,254,254,254,254,251,56,0,0,0,0,0,0,0,0,0,0,0,0,0,0,0,0,54,135,234,254,254,254,254,181,188,219,254,116,0,0,0,0,0,0,0,0,0,0,0,0,0,0,28,95,245,254,254,254,228,137,4,1,2,229,229,36,0,0,0,0,0,0,0,0,0,0,0,0,0,46,220,254,254,254,237,175,76,0,0,0,0,230,153,0,0,0,0,0,0,0,0,0,0,0,0,0,66,252,254,254,254,207,22,0,0,0,0,0,122,211,189,157,43,0,0,0,0,0,0,0,0,0,0,17,223,254,254,235,52,5,0,0,0,17,53,61,251,254,254,254,105,0,0,0,0,0,0,0,0,0,0,73,254,254,226,28,0,9,51,133,211,224,254,254,254,254,254,216,16,0,0,0,0,0,0,0,0,0,0,126,254,254,218,178,178,212,254,254,254,254,254,254,254,254,221,62,0,0,0,0,0,0,0,0,0,0,0,71,254,254,254,254,254,254,254,254,254,254,254,254,254,210,52,0,0,0,0,0,0,0,0,0,0,0,0,6,119,238,250,239,183,143,113,74,236,254,254,253,175,14,0,0,0,0,0,0,0,0,0,0,0,0,0,0,0,0,62,0,0,0,85,219,254,254,254,149,0,0,0,0,0,0,0,0,0,0,0,0,0,0,0,0,0,0,0,0,10,167,248,254,254,254,181,4,0,0,0,0,0,0,0,0,0,0,0,0,0,0,0,0,0,0,0,0,169,254,254,254,253,186,4,0,0,0,0,0,0,0,0,0,0,0,0,0,0,0,0,0,0,0,7,141,251,254,254,254,148,0,0,0,0,0,0,0,0,0,0,0,0,0,0,0,0,0,0,0,0,0,90,254,254,254,210,29,5,0,0,0,0,0,0,0,0,0,0,0,0,0,0,0,0,0,0,0,0,45,245,254,254,251,97,0,0,0,0,0,0,0,0,0,0,0,0,0,0,0,0,0,0,0,0,0,0,109,254,254,254,77,0,0,0,0,0,0,0,0,0,0,0,0,0,0,0,0,0,0,0,0,0,0,0,250,254,254,165,21,0,0,0,0,0,0,0,0,0,0,0,0,0,0,0,0,0,0,0,0,0,0,0,177,254,151,3,0,0,0,0,0,0,0,0,0,0,0,0,0,0,0,0,0,0,0,0,0,0,0,0,0,0,0,0,0,0,0,0,0,0,0,0,0,0,0,0,0,0,0,0,0,0,0,0,0,0,0,0,0,0,0,0,0,0,0,0,0,0,0,0,0,0,0,0,0,0,0,0
5,0,0,0,0,0,0,0,0,0,0,0,0,0,0,0,0,0,0,0,0,0,0,0,0,0,0,0,0,0,0,0,0,0,0,0,0,0,0,0,0,0,0,0,0,0,0,0,0,0,0,0,0,0,0,0,0,0,0,0,0,0,0,0,0,0,0,0,0,0,0,0,0,0,0,0,0,0,0,0,0,0,0,0,0,0,0,0,0,0,0,0,0,0,0,0,0,0,0,0,0,0,0,0,0,0,0,0,0,0,0,0,0,0,0,0,0,0,0,0,0,0,0,68,73,150,254,255,254,254,222,207,98,0,0,0,0,0,0,0,0,0,0,0,0,0,0,0,0,0,88,252,253,253,253,254,241,121,62,7,0,0,0,0,0,0,0,0,0,0,0,0,0,0,0,0,0,0,139,224,253,253,253,254,121,0,0,0,0,0,0,0,0,0,0,0,0,0,0,0,0,0,0,0,0,0,0,12,83,253,253,248,68,0,0,0,0,0,0,0,0,0,0,0,0,0,0,0,0,0,0,0,0,0,0,0,133,253,253,181,0,0,0,0,0,0,0,0,0,0,0,0,0,0,0,0,0,0,0,0,0,0,0,36,241,254,254,92,0,0,0,0,0,0,0,0,0,0,0,0,0,0,0,0,0,0,0,0,0,0,0,107,253,253,181,7,0,0,0,0,0,0,0,0,0,0,0,0,0,0,0,0,0,0,0,0,0,0,0,223,253,253,72,0,0,0,0,0,0,0,0,0,0,0,0,0,0,0,0,0,0,0,0,0,0,0,0,222,253,253,118,19,2,0,0,0,0,0,0,0,0,0,0,0,0,0,0,0,0,0,0,0,0,0,0,16,227,253,253,254,166,91,91,59,0,0,0,0,0,0,0,0,0,0,0,0,0,0,0,0,0,0,0,0,59,212,254,255,254,254,254,254,118,0,0,0,0,0,0,0,0,0,0,0,0,0,0,0,0,0,0,0,0,8,18,109,108,186,202,253,249,88,0,0,0,0,0,0,0,0,0,0,0,0,0,0,0,0,0,0,0,0,0,0,0,0,77,253,254,198,0,0,0,0,0,0,0,0,0,0,0,0,0,0,0,0,0,0,0,0,0,0,11,141,241,253,254,153,0,0,0,0,0,0,0,0,0,0,0,0,0,0,0,0,0,0,0,0,0,27,183,253,253,253,169,5,0,0,0,0,0,0,0,0,0,0,0,0,0,0,0,0,0,0,0,0,53,222,254,254,254,169,0,0,0,0,0,0,0,0,0,0,0,0,0,0,0,0,115,81,20,0,28,132,248,254,253,245,153,5,0,0,0,0,0,0,0,0,0,0,0,0,0,0,0,0,199,253,231,217,235,253,253,254,212,76,0,0,0,0,0,0,0,0,0,0,0,0,0,0,0,0,0,0,121,248,254,253,253,253,246,119,23,0,0,0,0,0,0,0,0,0,0,0,0,0,0,0,0,0,0,0,0,84,221,253,253,175,46,0,0,0,0,0,0,0,0,0,0,0,0,0,0,0,0,0,0,0,0,0,0,0,0,0,0,0,0,0,0,0,0,0,0,0,0,0,0,0,0,0,0,0,0,0,0,0,0,0,0,0,0,0,0,0,0,0,0,0,0,0,0,0,0,0,0,0,0,0,0,0,0,0,0,0,0,0,0,0,0,0,0,0,0,0,0,0,0,0,0,0,0,0,0,0,0,0,0,0,0,0,0,0,0,0,0,0,0,0,0,0,0,0,0,0,0,0,0,0,0,0,0,0,0,0,0
1,0,0,0,0,0,0,0,0,0,0,0,0,0,0,0,0,0,0,0,0,0,0,0,0,0,0,0,0,0,0,0,0,0,0,0,0,0,0,0,0,0,0,0,0,0,0,0,0,0,0,0,0,0,0,0,0,0,0,0,0,0,0,0,0,0,0,0,0,0,0,0,0,0,0,0,0,0,0,0,0,0,0,0,0,0,0,0,0,0,0,0,0,0,0,0,0,0,0,0,0,0,0,0,0,0,0,0,0,0,0,0,0,0,0,0,0,0,0,0,0,0,0,0,0,0,0,0,0,0,0,0,0,0,0,0,0,0,0,0,0,0,0,0,0,0,0,0,0,0,0,0,0,0,0,0,255,77,0,0,0,0,0,0,0,0,0,0,0,0,0,0,0,0,0,0,0,0,0,0,0,0,0,107,253,153,0,0,0,0,0,0,0,0,0,0,0,0,0,0,0,0,0,0,0,0,0,0,0,0,31,233,253,143,0,0,0,0,0,0,0,0,0,0,0,0,0,0,0,0,0,0,0,0,0,0,0,0,78,252,253,77,0,0,0,0,0,0,0,0,0,0,0,0,0,0,0,0,0,0,0,0,0,0,0,0,149,252,253,77,0,0,0,0,0,0,0,0,0,0,0,0,0,0,0,0,0,0,0,0,0,0,0,0,187,252,253,77,0,0,0,0,0,0,0,0,0,0,0,0,0,0,0,0,0,0,0,0,0,0,0,0,187,252,223,7,0,0,0,0,0,0,0,0,0,0,0,0,0,0,0,0,0,0,0,0,0,0,0,0,187,252,201,0,0,0,0,0,0,0,0,0,0,0,0,0,0,0,0,0,0,0,0,0,0,0,0,33,236,252,111,0,0,0,0,0,0,0,0,0,0,0,0,0,0,0,0,0,0,0,0,0,0,0,0,45,252,252,111,0,0,0,0,0,0,0,0,0,0,0,0,0,0,0,0,0,0,0,0,0,0,0,0,45,253,253,111,0,0,0,0,0,0,0,0,0,0,0,0,0,0,0,0,0,0,0,0,0,0,0,0,45,252,252,158,0,0,0,0,0,0,0,0,0,0,0,0,0,0,0,0,0,0,0,0,0,0,0,0,45,252,252,111,0,0,0,0,0,0,0,0,0,0,0,0,0,0,0,0,0,0,0,0,0,0,0,0,45,252,252,216,0,0,0,0,0,0,0,0,0,0,0,0,0,0,0,0,0,0,0,0,0,0,0,0,35,238,252,196,0,0,0,0,0,0,0,0,0,0,0,0,0,0,0,0,0,0,0,0,0,0,0,0,0,187,252,111,0,0,0,0,0,0,0,0,0,0,0,0,0,0,0,0,0,0,0,0,0,0,0,0,0,182,252,116,0,0,0,0,0,0,0,0,0,0,0,0,0,0,0,0,0,0,0,0,0,0,0,0,0,78,252,220,0,0,0,0,0,0,0,0,0,0,0,0,0,0,0,0,0,0,0,0,0,0,0,0,0,78,252,220,0,0,0,0,0,0,0,0,0,0,0,0,0,0,0,0,0,0,0,0,0,0,0,0,0,10,128,172,0,0,0,0,0,0,0,0,0,0,0,0,0,0,0,0,0,0,0,0,0,0,0,0,0,0,0,0,0,0,0,0,0,0,0,0,0,0,0,0,0,0,0,0,0,0,0,0,0,0,0,0,0,0,0,0,0,0,0,0,0,0,0,0,0,0,0,0,0,0,0,0,0,0,0,0,0,0,0,0,0,0,0,0,0,0,0,0,0,0,0,0,0,0,0,0
7,0,0,0,0,0,0,0,0,0,0,0,0,0,0,0,0,0,0,0,0,0,0,0,0,0,0,0,0,0,0,0,0,0,0,0,0,0,0,0,0,0,0,0,0,0,0,0,0,0,0,0,0,0,0,0,0,0,0,0,0,0,0,0,0,0,0,0,0,0,0,0,0,0,0,0,0,0,0,0,0,0,0,0,0,0,0,0,0,0,0,0,0,0,0,0,0,0,0,0,0,0,0,0,0,0,0,0,0,0,0,0,0,0,0,0,0,0,0,0,0,0,0,0,0,0,0,0,0,0,0,0,0,0,0,0,0,0,0,0,0,0,0,0,0,0,0,0,0,0,0,0,0,0,0,0,0,0,0,0,0,0,0,0,0,0,0,0,0,0,0,0,0,0,0,0,0,0,0,0,0,0,0,0,0,0,0,0,0,0,0,0,0,0,0,0,0,0,0,0,0,57,57,86,197,255,253,255,253,86,85,141,253,86,85,254,253,85,28,57,0,0,0,0,0,0,0,0,0,225,112,253,251,253,251,253,251,253,251,253,251,253,251,253,251,253,196,168,0,0,0,0,0,0,0,0,0,169,56,169,168,169,168,169,168,254,253,254,253,254,253,198,253,254,253,169,0,0,0,0,0,0,0,0,0,0,0,0,0,0,0,0,0,84,83,84,83,84,83,28,196,253,251,225,56,0,0,0,0,0,0,0,0,0,0,0,0,0,0,0,0,0,0,0,0,0,0,29,197,254,253,226,56,0,0,0,0,0,0,0,0,0,0,0,0,0,0,0,0,0,0,0,0,0,0,85,251,253,251,56,0,0,0,0,0,0,0,0,0,0,0,0,0,0,0,0,0,0,0,0,0,29,85,254,253,254,196,0,0,0,0,0,0,0,0,0,0,0,0,0,0,0,0,0,0,0,0,0,0,197,251,253,251,196,28,0,0,0,0,0,0,0,0,0,0,0,0,0,0,0,0,0,0,0,0,0,57,254,253,254,196,0,0,0,0,0,0,0,0,0,0,0,0,0,0,0,0,0,0,0,0,0,0,169,224,253,251,196,28,0,0,0,0,0,0,0,0,0,0,0,0,0,0,0,0,0,0,0,0,29,85,254,253,254,196,0,0,0,0,0,0,0,0,0,0,0,0,0,0,0,0,0,0,0,0,0,0,197,251,253,251,196,28,0,0,0,0,0,0,0,0,0,0,0,0,0,0,0,0,0,0,0,0,29,197,254,253,254,253,0,0,0,0,0,0,0,0,0,0,0,0,0,0,0,0,0,0,0,0,0,0,197,251,253,251,196,83,0,0,0,0,0,0,0,0,0,0,0,0,0,0,0,0,0,0,0,0,0,57,254,253,254,196,0,0,0,0,0,0,0,0,0,0,0,0,0,0,0,0,0,0,0,0,0,0,0,168,253,251,196,28,0,0,0,0,0,0,0,0,0,0,0,0,0,0,0,0,0,0,0,0,0,0,29,197,254,253,198,85,254,84,0,0,0,0,0,0,0,0,0,0,0,0,0,0,0,0,0,0,0,0,28,196,253,251,253,251,196,28,0,0,0,0,0,0,0,0,0,0,0,0,0,0,0,0,0,0,0,0,0,114,254,253,254,196,0,0,0,0,0,0,0,0,0,0,0,0,0,0,0,0,0,0,0,0,0,0,0,0,139,251,84,28,0,0,0,0,0,0,0,0,0,0,0,0,0,0,0,0,0,0,0,0,0,0,0,0,0,0,0,0,0,0,0,0,0,0,0,0,0,0,0,0,0,0
3,0,0,0,0,0,0,0,0,0,0,0,0,0,0,0,0,0,0,0,0,0,0,0,0,0,0,0,0,0,0,0,0,0,0,0,0,0,0,0,0,0,0,0,0,0,0,0,0,0,0,0,0,0,0,0,0,0,0,0,0,0,0,0,0,0,0,0,0,0,0,0,0,0,0,0,0,0,0,0,0,0,0,0,0,0,0,0,0,0,0,0,0,0,0,0,0,0,0,0,0,0,0,0,0,0,0,0,0,0,0,0,0,0,0,0,0,0,0,0,41,31,92,152,193,152,71,0,0,0,0,0,0,0,0,0,0,0,0,0,0,0,0,0,0,0,41,123,243,233,252,253,252,253,252,203,162,82,0,0,0,0,0,0,0,0,0,0,0,0,0,0,0,51,253,254,253,254,253,254,253,254,253,254,253,254,151,0,0,0,0,0,0,0,0,0,0,0,0,0,0,51,252,253,252,253,252,131,212,172,252,253,252,253,151,0,0,0,0,0,0,0,0,0,0,0,0,0,0,0,82,214,253,254,131,41,0,0,0,11,213,254,151,0,0,0,0,0,0,0,0,0,0,0,0,0,0,0,0,10,50,50,10,0,0,0,0,173,252,253,151,0,0,0,0,0,0,0,0,0,0,0,0,0,0,0,0,0,0,0,0,0,0,72,233,254,253,254,253,0,0,0,0,0,0,0,0,0,0,0,0,0,0,0,0,0,0,0,0,0,41,253,252,253,252,253,252,142,102,0,0,0,0,0,0,0,0,0,0,0,0,0,0,0,0,0,0,0,41,254,253,254,253,254,253,254,253,254,50,0,0,0,0,0,0,0,0,0,0,0,0,0,0,0,0,0,0,172,252,253,252,253,252,253,252,253,212,0,0,0,0,0,0,0,0,0,0,0,0,0,0,0,0,0,0,0,82,203,203,123,162,214,253,254,253,102,0,0,0,0,0,0,0,0,0,0,0,0,0,82,162,41,0,0,0,0,0,0,0,10,131,253,252,61,0,0,0,0,0,0,0,0,0,0,0,0,0,254,91,0,0,0,0,0,0,0,0,0,0,193,253,102,0,0,0,0,0,0,0,0,0,0,0,0,0,253,50,0,0,0,0,0,0,0,0,0,0,152,252,223,40,0,0,0,0,0,0,0,0,0,0,0,0,254,213,21,0,0,0,0,0,0,0,0,41,254,253,254,50,0,0,0,0,0,0,0,0,0,0,0,0,253,252,223,122,82,0,0,0,0,82,163,243,253,252,233,30,0,0,0,0,0,0,0,0,0,0,0,0,254,253,254,253,254,253,254,253,254,253,254,253,255,253,41,0,0,0,0,0,0,0,0,0,0,0,0,0,112,232,253,252,253,252,253,252,253,252,253,252,253,171,0,0,0,0,0,0,0,0,0,0,0,0,0,0,0,41,203,223,254,253,254,253,254,253,244,203,183,20,0,0,0,0,0,0,0,0,0,0,0,0,0,0,0,0,0,20,172,252,253,171,151,70,40,0,0,0,0,0,0,0,0,0,0,0,0,0,0,0,0,0,0,0,0,0,0,0,0,0,0,0,0,0,0,0,0,0,0,0,0,0,0,0,0,0,0,0,0,0,0,0,0,0,0,0,0,0,0,0,0,0,0,0,0,0,0,0,0,0,0,0,0,0,0,0,0,0,0,0,0,0,0,0,0,0,0,0,0,0,0,0,0,0,0,0,0,0,0,0,0,0,0,0,0,0,0,0,0,0,0,0,0,0,0,0,0,0,0,0,0,0,0,0,0,0
9,0,0,0,0,0,0,0,0,0,0,0,0,0,0,0,0,0,0,0,0,0,0,0,0,0,0,0,0,0,0,0,0,0,0,0,0,0,0,0,0,0,0,0,0,0,0,0,0,0,0,0,0,0,0,0,0,0,0,0,0,0,0,0,0,0,0,0,0,0,0,0,0,0,0,0,0,0,0,0,0,0,0,0,0,0,0,0,0,0,0,0,0,0,0,0,0,0,0,0,0,0,0,0,0,0,0,0,0,0,0,0,0,0,0,0,0,0,0,0,0,0,0,0,0,0,0,0,0,0,0,0,0,0,0,0,0,0,0,0,0,0,0,0,0,0,0,0,0,0,0,0,0,0,0,0,0,0,0,0,0,0,0,0,0,0,0,0,0,0,0,0,0,0,0,0,0,0,1,28,215,254,254,221,32,0,0,0,0,0,0,0,0,0,0,0,0,0,0,0,0,0,0,0,0,2,109,253,253,253,253,253,219,27,0,0,0,0,0,0,0,0,0,0,0,0,0,0,0,0,0,0,0,93,253,253,253,253,240,240,253,125,13,0,0,0,0,0,0,0,0,0,0,0,0,0,0,0,0,0,3,114,253,253,236,140,28,62,248,253,166,0,0,0,0,0,0,0,0,0,0,0,0,0,0,0,0,0,41,253,253,211,31,0,0,0,183,253,166,0,0,0,0,0,0,0,0,0,0,0,0,0,0,0,0,3,164,253,248,74,0,0,0,0,75,253,222,23,0,0,0,0,0,0,0,0,0,0,0,0,0,0,0,19,253,253,195,0,0,0,0,0,26,221,253,74,153,16,0,0,0,0,0,0,0,0,0,0,0,0,0,19,253,253,93,0,0,0,0,0,0,205,253,253,253,49,0,0,0,0,0,0,0,0,0,0,0,0,0,6,179,253,120,0,0,0,0,0,54,239,253,253,253,60,0,0,0,0,0,0,0,0,0,0,0,0,0,0,149,253,243,94,0,0,0,17,119,253,253,253,229,18,0,0,0,0,0,0,0,0,0,0,0,0,0,0,116,253,253,243,192,192,192,209,253,253,253,253,154,0,0,0,0,0,0,0,0,0,0,0,0,0,0,0,6,80,253,253,253,253,253,253,253,253,253,253,118,0,0,0,0,0,0,0,0,0,0,0,0,0,0,0,0,6,49,144,253,196,212,139,49,114,253,253,30,0,0,0,0,0,0,0,0,0,0,0,0,0,0,0,0,0,0,8,43,13,21,0,0,124,253,253,30,0,0,0,0,0,0,0,0,0,0,0,0,0,0,0,0,0,0,0,0,0,0,0,0,205,253,253,30,0,0,0,0,0,0,0,0,0,0,0,0,0,0,0,0,0,0,0,0,0,0,0,0,205,253,253,30,0,0,0,0,0,0,0,0,0,0,0,0,0,0,0,0,0,0,0,0,0,0,0,0,205,253,253,30,0,0,0,0,0,0,0,0,0,0,0,0,0,0,0,0,0,0,0,0,0,0,0,0,205,253,253,30,0,0,0,0,0,0,0,0,0,0,0,0,0,0,0,0,0,0,0,0,0,0,0,0,205,253,253,30,0,0,0,0,0,0,0,0,0,0,0,0,0,0,0,0,0,0,0,0,0,0,0,0,144,253,208,16,0,0,0,0,0,0,0,0,0,0,0,0,0,0,0,0,0,0,0,0,0,0,0,0,0,0,0,0,0,0,0,0,0,0,0,0,0,0,0,0,0,0,0,0,0,0,0,0,0,0,0,0,0,0,0,0,0,0,0,0,0,0,0,0
7,0,0,0,0,0,0,0,0,0,0,0,0,0,0,0,0,0,0,0,0,0,0,0,0,0,0,0,0,0,0,0,0,0,0,0,0,0,0,0,0,0,0,0,0,0,0,0,0,0,0,0,0,0,0,0,0,0,0,0,0,0,0,0,0,0,0,0,0,0,0,0,0,0,0,0,0,0,0,0,0,0,0,0,0,0,0,0,0,0,0,0,0,0,0,0,0,0,0,0,0,0,0,0,0,0,0,0,0,0,0,0,0,0,0,0,0,0,0,0,0,0,0,0,0,0,0,0,0,0,0,0,0,0,0,0,0,0,0,0,0,0,0,0,0,0,0,0,0,0,0,0,0,0,0,0,0,0,0,0,0,0,0,0,0,0,0,0,0,0,0,0,0,0,0,0,63,176,253,253,253,253,255,128,88,0,0,0,0,0,0,0,0,0,0,0,0,0,0,0,0,0,0,0,140,253,252,252,252,252,253,252,246,209,38,0,0,0,0,0,0,0,0,0,0,0,0,0,0,0,0,0,140,253,252,239,195,195,196,214,252,252,112,0,0,0,0,0,0,0,0,0,0,0,0,0,0,0,0,0,47,84,84,65,0,0,0,28,121,252,205,0,0,0,0,0,0,0,0,0,0,0,0,0,0,0,0,0,0,0,0,0,0,0,0,0,57,252,252,0,0,0,0,0,0,0,0,0,0,0,0,0,0,0,0,0,0,0,0,0,0,0,0,0,57,253,253,0,0,0,0,0,0,0,0,0,0,0,0,0,0,0,0,0,0,0,0,0,0,0,0,0,104,252,252,0,0,0,0,0,0,0,0,0,0,0,0,0,0,0,0,0,0,0,0,0,0,0,0,0,197,252,141,0,0,0,0,0,0,0,0,0,0,0,0,0,0,0,0,0,0,0,0,0,0,0,0,0,197,252,112,0,0,0,0,0,0,0,0,0,0,0,0,0,0,0,0,0,0,0,0,0,0,0,0,48,227,252,112,0,0,0,0,0,0,0,0,0,0,0,0,0,0,0,0,0,0,0,0,0,0,0,0,226,253,240,63,0,0,0,0,0,0,0,0,0,0,0,0,0,0,0,0,0,0,0,0,0,0,0,0,225,252,223,0,0,0,0,0,0,0,0,0,0,0,0,0,0,0,0,0,0,0,0,0,0,0,0,0,225,252,192,0,0,0,0,0,0,0,0,0,0,0,0,0,0,0,0,0,0,0,0,0,0,0,0,76,243,252,84,0,0,0,0,0,0,0,0,0,0,0,0,0,0,0,0,0,0,0,0,0,0,0,0,113,252,252,84,0,0,0,0,0,0,0,0,0,0,0,0,0,0,0,0,0,0,0,0,0,0,0,0,255,253,196,0,0,0,0,0,0,0,0,0,0,0,0,0,0,0,0,0,0,0,0,0,0,0,0,48,253,252,195,0,0,0,0,0,0,0,0,0,0,0,0,0,0,0,0,0,0,0,0,0,0,0,0,140,253,252,195,0,0,0,0,0,0,0,0,0,0,0,0,0,0,0,0,0,0,0,0,0,0,0,0,126,253,252,195,0,0,0,0,0,0,0,0,0,0,0,0,0,0,0,0,0,0,0,0,0,0,0,0,0,253,252,118,0,0,0,0,0,0,0,0,0,0,0,0,0,0,0,0,0,0,0,0,0,0,0,0,0,0,0,0,0,0,0,0,0,0,0,0,0,0,0,0,0,0,0,0,0,0,0,0,0,0,0,0,0,0,0,0,0,0,0,0,0,0,0,0,0,0,0,0
6,0,0,0,0,0,0,0,0,0,0,0,0,0,0,0,0,0,0,0,0,0,0,0,0,0,0,0,0,0,0,0,0,0,0,0,0,0,0,0,0,0,13,181,84,0,0,0,0,0,0,0,0,0,0,0,0,0,0,0,0,0,0,0,0,0,0,0,0,16,166,254,177,0,0,0,0,0,0,0,0,0,0,0,0,0,0,0,0,0,0,0,0,0,0,0,0,175,254,254,88,0,0,0,0,0,0,0,0,0,0,0,0,0,0,0,0,0,0,0,0,0,0,0,52,246,243,82,1,0,0,0,0,0,0,0,0,0,0,0,0,0,0,0,0,0,0,0,0,0,0,148,227,254,223,0,0,0,0,0,0,0,0,0,0,0,0,0,0,0,0,0,0,0,0,0,0,0,0,194,254,254,138,0,0,0,0,0,0,0,0,0,0,0,0,0,0,0,0,0,0,0,0,0,0,0,140,251,254,123,4,0,0,0,0,0,0,0,0,0,0,0,0,0,0,0,0,0,0,0,0,0,0,109,253,254,254,14,0,0,0,0,0,0,0,0,0,0,0,0,0,0,0,0,0,0,0,0,0,0,0,147,254,254,182,7,0,0,0,0,0,0,0,0,0,0,0,0,0,0,0,0,0,0,0,0,0,0,43,245,254,219,10,0,0,0,0,0,0,0,0,0,0,0,0,0,0,0,0,0,0,0,0,0,0,0,155,254,254,108,0,0,0,0,0,0,0,0,0,0,0,0,0,0,0,0,0,0,0,0,0,0,0,0,202,254,254,61,0,0,0,0,0,0,0,0,0,0,0,0,0,0,0,0,0,0,0,0,0,0,0,0,202,254,254,61,0,0,0,0,0,7,70,70,70,70,11,0,0,0,0,0,0,0,0,0,0,0,0,0,202,254,254,73,16,16,111,97,171,178,254,254,254,254,145,16,0,0,0,0,0,0,0,0,0,0,0,0,131,254,254,254,254,254,254,254,254,254,254,254,254,254,254,250,67,0,0,0,0,0,0,0,0,0,0,0,36,228,254,254,254,254,254,254,236,192,223,254,254,254,254,254,172,11,0,0,0,0,0,0,0,0,0,0,0,147,254,254,254,254,254,255,227,163,208,254,254,254,254,254,180,17,0,0,0,0,0,0,0,0,0,0,0,147,254,254,254,254,254,254,254,254,254,254,254,254,254,247,0,0,0,0,0,0,0,0,0,0,0,0,0,117,200,208,254,254,254,254,254,254,254,254,251,200,68,44,0,0,0,0,0,0,0,0,0,0,0,0,0,0,0,16,100,246,254,255,254,240,100,100,94,0,0,0,0,0,0,0,0,0,0,0,0,0,0,0,0,0,0,0,0,0,0,0,0,0,0,0,0,0,0,0,0,0,0,0,0,0,0,0,0,0,0,0,0,0,0,0,0,0,0,0,0,0,0,0,0,0,0,0,0,0,0,0,0,0,0,0,0,0,0,0,0,0,0,0,0,0,0,0,0,0,0,0,0,0,0,0,0,0,0,0,0,0,0,0,0,0,0,0,0,0,0,0,0,0,0,0,0,0,0,0,0,0,0,0,0,0,0,0,0,0,0,0,0,0,0,0,0,0,0,0,0,0,0,0,0,0,0,0,0,0,0,0,0,0,0,0,0,0,0,0,0,0,0,0,0,0,0,0,0,0,0,0,0,0,0,0,0,0,0,0,0,0,0,0,0,0,0,0,0,0,0,0,0,0,0,0,0,0,0,0,0,0,0,0,0,0,0,0,0,0,0,0,0
9,0,0,0,0,0,0,0,0,0,0,0,0,0,0,0,0,0,0,0,0,0,0,0,0,0,0,0,0,0,0,0,0,0,0,0,0,0,0,0,0,0,0,0,0,0,0,0,0,0,0,0,0,0,0,0,0,0,0,0,0,0,0,0,0,0,0,0,0,0,0,0,0,0,0,0,0,0,0,0,0,0,0,0,0,0,0,0,0,0,0,0,0,0,0,0,0,0,0,0,0,0,0,0,0,0,0,0,0,0,0,0,0,0,0,0,0,0,0,0,0,0,0,0,0,0,0,0,0,0,0,0,0,0,0,0,0,0,0,0,0,0,0,0,0,0,0,0,0,0,0,0,0,0,0,0,0,0,0,0,0,0,0,0,0,0,0,0,0,0,0,0,0,0,0,0,0,0,0,0,0,0,0,0,0,0,0,0,0,0,0,0,0,0,0,0,0,0,0,0,0,0,0,0,0,0,26,102,103,166,240,249,166,166,60,0,0,0,0,0,0,0,0,0,0,0,0,0,0,0,0,0,28,67,218,254,254,254,254,254,254,254,251,43,0,0,0,0,0,0,0,0,0,0,0,0,0,0,27,94,190,254,254,254,254,211,205,205,174,254,254,240,32,0,0,0,0,0,0,0,0,0,0,0,0,0,183,254,254,254,230,136,40,5,0,0,1,40,235,254,80,0,0,0,0,0,0,0,0,0,0,0,0,0,228,254,245,131,17,0,0,0,0,0,0,0,143,253,164,0,0,0,0,0,0,0,0,0,0,0,0,0,228,254,145,0,0,0,0,0,0,0,0,0,27,241,244,106,0,0,0,0,0,0,0,0,0,0,0,0,198,254,247,137,0,0,0,0,0,0,0,58,163,254,254,228,0,0,0,0,0,0,0,0,0,0,0,0,69,243,254,254,251,226,161,161,161,167,251,253,253,254,254,139,0,0,0,0,0,0,0,0,0,0,0,0,0,28,203,254,254,254,254,254,254,254,254,254,254,254,254,87,0,0,0,0,0,0,0,0,0,0,0,0,0,0,14,97,181,210,210,210,247,254,222,181,250,254,254,49,0,0,0,0,0,0,0,0,0,0,0,0,0,0,0,0,0,0,0,0,37,44,13,0,246,254,254,49,0,0,0,0,0,0,0,0,0,0,0,0,0,0,0,0,0,0,0,0,0,0,0,6,247,254,217,11,0,0,0,0,0,0,0,0,0,0,0,0,0,0,0,0,0,0,0,0,0,0,0,115,254,254,125,0,0,0,0,0,0,0,0,0,0,0,0,0,0,0,0,0,0,0,0,0,0,0,2,197,254,254,65,0,0,0,0,0,0,0,0,0,0,0,0,0,0,0,0,0,0,0,0,0,0,0,5,254,254,254,36,0,0,0,0,0,0,0,0,0,0,0,0,0,0,0,0,0,0,0,0,0,0,0,56,254,254,205,3,0,0,0,0,0,0,0,0,0,0,0,0,0,0,0,0,0,0,0,0,0,0,0,171,254,254,186,0,0,0,0,0,0,0,0,0,0,0,0,0,0,0,0,0,0,0,0,0,0,0,25,241,254,254,71,0,0,0,0,0,0,0,0,0,0,0,0,0,0,0,0,0,0,0,0,0,0,0,72,254,254,222,13,0,0,0,0,0,0,0,0,0,0,0,0,0,0,0,0,0,0,0,0,0,0,0,12,165,193,35,0,0,0,0,0,0,0,0,0,0,0,0,0,0,0,0,0,0,0,0,0,0,0,0,0,0,0,0,0,0,0,0,0,0,0,0,0,0
1,0,0,0,0,0,0,0,0,0,0,0,0,0,0,0,0,0,0,0,0,0,0,0,0,0,0,0,0,0,0,0,0,0,0,0,0,0,0,0,0,0,0,0,0,0,0,0,0,0,0,0,0,0,0,0,0,0,0,0,0,0,0,0,0,0,0,0,0,0,0,0,0,0,0,0,0,0,0,0,0,0,0,0,0,0,0,0,0,0,0,0,0,0,0,0,0,0,4,129,56,0,0,0,0,0,0,0,0,0,0,0,0,0,0,0,0,0,0,0,0,0,0,0,0,0,29,253,56,0,0,0,0,0,0,0,0,0,0,0,0,0,0,0,0,0,0,0,0,0,0,0,0,0,29,253,144,0,0,0,0,0,0,0,0,0,0,0,0,0,0,0,0,0,0,0,0,0,0,0,0,0,29,253,168,0,0,0,0,0,0,0,0,0,0,0,0,0,0,0,0,0,0,0,0,0,0,0,0,0,29,255,169,0,0,0,0,0,0,0,0,0,0,0,0,0,0,0,0,0,0,0,0,0,0,0,0,0,29,253,225,19,0,0,0,0,0,0,0,0,0,0,0,0,0,0,0,0,0,0,0,0,0,0,0,0,29,253,253,28,0,0,0,0,0,0,0,0,0,0,0,0,0,0,0,0,0,0,0,0,0,0,0,0,29,253,253,28,0,0,0,0,0,0,0,0,0,0,0,0,0,0,0,0,0,0,0,0,0,0,0,0,29,254,254,28,0,0,0,0,0,0,0,0,0,0,0,0,0,0,0,0,0,0,0,0,0,0,0,0,105,253,253,28,0,0,0,0,0,0,0,0,0,0,0,0,0,0,0,0,0,0,0,0,0,0,0,0,54,253,253,66,0,0,0,0,0,0,0,0,0,0,0,0,0,0,0,0,0,0,0,0,0,0,0,0,29,253,253,140,0,0,0,0,0,0,0,0,0,0,0,0,0,0,0,0,0,0,0,0,0,0,0,0,80,254,254,141,0,0,0,0,0,0,0,0,0,0,0,0,0,0,0,0,0,0,0,0,0,0,0,0,29,253,253,140,0,0,0,0,0,0,0,0,0,0,0,0,0,0,0,0,0,0,0,0,0,0,0,0,67,253,253,103,0,0,0,0,0,0,0,0,0,0,0,0,0,0,0,0,0,0,0,0,0,0,0,0,41,253,253,28,0,0,0,0,0,0,0,0,0,0,0,0,0,0,0,0,0,0,0,0,0,0,0,0,129,254,254,28,0,0,0,0,0,0,0,0,0,0,0,0,0,0,0,0,0,0,0,0,0,0,0,0,79,253,253,28,0,0,0,0,0,0,0,0,0,0,0,0,0,0,0,0,0,0,0,0,0,0,0,0,29,253,253,66,0,0,0,0,0,0,0,0,0,0,0,0,0,0,0,0,0,0,0,0,0,0,0,0,29,253,253,140,0,0,0,0,0,0,0,0,0,0,0,0,0,0,0,0,0,0,0,0,0,0,0,0,0,0,0,0,0,0,0,0,0,0,0,0,0,0,0,0,0,0,0,0,0,0,0,0,0,0,0,0,0,0,0,0,0,0,0,0,0,0,0,0,0,0,0,0,0,0,0,0,0,0,0,0,0,0,0,0,0,0,0,0,0,0,0,0,0,0,0,0,0,0,0,0,0,0,0,0,0,0,0,0,0,0,0,0,0,0,0,0,0,0,0,0,0,0,0,0,0,0,0,0,0,0,0,0,0,0,0,0,0,0,0,0,0,0,0,0,0,0,0,0,0,0,0,0,0,0,0
3,0,0,0,0,0,0,0,0,0,0,0,0,0,0,0,0,0,0,0,0,0,0,0,0,0,0,0,0,0,0,0,0,0,0,0,0,0,0,0,0,0,0,0,0,0,0,0,0,0,0,0,0,0,0,0,0,0,0,0,0,0,0,0,0,0,0,0,0,0,0,0,0,0,0,0,0,0,0,0,0,0,0,0,0,0,0,0,0,0,0,0,0,0,0,0,0,0,0,0,0,0,0,0,0,0,0,0,0,0,0,0,0,0,0,0,0,0,0,0,0,0,0,0,0,1,112,151,237,116,3,0,0,0,0,0,0,0,0,0,0,0,0,0,0,0,0,0,0,0,0,0,0,126,254,254,254,254,15,0,0,0,0,0,0,0,0,0,0,0,0,0,0,0,0,0,0,0,0,0,35,236,132,10,150,255,15,0,0,0,0,0,0,0,0,0,0,0,0,0,0,0,0,0,0,0,0,0,17,142,0,0,223,254,15,0,0,0,0,0,0,0,0,0,0,0,0,0,0,0,0,0,0,0,0,0,0,9,0,51,252,209,8,0,0,0,0,0,0,0,0,0,0,0,0,0,0,0,0,0,0,0,0,0,0,0,0,172,254,94,0,0,0,0,0,0,0,0,0,0,0,0,0,0,0,0,0,0,0,0,0,0,0,7,144,248,211,8,0,0,0,0,0,0,0,0,0,0,0,0,0,0,0,0,0,0,0,0,0,0,0,178,254,230,40,0,0,0,0,0,0,0,0,0,0,0,0,0,0,0,0,0,0,0,0,0,0,0,96,248,254,239,214,135,11,0,0,0,0,0,0,0,0,0,0,0,0,0,0,0,0,0,0,0,0,0,50,202,224,244,254,254,242,45,0,0,0,0,0,0,0,0,0,0,0,0,0,0,0,0,0,0,0,0,0,0,21,41,52,165,254,73,0,0,0,0,0,0,0,0,0,0,0,0,0,0,0,0,0,0,0,0,0,0,0,0,0,38,246,132,0,0,0,0,0,0,0,0,0,0,0,0,0,0,0,0,0,0,0,0,0,0,0,0,0,0,240,176,0,0,0,0,0,0,0,0,0,0,0,0,0,0,0,0,0,0,0,0,0,0,0,0,0,0,240,240,21,0,0,0,0,0,0,0,0,0,0,0,0,0,0,0,0,0,0,0,0,0,0,0,0,0,240,176,0,0,0,0,0,0,0,0,0,0,0,0,0,0,0,0,0,0,36,67,0,0,0,0,0,89,253,126,0,0,0,0,0,0,0,0,0,0,0,0,0,0,0,0,0,7,164,134,0,0,0,0,57,235,254,73,0,0,0,0,0,0,0,0,0,0,0,0,0,0,0,0,0,69,254,188,115,73,115,198,239,254,91,11,0,0,0,0,0,0,0,0,0,0,0,0,0,0,0,0,0,10,182,254,254,254,254,254,181,94,6,0,0,0,0,0,0,0,0,0,0,0,0,0,0,0,0,0,0,0,14,53,150,236,129,46,1,0,0,0,0,0,0,0,0,0,0,0,0,0,0,0,0,0,0,0,0,0,0,0,0,0,0,0,0,0,0,0,0,0,0,0,0,0,0,0,0,0,0,0,0,0,0,0,0,0,0,0,0,0,0,0,0,0,0,0,0,0,0,0,0,0,0,0,0,0,0,0,0,0,0,0,0,0,0,0,0,0,0,0,0,0,0,0,0,0,0,0,0,0,0,0,0,0,0,0,0,0,0,0,0,0,0,0,0,0,0,0,0,0,0,0,0,0,0,0,0,0,0,0,0
7,0,0,0,0,0,0,0,0,0,0,0,0,0,0,0,0,0,0,0,0,0,0,0,0,0,0,0,0,0,0,0,0,0,0,0,0,0,0,0,0,0,0,0,0,0,0,0,0,0,0,0,0,0,0,0,0,0,0,0,0,0,0,0,0,0,0,0,0,0,0,0,0,0,0,0,0,0,0,0,0,0,0,0,0,0,0,0,0,0,0,0,0,0,0,0,0,0,0,0,0,0,0,0,0,0,0,0,0,0,0,0,0,0,0,0,0,0,0,0,0,0,0,0,0,0,0,0,0,0,0,0,0,0,0,0,0,0,0,0,0,0,0,0,5,24,66,86,139,212,222,138,138,24,9,0,0,0,0,0,0,0,0,0,0,0,0,0,0,0,0,26,136,252,252,252,253,252,252,252,252,253,194,65,0,0,0,0,0,0,0,0,0,0,0,0,0,0,0,138,252,233,183,183,184,196,252,252,252,253,252,202,13,0,0,0,0,0,0,0,0,0,0,0,0,0,0,25,45,33,0,0,0,9,77,194,252,253,252,252,88,0,0,0,0,0,0,0,0,0,0,0,0,0,0,0,0,0,0,0,0,0,0,9,179,253,252,252,244,73,0,0,0,0,0,0,0,0,0,0,0,0,0,0,0,0,0,0,0,0,0,0,0,181,253,253,253,253,11,0,0,0,0,0,0,0,0,0,0,0,0,0,0,0,0,0,0,0,0,0,0,24,252,252,252,252,189,0,0,0,0,0,0,0,0,0,0,0,0,0,0,0,0,0,0,0,0,0,0,7,186,252,252,252,241,42,0,0,0,0,0,0,0,0,0,0,0,0,0,0,0,0,0,0,0,0,0,0,120,252,252,252,239,34,0,0,0,0,0,0,0,0,0,0,0,0,0,0,0,0,0,0,0,0,0,0,5,137,252,252,253,196,0,0,0,0,0,0,0,0,0,0,0,0,0,0,0,0,0,0,0,0,0,24,97,170,253,253,255,211,7,0,0,0,0,0,0,0,0,0,0,0,0,0,0,0,0,0,34,89,161,253,252,252,252,252,253,252,186,50,0,0,0,0,0,0,0,0,0,0,0,0,0,0,0,13,203,252,252,253,252,252,252,252,253,252,252,227,17,0,0,0,0,0,0,0,0,0,0,0,0,0,0,30,185,252,252,203,160,160,236,252,253,252,227,108,14,0,0,0,0,0,0,0,0,0,0,0,0,0,0,0,7,22,22,11,0,0,103,252,253,252,183,0,0,0,0,0,0,0,0,0,0,0,0,0,0,0,0,0,0,0,0,0,0,0,43,241,255,253,222,25,0,0,0,0,0,0,0,0,0,0,0,0,0,0,0,0,0,0,0,0,0,0,0,209,253,252,240,37,0,0,0,0,0,0,0,0,0,0,0,0,0,0,0,0,0,0,0,0,0,0,0,116,253,252,202,97,0,0,0,0,0,0,0,0,0,0,0,0,0,0,0,0,0,0,0,0,0,0,0,21,211,252,252,236,19,0,0,0,0,0,0,0,0,0,0,0,0,0,0,0,0,0,0,0,0,0,0,0,76,158,168,189,12,0,0,0,0,0,0,0,0,0,0,0,0,0,0,0,0,0,0,0,0,0,0,0,0,0,0,0,0,0,0,0,0,0,0,0,0,0,0,0,0,0,0,0,0,0,0,0,0,0,0,0,0,0,0,0,0,0,0,0,0,0,0,0,0,0,0,0,0,0,0,0,0,0,0,0,0,0,0,0,0,0,0,0,0,0,0,0,0,0,0
8,0,0,0,0,0,0,0,0,0,0,0,0,0,0,0,0,0,0,0,0,0,0,0,0,0,0,0,0,0,0,0,0,0,0,0,0,0,0,0,0,0,0,0,0,0,0,0,0,0,0,0,0,0,0,0,0,0,0,0,0,0,0,0,0,0,0,0,0,0,0,0,0,0,0,0,0,0,0,0,0,0,0,0,0,0,0,0,0,0,0,0,0,0,0,0,0,0,0,0,0,0,0,0,0,0,0,0,0,0,0,0,0,0,0,0,0,0,0,0,0,0,0,0,0,0,0,0,0,0,0,0,0,0,0,0,0,0,0,0,0,0,0,0,0,0,0,0,0,0,0,0,0,21,51,132,152,233,254,253,254,253,82,0,0,0,0,0,0,0,0,0,0,0,0,0,0,0,0,0,21,203,253,252,253,171,151,151,213,252,243,81,0,0,0,0,0,0,0,0,0,0,0,0,0,0,0,0,132,253,183,61,0,0,0,0,0,123,255,151,0,0,0,0,0,0,0,0,0,0,0,0,0,0,0,41,233,70,0,0,0,0,0,0,0,0,213,151,0,0,0,0,0,0,0,0,0,0,0,0,0,0,0,41,0,0,0,0,0,0,0,0,0,0,214,151,0,0,0,0,0,0,0,0,0,0,0,0,0,0,0,82,183,102,0,0,0,0,0,0,0,123,253,151,0,0,0,0,0,0,0,0,0,0,0,0,0,0,0,41,173,253,193,30,0,0,0,0,31,233,244,40,0,0,0,0,0,0,0,0,0,0,0,0,0,0,0,0,10,91,253,212,0,0,0,0,213,252,122,0,0,0,0,0,0,0,0,0,0,0,0,0,0,0,0,0,0,0,173,253,62,0,72,233,254,172,0,0,0,0,0,0,0,0,0,0,0,0,0,0,0,0,0,0,0,0,31,232,203,142,253,252,192,30,0,0,0,0,0,0,0,0,0,0,0,0,0,0,0,0,0,0,0,0,0,203,254,253,244,122,0,0,0,0,0,0,0,0,0,0,0,0,0,0,0,0,0,0,0,0,0,0,21,223,253,212,81,0,0,0,0,0,0,0,0,0,0,0,0,0,0,0,0,0,0,0,0,0,0,41,254,253,254,131,0,0,0,0,0,0,0,0,0,0,0,0,0,0,0,0,0,0,0,0,0,41,163,243,253,212,253,50,0,0,0,0,0,0,0,0,0,0,0,0,0,0,0,0,0,0,0,0,31,173,254,253,82,163,244,40,0,0,0,0,0,0,0,0,0,0,0,0,0,0,0,0,0,0,0,0,193,252,233,70,82,243,162,0,0,0,0,0,0,0,0,0,0,0,0,0,0,0,0,0,0,0,0,163,255,192,51,92,254,253,82,0,0,0,0,0,0,0,0,0,0,0,0,0,0,0,0,0,0,0,41,243,253,192,213,252,253,90,0,0,0,0,0,0,0,0,0,0,0,0,0,0,0,0,0,0,0,0,173,253,255,253,244,203,41,0,0,0,0,0,0,0,0,0,0,0,0,0,0,0,0,0,0,0,0,0,131,252,253,212,40,0,0,0,0,0,0,0,0,0,0,0,0,0,0,0,0,0,0,0,0,0,0,0,0,0,0,0,0,0,0,0,0,0,0,0,0,0,0,0,0,0,0,0,0,0,0,0,0,0,0,0,0,0,0,0,0,0,0,0,0,0,0,0,0,0,0,0,0,0,0,0,0,0,0,0,0,0,0,0,0,0,0,0,0,0,0,0,0,0,0,0,0,0,0,0,0,0,0,0,0
3,0,0,0,0,0,0,0,0,0,0,0,0,0,0,0,0,0,0,0,0,0,0,0,0,0,0,0,0,0,0,0,0,0,0,0,0,0,0,0,0,0,0,0,0,0,0,0,0,0,0,0,0,0,0,0,0,0,0,0,0,0,0,0,0,0,0,0,0,0,0,0,0,0,0,0,0,0,0,0,0,0,0,0,0,0,0,0,0,0,0,0,0,0,0,0,0,0,0,0,0,0,0,0,0,0,0,0,0,0,0,0,0,0,0,0,0,0,0,85,229,191,143,77,34,34,15,0,0,0,0,0,0,0,0,0,0,0,0,0,0,0,0,0,0,0,0,50,229,252,252,252,252,252,210,100,41,0,0,0,0,0,0,0,0,0,0,0,0,0,0,0,0,0,0,0,53,188,252,252,252,252,253,252,235,96,0,0,0,0,0,0,0,0,0,0,0,0,0,0,0,0,0,0,0,4,10,10,92,121,135,246,252,251,146,5,0,0,0,0,0,0,0,0,0,0,0,0,0,0,0,0,0,0,0,0,0,0,0,61,152,252,252,55,0,0,0,0,0,0,0,0,0,0,0,0,0,0,0,0,0,0,0,0,0,0,0,0,100,252,252,55,0,0,0,0,0,0,0,0,0,0,0,0,0,0,0,0,0,0,0,0,0,0,0,37,173,252,252,55,0,0,0,0,0,0,0,0,0,0,0,0,0,0,0,0,0,0,0,0,0,0,59,223,252,252,252,55,0,0,0,0,0,0,0,0,0,0,0,0,0,0,0,0,0,0,0,0,24,126,253,252,252,252,178,14,0,0,0,0,0,0,0,0,0,0,0,0,0,0,0,0,0,0,0,0,173,252,253,252,252,233,12,0,0,0,0,0,0,0,0,0,0,0,0,0,0,0,0,0,0,0,0,0,126,253,255,253,253,253,181,31,0,0,0,0,0,0,0,0,0,0,0,0,0,0,0,0,0,0,0,0,24,172,253,252,252,252,252,154,6,0,0,0,0,0,0,0,0,0,0,0,0,0,0,0,0,0,0,0,0,0,44,44,44,157,252,252,113,0,0,0,0,0,0,0,0,0,0,0,0,0,0,0,0,0,0,0,0,0,0,0,0,23,252,252,131,0,0,0,0,0,0,0,0,0,0,0,0,0,0,0,0,0,0,0,0,0,0,0,0,23,252,252,131,0,0,0,0,0,0,0,0,0,0,0,0,0,0,0,0,0,0,39,0,0,0,0,0,61,252,252,131,0,0,0,0,0,0,0,0,0,0,0,0,0,0,0,0,0,0,150,231,231,232,231,231,242,252,252,131,0,0,0,0,0,0,0,0,0,0,0,0,0,0,0,0,0,0,154,252,252,253,252,252,252,252,252,64,0,0,0,0,0,0,0,0,0,0,0,0,0,0,0,0,0,0,60,232,252,253,252,252,252,252,187,6,0,0,0,0,0,0,0,0,0,0,0,0,0,0,0,0,0,0,0,58,142,143,142,190,142,142,45,0,0,0,0,0,0,0,0,0,0,0,0,0,0,0,0,0,0,0,0,0,0,0,0,0,0,0,0,0,0,0,0,0,0,0,0,0,0,0,0,0,0,0,0,0,0,0,0,0,0,0,0,0,0,0,0,0,0,0,0,0,0,0,0,0,0,0,0,0,0,0,0,0,0,0,0,0,0,0,0,0,0,0,0,0,0,0,0,0,0,0,0,0,0,0,0,0,0,0,0,0,0,0,0,0,0,0,0,0,0,0,0,0,0,0,0,0,0,0,0,0
3,0,0,0,0,0,0,0,0,0,0,0,0,0,0,0,0,0,0,0,0,0,0,0,0,0,0,0,0,0,0,0,0,0,0,0,0,0,0,0,0,0,0,0,0,0,0,0,0,0,0,0,0,0,0,0,0,0,0,0,0,0,0,0,0,0,0,0,0,0,0,0,0,0,0,0,0,0,0,0,0,0,0,0,0,0,0,0,0,0,0,0,0,0,0,0,0,0,0,0,0,0,0,0,0,0,0,0,0,0,0,0,0,0,0,0,0,0,0,0,0,0,0,0,0,0,0,0,0,0,0,0,0,0,0,0,0,0,0,0,0,0,0,0,0,0,0,0,0,0,0,0,57,170,255,255,255,198,86,0,0,0,0,0,0,0,0,0,0,0,0,0,0,0,0,0,0,0,86,198,255,255,255,255,226,255,255,29,0,0,0,0,0,0,0,0,0,0,0,0,0,0,0,0,29,114,255,255,226,114,0,0,0,29,255,86,0,0,0,0,0,0,0,0,0,0,0,0,0,0,0,29,255,255,198,114,0,0,0,0,0,29,255,86,0,0,0,0,0,0,0,0,0,0,0,0,0,0,0,86,255,170,29,0,0,0,0,0,0,170,255,86,0,0,0,0,0,0,0,0,0,0,0,0,0,0,0,0,29,0,0,0,0,0,0,0,170,255,198,0,0,0,0,0,0,0,0,0,0,0,0,0,0,0,0,0,0,0,0,0,0,0,29,141,255,255,29,0,0,0,0,0,0,0,0,0,0,0,0,0,0,0,0,0,0,0,0,0,0,29,226,255,226,57,0,0,0,0,0,0,0,0,0,0,0,0,0,0,0,0,0,0,0,0,0,0,114,255,255,198,29,0,0,0,0,0,0,0,0,0,0,0,0,0,0,0,0,0,0,0,0,0,141,255,255,255,198,114,57,0,0,0,0,0,0,0,0,0,0,0,0,0,0,0,0,0,0,0,0,29,255,255,255,226,255,255,255,226,141,0,0,0,0,0,0,0,0,0,0,0,0,0,0,0,0,0,0,0,29,29,0,0,0,0,57,114,255,198,0,0,0,0,0,0,0,0,0,0,0,0,0,0,0,0,0,0,0,0,0,0,0,0,0,0,0,170,226,0,0,0,0,0,0,0,0,0,0,0,0,0,0,0,0,0,0,0,0,0,0,0,0,0,0,0,226,114,0,0,0,0,0,0,0,0,0,0,0,0,0,0,0,0,0,0,0,0,0,0,0,0,0,0,86,226,0,0,0,0,0,0,0,0,0,0,0,0,0,0,0,0,0,0,0,0,0,0,0,0,0,0,86,255,0,0,0,0,0,0,0,0,0,0,0,0,0,0,0,29,0,0,0,0,0,0,0,0,0,0,170,170,0,0,0,0,0,0,0,0,0,0,0,0,0,0,0,114,226,141,0,0,0,0,0,0,29,170,255,29,0,0,0,0,0,0,0,0,0,0,0,0,0,0,0,0,86,170,255,255,170,170,170,255,255,255,114,0,0,0,0,0,0,0,0,0,0,0,0,0,0,0,0,0,0,0,0,141,170,226,255,170,114,29,0,0,0,0,0,0,0,0,0,0,0,0,0,0,0,0,0,0,0,0,0,0,0,0,0,0,0,0,0,0,0,0,0,0,0,0,0,0,0,0,0,0,0,0,0,0,0,0,0,0,0,0,0,0,0,0,0,0,0,0,0,0,0,0,0,0,0,0,0,0,0,0,0,0,0,0,0,0,0,0,0,0,0,0,0,0,0,0,0,0,0,0,0
6,0,0,0,0,0,0,0,0,0,0,0,0,0,0,0,0,0,0,0,0,0,0,0,0,0,0,0,0,0,0,0,0,0,0,0,0,0,0,0,0,0,0,0,0,0,0,0,0,0,0,0,0,0,0,0,0,0,0,0,0,0,0,0,0,0,0,0,0,0,0,0,0,0,0,0,0,0,0,0,0,0,0,0,0,0,0,0,0,0,0,0,0,0,0,0,0,0,0,0,0,0,0,0,0,0,0,0,0,0,0,0,0,0,0,0,0,0,0,0,0,0,0,0,0,0,0,19,107,229,255,223,77,0,0,0,0,0,0,0,0,0,0,0,0,0,0,0,0,0,0,0,0,0,0,137,253,253,253,253,129,0,0,0,0,0,0,0,0,0,0,0,0,0,0,0,0,0,0,0,0,0,108,252,253,253,109,85,58,0,0,0,0,0,0,0,0,0,0,0,0,0,0,0,0,0,0,0,0,38,228,253,253,154,4,0,0,0,0,0,0,0,0,0,0,0,0,0,0,0,0,0,0,0,0,0,0,205,253,253,162,5,0,0,0,0,0,0,0,0,0,0,0,0,0,0,0,0,0,0,0,0,0,0,74,241,253,185,33,0,0,0,0,0,0,0,0,0,0,0,0,0,0,0,0,0,0,0,0,0,0,8,207,253,253,107,0,0,0,0,0,0,0,0,0,0,0,0,0,0,0,0,0,0,0,0,0,0,0,42,253,253,194,18,0,0,0,0,0,0,0,0,0,0,0,0,0,0,0,0,0,0,0,0,0,0,0,120,253,251,56,0,0,0,0,0,0,0,0,0,0,0,0,0,0,0,0,0,0,0,0,0,0,0,45,202,253,163,0,0,0,0,0,0,0,0,0,0,0,0,0,0,0,0,0,0,0,0,0,0,0,0,73,253,253,41,61,99,99,99,6,0,0,0,0,0,0,0,0,0,0,0,0,0,0,0,0,0,0,0,90,253,253,250,252,253,253,253,250,175,15,0,0,0,0,0,0,0,0,0,0,0,0,0,0,0,0,99,235,253,253,253,199,199,253,253,253,253,104,0,0,0,0,0,0,0,0,0,0,0,0,0,0,0,0,159,253,253,97,15,6,6,54,253,253,253,129,0,0,0,0,0,0,0,0,0,0,0,0,0,0,0,0,16,222,253,88,0,0,0,74,253,253,253,98,0,0,0,0,0,0,0,0,0,0,0,0,0,0,0,0,3,133,253,96,0,0,9,239,253,253,132,3,0,0,0,0,0,0,0,0,0,0,0,0,0,0,0,0,0,54,245,208,11,0,99,253,253,217,53,0,0,0,0,0,0,0,0,0,0,0,0,0,0,0,0,0,0,0,129,253,92,96,232,253,253,115,0,0,0,0,0,0,0,0,0,0,0,0,0,0,0,0,0,0,0,0,13,210,253,253,253,253,210,12,0,0,0,0,0,0,0,0,0,0,0,0,0,0,0,0,0,0,0,0,0,12,178,253,253,177,12,0,0,0,0,0,0,0,0,0,0,0,0,0,0,0,0,0,0,0,0,0,0,0,0,0,0,0,0,0,0,0,0,0,0,0,0,0,0,0,0,0,0,0,0,0,0,0,0,0,0,0,0,0,0,0,0,0,0,0,0,0,0,0,0,0,0,0,0,0,0,0,0,0,0,0,0,0,0,0,0,0,0,0,0,0,0,0,0,0,0,0,0,0,0,0,0,0,0,0,0,0,0,0,0,0,0,0,0,0,0,0,0,0,0,0,0,0,0,0,0,0,0,0
7,0,0,0,0,0,0,0,0,0,0,0,0,0,0,0,0,0,0,0,0,0,0,0,0,0,0,0,0,0,0,0,0,0,0,0,0,0,0,0,0,0,0,0,0,0,0,0,0,0,0,0,0,0,0,0,0,0,0,0,0,0,0,0,0,0,0,0,0,0,0,0,0,0,0,0,0,0,0,0,0,0,0,0,0,0,0,0,0,0,0,0,0,0,0,0,0,0,0,0,0,0,0,0,0,0,0,0,0,0,0,0,0,0,0,0,0,0,0,0,0,0,0,0,0,0,0,0,0,0,0,0,0,0,0,0,0,0,0,0,0,0,0,0,0,0,0,0,0,0,0,0,0,0,0,0,0,0,0,0,0,0,0,0,0,0,0,0,0,0,0,0,0,0,0,0,0,0,0,0,0,0,0,0,0,0,0,0,0,0,0,0,0,0,0,0,0,0,0,0,0,0,0,0,0,0,0,0,35,4,0,1,73,234,197,2,0,0,0,0,0,0,0,0,0,0,0,0,0,0,0,0,0,0,0,0,231,99,0,68,248,218,254,49,0,0,0,0,0,0,0,0,0,0,0,0,0,0,0,0,0,0,0,25,241,37,35,186,115,108,254,49,0,0,0,0,0,0,0,0,0,0,0,0,0,0,0,0,0,0,0,58,225,19,184,135,0,108,254,49,0,0,0,0,0,0,0,0,0,0,0,0,0,0,0,0,0,0,0,58,188,115,174,0,0,108,254,49,0,0,0,0,0,0,0,0,0,0,0,0,0,0,0,0,0,0,0,101,244,225,20,0,0,108,227,8,0,0,0,0,0,0,0,0,0,0,0,0,0,0,0,0,0,0,12,219,254,90,0,0,0,152,221,0,0,0,0,0,0,0,0,0,0,0,0,0,0,0,0,0,0,0,50,254,173,2,0,0,10,227,147,0,0,0,0,0,0,0,0,0,0,0,0,0,0,0,0,0,0,0,50,238,49,0,0,0,12,233,139,0,0,0,0,0,0,0,0,0,0,0,0,0,0,0,0,0,0,0,2,6,0,0,0,0,97,255,60,0,0,0,0,0,0,0,0,0,0,0,0,0,0,0,0,0,0,0,0,0,0,0,0,0,100,238,19,0,0,0,0,0,0,0,0,0,0,0,0,0,0,0,0,0,0,0,0,0,0,0,0,0,157,171,0,0,0,0,0,0,0,0,0,0,0,0,0,0,0,0,0,0,0,0,0,0,0,0,0,41,236,147,0,0,0,0,0,0,0,0,0,0,0,0,0,0,0,0,0,0,0,0,0,0,0,0,0,91,254,84,0,0,0,0,0,0,0,0,0,0,0,0,0,0,0,0,0,0,0,0,0,0,0,0,0,91,241,13,0,0,0,0,0,0,0,0,0,0,0,0,0,0,0,0,0,0,0,0,0,0,0,0,0,160,169,0,0,0,0,0,0,0,0,0,0,0,0,0,0,0,0,0,0,0,0,0,0,0,0,0,0,218,137,0,0,0,0,0,0,0,0,0,0,0,0,0,0,0,0,0,0,0,0,0,0,0,0,0,75,253,55,0,0,0,0,0,0,0,0,0,0,0,0,0,0,0,0,0,0,0,0,0,0,0,0,0,83,247,0,0,0,0,0,0,0,0,0,0,0,0,0,0,0,0,0,0,0,0,0,0,0,0,0,0,83,167,0,0,0,0,0,0,0,0,0,0,0,0,0,0,0,0,0,0,0,0,0,0,0,0,0,0,0,0,0,0,0,0,0,0,0,0,0,0,0,0,0
2,0,0,0,0,0,0,0,0,0,0,0,0,0,0,0,0,0,0,0,0,0,0,0,0,0,0,0,0,0,0,0,0,0,0,0,0,0,0,0,0,0,0,0,0,0,0,0,0,0,0,0,0,0,0,0,0,0,0,0,0,0,0,0,0,0,0,0,0,0,0,0,0,0,0,0,0,0,0,0,0,0,0,0,0,0,0,0,0,0,0,0,0,0,0,0,0,0,0,0,0,0,0,0,0,0,0,0,0,0,0,0,0,0,0,0,0,0,0,0,0,0,0,0,1,90,130,210,254,254,254,255,184,41,0,0,0,0,0,0,0,0,0,0,0,0,0,0,0,0,45,161,198,253,253,253,253,253,253,253,253,220,0,0,0,0,0,0,0,0,0,0,0,0,0,0,0,11,181,253,253,231,177,97,10,10,10,18,208,253,146,0,0,0,0,0,0,0,0,0,0,0,0,0,0,20,231,253,97,26,0,0,0,0,0,0,171,253,215,16,0,0,0,0,0,0,0,0,0,0,0,0,0,30,213,134,4,0,0,0,0,0,0,20,247,253,248,42,0,0,0,0,0,0,0,0,0,0,0,0,0,0,0,0,0,0,0,0,0,0,0,94,253,253,166,0,0,0,0,0,0,0,0,0,0,0,0,0,0,0,0,0,0,0,0,0,0,0,5,175,253,249,49,0,0,0,0,0,0,0,0,0,0,0,0,0,0,0,0,0,0,0,0,0,0,0,146,253,253,217,0,0,0,0,0,0,0,0,0,0,0,0,0,0,0,0,0,0,0,0,0,0,0,29,242,253,252,52,0,0,0,0,0,0,0,0,0,0,0,0,0,0,0,0,0,0,0,0,0,0,19,202,253,253,164,0,0,0,0,0,0,0,0,0,0,0,0,0,0,0,0,0,0,0,0,0,0,17,195,253,253,196,17,0,0,0,0,0,0,0,0,0,0,0,0,0,0,0,0,0,0,0,0,9,123,207,253,253,192,13,0,0,0,0,0,0,0,0,0,0,0,0,0,0,0,0,0,0,0,0,0,89,253,253,253,194,18,0,0,0,0,0,0,0,0,0,0,0,0,0,0,0,0,0,0,0,22,160,239,248,253,248,143,13,0,0,0,0,0,0,0,0,0,0,0,0,0,0,0,0,0,0,51,182,215,253,253,253,223,62,0,0,0,0,0,0,0,0,0,0,0,0,0,0,0,0,4,21,79,159,241,253,253,253,253,169,37,0,0,0,0,0,0,0,0,0,0,0,0,0,0,0,0,0,47,253,253,253,253,253,253,253,250,27,0,0,0,0,0,0,0,0,0,0,0,0,0,0,0,0,0,0,45,243,253,253,253,250,244,253,253,232,178,98,11,5,4,6,5,0,0,0,0,0,0,0,0,0,0,0,0,0,90,93,93,67,6,93,180,208,253,253,253,204,189,208,156,0,0,0,0,0,0,0,0,0,0,0,0,0,0,0,0,0,0,0,0,10,87,149,149,205,253,253,101,0,0,0,0,0,0,0,0,0,0,0,0,0,0,0,0,0,0,0,0,0,0,0,0,0,0,0,0,0,0,0,0,0,0,0,0,0,0,0,0,0,0,0,0,0,0,0,0,0,0,0,0,0,0,0,0,0,0,0,0,0,0,0,0,0,0,0,0,0,0,0,0,0,0,0,0,0,0,0,0,0,0,0,0,0,0,0,0,0,0,0,0,0,0,0,0,0,0,0,0,0,0,0,0,0,0,0,0,0,0,0,0,0,0,0,0,0,0,0,0
8,0,0,0,0,0,0,0,0,0,0,0,0,0,0,0,0,0,0,0,0,0,0,0,0,0,0,0,0,0,0,0,0,0,0,0,0,0,0,0,0,0,0,0,0,0,0,0,0,0,0,0,0,0,0,0,0,0,0,0,0,0,0,0,0,0,0,0,0,0,0,0,0,0,0,0,0,0,0,0,0,0,0,0,0,0,0,0,0,0,0,0,0,0,0,0,0,0,0,0,0,0,0,0,0,0,0,0,0,0,0,0,0,0,0,0,0,0,0,0,0,0,0,0,0,0,0,0,0,0,0,0,0,0,0,0,0,0,0,0,0,0,0,0,0,0,0,22,114,192,254,253,200,67,0,0,0,0,0,0,0,0,0,0,0,0,0,0,0,0,0,0,0,0,0,162,252,252,253,252,252,237,146,0,0,0,0,0,0,0,0,0,0,0,0,0,0,0,0,0,0,0,87,251,252,252,65,21,83,245,252,62,0,0,0,0,0,0,0,0,0,0,0,0,0,0,0,0,0,0,190,252,252,155,0,0,0,83,242,239,42,0,0,0,0,0,0,0,0,0,0,0,0,0,0,0,0,0,190,252,252,42,0,0,0,0,79,253,186,9,0,0,0,0,0,0,0,0,0,0,0,0,0,0,0,0,191,253,253,122,0,0,0,0,0,175,253,83,0,0,0,0,0,0,0,0,0,0,0,0,0,0,0,0,127,246,252,252,191,111,43,0,0,11,205,47,0,0,0,0,0,0,0,0,0,0,0,0,0,0,0,0,0,135,252,252,253,252,242,161,39,57,247,118,15,22,22,22,22,16,0,0,0,0,0,0,0,0,0,0,0,42,154,242,253,252,252,252,252,253,252,210,225,252,253,252,252,189,0,0,0,0,0,0,0,0,0,0,0,0,0,35,147,182,252,252,252,253,252,252,252,252,253,252,252,189,0,0,0,0,0,0,0,0,0,0,0,0,0,0,0,0,0,98,229,255,253,253,253,236,107,106,53,0,0,0,0,0,0,0,0,0,0,0,0,0,0,0,0,0,0,0,106,253,252,252,252,226,0,0,0,0,0,0,0,0,0,0,0,0,0,0,0,0,0,0,0,0,0,0,106,253,245,242,252,252,150,0,0,0,0,0,0,0,0,0,0,0,0,0,0,0,0,0,0,0,0,0,106,253,189,56,231,252,239,42,0,0,0,0,0,0,0,0,0,0,0,0,0,0,0,0,0,0,0,0,62,253,252,109,169,252,253,63,0,0,0,0,0,0,0,0,0,0,0,0,0,0,0,0,0,0,0,0,0,237,253,253,253,253,255,81,0,0,0,0,0,0,0,0,0,0,0,0,0,0,0,0,0,0,0,0,0,69,252,252,252,252,253,124,0,0,0,0,0,0,0,0,0,0,0,0,0,0,0,0,0,0,0,0,0,4,186,252,252,252,253,168,0,0,0,0,0,0,0,0,0,0,0,0,0,0,0,0,0,0,0,0,0,0,28,142,252,252,172,56,0,0,0,0,0,0,0,0,0,0,0,0,0,0,0,0,0,0,0,0,0,0,0,4,138,121,0,0,0,0,0,0,0,0,0,0,0,0,0,0,0,0,0,0,0,0,0,0,0,0,0,0,0,0,0,0,0,0,0,0,0,0,0,0,0,0,0,0,0,0,0,0,0,0,0,0,0,0,0,0,0,0,0,0,0,0,0,0,0,0,0,0,0,0,0,0,0,0,0,0,0,0,0,0,0,0,0,0,0,0,0,0,0,0,0,0,0,0,0
5,0,0,0,0,0,0,0,0,0,0,0,0,0,0,0,0,0,0,0,0,0,0,0,0,0,0,0,0,0,0,0,0,0,0,0,0,0,0,0,0,0,0,0,0,0,0,0,0,0,0,0,0,0,0,0,0,0,0,0,0,0,0,0,0,0,0,0,0,0,0,0,0,0,0,0,0,0,0,0,0,0,0,0,0,0,0,0,0,0,0,0,0,0,0,0,0,0,0,0,0,0,0,0,0,0,0,0,0,0,0,0,0,0,0,0,0,0,0,0,0,0,0,0,0,0,0,0,0,0,0,0,0,0,0,0,0,0,0,0,0,0,0,0,0,0,0,0,0,0,0,0,0,0,0,0,0,0,0,0,0,0,0,0,0,0,0,0,0,0,0,0,0,0,0,0,0,0,0,0,0,0,0,0,0,0,0,0,0,0,0,0,0,0,0,0,0,0,0,0,0,0,0,0,0,0,0,27,74,73,119,163,131,100,99,86,144,163,164,163,209,191,52,0,0,0,0,0,0,0,0,0,0,0,0,175,254,254,254,254,254,254,254,254,254,254,239,199,153,30,0,0,0,0,0,0,0,0,0,0,0,0,0,182,254,254,254,254,241,244,217,204,88,101,26,0,0,0,0,0,0,0,0,0,0,0,0,0,0,0,15,238,254,254,254,254,98,39,0,0,0,0,0,0,0,0,0,0,0,0,0,0,0,0,0,0,0,0,19,254,254,234,176,254,228,33,0,0,0,0,0,0,0,0,0,0,0,0,0,0,0,0,0,0,0,0,0,182,229,12,0,84,255,182,0,0,0,0,0,0,0,0,0,0,0,0,0,0,0,0,0,0,0,0,0,98,254,90,0,2,50,142,0,0,0,0,0,0,0,0,0,0,0,0,0,0,0,0,0,0,0,0,0,79,241,207,6,0,0,0,0,0,0,0,0,0,0,0,0,0,0,0,0,0,0,0,0,0,0,0,0,0,125,254,114,0,0,0,0,0,0,0,0,0,0,0,0,0,0,0,0,0,0,0,0,0,0,0,0,0,21,241,217,0,0,0,0,0,0,0,0,0,0,0,0,0,0,0,0,0,0,0,0,0,0,0,0,0,0,121,241,35,0,0,0,0,0,0,0,0,0,0,0,0,0,0,0,0,0,0,0,0,0,0,0,0,0,55,254,138,0,0,0,0,0,0,0,0,0,0,0,0,0,0,0,0,0,0,0,0,0,0,0,0,0,8,210,225,11,0,0,0,0,0,0,0,0,0,0,0,0,0,0,0,0,0,0,0,0,0,0,0,0,0,128,247,47,0,0,0,0,0,0,0,0,0,0,0,0,0,0,0,0,0,0,0,0,0,0,0,0,0,160,254,72,0,0,0,0,0,0,0,0,0,0,0,0,0,0,0,0,0,0,0,0,0,0,0,0,36,242,254,73,0,0,0,0,0,0,0,0,0,0,0,0,0,0,0,0,0,0,16,24,0,0,0,114,201,254,237,5,0,0,0,0,0,0,0,0,0,0,0,0,0,0,0,0,0,0,106,181,128,128,160,254,254,248,136,0,0,0,0,0,0,0,0,0,0,0,0,0,0,0,0,0,0,0,16,194,254,254,254,254,250,169,0,0,0,0,0,0,0,0,0,0,0,0,0,0,0,0,0,0,0,0,0,16,130,214,163,137,57,0,0,0,0,0,0,0,0,0,0,0,0,0,0,0,0,0,0,0,0,0,0,0,0,0,0,0,0,0,0,0,0,0,0,0,0,0,0,0,0,0,0,0
8,0,0,0,0,0,0,0,0,0,0,0,0,0,0,0,0,0,0,0,0,0,0,0,0,0,0,0,0,0,0,0,0,0,0,0,0,0,0,0,0,0,0,0,0,0,0,0,0,0,0,0,0,0,0,0,0,0,0,0,0,0,0,0,0,0,0,0,0,0,0,0,0,0,0,0,0,0,0,0,0,0,0,0,0,0,0,0,0,0,0,0,0,0,0,0,0,0,0,0,0,0,0,0,0,0,0,0,0,0,0,0,0,0,0,0,0,0,0,0,0,0,0,0,0,12,94,255,171,22,0,0,0,0,0,0,0,0,0,0,0,0,0,0,0,0,0,0,0,0,0,0,51,211,253,253,253,189,0,0,0,0,0,0,0,0,0,0,0,0,0,0,0,0,0,0,0,0,0,11,181,253,253,253,253,154,0,0,0,0,0,0,0,0,0,0,0,0,0,0,0,0,0,0,0,0,0,149,253,253,253,202,88,29,0,45,157,53,0,0,0,0,0,0,0,0,0,0,0,0,0,0,0,0,88,247,253,253,185,8,0,0,46,238,253,225,0,0,0,0,0,0,0,0,0,0,0,0,0,0,0,0,234,253,253,210,13,0,0,59,203,253,253,173,0,0,0,0,0,0,0,0,0,0,0,0,0,0,0,0,234,253,253,195,16,0,54,196,253,252,163,14,0,0,0,0,0,0,0,0,0,0,0,0,0,0,0,0,234,253,253,253,250,84,236,253,253,154,0,0,0,0,0,0,0,0,0,0,0,0,0,0,0,0,0,0,102,252,253,253,253,253,253,253,133,19,0,0,0,0,0,0,0,0,0,0,0,0,0,0,0,0,0,0,0,69,214,253,253,253,253,220,13,0,0,0,0,0,0,0,0,0,0,0,0,0,0,0,0,0,0,0,0,0,25,101,253,253,253,253,144,0,0,0,0,0,0,0,0,0,0,0,0,0,0,0,0,0,0,0,0,0,0,123,253,253,253,253,216,26,0,0,0,0,0,0,0,0,0,0,0,0,0,0,0,0,0,0,0,0,49,232,253,253,253,253,253,119,0,0,0,0,0,0,0,0,0,0,0,0,0,0,0,0,0,0,0,0,120,253,253,117,226,253,253,119,0,0,0,0,0,0,0,0,0,0,0,0,0,0,0,0,0,0,0,0,194,253,252,182,239,253,253,87,0,0,0,0,0,0,0,0,0,0,0,0,0,0,0,0,0,0,0,117,250,253,253,253,253,253,210,8,0,0,0,0,0,0,0,0,0,0,0,0,0,0,0,0,0,0,0,176,253,253,253,253,253,253,137,0,0,0,0,0,0,0,0,0,0,0,0,0,0,0,0,0,0,0,0,176,253,253,253,253,253,166,9,0,0,0,0,0,0,0,0,0,0,0,0,0,0,0,0,0,0,0,0,137,247,253,253,253,167,2,0,0,0,0,0,0,0,0,0,0,0,0,0,0,0,0,0,0,0,0,0,0,90,218,253,168,10,0,0,0,0,0,0,0,0,0,0,0,0,0,0,0,0,0,0,0,0,0,0,0,0,0,0,0,0,0,0,0,0,0,0,0,0,0,0,0,0,0,0,0,0,0,0,0,0,0,0,0,0,0,0,0,0,0,0,0,0,0,0,0,0,0,0,0,0,0,0,0,0,0,0,0,0,0,0,0,0,0,0,0,0,0,0,0,0,0,0,0,0,0,0,0,0,0,0,0,0,0,0,0,0,0,0,0,0,0,0,0,0,0,0,0,0,0,0,0,0,0,0,0,0
5,0,0,0,0,0,0,0,0,0,0,0,0,0,0,0,0,0,0,0,0,0,0,0,0,0,0,0,0,0,0,0,0,0,0,0,0,0,0,0,0,0,0,0,0,0,0,0,0,0,0,0,0,0,0,0,0,0,0,0,0,0,0,0,0,0,0,0,0,0,0,0,0,0,0,0,0,0,0,0,0,0,0,0,0,0,0,0,0,0,0,0,0,0,0,0,0,0,0,0,0,0,0,0,0,0,0,0,0,0,0,0,0,0,0,0,0,0,0,0,0,0,0,0,0,0,0,0,0,0,0,0,0,0,0,0,0,0,0,0,0,0,0,0,0,0,0,0,0,0,0,0,3,9,0,0,0,0,0,0,0,0,0,0,10,13,13,13,0,0,0,0,0,0,0,0,0,0,0,5,137,222,39,0,0,0,0,0,0,17,25,60,233,253,253,253,0,0,0,0,0,0,0,0,0,0,0,125,253,253,221,22,0,0,0,4,112,222,253,253,253,253,236,236,0,0,0,0,0,0,0,0,0,0,0,170,253,253,196,12,0,0,3,127,253,253,253,253,237,205,55,44,0,0,0,0,0,0,0,0,0,0,0,170,253,253,168,0,0,0,100,253,253,131,187,193,128,0,0,0,0,0,0,0,0,0,0,0,0,0,0,170,253,253,233,27,0,0,188,187,191,20,29,0,0,0,0,0,0,0,0,0,0,0,0,0,0,0,0,170,253,253,253,36,0,0,23,5,18,0,0,0,0,0,0,0,0,0,0,0,0,0,0,0,0,0,0,66,253,253,253,82,0,0,0,0,0,0,0,0,0,0,0,0,0,0,0,0,0,0,0,0,0,0,0,5,188,253,253,198,10,0,0,0,0,0,0,0,0,0,0,0,0,0,0,0,0,0,0,0,0,0,0,0,125,253,253,253,82,0,0,0,0,0,0,0,0,0,0,0,0,0,0,0,0,0,0,0,0,0,0,0,59,252,254,255,145,0,0,0,0,0,0,0,0,0,0,0,0,0,0,0,0,0,0,0,0,0,0,0,0,182,253,253,144,0,0,0,0,0,0,0,0,0,0,0,0,0,0,0,0,0,0,0,0,0,0,0,0,73,253,253,144,0,0,0,0,0,0,0,0,0,0,0,0,0,0,0,0,0,0,0,0,0,0,0,0,25,222,253,144,0,0,0,0,0,0,0,0,0,0,0,0,0,0,0,0,0,0,0,3,61,52,0,0,18,217,253,144,0,0,0,0,0,0,0,0,0,0,0,0,0,0,0,0,0,0,0,139,253,245,194,194,211,253,253,144,0,0,0,0,0,0,0,0,0,0,0,0,0,0,0,0,0,0,0,156,253,253,253,253,253,253,221,39,0,0,0,0,0,0,0,0,0,0,0,0,0,0,0,0,0,0,0,25,212,253,253,253,253,253,111,0,0,0,0,0,0,0,0,0,0,0,0,0,0,0,0,0,0,0,0,0,25,160,253,253,170,46,4,0,0,0,0,0,0,0,0,0,0,0,0,0,0,0,0,0,0,0,0,0,0,2,11,11,3,0,0,0,0,0,0,0,0,0,0,0,0,0,0,0,0,0,0,0,0,0,0,0,0,0,0,0,0,0,0,0,0,0,0,0,0,0,0,0,0,0,0,0,0,0,0,0,0,0,0,0,0,0,0,0,0,0,0,0,0,0,0,0,0,0,0,0,0,0,0,0,0,0,0,0,0,0,0,0,0,0,0,0,0,0,0,0,0,0,0,0,0,0,0,0,0,0,0,0
1,0,0,0,0,0,0,0,0,0,0,0,0,0,0,0,0,0,0,0,0,0,0,0,0,0,0,0,0,0,0,0,0,0,0,0,0,0,0,0,0,0,0,0,0,0,0,0,0,0,0,0,0,0,0,0,0,0,0,0,0,0,0,0,0,0,0,0,0,0,0,0,0,0,0,0,0,0,0,0,0,0,0,0,0,0,0,0,0,0,0,0,0,0,0,0,0,0,0,0,0,0,0,0,0,0,0,0,0,0,0,0,0,0,0,0,0,0,0,0,0,0,0,0,0,0,0,0,0,0,0,0,0,0,0,0,0,0,0,0,0,0,0,0,0,0,0,0,0,0,0,0,0,0,0,0,31,233,163,0,0,0,0,0,0,0,0,0,0,0,0,0,0,0,0,0,0,0,0,0,0,0,0,0,51,252,203,0,0,0,0,0,0,0,0,0,0,0,0,0,0,0,0,0,0,0,0,0,0,0,0,0,113,253,203,0,0,0,0,0,0,0,0,0,0,0,0,0,0,0,0,0,0,0,0,0,0,0,0,0,152,252,203,0,0,0,0,0,0,0,0,0,0,0,0,0,0,0,0,0,0,0,0,0,0,0,0,21,214,253,142,0,0,0,0,0,0,0,0,0,0,0,0,0,0,0,0,0,0,0,0,0,0,0,0,102,253,252,20,0,0,0,0,0,0,0,0,0,0,0,0,0,0,0,0,0,0,0,0,0,0,0,0,123,254,253,0,0,0,0,0,0,0,0,0,0,0,0,0,0,0,0,0,0,0,0,0,0,0,0,0,203,253,171,0,0,0,0,0,0,0,0,0,0,0,0,0,0,0,0,0,0,0,0,0,0,0,0,51,253,254,91,0,0,0,0,0,0,0,0,0,0,0,0,0,0,0,0,0,0,0,0,0,0,0,0,132,252,233,30,0,0,0,0,0,0,0,0,0,0,0,0,0,0,0,0,0,0,0,0,0,0,0,0,152,253,203,0,0,0,0,0,0,0,0,0,0,0,0,0,0,0,0,0,0,0,0,0,0,0,0,0,193,252,122,0,0,0,0,0,0,0,0,0,0,0,0,0,0,0,0,0,0,0,0,0,0,0,0,0,254,253,102,0,0,0,0,0,0,0,0,0,0,0,0,0,0,0,0,0,0,0,0,0,0,0,0,82,253,252,20,0,0,0,0,0,0,0,0,0,0,0,0,0,0,0,0,0,0,0,0,0,0,0,0,163,254,233,0,0,0,0,0,0,0,0,0,0,0,0,0,0,0,0,0,0,0,0,0,0,0,0,0,203,253,151,0,0,0,0,0,0,0,0,0,0,0,0,0,0,0,0,0,0,0,0,0,0,0,0,0,204,255,151,0,0,0,0,0,0,0,0,0,0,0,0,0,0,0,0,0,0,0,0,0,0,0,0,0,203,253,151,0,0,0,0,0,0,0,0,0,0,0,0,0,0,0,0,0,0,0,0,0,0,0,0,0,183,255,151,0,0,0,0,0,0,0,0,0,0,0,0,0,0,0,0,0,0,0,0,0,0,0,0,0,20,192,91,0,0,0,0,0,0,0,0,0,0,0,0,0,0,0,0,0,0,0,0,0,0,0,0,0,0,0,0,0,0,0,0,0,0,0,0,0,0,0,0,0,0,0,0,0,0,0,0,0,0,0,0,0,0,0,0,0,0,0,0,0,0,0,0,0,0,0,0,0,0,0,0,0,0,0,0,0,0,0,0,0,0,0,0,0,0,0,0,0,0,0,0,0,0,0,0,0
1,0,0,0,0,0,0,0,0,0,0,0,0,0,0,0,0,0,0,0,0,0,0,0,0,0,0,0,0,0,0,0,0,0,0,0,0,0,0,0,0,0,0,0,0,0,0,0,0,0,0,0,0,0,0,0,0,0,0,0,0,0,0,0,0,0,0,0,0,0,0,0,0,0,0,0,0,0,0,0,0,0,0,0,0,0,0,0,0,0,0,0,0,0,0,0,0,0,0,0,0,0,0,0,0,0,0,0,0,0,0,0,0,0,0,0,0,0,0,0,0,0,0,0,0,0,0,0,0,0,0,0,0,0,0,0,0,0,0,0,0,0,0,0,0,0,0,0,0,0,0,0,0,102,254,253,234,30,0,0,0,0,0,0,0,0,0,0,0,0,0,0,0,0,0,0,0,0,0,0,0,102,253,252,253,172,0,0,0,0,0,0,0,0,0,0,0,0,0,0,0,0,0,0,0,0,0,0,0,82,254,253,163,243,102,0,0,0,0,0,0,0,0,0,0,0,0,0,0,0,0,0,0,0,0,0,0,0,253,252,0,40,61,0,0,0,0,0,0,0,0,0,0,0,0,0,0,0,0,0,0,0,0,0,0,0,152,253,0,0,0,0,0,0,0,0,0,0,0,0,0,0,0,0,0,0,0,0,0,0,0,0,0,0,152,252,41,0,0,0,0,0,0,0,0,0,0,0,0,0,0,0,0,0,0,0,0,0,0,0,0,0,51,253,102,0,0,0,0,0,0,0,0,0,0,0,0,0,0,0,0,0,0,0,0,0,0,0,0,0,92,252,102,0,0,0,0,0,0,0,0,0,0,0,0,0,0,0,0,0,0,0,0,0,0,0,0,0,152,253,102,0,0,0,0,0,0,0,0,0,0,0,0,0,0,0,0,0,0,0,0,0,0,0,0,0,152,252,102,0,0,0,0,0,0,0,0,0,0,0,0,0,0,0,0,0,0,0,0,0,0,0,0,0,152,253,102,0,0,0,0,0,0,0,0,0,0,0,0,0,0,0,0,0,0,0,0,0,0,0,0,0,71,252,102,0,0,0,0,0,0,0,0,0,0,0,0,0,0,0,0,0,0,0,0,0,0,0,0,0,51,253,102,0,0,0,0,0,0,0,0,0,0,0,0,0,0,0,0,0,0,0,0,0,0,0,0,0,51,252,102,0,0,0,0,0,0,0,0,0,0,0,0,0,0,0,0,0,0,0,0,0,0,0,0,0,51,253,123,0,0,0,0,0,0,0,0,0,0,0,0,0,0,0,0,0,0,0,0,0,0,0,0,0,31,232,223,20,0,0,0,0,0,0,0,0,0,0,0,0,0,0,0,0,0,0,0,0,0,0,0,0,0,204,255,71,21,0,0,0,0,0,0,0,0,0,0,0,0,0,0,0,0,0,0,0,0,0,0,0,0,122,253,232,102,0,0,0,0,0,0,0,0,0,0,0,0,0,0,0,0,0,0,0,0,0,0,0,0,0,255,253,103,0,0,0,0,0,0,0,0,0,0,0,0,0,0,0,0,0,0,0,0,0,0,0,0,0,131,252,20,0,0,0,0,0,0,0,0,0,0,0,0,0,0,0,0,0,0,0,0,0,0,0,0,0,0,0,0,0,0,0,0,0,0,0,0,0,0,0,0,0,0,0,0,0,0,0,0,0,0,0,0,0,0,0,0,0,0,0,0,0,0,0,0,0,0,0,0,0,0,0,0,0,0,0,0,0,0,0,0,0,0,0,0,0,0,0,0,0,0,0,0,0,0
4,0,0,0,0,0,0,0,0,0,0,0,0,0,0,0,0,0,0,0,0,0,0,0,0,0,0,0,0,0,0,0,0,0,0,0,0,0,0,0,0,0,0,0,0,0,0,0,0,0,0,0,0,0,0,0,0,0,0,0,0,0,0,0,0,0,0,0,0,0,0,0,0,0,0,0,0,0,0,0,0,0,0,0,0,0,0,0,0,0,0,0,0,0,0,0,0,0,0,0,0,0,0,0,0,0,0,0,0,0,0,0,0,0,0,0,0,0,0,0,0,0,0,0,0,0,0,0,0,0,10,179,13,0,0,0,0,0,0,0,0,0,0,0,0,0,0,0,0,0,0,0,0,0,0,0,0,0,160,252,113,0,0,0,0,0,0,0,0,0,0,0,0,0,0,0,0,0,0,38,135,28,0,0,0,0,197,252,113,0,0,0,0,0,0,0,0,0,0,0,0,0,0,0,0,0,0,213,253,84,0,0,0,0,97,252,113,0,0,0,0,0,0,0,0,0,0,0,0,0,0,0,0,0,0,226,255,97,0,0,0,0,86,253,114,0,0,0,0,0,0,0,0,0,0,0,0,0,0,0,0,0,0,225,253,171,0,0,0,0,47,240,113,0,0,0,0,0,0,0,0,0,0,0,0,0,0,0,0,0,29,234,253,84,0,0,0,0,85,252,113,0,0,0,0,0,0,0,0,0,0,0,0,0,0,0,0,0,134,252,178,9,0,0,0,0,134,252,113,0,0,0,0,0,0,0,0,0,0,0,0,0,0,0,0,57,253,253,114,0,0,0,0,0,198,253,114,0,0,0,0,0,0,0,0,0,0,0,0,0,0,0,0,82,252,252,144,57,57,7,26,38,209,252,113,0,0,0,0,0,0,0,0,0,0,0,0,0,0,0,60,234,252,252,253,252,252,203,223,234,252,252,113,0,0,0,0,0,0,0,0,0,0,0,0,0,0,0,191,252,252,252,253,252,252,252,253,252,252,252,63,0,0,0,0,0,0,0,0,0,0,0,0,0,0,13,254,253,253,253,254,253,253,253,242,253,253,190,0,0,0,0,0,0,0,0,0,0,0,0,0,0,0,113,253,252,208,96,84,109,109,84,47,196,252,139,0,0,0,0,0,0,0,0,0,0,0,0,0,0,0,25,106,56,13,0,0,0,0,0,0,119,252,139,0,0,0,0,0,0,0,0,0,0,0,0,0,0,0,0,0,0,0,0,0,0,0,0,0,169,252,90,0,0,0,0,0,0,0,0,0,0,0,0,0,0,0,0,0,0,0,0,0,0,0,0,4,179,253,28,0,0,0,0,0,0,0,0,0,0,0,0,0,0,0,0,0,0,0,0,0,0,0,0,29,252,252,28,0,0,0,0,0,0,0,0,0,0,0,0,0,0,0,0,0,0,0,0,0,0,0,0,66,252,252,28,0,0,0,0,0,0,0,0,0,0,0,0,0,0,0,0,0,0,0,0,0,0,0,0,141,227,103,3,0,0,0,0,0,0,0,0,0,0,0,0,0,0,0,0,0,0,0,0,0,0,0,0,0,0,0,0,0,0,0,0,0,0,0,0,0,0,0,0,0,0,0,0,0,0,0,0,0,0,0,0,0,0,0,0,0,0,0,0,0,0,0,0,0,0,0,0,0,0,0,0,0,0,0,0,0,0,0,0,0,0,0,0,0,0,0,0,0,0,0,0,0,0,0,0,0,0,0,0,0,0,0,0,0,0,0,0,0,0,0,0,0,0,0,0,0,0,0,0,0
4,0,0,0,0,0,0,0,0,0,0,0,0,0,0,0,0,0,0,0,0,0,0,0,0,0,0,0,0,0,0,0,0,0,0,0,0,0,0,0,0,0,0,0,0,0,0,0,0,0,0,0,0,0,0,0,0,0,0,0,0,0,0,0,0,0,0,0,0,0,0,0,0,0,0,0,0,0,0,0,0,0,0,0,0,0,0,0,0,0,0,0,0,0,0,0,0,0,0,0,0,0,0,0,0,0,0,0,0,0,0,0,0,0,0,0,0,0,0,0,0,0,0,0,0,0,0,0,0,0,0,0,0,0,0,0,0,0,0,0,0,0,0,0,0,0,0,0,0,0,0,0,0,0,0,0,0,0,0,0,0,0,0,0,0,0,0,0,0,0,0,0,0,0,0,0,0,0,0,0,89,38,0,0,0,0,0,0,0,0,0,0,0,0,0,0,0,0,0,0,0,0,0,0,0,0,0,76,246,161,0,0,0,0,0,0,0,0,0,57,85,0,0,0,0,0,0,0,0,0,0,0,0,0,89,196,195,65,0,0,0,0,0,0,0,0,0,169,252,0,0,0,0,0,0,0,0,0,0,7,123,169,194,148,0,0,0,0,0,0,0,0,0,10,138,224,236,0,0,0,0,0,0,0,0,0,48,165,252,252,63,0,0,0,0,0,0,0,0,0,0,163,252,236,50,0,0,0,0,0,0,0,0,0,147,253,240,63,0,0,0,0,0,0,0,0,0,0,255,253,253,84,0,0,0,0,0,0,0,0,0,147,249,252,99,0,0,0,0,0,0,0,0,67,178,225,253,252,154,9,0,0,0,0,0,0,0,0,0,253,252,252,121,57,0,19,57,73,197,198,197,240,252,252,253,233,43,0,0,0,0,0,0,0,0,0,0,237,252,252,252,252,169,196,252,252,252,253,252,252,252,252,253,74,0,0,0,0,0,0,0,0,0,0,0,50,158,252,252,252,253,252,252,252,252,190,112,142,252,252,190,12,0,0,0,0,0,0,0,0,0,0,0,0,0,0,0,0,0,0,0,0,0,0,0,198,253,253,0,0,0,0,0,0,0,0,0,0,0,0,0,0,0,0,0,0,0,0,0,0,0,0,76,246,252,252,0,0,0,0,0,0,0,0,0,0,0,0,0,0,0,0,0,0,0,0,0,0,0,0,85,252,252,141,0,0,0,0,0,0,0,0,0,0,0,0,0,0,0,0,0,0,0,0,0,0,0,0,178,252,233,37,0,0,0,0,0,0,0,0,0,0,0,0,0,0,0,0,0,0,0,0,0,0,0,0,225,252,145,0,0,0,0,0,0,0,0,0,0,0,0,0,0,0,0,0,0,0,0,0,0,0,0,114,253,253,84,0,0,0,0,0,0,0,0,0,0,0,0,0,0,0,0,0,0,0,0,0,0,0,0,113,252,252,84,0,0,0,0,0,0,0,0,0,0,0,0,0,0,0,0,0,0,0,0,0,0,0,0,113,252,252,84,0,0,0,0,0,0,0,0,0,0,0,0,0,0,0,0,0,0,0,0,0,0,0,0,38,218,252,84,0,0,0,0,0,0,0,0,0,0,0,0,0,0,0,0,0,0,0,0,0,0,0,0,0,38,112,37,0,0,0,0,0,0,0,0,0,0,0,0,0,0,0,0,0,0,0,0,0,0,0,0,0,0,0,0,0,0,0,0,0,0,0,0,0,0,0,0,0,0,0,0,0,0,0,0,0,0,0,0,0,0,0,0,0,0,0,0,0,0,0,0,0,0
3,0,0,0,0,0,0,0,0,0,0,0,0,0,0,0,0,0,0,0,0,0,0,0,0,0,0,0,0,0,0,0,0,0,0,0,0,0,0,0,0,0,0,0,0,0,0,0,0,0,0,0,0,0,0,0,0,0,0,0,0,0,0,0,0,0,0,0,0,0,0,0,0,0,0,0,0,0,0,0,0,0,0,0,0,0,0,0,0,0,0,0,0,0,0,0,0,0,0,0,0,0,0,0,0,0,0,0,0,0,0,0,0,0,0,0,0,0,0,0,0,0,0,0,0,0,0,0,0,0,0,0,0,0,0,0,0,0,0,0,0,0,0,0,0,0,0,0,0,0,0,0,0,0,0,0,0,0,0,0,0,0,0,0,0,0,0,0,0,0,0,0,0,0,0,0,0,0,8,158,254,183,148,43,43,39,0,0,0,0,0,0,0,0,0,0,0,0,0,0,0,0,0,0,0,0,123,225,247,253,253,254,253,248,164,14,0,0,0,0,0,0,0,0,0,0,0,0,0,0,0,0,0,0,12,14,19,92,127,148,253,253,253,42,0,0,0,0,0,0,0,0,0,0,0,0,0,0,0,0,0,0,0,0,0,0,0,140,253,253,211,14,0,0,0,0,0,0,0,0,0,0,0,0,0,0,0,0,0,0,0,0,0,27,150,254,253,191,32,0,0,0,0,0,0,0,0,0,0,0,0,0,0,0,0,0,0,0,0,0,31,219,254,248,132,9,0,0,0,0,0,0,0,0,0,0,0,0,0,0,0,0,0,0,0,0,0,29,214,253,218,97,0,0,0,0,0,0,0,0,0,0,0,0,0,0,0,0,0,0,0,0,0,0,31,214,253,253,156,128,48,11,0,0,0,0,0,0,0,0,0,0,0,0,0,0,0,0,0,0,0,0,175,253,253,253,253,254,253,211,128,0,0,0,0,0,0,0,0,0,0,0,0,0,0,0,0,0,0,0,210,253,245,147,147,166,253,253,243,35,0,0,0,0,0,0,0,0,0,0,0,0,0,0,0,0,0,0,0,45,0,0,0,0,0,172,254,148,0,0,0,0,0,0,0,0,0,0,0,0,0,0,0,0,0,0,0,0,0,0,0,0,0,128,253,147,0,0,0,0,0,0,0,0,0,0,0,0,0,0,0,0,0,0,0,0,0,0,0,0,0,136,253,147,0,0,0,0,0,0,0,0,0,0,0,0,0,0,0,0,0,0,0,0,0,0,0,0,0,233,253,122,0,0,0,0,0,0,0,0,0,0,0,0,0,0,0,0,0,0,0,0,0,0,0,0,72,250,227,25,0,0,0,0,0,0,0,0,0,0,0,0,0,0,0,0,0,0,0,0,0,0,0,25,228,255,190,0,0,0,0,0,0,0,0,0,0,0,0,0,0,0,0,0,0,0,0,0,0,0,0,158,253,246,83,0,0,0,0,0,0,0,0,0,0,0,0,0,0,0,0,0,0,0,0,0,0,6,66,254,253,126,0,0,0,0,0,0,0,0,0,0,0,0,0,0,0,0,0,0,0,0,0,0,0,91,253,254,170,7,0,0,0,0,0,0,0,0,0,0,0,0,0,0,0,0,0,0,0,0,0,0,151,240,253,192,37,0,0,0,0,0,0,0,0,0,0,0,0,0,0,0,0,0,0,0,0,0,0,0,0,0,0,0,0,0,0,0,0,0,0,0,0,0,0,0,0,0,0,0,0,0,0,0,0,0,0,0,0,0,0,0,0,0,0,0,0,0,0,0,0,0,0,0,0
1,0,0,0,0,0,0,0,0,0,0,0,0,0,0,0,0,0,0,0,0,0,0,0,0,0,0,0,0,0,0,0,0,0,0,0,0,0,0,0,0,0,0,0,0,0,0,0,0,0,0,0,0,0,0,0,0,0,0,0,0,0,0,0,0,0,0,0,0,0,0,0,0,0,0,0,0,0,0,0,0,0,0,0,0,0,0,0,0,0,0,0,0,0,0,0,0,0,0,0,0,0,0,0,0,0,0,0,0,0,0,0,0,0,0,0,0,0,0,0,0,0,0,0,0,0,0,0,0,0,0,0,0,0,0,0,0,0,0,0,0,0,0,0,0,0,0,0,0,0,0,139,255,254,174,9,0,0,0,0,0,0,0,0,0,0,0,0,0,0,0,0,0,0,0,0,0,0,0,139,253,253,253,22,0,0,0,0,0,0,0,0,0,0,0,0,0,0,0,0,0,0,0,0,0,0,0,139,253,253,253,22,0,0,0,0,0,0,0,0,0,0,0,0,0,0,0,0,0,0,0,0,0,0,0,4,239,253,253,79,0,0,0,0,0,0,0,0,0,0,0,0,0,0,0,0,0,0,0,0,0,0,0,0,122,253,253,187,12,0,0,0,0,0,0,0,0,0,0,0,0,0,0,0,0,0,0,0,0,0,0,0,85,253,253,253,76,0,0,0,0,0,0,0,0,0,0,0,0,0,0,0,0,0,0,0,0,0,0,0,5,189,253,253,128,0,0,0,0,0,0,0,0,0,0,0,0,0,0,0,0,0,0,0,0,0,0,0,0,185,253,253,230,0,0,0,0,0,0,0,0,0,0,0,0,0,0,0,0,0,0,0,0,0,0,0,0,185,253,253,230,0,0,0,0,0,0,0,0,0,0,0,0,0,0,0,0,0,0,0,0,0,0,0,0,138,253,253,230,0,0,0,0,0,0,0,0,0,0,0,0,0,0,0,0,0,0,0,0,0,0,0,0,31,253,253,230,0,0,0,0,0,0,0,0,0,0,0,0,0,0,0,0,0,0,0,0,0,0,0,0,16,193,253,241,64,0,0,0,0,0,0,0,0,0,0,0,0,0,0,0,0,0,0,0,0,0,0,0,0,96,247,253,129,0,0,0,0,0,0,0,0,0,0,0,0,0,0,0,0,0,0,0,0,0,0,0,0,0,231,253,137,2,0,0,0,0,0,0,0,0,0,0,0,0,0,0,0,0,0,0,0,0,0,0,0,0,231,253,253,30,0,0,0,0,0,0,0,0,0,0,0,0,0,0,0,0,0,0,0,0,0,0,0,0,231,253,253,30,0,0,0,0,0,0,0,0,0,0,0,0,0,0,0,0,0,0,0,0,0,0,0,0,227,253,253,128,0,0,0,0,0,0,0,0,0,0,0,0,0,0,0,0,0,0,0,0,0,0,0,0,45,221,253,183,0,0,0,0,0,0,0,0,0,0,0,0,0,0,0,0,0,0,0,0,0,0,0,0,0,46,225,241,195,0,0,0,0,0,0,0,0,0,0,0,0,0,0,0,0,0,0,0,0,0,0,0,0,0,49,141,143,0,0,0,0,0,0,0,0,0,0,0,0,0,0,0,0,0,0,0,0,0,0,0,0,0,0,0,0,0,0,0,0,0,0,0,0,0,0,0,0,0,0,0,0,0,0,0,0,0,0,0,0,0,0,0,0,0,0,0,0,0,0,0,0,0,0,0,0,0,0,0,0,0,0,0,0,0,0,0,0,0,0,0,0,0,0,0,0,0,0,0,0,0
0,0,0,0,0,0,0,0,0,0,0,0,0,0,0,0,0,0,0,0,0,0,0,0,0,0,0,0,0,0,0,0,0,0,0,0,0,0,0,0,0,0,0,0,0,0,0,0,0,0,0,0,0,0,0,0,0,0,0,0,0,0,0,0,0,0,0,0,0,0,0,0,0,0,0,0,0,0,0,0,0,0,0,0,0,0,0,0,0,0,0,0,0,0,0,0,0,0,0,0,0,0,0,0,0,0,0,0,0,0,0,0,0,0,0,0,0,0,0,0,0,0,0,0,0,0,0,0,90,215,255,255,174,115,0,0,0,0,0,0,0,0,0,0,0,0,0,0,0,0,0,0,0,0,31,215,252,253,253,253,253,253,168,0,0,0,0,0,0,0,0,0,0,0,0,0,0,0,0,0,0,0,123,253,253,253,253,253,253,253,253,111,0,0,0,0,0,0,0,0,0,0,0,0,0,0,0,0,0,0,196,253,253,180,128,117,253,253,253,117,0,0,0,0,0,0,0,0,0,0,0,0,0,0,0,84,138,228,248,253,89,8,0,4,166,253,253,117,0,0,0,0,0,0,0,0,0,0,0,0,0,36,138,249,253,253,253,253,185,0,0,0,156,253,253,230,0,0,0,0,0,0,0,0,0,0,0,0,79,217,253,253,253,253,253,253,218,26,0,0,156,253,253,249,42,0,0,0,0,0,0,0,0,0,0,92,250,253,253,253,253,253,253,253,170,14,0,0,156,253,253,253,123,0,0,0,0,0,0,0,0,0,34,218,253,253,253,253,231,181,148,51,15,0,0,0,156,253,253,248,25,0,0,0,0,0,0,0,0,0,118,253,253,253,230,78,40,0,0,0,0,0,0,0,156,253,253,247,0,0,0,0,0,0,0,0,0,0,148,253,253,230,58,0,0,0,0,0,0,0,0,0,156,253,253,149,0,0,0,0,0,0,0,0,0,26,249,253,253,155,0,0,0,0,0,0,0,0,0,24,226,253,253,117,0,0,0,0,0,0,0,0,0,125,253,253,253,89,0,0,0,0,0,0,0,0,8,139,253,253,253,117,0,0,0,0,0,0,0,0,0,125,253,253,253,155,0,0,0,0,0,0,0,0,60,253,253,253,224,39,0,0,0,0,0,0,0,0,0,125,253,253,253,155,0,0,0,0,0,0,0,47,223,253,253,241,40,0,0,0,0,0,0,0,0,0,0,125,253,253,253,216,110,4,0,0,0,50,156,224,253,253,253,234,0,0,0,0,0,0,0,0,0,0,0,51,240,253,253,253,253,165,150,150,150,227,253,253,253,253,241,148,0,0,0,0,0,0,0,0,0,0,0,0,51,240,253,253,253,253,253,253,253,253,253,253,253,252,92,0,0,0,0,0,0,0,0,0,0,0,0,0,0,51,237,249,253,253,253,253,253,253,248,247,226,102,0,0,0,0,0,0,0,0,0,0,0,0,0,0,0,0,0,99,253,253,253,253,152,123,35,0,0,0,0,0,0,0,0,0,0,0,0,0,0,0,0,0,0,0,0,0,0,0,0,0,0,0,0,0,0,0,0,0,0,0,0,0,0,0,0,0,0,0,0,0,0,0,0,0,0,0,0,0,0,0,0,0,0,0,0,0,0,0,0,0,0,0,0,0,0,0,0,0,0,0,0,0,0,0,0,0,0,0,0,0,0,0,0,0,0,0,0,0,0,0,0,0,0,0,0,0,0,0,0,0,0,0,0,0,0,0,0,0,0,0,0,0,0,0,0,0,0,0,0
7,0,0,0,0,0,0,0,0,0,0,0,0,0,0,0,0,0,0,0,0,0,0,0,0,0,0,0,0,0,0,0,0,0,0,0,0,0,0,0,0,0,0,0,0,0,0,0,0,0,0,0,0,0,0,0,0,0,0,0,0,0,0,0,0,0,0,0,0,0,0,0,0,0,0,0,0,0,0,0,0,0,0,0,0,0,0,0,0,0,0,0,0,0,0,0,0,0,0,0,0,0,0,0,0,0,0,0,0,0,0,0,0,0,0,0,0,0,0,0,0,0,0,0,0,0,0,0,0,0,0,0,0,0,0,0,0,0,0,0,0,0,0,0,0,0,0,0,0,0,0,0,0,0,0,0,0,0,0,0,0,0,0,0,0,0,0,0,0,0,0,0,0,0,0,0,0,0,0,139,232,170,159,86,22,0,0,0,0,0,0,0,0,0,0,0,0,0,0,0,0,0,0,0,0,0,0,138,252,252,252,252,245,80,0,0,0,0,0,0,0,0,0,0,0,0,0,0,0,0,0,0,0,0,0,101,227,252,252,252,253,240,82,0,0,0,0,0,0,0,0,0,0,0,0,0,0,0,0,0,0,0,0,0,50,160,236,252,253,252,240,131,0,0,0,0,0,0,0,0,0,0,0,0,0,0,0,0,0,0,0,0,0,0,19,75,148,252,252,202,11,0,0,0,0,0,0,0,0,0,0,0,0,0,0,0,0,0,0,0,0,0,0,0,0,162,253,253,137,0,0,0,0,0,0,0,0,0,0,0,0,0,0,0,0,0,0,0,0,0,0,0,15,219,252,252,117,0,0,0,0,0,0,0,0,0,0,0,0,0,0,0,0,0,0,0,0,0,0,0,138,252,252,252,22,0,0,0,0,0,0,0,0,0,0,0,0,0,0,0,0,0,0,0,0,0,0,95,253,252,252,176,4,0,0,0,0,0,0,0,0,0,0,0,0,0,0,0,0,0,0,0,0,0,0,168,253,252,252,160,0,0,0,0,0,0,0,0,0,0,0,0,0,0,0,0,0,0,0,0,0,0,155,253,255,253,205,21,0,0,0,0,0,0,0,0,0,0,0,0,0,0,0,0,0,0,0,0,0,0,207,252,253,252,69,0,0,0,0,0,0,0,0,0,0,0,0,0,0,0,0,0,0,0,0,0,0,19,220,252,253,218,19,0,0,0,0,0,0,0,0,0,0,0,0,0,0,0,0,0,0,0,0,0,0,112,252,252,245,79,0,0,0,0,0,0,0,0,0,0,0,0,0,0,0,0,0,0,0,0,0,0,43,246,252,252,178,0,0,0,0,0,0,0,0,0,0,0,0,0,0,0,0,0,0,0,0,0,0,3,170,253,253,190,0,0,0,0,0,0,0,0,0,0,0,0,0,0,0,0,0,0,0,0,0,0,0,24,252,252,252,137,0,0,0,0,0,0,0,0,0,0,0,0,0,0,0,0,0,0,0,0,0,0,0,24,252,252,227,48,0,0,0,0,0,0,0,0,0,0,0,0,0,0,0,0,0,0,0,0,0,0,0,15,219,252,160,0,0,0,0,0,0,0,0,0,0,0,0,0,0,0,0,0,0,0,0,0,0,0,0,0,36,168,108,0,0,0,0,0,0,0,0,0,0,0,0,0,0,0,0,0,0,0,0,0,0,0,0,0,0,0,0,0,0,0,0,0,0,0,0,0,0,0,0,0,0,0,0,0,0,0,0,0,0,0,0,0,0,0,0,0,0,0,0,0,0,0,0,0,0,0,0,0,0
7,0,0,0,0,0,0,0,0,0,0,0,0,0,0,0,0,0,0,0,0,0,0,0,0,0,0,0,0,0,0,0,0,0,0,0,0,0,0,0,0,0,0,0,0,0,0,0,0,0,0,0,0,0,0,0,0,0,0,0,0,0,0,0,0,0,0,0,0,0,0,0,0,0,0,0,0,0,0,0,0,0,0,0,0,0,0,0,0,0,0,0,0,0,0,0,0,0,0,0,0,0,0,0,0,0,0,0,0,0,0,0,0,0,0,0,0,0,0,0,0,0,0,0,0,0,0,0,0,0,0,0,0,0,0,0,0,0,0,0,0,0,0,0,0,0,0,0,0,0,0,0,0,0,0,0,0,0,0,0,0,0,0,0,0,0,0,0,0,0,0,0,0,0,0,0,0,0,0,0,0,0,0,0,0,0,0,0,0,0,0,0,0,0,0,0,0,0,0,20,121,162,95,129,162,204,187,188,254,255,187,104,57,0,0,0,0,0,0,0,0,0,0,0,0,0,0,104,254,254,254,254,254,254,254,254,254,254,254,254,250,181,30,0,0,0,0,0,0,0,0,0,0,0,0,13,114,222,172,231,197,146,114,46,63,138,205,231,252,254,161,0,0,0,0,0,0,0,0,0,0,0,0,0,0,0,0,0,0,0,0,0,0,0,0,0,197,254,229,0,0,0,0,0,0,0,0,0,0,0,0,0,0,0,0,0,0,0,0,0,0,0,0,0,139,254,254,0,0,0,0,0,0,0,0,0,0,0,0,0,0,0,0,0,0,0,0,0,0,0,0,0,139,254,254,0,0,0,0,0,0,0,0,0,0,0,0,0,0,0,0,0,0,0,0,0,0,0,0,0,139,254,211,0,0,0,0,0,0,0,0,0,0,0,0,0,0,0,0,0,0,0,0,0,0,0,0,0,139,254,161,0,0,0,0,0,0,0,0,0,0,0,0,0,0,0,0,0,0,0,0,0,0,32,70,129,213,254,221,104,70,64,0,0,0,0,0,0,0,0,0,0,0,0,0,0,0,0,0,13,181,241,254,254,254,254,254,254,254,243,38,0,0,0,0,0,0,0,0,0,0,0,0,0,0,0,0,64,239,230,230,231,252,254,254,255,241,213,13,0,0,0,0,0,0,0,0,0,0,0,0,0,0,0,0,0,26,0,0,0,164,254,220,69,32,0,0,0,0,0,0,0,0,0,0,0,0,0,0,0,0,0,0,0,0,0,0,0,139,254,161,0,0,0,0,0,0,0,0,0,0,0,0,0,0,0,0,0,0,0,0,0,0,0,0,0,139,254,161,0,0,0,0,0,0,0,0,0,0,0,0,0,0,0,0,0,0,0,0,0,0,0,0,0,139,254,161,0,0,0,0,0,0,0,0,0,0,0,0,0,0,0,0,0,0,0,0,0,0,0,0,0,172,254,161,0,0,0,0,0,0,0,0,0,0,0,0,0,0,0,0,0,0,0,0,0,0,0,0,0,232,255,161,0,0,0,0,0,0,0,0,0,0,0,0,0,0,0,0,0,0,0,0,0,0,0,0,115,252,254,144,0,0,0,0,0,0,0,0,0,0,0,0,0,0,0,0,0,0,0,0,0,0,0,0,162,254,251,63,0,0,0,0,0,0,0,0,0,0,0,0,0,0,0,0,0,0,0,0,0,0,0,0,70,245,197,0,0,0,0,0,0,0,0,0,0,0,0,0,0,0,0,0,0,0,0,0,0,0,0,0,0,0,0,0,0,0,0,0,0,0,0,0,0,0
0,0,0,0,0,0,0,0,0,0,0,0,0,0,0,0,0,0,0,0,0,0,0,0,0,0,0,0,0,0,0,0,0,0,0,0,0,0,0,0,0,0,0,0,0,0,0,0,0,0,0,0,0,0,0,0,0,0,0,0,0,0,0,0,0,0,0,0,0,0,0,0,0,0,0,0,0,0,0,0,0,0,0,0,0,0,0,0,0,0,0,0,0,0,0,0,0,0,0,0,0,0,0,0,0,0,0,0,0,0,0,0,0,0,0,0,0,0,0,0,0,0,0,0,0,0,0,11,183,139,139,192,139,118,7,0,0,0,0,0,0,0,0,0,0,0,0,0,0,0,0,0,0,0,0,0,59,210,253,253,254,253,142,0,0,0,0,0,0,0,0,0,0,0,0,0,0,0,0,0,0,0,0,39,70,204,253,253,223,253,235,34,0,0,0,0,0,0,0,0,0,0,0,0,0,0,0,0,0,0,0,234,253,228,119,46,36,220,253,88,0,0,0,0,0,0,0,0,0,0,0,0,0,0,0,0,0,85,231,254,179,48,0,0,0,57,253,245,21,0,0,0,0,0,0,0,0,0,0,0,0,0,0,5,192,254,244,158,0,0,0,0,0,47,254,254,23,0,0,0,0,0,0,0,0,0,0,0,0,0,5,137,253,236,60,0,0,0,0,0,0,47,253,253,23,0,0,0,0,0,0,0,0,0,0,0,0,0,87,253,171,44,0,0,0,0,0,0,0,47,253,253,23,0,0,0,0,0,0,0,0,0,0,0,0,96,254,236,44,0,0,0,0,0,0,0,0,47,253,177,4,0,0,0,0,0,0,0,0,0,0,0,43,231,244,60,0,0,0,0,0,0,0,0,0,47,253,109,0,0,0,0,0,0,0,0,0,0,0,7,213,254,106,0,0,0,0,0,0,0,0,0,0,163,254,46,0,0,0,0,0,0,0,0,0,0,9,156,253,158,0,0,0,0,0,0,0,0,0,0,26,178,241,37,0,0,0,0,0,0,0,0,0,0,79,253,154,6,0,0,0,0,0,0,0,0,0,0,170,241,133,0,0,0,0,0,0,0,0,0,0,62,237,253,46,0,0,0,0,0,0,0,0,0,0,137,254,207,0,0,0,0,0,0,0,0,0,0,0,139,253,137,4,0,0,0,0,0,0,0,0,32,158,251,180,19,0,0,0,0,0,0,0,0,0,0,0,87,254,69,0,0,0,0,0,0,0,13,45,170,254,180,53,0,0,0,0,0,0,0,0,0,0,0,0,139,253,155,9,0,0,0,0,17,100,213,253,253,121,8,0,0,0,0,0,0,0,0,0,0,0,0,0,139,253,253,155,70,81,132,185,210,253,255,188,69,13,0,0,0,0,0,0,0,0,0,0,0,0,0,0,97,253,253,253,253,254,253,253,253,169,99,17,0,0,0,0,0,0,0,0,0,0,0,0,0,0,0,0,3,97,222,253,253,254,179,107,23,2,0,0,0,0,0,0,0,0,0,0,0,0,0,0,0,0,0,0,0,0,0,0,0,0,0,0,0,0,0,0,0,0,0,0,0,0,0,0,0,0,0,0,0,0,0,0,0,0,0,0,0,0,0,0,0,0,0,0,0,0,0,0,0,0,0,0,0,0,0,0,0,0,0,0,0,0,0,0,0,0,0,0,0,0,0,0,0,0,0,0,0,0,0,0,0,0,0,0,0,0,0,0,0,0,0,0,0,0,0,0,0,0,0,0,0,0,0,0,0,0,0,0,0,0,0,0
7,0,0,0,0,0,0,0,0,0,0,0,0,0,0,0,0,0,0,0,0,0,0,0,0,0,0,0,0,0,0,0,0,0,0,0,0,0,0,0,0,0,0,0,0,0,0,0,0,0,0,0,0,0,0,0,0,0,0,0,0,0,0,0,0,0,0,0,0,0,0,0,0,0,0,0,0,0,0,0,0,0,0,0,0,0,0,0,0,0,0,0,0,0,0,0,0,0,0,0,0,0,0,0,0,0,0,0,0,0,0,0,0,0,0,0,0,0,0,0,0,0,0,0,0,0,0,0,0,0,0,0,0,0,0,0,0,0,0,0,0,0,0,0,0,0,0,0,0,0,0,0,0,0,0,0,0,0,0,0,0,0,0,0,0,0,0,0,0,0,0,0,0,0,0,0,0,0,0,0,0,0,0,0,0,0,0,0,0,0,0,0,0,0,0,0,0,0,0,0,0,0,0,0,0,0,0,0,0,0,15,148,253,253,131,11,0,0,0,0,0,0,0,0,0,0,0,0,0,0,0,0,0,0,8,85,173,191,211,252,252,252,253,170,7,0,0,0,0,0,0,0,0,0,0,0,0,2,22,110,145,232,234,252,252,250,240,178,126,179,253,252,74,0,0,0,0,0,0,0,0,0,0,0,0,119,252,252,253,252,226,210,189,70,35,0,0,106,253,252,100,0,0,0,0,0,0,0,0,0,0,0,0,232,226,147,86,42,24,14,0,0,0,0,0,194,253,182,4,0,0,0,0,0,0,0,0,0,0,0,0,98,35,0,0,0,0,0,0,0,0,0,0,212,255,168,0,0,0,0,0,0,0,0,0,0,0,0,0,0,0,0,0,0,0,0,0,0,0,0,0,211,253,168,0,0,0,0,0,0,0,0,0,0,0,0,0,0,0,0,0,0,0,0,0,0,0,0,32,232,253,168,0,0,0,0,0,0,0,0,0,0,0,0,0,0,0,0,0,0,0,0,0,0,0,0,134,252,253,141,0,0,0,0,0,0,0,0,0,0,0,0,0,0,0,0,0,0,0,0,0,0,0,9,204,252,253,63,0,0,0,0,0,0,0,0,0,0,0,0,0,0,0,0,0,0,0,0,0,0,0,22,253,253,212,0,0,0,0,0,0,0,0,0,0,0,0,0,0,0,0,0,0,0,0,0,0,0,0,6,189,252,211,0,0,0,0,0,0,0,0,0,0,0,0,0,0,0,0,0,0,0,0,0,0,0,0,20,246,252,158,0,0,0,0,0,0,0,0,0,0,0,0,0,0,0,0,0,0,0,0,0,0,0,0,48,252,252,106,0,0,0,0,0,0,0,0,0,0,0,0,0,0,0,0,0,0,0,0,0,0,0,0,127,252,208,18,0,0,0,0,0,0,0,0,0,0,0,0,0,0,0,0,0,0,0,0,0,0,0,0,189,253,147,0,0,0,0,0,0,0,0,0,0,0,0,0,0,0,0,0,0,0,0,0,0,0,0,0,232,252,147,0,0,0,0,0,0,0,0,0,0,0,0,0,0,0,0,0,0,0,0,0,0,0,0,43,242,252,94,0,0,0,0,0,0,0,0,0,0,0,0,0,0,0,0,0,0,0,0,0,0,0,0,155,252,210,14,0,0,0,0,0,0,0,0,0,0,0,0,0,0,0,0,0,0,0,0,0,0,0,0,67,244,101,0,0,0,0,0,0,0,0,0,0,0,0,0,0,0,0,0,0,0,0,0,0,0,0,0,0,0,0,0,0,0,0,0,0,0,0,0,0,0,0
9,0,0,0,0,0,0,0,0,0,0,0,0,0,0,0,0,0,0,0,0,0,0,0,0,0,0,0,0,0,0,0,0,0,0,0,0,0,0,0,0,0,0,0,0,0,0,0,0,0,0,0,0,0,0,0,0,0,0,0,0,0,0,0,0,0,0,0,0,0,0,0,0,0,0,0,0,0,0,0,0,0,0,0,0,0,0,0,0,0,0,0,0,0,0,0,0,0,0,0,0,0,0,0,0,0,0,0,0,0,0,0,0,0,0,0,0,0,0,0,0,0,0,0,0,0,0,0,0,0,0,0,0,0,0,0,0,0,0,0,0,0,0,0,0,0,0,0,0,0,0,0,0,0,0,0,0,0,0,0,0,0,0,0,0,0,0,0,0,0,0,0,0,0,0,0,0,0,0,0,0,0,0,0,0,0,0,0,0,0,0,0,0,0,0,0,0,0,0,0,0,0,0,0,0,0,39,149,234,255,254,254,178,36,0,0,0,0,0,0,0,0,0,0,0,0,0,0,0,0,0,0,6,123,252,254,236,191,148,195,252,198,0,0,0,0,0,0,0,0,0,0,0,0,0,0,0,0,0,0,110,254,253,130,15,0,0,0,175,246,0,0,0,0,0,0,0,0,0,0,0,0,0,0,0,0,0,25,238,254,127,0,0,0,0,0,157,250,72,12,0,0,0,0,0,0,0,0,0,0,0,0,0,0,0,49,254,207,3,0,0,0,0,35,206,254,254,150,0,0,0,0,0,0,0,0,0,0,0,0,0,0,0,4,201,254,156,0,0,35,132,245,254,207,254,221,0,0,0,0,0,0,0,0,0,0,0,0,0,0,0,0,89,254,224,165,165,208,254,251,100,90,254,221,0,0,0,0,0,0,0,0,0,0,0,0,0,0,0,0,19,148,248,254,254,202,115,33,0,95,254,223,4,0,0,0,0,0,0,0,0,0,0,0,0,0,0,0,0,0,42,64,64,14,0,0,0,169,254,229,13,0,0,0,0,0,0,0,0,0,0,0,0,0,0,0,0,0,0,0,0,0,0,0,0,169,254,221,0,0,0,0,0,0,0,0,0,0,0,0,0,0,0,0,0,0,0,0,0,0,0,0,0,169,254,205,0,0,0,0,0,0,0,0,0,0,0,0,0,0,0,0,0,0,0,0,0,0,0,0,0,169,254,140,0,0,0,0,0,0,0,0,0,0,0,0,0,0,0,0,0,0,0,0,0,0,0,0,0,246,254,65,0,0,0,0,0,0,0,0,0,0,0,0,0,0,0,0,0,0,0,0,0,0,0,0,0,225,254,115,0,0,0,0,0,0,0,0,0,0,0,0,0,0,0,0,0,0,0,0,0,0,0,0,0,250,254,140,0,0,0,0,0,0,0,0,0,0,0,0,0,0,0,0,0,0,0,0,0,0,0,0,35,252,254,79,0,0,0,0,0,0,0,0,0,0,0,0,0,0,0,0,0,0,0,0,0,0,0,0,77,254,250,50,0,0,0,0,0,0,0,0,0,0,0,0,0,0,0,0,0,0,0,0,0,0,0,0,77,254,215,0,0,0,0,0,0,0,0,0,0,0,0,0,0,0,0,0,0,0,0,0,0,0,0,0,125,254,152,0,0,0,0,0,0,0,0,0,0,0,0,0,0,0,0,0,0,0,0,0,0,0,0,0,107,145,30,0,0,0,0,0,0,0,0,0,0,0,0,0,0,0,0,0,0,0,0,0,0,0,0,0,0,0,0,0,0,0,0,0,0,0,0,0,0
4,0,0,0,0,0,0,0,0,0,0,0,0,0,0,0,0,0,0,0,0,0,0,0,0,0,0,0,0,0,0,0,0,0,0,0,0,0,0,0,0,0,0,0,0,0,0,0,0,0,0,0,0,0,0,0,0,0,0,0,0,0,0,0,0,0,0,0,0,0,0,0,0,0,0,0,0,0,0,0,0,0,0,0,0,0,0,0,0,0,0,0,0,0,0,0,0,0,0,0,0,0,0,0,0,0,0,0,0,0,0,0,0,0,0,0,0,0,0,0,0,0,0,0,0,0,0,0,0,0,0,0,0,0,0,0,0,0,0,0,0,0,0,0,0,0,0,0,0,0,0,0,0,0,0,168,254,125,0,0,0,0,0,0,0,0,0,0,0,0,0,0,0,0,0,0,0,0,0,0,29,128,28,176,253,231,51,0,0,0,0,0,0,0,0,0,0,0,0,0,0,0,0,0,0,0,0,48,239,252,180,158,253,252,126,0,0,0,0,0,0,0,0,0,0,0,0,0,0,0,0,0,0,0,0,148,252,252,119,211,253,252,126,0,0,0,0,0,0,0,0,0,0,0,0,0,0,0,0,0,0,0,0,192,252,235,14,211,253,252,170,0,0,0,0,0,0,0,0,0,0,0,0,0,0,0,0,0,0,0,107,254,253,214,0,212,254,253,144,0,0,0,0,0,0,0,0,0,0,0,0,0,0,0,0,0,0,0,185,253,224,40,0,131,253,252,196,0,0,0,0,0,0,0,0,0,0,0,0,0,0,0,0,0,0,68,249,253,159,0,0,115,253,252,180,48,39,18,0,0,0,0,0,0,0,0,0,0,0,0,0,0,0,169,252,253,63,6,64,221,253,252,252,252,252,239,113,0,0,0,0,0,0,0,0,0,0,0,0,0,18,239,252,253,186,206,252,252,253,252,252,252,164,129,28,0,0,0,0,0,0,0,0,0,0,0,0,0,0,152,253,254,253,253,253,253,255,253,21,0,0,0,0,0,0,0,0,0,0,0,0,0,0,0,0,0,0,16,150,218,224,168,189,252,253,189,5,0,0,0,0,0,0,0,0,0,0,0,0,0,0,0,0,0,0,0,0,12,14,0,64,252,253,168,0,0,0,0,0,0,0,0,0,0,0,0,0,0,0,0,0,0,0,0,0,0,0,6,155,252,253,168,0,0,0,0,0,0,0,0,0,0,0,0,0,0,0,0,0,0,0,0,0,0,0,22,252,252,253,168,0,0,0,0,0,0,0,0,0,0,0,0,0,0,0,0,0,0,0,0,0,0,0,22,253,253,255,168,0,0,0,0,0,0,0,0,0,0,0,0,0,0,0,0,0,0,0,0,0,0,0,22,252,252,253,168,0,0,0,0,0,0,0,0,0,0,0,0,0,0,0,0,0,0,0,0,0,0,0,22,252,252,253,116,0,0,0,0,0,0,0,0,0,0,0,0,0,0,0,0,0,0,0,0,0,0,0,7,154,242,253,63,0,0,0,0,0,0,0,0,0,0,0,0,0,0,0,0,0,0,0,0,0,0,0,0,0,124,191,37,0,0,0,0,0,0,0,0,0,0,0,0,0,0,0,0,0,0,0,0,0,0,0,0,0,0,0,0,0,0,0,0,0,0,0,0,0,0,0,0,0,0,0,0,0,0,0,0,0,0,0,0,0,0,0,0,0,0,0,0,0,0,0,0,0,0,0,0,0,0,0,0,0,0,0,0,0,0,0,0,0,0,0,0,0,0,0,0,0,0,0,0,0,0,0
4,0,0,0,0,0,0,0,0,0,0,0,0,0,0,0,0,0,0,0,0,0,0,0,0,0,0,0,0,0,0,0,0,0,0,0,0,0,0,0,0,0,0,0,0,0,0,0,0,0,0,0,0,0,0,0,0,0,0,0,0,0,0,0,0,0,0,0,0,0,0,0,0,0,0,0,0,0,0,0,0,0,0,0,0,0,0,0,0,0,0,0,0,0,0,0,0,0,0,0,0,0,0,0,0,0,0,0,0,0,0,0,0,0,0,0,0,0,0,0,0,0,0,0,0,0,0,0,0,0,0,0,0,0,0,0,0,0,0,0,0,0,0,0,0,0,0,0,0,0,51,193,163,0,0,0,0,0,0,41,41,0,0,0,0,0,0,0,0,0,0,0,0,0,0,0,0,0,233,252,223,20,0,0,0,0,82,243,203,0,0,0,0,0,0,0,0,0,0,0,0,0,0,0,0,82,254,253,183,20,0,0,0,0,152,253,183,0,0,0,0,0,0,0,0,0,0,0,0,0,0,0,0,203,253,130,0,0,0,0,0,0,193,252,61,0,0,0,0,0,0,0,0,0,0,0,0,0,0,0,52,253,203,0,0,0,0,0,0,0,254,192,0,0,0,0,0,0,0,0,0,0,0,0,0,0,0,0,92,252,122,0,0,0,0,0,0,82,253,151,0,0,0,0,0,0,0,0,0,0,0,0,0,0,0,21,214,253,0,0,0,0,0,0,0,102,254,151,0,0,0,0,0,0,0,0,0,0,0,0,0,0,0,142,253,212,0,0,0,0,0,82,123,223,253,151,0,0,0,0,0,0,0,0,0,0,0,0,0,0,0,203,254,172,132,132,152,152,214,253,254,253,254,151,0,0,0,0,0,0,0,0,0,0,0,0,0,0,0,203,253,252,253,252,253,252,253,171,91,252,253,151,0,0,0,0,0,0,0,0,0,0,0,0,0,0,0,41,123,203,102,102,102,61,0,0,152,253,254,172,0,0,0,0,0,0,0,0,0,0,0,0,0,0,0,0,0,0,0,0,0,0,0,0,233,252,253,252,0,0,0,0,0,0,0,0,0,0,0,0,0,0,0,0,0,0,0,0,0,0,0,21,254,253,254,253,0,0,0,0,0,0,0,0,0,0,0,0,0,0,0,0,0,0,0,0,0,0,0,102,253,171,253,212,0,0,0,0,0,0,0,0,0,0,0,0,0,0,0,0,0,0,0,0,0,0,0,203,254,192,254,151,0,0,0,0,0,0,0,0,0,0,0,0,0,0,0,0,0,0,0,0,0,0,0,203,253,192,253,151,0,0,0,0,0,0,0,0,0,0,0,0,0,0,0,0,0,0,0,0,0,0,0,82,255,253,255,233,0,0,0,0,0,0,0,0,0,0,0,0,0,0,0,0,0,0,0,0,0,0,0,0,253,252,253,151,0,0,0,0,0,0,0,0,0,0,0,0,0,0,0,0,0,0,0,0,0,0,0,0,234,253,244,40,0,0,0,0,0,0,0,0,0,0,0,0,0,0,0,0,0,0,0,0,0,0,0,0,92,232,122,0,0,0,0,0,0,0,0,0,0,0,0,0,0,0,0,0,0,0,0,0,0,0,0,0,0,0,0,0,0,0,0,0,0,0,0,0,0,0,0,0,0,0,0,0,0,0,0,0,0,0,0,0,0,0,0,0,0,0,0,0,0,0,0,0,0,0,0,0,0,0,0,0,0,0,0,0,0,0,0,0,0,0,0,0,0,0,0,0,0,0,0,0,0
8,0,0,0,0,0,0,0,0,0,0,0,0,0,0,0,0,0,0,0,0,0,0,0,0,0,0,0,0,0,0,0,0,0,0,0,0,0,0,0,0,0,0,0,0,0,0,0,0,0,0,0,0,0,0,0,0,0,0,0,0,0,0,0,0,0,0,0,0,0,0,0,0,0,0,0,0,0,0,0,0,0,0,0,0,0,0,0,0,0,0,0,0,0,0,0,0,0,0,0,0,0,0,0,0,0,0,0,0,0,0,0,0,0,0,0,0,0,0,0,0,0,0,0,0,0,0,0,0,0,0,0,0,0,0,0,0,0,0,0,0,0,0,0,0,0,0,0,0,0,16,223,199,17,23,214,255,254,255,144,14,0,0,0,0,0,0,0,0,0,0,0,0,0,0,0,0,0,27,253,253,168,110,253,253,253,253,253,181,10,0,0,0,0,0,0,0,0,0,0,0,0,0,0,0,0,23,242,253,251,88,177,177,130,217,251,253,126,0,0,0,0,0,0,0,0,0,0,0,0,0,0,0,0,0,176,253,253,118,0,0,0,0,162,253,163,0,0,0,0,0,0,0,0,0,0,0,0,0,0,0,0,0,74,250,253,241,11,0,0,10,232,253,179,0,0,0,0,0,0,0,0,0,0,0,0,0,0,0,0,0,0,122,253,253,98,0,12,178,253,253,100,0,0,0,0,0,0,0,0,0,0,0,0,0,0,0,0,0,0,15,248,253,214,78,184,253,253,136,3,0,0,0,0,0,0,0,0,0,0,0,0,0,0,0,0,0,0,0,140,253,253,253,253,253,139,25,0,0,0,0,0,0,0,0,0,0,0,0,0,0,0,0,0,0,0,0,65,253,253,253,233,109,3,0,0,0,0,0,0,0,0,0,0,0,0,0,0,0,0,0,0,0,0,31,220,253,253,253,87,0,0,0,0,0,0,0,0,0,0,0,0,0,0,0,0,0,0,0,0,0,59,226,253,253,253,253,88,0,0,0,0,0,0,0,0,0,0,0,0,0,0,0,0,0,0,0,0,103,250,253,253,218,237,253,210,0,0,0,0,0,0,0,0,0,0,0,0,0,0,0,0,0,0,0,30,241,253,253,232,27,156,253,226,22,0,0,0,0,0,0,0,0,0,0,0,0,0,0,0,0,0,0,84,253,253,245,47,0,59,253,253,75,0,0,0,0,0,0,0,0,0,0,0,0,0,0,0,0,0,0,84,253,253,163,0,0,15,217,253,165,0,0,0,0,0,0,0,0,0,0,0,0,0,0,0,0,0,0,43,244,253,49,0,0,0,202,253,172,2,0,0,0,0,0,0,0,0,0,0,0,0,0,0,0,0,0,0,234,253,208,24,0,63,237,253,230,11,0,0,0,0,0,0,0,0,0,0,0,0,0,0,0,0,0,0,140,253,253,230,218,240,253,253,165,0,0,0,0,0,0,0,0,0,0,0,0,0,0,0,0,0,0,0,10,123,247,253,253,253,253,244,86,0,0,0,0,0,0,0,0,0,0,0,0,0,0,0,0,0,0,0,0,0,41,115,149,213,170,83,0,0,0,0,0,0,0,0,0,0,0,0,0,0,0,0,0,0,0,0,0,0,0,0,0,0,0,0,0,0,0,0,0,0,0,0,0,0,0,0,0,0,0,0,0,0,0,0,0,0,0,0,0,0,0,0,0,0,0,0,0,0,0,0,0,0,0,0,0,0,0,0,0,0,0,0,0,0,0,0,0,0,0,0,0,0,0,0,0,0,0,0,0,0,0
5,0,0,0,0,0,0,0,0,0,0,0,0,0,0,0,0,0,0,0,0,0,0,0,0,0,0,0,0,0,0,0,0,0,0,0,0,0,0,0,0,0,0,0,0,0,0,0,0,0,0,0,0,0,0,0,0,0,0,0,0,0,0,0,0,0,0,0,0,0,0,0,0,0,0,0,0,0,0,0,0,0,0,0,0,0,0,0,0,0,0,0,0,0,0,0,0,0,0,0,0,0,0,0,0,0,0,0,0,0,0,0,0,0,0,0,0,0,0,0,0,0,0,0,0,0,0,0,0,0,0,0,0,0,0,0,0,0,0,0,0,0,0,0,0,0,0,0,0,0,0,0,64,255,128,0,0,0,0,0,0,0,0,0,0,0,0,0,0,0,0,0,0,0,0,0,0,0,128,128,255,255,255,128,0,0,0,0,0,0,0,0,0,0,0,0,0,0,0,0,0,0,0,0,0,128,255,255,255,255,255,255,255,191,128,128,255,255,128,0,0,0,0,0,0,0,0,0,0,0,0,0,0,128,255,255,255,255,255,255,255,255,255,255,255,255,255,255,191,64,0,0,0,0,0,0,0,0,0,0,0,0,255,255,255,255,255,255,255,255,255,255,255,255,255,255,255,255,0,0,0,0,0,0,0,0,0,0,0,0,128,255,255,191,64,128,128,128,191,255,255,255,255,255,255,191,0,0,0,0,0,0,0,0,0,0,0,0,255,255,255,64,0,0,0,0,0,64,64,0,0,0,0,0,0,0,0,0,0,0,0,0,0,0,0,0,255,255,255,0,0,0,0,0,0,0,0,0,0,0,0,0,0,0,0,0,0,0,0,0,0,0,0,0,255,255,255,0,0,0,0,0,0,0,0,0,0,0,0,0,0,0,0,0,0,0,0,0,0,0,0,0,255,255,255,255,255,128,128,128,0,0,0,0,0,0,0,0,0,0,0,0,0,0,0,0,0,0,0,0,255,255,255,255,255,255,255,255,191,0,0,0,0,0,0,0,0,0,0,0,0,0,0,0,0,0,0,0,128,255,255,255,255,255,255,255,255,191,0,0,0,0,0,0,0,0,0,0,0,0,0,0,0,0,0,0,0,0,0,0,0,0,191,255,255,255,128,0,0,0,0,0,0,0,0,0,0,0,0,0,0,0,0,0,0,0,0,0,0,0,0,191,255,255,128,0,0,0,0,0,0,0,0,0,0,0,0,0,0,0,0,0,0,0,0,0,0,0,64,255,255,255,64,0,0,0,0,0,0,0,0,0,0,0,0,0,0,191,255,64,0,0,0,0,64,128,255,255,255,191,0,0,0,0,0,0,0,0,0,0,0,0,0,0,191,255,255,255,128,128,128,255,255,255,255,255,255,0,0,0,0,0,0,0,0,0,0,0,0,0,0,0,255,255,255,255,255,255,255,255,255,255,255,128,0,0,0,0,0,0,0,0,0,0,0,0,0,0,0,0,191,255,255,255,255,255,255,255,191,128,0,0,0,0,0,0,0,0,0,0,0,0,0,0,0,0,0,0,0,128,128,128,64,0,0,0,0,0,0,0,0,0,0,0,0,0,0,0,0,0,0,0,0,0,0,0,0,0,0,0,0,0,0,0,0,0,0,0,0,0,0,0,0,0,0,0,0,0,0,0,0,0,0,0,0,0,0,0,0,0,0,0,0,0,0,0,0,0,0,0,0,0,0,0,0,0,0,0,0,0,0,0,0,0,0,0,0,0,0,0,0,0,0,0,0,0,0,0,0,0,0,0,0,0,0
5,0,0,0,0,0,0,0,0,0,0,0,0,0,0,0,0,0,0,0,0,0,0,0,0,0,0,0,0,0,0,0,0,0,0,0,0,0,0,0,0,0,0,0,0,0,0,0,0,0,0,0,0,0,0,0,0,0,0,0,0,0,0,0,0,0,0,0,0,0,0,0,0,0,0,0,0,0,0,0,0,0,0,0,0,0,0,0,0,0,0,0,0,0,0,0,0,0,0,0,0,0,0,0,0,0,0,0,0,0,0,0,0,0,0,0,0,0,0,0,0,0,0,0,0,0,0,0,0,0,0,0,0,0,0,0,0,0,0,0,0,0,0,0,0,0,0,0,0,0,0,0,0,0,0,0,0,0,0,0,0,0,0,0,0,0,0,0,0,0,0,0,0,0,0,0,0,0,0,0,0,0,15,0,0,0,0,15,88,174,226,226,226,191,0,0,0,0,0,0,0,0,0,0,0,0,0,47,170,198,219,198,105,138,177,219,250,254,254,254,254,250,0,0,0,0,0,0,0,0,0,0,0,0,43,190,254,254,254,254,254,254,254,254,183,178,178,157,85,53,0,0,0,0,0,0,0,0,0,0,79,236,246,254,254,254,254,218,113,29,18,18,2,0,0,0,0,0,0,0,0,0,0,0,0,0,0,0,191,254,254,254,254,207,47,12,0,0,0,0,0,0,0,0,0,0,0,0,0,0,0,0,0,0,0,0,73,254,254,254,254,216,85,22,0,0,0,0,0,0,0,0,0,0,0,0,0,0,0,0,0,0,0,0,1,44,79,243,254,254,254,247,246,245,245,217,99,11,0,0,0,0,0,0,0,0,0,0,0,0,0,0,0,0,0,115,225,253,254,254,254,254,254,254,254,137,0,0,0,0,0,0,0,0,0,0,0,0,0,0,0,0,0,0,0,63,66,66,66,66,69,222,254,249,56,0,0,0,0,0,0,0,0,0,0,0,0,0,0,0,0,0,0,0,0,0,0,0,0,29,243,254,169,0,0,0,0,0,0,0,0,0,0,0,0,0,0,0,0,0,0,0,0,0,0,0,0,0,236,254,169,0,0,0,0,0,0,0,0,0,0,0,0,0,1,4,0,0,0,0,0,0,0,0,0,35,243,254,169,0,0,0,0,0,0,0,0,0,0,0,20,159,173,197,169,60,0,0,0,0,0,0,0,169,254,248,84,0,0,0,0,0,0,0,0,0,0,0,153,254,254,254,254,193,0,0,0,0,0,8,159,248,254,147,0,0,0,0,0,0,0,0,0,0,0,0,223,254,254,254,254,249,56,0,0,0,44,204,254,254,225,43,0,0,0,0,0,0,0,0,0,0,0,0,44,244,254,254,254,248,147,86,155,155,255,254,254,254,81,0,0,0,0,0,0,0,0,0,0,0,0,0,0,92,178,254,254,254,254,254,254,254,254,224,124,40,1,0,0,0,0,0,0,0,0,0,0,0,0,0,0,0,2,37,90,55,69,131,141,155,131,28,0,0,0,0,0,0,0,0,0,0,0,0,0,0,0,0,0,0,0,0,0,0,0,0,0,0,0,0,0,0,0,0,0,0,0,0,0,0,0,0,0,0,0,0,0,0,0,0,0,0,0,0,0,0,0,0,0,0,0,0,0,0,0,0,0,0,0,0,0,0,0,0,0,0,0,0,0,0,0,0,0,0,0,0,0,0,0,0,0,0,0,0,0,0,0,0,0,0,0,0,0,0,0,0,0,0,0,0,0,0,0,0,0,0,0,0,0,0,0,0,0,0,0
4,0,0,0,0,0,0,0,0,0,0,0,0,0,0,0,0,0,0,0,0,0,0,0,0,0,0,0,0,0,0,0,0,0,0,0,0,0,0,0,0,0,0,0,0,0,0,0,0,0,0,0,0,0,0,0,0,0,0,0,0,0,0,0,0,0,0,0,0,0,0,0,0,0,0,0,0,0,0,0,0,0,0,0,0,0,0,0,0,0,0,0,0,0,0,0,0,0,0,0,0,0,0,0,0,0,0,0,0,0,0,0,0,0,0,0,0,0,0,0,0,0,0,0,0,0,0,0,0,0,0,0,0,0,0,0,0,0,0,0,0,0,0,0,0,0,0,0,0,0,0,0,0,0,0,61,255,242,43,0,0,0,0,0,0,0,0,0,0,0,0,0,0,0,0,0,0,0,0,0,0,0,0,226,253,253,72,0,0,0,0,0,0,0,0,0,0,0,0,0,0,0,0,0,0,0,0,0,0,0,55,252,253,253,129,0,0,0,0,0,0,0,0,0,0,0,0,0,0,0,0,0,0,0,0,0,0,18,192,253,253,253,175,0,0,0,0,0,0,0,0,0,0,0,0,0,0,0,0,0,0,0,0,0,14,198,253,253,200,253,247,120,0,0,0,0,0,0,0,0,0,0,0,0,0,0,0,0,0,0,0,18,193,253,253,123,108,253,253,129,0,0,0,0,0,0,0,0,0,0,0,0,0,0,0,0,0,0,0,112,253,244,115,1,47,247,253,129,0,0,0,0,0,0,0,0,0,0,0,0,0,0,0,0,0,0,36,223,253,98,0,0,0,239,253,129,0,0,0,0,0,0,0,0,0,0,0,0,0,0,0,0,0,34,220,253,202,16,0,0,0,239,253,129,0,0,0,0,0,0,0,0,0,0,0,0,0,0,0,0,38,224,253,228,68,42,0,0,19,242,253,129,0,0,0,0,0,0,0,0,0,0,0,0,0,0,0,33,220,253,253,253,253,243,202,202,220,253,253,169,0,0,0,0,0,0,0,0,0,0,0,0,0,0,0,70,250,253,253,253,253,253,253,253,253,253,253,233,0,0,0,0,0,0,0,0,0,0,0,0,0,0,0,0,110,165,207,232,165,144,102,165,196,253,253,233,0,0,0,0,0,0,0,0,0,0,0,0,0,0,0,0,0,0,7,11,0,0,0,0,89,253,253,123,0,0,0,0,0,0,0,0,0,0,0,0,0,0,0,0,0,0,0,0,0,0,0,0,89,253,253,57,0,0,0,0,0,0,0,0,0,0,0,0,0,0,0,0,0,0,0,0,0,0,0,0,89,253,253,129,0,0,0,0,0,0,0,0,0,0,0,0,0,0,0,0,0,0,0,0,0,0,0,0,89,253,253,156,0,0,0,0,0,0,0,0,0,0,0,0,0,0,0,0,0,0,0,0,0,0,0,0,89,253,253,233,0,0,0,0,0,0,0,0,0,0,0,0,0,0,0,0,0,0,0,0,0,0,0,0,69,250,253,209,0,0,0,0,0,0,0,0,0,0,0,0,0,0,0,0,0,0,0,0,0,0,0,0,0,196,147,66,0,0,0,0,0,0,0,0,0,0,0,0,0,0,0,0,0,0,0,0,0,0,0,0,0,0,0,0,0,0,0,0,0,0,0,0,0,0,0,0,0,0,0,0,0,0,0,0,0,0,0,0,0,0,0,0,0,0,0,0,0,0,0,0,0,0,0,0,0,0,0,0,0,0,0,0,0,0,0,0,0,0,0,0,0,0,0,0,0,0,0,0,0
0,0,0,0,0,0,0,0,0,0,0,0,0,0,0,0,0,0,0,0,0,0,0,0,0,0,0,0,0,0,0,0,0,0,0,0,0,0,0,0,0,0,0,0,0,0,0,0,0,0,0,0,0,0,0,0,0,0,0,0,0,0,0,0,0,0,0,0,0,0,0,0,0,0,0,0,0,0,0,0,0,0,0,0,0,0,0,0,0,0,0,0,0,0,0,0,0,0,0,0,0,0,0,0,0,0,0,0,0,0,0,0,0,0,0,0,0,0,0,0,0,0,0,0,0,0,0,0,0,0,0,0,0,0,0,0,0,0,0,0,0,0,0,0,0,0,0,0,0,0,0,0,47,155,253,254,254,254,227,62,0,0,0,0,0,0,0,0,0,0,0,0,0,0,0,0,0,0,2,77,234,253,252,244,253,245,246,249,108,1,0,0,0,0,0,0,0,0,0,0,0,0,0,0,0,0,95,253,253,253,75,2,192,39,25,183,253,45,0,0,0,0,0,0,0,0,0,0,0,0,0,0,0,6,179,247,249,120,1,0,61,6,0,24,248,169,6,0,0,0,0,0,0,0,0,0,0,0,0,0,6,167,245,80,170,0,0,0,0,0,0,0,112,253,64,0,0,0,0,0,0,0,0,0,0,0,0,0,123,253,122,0,10,0,0,0,0,0,0,0,8,236,165,2,0,0,0,0,0,0,0,0,0,0,0,22,231,199,7,0,0,0,0,0,0,0,0,0,0,201,253,9,0,0,0,0,0,0,0,0,0,0,0,159,250,73,0,0,0,0,0,0,0,0,0,0,0,120,253,104,0,0,0,0,0,0,0,0,0,0,4,198,196,0,0,0,0,0,0,0,0,0,0,0,0,22,230,109,0,0,0,0,0,0,0,0,0,0,11,253,115,0,0,0,0,0,0,0,0,0,0,0,0,0,189,109,0,0,0,0,0,0,0,0,0,0,52,253,34,0,0,0,0,0,0,0,0,0,0,0,0,1,191,109,0,0,0,0,0,0,0,0,0,0,111,253,35,0,0,0,0,0,0,0,0,0,0,0,0,35,253,109,0,0,0,0,0,0,0,0,0,0,110,253,34,0,0,0,0,0,0,0,0,0,0,0,0,81,253,104,0,0,0,0,0,0,0,0,0,0,44,253,34,0,0,0,0,0,0,0,0,0,0,0,0,162,229,7,0,0,0,0,0,0,0,0,0,0,11,253,84,0,0,0,0,0,0,0,0,0,0,0,8,236,154,0,0,0,0,0,0,0,0,0,0,0,7,225,211,25,0,0,0,0,0,0,0,0,0,8,174,242,44,0,0,0,0,0,0,0,0,0,0,0,0,64,249,211,27,0,0,0,0,0,0,0,0,92,242,71,0,0,0,0,0,0,0,0,0,0,0,0,0,0,110,253,209,60,0,0,0,0,22,96,189,237,73,0,0,0,0,0,0,0,0,0,0,0,0,0,0,0,1,78,222,250,244,168,145,146,247,253,196,59,0,0,0,0,0,0,0,0,0,0,0,0,0,0,0,0,0,0,28,54,148,153,193,153,153,70,18,0,0,0,0,0,0,0,0,0,0,0,0,0,0,0,0,0,0,0,0,0,0,0,0,0,0,0,0,0,0,0,0,0,0,0,0,0,0,0,0,0,0,0,0,0,0,0,0,0,0,0,0,0,0,0,0,0,0,0,0,0,0,0,0,0,0,0,0,0,0,0,0,0,0,0,0,0,0,0,0,0,0,0,0,0,0,0,0,0,0,0,0,0,0
8,0,0,0,0,0,0,0,0,0,0,0,0,0,0,0,0,0,0,0,0,0,0,0,0,0,0,0,0,0,0,0,0,0,0,0,0,0,0,0,0,0,0,0,0,0,0,0,0,0,0,0,0,0,0,0,0,0,0,0,0,0,0,0,0,0,0,0,0,0,0,0,0,0,0,0,0,0,0,0,0,0,0,0,0,0,0,0,0,0,0,0,0,0,0,0,0,0,0,0,0,0,0,0,0,0,0,0,0,0,0,0,0,0,0,0,0,0,0,0,0,0,0,0,0,0,0,0,0,0,0,0,0,0,0,0,0,0,0,0,0,0,0,0,0,0,0,0,0,0,0,0,26,112,196,254,255,254,185,52,0,0,0,0,0,0,0,0,0,0,0,0,0,0,0,0,0,19,99,115,240,215,154,128,74,131,222,233,25,0,0,0,0,0,0,0,0,0,0,0,0,0,0,0,19,217,253,216,87,0,0,0,0,0,73,253,130,0,0,0,0,0,0,0,0,0,0,0,0,0,0,0,99,253,173,9,0,0,0,0,0,0,9,216,130,0,0,0,0,0,0,0,0,0,0,0,0,0,0,0,188,253,49,0,0,0,0,0,0,0,91,253,130,0,0,0,0,0,0,0,0,0,0,0,0,0,0,0,188,253,49,0,0,0,0,0,0,67,209,231,79,0,0,0,0,0,0,0,0,0,0,0,0,0,0,0,99,253,174,28,0,0,0,38,169,244,221,63,0,0,0,0,0,0,0,0,0,0,0,0,0,0,0,0,19,217,253,241,211,195,229,244,252,155,35,0,0,0,0,0,0,0,0,0,0,0,0,0,0,0,0,0,0,18,137,193,253,253,231,100,124,155,88,0,0,0,0,0,0,0,0,0,0,0,0,0,0,0,0,0,0,0,0,50,253,205,69,0,6,122,205,208,111,0,0,0,0,0,0,0,0,0,0,0,0,0,0,0,0,0,15,228,233,42,0,0,0,0,0,48,234,195,15,0,0,0,0,0,0,0,0,0,0,0,0,0,0,0,105,253,132,0,0,0,0,0,0,0,89,250,145,0,0,0,0,0,0,0,0,0,0,0,0,0,0,14,225,216,9,0,0,0,0,0,0,0,0,178,238,53,0,0,0,0,0,0,0,0,0,0,0,0,0,29,247,140,0,0,0,0,0,0,0,0,0,88,249,117,0,0,0,0,0,0,0,0,0,0,0,0,0,27,244,123,0,0,0,0,0,0,0,0,0,0,221,187,0,0,0,0,0,0,0,0,0,0,0,0,0,102,253,123,0,0,0,0,0,0,0,0,0,42,248,171,0,0,0,0,0,0,0,0,0,0,0,0,0,70,253,140,0,0,0,0,0,0,0,0,60,214,221,22,0,0,0,0,0,0,0,0,0,0,0,0,0,25,240,248,113,7,0,0,0,5,74,184,248,203,56,0,0,0,0,0,0,0,0,0,0,0,0,0,0,0,66,241,253,218,155,155,212,238,253,219,139,21,0,0,0,0,0,0,0,0,0,0,0,0,0,0,0,0,0,23,161,219,253,253,198,113,82,5,0,0,0,0,0,0,0,0,0,0,0,0,0,0,0,0,0,0,0,0,0,0,0,0,0,0,0,0,0,0,0,0,0,0,0,0,0,0,0,0,0,0,0,0,0,0,0,0,0,0,0,0,0,0,0,0,0,0,0,0,0,0,0,0,0,0,0,0,0,0,0,0,0,0,0,0,0,0,0,0,0,0,0,0,0,0,0,0,0,0,0,0,0
2,0,0,0,0,0,0,0,0,0,0,0,0,0,0,0,0,0,0,0,0,0,0,0,0,0,0,0,0,0,0,0,0,0,0,0,0,0,0,0,0,0,0,0,0,0,0,0,0,0,0,0,0,0,0,0,0,0,0,0,0,0,0,0,0,0,0,0,0,0,0,0,0,0,0,0,0,0,0,0,0,0,0,0,0,0,0,0,0,0,0,0,0,0,0,0,0,0,0,0,0,0,0,0,0,0,0,0,0,0,0,0,0,0,0,0,0,0,0,0,0,0,0,0,0,0,0,0,0,0,0,0,0,0,0,0,0,0,0,0,0,0,0,0,0,0,0,0,0,0,0,0,5,7,0,0,0,0,0,0,0,0,0,0,0,0,0,0,0,0,0,0,0,0,0,30,78,161,161,110,178,186,161,161,151,47,47,47,47,0,0,0,0,0,0,0,0,0,0,0,0,0,185,228,252,252,252,253,252,252,252,252,253,252,252,252,252,174,25,0,0,0,0,0,0,0,0,0,0,0,253,252,252,252,252,253,235,160,236,210,161,219,252,252,252,253,202,25,0,0,0,0,0,0,0,0,0,0,148,252,168,96,22,23,18,0,19,12,0,15,54,179,252,253,252,69,0,0,0,0,0,0,0,0,0,0,0,0,0,0,0,0,0,0,0,0,0,0,7,108,253,255,249,63,0,0,0,0,0,0,0,0,0,0,0,0,0,0,0,0,0,0,0,0,0,9,155,252,252,253,185,0,0,0,0,0,0,0,0,0,0,0,0,0,0,0,0,0,0,0,0,0,7,155,252,252,252,247,67,0,0,0,0,0,0,0,0,0,0,0,0,0,0,0,0,0,0,0,0,0,212,252,252,252,252,94,0,0,0,0,0,0,0,0,0,0,0,0,0,0,0,0,0,0,0,0,95,168,253,252,252,210,32,0,0,0,0,0,0,0,0,0,0,0,0,0,0,0,0,0,0,0,36,170,253,253,255,253,205,74,0,0,0,0,0,0,0,0,0,0,0,0,0,0,0,0,0,0,0,110,219,252,252,252,228,132,25,0,0,0,0,0,0,0,0,0,0,0,0,0,0,0,0,0,0,0,116,253,252,252,252,252,32,0,0,0,0,0,0,0,0,0,0,0,0,0,0,0,0,0,0,0,26,134,248,253,252,252,218,56,0,0,0,0,0,9,166,207,207,155,0,0,0,0,0,0,0,0,0,0,70,252,252,253,252,136,14,0,0,22,116,157,230,233,252,252,210,32,0,0,0,0,0,0,0,0,0,0,70,253,253,255,232,138,138,243,255,253,253,253,253,242,230,167,0,0,0,0,0,0,0,0,0,0,0,0,57,244,252,253,252,252,252,252,253,252,252,235,153,42,0,0,0,0,0,0,0,0,0,0,0,0,0,0,0,56,205,253,252,252,252,252,247,215,151,44,0,0,0,0,0,0,0,0,0,0,0,0,0,0,0,0,0,0,21,46,67,77,139,56,42,21,0,0,0,0,0,0,0,0,0,0,0,0,0,0,0,0,0,0,0,0,0,0,0,0,0,0,0,0,0,0,0,0,0,0,0,0,0,0,0,0,0,0,0,0,0,0,0,0,0,0,0,0,0,0,0,0,0,0,0,0,0,0,0,0,0,0,0,0,0,0,0,0,0,0,0,0,0,0,0,0,0,0,0,0,0,0,0,0,0,0,0,0,0,0,0,0,0,0,0,0,0,0,0,0,0,0,0,0,0,0,0,0,0,0,0,0,0,0,0,0,0,0,0
1,0,0,0,0,0,0,0,0,0,0,0,0,0,0,0,0,0,0,0,0,0,0,0,0,0,0,0,0,0,0,0,0,0,0,0,0,0,0,0,0,0,0,0,0,0,0,0,0,0,0,0,0,0,0,0,0,0,0,0,0,0,0,0,0,0,0,0,0,0,0,0,0,0,0,0,0,0,0,0,0,0,0,0,0,0,0,0,0,0,0,0,0,0,0,0,0,0,0,0,0,0,0,0,0,0,0,0,0,0,0,0,0,0,0,0,0,0,0,0,0,0,0,0,0,0,0,0,0,0,0,0,0,0,0,0,0,0,0,0,0,0,0,0,0,0,0,0,0,0,0,0,0,0,0,0,0,0,0,0,0,0,0,0,0,0,0,0,0,0,0,0,0,0,0,0,0,0,0,0,0,0,53,99,247,176,35,0,0,0,0,0,0,0,0,0,0,0,0,0,0,0,0,0,0,0,0,0,41,151,248,234,253,253,54,0,0,0,0,0,0,0,0,0,0,0,0,0,0,0,0,0,0,0,0,47,235,231,127,34,240,253,54,0,0,0,0,0,0,0,0,0,0,0,0,0,0,0,0,0,0,0,0,32,67,31,0,183,253,231,31,0,0,0,0,0,0,0,0,0,0,0,0,0,0,0,0,0,0,0,0,0,0,0,0,254,253,127,0,0,0,0,0,0,0,0,0,0,0,0,0,0,0,0,0,0,0,0,0,0,0,0,59,255,238,26,0,0,0,0,0,0,0,0,0,0,0,0,0,0,0,0,0,0,0,0,0,0,0,4,190,254,179,0,0,0,0,0,0,0,0,0,0,0,0,0,0,0,0,0,0,0,0,0,0,0,0,19,253,254,95,0,0,0,0,0,0,0,0,0,0,0,0,0,0,0,0,0,0,0,0,0,0,0,0,58,253,254,18,0,0,0,0,0,0,0,0,0,0,0,0,0,0,0,0,0,0,0,0,0,0,0,0,109,253,254,18,0,0,0,0,0,0,0,0,0,0,0,0,0,0,0,0,0,0,0,0,0,0,0,0,135,254,234,13,0,0,0,0,0,0,0,0,0,0,0,0,0,0,0,0,0,0,0,0,0,0,0,34,249,253,97,0,0,0,0,0,0,0,0,0,0,0,0,0,0,0,0,0,0,0,0,0,0,0,0,32,245,253,26,0,0,0,0,0,0,0,0,0,0,0,0,0,0,0,0,0,0,0,0,0,0,0,0,16,222,253,20,0,0,0,0,0,0,0,0,0,0,0,0,0,0,0,0,0,0,0,0,0,0,0,0,24,233,253,0,0,0,0,0,0,0,0,0,0,0,0,0,0,0,0,0,0,0,0,0,0,0,0,0,37,254,254,0,0,0,0,0,0,0,0,0,0,0,0,0,0,0,0,0,0,0,0,0,0,0,0,0,16,222,253,20,0,0,0,0,0,0,0,0,0,0,0,0,0,0,0,0,0,0,0,0,0,0,0,0,0,109,253,136,0,0,0,0,0,0,0,0,0,0,0,0,0,0,0,0,0,0,0,0,0,0,0,0,0,19,253,181,0,0,0,0,0,0,0,0,0,0,0,0,0,0,0,0,0,0,0,0,0,0,0,0,0,6,169,207,7,0,0,0,0,0,0,0,0,0,0,0,0,0,0,0,0,0,0,0,0,0,0,0,0,0,0,0,0,0,0,0,0,0,0,0,0,0,0,0,0,0,0,0,0,0,0,0,0,0,0,0,0,0,0,0,0,0,0,0,0,0,0,0,0,0,0,0,0
0,0,0,0,0,0,0,0,0,0,0,0,0,0,0,0,0,0,0,0,0,0,0,0,0,0,0,0,0,0,0,0,0,0,0,0,0,0,0,0,0,0,0,0,0,0,0,0,0,0,0,0,0,0,0,0,0,0,0,0,0,0,0,0,0,0,0,0,0,0,0,0,0,0,0,0,0,0,0,0,0,0,0,0,0,0,0,0,0,0,0,0,0,0,0,0,0,0,0,0,0,0,0,0,0,0,0,0,0,0,0,0,0,0,0,0,0,0,0,0,0,0,0,0,0,0,0,0,0,0,0,0,0,0,0,0,0,0,0,0,0,0,0,0,0,0,0,0,0,0,0,0,0,0,0,0,0,0,0,0,0,0,0,0,0,0,0,0,0,0,0,0,0,0,0,0,0,0,0,0,0,0,0,0,0,0,0,0,0,0,0,0,0,0,0,0,0,0,0,0,0,0,0,0,0,84,197,118,171,197,48,13,0,0,0,0,0,0,0,0,0,0,0,0,0,0,0,0,0,0,0,0,0,107,253,253,253,253,253,98,0,0,0,0,0,0,0,0,0,0,0,0,0,0,0,0,0,0,0,0,0,17,206,253,253,253,253,228,6,0,0,0,0,0,0,0,0,0,0,0,0,0,0,0,0,0,0,0,10,139,228,253,253,253,253,253,98,0,0,0,0,0,0,0,0,0,0,0,0,0,0,0,0,0,0,24,184,253,253,253,253,253,253,253,245,224,66,60,0,0,0,0,0,0,0,0,0,0,0,0,0,0,0,91,253,253,233,98,98,98,98,98,249,253,253,243,156,30,0,0,0,0,0,0,0,0,0,0,0,0,0,143,253,218,43,0,0,0,0,0,7,119,203,253,253,248,246,209,83,5,0,0,0,0,0,0,0,0,0,255,253,146,0,0,0,0,0,0,0,0,32,81,81,215,253,253,253,177,66,0,0,0,0,0,0,0,0,254,253,146,0,0,0,0,0,0,0,0,0,0,0,26,154,241,253,253,253,0,0,0,0,0,0,0,0,132,253,226,58,0,0,0,0,0,0,0,0,0,0,0,13,225,253,253,253,0,0,0,0,0,0,0,0,50,220,253,235,116,93,0,0,0,0,0,0,12,116,116,186,253,253,253,178,0,0,0,0,0,0,0,0,0,45,212,244,253,244,205,205,205,205,205,205,210,253,253,253,217,212,58,17,0,0,0,0,0,0,0,0,0,0,0,95,185,253,253,253,253,253,253,253,253,253,146,122,16,0,0,0,0,0,0,0,0,0,0,0,0,0,0,0,16,32,32,32,32,32,138,32,32,32,6,0,0,0,0,0,0,0,0,0,0,0,0,0,0,0,0,0,0,0,0,0,0,0,0,0,0,0,0,0,0,0,0,0,0,0,0,0,0,0,0,0,0,0,0,0,0,0,0,0,0,0,0,0,0,0,0,0,0,0,0,0,0,0,0,0,0,0,0,0,0,0,0,0,0,0,0,0,0,0,0,0,0,0,0,0,0,0,0,0,0,0,0,0,0,0,0,0,0,0,0,0,0,0,0,0,0,0,0,0,0,0,0,0,0,0,0,0,0,0,0,0,0,0,0,0,0,0,0,0,0,0,0,0,0,0,0,0,0,0,0,0,0,0,0,0,0,0,0,0,0,0,0,0,0,0,0,0,0,0,0,0,0,0,0,0,0,0,0,0,0,0,0,0,0,0,0,0,0,0,0,0,0,0,0,0,0,0,0,0,0,0,0,0,0,0,0,0,0,0,0,0,0,0
8,0,0,0,0,0,0,0,0,0,0,0,0,0,0,0,0,0,0,0,0,0,0,0,0,0,0,0,0,0,0,0,0,0,0,0,0,0,0,0,0,0,0,0,0,0,0,0,0,0,0,0,0,0,0,0,0,0,0,0,0,0,0,0,0,0,0,0,0,0,0,0,0,0,0,0,0,0,0,0,0,0,0,0,0,0,0,0,0,0,0,0,0,0,0,0,0,0,0,0,0,0,0,0,0,0,0,0,0,0,0,0,0,0,0,0,0,0,0,0,0,0,0,0,0,0,0,0,0,0,0,0,0,0,0,0,0,0,0,0,0,0,0,0,0,0,0,0,0,0,0,0,109,237,253,253,249,122,11,0,0,0,0,0,0,0,0,0,0,0,0,0,0,0,0,0,0,0,0,112,232,252,252,252,253,252,237,48,0,0,0,0,0,0,0,0,0,0,0,0,0,0,0,0,0,0,38,230,252,252,252,252,253,252,252,101,0,0,0,0,0,0,0,0,0,0,0,0,0,0,0,0,0,0,61,252,252,252,208,146,84,157,252,204,0,0,0,0,0,0,0,0,0,0,0,0,0,0,0,0,0,0,61,252,252,252,23,0,0,7,184,215,18,0,0,0,0,0,0,0,0,0,0,0,0,0,0,0,0,0,44,235,252,252,23,0,0,0,157,252,124,18,0,0,0,0,0,0,0,0,0,0,0,0,0,0,0,0,0,193,252,252,64,0,0,61,234,252,252,60,0,0,0,0,0,0,0,0,0,0,0,0,0,0,0,0,0,62,234,252,237,56,11,237,252,252,229,37,0,0,0,0,0,0,0,0,0,0,0,0,0,0,0,0,0,0,96,252,252,241,231,252,252,231,52,0,0,0,0,0,0,0,0,0,0,0,0,0,0,0,0,0,0,0,4,58,241,252,253,252,252,204,0,0,0,0,0,0,0,0,0,0,0,0,0,0,0,0,0,0,0,0,0,5,231,253,255,253,171,40,0,0,0,0,0,0,0,0,0,0,0,0,0,0,0,0,0,0,0,0,61,186,252,252,253,252,96,0,0,0,0,0,0,0,0,0,0,0,0,0,0,0,0,0,0,0,0,46,234,252,252,252,253,252,170,0,0,0,0,0,0,0,0,0,0,0,0,0,0,0,0,0,0,0,0,153,252,252,252,171,230,252,216,0,0,0,0,0,0,0,0,0,0,0,0,0,0,0,0,0,0,0,44,235,252,252,226,43,105,252,216,0,0,0,0,0,0,0,0,0,0,0,0,0,0,0,0,0,0,0,61,252,252,252,52,0,82,252,244,99,0,0,0,0,0,0,0,0,0,0,0,0,0,0,0,0,0,0,12,204,252,252,23,99,253,252,252,163,0,0,0,0,0,0,0,0,0,0,0,0,0,0,0,0,0,0,0,147,252,252,220,234,253,252,238,110,0,0,0,0,0,0,0,0,0,0,0,0,0,0,0,0,0,0,0,7,157,252,252,252,253,190,66,0,0,0,0,0,0,0,0,0,0,0,0,0,0,0,0,0,0,0,0,0,45,235,252,252,242,5,0,0,0,0,0,0,0,0,0,0,0,0,0,0,0,0,0,0,0,0,0,0,0,0,0,0,0,0,0,0,0,0,0,0,0,0,0,0,0,0,0,0,0,0,0,0,0,0,0,0,0,0,0,0,0,0,0,0,0,0,0,0,0,0,0,0,0,0,0,0,0,0,0,0,0,0,0,0,0,0,0,0,0,0,0,0,0,0,0,0,0,0,0,0,0
4,0,0,0,0,0,0,0,0,0,0,0,0,0,0,0,0,0,0,0,0,0,0,0,0,0,0,0,0,0,0,0,0,0,0,0,0,0,0,0,0,0,0,0,0,0,0,0,0,0,0,0,0,0,0,0,0,0,0,0,0,0,0,0,0,0,0,0,0,0,0,0,0,0,0,0,0,0,0,0,0,0,0,0,0,0,0,0,0,0,0,0,0,0,0,0,0,0,0,0,0,0,0,0,0,0,0,0,0,0,0,0,0,0,0,0,0,0,0,0,0,0,0,0,0,0,0,0,0,0,0,0,0,0,0,0,0,0,0,0,0,0,0,0,0,0,0,0,55,59,23,0,0,0,0,0,0,0,0,0,0,20,253,147,14,0,0,0,0,0,0,0,0,0,0,0,233,251,96,0,0,0,0,0,0,0,0,0,0,110,251,251,57,0,0,0,0,0,0,0,0,0,0,123,245,251,96,0,0,0,0,0,0,0,0,0,0,214,251,251,57,0,0,0,0,0,0,0,0,10,129,245,251,251,216,29,0,0,0,0,0,0,0,0,0,214,251,251,57,0,0,0,0,0,0,0,0,59,251,251,251,251,96,0,0,0,0,0,0,0,0,0,61,228,251,251,57,0,0,0,0,0,0,0,0,59,251,251,251,190,37,0,0,0,0,0,0,0,0,61,214,251,251,251,57,0,0,0,0,0,0,0,0,59,251,251,217,23,0,0,0,0,0,0,0,0,0,98,251,251,251,134,9,0,0,0,0,0,0,0,0,59,251,251,224,78,78,18,78,78,78,79,78,78,78,145,251,251,251,115,0,0,0,0,0,0,0,0,0,59,251,251,251,251,251,162,251,251,251,253,251,251,251,251,251,251,251,115,0,0,0,0,0,0,0,0,0,59,251,251,251,251,251,251,251,251,251,253,251,251,251,251,251,251,190,26,0,0,0,0,0,0,0,0,0,0,91,235,253,253,253,253,253,253,253,255,253,253,253,253,253,253,174,0,0,0,0,0,0,0,0,0,0,0,0,94,134,179,178,233,214,134,134,135,134,134,152,251,251,242,93,0,0,0,0,0,0,0,0,0,0,0,0,0,0,30,29,65,53,0,0,0,0,0,39,251,251,231,0,0,0,0,0,0,0,0,0,0,0,0,0,0,0,0,0,0,0,0,0,0,0,0,219,251,251,231,0,0,0,0,0,0,0,0,0,0,0,0,0,0,0,0,0,0,0,0,0,0,0,0,233,251,251,231,0,0,0,0,0,0,0,0,0,0,0,0,0,0,0,0,0,0,0,0,0,0,0,109,244,251,251,111,0,0,0,0,0,0,0,0,0,0,0,0,0,0,0,0,0,0,0,0,0,0,0,175,251,251,251,202,0,0,0,0,0,0,0,0,0,0,0,0,0,0,0,0,0,0,0,0,0,0,0,121,245,251,251,231,0,0,0,0,0,0,0,0,0,0,0,0,0,0,0,0,0,0,0,0,0,0,0,0,233,251,251,231,0,0,0,0,0,0,0,0,0,0,0,0,0,0,0,0,0,0,0,0,0,0,0,0,83,251,251,231,0,0,0,0,0,0,0,0,0,0,0,0,0,0,0,0,0,0,0,0,0,0,0,0,0,0,0,0,0,0,0,0,0,0,0,0,0,0,0,0,0,0,0,0,0,0,0,0,0,0,0,0,0,0,0,0,0,0,0,0,0,0,0,0,0,0,0,0,0,0,0,0,0,0,0,0,0,0,0,0,0,0,0,0,0,0,0,0,0,0,0
5,0,0,0,0,0,0,0,0,0,0,0,0,0,0,0,0,0,0,0,0,0,0,0,0,0,0,0,0,0,0,0,0,0,0,0,0,0,0,0,0,0,0,0,0,0,0,0,0,0,0,0,0,0,0,0,0,0,0,0,0,0,0,0,0,0,0,0,0,0,0,0,0,0,0,0,0,0,0,0,0,0,0,0,0,0,0,0,0,0,0,0,0,0,0,0,0,0,0,0,0,0,0,0,0,0,0,0,0,0,0,0,0,0,0,0,0,0,0,0,62,214,253,193,152,152,193,254,253,254,91,0,0,0,0,0,0,0,0,0,0,0,0,0,0,0,0,0,102,253,252,253,252,253,252,253,171,131,10,0,0,0,0,0,0,0,0,0,0,0,0,0,0,0,0,0,41,254,253,102,102,102,102,41,0,0,0,0,0,0,0,0,0,0,0,0,0,0,0,0,0,0,0,0,0,253,252,82,0,0,0,0,0,0,0,0,0,0,0,0,0,0,0,0,0,0,0,0,0,0,0,0,0,193,253,203,0,0,0,0,0,0,0,0,0,0,0,0,0,0,0,0,0,0,0,0,0,0,0,0,0,71,252,243,40,0,0,0,0,0,0,0,0,0,0,0,0,0,0,0,0,0,0,0,0,0,0,0,0,0,203,254,71,0,0,0,0,0,0,0,0,0,0,0,0,0,0,0,0,0,0,0,0,0,0,0,0,0,162,253,192,0,0,0,0,0,0,0,0,0,0,0,0,0,0,0,0,0,0,0,0,0,0,0,0,0,41,254,253,62,0,0,0,72,152,254,253,234,51,0,0,0,0,0,0,0,0,0,0,0,0,0,0,0,0,253,252,102,41,123,203,253,252,253,252,253,232,41,0,0,0,0,0,0,0,0,0,0,0,0,0,0,0,193,253,254,253,254,253,254,172,82,41,214,253,234,30,0,0,0,0,0,0,0,0,0,0,0,0,0,0,71,252,253,252,233,151,50,10,0,0,10,172,253,172,0,0,0,0,0,0,0,0,0,0,0,0,0,0,113,253,254,131,0,0,0,0,0,0,0,0,254,253,21,0,0,0,0,0,0,0,0,0,0,0,0,0,152,252,233,30,0,0,0,0,0,0,0,0,253,252,102,0,0,0,0,0,0,0,0,0,0,0,0,0,82,223,123,0,0,0,0,0,0,0,0,62,254,253,0,0,0,0,0,0,0,0,0,0,0,0,41,203,0,20,0,0,0,0,0,0,0,0,0,183,253,212,0,0,0,0,0,0,0,0,0,0,0,0,113,253,62,0,0,0,0,0,0,0,0,0,132,253,255,91,0,0,0,0,0,0,0,0,0,0,0,0,152,252,203,102,102,102,62,102,62,102,102,183,253,252,172,10,0,0,0,0,0,0,0,0,0,0,0,0,132,253,254,253,254,253,254,253,254,253,254,253,244,122,0,0,0,0,0,0,0,0,0,0,0,0,0,0,10,131,151,151,192,192,151,192,213,171,151,151,40,0,0,0,0,0,0,0,0,0,0,0,0,0,0,0,0,0,0,0,0,0,0,0,0,0,0,0,0,0,0,0,0,0,0,0,0,0,0,0,0,0,0,0,0,0,0,0,0,0,0,0,0,0,0,0,0,0,0,0,0,0,0,0,0,0,0,0,0,0,0,0,0,0,0,0,0,0,0,0,0,0,0,0,0,0,0,0,0,0,0,0,0,0,0,0,0,0,0,0,0,0,0,0,0,0,0,0,0,0,0,0,0,0,0,0,0,0,0,0
0,0,0,0,0,0,0,0,0,0,0,0,0,0,0,0,0,0,0,0,0,0,0,0,0,0,0,0,0,0,0,0,0,0,0,0,0,0,0,0,0,0,0,0,0,0,0,0,0,0,0,0,0,0,0,0,0,0,0,0,0,0,0,0,0,0,0,0,0,0,0,0,0,0,0,0,0,0,0,0,0,0,0,0,0,0,0,0,0,0,0,0,0,0,0,0,0,0,0,0,0,0,0,0,0,0,0,0,0,0,0,0,0,0,0,0,0,0,0,0,0,0,0,0,0,0,0,0,0,0,0,0,0,0,0,0,0,0,0,0,0,0,0,0,0,0,0,0,0,0,0,0,0,79,94,176,138,94,149,197,97,0,0,0,0,0,0,0,0,0,0,0,0,0,0,0,0,0,0,82,208,252,253,239,238,253,234,228,253,146,6,0,0,0,0,0,0,0,0,0,0,0,0,0,0,54,187,246,253,218,107,41,39,67,32,21,201,253,113,0,0,0,0,0,0,0,0,0,0,0,0,0,43,236,253,224,56,12,0,0,0,0,0,0,29,253,240,48,0,0,0,0,0,0,0,0,0,0,0,11,174,253,173,10,0,0,0,0,0,0,0,0,7,196,253,93,0,0,0,0,0,0,0,0,0,0,0,128,253,175,10,0,0,0,0,0,0,0,0,0,0,81,253,141,0,0,0,0,0,0,0,0,0,0,0,208,199,7,0,0,0,0,0,0,0,0,0,0,0,24,230,234,31,0,0,0,0,0,0,0,0,0,124,251,125,0,0,0,0,0,0,0,0,0,0,0,0,0,218,253,48,0,0,0,0,0,0,0,0,10,209,196,0,0,0,0,0,0,0,0,0,0,0,0,0,0,218,253,149,0,0,0,0,0,0,0,0,130,253,114,0,0,0,0,0,0,0,0,0,0,0,0,0,0,135,253,149,0,0,0,0,0,0,0,0,253,253,12,0,0,0,0,0,0,0,0,0,0,0,0,0,0,55,253,209,0,0,0,0,0,0,0,0,255,253,10,0,0,0,0,0,0,0,0,0,0,0,0,0,0,11,253,253,0,0,0,0,0,0,0,0,242,253,65,0,0,0,0,0,0,0,0,0,0,0,0,0,0,24,253,253,0,0,0,0,0,0,0,0,77,253,214,106,7,0,0,0,0,0,0,0,0,0,0,0,0,146,253,179,0,0,0,0,0,0,0,0,5,107,240,253,166,21,3,0,0,0,0,0,0,0,0,2,49,235,253,141,0,0,0,0,0,0,0,0,0,0,46,181,253,253,132,24,56,0,0,0,0,37,68,126,253,253,187,15,0,0,0,0,0,0,0,0,0,0,0,12,89,211,252,230,247,218,218,218,218,237,253,253,251,149,13,0,0,0,0,0,0,0,0,0,0,0,0,0,0,0,82,93,137,196,196,196,196,196,164,93,68,0,0,0,0,0,0,0,0,0,0,0,0,0,0,0,0,0,0,0,0,0,0,0,0,0,0,0,0,0,0,0,0,0,0,0,0,0,0,0,0,0,0,0,0,0,0,0,0,0,0,0,0,0,0,0,0,0,0,0,0,0,0,0,0,0,0,0,0,0,0,0,0,0,0,0,0,0,0,0,0,0,0,0,0,0,0,0,0,0,0,0,0,0,0,0,0,0,0,0,0,0,0,0,0,0,0,0,0,0,0,0,0,0,0,0,0,0,0,0,0,0,0,0,0,0,0,0,0,0,0,0,0,0,0,0,0,0,0,0,0,0,0,0,0,0,0,0
4,0,0,0,0,0,0,0,0,0,0,0,0,0,0,0,0,0,0,0,0,0,0,0,0,0,0,0,0,0,0,0,0,0,0,0,0,0,0,0,0,0,0,0,0,0,0,0,0,0,0,0,0,0,0,0,0,0,0,0,0,0,0,0,0,0,0,0,0,0,0,0,0,0,0,0,0,0,0,0,0,0,0,0,0,0,0,0,0,0,0,0,0,0,0,0,0,0,0,0,0,0,0,0,0,0,0,0,0,0,0,0,0,0,0,0,0,0,0,0,0,0,0,0,0,0,0,0,0,0,0,0,0,0,0,0,0,0,0,0,0,0,0,0,0,0,0,0,0,0,0,0,0,0,0,0,0,0,92,253,63,0,0,0,0,0,0,0,0,0,0,0,0,0,0,19,85,38,0,0,0,0,0,0,0,0,169,252,178,9,0,0,0,0,0,0,0,0,0,0,0,0,0,88,252,112,0,0,0,0,0,0,0,13,187,252,253,27,0,0,0,0,0,0,0,0,0,0,0,0,0,181,252,205,0,0,0,0,0,0,0,57,252,252,253,27,0,0,0,0,0,0,0,0,0,0,0,0,0,135,252,252,0,0,0,0,0,0,0,25,205,252,253,27,0,0,0,0,0,0,0,0,0,0,0,0,0,198,253,253,0,0,0,0,0,0,0,0,169,253,255,27,0,0,0,0,0,0,0,0,0,0,0,0,0,197,252,252,0,0,0,0,0,0,0,0,169,252,253,27,0,0,0,0,0,0,0,0,0,0,0,0,67,240,252,141,0,0,0,0,0,0,0,45,234,252,253,27,0,0,0,0,0,0,0,0,0,0,0,0,85,252,252,112,0,0,0,0,0,0,0,73,252,252,253,52,7,0,0,0,0,0,0,0,0,0,0,0,85,252,252,189,0,48,140,140,140,141,140,227,252,252,253,252,133,0,0,0,0,0,0,0,0,0,0,0,48,229,253,253,255,253,253,253,253,255,253,253,253,253,255,152,110,0,0,0,0,0,0,0,0,0,0,0,0,150,252,252,253,252,252,252,204,168,167,186,252,252,152,3,0,0,0,0,0,0,0,0,0,0,0,0,0,44,195,195,196,148,55,55,25,0,0,88,252,252,31,0,0,0,0,0,0,0,0,0,0,0,0,0,0,0,0,0,0,0,0,0,0,0,0,197,252,252,0,0,0,0,0,0,0,0,0,0,0,0,0,0,0,0,0,0,0,0,0,0,0,0,0,197,252,252,0,0,0,0,0,0,0,0,0,0,0,0,0,0,0,0,0,0,0,0,0,0,0,0,0,198,253,253,0,0,0,0,0,0,0,0,0,0,0,0,0,0,0,0,0,0,0,0,0,0,0,0,0,197,252,252,0,0,0,0,0,0,0,0,0,0,0,0,0,0,0,0,0,0,0,0,0,0,0,0,0,165,252,252,0,0,0,0,0,0,0,0,0,0,0,0,0,0,0,0,0,0,0,0,0,0,0,0,0,57,252,252,0,0,0,0,0,0,0,0,0,0,0,0,0,0,0,0,0,0,0,0,0,0,0,0,0,25,205,173,0,0,0,0,0,0,0,0,0,0,0,0,0,0,0,0,0,0,0,0,0,0,0,0,0,0,0,0,0,0,0,0,0,0,0,0,0,0,0,0,0,0,0,0,0,0,0,0,0,0,0,0,0,0,0,0,0,0,0,0,0,0,0,0,0,0,0,0,0,0,0,0,0,0,0,0,0,0,0,0,0,0,0,0,0,0,0,0,0,0,0,0,0
0,0,0,0,0,0,0,0,0,0,0,0,0,0,0,0,0,0,0,0,0,0,0,0,0,0,0,0,0,0,0,0,0,0,0,0,0,0,0,0,0,0,0,0,0,0,0,0,0,0,0,0,0,0,0,0,0,0,0,0,0,0,0,0,0,0,0,0,0,0,0,0,0,0,0,0,0,0,0,0,0,0,0,0,0,0,0,0,0,0,0,0,0,0,0,0,0,0,0,0,0,141,228,44,0,0,0,0,0,0,0,0,0,0,0,0,0,0,0,0,0,0,0,0,0,0,0,0,0,216,252,187,7,0,0,0,0,0,0,0,0,0,0,0,0,0,0,0,0,0,0,0,0,0,0,0,0,165,252,252,28,0,0,0,0,0,0,0,0,0,0,0,0,0,0,0,0,0,0,0,101,101,0,0,0,141,252,252,28,0,0,0,0,0,0,0,0,0,0,0,0,0,0,0,0,0,0,147,253,242,47,0,0,141,253,253,28,0,0,0,0,0,0,0,0,0,0,0,0,0,0,0,0,0,38,234,252,247,65,0,0,66,252,252,28,0,0,0,0,0,0,0,0,0,0,0,0,0,0,0,0,10,172,252,252,100,0,0,0,29,252,252,28,0,0,0,0,0,0,0,0,0,0,0,0,0,0,0,0,79,252,252,151,0,0,0,0,4,178,252,28,0,0,0,0,0,0,0,0,0,0,0,0,0,0,0,0,154,253,244,25,0,0,0,0,0,157,253,28,0,0,0,0,0,0,0,0,0,0,0,0,0,0,0,0,253,252,142,0,0,0,0,0,0,57,252,53,0,0,0,0,0,0,0,0,0,0,0,0,0,0,0,89,253,208,13,0,0,0,0,0,0,57,252,228,0,0,0,0,0,0,0,0,0,0,0,0,0,0,0,113,253,196,0,0,0,0,0,0,0,57,252,252,0,0,0,0,0,0,0,0,0,0,0,0,0,0,0,114,255,197,0,0,0,0,0,0,0,57,253,140,0,0,0,0,0,0,0,0,0,0,0,0,0,0,0,113,253,196,0,0,0,0,0,0,0,57,252,139,0,0,0,0,0,0,0,0,0,0,0,0,0,0,0,113,253,196,0,0,0,0,0,0,0,95,252,139,0,0,0,0,0,0,0,0,0,0,0,0,0,0,0,63,253,196,0,0,0,0,0,0,13,206,252,139,0,0,0,0,0,0,0,0,0,0,0,0,0,0,0,0,126,231,165,28,0,0,0,0,154,253,253,28,0,0,0,0,0,0,0,0,0,0,0,0,0,0,0,0,0,57,252,215,108,57,57,157,253,252,233,22,0,0,0,0,0,0,0,0,0,0,0,0,0,0,0,0,0,38,196,252,253,252,252,252,253,233,112,0,0,0,0,0,0,0,0,0,0,0,0,0,0,0,0,0,0,0,10,78,203,252,252,202,128,22,0,0,0,0,0,0,0,0,0,0,0,0,0,0,0,0,0,0,0,0,0,0,0,0,0,0,0,0,0,0,0,0,0,0,0,0,0,0,0,0,0,0,0,0,0,0,0,0,0,0,0,0,0,0,0,0,0,0,0,0,0,0,0,0,0,0,0,0,0,0,0,0,0,0,0,0,0,0,0,0,0,0,0,0,0,0,0,0,0,0,0,0,0,0,0,0,0,0,0,0,0,0,0,0,0,0,0,0,0,0,0,0,0,0,0,0,0,0,0,0,0,0,0,0,0,0,0,0,0,0,0,0,0,0,0,0,0,0,0,0,0,0,0,0,0,0,0,0,0,0
6,0,0,0,0,0,0,0,0,0,0,0,0,0,0,0,0,0,0,0,0,0,0,0,0,0,0,0,0,0,0,0,0,0,0,0,0,0,0,0,0,0,0,0,0,0,0,0,0,0,0,0,0,0,0,0,0,0,0,0,0,0,0,0,0,0,0,0,0,0,15,146,195,165,0,0,0,0,0,0,0,0,0,0,0,0,0,0,0,0,0,0,0,0,0,0,0,13,191,235,111,11,0,0,0,0,0,0,0,0,0,0,0,0,0,0,0,0,0,0,0,0,0,0,8,189,227,43,0,0,0,0,0,0,0,0,0,0,0,0,0,0,0,0,0,0,0,0,0,0,0,0,111,254,103,0,0,0,0,0,0,0,0,0,0,0,0,0,0,0,0,0,0,0,0,0,0,0,0,0,207,238,14,0,0,0,0,0,0,0,0,0,0,0,0,0,0,0,0,0,0,0,0,0,0,0,0,39,245,92,0,0,0,0,0,0,0,0,0,0,0,0,0,0,0,0,0,0,0,0,0,0,0,0,0,114,254,75,0,0,0,0,0,0,0,0,0,0,0,0,0,0,0,0,0,0,0,0,0,0,0,0,0,197,214,3,0,0,0,0,0,0,0,0,0,0,0,0,0,0,0,0,0,0,0,0,0,0,0,0,0,236,130,0,0,0,0,0,0,0,0,0,0,0,0,0,0,0,0,0,0,0,0,0,0,0,0,0,0,236,47,0,0,0,0,0,0,0,0,0,0,0,0,0,0,0,0,0,0,0,0,0,0,0,0,0,76,254,47,0,0,0,0,0,0,0,0,0,0,0,0,0,0,0,0,0,0,0,0,0,0,0,0,0,76,254,47,0,0,0,0,10,123,132,70,17,0,0,0,0,0,0,0,0,0,0,0,0,0,0,0,0,111,218,12,0,0,0,36,213,254,246,250,222,44,0,0,0,0,0,0,0,0,0,0,0,0,0,0,0,54,248,47,0,0,9,111,254,137,19,57,178,247,50,0,0,0,0,0,0,0,0,0,0,0,0,0,0,57,249,64,0,0,81,254,124,2,0,0,141,254,110,0,0,0,0,0,0,0,0,0,0,0,0,0,0,29,242,140,0,5,202,211,0,0,0,6,185,238,42,0,0,0,0,0,0,0,0,0,0,0,0,0,0,0,236,140,0,57,254,93,0,0,4,170,254,110,0,0,0,0,0,0,0,0,0,0,0,0,0,0,0,0,124,243,85,25,232,87,0,51,169,254,152,2,0,0,0,0,0,0,0,0,0,0,0,0,0,0,0,0,7,156,245,218,248,240,218,250,242,134,17,0,0,0,0,0,0,0,0,0,0,0,0,0,0,0,0,0,0,0,78,180,254,254,255,121,39,0,0,0,0,0,0,0,0,0,0,0,0,0,0,0,0,0,0,0,0,0,0,0,0,0,0,0,0,0,0,0,0,0,0,0,0,0,0,0,0,0,0,0,0,0,0,0,0,0,0,0,0,0,0,0,0,0,0,0,0,0,0,0,0,0,0,0,0,0,0,0,0,0,0,0,0,0,0,0,0,0,0,0,0,0,0,0,0,0,0,0,0,0,0,0,0,0,0,0,0,0,0,0,0,0,0,0,0,0,0,0,0,0,0,0,0,0,0,0,0,0,0,0,0,0,0,0,0,0,0,0,0,0,0,0,0,0,0,0,0,0,0,0,0,0,0,0,0,0,0,0,0,0,0,0,0,0,0,0,0,0,0,0,0,0,0,0,0,0,0,0,0,0,0,0,0,0
1,0,0,0,0,0,0,0,0,0,0,0,0,0,0,0,0,0,0,0,0,0,0,0,0,0,0,0,0,0,0,0,0,0,0,0,0,0,0,0,0,0,0,0,0,0,0,0,0,0,0,0,0,0,0,0,0,0,0,0,0,0,0,0,0,0,0,0,0,0,0,0,0,0,0,0,0,0,0,0,0,0,0,0,0,0,0,0,0,0,0,0,0,0,0,0,0,0,0,0,0,0,0,0,0,0,0,0,0,0,0,0,0,0,0,0,0,0,0,0,0,0,0,0,0,0,0,0,6,175,74,0,0,0,0,0,0,0,0,0,0,0,0,0,0,0,0,0,0,0,0,0,0,0,0,0,91,254,152,0,0,0,0,0,0,0,0,0,0,0,0,0,0,0,0,0,0,0,0,0,0,0,0,0,151,254,160,0,0,0,0,0,0,0,0,0,0,0,0,0,0,0,0,0,0,0,0,0,0,0,0,0,210,254,65,0,0,0,0,0,0,0,0,0,0,0,0,0,0,0,0,0,0,0,0,0,0,0,0,40,254,200,13,0,0,0,0,0,0,0,0,0,0,0,0,0,0,0,0,0,0,0,0,0,0,0,0,83,254,155,0,0,0,0,0,0,0,0,0,0,0,0,0,0,0,0,0,0,0,0,0,0,0,0,17,201,254,155,0,0,0,0,0,0,0,0,0,0,0,0,0,0,0,0,0,0,0,0,0,0,0,0,75,254,231,62,0,0,0,0,0,0,0,0,0,0,0,0,0,0,0,0,0,0,0,0,0,0,0,0,75,254,164,0,0,0,0,0,0,0,0,0,0,0,0,0,0,0,0,0,0,0,0,0,0,0,0,0,75,254,164,0,0,0,0,0,0,0,0,0,0,0,0,0,0,0,0,0,0,0,0,0,0,0,0,0,186,255,110,0,0,0,0,0,0,0,0,0,0,0,0,0,0,0,0,0,0,0,0,0,0,0,0,0,238,254,51,0,0,0,0,0,0,0,0,0,0,0,0,0,0,0,0,0,0,0,0,0,0,0,0,0,238,227,0,0,0,0,0,0,0,0,0,0,0,0,0,0,0,0,0,0,0,0,0,0,0,0,0,0,238,254,0,0,0,0,0,0,0,0,0,0,0,0,0,0,0,0,0,0,0,0,0,0,0,0,0,59,246,254,0,0,0,0,0,0,0,0,0,0,0,0,0,0,0,0,0,0,0,0,0,0,0,0,38,245,254,254,0,0,0,0,0,0,0,0,0,0,0,0,0,0,0,0,0,0,0,0,0,0,0,0,0,158,254,182,0,0,0,0,0,0,0,0,0,0,0,0,0,0,0,0,0,0,0,0,0,0,0,0,0,201,254,171,0,0,0,0,0,0,0,0,0,0,0,0,0,0,0,0,0,0,0,0,0,0,0,0,0,125,254,171,0,0,0,0,0,0,0,0,0,0,0,0,0,0,0,0,0,0,0,0,0,0,0,0,0,24,193,64,0,0,0,0,0,0,0,0,0,0,0,0,0,0,0,0,0,0,0,0,0,0,0,0,0,0,0,0,0,0,0,0,0,0,0,0,0,0,0,0,0,0,0,0,0,0,0,0,0,0,0,0,0,0,0,0,0,0,0,0,0,0,0,0,0,0,0,0,0,0,0,0,0,0,0,0,0,0,0,0,0,0,0,0,0,0,0,0,0,0,0,0,0,0,0,0,0,0,0,0,0,0,0,0,0,0,0,0,0,0,0,0,0,0,0,0,0,0,0,0,0,0,0,0,0
7,0,0,0,0,0,0,0,0,0,0,0,0,0,0,0,0,0,0,0,0,0,0,0,0,0,0,0,0,0,0,0,0,0,0,0,0,0,0,0,0,0,0,0,0,0,0,0,0,0,0,0,0,0,0,0,0,0,0,0,0,0,0,0,0,0,0,0,0,0,0,0,0,0,0,0,0,0,0,0,0,0,0,0,0,0,0,0,0,0,0,0,0,0,0,0,0,0,0,0,0,0,0,0,0,0,0,0,0,0,0,0,0,0,0,0,0,0,0,0,0,0,0,0,0,0,0,0,0,0,0,0,0,0,0,0,0,0,0,0,0,0,0,0,0,0,0,0,0,0,0,102,254,253,0,0,0,0,0,0,0,0,0,0,0,0,0,0,0,0,0,0,0,0,0,0,0,0,0,102,253,252,0,0,0,0,0,0,0,0,0,0,0,0,0,0,0,0,0,0,0,0,0,0,0,0,0,163,254,233,0,0,0,0,0,0,0,0,0,0,0,0,0,0,0,0,0,0,0,0,0,0,0,0,21,223,253,232,0,0,0,0,0,0,0,0,0,0,0,0,0,0,0,0,0,0,0,0,0,0,0,0,52,253,254,253,173,10,0,0,0,0,0,0,0,0,0,0,0,0,0,0,0,0,0,0,0,0,0,0,92,252,253,252,253,172,41,0,0,0,0,0,0,0,0,0,0,0,0,0,0,0,0,0,0,0,0,0,152,253,224,162,254,253,234,112,21,0,0,0,0,0,0,0,0,0,0,0,0,0,0,0,0,0,0,0,51,151,20,0,172,252,253,252,223,122,0,0,0,0,0,0,0,0,0,0,0,0,0,0,0,0,0,0,0,0,0,0,0,82,163,223,254,253,21,0,0,0,0,0,0,0,0,0,0,0,0,0,0,0,0,0,0,0,0,0,0,0,0,20,172,252,142,0,0,0,0,0,0,0,0,0,0,0,0,0,0,0,0,0,0,0,0,0,0,0,0,21,214,253,254,151,0,0,0,0,0,0,0,0,0,0,0,0,0,0,0,0,0,0,0,0,0,0,0,102,253,252,233,50,0,0,0,0,0,0,0,0,0,0,0,0,0,0,0,0,0,0,0,0,0,0,92,233,254,233,0,0,0,0,0,0,0,0,0,0,0,0,0,0,0,0,0,0,0,0,0,0,0,41,233,252,253,70,0,0,0,0,0,0,0,0,0,0,0,0,0,0,0,0,0,0,0,0,0,0,0,41,193,253,183,0,0,0,0,0,0,0,0,0,0,0,0,0,0,0,0,0,0,0,0,0,0,0,0,0,233,252,61,0,0,0,0,0,0,0,0,0,0,0,0,0,0,0,0,0,0,0,0,0,0,0,0,123,255,192,0,0,0,0,0,0,0,0,0,0,0,0,0,0,0,0,0,0,0,0,0,0,0,0,82,243,192,50,0,0,0,0,0,0,0,0,0,0,0,0,0,0,0,0,0,0,0,0,0,0,0,0,152,253,183,0,0,0,0,0,0,0,0,0,0,0,0,0,0,0,0,0,0,0,0,0,0,0,0,0,152,212,20,0,0,0,0,0,0,0,0,0,0,0,0,0,0,0,0,0,0,0,0,0,0,0,0,0,0,0,0,0,0,0,0,0,0,0,0,0,0,0,0,0,0,0,0,0,0,0,0,0,0,0,0,0,0,0,0,0,0,0,0,0,0,0,0,0,0,0,0,0,0,0,0,0,0,0,0,0,0,0,0,0,0,0,0,0,0,0,0,0,0,0,0,0,0,0,0
3,0,0,0,0,0,0,0,0,0,0,0,0,0,0,0,0,0,0,0,0,0,0,0,0,0,0,0,0,0,0,0,0,0,0,0,0,0,0,0,0,0,0,0,0,0,0,0,0,0,0,0,0,0,0,0,0,0,0,0,0,0,0,0,0,0,0,0,0,0,0,0,0,0,0,0,0,0,0,0,0,0,0,0,0,0,0,0,0,0,0,0,0,0,0,0,0,0,0,0,0,0,0,0,0,0,0,0,0,0,0,0,0,0,0,0,0,0,0,0,0,0,0,0,0,0,0,0,0,0,0,0,0,0,0,0,0,0,0,0,0,0,0,0,0,0,0,0,0,0,0,0,103,161,254,254,254,255,148,0,0,0,0,0,0,0,0,0,0,0,0,0,0,0,0,0,0,156,248,248,252,253,253,253,253,253,252,216,0,0,0,0,0,0,0,0,0,0,0,0,0,0,0,0,157,252,253,253,162,142,109,12,39,219,253,220,0,0,0,0,0,0,0,0,0,0,0,0,0,0,0,0,181,253,253,121,4,0,0,0,0,176,253,220,0,0,0,0,0,0,0,0,0,0,0,0,0,0,0,0,11,231,218,24,0,0,0,0,48,246,253,170,0,0,0,0,0,0,0,0,0,0,0,0,0,0,0,0,0,29,21,0,0,0,0,0,100,253,219,12,0,0,0,0,0,0,0,0,0,0,0,0,0,0,0,0,0,0,0,0,0,0,0,94,243,238,76,0,0,0,0,0,0,0,0,0,0,0,0,0,0,0,0,0,0,0,0,0,0,23,113,242,253,101,0,0,0,0,0,0,0,0,0,0,0,0,0,0,0,0,0,0,0,0,0,0,0,109,253,253,174,16,0,0,0,0,0,0,0,0,0,0,0,0,0,0,0,0,0,0,0,0,0,0,0,168,253,253,71,0,0,0,0,0,0,0,0,0,0,0,0,0,0,0,0,0,0,0,0,0,0,0,0,56,240,253,180,49,0,0,0,0,0,0,0,0,0,0,0,0,0,0,0,0,0,0,0,0,0,0,0,0,89,240,253,240,96,19,0,0,0,0,0,0,0,0,0,0,0,0,0,0,0,0,0,0,0,0,0,0,0,88,217,253,253,187,18,0,0,0,0,0,0,0,0,0,0,0,0,0,0,0,0,0,0,0,0,0,0,0,18,108,240,253,188,16,0,0,0,0,0,0,0,0,0,0,0,0,0,0,0,0,0,0,0,0,0,0,0,0,153,253,253,104,0,0,0,0,0,0,0,0,0,0,0,0,0,0,0,0,71,156,117,19,0,0,0,0,36,244,253,104,0,0,0,0,0,0,0,0,0,0,0,0,0,0,0,59,240,253,253,224,50,5,0,0,34,216,253,104,0,0,0,0,0,0,0,0,0,0,0,0,0,0,0,94,252,249,244,253,253,171,50,105,217,253,232,45,0,0,0,0,0,0,0,0,0,0,0,0,0,0,0,0,102,78,36,153,252,253,253,253,253,232,45,0,0,0,0,0,0,0,0,0,0,0,0,0,0,0,0,0,0,0,0,0,96,123,217,253,166,44,0,0,0,0,0,0,0,0,0,0,0,0,0,0,0,0,0,0,0,0,0,0,0,0,0,0,0,0,0,0,0,0,0,0,0,0,0,0,0,0,0,0,0,0,0,0,0,0,0,0,0,0,0,0,0,0,0,0,0,0,0,0,0,0,0,0,0,0,0,0,0,0,0,0,0,0,0,0,0,0,0,0,0,0,0,0,0,0,0,0,0,0,0
2,0,0,0,0,0,0,0,0,0,0,0,0,0,0,0,0,0,0,0,0,0,0,0,0,0,0,0,0,0,0,0,0,0,0,0,0,0,0,0,0,0,0,0,0,0,0,0,0,0,0,0,0,0,0,0,0,0,0,0,0,0,0,0,0,0,0,0,0,0,0,0,0,0,0,0,0,0,0,0,0,0,0,0,0,0,0,0,0,0,0,0,0,0,0,0,0,0,0,0,0,0,0,0,0,0,0,0,0,0,0,0,0,0,0,0,0,0,0,0,0,0,0,0,0,0,0,0,0,0,0,0,0,0,0,0,0,0,0,0,0,0,0,0,0,0,0,0,0,0,4,104,141,191,255,253,253,153,29,10,0,0,0,0,0,0,0,0,0,0,0,0,0,0,0,0,0,51,179,252,252,252,253,252,252,252,253,171,38,0,0,0,0,0,0,0,0,0,0,0,0,0,0,0,67,246,253,252,224,168,168,168,168,205,253,252,234,59,0,0,0,0,0,0,0,0,0,0,0,0,0,0,85,252,253,252,68,0,0,0,0,13,203,252,252,190,0,0,0,0,0,0,0,0,0,0,0,0,0,0,0,101,176,244,156,0,0,0,0,0,13,207,253,253,0,0,0,0,0,0,0,0,0,0,0,0,0,0,0,0,0,56,19,0,0,0,0,0,19,225,252,252,0,0,0,0,0,0,0,0,0,0,0,0,0,0,0,0,0,0,0,0,0,0,0,0,104,252,252,214,0,0,0,0,0,0,0,0,0,0,0,0,0,0,0,0,0,0,0,0,0,0,0,51,253,252,214,28,0,0,0,0,0,0,0,0,0,0,0,0,0,0,0,0,0,0,0,0,0,7,154,253,254,247,100,0,0,0,0,0,0,0,0,0,0,0,0,0,0,0,0,0,0,0,0,0,32,150,252,252,222,103,0,0,0,0,0,0,0,0,0,0,0,0,0,0,0,0,0,0,0,0,0,38,229,252,252,177,25,0,0,0,0,0,0,0,0,0,0,0,0,0,0,0,0,0,0,0,0,0,38,225,253,227,103,3,0,0,0,0,0,0,0,0,0,0,0,0,0,0,0,0,0,0,0,0,0,7,204,253,226,38,0,0,0,0,0,0,0,0,0,0,0,0,0,0,0,0,0,0,0,0,0,0,0,82,252,252,38,0,0,0,0,0,0,0,0,0,0,0,0,0,0,0,0,0,0,0,0,0,0,0,0,169,252,252,0,0,0,0,0,0,0,0,0,0,0,0,0,0,0,0,0,0,0,0,0,0,0,0,0,169,252,151,0,0,0,0,0,0,0,0,0,0,0,0,0,0,0,0,0,0,0,0,0,0,0,0,0,169,253,203,0,0,0,0,0,19,66,141,141,47,0,0,0,0,0,0,0,0,0,0,0,0,0,0,0,169,252,252,169,169,169,169,169,225,252,252,197,65,0,0,0,0,0,0,0,0,0,0,0,0,0,0,0,63,196,252,253,252,252,252,253,196,130,56,0,0,0,0,0,0,0,0,0,0,0,0,0,0,0,0,0,0,10,128,140,165,214,139,78,9,0,0,0,0,0,0,0,0,0,0,0,0,0,0,0,0,0,0,0,0,0,0,0,0,0,0,0,0,0,0,0,0,0,0,0,0,0,0,0,0,0,0,0,0,0,0,0,0,0,0,0,0,0,0,0,0,0,0,0,0,0,0,0,0,0,0,0,0,0,0,0,0,0,0,0,0,0,0,0,0,0,0,0,0,0,0,0,0,0,0,0,0,0
6,0,0,0,0,0,0,0,0,0,0,0,0,0,0,0,0,0,0,0,0,0,0,0,0,0,0,0,0,0,0,0,0,0,0,0,0,0,0,0,0,0,0,0,0,0,0,0,0,0,0,0,0,0,0,0,0,0,0,0,0,0,0,0,0,0,0,0,0,0,0,0,0,0,0,0,0,0,0,0,0,0,0,0,0,0,0,0,0,0,0,0,0,0,0,0,0,0,0,0,0,0,31,132,254,172,0,0,0,0,0,0,0,0,0,0,0,0,0,0,0,0,0,0,0,0,0,0,0,123,233,252,253,252,0,0,0,0,0,0,0,0,0,0,0,0,0,0,0,0,0,0,0,0,0,0,132,253,254,253,173,253,0,0,0,0,0,0,0,0,0,0,0,0,0,0,0,0,0,0,0,0,0,123,253,252,233,111,51,252,0,0,0,0,0,0,0,0,0,0,0,0,0,0,0,0,0,0,0,0,31,233,254,233,41,0,0,41,0,0,0,0,0,0,0,0,0,0,0,0,0,0,0,0,0,0,0,41,173,252,253,70,0,0,0,0,0,0,0,0,0,0,0,0,0,0,0,0,0,0,0,0,0,0,11,173,254,253,123,0,0,0,0,0,0,0,0,0,0,0,0,0,0,0,0,0,0,0,0,0,0,0,132,252,253,171,0,0,0,0,0,0,0,0,0,0,0,0,0,0,0,0,0,0,0,0,0,0,0,62,254,253,203,0,0,0,0,0,0,0,0,0,0,0,0,0,0,0,0,0,0,0,0,0,0,0,0,183,253,252,122,0,0,0,0,0,0,0,0,0,0,0,0,0,0,0,0,0,0,0,0,0,0,0,31,233,254,192,31,51,132,132,152,152,41,0,0,0,0,0,0,0,0,0,0,0,0,0,0,0,0,0,173,252,253,232,233,252,253,252,253,252,243,162,0,0,0,0,0,0,0,0,0,0,0,0,0,0,0,0,254,253,254,233,203,203,203,203,203,243,254,253,163,0,0,0,0,0,0,0,0,0,0,0,0,0,0,82,253,252,192,91,0,0,0,0,0,40,172,252,243,40,0,0,0,0,0,0,0,0,0,0,0,0,11,213,254,172,0,0,0,0,0,0,0,0,51,253,254,50,0,0,0,0,0,0,0,0,0,0,0,0,51,252,253,50,0,0,0,0,0,0,0,41,173,252,233,30,0,0,0,0,0,0,0,0,0,0,0,0,52,253,255,71,0,0,0,0,0,41,214,253,254,253,41,0,0,0,0,0,0,0,0,0,0,0,0,0,10,212,253,232,142,102,102,183,203,243,253,252,192,70,0,0,0,0,0,0,0,0,0,0,0,0,0,0,0,41,255,253,254,253,254,253,254,233,142,20,0,0,0,0,0,0,0,0,0,0,0,0,0,0,0,0,0,0,112,192,253,252,233,151,131,30,0,0,0,0,0,0,0,0,0,0,0,0,0,0,0,0,0,0,0,0,0,0,0,0,0,0,0,0,0,0,0,0,0,0,0,0,0,0,0,0,0,0,0,0,0,0,0,0,0,0,0,0,0,0,0,0,0,0,0,0,0,0,0,0,0,0,0,0,0,0,0,0,0,0,0,0,0,0,0,0,0,0,0,0,0,0,0,0,0,0,0,0,0,0,0,0,0,0,0,0,0,0,0,0,0,0,0,0,0,0,0,0,0,0,0,0,0,0,0,0,0,0,0,0,0,0,0,0,0,0,0,0,0,0,0,0,0,0,0,0,0,0,0,0,0,0,0,0,0,0,0
7,0,0,0,0,0,0,0,0,0,0,0,0,0,0,0,0,0,0,0,0,0,0,0,0,0,0,0,0,0,0,0,0,0,0,0,0,0,0,0,0,0,0,0,0,0,0,0,0,0,0,0,0,0,0,0,0,0,0,0,0,0,0,0,0,0,0,0,0,0,0,0,0,0,0,0,0,0,0,0,0,0,0,0,0,0,0,0,0,0,0,0,0,0,0,0,0,0,0,0,0,0,0,0,0,0,0,0,0,0,0,0,0,0,0,0,0,0,0,0,0,0,0,0,0,0,0,0,0,0,0,0,0,0,0,0,0,0,0,0,0,0,0,0,0,0,0,0,0,0,0,0,0,0,0,0,0,0,0,0,0,0,0,0,0,0,0,0,0,0,0,0,0,0,0,0,0,0,0,0,0,0,0,0,0,0,0,0,0,0,0,0,0,0,0,0,0,0,0,0,0,0,0,0,0,0,0,0,0,0,0,0,0,0,0,0,0,0,0,0,0,0,0,0,0,0,0,0,0,0,0,0,0,0,0,6,94,128,212,255,203,175,174,58,0,0,0,0,0,0,0,0,0,0,0,0,0,0,0,0,0,0,31,206,254,254,254,254,254,232,254,248,60,0,0,0,0,0,0,0,0,0,0,0,0,0,0,0,38,172,214,254,254,254,242,235,212,243,253,205,247,87,0,0,0,0,0,0,0,0,0,0,0,0,0,0,90,254,254,254,230,90,30,21,26,31,72,52,227,232,34,0,0,0,0,0,0,0,0,0,0,0,0,0,200,254,254,134,20,0,0,0,0,0,0,0,35,242,117,0,0,0,0,0,0,0,0,0,0,0,0,23,236,254,186,7,0,0,0,0,0,0,0,0,0,206,120,0,0,0,0,0,0,0,0,0,0,0,0,142,254,214,12,0,0,0,0,0,0,0,0,0,11,222,89,0,0,0,0,0,0,0,0,0,0,0,0,198,254,193,0,0,0,0,0,0,0,0,0,0,95,254,86,0,0,0,0,0,0,0,0,0,0,0,0,128,254,132,0,0,0,0,0,0,0,0,0,18,220,191,21,0,0,0,0,0,0,0,0,0,0,0,0,31,198,33,0,0,0,0,0,0,0,0,2,177,254,48,0,0,0,0,0,0,0,0,0,0,0,0,0,0,0,0,0,0,0,0,0,0,0,0,68,254,167,8,0,0,0,0,0,0,0,0,0,0,0,0,0,0,0,0,0,0,0,0,0,0,0,20,217,254,60,0,0,0,0,0,0,0,0,0,0,0,0,0,0,0,0,0,0,0,0,0,0,0,0,177,254,160,4,0,0,0,0,0,0,0,0,0,0,0,0,0,0,0,0,0,0,0,0,0,0,0,72,249,197,70,0,0,0,0,0,0,0,0,0,0,0,0,0,0,0,0,0,0,0,0,0,0,0,28,214,254,85,0,0,0,0,0,0,0,0,0,0,0,0,0,0,0,0,0,0,0,0,0,0,0,0,133,254,219,47,0,0,0,0,0,0,0,0,0,0,0,0,0,0,0,0,0,0,0,0,0,0,0,8,206,254,112,0,0,0,0,0,0,0,0,0,0,0,0,0,0,0,0,0,0,0,0,0,0,0,0,111,254,201,19,0,0,0,0,0,0,0,0,0,0,0,0,0,0,0,0,0,0,0,0,0,0,0,0,100,254,109,0,0,0,0,0,0,0,0,0,0,0,0,0,0,0,0,0,0,0,0,0,0,0,0,0,15,186,49,0,0,0,0,0,0,0,0,0,0,0,0
2,0,0,0,0,0,0,0,0,0,0,0,0,0,0,0,0,0,0,0,0,0,0,0,0,0,0,0,0,0,0,0,0,0,0,0,0,0,0,0,0,0,0,0,0,0,0,0,0,0,0,0,0,0,0,0,0,0,0,0,0,0,0,0,0,0,0,0,0,0,0,0,0,0,0,0,0,0,0,0,0,0,0,0,0,0,0,0,0,0,0,0,0,0,0,0,0,0,0,0,0,0,0,0,0,0,0,0,0,0,0,0,0,0,0,0,0,0,0,0,0,65,77,77,77,102,197,166,124,18,0,0,0,0,0,0,0,0,0,0,0,0,0,0,0,0,0,38,160,253,254,254,254,254,254,254,254,207,65,0,0,0,0,0,0,0,0,0,0,0,0,0,0,0,60,240,254,254,215,205,175,91,79,116,213,254,212,96,0,0,0,0,0,0,0,0,0,0,0,0,0,0,241,254,173,54,9,0,0,0,0,0,30,135,245,174,0,0,0,0,0,0,0,0,0,0,0,0,0,0,145,197,6,0,0,0,0,0,0,0,0,0,113,238,86,0,0,0,0,0,0,0,0,0,0,0,0,0,20,27,0,0,0,0,0,0,0,0,0,0,28,252,190,1,0,0,0,0,0,0,0,0,0,0,0,0,0,0,0,0,0,0,0,0,0,0,0,0,0,170,254,22,0,0,0,0,0,0,0,0,0,0,0,0,0,0,0,0,0,0,0,0,0,0,0,0,0,170,254,22,0,0,0,0,0,0,0,0,0,0,0,0,0,0,0,0,0,0,0,0,0,0,0,0,24,219,215,10,0,0,0,0,0,0,0,0,0,0,0,0,0,0,0,0,0,0,0,0,0,0,0,0,95,254,187,0,0,0,0,0,0,0,0,0,0,0,0,0,0,0,0,0,0,13,21,57,101,26,0,0,95,254,187,0,0,0,0,0,0,0,0,0,0,0,0,0,0,0,4,94,116,219,234,254,254,244,197,159,193,254,181,0,0,0,0,0,0,0,0,0,0,0,0,0,0,27,188,254,254,251,250,225,160,239,252,254,254,254,132,2,0,0,0,0,0,0,0,0,0,0,0,0,0,213,254,254,120,22,0,0,0,0,93,254,254,254,254,188,40,0,0,0,0,0,0,0,0,0,0,0,0,152,254,110,2,0,0,0,0,52,200,254,253,128,153,249,250,126,0,0,0,0,0,0,0,0,0,0,0,133,254,179,54,15,0,35,158,244,254,254,149,0,0,39,197,252,127,0,0,0,0,0,0,0,0,0,0,9,172,254,254,229,219,242,254,254,250,138,10,0,0,0,20,230,253,80,0,0,0,0,0,0,0,0,0,0,10,106,228,238,254,254,254,250,168,0,0,0,0,0,0,93,254,206,0,0,0,0,0,0,0,0,0,0,0,0,0,24,92,151,68,52,0,0,0,0,0,0,0,17,229,254,0,0,0,0,0,0,0,0,0,0,0,0,0,0,0,0,0,0,0,0,0,0,0,0,0,0,94,102,0,0,0,0,0,0,0,0,0,0,0,0,0,0,0,0,0,0,0,0,0,0,0,0,0,0,0,0,0,0,0,0,0,0,0,0,0,0,0,0,0,0,0,0,0,0,0,0,0,0,0,0,0,0,0,0,0,0,0,0,0,0,0,0,0,0,0,0,0,0,0,0,0,0,0,0,0,0,0,0,0,0,0,0,0,0,0,0,0,0,0,0,0,0,0,0,0,0,0,0,0,0,0,0,0,0,0,0,0,0,0,0,0,0,0
6,0,0,0,0,0,0,0,0,0,0,0,0,0,0,0,0,0,0,0,0,0,0,0,0,0,0,0,0,0,0,0,0,0,0,0,0,0,0,0,0,0,0,0,0,0,0,0,0,0,0,0,0,0,0,0,0,0,0,0,0,0,0,0,0,0,0,0,0,0,0,0,0,0,0,0,0,0,0,0,0,0,0,0,0,0,0,0,0,0,0,0,0,0,0,0,70,255,235,41,0,0,0,0,0,0,0,0,0,0,0,0,0,0,0,0,0,0,0,0,0,0,0,32,198,253,228,30,0,0,0,0,0,0,0,0,0,0,0,0,0,0,0,0,0,0,0,0,0,0,86,244,253,248,167,0,0,0,0,0,0,0,0,0,0,0,0,0,0,0,0,0,0,0,0,0,0,87,242,253,252,165,0,0,0,0,0,0,0,0,0,0,0,0,0,0,0,0,0,0,0,0,0,0,44,242,253,253,110,0,0,0,0,0,0,0,0,0,0,0,0,0,0,0,0,0,0,0,0,0,0,15,193,253,253,54,2,0,0,0,0,0,0,0,0,0,0,0,0,0,0,0,0,0,0,0,0,0,0,149,253,253,251,28,0,0,0,0,0,0,0,0,0,0,0,0,0,0,0,0,0,0,0,0,0,0,10,210,253,253,153,0,0,0,0,0,0,0,0,0,0,12,0,0,0,0,0,0,0,0,0,0,0,0,18,253,253,242,39,0,0,0,0,0,0,0,0,27,160,203,160,108,0,0,0,0,0,0,0,0,0,0,18,253,253,182,0,0,0,0,0,0,0,0,107,216,253,253,253,228,130,4,0,0,0,0,0,0,0,0,18,253,253,237,36,0,0,0,0,0,0,29,238,253,253,253,253,253,253,17,0,0,0,0,0,0,0,0,3,170,253,253,146,0,0,0,0,0,29,209,253,253,242,82,194,253,169,3,0,0,0,0,0,0,0,0,0,102,253,253,204,13,0,0,0,0,129,253,253,190,20,22,214,253,101,0,0,0,0,0,0,0,0,0,0,1,167,253,253,35,0,0,2,178,252,253,190,5,0,109,253,249,33,0,0,0,0,0,0,0,0,0,0,0,23,216,253,209,21,14,165,253,253,242,20,2,44,217,253,170,0,0,0,0,0,0,0,0,0,0,0,0,0,113,253,253,210,119,253,253,253,176,48,167,253,253,241,138,0,0,0,0,0,0,0,0,0,0,0,0,0,72,253,253,253,253,253,253,253,253,253,253,253,253,158,0,0,0,0,0,0,0,0,0,0,0,0,0,0,15,94,244,253,253,253,253,253,253,253,253,244,148,15,0,0,0,0,0,0,0,0,0,0,0,0,0,0,0,0,81,152,209,253,253,253,253,209,93,31,0,0,0,0,0,0,0,0,0,0,0,0,0,0,0,0,0,0,0,0,21,190,218,181,17,10,0,0,0,0,0,0,0,0,0,0,0,0,0,0,0,0,0,0,0,0,0,0,0,0,0,0,0,0,0,0,0,0,0,0,0,0,0,0,0,0,0,0,0,0,0,0,0,0,0,0,0,0,0,0,0,0,0,0,0,0,0,0,0,0,0,0,0,0,0,0,0,0,0,0,0,0,0,0,0,0,0,0,0,0,0,0,0,0,0,0,0,0,0,0,0,0,0,0,0,0,0,0,0,0,0,0,0,0,0,0,0,0,0,0,0,0,0,0,0,0,0,0,0,0,0,0,0,0,0,0,0,0,0,0,0,0,0,0,0,0,0,0,0,0,0,0,0,0,0,0
9,0,0,0,0,0,0,0,0,0,0,0,0,0,0,0,0,0,0,0,0,0,0,0,0,0,0,0,0,0,0,0,0,0,0,0,0,0,0,0,0,0,0,0,0,0,0,0,0,0,0,0,0,0,0,0,0,0,0,0,0,0,0,0,0,0,0,0,0,0,0,0,0,0,0,0,0,0,0,0,0,0,0,0,0,0,0,0,0,0,0,0,0,0,0,0,0,0,0,0,0,0,0,0,0,0,0,0,0,0,0,0,0,0,0,0,0,0,0,0,0,0,0,0,0,0,0,0,0,0,0,0,0,0,0,0,0,0,0,0,0,0,0,0,0,0,0,0,0,0,0,0,0,0,0,0,0,0,0,0,0,0,0,0,0,0,0,0,0,0,0,0,0,0,0,0,0,0,27,134,211,254,254,193,144,101,2,0,0,0,0,0,0,0,0,0,0,0,0,0,0,0,0,0,0,68,237,253,253,253,253,254,253,253,170,23,0,0,0,0,0,0,0,0,0,0,0,0,0,0,0,0,9,200,253,205,134,44,44,44,73,193,253,131,0,0,0,0,0,0,0,0,0,0,0,0,0,0,0,0,23,253,253,123,0,0,0,0,0,4,127,119,24,0,0,0,0,0,0,0,0,0,0,0,0,0,0,0,47,253,234,17,0,0,0,0,0,137,194,20,0,0,0,0,0,0,0,0,0,0,0,0,0,0,0,0,133,253,165,0,0,0,0,0,24,225,253,174,0,0,0,0,0,0,0,0,0,0,0,0,0,0,0,0,133,253,169,1,0,0,0,7,124,253,253,198,0,0,0,0,0,0,0,0,0,0,0,0,0,0,0,0,66,253,253,41,0,33,45,163,253,253,253,198,0,0,0,0,0,0,0,0,0,0,0,0,0,0,0,0,16,193,253,222,188,237,253,254,253,253,253,198,0,0,0,0,0,0,0,0,0,0,0,0,0,0,0,0,0,8,158,253,253,253,253,254,253,253,253,198,0,0,0,0,0,0,0,0,0,0,0,0,0,0,0,0,0,0,0,0,68,111,111,0,0,101,255,199,0,0,0,0,0,0,0,0,0,0,0,0,0,0,0,0,0,0,0,0,0,0,0,0,0,100,253,198,0,0,0,0,0,0,0,0,0,0,0,0,0,0,0,0,0,0,0,0,0,0,0,0,0,17,245,244,46,0,0,0,0,0,0,0,0,0,0,0,0,0,0,0,0,0,0,0,0,0,0,0,0,0,243,253,55,0,0,0,0,0,0,0,0,0,0,0,0,0,0,0,0,0,0,0,0,0,0,0,0,0,243,253,127,0,0,0,0,0,0,0,0,0,0,0,0,0,0,0,0,0,0,0,0,0,0,0,0,0,243,253,165,0,0,0,0,0,0,0,0,0,0,0,0,0,0,0,0,0,0,0,0,0,0,0,0,0,243,253,207,11,0,0,0,0,0,0,0,0,0,0,0,0,0,0,0,0,0,0,0,0,0,0,0,0,224,253,253,22,0,0,0,0,0,0,0,0,0,0,0,0,0,0,0,0,0,0,0,0,0,0,0,0,133,253,226,15,0,0,0,0,0,0,0,0,0,0,0,0,0,0,0,0,0,0,0,0,0,0,0,0,27,167,165,0,0,0,0,0,0,0,0,0,0,0,0,0,0,0,0,0,0,0,0,0,0,0,0,0,0,0,0,0,0,0,0,0,0,0,0,0,0,0,0,0,0,0,0,0,0,0,0,0,0,0,0,0,0,0,0,0,0,0,0,0,0,0,0
3,0,0,0,0,0,0,0,0,0,0,0,0,0,0,0,0,0,0,0,0,0,0,0,0,0,0,0,0,0,0,0,0,0,0,0,0,0,0,0,0,0,0,0,0,0,0,0,0,0,0,0,0,0,0,0,0,0,0,0,0,0,0,0,0,0,0,0,0,0,0,0,0,0,0,0,0,0,0,0,0,0,0,0,0,0,0,0,0,0,0,0,0,0,0,0,0,0,0,0,0,0,0,0,0,0,0,0,0,0,0,0,0,0,0,0,0,0,0,0,0,0,137,254,255,254,186,156,15,0,0,0,0,0,0,0,0,0,0,0,0,0,0,0,0,0,0,0,0,0,104,252,254,254,254,254,212,26,0,0,0,0,0,0,0,0,0,0,0,0,0,0,0,0,0,0,0,0,0,68,158,158,158,234,254,147,0,0,0,0,0,0,0,0,0,0,0,0,0,0,0,0,0,0,0,0,0,0,0,0,0,103,254,239,21,0,0,0,0,0,0,0,0,0,0,0,0,0,0,0,0,0,0,0,0,0,0,0,25,208,254,224,17,0,0,0,0,0,0,0,0,0,0,0,0,0,0,0,0,0,0,0,0,0,4,78,222,254,249,78,0,0,0,0,0,0,0,0,0,0,0,0,0,0,0,0,0,0,0,0,0,4,114,254,254,254,157,0,0,0,0,0,0,0,0,0,0,0,0,0,0,0,0,0,0,0,0,0,12,187,254,254,254,168,8,0,0,0,0,0,0,0,0,0,0,0,0,0,0,0,0,0,0,0,0,0,14,214,254,254,240,80,0,0,0,0,0,0,0,0,0,0,0,0,0,0,0,0,0,0,0,0,0,0,0,30,172,254,254,245,122,6,0,0,0,0,0,0,0,0,0,0,0,0,0,0,0,0,0,0,0,0,0,0,6,54,173,254,254,155,6,0,0,0,0,0,0,0,0,0,0,0,0,0,0,0,0,0,0,0,0,0,0,0,7,123,246,254,89,0,0,0,0,0,0,0,0,0,0,0,0,0,0,0,0,0,0,0,0,0,0,0,0,0,171,254,208,6,0,0,0,0,0,0,0,0,0,0,0,0,0,0,0,0,0,0,0,0,0,0,0,0,60,254,254,71,0,0,0,0,0,0,0,0,0,0,0,0,0,0,0,0,0,0,0,0,0,0,0,0,51,254,254,108,0,0,0,0,0,0,0,0,0,0,0,0,0,0,0,0,0,0,0,0,0,0,0,13,186,254,254,86,0,0,0,0,0,0,0,0,0,0,0,0,0,0,0,0,0,0,31,72,15,0,49,200,254,254,218,10,0,0,0,0,0,0,0,0,0,0,0,0,0,0,0,0,0,0,188,254,244,187,248,254,254,254,119,0,0,0,0,0,0,0,0,0,0,0,0,0,0,0,0,0,0,0,14,191,254,254,254,254,254,122,1,0,0,0,0,0,0,0,0,0,0,0,0,0,0,0,0,0,0,0,0,2,64,254,240,155,43,1,0,0,0,0,0,0,0,0,0,0,0,0,0,0,0,0,0,0,0,0,0,0,0,0,0,0,0,0,0,0,0,0,0,0,0,0,0,0,0,0,0,0,0,0,0,0,0,0,0,0,0,0,0,0,0,0,0,0,0,0,0,0,0,0,0,0,0,0,0,0,0,0,0,0,0,0,0,0,0,0,0,0,0,0,0,0,0,0,0,0,0,0,0,0,0,0,0,0,0,0,0,0,0,0,0,0,0,0,0,0,0,0,0,0,0,0,0,0,0,0,0,0,0
1,0,0,0,0,0,0,0,0,0,0,0,0,0,0,0,0,0,0,0,0,0,0,0,0,0,0,0,0,0,0,0,0,0,0,0,0,0,0,0,0,0,0,0,0,0,0,0,0,0,0,0,0,0,0,0,0,0,0,0,0,0,0,0,0,0,0,0,0,0,0,0,0,0,0,0,0,0,0,0,0,0,0,0,0,0,0,0,0,0,0,0,0,0,0,0,0,0,0,0,0,0,0,0,0,0,0,0,0,0,0,0,0,0,0,0,0,0,0,0,0,0,0,0,0,0,104,201,64,0,0,0,0,0,0,0,0,0,0,0,0,0,0,0,0,0,0,0,0,0,0,0,0,45,236,252,116,0,0,0,0,0,0,0,0,0,0,0,0,0,0,0,0,0,0,0,0,0,0,0,0,70,252,252,116,0,0,0,0,0,0,0,0,0,0,0,0,0,0,0,0,0,0,0,0,0,0,0,0,70,252,252,116,0,0,0,0,0,0,0,0,0,0,0,0,0,0,0,0,0,0,0,0,0,0,0,0,7,211,252,116,0,0,0,0,0,0,0,0,0,0,0,0,0,0,0,0,0,0,0,0,0,0,0,0,38,233,253,116,0,0,0,0,0,0,0,0,0,0,0,0,0,0,0,0,0,0,0,0,0,0,0,0,25,223,252,116,0,0,0,0,0,0,0,0,0,0,0,0,0,0,0,0,0,0,0,0,0,0,0,0,0,207,252,116,0,0,0,0,0,0,0,0,0,0,0,0,0,0,0,0,0,0,0,0,0,0,0,0,0,207,252,116,0,0,0,0,0,0,0,0,0,0,0,0,0,0,0,0,0,0,0,0,0,0,0,0,0,207,252,116,0,0,0,0,0,0,0,0,0,0,0,0,0,0,0,0,0,0,0,0,0,0,0,0,0,208,253,116,0,0,0,0,0,0,0,0,0,0,0,0,0,0,0,0,0,0,0,0,0,0,0,0,0,133,252,116,0,0,0,0,0,0,0,0,0,0,0,0,0,0,0,0,0,0,0,0,0,0,0,0,0,176,252,199,0,0,0,0,0,0,0,0,0,0,0,0,0,0,0,0,0,0,0,0,0,0,0,0,0,207,252,230,0,0,0,0,0,0,0,0,0,0,0,0,0,0,0,0,0,0,0,0,0,0,0,0,0,207,252,241,95,0,0,0,0,0,0,0,0,0,0,0,0,0,0,0,0,0,0,0,0,0,0,0,0,208,253,255,207,0,0,0,0,0,0,0,0,0,0,0,0,0,0,0,0,0,0,0,0,0,0,0,0,186,252,253,206,0,0,0,0,0,0,0,0,0,0,0,0,0,0,0,0,0,0,0,0,0,0,0,0,93,252,253,206,0,0,0,0,0,0,0,0,0,0,0,0,0,0,0,0,0,0,0,0,0,0,0,0,59,244,253,164,0,0,0,0,0,0,0,0,0,0,0,0,0,0,0,0,0,0,0,0,0,0,0,0,0,126,180,8,0,0,0,0,0,0,0,0,0,0,0,0,0,0,0,0,0,0,0,0,0,0,0,0,0,0,0,0,0,0,0,0,0,0,0,0,0,0,0,0,0,0,0,0,0,0,0,0,0,0,0,0,0,0,0,0,0,0,0,0,0,0,0,0,0,0,0,0,0,0,0,0,0,0,0,0,0,0,0,0,0,0,0,0,0,0,0,0,0,0,0,0,0,0,0,0,0,0,0,0,0,0,0,0,0,0,0,0,0,0,0,0,0,0,0,0,0,0,0,0,0,0,0
4,0,0,0,0,0,0,0,0,0,0,0,0,0,0,0,0,0,0,0,0,0,0,0,0,0,0,0,0,0,0,0,0,0,0,0,0,0,0,0,0,0,0,0,0,0,0,0,0,0,0,0,0,0,0,0,0,0,0,0,0,0,0,0,0,0,0,0,0,0,0,0,0,0,0,0,0,0,0,0,0,0,0,0,0,0,0,0,0,0,0,0,0,0,0,0,0,0,0,0,0,0,0,0,0,0,0,0,0,0,0,0,0,0,0,0,0,0,0,0,0,0,0,0,0,0,0,0,0,0,0,0,0,0,0,0,0,0,0,0,0,0,0,0,0,0,0,0,0,47,109,94,0,0,0,0,0,0,94,129,170,110,15,0,0,0,0,0,0,0,0,0,0,0,0,0,125,232,252,215,0,0,0,0,0,94,247,252,252,253,159,0,0,0,0,0,0,0,0,0,0,0,0,0,144,252,252,236,62,0,0,0,0,94,247,252,252,253,231,52,0,0,0,0,0,0,0,0,0,0,0,0,144,252,252,215,0,0,0,0,0,0,217,252,252,253,210,31,0,0,0,0,0,0,0,0,0,0,0,0,144,252,252,215,0,0,0,0,0,0,154,252,252,253,179,0,0,0,0,0,0,0,0,0,0,0,0,0,144,252,252,215,0,0,0,0,0,0,197,252,252,253,55,0,0,0,0,0,0,0,0,0,0,0,0,6,160,252,252,215,0,0,0,0,0,99,242,252,252,253,35,0,0,0,0,0,0,0,0,0,0,0,0,37,252,252,252,215,0,0,0,0,0,253,252,252,252,253,35,0,0,0,0,0,0,0,0,0,0,0,0,99,253,253,253,232,47,0,0,99,253,255,253,253,253,255,35,0,0,0,0,0,0,0,0,0,0,0,63,242,252,252,252,252,232,218,217,242,252,253,252,252,252,253,35,0,0,0,0,0,0,0,0,0,0,0,73,252,252,252,252,252,252,253,252,252,252,253,252,252,252,253,35,0,0,0,0,0,0,0,0,0,0,0,73,252,252,252,252,252,252,253,252,252,252,253,252,252,252,253,35,0,0,0,0,0,0,0,0,0,0,0,73,253,253,253,253,253,253,255,253,253,253,255,253,253,253,255,35,0,0,0,0,0,0,0,0,0,0,0,52,190,252,252,252,252,252,180,179,231,252,253,252,252,252,253,35,0,0,0,0,0,0,0,0,0,0,0,0,11,154,215,215,215,132,0,0,51,71,253,252,252,252,253,35,0,0,0,0,0,0,0,0,0,0,0,0,0,0,0,0,0,0,0,0,0,84,253,252,252,252,253,35,0,0,0,0,0,0,0,0,0,0,0,0,0,0,0,0,0,0,0,0,0,0,255,253,253,253,255,35,0,0,0,0,0,0,0,0,0,0,0,0,0,0,0,0,0,0,0,0,0,0,128,252,252,252,253,35,0,0,0,0,0,0,0,0,0,0,0,0,0,0,0,0,0,0,0,0,0,0,31,195,241,252,253,56,0,0,0,0,0,0,0,0,0,0,0,0,0,0,0,0,0,0,0,0,0,0,0,0,181,252,253,97,0,0,0,0,0,0,0,0,0,0,0,0,0,0,0,0,0,0,0,0,0,0,0,0,0,0,0,0,0,0,0,0,0,0,0,0,0,0,0,0,0,0,0,0,0,0,0,0,0,0,0,0,0,0,0,0,0,0,0,0,0,0,0,0,0,0,0,0,0,0,0,0,0,0,0,0,0,0,0,0,0,0,0,0,0,0,0,0,0,0
6,0,0,0,0,0,0,0,0,0,0,0,0,0,0,0,0,0,0,0,0,0,0,0,0,0,0,0,0,0,0,0,0,0,0,0,0,0,0,0,0,0,0,0,0,0,0,0,0,0,0,0,0,0,0,0,0,0,0,0,0,0,0,0,0,0,0,0,0,0,0,0,0,0,0,0,0,0,0,0,0,0,0,0,0,0,0,0,0,0,0,0,0,0,0,0,64,255,191,0,0,0,0,0,0,0,0,0,0,0,0,0,0,0,0,0,0,0,0,0,0,0,0,128,255,255,255,128,0,0,0,0,0,0,0,0,0,0,0,0,0,0,0,0,0,0,0,0,0,0,128,255,255,255,255,64,0,0,0,0,0,0,0,0,0,0,0,0,0,0,0,0,0,0,0,0,0,64,255,255,255,255,128,0,0,0,0,0,0,0,0,0,0,0,0,0,0,0,0,0,0,0,0,0,0,191,255,255,255,191,64,0,0,0,0,0,0,0,0,0,0,0,0,0,0,0,0,0,0,0,0,0,128,255,255,255,191,0,0,0,0,0,0,0,0,0,0,0,0,0,0,0,0,0,0,0,0,0,0,0,191,255,255,191,0,0,0,0,0,0,0,0,0,0,0,0,0,0,0,0,0,0,0,0,0,0,0,0,255,255,191,64,0,0,0,0,0,0,0,0,0,0,0,0,0,0,0,0,0,0,0,0,0,0,0,64,255,255,0,0,0,0,0,0,0,0,0,0,0,0,0,0,0,0,0,0,0,0,0,0,0,0,0,128,255,255,0,0,0,0,0,0,0,0,0,0,0,128,255,255,255,191,64,0,0,0,0,0,0,0,0,255,255,255,0,0,0,0,0,0,0,0,0,64,191,255,255,255,255,255,255,0,0,0,0,0,0,0,0,255,255,255,0,0,0,0,0,0,0,0,64,255,255,255,255,255,255,255,191,0,0,0,0,0,0,0,0,255,255,255,0,0,0,0,0,0,0,0,191,255,255,255,255,255,255,255,64,0,0,0,0,0,0,0,0,255,255,255,64,0,0,0,0,0,0,0,255,255,255,255,255,255,255,191,0,0,0,0,0,0,0,0,0,128,255,255,255,64,0,0,0,0,0,0,255,255,255,255,255,255,191,0,0,0,0,0,0,0,0,0,0,64,255,255,255,255,255,128,128,0,128,191,255,255,255,255,255,64,0,0,0,0,0,0,0,0,0,0,0,0,191,255,255,255,255,255,255,255,255,255,255,255,255,255,0,0,0,0,0,0,0,0,0,0,0,0,0,0,0,191,255,255,255,255,255,255,255,255,255,255,64,0,0,0,0,0,0,0,0,0,0,0,0,0,0,0,0,0,128,191,255,255,255,255,255,191,128,0,0,0,0,0,0,0,0,0,0,0,0,0,0,0,0,0,0,0,0,0,64,128,128,64,0,0,0,0,0,0,0,0,0,0,0,0,0,0,0,0,0,0,0,0,0,0,0,0,0,0,0,0,0,0,0,0,0,0,0,0,0,0,0,0,0,0,0,0,0,0,0,0,0,0,0,0,0,0,0,0,0,0,0,0,0,0,0,0,0,0,0,0,0,0,0,0,0,0,0,0,0,0,0,0,0,0,0,0,0,0,0,0,0,0,0,0,0,0,0,0,0,0,0,0,0,0,0,0,0,0,0,0,0,0,0,0,0,0,0,0,0,0,0,0,0,0,0,0,0,0,0,0,0,0,0,0,0,0,0,0,0,0,0,0,0,0,0,0,0,0,0,0,0,0,0,0,0
2,0,0,0,0,0,0,0,0,0,0,0,0,0,0,0,0,0,0,0,0,0,0,0,0,0,0,0,0,0,0,0,0,0,0,0,0,0,0,0,0,0,0,0,0,0,0,0,0,0,0,0,0,0,0,0,0,0,0,0,0,0,0,0,0,0,0,0,0,0,0,0,0,0,0,0,0,0,0,0,0,0,0,0,0,0,0,0,0,0,0,0,0,0,0,0,0,0,0,0,0,0,0,0,0,0,0,0,0,0,0,0,0,0,0,0,0,0,0,0,0,0,0,0,0,0,0,0,0,0,0,0,0,0,0,0,0,0,0,0,0,0,0,0,0,0,0,0,0,0,0,20,130,212,255,254,254,254,157,91,5,0,0,0,0,0,0,0,0,0,0,0,0,0,0,0,0,8,86,208,253,253,251,241,241,244,253,253,213,31,2,0,0,0,0,0,0,0,0,0,0,0,0,0,17,205,253,251,216,111,90,0,0,30,111,217,253,253,30,0,0,0,0,0,0,0,0,0,0,0,0,1,148,253,226,92,0,0,0,0,0,0,0,81,253,253,30,0,0,0,0,0,0,0,0,0,0,0,0,22,253,251,92,0,0,0,0,0,0,0,0,157,253,253,30,0,0,0,0,0,0,0,0,0,0,0,0,130,245,86,0,0,0,0,0,0,0,11,74,236,240,170,11,0,0,0,0,0,0,0,0,0,0,0,0,106,82,0,0,0,0,0,0,0,0,90,253,253,145,0,0,0,0,0,0,0,0,0,0,0,0,0,0,0,0,0,0,0,0,0,0,11,141,234,253,113,14,0,0,0,0,0,0,0,0,0,0,0,0,0,0,0,0,0,0,0,0,0,36,196,253,238,101,15,0,0,0,0,0,0,0,0,0,0,0,0,0,0,0,0,0,0,0,0,0,42,160,253,238,79,0,0,0,0,0,0,0,0,0,0,0,0,0,0,0,0,0,0,0,0,0,0,62,233,253,205,79,0,0,0,0,0,0,0,0,0,0,0,0,0,0,0,0,0,0,0,0,0,0,61,233,253,178,16,0,0,0,0,0,0,0,0,0,129,65,0,0,0,0,0,0,0,0,0,0,0,48,186,253,178,16,0,0,0,0,0,0,0,0,0,36,246,5,0,0,0,0,0,0,0,0,0,0,7,185,253,240,57,0,0,0,0,0,0,0,0,35,199,230,113,1,0,0,0,0,0,0,0,0,0,0,65,253,242,76,0,0,0,0,0,0,0,0,126,231,214,106,2,0,0,0,0,0,0,0,0,0,0,11,240,253,113,0,0,0,0,0,0,30,139,223,249,214,90,0,0,0,0,0,0,0,0,0,0,0,0,13,253,243,58,0,0,0,0,0,114,237,253,253,163,30,0,0,0,0,0,0,0,0,0,0,0,0,0,13,253,239,44,0,20,90,108,236,249,253,163,100,3,0,0,0,0,0,0,0,0,0,0,0,0,0,0,13,253,253,246,242,244,251,250,253,163,100,3,0,0,0,0,0,0,0,0,0,0,0,0,0,0,0,0,1,15,202,253,253,253,229,129,38,2,0,0,0,0,0,0,0,0,0,0,0,0,0,0,0,0,0,0,0,0,0,0,0,0,0,0,0,0,0,0,0,0,0,0,0,0,0,0,0,0,0,0,0,0,0,0,0,0,0,0,0,0,0,0,0,0,0,0,0,0,0,0,0,0,0,0,0,0,0,0,0,0,0,0,0,0,0,0,0,0,0,0,0,0,0,0,0,0,0,0,0,0,0,0,0
5,0,0,0,0,0,0,0,0,0,0,0,0,0,0,0,0,0,0,0,0,0,0,0,0,0,0,0,0,0,0,0,0,0,0,0,0,0,0,0,0,0,0,0,0,0,0,0,0,0,0,0,0,0,0,0,0,0,0,0,0,0,0,0,0,0,0,0,0,0,0,0,0,0,0,0,0,0,0,0,0,0,0,0,0,0,0,0,0,0,0,0,0,0,0,0,0,0,0,0,0,0,0,0,0,0,0,0,0,0,0,0,0,0,0,0,0,0,0,0,0,0,0,0,0,0,0,0,20,38,127,158,255,89,0,0,0,0,0,0,0,0,0,0,0,0,0,0,0,0,0,0,0,0,49,116,220,253,253,253,201,30,0,0,0,0,0,0,0,0,0,0,0,0,0,0,0,0,0,0,2,158,242,253,253,252,206,83,10,0,0,0,0,0,0,0,0,0,0,0,0,0,0,0,0,0,0,0,106,253,253,253,213,115,0,0,0,0,0,0,0,0,0,0,0,0,0,0,0,0,0,0,0,0,0,16,214,253,236,133,4,0,0,0,0,0,0,0,0,0,0,0,0,0,0,0,0,0,0,0,0,0,1,104,253,253,148,0,0,0,0,0,0,0,0,0,0,0,0,0,0,0,0,0,0,0,0,0,0,0,11,253,253,253,113,0,0,0,0,0,0,0,0,0,0,0,0,0,0,0,0,0,0,0,0,0,0,0,11,253,253,253,241,195,195,124,17,0,0,0,0,0,0,0,0,0,0,0,0,0,0,0,0,0,0,0,111,253,253,253,253,253,253,253,237,118,6,0,0,0,0,0,0,0,0,0,0,0,0,0,0,0,0,0,48,233,235,100,92,92,146,235,253,253,163,10,0,0,0,0,0,0,0,0,0,0,0,0,0,0,0,0,0,33,35,0,0,0,0,36,130,253,253,43,0,0,0,0,0,0,0,0,0,0,0,0,0,0,0,0,0,0,0,0,0,0,0,0,98,253,253,98,0,0,0,0,0,0,0,0,0,0,0,0,0,0,0,0,0,0,0,0,0,0,0,0,124,253,253,126,0,0,0,0,0,0,0,0,0,0,0,0,0,0,0,32,94,0,0,0,0,0,0,91,244,253,253,43,0,0,0,0,0,0,0,0,0,0,0,0,0,0,5,192,185,0,0,0,0,0,91,250,253,253,179,2,0,0,0,0,0,0,0,0,0,0,0,0,0,0,118,253,134,0,0,0,0,24,242,253,253,246,60,0,0,0,0,0,0,0,0,0,0,0,0,0,0,0,151,253,178,0,0,51,127,226,253,253,253,93,0,0,0,0,0,0,0,0,0,0,0,0,0,0,0,0,92,253,253,249,249,251,253,253,253,206,72,1,0,0,0,0,0,0,0,0,0,0,0,0,0,0,0,0,13,178,253,253,253,253,253,198,82,26,0,0,0,0,0,0,0,0,0,0,0,0,0,0,0,0,0,0,0,47,187,105,145,93,37,8,0,0,0,0,0,0,0,0,0,0,0,0,0,0,0,0,0,0,0,0,0,0,0,0,0,0,0,0,0,0,0,0,0,0,0,0,0,0,0,0,0,0,0,0,0,0,0,0,0,0,0,0,0,0,0,0,0,0,0,0,0,0,0,0,0,0,0,0,0,0,0,0,0,0,0,0,0,0,0,0,0,0,0,0,0,0,0,0,0,0,0,0,0,0,0,0,0,0,0,0,0,0,0,0,0,0,0,0,0,0,0,0,0,0,0,0,0,0,0,0,0,0,0,0,0
4,0,0,0,0,0,0,0,0,0,0,0,0,0,0,0,0,0,0,0,0,0,0,0,0,0,0,0,0,0,0,0,0,0,0,0,0,0,0,0,0,0,0,0,0,0,0,0,0,0,0,0,0,0,0,0,0,0,0,0,0,0,0,0,0,0,0,0,0,0,0,0,0,0,0,0,0,0,0,0,0,0,0,0,0,0,0,0,0,0,0,0,0,0,0,0,0,0,0,0,0,0,0,0,0,0,0,0,0,0,0,0,0,0,0,0,0,0,0,0,0,0,0,0,0,0,0,0,0,0,0,0,0,0,0,0,0,0,0,0,0,0,0,0,0,0,0,0,0,0,0,0,0,0,0,0,0,0,0,0,0,0,0,0,0,0,0,0,0,0,0,0,0,0,0,0,0,0,0,0,0,0,15,195,195,99,0,0,0,0,0,0,0,0,0,0,0,0,0,0,0,0,0,0,0,0,0,0,13,80,32,253,254,249,42,0,0,0,0,0,0,0,0,0,0,0,0,0,0,0,0,0,0,0,0,43,221,248,46,197,254,253,88,0,0,0,0,0,0,0,0,0,0,0,0,0,0,0,0,0,0,0,17,209,254,206,0,118,254,253,171,0,0,0,0,0,0,0,0,0,0,0,0,0,0,0,0,0,0,38,187,254,210,9,0,34,255,254,197,0,0,0,0,0,0,0,0,0,0,0,0,0,0,0,0,0,55,201,253,253,129,5,0,0,254,253,242,38,0,0,0,0,0,0,0,0,0,0,0,0,0,0,0,0,170,253,253,253,254,194,108,15,254,253,253,69,0,0,0,0,0,0,0,0,0,0,0,0,0,0,0,0,220,253,253,219,161,177,253,228,254,253,253,69,0,0,0,0,0,0,0,0,0,0,0,0,0,0,0,0,26,93,51,0,0,0,51,235,254,254,254,69,0,0,0,0,0,0,0,0,0,0,0,0,0,0,0,0,0,0,0,0,0,0,0,17,254,253,253,69,0,0,0,0,0,0,0,0,0,0,0,0,0,0,0,0,0,0,0,0,0,0,0,0,211,253,253,69,0,0,0,0,0,0,0,0,0,0,0,0,0,0,0,0,0,0,0,0,0,0,0,0,161,253,253,103,0,0,0,0,0,0,0,0,0,0,0,0,0,0,0,0,0,0,0,0,0,0,0,0,104,254,254,161,0,0,0,0,0,0,0,0,0,0,0,0,0,0,0,0,0,0,0,0,0,0,0,0,45,245,253,111,0,0,0,0,0,0,0,0,0,0,0,0,0,0,0,0,0,0,0,0,0,0,0,0,70,253,253,144,0,0,0,0,0,0,0,0,0,0,0,0,0,0,0,0,0,0,0,0,0,0,0,0,19,236,253,194,0,0,0,0,0,0,0,0,0,0,0,0,0,0,0,0,0,0,0,0,0,0,0,0,0,231,254,254,0,0,0,0,0,0,0,0,0,0,0,0,0,0,0,0,0,0,0,0,0,0,0,0,0,230,253,253,0,0,0,0,0,0,0,0,0,0,0,0,0,0,0,0,0,0,0,0,0,0,0,0,0,146,253,253,0,0,0,0,0,0,0,0,0,0,0,0,0,0,0,0,0,0,0,0,0,0,0,0,0,13,119,219,0,0,0,0,0,0,0,0,0,0,0,0,0,0,0,0,0,0,0,0,0,0,0,0,0,0,0,0,0,0,0,0,0,0,0,0,0,0,0,0,0,0,0,0,0,0,0,0,0,0,0,0,0,0,0,0,0,0,0,0,0,0,0,0,0
2,0,0,0,0,0,0,0,0,0,0,0,0,0,0,0,0,0,0,0,0,0,0,0,0,0,0,0,0,0,0,0,0,0,0,0,0,0,0,0,0,0,0,0,0,0,0,0,0,0,0,0,0,0,0,0,0,0,0,0,0,0,0,0,0,0,0,0,0,0,0,0,0,0,0,0,0,0,0,0,0,0,0,0,0,0,0,0,0,0,0,0,0,0,0,0,0,0,0,0,0,0,0,0,0,0,0,0,0,0,0,0,0,0,0,0,0,0,0,0,0,0,0,0,0,0,0,0,0,0,0,0,0,0,0,0,0,0,0,0,0,0,0,0,0,0,0,0,13,154,253,165,191,129,29,29,4,0,0,0,0,0,0,0,0,0,0,0,0,0,0,0,0,0,0,0,113,253,252,208,221,253,252,252,178,108,19,0,0,0,0,0,0,0,0,0,0,0,0,0,0,0,0,0,76,56,56,13,25,69,224,252,252,253,215,44,0,0,0,0,0,0,0,0,0,0,0,0,0,0,0,0,0,0,0,0,0,0,19,65,190,253,252,193,13,0,0,0,0,0,0,0,0,0,0,0,0,0,0,0,0,0,0,0,0,0,0,0,0,29,253,253,91,0,0,0,0,0,0,0,0,0,0,0,0,0,0,0,0,0,0,0,0,0,0,0,0,29,252,252,139,0,0,0,0,0,0,0,0,0,0,0,0,0,0,0,0,0,0,0,0,0,0,0,0,66,252,252,139,0,0,0,0,0,0,0,0,0,0,0,0,0,0,0,0,0,0,0,0,0,0,0,51,241,252,214,28,0,0,0,0,0,0,0,0,0,0,0,0,0,0,0,0,0,0,0,0,0,0,60,241,255,247,100,0,0,0,0,0,0,0,0,0,0,0,0,0,0,0,0,0,0,0,0,0,0,63,234,252,247,103,0,0,0,0,0,0,0,0,0,0,0,0,0,0,0,0,0,0,0,0,0,0,60,234,252,214,50,0,0,0,0,0,0,0,0,0,0,0,0,0,0,0,0,0,0,0,0,0,0,0,241,252,214,78,0,0,0,0,0,0,0,0,0,0,0,0,0,0,0,0,0,0,0,0,0,0,10,179,255,209,76,0,0,0,0,0,0,0,0,0,0,0,0,0,0,0,0,0,0,0,0,0,0,0,110,252,247,65,0,0,0,0,0,0,0,0,0,0,0,0,0,0,0,0,0,0,0,0,0,0,0,19,215,252,187,0,0,0,0,0,0,0,0,0,0,0,0,0,0,0,0,0,0,0,0,0,0,0,0,57,252,252,113,0,0,0,0,0,0,0,0,0,0,0,0,0,0,0,0,0,0,0,0,0,0,0,0,26,223,253,192,60,0,0,0,0,0,0,0,0,0,0,0,0,0,0,0,0,0,0,0,0,0,0,0,0,122,252,253,234,131,57,0,0,0,0,0,0,0,0,0,0,0,0,0,0,0,0,0,0,0,0,0,0,19,106,253,252,252,252,198,197,197,147,0,0,0,0,0,0,0,0,0,0,0,0,0,0,0,0,0,0,0,0,40,165,252,252,253,252,252,151,0,0,0,0,0,0,0,0,0,0,0,0,0,0,0,0,0,0,0,0,0,0,0,0,0,0,0,0,0,0,0,0,0,0,0,0,0,0,0,0,0,0,0,0,0,0,0,0,0,0,0,0,0,0,0,0,0,0,0,0,0,0,0,0,0,0,0,0,0,0,0,0,0,0,0,0,0,0,0,0,0,0,0,0,0,0,0,0,0,0,0,0
0,0,0,0,0,0,0,0,0,0,0,0,0,0,0,0,0,0,0,0,0,0,0,0,0,0,0,0,0,0,0,0,0,0,0,0,0,0,0,0,0,0,0,0,0,0,0,0,0,0,0,0,0,0,0,0,0,0,0,0,0,0,0,0,0,0,0,0,0,0,0,0,0,0,0,0,0,0,0,0,0,0,0,0,0,0,0,0,0,0,0,0,0,0,0,0,0,0,0,0,0,0,0,0,0,0,0,0,0,0,0,0,0,0,0,0,0,0,0,0,0,0,0,0,0,0,0,0,0,0,0,0,0,0,0,0,0,0,0,0,0,0,0,0,0,0,0,0,0,0,0,0,0,151,253,253,255,129,105,105,12,0,0,0,0,0,0,0,0,0,0,0,0,0,0,0,0,0,0,25,208,249,252,252,253,252,252,252,213,103,60,4,0,0,0,0,0,0,0,0,0,0,0,0,0,0,5,131,252,252,252,252,253,252,252,252,252,252,252,168,38,0,0,0,0,0,0,0,0,0,0,0,0,0,145,252,252,252,252,181,133,132,132,132,238,252,252,252,128,0,0,0,0,0,0,0,0,0,0,0,0,36,232,252,252,252,252,103,0,0,0,0,70,186,252,252,220,31,0,0,0,0,0,0,0,0,0,0,11,213,252,248,142,74,74,30,0,0,0,0,0,9,168,252,252,121,0,0,0,0,0,0,0,0,0,0,95,252,252,222,0,0,0,0,0,0,0,0,0,0,134,252,252,252,0,0,0,0,0,0,0,0,0,0,164,252,252,169,0,0,0,0,0,0,0,0,0,0,134,252,252,252,0,0,0,0,0,0,0,0,0,46,231,252,238,61,0,0,0,0,0,0,0,0,0,0,134,252,252,252,0,0,0,0,0,0,0,0,0,147,252,252,90,0,0,0,0,0,0,0,0,0,0,0,134,252,252,163,0,0,0,0,0,0,0,0,44,227,253,253,29,0,0,0,0,0,0,0,0,0,0,92,253,253,253,104,0,0,0,0,0,0,0,0,105,252,252,223,22,0,0,0,0,0,0,0,0,0,98,239,252,252,179,18,0,0,0,0,0,0,0,0,105,252,252,132,0,0,0,0,0,0,0,0,19,164,242,252,252,237,55,0,0,0,0,0,0,0,0,0,174,252,252,132,0,0,0,0,0,0,0,99,205,252,252,252,188,8,0,0,0,0,0,0,0,0,0,0,253,252,252,132,0,0,0,0,0,45,136,247,252,252,229,159,14,0,0,0,0,0,0,0,0,0,0,0,235,252,252,132,0,0,0,29,144,222,253,252,252,237,156,0,0,0,0,0,0,0,0,0,0,0,0,0,105,252,252,196,95,16,134,245,252,252,253,252,164,63,0,0,0,0,0,0,0,0,0,0,0,0,0,0,105,252,252,252,248,240,252,252,252,199,163,40,5,0,0,0,0,0,0,0,0,0,0,0,0,0,0,0,25,192,252,252,252,246,207,154,59,24,0,0,0,0,0,0,0,0,0,0,0,0,0,0,0,0,0,0,0,25,103,103,103,91,0,0,0,0,0,0,0,0,0,0,0,0,0,0,0,0,0,0,0,0,0,0,0,0,0,0,0,0,0,0,0,0,0,0,0,0,0,0,0,0,0,0,0,0,0,0,0,0,0,0,0,0,0,0,0,0,0,0,0,0,0,0,0,0,0,0,0,0,0,0,0,0,0,0,0,0,0,0,0,0,0,0,0,0,0,0,0,0,0,0,0,0,0,0,0,0,0,0,0,0,0
6,0,0,0,0,0,0,0,0,0,0,0,0,0,0,0,0,0,0,0,0,0,0,0,0,0,0,0,0,0,0,0,0,0,0,0,0,0,0,0,0,0,0,0,0,0,0,0,0,0,0,0,0,0,0,0,0,0,0,0,0,0,0,0,0,0,0,0,0,0,0,0,0,0,0,0,0,0,0,0,0,0,0,0,0,0,0,0,0,0,0,0,0,0,0,0,0,0,0,0,44,105,105,105,207,44,0,0,0,0,0,0,0,0,0,0,0,0,0,0,0,0,0,0,0,0,0,36,229,253,249,193,48,0,0,0,0,0,0,0,0,0,0,0,0,0,0,0,0,0,0,0,0,0,0,149,254,253,229,0,0,0,0,0,0,0,0,0,0,0,0,0,0,0,0,0,0,0,0,0,0,0,22,198,254,225,47,0,0,0,0,0,0,0,0,0,0,0,0,0,0,0,0,0,0,0,0,0,0,0,90,253,254,61,0,0,0,0,0,0,0,0,0,0,0,0,0,0,0,0,0,0,0,0,0,0,0,64,236,253,162,13,0,0,0,0,0,0,0,0,0,0,0,0,0,0,0,0,0,0,0,0,0,0,0,169,253,253,0,0,0,0,0,0,0,0,0,0,0,0,0,0,0,0,0,0,0,0,0,0,0,11,169,252,253,112,0,0,0,0,0,0,0,0,0,0,0,0,0,0,0,0,0,0,0,0,0,0,0,30,253,253,218,24,0,0,0,0,0,0,0,0,0,0,0,0,0,0,0,0,0,0,0,0,0,0,0,30,253,253,120,0,0,0,0,0,0,0,0,0,0,0,0,0,0,0,0,0,0,0,0,0,0,0,0,31,254,217,35,0,44,229,246,56,0,0,0,0,0,0,0,0,0,0,0,0,0,0,0,0,0,0,0,154,253,163,0,36,229,253,253,161,7,0,0,0,0,0,0,0,0,0,0,0,0,0,0,0,0,0,0,179,253,163,30,217,239,242,253,253,29,0,0,0,0,0,0,0,0,0,0,0,0,0,0,0,0,0,0,179,253,163,24,133,0,60,253,253,29,0,0,0,0,0,0,0,0,0,0,0,0,0,0,0,0,0,45,223,253,163,0,0,0,105,253,253,29,0,0,0,0,0,0,0,0,0,0,0,0,0,0,0,0,0,0,70,239,227,65,13,0,122,253,253,135,0,0,0,0,0,0,0,0,0,0,0,0,0,0,0,0,0,0,0,134,253,253,183,135,233,253,253,99,0,0,0,0,0,0,0,0,0,0,0,0,0,0,0,0,0,0,0,134,253,253,253,255,253,248,93,2,0,0,0,0,0,0,0,0,0,0,0,0,0,0,0,0,0,0,0,32,200,243,253,254,242,108,0,0,0,0,0,0,0,0,0,0,0,0,0,0,0,0,0,0,0,0,0,0,0,80,192,105,80,0,0,0,0,0,0,0,0,0,0,0,0,0,0,0,0,0,0,0,0,0,0,0,0,0,0,0,0,0,0,0,0,0,0,0,0,0,0,0,0,0,0,0,0,0,0,0,0,0,0,0,0,0,0,0,0,0,0,0,0,0,0,0,0,0,0,0,0,0,0,0,0,0,0,0,0,0,0,0,0,0,0,0,0,0,0,0,0,0,0,0,0,0,0,0,0,0,0,0,0,0,0,0,0,0,0,0,0,0,0,0,0,0,0,0,0,0,0,0,0,0,0,0,0,0,0,0,0,0,0,0,0,0,0,0,0,0,0,0,0,0,0,0,0,0,0,0,0,0,0,0
2,0,0,0,0,0,0,0,0,0,0,0,0,0,0,0,0,0,0,0,0,0,0,0,0,0,0,0,0,0,0,0,0,0,0,0,0,0,0,0,0,0,0,0,0,0,0,0,0,0,0,0,0,0,0,0,0,0,0,0,0,0,0,0,0,0,0,0,0,0,0,0,0,0,0,0,0,0,0,0,0,0,0,0,0,0,0,0,0,0,0,0,0,0,0,0,106,230,230,118,51,0,0,0,0,0,0,0,0,0,0,0,0,0,0,0,0,0,0,0,0,0,0,103,252,254,254,254,243,235,104,13,0,0,0,0,0,0,0,0,0,0,0,0,0,0,0,0,0,0,0,227,228,240,254,254,254,254,254,174,17,0,0,0,0,0,0,0,0,0,0,0,0,0,0,0,0,0,101,169,40,50,203,254,144,61,245,254,173,17,0,0,0,0,0,0,0,0,0,0,0,0,0,0,0,10,215,159,4,66,233,251,95,0,134,231,254,75,0,0,0,0,0,0,0,0,0,0,0,0,0,0,0,14,248,254,163,236,254,219,0,0,0,84,254,157,0,0,0,0,0,0,0,0,0,0,0,0,0,0,0,0,64,252,254,254,229,43,0,0,0,41,227,234,50,0,0,0,0,0,0,0,0,0,0,0,0,0,0,0,0,66,144,144,42,0,0,0,0,0,140,254,155,0,0,0,0,0,0,0,0,0,0,0,0,0,0,0,0,0,0,0,0,0,0,0,0,0,63,254,234,0,0,0,0,0,0,0,0,0,0,0,0,0,0,0,0,0,0,0,0,0,0,0,0,0,63,254,234,0,0,0,0,0,0,0,0,0,0,0,0,0,0,0,0,0,0,0,0,0,0,0,0,0,63,254,234,0,0,0,0,0,0,0,0,0,0,0,0,0,0,0,0,0,0,0,0,0,0,0,0,0,78,254,234,0,0,0,0,0,0,0,0,0,0,0,0,0,0,0,0,0,0,0,0,0,0,0,0,48,231,254,230,0,0,0,0,0,0,0,0,0,0,0,0,0,0,75,125,125,125,125,34,0,0,0,0,150,254,234,49,0,0,0,0,0,0,0,0,0,0,0,32,134,242,249,254,254,254,254,245,242,242,242,242,253,254,156,0,0,0,0,0,0,0,0,0,0,0,32,209,254,254,205,101,34,157,171,232,255,254,254,254,254,155,10,0,0,0,0,0,0,0,0,0,0,0,206,254,177,55,22,0,0,0,0,40,61,195,254,254,254,163,0,0,0,0,0,0,0,0,0,0,0,0,235,254,84,0,0,0,0,0,0,57,188,254,254,232,254,236,53,0,0,0,0,0,0,0,0,0,0,0,224,254,234,140,21,21,21,21,133,229,254,243,166,44,147,254,164,20,0,0,0,0,0,0,0,0,0,0,45,233,254,254,254,254,254,254,254,254,239,50,0,0,38,225,254,234,0,0,0,0,0,0,0,0,0,0,0,0,0,0,0,0,0,0,0,0,0,0,0,0,0,0,0,0,0,0,0,0,0,0,0,0,0,0,0,0,0,0,0,0,0,0,0,0,0,0,0,0,0,0,0,0,0,0,0,0,0,0,0,0,0,0,0,0,0,0,0,0,0,0,0,0,0,0,0,0,0,0,0,0,0,0,0,0,0,0,0,0,0,0,0,0,0,0,0,0,0,0,0,0,0,0,0,0,0,0,0,0,0,0,0,0,0,0,0,0,0,0,0,0,0,0,0,0,0,0,0,0,0,0,0,0,0,0,0,0,0,0,0,0,0,0
1,0,0,0,0,0,0,0,0,0,0,0,0,0,0,0,0,0,0,0,0,0,0,0,0,0,0,0,0,0,0,0,0,0,0,0,0,0,0,0,0,0,0,0,0,0,0,0,0,0,0,0,0,0,0,0,0,0,0,0,0,0,0,0,0,0,0,0,0,0,0,0,0,0,0,0,0,0,0,0,0,0,0,0,0,0,0,0,0,0,0,0,0,0,0,0,0,0,0,0,0,0,0,0,0,0,0,0,0,0,0,0,0,0,0,0,0,0,0,0,0,0,0,0,0,0,0,0,0,0,0,0,0,0,0,0,0,0,0,0,0,0,0,0,0,0,0,0,0,0,0,0,0,0,0,0,0,0,154,253,178,4,0,0,0,0,0,0,0,0,0,0,0,0,0,0,0,0,0,0,0,0,0,0,0,76,253,252,233,22,0,0,0,0,0,0,0,0,0,0,0,0,0,0,0,0,0,0,0,0,0,0,0,200,253,252,168,0,0,0,0,0,0,0,0,0,0,0,0,0,0,0,0,0,0,0,0,0,0,0,76,249,253,252,68,0,0,0,0,0,0,0,0,0,0,0,0,0,0,0,0,0,0,0,0,0,0,32,229,253,255,197,0,0,0,0,0,0,0,0,0,0,0,0,0,0,0,0,0,0,0,0,0,0,0,57,252,252,253,196,0,0,0,0,0,0,0,0,0,0,0,0,0,0,0,0,0,0,0,0,0,0,10,172,252,252,244,81,0,0,0,0,0,0,0,0,0,0,0,0,0,0,0,0,0,0,0,0,0,0,79,252,252,252,125,0,0,0,0,0,0,0,0,0,0,0,0,0,0,0,0,0,0,0,0,0,0,0,141,253,253,253,51,0,0,0,0,0,0,0,0,0,0,0,0,0,0,0,0,0,0,0,0,0,0,0,166,252,252,151,0,0,0,0,0,0,0,0,0,0,0,0,0,0,0,0,0,0,0,0,0,0,0,38,253,252,252,28,0,0,0,0,0,0,0,0,0,0,0,0,0,0,0,0,0,0,0,0,0,0,0,163,253,252,214,15,0,0,0,0,0,0,0,0,0,0,0,0,0,0,0,0,0,0,0,0,0,0,10,229,254,253,156,0,0,0,0,0,0,0,0,0,0,0,0,0,0,0,0,0,0,0,0,0,0,13,172,252,253,214,19,0,0,0,0,0,0,0,0,0,0,0,0,0,0,0,0,0,0,0,0,0,0,57,252,252,253,158,0,0,0,0,0,0,0,0,0,0,0,0,0,0,0,0,0,0,0,0,0,0,0,157,252,252,241,47,0,0,0,0,0,0,0,0,0,0,0,0,0,0,0,0,0,0,0,0,0,0,29,253,253,253,226,0,0,0,0,0,0,0,0,0,0,0,0,0,0,0,0,0,0,0,0,0,0,0,10,196,252,252,150,0,0,0,0,0,0,0,0,0,0,0,0,0,0,0,0,0,0,0,0,0,0,0,0,131,252,252,113,0,0,0,0,0,0,0,0,0,0,0,0,0,0,0,0,0,0,0,0,0,0,0,0,32,177,252,63,0,0,0,0,0,0,0,0,0,0,0,0,0,0,0,0,0,0,0,0,0,0,0,0,0,0,0,0,0,0,0,0,0,0,0,0,0,0,0,0,0,0,0,0,0,0,0,0,0,0,0,0,0,0,0,0,0,0,0,0,0,0,0,0,0,0,0,0,0,0,0,0,0,0,0,0,0,0,0,0,0,0,0,0,0,0,0,0,0,0,0,0,0,0,0,0,0,0
7,0,0,0,0,0,0,0,0,0,0,0,0,0,0,0,0,0,0,0,0,0,0,0,0,0,0,0,0,0,0,0,0,0,0,0,0,0,0,0,0,0,0,0,0,0,0,0,0,0,0,0,0,0,0,0,0,0,0,0,0,0,0,0,0,0,0,0,0,0,0,0,0,0,0,0,0,0,0,0,0,0,0,0,0,0,0,0,0,0,0,0,0,0,0,0,0,0,0,0,0,0,0,0,0,0,0,0,0,0,0,0,0,0,0,0,0,0,0,0,0,0,0,0,0,0,0,0,0,0,0,0,0,0,0,0,0,0,0,0,0,0,0,0,0,0,0,0,0,0,0,0,0,0,0,0,0,0,0,0,0,0,0,0,0,0,0,0,0,0,0,0,0,0,0,0,0,0,0,0,0,0,0,0,0,0,0,0,0,0,0,0,0,0,0,0,0,0,0,0,0,0,0,0,0,0,0,24,92,92,203,192,92,50,0,0,0,0,0,0,0,0,0,0,0,0,0,0,0,0,0,0,0,4,108,201,254,254,254,254,254,221,46,0,0,0,0,0,0,0,0,0,0,0,0,0,0,0,0,0,53,136,254,254,254,254,254,254,254,254,213,0,0,0,0,0,0,0,0,0,0,0,0,0,0,0,0,26,226,254,254,246,221,61,57,121,246,254,245,96,0,0,0,0,0,0,0,0,0,0,0,0,0,0,0,34,254,230,130,97,0,0,0,0,190,254,254,123,0,0,0,0,0,0,0,0,0,0,0,0,0,0,0,6,40,32,0,0,0,0,0,0,190,254,254,123,0,0,0,0,0,0,0,0,0,0,0,0,0,0,0,0,0,0,0,0,0,0,0,55,226,254,254,123,0,0,0,0,0,0,0,0,0,0,0,0,0,0,0,0,0,0,0,0,0,0,0,100,254,254,244,91,0,0,0,0,0,0,0,0,0,0,0,0,0,0,0,0,0,0,0,0,0,0,0,100,254,254,213,0,0,0,0,0,0,0,0,0,0,0,0,0,0,0,0,0,0,0,0,0,0,0,0,100,254,254,213,0,0,0,0,0,0,0,0,0,0,0,0,0,0,0,0,0,0,0,0,0,0,0,1,105,254,254,101,0,0,0,0,0,0,0,0,0,0,0,0,0,0,0,0,0,0,0,0,0,0,0,9,254,254,254,49,0,0,0,0,0,0,0,0,0,0,0,0,0,0,0,0,0,0,0,0,0,0,0,9,254,254,168,13,0,0,0,0,0,0,0,0,0,0,0,0,0,0,0,0,0,0,0,0,0,0,0,9,254,254,139,0,0,0,0,0,0,0,0,0,0,0,0,0,0,0,0,0,0,0,0,0,0,0,0,9,254,255,139,0,0,0,0,0,0,0,0,0,0,0,0,0,0,0,0,0,0,0,0,0,0,0,0,9,254,254,139,0,0,0,0,0,0,0,0,0,0,0,0,0,0,0,0,0,0,0,0,0,0,0,0,153,254,249,108,0,0,0,0,0,0,0,0,0,0,0,0,0,0,0,0,0,0,0,0,0,0,0,0,173,254,230,0,0,0,0,0,0,0,0,0,0,0,0,0,0,0,0,0,0,0,0,0,0,0,0,0,18,254,230,0,0,0,0,0,0,0,0,0,0,0,0,0,0,0,0,0,0,0,0,0,0,0,0,0,3,153,230,0,0,0,0,0,0,0,0,0,0,0,0,0,0,0,0,0,0,0,0,0,0,0,0,0,0,0,0,0,0,0,0,0,0,0,0,0,0,0,0
3,0,0,0,0,0,0,0,0,0,0,0,0,0,0,0,0,0,0,0,0,0,0,0,0,0,0,0,0,0,0,0,0,0,0,0,0,0,0,0,0,0,0,0,0,0,0,0,0,0,0,0,0,0,0,0,0,0,0,0,0,0,0,0,0,0,0,0,0,0,0,0,0,0,0,0,0,0,0,0,0,0,0,0,0,0,0,0,0,0,0,0,0,0,0,0,0,0,0,0,0,0,0,0,0,0,0,0,0,0,0,0,0,0,0,0,0,0,0,0,0,0,0,0,0,0,0,0,0,0,0,0,0,0,0,0,0,0,0,0,0,0,0,0,0,0,0,0,0,0,0,0,0,0,0,0,0,0,0,0,0,0,0,0,0,0,0,0,0,0,0,0,0,0,0,0,0,0,0,40,146,160,161,160,195,132,54,0,0,0,0,0,0,0,0,0,0,0,0,0,0,0,0,0,36,116,163,242,254,254,254,254,254,254,248,174,0,0,0,0,0,0,0,0,0,0,0,0,0,0,4,167,250,254,254,248,244,251,249,244,251,254,254,249,59,0,0,0,0,0,0,0,0,0,0,0,0,0,73,254,254,248,146,35,0,63,32,0,66,197,254,241,25,0,0,0,0,0,0,0,0,0,0,0,0,0,156,240,189,69,0,0,0,0,0,0,115,248,254,164,0,0,0,0,0,0,0,0,0,0,0,0,0,0,107,33,0,0,0,0,0,0,79,162,243,254,208,9,0,0,0,0,0,0,0,0,0,0,0,0,0,0,0,0,0,0,0,0,0,0,254,254,254,228,40,0,0,0,0,0,0,0,0,0,0,0,0,0,0,0,0,0,0,0,0,0,0,0,254,254,254,195,5,0,0,0,0,0,0,0,0,0,0,0,0,0,0,0,0,0,0,0,0,0,0,0,209,254,254,254,149,16,0,0,0,0,0,0,0,0,0,0,0,0,0,0,0,0,0,0,0,0,0,0,42,198,254,254,254,217,28,0,0,0,0,0,0,0,0,0,0,0,0,0,0,0,0,0,0,0,0,0,0,50,135,254,254,254,255,9,0,0,0,0,0,0,0,0,0,0,0,0,0,0,0,0,0,0,0,0,0,0,2,119,237,254,254,107,0,0,0,0,0,0,0,0,0,0,0,0,0,0,0,0,0,0,0,0,0,0,0,0,68,254,254,197,0,0,0,0,0,0,0,0,0,0,0,0,0,0,0,0,0,0,0,0,0,0,0,0,48,254,254,107,0,0,0,0,0,0,0,0,0,0,0,0,0,0,0,0,0,0,51,37,0,0,0,43,197,254,206,4,0,0,0,0,0,0,0,0,0,0,0,0,0,0,0,0,0,89,247,66,0,10,131,221,254,252,122,0,0,0,0,0,0,0,0,0,0,0,0,0,0,0,0,0,0,151,254,198,180,218,254,254,254,168,0,0,0,0,0,0,0,0,0,0,0,0,0,0,0,0,0,0,0,207,254,254,254,254,254,254,166,5,0,0,0,0,0,0,0,0,0,0,0,0,0,0,0,0,0,0,0,154,254,254,254,249,148,37,3,0,0,0,0,0,0,0,0,0,0,0,0,0,0,0,0,0,0,0,0,15,145,194,135,56,0,0,0,0,0,0,0,0,0,0,0,0,0,0,0,0,0,0,0,0,0,0,0,0,0,0,0,0,0,0,0,0,0,0,0,0,0,0,0,0,0,0,0,0,0,0,0,0,0,0,0,0,0,0,0,0,0,0,0,0,0,0,0,0,0,0,0,0,0
4,0,0,0,0,0,0,0,0,0,0,0,0,0,0,0,0,0,0,0,0,0,0,0,0,0,0,0,0,0,0,0,0,0,0,0,0,0,0,0,0,0,0,0,0,0,0,0,0,0,0,0,0,0,0,0,0,0,0,0,0,0,0,0,0,0,0,0,0,0,0,0,0,0,0,0,0,0,0,0,0,0,0,0,0,0,0,0,0,0,0,0,0,0,0,0,0,0,0,0,0,0,0,0,0,0,0,0,0,0,0,0,0,0,0,0,0,0,0,0,0,0,0,0,0,0,0,0,0,0,0,0,0,0,0,0,0,0,0,0,0,0,0,0,0,0,0,0,0,0,0,0,0,0,0,25,150,249,255,26,0,0,0,0,0,0,0,0,0,0,0,0,0,0,0,0,0,0,0,0,0,0,0,161,253,253,253,25,0,0,0,0,0,0,0,0,0,0,0,0,0,0,0,0,0,0,0,0,0,0,111,253,253,253,253,40,0,0,0,0,0,0,0,0,0,0,0,0,0,0,0,0,0,0,0,0,0,73,240,240,92,243,253,129,0,0,0,0,0,0,0,0,0,0,0,0,0,0,0,0,0,0,0,0,14,206,253,148,0,239,253,129,0,0,0,0,0,0,0,0,0,0,0,0,0,0,0,0,0,0,0,0,181,253,185,2,0,239,253,129,0,0,0,0,0,0,0,0,0,0,0,0,0,0,0,0,0,0,14,145,249,223,40,0,0,239,253,129,0,0,0,0,0,0,0,0,0,0,0,0,0,0,0,0,0,18,195,253,224,34,0,0,0,239,253,129,0,0,0,0,0,0,0,0,0,0,0,0,0,0,0,0,56,193,253,224,40,0,0,0,0,239,253,129,0,0,0,0,0,0,0,0,0,0,0,0,0,0,0,73,206,253,223,34,0,0,0,0,0,239,253,129,0,0,0,0,0,0,0,0,0,0,0,0,0,0,30,240,253,253,229,202,202,202,202,202,166,245,253,220,33,0,0,0,0,0,0,0,0,0,0,0,0,0,16,185,216,253,253,253,253,253,253,253,253,253,253,253,184,0,0,0,0,0,0,0,0,0,0,0,0,0,0,0,7,62,62,62,62,62,62,62,62,242,253,210,79,0,0,0,0,0,0,0,0,0,0,0,0,0,0,0,0,0,0,0,0,0,0,0,0,239,253,129,0,0,0,0,0,0,0,0,0,0,0,0,0,0,0,0,0,0,0,0,0,0,0,0,0,164,253,129,0,0,0,0,0,0,0,0,0,0,0,0,0,0,0,0,0,0,0,0,0,0,0,0,0,135,253,137,0,0,0,0,0,0,0,0,0,0,0,0,0,0,0,0,0,0,0,0,0,0,0,0,0,135,253,233,0,0,0,0,0,0,0,0,0,0,0,0,0,0,0,0,0,0,0,0,0,0,0,0,0,89,253,242,42,0,0,0,0,0,0,0,0,0,0,0,0,0,0,0,0,0,0,0,0,0,0,0,0,32,253,253,121,0,0,0,0,0,0,0,0,0,0,0,0,0,0,0,0,0,0,0,0,0,0,0,0,6,152,236,15,0,0,0,0,0,0,0,0,0,0,0,0,0,0,0,0,0,0,0,0,0,0,0,0,0,0,0,0,0,0,0,0,0,0,0,0,0,0,0,0,0,0,0,0,0,0,0,0,0,0,0,0,0,0,0,0,0,0,0,0,0,0,0,0,0,0,0,0,0,0,0,0,0,0,0,0,0,0,0,0,0,0,0,0,0,0,0,0,0,0,0,0
1,0,0,0,0,0,0,0,0,0,0,0,0,0,0,0,0,0,0,0,0,0,0,0,0,0,0,0,0,0,0,0,0,0,0,0,0,0,0,0,0,0,0,0,0,0,0,0,0,0,0,0,0,0,0,0,0,0,0,0,0,0,0,0,0,0,0,0,0,0,0,0,0,0,0,0,0,0,0,0,0,0,0,0,0,0,0,0,0,0,0,0,0,0,0,0,0,0,0,0,0,0,0,0,0,0,0,0,0,0,0,0,0,0,0,0,0,0,0,0,0,0,0,0,0,0,0,0,0,0,0,0,0,0,0,0,0,0,0,0,0,0,0,0,0,0,0,0,0,0,0,0,0,0,0,25,225,69,0,0,0,0,0,0,0,0,0,0,0,0,0,0,0,0,0,0,0,0,0,0,0,0,0,80,254,105,0,0,0,0,0,0,0,0,0,0,0,0,0,0,0,0,0,0,0,0,0,0,0,0,22,213,254,105,0,0,0,0,0,0,0,0,0,0,0,0,0,0,0,0,0,0,0,0,0,0,0,0,9,206,254,26,0,0,0,0,0,0,0,0,0,0,0,0,0,0,0,0,0,0,0,0,0,0,0,0,0,167,193,3,0,0,0,0,0,0,0,0,0,0,0,0,0,0,0,0,0,0,0,0,0,0,0,0,0,179,183,0,0,0,0,0,0,0,0,0,0,0,0,0,0,0,0,0,0,0,0,0,0,0,0,0,70,254,144,0,0,0,0,0,0,0,0,0,0,0,0,0,0,0,0,0,0,0,0,0,0,0,0,0,125,254,96,0,0,0,0,0,0,0,0,0,0,0,0,0,0,0,0,0,0,0,0,0,0,0,0,0,175,255,96,0,0,0,0,0,0,0,0,0,0,0,0,0,0,0,0,0,0,0,0,0,0,0,0,0,175,254,35,0,0,0,0,0,0,0,0,0,0,0,0,0,0,0,0,0,0,0,0,0,0,0,0,3,200,231,6,0,0,0,0,0,0,0,0,0,0,0,0,0,0,0,0,0,0,0,0,0,0,0,0,9,254,151,0,0,0,0,0,0,0,0,0,0,0,0,0,0,0,0,0,0,0,0,0,0,0,0,0,91,254,88,0,0,0,0,0,0,0,0,0,0,0,0,0,0,0,0,0,0,0,0,0,0,0,0,0,175,254,9,0,0,0,0,0,0,0,0,0,0,0,0,0,0,0,0,0,0,0,0,0,0,0,0,0,184,254,0,0,0,0,0,0,0,0,0,0,0,0,0,0,0,0,0,0,0,0,0,0,0,0,0,3,194,138,0,0,0,0,0,0,0,0,0,0,0,0,0,0,0,0,0,0,0,0,0,0,0,0,0,27,253,71,0,0,0,0,0,0,0,0,0,0,0,0,0,0,0,0,0,0,0,0,0,0,0,0,0,106,245,0,0,0,0,0,0,0,0,0,0,0,0,0,0,0,0,0,0,0,0,0,0,0,0,0,0,169,245,0,0,0,0,0,0,0,0,0,0,0,0,0,0,0,0,0,0,0,0,0,0,0,0,0,0,132,184,0,0,0,0,0,0,0,0,0,0,0,0,0,0,0,0,0,0,0,0,0,0,0,0,0,0,0,0,0,0,0,0,0,0,0,0,0,0,0,0,0,0,0,0,0,0,0,0,0,0,0,0,0,0,0,0,0,0,0,0,0,0,0,0,0,0,0,0,0,0,0,0,0,0,0,0,0,0,0,0,0,0,0,0,0,0,0,0,0,0,0,0,0,0,0,0,0,0,0
0,0,0,0,0,0,0,0,0,0,0,0,0,0,0,0,0,0,0,0,0,0,0,0,0,0,0,0,0,0,0,0,0,0,0,0,0,0,0,0,0,0,0,0,0,0,0,0,0,0,0,0,0,0,0,0,0,0,0,0,0,0,0,0,0,0,0,0,0,0,0,0,0,0,0,0,0,0,0,0,0,0,0,0,0,0,0,0,0,0,0,0,0,0,0,0,0,0,0,0,0,0,0,0,0,0,0,0,0,0,0,0,0,0,0,0,0,0,0,0,0,0,0,0,0,19,112,156,217,254,223,95,0,0,0,0,0,0,0,0,0,0,0,0,0,0,0,0,0,0,0,0,17,226,253,253,174,135,165,238,177,8,0,0,0,0,0,0,0,0,0,0,0,0,0,0,0,0,0,0,118,253,253,154,0,0,0,57,235,183,12,0,0,0,0,0,0,0,0,0,0,0,0,0,0,0,0,85,250,253,112,5,0,0,0,0,180,254,91,0,0,0,0,0,0,0,0,0,0,0,0,0,0,0,0,254,253,118,5,0,0,0,0,0,60,254,135,0,0,0,0,0,0,0,0,0,0,0,0,0,0,10,171,255,241,30,0,0,0,0,0,0,0,255,234,0,0,0,0,0,0,0,0,0,0,0,0,0,0,47,253,249,103,0,0,0,0,0,0,0,0,208,233,0,0,0,0,0,0,0,0,0,0,0,0,0,0,166,253,98,0,0,0,0,0,0,0,0,0,156,239,24,0,0,0,0,0,0,0,0,0,0,0,0,73,251,253,0,0,0,0,0,0,0,0,0,0,156,253,78,0,0,0,0,0,0,0,0,0,0,0,0,79,253,215,0,0,0,0,0,0,0,0,0,0,156,253,115,0,0,0,0,0,0,0,0,0,0,0,0,176,254,155,0,0,0,0,0,0,0,0,0,0,134,254,175,0,0,0,0,0,0,0,0,0,0,0,0,175,253,73,0,0,0,0,0,0,0,0,0,0,67,253,174,0,0,0,0,0,0,0,0,0,0,0,0,175,253,58,0,0,0,0,0,0,0,0,0,0,156,253,174,0,0,0,0,0,0,0,0,0,0,0,0,175,253,148,0,0,0,0,0,0,0,0,0,0,156,253,123,0,0,0,0,0,0,0,0,0,0,0,0,138,253,193,0,0,0,0,0,0,0,0,0,38,231,237,18,0,0,0,0,0,0,0,0,0,0,0,0,79,254,254,23,0,0,0,0,0,0,0,10,209,255,136,0,0,0,0,0,0,0,0,0,0,0,0,0,12,184,253,207,26,0,0,0,0,0,44,213,253,219,36,0,0,0,0,0,0,0,0,0,0,0,0,0,0,28,235,254,217,84,0,0,19,86,229,253,192,30,0,0,0,0,0,0,0,0,0,0,0,0,0,0,0,0,53,223,253,247,234,234,239,253,240,109,5,0,0,0,0,0,0,0,0,0,0,0,0,0,0,0,0,0,0,14,103,223,215,215,155,147,40,0,0,0,0,0,0,0,0,0,0,0,0,0,0,0,0,0,0,0,0,0,0,0,0,0,0,0,0,0,0,0,0,0,0,0,0,0,0,0,0,0,0,0,0,0,0,0,0,0,0,0,0,0,0,0,0,0,0,0,0,0,0,0,0,0,0,0,0,0,0,0,0,0,0,0,0,0,0,0,0,0,0,0,0,0,0,0,0,0,0,0,0,0,0,0,0,0,0,0,0,0,0,0,0,0,0,0,0,0,0,0,0,0,0,0,0,0,0,0,0,0,0
5,0,0,0,0,0,0,0,0,0,0,0,0,0,0,0,0,0,0,0,0,0,0,0,0,0,0,0,0,0,0,0,0,0,0,0,0,0,0,0,0,0,0,0,0,0,0,0,0,0,0,0,0,0,0,0,0,0,0,0,0,0,0,0,0,0,0,0,0,0,0,0,0,0,0,0,0,0,0,0,0,0,0,0,0,0,0,0,0,0,0,0,0,0,0,0,0,0,0,0,0,0,0,0,0,0,0,0,0,0,0,0,0,0,0,0,0,0,0,0,0,0,0,0,0,0,0,0,0,0,0,0,0,0,0,0,0,0,0,0,0,0,0,0,0,0,0,0,0,0,0,147,253,253,253,114,113,113,101,63,114,113,144,84,0,0,0,0,0,0,0,0,0,0,0,0,0,48,226,249,252,252,252,253,252,252,249,240,253,252,252,84,0,0,0,0,0,0,0,0,0,0,0,0,0,140,253,252,252,252,252,253,252,252,252,252,253,252,252,84,0,0,0,0,0,0,0,0,0,0,0,0,19,215,253,252,230,223,223,240,223,223,208,84,84,84,84,28,0,0,0,0,0,0,0,0,0,0,0,0,13,189,253,204,25,0,0,63,0,0,0,0,0,0,0,0,0,0,0,0,0,0,0,0,0,0,0,0,29,253,255,168,0,0,0,0,0,0,0,0,0,0,0,0,0,0,0,0,0,0,0,0,0,0,0,0,29,252,253,167,0,10,85,0,0,19,76,0,0,0,0,0,0,0,0,0,0,0,0,0,0,0,0,0,60,252,253,186,57,156,252,198,197,209,246,197,198,150,13,0,0,0,0,0,0,0,0,0,0,0,0,0,169,252,253,252,252,252,252,253,252,252,252,252,253,252,155,10,0,0,0,0,0,0,0,0,0,0,0,32,215,252,253,252,252,252,252,253,252,252,252,252,253,252,252,84,0,0,0,0,0,0,0,0,0,0,0,57,253,253,255,253,253,178,140,141,94,111,140,140,255,253,253,84,0,0,0,0,0,0,0,0,0,0,0,38,167,167,168,42,27,9,0,0,0,0,0,0,206,252,252,84,0,0,0,0,0,0,0,0,0,0,0,0,0,0,0,0,0,0,0,0,0,0,0,0,113,252,252,84,0,0,0,0,0,0,0,0,0,0,0,0,0,0,0,0,0,0,0,0,0,0,0,0,128,252,252,84,0,0,0,0,0,0,0,0,0,0,0,0,0,0,0,0,0,0,0,0,0,0,0,79,253,252,252,84,0,0,0,0,0,0,0,0,0,0,38,113,38,0,0,0,0,0,0,0,0,26,207,253,255,253,228,47,0,0,0,0,0,0,0,0,0,0,85,252,234,225,85,85,85,85,85,85,131,231,252,252,253,176,21,0,0,0,0,0,0,0,0,0,0,0,85,252,252,252,253,252,252,252,252,253,252,252,252,252,228,52,0,0,0,0,0,0,0,0,0,0,0,0,76,230,236,252,253,252,252,252,252,253,252,252,249,145,47,0,0,0,0,0,0,0,0,0,0,0,0,0,0,25,50,112,112,112,142,252,252,253,252,252,145,0,0,0,0,0,0,0,0,0,0,0,0,0,0,0,0,0,0,0,0,0,0,0,0,0,0,0,0,0,0,0,0,0,0,0,0,0,0,0,0,0,0,0,0,0,0,0,0,0,0,0,0,0,0,0,0,0,0,0,0,0,0,0,0,0,0,0,0,0,0,0,0,0,0,0,0,0,0,0,0,0,0,0,0,0,0,0,0,0,0,0,0,0,0
4,0,0,0,0,0,0,0,0,0,0,0,0,0,0,0,0,0,0,0,0,0,0,0,0,0,0,0,0,0,0,0,0,0,0,0,0,0,0,0,0,0,0,0,0,0,0,0,0,0,0,0,0,0,0,0,0,0,0,0,0,0,0,0,0,0,0,0,0,0,0,0,0,0,0,0,0,0,0,0,0,0,0,0,0,0,0,0,0,0,0,0,0,0,0,0,0,0,0,0,0,0,0,0,0,0,0,0,0,0,0,0,0,0,0,0,0,0,0,0,0,0,0,0,0,0,0,0,0,0,0,0,0,0,0,0,0,0,0,0,0,0,0,0,0,0,0,0,0,0,0,0,0,0,0,0,0,0,0,0,0,0,0,0,0,0,0,0,0,0,0,0,0,0,0,0,0,0,0,0,0,149,255,108,0,0,0,15,246,199,7,0,0,0,0,0,0,0,0,0,0,0,0,0,0,0,0,0,15,212,253,199,0,0,0,176,253,253,43,0,0,0,0,0,0,0,0,0,0,0,0,0,0,0,0,0,52,253,253,197,0,0,27,227,253,252,42,0,0,0,0,0,0,0,0,0,0,0,0,0,0,0,0,2,173,253,253,92,0,0,125,253,253,216,19,0,0,0,0,0,0,0,0,0,0,0,0,0,0,0,0,93,253,253,253,92,0,17,232,253,245,82,0,0,0,0,0,0,0,0,0,0,0,0,0,0,0,0,4,171,253,253,234,10,0,27,253,253,129,0,0,0,0,0,0,0,0,0,0,0,0,0,0,0,0,0,148,253,253,253,62,0,0,197,253,253,119,0,0,0,0,0,0,0,0,0,0,0,0,0,0,0,0,0,189,253,253,224,14,0,32,243,253,253,82,0,0,0,0,0,0,0,0,0,0,0,0,0,0,0,0,47,248,253,229,39,0,0,93,253,253,205,5,0,0,0,0,0,0,0,0,0,0,0,0,0,0,0,2,173,253,253,236,126,55,101,173,253,253,218,162,134,33,0,0,0,0,0,0,0,0,0,0,0,0,0,6,253,253,253,253,253,253,253,253,253,253,253,204,133,32,0,0,0,0,0,0,0,0,0,0,0,0,0,6,253,253,253,249,232,185,246,253,253,142,16,8,0,0,0,0,0,0,0,0,0,0,0,0,0,0,0,2,86,86,86,70,0,0,162,253,248,66,0,0,0,0,0,0,0,0,0,0,0,0,0,0,0,0,0,0,0,0,0,0,0,7,197,253,232,0,0,0,0,0,0,0,0,0,0,0,0,0,0,0,0,0,0,0,0,0,0,0,0,17,253,253,232,0,0,0,0,0,0,0,0,0,0,0,0,0,0,0,0,0,0,0,0,0,0,0,0,17,253,253,241,37,0,0,0,0,0,0,0,0,0,0,0,0,0,0,0,0,0,0,0,0,0,0,0,3,177,253,232,0,0,0,0,0,0,0,0,0,0,0,0,0,0,0,0,0,0,0,0,0,0,0,0,0,162,253,232,0,0,0,0,0,0,0,0,0,0,0,0,0,0,0,0,0,0,0,0,0,0,0,0,0,132,253,241,37,0,0,0,0,0,0,0,0,0,0,0,0,0,0,0,0,0,0,0,0,0,0,0,0,55,253,185,0,0,0,0,0,0,0,0,0,0,0,0,0,0,0,0,0,0,0,0,0,0,0,0,0,0,0,0,0,0,0,0,0,0,0,0,0,0,0,0,0,0,0,0,0,0,0,0,0,0,0,0,0,0,0,0,0,0,0,0,0,0,0,0,0,0,0
3,0,0,0,0,0,0,0,0,0,0,0,0,0,0,0,0,0,0,0,0,0,0,0,0,0,0,0,0,0,0,0,0,0,0,0,0,0,0,0,0,0,0,0,0,0,0,0,0,0,0,0,0,0,0,0,0,0,0,0,0,0,0,0,0,0,0,0,0,0,0,0,0,0,0,0,0,0,0,0,0,0,0,0,0,0,0,0,0,0,0,0,0,0,0,0,0,0,0,0,0,0,0,0,0,0,0,0,0,0,0,0,0,0,0,0,0,0,0,0,0,0,0,122,194,255,254,171,101,3,0,0,0,0,0,0,0,0,0,0,0,0,0,0,0,0,0,0,0,0,13,229,253,253,253,253,253,126,4,0,0,0,0,0,0,0,0,0,0,0,0,0,0,0,0,0,0,0,29,212,200,200,200,237,253,253,127,1,0,0,0,0,0,0,0,0,0,0,0,0,0,0,0,0,0,0,0,30,0,0,0,73,237,253,253,94,0,0,0,0,0,0,0,0,0,0,0,0,0,0,0,0,0,0,0,0,0,0,0,0,99,253,253,220,0,0,0,0,0,0,0,0,0,0,0,0,0,0,0,0,0,0,0,0,0,0,0,0,9,218,253,246,45,0,0,0,0,0,0,0,0,0,0,0,0,0,0,0,0,0,0,0,0,0,0,0,38,233,253,242,5,0,0,0,0,0,0,0,0,0,0,0,0,0,0,0,0,0,0,22,24,24,24,107,176,253,253,175,0,0,0,0,0,0,0,0,0,0,0,0,0,0,0,0,0,0,34,230,253,253,253,253,253,253,163,46,0,0,0,0,0,0,0,0,0,0,0,0,0,0,0,0,0,0,207,253,253,253,253,253,253,231,18,0,0,0,0,0,0,0,0,0,0,0,0,0,0,0,0,0,0,0,171,253,253,253,253,253,253,232,88,2,0,0,0,0,0,0,0,0,0,0,0,0,0,0,0,0,0,0,15,41,153,167,253,253,253,253,253,148,0,0,0,0,0,0,0,0,0,0,0,0,0,0,0,0,0,0,0,0,0,3,23,51,175,253,253,252,148,0,0,0,0,0,0,0,0,0,0,0,0,0,0,0,0,0,0,0,0,0,0,0,2,105,181,253,239,107,0,0,0,0,0,0,0,0,0,0,0,0,0,0,0,0,0,0,0,0,0,0,0,0,61,251,253,206,0,0,0,0,0,0,0,0,0,0,0,0,0,0,0,0,0,20,47,0,30,48,48,147,205,253,253,184,0,0,0,0,0,0,0,0,0,0,0,0,0,0,0,0,95,213,252,183,227,253,253,253,253,253,246,66,0,0,0,0,0,0,0,0,0,0,0,0,0,0,0,0,207,253,253,253,253,253,253,253,253,205,47,0,0,0,0,0,0,0,0,0,0,0,0,0,0,0,0,0,160,253,253,253,190,153,117,35,35,17,0,0,0,0,0,0,0,0,0,0,0,0,0,0,0,0,0,0,48,185,195,69,7,0,0,0,0,0,0,0,0,0,0,0,0,0,0,0,0,0,0,0,0,0,0,0,0,0,0,0,0,0,0,0,0,0,0,0,0,0,0,0,0,0,0,0,0,0,0,0,0,0,0,0,0,0,0,0,0,0,0,0,0,0,0,0,0,0,0,0,0,0,0,0,0,0,0,0,0,0,0,0,0,0,0,0,0,0,0,0,0,0,0,0,0,0,0,0,0,0,0,0,0,0,0,0,0,0,0,0,0,0,0,0,0,0,0,0,0,0,0,0,0,0,0,0,0,0,0
1,0,0,0,0,0,0,0,0,0,0,0,0,0,0,0,0,0,0,0,0,0,0,0,0,0,0,0,0,0,0,0,0,0,0,0,0,0,0,0,0,0,0,0,0,0,0,0,0,0,0,0,0,0,0,0,0,0,0,0,0,0,0,0,0,0,0,0,0,0,0,0,0,0,0,0,0,0,0,0,0,0,0,0,0,0,0,0,0,0,0,0,0,0,0,0,0,0,0,0,0,0,0,0,0,0,0,0,0,0,0,0,0,0,0,0,0,0,0,0,0,0,0,0,0,0,0,0,47,195,46,0,0,0,0,0,0,0,0,0,0,0,0,0,0,0,0,0,0,0,0,0,0,0,0,0,205,254,139,0,0,0,0,0,0,0,0,0,0,0,0,0,0,0,0,0,0,0,0,0,0,0,0,0,205,254,75,0,0,0,0,0,0,0,0,0,0,0,0,0,0,0,0,0,0,0,0,0,0,0,0,24,229,254,79,0,0,0,0,0,0,0,0,0,0,0,0,0,0,0,0,0,0,0,0,0,0,0,0,51,254,254,40,0,0,0,0,0,0,0,0,0,0,0,0,0,0,0,0,0,0,0,0,0,0,0,0,51,254,224,20,0,0,0,0,0,0,0,0,0,0,0,0,0,0,0,0,0,0,0,0,0,0,0,0,124,254,161,0,0,0,0,0,0,0,0,0,0,0,0,0,0,0,0,0,0,0,0,0,0,0,0,0,245,254,95,0,0,0,0,0,0,0,0,0,0,0,0,0,0,0,0,0,0,0,0,0,0,0,0,0,250,253,60,0,0,0,0,0,0,0,0,0,0,0,0,0,0,0,0,0,0,0,0,0,0,0,0,57,253,249,0,0,0,0,0,0,0,0,0,0,0,0,0,0,0,0,0,0,0,0,0,0,0,0,0,98,254,208,0,0,0,0,0,0,0,0,0,0,0,0,0,0,0,0,0,0,0,0,0,0,0,0,0,195,254,126,0,0,0,0,0,0,0,0,0,0,0,0,0,0,0,0,0,0,0,0,0,0,0,0,34,245,254,50,0,0,0,0,0,0,0,0,0,0,0,0,0,0,0,0,0,0,0,0,0,0,0,0,41,254,254,50,0,0,0,0,0,0,0,0,0,0,0,0,0,0,0,0,0,0,0,0,0,0,0,0,129,254,250,45,0,0,0,0,0,0,0,0,0,0,0,0,0,0,0,0,0,0,0,0,0,0,0,0,140,254,240,35,0,0,0,0,0,0,0,0,0,0,0,0,0,0,0,0,0,0,0,0,0,0,0,0,193,254,155,4,0,0,0,0,0,0,0,0,0,0,0,0,0,0,0,0,0,0,0,0,0,0,0,0,240,254,105,0,0,0,0,0,0,0,0,0,0,0,0,0,0,0,0,0,0,0,0,0,0,0,0,0,240,254,105,0,0,0,0,0,0,0,0,0,0,0,0,0,0,0,0,0,0,0,0,0,0,0,0,0,201,217,64,0,0,0,0,0,0,0,0,0,0,0,0,0,0,0,0,0,0,0,0,0,0,0,0,0,0,0,0,0,0,0,0,0,0,0,0,0,0,0,0,0,0,0,0,0,0,0,0,0,0,0,0,0,0,0,0,0,0,0,0,0,0,0,0,0,0,0,0,0,0,0,0,0,0,0,0,0,0,0,0,0,0,0,0,0,0,0,0,0,0,0,0,0,0,0,0,0,0,0,0,0,0,0,0,0,0,0,0,0,0,0,0,0,0,0,0,0,0,0,0,0,0,0,0,0
1,0,0,0,0,0,0,0,0,0,0,0,0,0,0,0,0,0,0,0,0,0,0,0,0,0,0,0,0,0,0,0,0,0,0,0,0,0,0,0,0,0,0,0,0,0,0,0,0,0,0,0,0,0,0,0,0,0,0,0,0,0,0,0,0,0,0,0,0,0,0,0,0,0,0,0,0,0,0,0,0,0,0,0,0,0,0,0,0,0,0,0,0,0,0,0,0,0,0,0,0,0,0,0,0,0,0,0,0,0,0,0,0,0,0,0,0,0,0,0,0,0,0,0,0,0,0,0,0,0,0,0,0,0,0,0,0,0,0,0,0,0,0,0,0,0,0,0,0,0,0,0,0,62,234,51,0,0,0,0,0,0,0,0,0,0,0,0,0,0,0,0,0,0,0,0,0,0,0,0,0,102,253,151,0,0,0,0,0,0,0,0,0,0,0,0,0,0,0,0,0,0,0,0,0,0,0,0,0,102,254,151,0,0,0,0,0,0,0,0,0,0,0,0,0,0,0,0,0,0,0,0,0,0,0,0,0,102,253,192,0,0,0,0,0,0,0,0,0,0,0,0,0,0,0,0,0,0,0,0,0,0,0,0,0,102,254,253,0,0,0,0,0,0,0,0,0,0,0,0,0,0,0,0,0,0,0,0,0,0,0,0,0,20,253,252,0,0,0,0,0,0,0,0,0,0,0,0,0,0,0,0,0,0,0,0,0,0,0,0,0,0,254,253,102,0,0,0,0,0,0,0,0,0,0,0,0,0,0,0,0,0,0,0,0,0,0,0,0,0,213,252,102,0,0,0,0,0,0,0,0,0,0,0,0,0,0,0,0,0,0,0,0,0,0,0,0,0,152,253,102,0,0,0,0,0,0,0,0,0,0,0,0,0,0,0,0,0,0,0,0,0,0,0,0,0,152,252,102,0,0,0,0,0,0,0,0,0,0,0,0,0,0,0,0,0,0,0,0,0,0,0,0,0,152,253,203,0,0,0,0,0,0,0,0,0,0,0,0,0,0,0,0,0,0,0,0,0,0,0,0,0,152,252,203,0,0,0,0,0,0,0,0,0,0,0,0,0,0,0,0,0,0,0,0,0,0,0,0,0,132,253,203,0,0,0,0,0,0,0,0,0,0,0,0,0,0,0,0,0,0,0,0,0,0,0,0,0,51,252,203,0,0,0,0,0,0,0,0,0,0,0,0,0,0,0,0,0,0,0,0,0,0,0,0,0,51,253,203,0,0,0,0,0,0,0,0,0,0,0,0,0,0,0,0,0,0,0,0,0,0,0,0,0,51,252,223,20,0,0,0,0,0,0,0,0,0,0,0,0,0,0,0,0,0,0,0,0,0,0,0,0,0,204,255,50,0,0,0,0,0,0,0,0,0,0,0,0,0,0,0,0,0,0,0,0,0,0,0,0,0,162,253,50,0,0,0,0,0,0,0,0,0,0,0,0,0,0,0,0,0,0,0,0,0,0,0,0,0,103,255,233,0,0,0,0,0,0,0,0,0,0,0,0,0,0,0,0,0,0,0,0,0,0,0,0,0,61,233,50,0,0,0,0,0,0,0,0,0,0,0,0,0,0,0,0,0,0,0,0,0,0,0,0,0,0,0,0,0,0,0,0,0,0,0,0,0,0,0,0,0,0,0,0,0,0,0,0,0,0,0,0,0,0,0,0,0,0,0,0,0,0,0,0,0,0,0,0,0,0,0,0,0,0,0,0,0,0,0,0,0,0,0,0,0,0,0,0,0,0,0,0,0,0,0
7,0,0,0,0,0,0,0,0,0,0,0,0,0,0,0,0,0,0,0,0,0,0,0,0,0,0,0,0,0,0,0,0,0,0,0,0,0,0,0,0,0,0,0,0,0,0,0,0,0,0,0,0,0,0,0,0,0,0,0,0,0,0,0,0,0,0,0,0,0,0,0,0,0,0,0,0,0,0,0,0,0,0,0,0,0,0,0,0,0,0,0,0,0,0,0,0,0,0,0,0,0,0,0,0,0,0,0,0,0,0,0,0,0,0,0,0,0,0,0,0,0,0,0,0,0,0,0,0,0,0,0,0,0,0,0,0,0,0,0,0,0,0,0,0,0,0,0,0,0,0,0,0,0,0,0,0,0,0,0,0,0,0,0,0,0,0,0,0,0,0,0,0,0,0,50,246,255,254,254,254,254,254,237,150,48,0,0,0,0,0,0,0,0,0,0,0,0,0,0,0,0,0,53,246,253,253,253,253,253,253,253,253,247,95,0,0,0,0,0,0,0,0,0,0,0,0,0,0,0,0,0,62,156,162,149,114,114,114,130,217,251,251,25,0,0,0,0,0,0,0,0,0,0,0,0,0,0,0,0,0,0,0,0,0,0,0,0,0,162,253,102,0,0,0,0,0,0,0,0,0,0,0,0,0,0,0,0,0,0,0,0,0,0,0,0,0,40,253,227,9,0,0,0,0,0,0,0,0,0,0,0,0,0,0,0,0,0,0,0,0,0,0,0,0,62,253,253,83,0,0,0,0,0,0,0,0,0,0,0,0,0,0,0,0,0,0,0,0,0,0,0,0,141,253,235,10,0,0,0,0,0,0,0,0,0,0,0,0,0,0,0,0,0,0,0,0,0,0,0,22,242,253,233,0,0,0,0,0,0,0,0,0,0,0,0,0,0,0,0,0,0,0,0,0,0,0,0,133,253,253,145,0,0,0,0,0,0,0,0,0,0,0,0,0,0,0,0,0,0,0,0,0,0,0,18,217,253,253,150,0,0,0,0,0,0,0,0,0,0,0,0,0,0,0,0,0,0,0,0,0,0,0,17,216,253,253,233,0,0,0,0,0,0,0,0,0,0,0,0,0,0,0,0,0,0,0,0,0,0,0,102,253,253,241,110,0,0,0,0,0,0,0,0,0,0,0,0,0,0,0,0,0,0,0,0,0,0,0,224,253,253,175,0,0,0,0,0,0,0,0,0,0,0,0,0,0,0,0,0,0,0,0,0,0,0,148,253,253,250,112,0,0,0,0,0,0,0,0,0,0,0,0,0,0,0,0,0,0,0,0,0,0,38,239,253,253,148,0,0,0,0,0,0,0,0,0,0,0,0,0,0,0,0,0,0,0,0,0,0,1,112,253,253,201,18,0,0,0,0,0,0,0,0,0,0,0,0,0,0,0,0,0,0,0,0,0,0,6,253,253,253,62,0,0,0,0,0,0,0,0,0,0,0,0,0,0,0,0,0,0,0,0,0,0,0,95,253,253,235,34,0,0,0,0,0,0,0,0,0,0,0,0,0,0,0,0,0,0,0,0,0,0,0,110,253,253,212,0,0,0,0,0,0,0,0,0,0,0,0,0,0,0,0,0,0,0,0,0,0,0,0,110,253,253,169,0,0,0,0,0,0,0,0,0,0,0,0,0,0,0,0,0,0,0,0,0,0,0,0,0,0,0,0,0,0,0,0,0,0,0,0,0,0,0,0,0,0,0,0,0,0,0,0,0,0,0,0,0,0,0,0,0,0,0,0,0,0,0,0,0,0,0,0,0
4,0,0,0,0,0,0,0,0,0,0,0,0,0,0,0,0,0,0,0,0,0,0,0,0,0,0,0,0,0,0,0,0,0,0,0,0,0,0,0,0,0,0,0,0,0,0,0,0,0,0,0,0,0,0,0,0,0,0,0,0,0,0,0,0,0,0,0,0,0,0,0,0,0,0,0,0,0,0,0,0,0,0,0,0,0,0,0,0,0,0,0,0,0,0,0,0,0,0,0,0,0,0,0,0,0,0,0,0,0,0,0,0,0,0,0,0,0,0,0,0,0,0,0,0,0,0,0,0,0,0,0,0,0,0,0,0,0,0,0,0,0,0,0,0,0,0,0,0,0,0,0,72,233,62,0,0,0,0,0,0,0,0,0,0,0,0,0,0,0,0,0,0,0,0,0,0,0,0,0,253,252,102,0,0,0,0,0,62,20,0,0,0,0,0,0,0,0,0,0,0,0,0,0,0,0,0,62,254,233,41,0,0,0,0,123,254,112,0,0,0,0,0,0,0,0,0,0,0,0,0,0,0,0,0,142,253,111,0,0,0,0,0,203,253,151,0,0,0,0,0,0,0,0,0,0,0,0,0,0,0,0,52,253,254,50,0,0,0,0,0,203,254,50,0,0,0,0,0,0,0,0,0,0,0,0,0,0,0,0,92,252,233,30,0,0,0,0,41,243,233,30,0,0,0,0,0,0,0,0,0,0,0,0,0,0,0,0,152,253,203,0,0,0,0,0,173,253,183,0,0,0,0,0,0,0,0,0,0,0,0,0,0,0,0,0,233,252,122,0,0,0,0,0,253,252,102,0,0,0,0,0,0,0,0,0,0,0,0,0,0,0,0,0,193,253,132,10,0,0,0,21,254,253,41,0,0,0,0,0,0,0,0,0,0,0,0,0,0,0,0,0,71,252,253,172,102,20,102,203,253,252,0,0,0,0,0,0,0,0,0,0,0,0,0,0,0,0,0,0,0,163,254,253,254,253,254,253,254,151,0,0,0,0,0,0,0,0,0,0,0,0,0,0,0,0,0,0,0,0,112,232,253,252,253,252,253,70,0,0,0,0,0,0,0,0,0,0,0,0,0,0,0,0,0,0,0,0,0,0,0,0,51,253,254,50,0,0,0,0,0,0,0,0,0,0,0,0,0,0,0,0,0,0,0,0,0,0,0,0,132,252,172,10,0,0,0,0,0,0,0,0,0,0,0,0,0,0,0,0,0,0,0,0,0,0,0,0,254,253,102,0,0,0,0,0,0,0,0,0,0,0,0,0,0,0,0,0,0,0,0,0,0,0,0,41,253,252,20,0,0,0,0,0,0,0,0,0,0,0,0,0,0,0,0,0,0,0,0,0,0,0,0,123,255,233,0,0,0,0,0,0,0,0,0,0,0,0,0,0,0,0,0,0,0,0,0,0,0,0,0,203,253,151,0,0,0,0,0,0,0,0,0,0,0,0,0,0,0,0,0,0,0,0,0,0,0,0,0,142,255,253,0,0,0,0,0,0,0,0,0,0,0,0,0,0,0,0,0,0,0,0,0,0,0,0,0,61,253,171,0,0,0,0,0,0,0,0,0,0,0,0,0,0,0,0,0,0,0,0,0,0,0,0,0,0,0,0,0,0,0,0,0,0,0,0,0,0,0,0,0,0,0,0,0,0,0,0,0,0,0,0,0,0,0,0,0,0,0,0,0,0,0,0,0,0,0,0,0,0,0,0,0,0,0,0,0,0,0,0,0,0,0,0,0,0,0,0,0,0,0,0,0,0,0
9,0,0,0,0,0,0,0,0,0,0,0,0,0,0,0,0,0,0,0,0,0,0,0,0,0,0,0,0,0,0,0,0,0,0,0,0,0,0,0,0,0,0,0,0,0,0,0,0,0,0,0,0,0,0,0,0,0,0,0,0,0,0,0,0,0,0,0,0,0,0,0,0,0,0,0,0,0,0,0,0,0,0,0,0,0,0,0,0,0,0,0,0,0,0,0,0,0,0,0,0,0,0,0,0,0,0,0,0,0,0,0,0,0,0,0,0,0,0,0,0,0,0,0,0,0,0,0,0,0,0,0,0,0,0,0,0,0,0,0,0,0,0,0,0,0,0,0,0,0,0,0,0,0,0,0,0,0,0,0,0,0,0,0,0,0,0,0,0,0,0,0,0,0,0,0,0,0,0,0,19,164,254,255,254,223,35,0,0,0,0,0,0,0,0,0,0,0,0,0,0,0,0,0,0,0,0,62,226,250,233,136,135,217,117,0,0,0,0,0,0,0,0,0,0,0,0,0,0,0,0,0,0,0,71,211,198,66,0,0,0,145,117,0,0,0,0,0,0,0,0,0,0,0,0,0,0,0,0,0,0,68,246,189,43,0,0,0,0,36,180,174,152,6,0,0,0,0,0,0,0,0,0,0,0,0,0,0,0,157,254,173,0,0,0,0,0,0,159,253,254,114,0,0,0,0,0,0,0,0,0,0,0,0,0,0,100,254,218,15,0,0,0,0,0,0,159,254,255,76,0,0,0,0,0,0,0,0,0,0,0,0,0,0,136,253,113,0,0,0,0,0,0,67,250,253,226,21,0,0,0,0,0,0,0,0,0,0,0,0,0,0,136,253,60,0,0,0,0,0,0,109,253,253,60,0,0,0,0,0,0,0,0,0,0,0,0,0,0,0,122,253,159,40,40,40,40,100,182,247,253,200,0,0,0,0,0,0,0,0,0,0,0,0,0,0,0,0,9,170,254,253,253,253,253,254,253,253,237,58,0,0,0,0,0,0,0,0,0,0,0,0,0,0,0,0,0,38,121,218,195,195,120,76,118,254,192,0,0,0,0,0,0,0,0,0,0,0,0,0,0,0,0,0,0,0,0,15,0,0,0,0,162,253,71,0,0,0,0,0,0,0,0,0,0,0,0,0,0,0,0,0,0,0,0,0,0,0,0,71,241,198,6,0,0,0,0,0,0,0,0,0,0,0,0,0,0,0,0,0,0,0,0,0,0,0,0,171,253,85,0,0,0,0,0,0,0,0,0,0,0,0,0,0,0,0,0,0,0,0,0,0,0,0,38,254,200,18,0,0,0,0,0,0,0,0,0,0,0,0,0,0,0,0,0,0,0,0,0,0,0,10,209,255,114,0,0,0,0,0,0,0,0,0,0,0,0,0,0,0,0,0,0,0,0,0,0,0,0,129,253,254,39,0,0,0,0,0,0,0,0,0,0,0,0,0,0,0,0,0,0,0,0,0,0,0,0,234,253,213,12,0,0,0,0,0,0,0,0,0,0,0,0,0,0,0,0,0,0,0,0,0,0,0,0,234,253,142,0,0,0,0,0,0,0,0,0,0,0,0,0,0,0,0,0,0,0,0,0,0,0,0,0,234,253,60,0,0,0,0,0,0,0,0,0,0,0,0,0,0,0,0,0,0,0,0,0,0,0,0,0,0,0,0,0,0,0,0,0,0,0,0,0,0,0,0,0,0,0,0,0,0,0,0,0,0,0,0,0,0,0,0,0,0,0,0,0,0,0,0,0,0,0,0,0
9,0,0,0,0,0,0,0,0,0,0,0,0,0,0,0,0,0,0,0,0,0,0,0,0,0,0,0,0,0,0,0,0,0,0,0,0,0,0,0,0,0,0,0,0,0,0,0,0,0,0,0,0,0,0,0,0,0,0,0,0,0,0,0,0,0,0,0,0,0,0,0,0,0,0,0,0,0,0,0,0,0,0,0,0,0,0,0,0,0,0,0,0,0,0,0,0,0,0,0,0,0,0,0,0,0,0,0,0,0,0,0,0,0,0,0,0,0,0,0,0,0,0,0,0,0,0,0,0,0,0,0,0,0,0,0,0,0,0,0,0,0,0,0,0,0,0,0,0,0,0,0,0,0,0,0,0,0,0,0,0,0,0,0,0,0,0,0,0,0,0,0,0,0,0,0,0,0,0,0,22,97,212,255,217,162,0,0,0,0,0,0,0,0,0,0,0,0,0,0,0,0,0,0,0,0,0,0,210,254,254,246,239,253,184,2,0,0,0,0,0,0,0,0,0,0,0,0,0,0,0,0,0,0,75,228,253,242,111,23,90,149,254,26,0,0,0,0,0,0,0,0,0,0,0,0,0,0,0,0,0,12,220,242,161,37,0,0,0,3,212,141,0,0,0,0,0,0,0,0,0,0,0,0,0,0,0,0,0,5,200,92,0,0,0,0,0,0,170,192,2,0,0,0,0,0,0,0,0,0,0,0,0,0,0,0,0,0,182,97,1,0,0,0,0,1,172,254,22,0,0,0,0,0,0,0,0,0,0,0,0,0,0,0,0,0,99,254,150,66,0,0,0,35,254,254,22,0,0,0,0,0,0,0,0,0,0,0,0,0,0,0,0,0,2,119,254,253,250,250,250,251,254,235,16,0,0,0,0,0,0,0,0,0,0,0,0,0,0,0,0,0,0,6,99,229,254,254,254,254,254,166,0,0,0,0,0,0,0,0,0,0,0,0,0,0,0,0,0,0,0,0,0,18,47,120,176,254,254,98,0,0,0,0,0,0,0,0,0,0,0,0,0,0,0,0,0,0,0,0,0,0,0,0,119,254,254,24,0,0,0,0,0,0,0,0,0,0,0,0,0,0,0,0,0,0,0,0,0,0,0,25,241,254,213,5,0,0,0,0,0,0,0,0,0,0,0,0,0,0,0,0,0,0,0,0,0,0,0,98,254,250,25,0,0,0,0,0,0,0,0,0,0,0,0,0,0,0,0,0,0,0,0,0,0,0,0,210,254,222,28,0,0,0,0,0,0,0,0,0,0,0,0,0,0,0,0,0,0,0,0,0,0,0,123,252,254,74,0,0,0,0,0,0,0,0,0,0,0,0,0,0,0,0,0,0,0,0,0,0,0,123,251,254,136,6,0,0,0,0,0,0,0,0,0,0,0,0,0,0,0,0,0,0,0,0,0,0,0,237,254,181,8,0,0,0,0,0,0,0,0,0,0,0,0,0,0,0,0,0,0,0,0,0,0,0,171,250,249,57,0,0,0,0,0,0,0,0,0,0,0,0,0,0,0,0,0,0,0,0,0,0,0,0,250,251,104,0,0,0,0,0,0,0,0,0,0,0,0,0,0,0,0,0,0,0,0,0,0,0,0,0,187,102,0,0,0,0,0,0,0,0,0,0,0,0,0,0,0,0,0,0,0,0,0,0,0,0,0,0,0,0,0,0,0,0,0,0,0,0,0,0,0,0,0,0,0,0,0,0,0,0,0,0,0,0,0,0,0,0,0,0,0,0,0,0,0,0,0,0,0,0,0,0,0
4,0,0,0,0,0,0,0,0,0,0,0,0,0,0,0,0,0,0,0,0,0,0,0,0,0,0,0,0,0,0,0,0,0,0,0,0,0,0,0,0,0,0,0,0,0,0,0,0,0,0,0,0,0,0,0,0,0,0,0,0,0,0,0,0,0,0,0,0,0,0,0,0,0,0,0,0,0,0,0,0,0,0,0,0,0,0,0,0,0,0,0,0,0,0,0,0,0,0,0,0,0,0,0,0,0,0,0,0,0,0,0,0,0,0,0,0,0,0,0,0,0,0,0,0,0,0,0,0,0,0,0,0,0,0,0,0,0,0,0,0,0,0,0,0,0,0,0,0,0,0,0,0,0,0,0,0,0,0,0,0,0,0,0,0,0,0,0,0,0,0,0,0,0,0,0,0,0,0,0,0,0,0,151,119,0,0,0,0,0,0,0,0,0,0,0,0,0,0,0,0,0,0,0,0,0,0,0,0,0,63,253,220,0,0,2,159,32,0,0,0,0,0,0,0,0,0,0,0,0,0,0,0,0,0,0,0,0,140,254,152,0,0,118,254,54,0,0,0,0,0,0,0,0,0,0,0,0,0,0,0,0,0,0,0,63,211,208,14,0,8,215,214,6,0,0,0,0,0,0,0,0,0,0,0,0,0,0,0,0,0,0,0,136,254,127,0,0,99,254,144,0,0,0,0,0,0,0,0,0,0,0,0,0,0,0,0,0,0,0,23,243,229,73,0,16,211,254,119,0,0,0,0,0,0,0,0,0,0,0,0,0,0,0,0,0,0,0,136,239,90,0,0,61,254,254,56,0,0,0,0,0,0,0,0,0,0,0,0,0,0,0,0,0,0,29,253,177,0,0,2,211,254,149,1,0,0,0,0,0,0,0,0,0,0,0,0,0,0,0,0,0,0,113,254,55,19,99,162,254,251,63,0,0,0,0,0,0,0,0,0,0,0,0,0,0,0,0,0,0,0,216,254,162,240,254,254,254,247,60,0,0,0,0,0,0,0,0,0,0,0,0,0,0,0,0,0,0,16,242,254,254,253,211,254,254,139,0,0,0,0,0,0,0,0,0,0,0,0,0,0,0,0,0,0,0,0,136,194,124,38,90,254,199,0,0,0,0,0,0,0,0,0,0,0,0,0,0,0,0,0,0,0,0,0,0,0,0,0,175,253,54,0,0,0,0,0,0,0,0,0,0,0,0,0,0,0,0,0,0,0,0,0,0,0,0,67,254,202,0,0,0,0,0,0,0,0,0,0,0,0,0,0,0,0,0,0,0,0,0,0,0,0,0,140,255,67,0,0,0,0,0,0,0,0,0,0,0,0,0,0,0,0,0,0,0,0,0,0,0,0,31,219,254,71,0,0,0,0,0,0,0,0,0,0,0,0,0,0,0,0,0,0,0,0,0,0,0,0,108,254,98,2,0,0,0,0,0,0,0,0,0,0,0,0,0,0,0,0,0,0,0,0,0,0,0,0,191,180,1,0,0,0,0,0,0,0,0,0,0,0,0,0,0,0,0,0,0,0,0,0,0,0,0,43,251,115,0,0,0,0,0,0,0,0,0,0,0,0,0,0,0,0,0,0,0,0,0,0,0,0,0,62,254,74,0,0,0,0,0,0,0,0,0,0,0,0,0,0,0,0,0,0,0,0,0,0,0,0,0,0,0,0,0,0,0,0,0,0,0,0,0,0,0,0,0,0,0,0,0,0,0,0,0,0,0,0,0,0,0,0,0,0,0,0,0,0,0,0,0,0,0,0,0,0
8,0,0,0,0,0,0,0,0,0,0,0,0,0,0,0,0,0,0,0,0,0,0,0,0,0,0,0,0,0,0,0,0,0,0,0,0,0,0,0,0,0,0,0,0,0,0,0,0,0,0,0,0,0,0,0,0,0,0,0,0,0,0,0,0,0,0,0,0,0,0,0,0,0,0,0,0,0,0,0,0,0,0,0,0,0,0,0,0,0,0,0,0,0,0,0,0,0,0,0,0,0,0,0,0,0,0,0,0,0,0,0,0,0,0,0,0,0,0,0,0,0,0,0,0,0,0,0,0,0,0,0,0,0,0,0,0,0,0,0,0,0,0,0,0,0,0,0,0,0,0,0,0,0,0,0,0,36,111,235,186,13,0,0,0,0,0,0,0,0,0,0,0,0,0,0,0,0,0,0,0,0,5,100,185,250,254,254,254,81,0,0,0,0,0,0,0,0,0,0,0,0,0,0,0,0,0,0,2,43,170,254,254,254,254,254,254,205,20,0,0,0,0,0,0,0,0,0,0,0,0,0,0,0,0,7,172,254,254,254,254,254,254,254,254,254,43,0,0,0,0,0,0,0,0,0,0,0,0,0,0,0,0,128,254,254,254,254,190,78,218,254,254,234,29,0,0,0,0,0,0,0,0,0,0,0,0,0,0,0,125,252,254,254,242,112,10,171,254,254,237,54,0,0,0,0,0,0,0,0,0,0,0,0,0,0,0,48,230,254,254,238,59,55,193,254,254,194,46,0,0,0,0,0,0,0,0,0,0,0,0,0,0,0,0,152,254,254,254,84,50,233,254,254,197,57,0,0,0,0,0,0,0,0,0,0,0,0,0,0,0,0,0,152,254,254,254,109,235,254,254,237,44,0,0,0,0,0,0,0,0,0,0,0,0,0,0,0,0,0,0,83,254,254,254,254,254,254,254,55,0,0,0,0,0,0,0,0,0,0,0,0,0,0,0,0,0,0,0,44,254,254,254,254,254,235,77,4,0,0,0,0,0,0,0,0,0,0,0,0,0,0,0,0,0,0,0,44,254,254,254,254,254,144,0,0,0,0,0,0,0,0,0,0,0,0,0,0,0,0,0,0,0,0,0,34,239,254,254,254,244,31,0,0,0,0,0,0,0,0,0,0,0,0,0,0,0,0,0,0,0,0,0,0,148,254,254,254,251,117,0,0,0,0,0,0,0,0,0,0,0,0,0,0,0,0,0,0,0,0,0,0,82,254,254,254,254,252,159,20,0,0,0,0,0,0,0,0,0,0,0,0,0,0,0,0,0,0,0,0,82,254,254,254,254,255,254,213,103,13,0,0,0,0,0,0,0,0,0,0,0,0,0,0,0,0,0,0,49,244,254,254,254,254,254,254,254,138,0,0,0,0,0,0,0,0,0,0,0,0,0,0,0,0,0,0,0,154,254,254,254,254,254,254,254,156,0,0,0,0,0,0,0,0,0,0,0,0,0,0,0,0,0,0,0,8,228,254,254,254,254,254,254,81,0,0,0,0,0,0,0,0,0,0,0,0,0,0,0,0,0,0,0,0,23,121,199,254,254,254,157,7,0,0,0,0,0,0,0,0,0,0,0,0,0,0,0,0,0,0,0,0,0,0,0,0,0,0,0,0,0,0,0,0,0,0,0,0,0,0,0,0,0,0,0,0,0,0,0,0,0,0,0,0,0,0,0,0,0,0,0,0,0,0,0,0,0,0,0,0,0,0,0,0,0,0,0,0,0,0,0,0,0,0,0,0,0,0,0,0,0,0,0,0,0
4,0,0,0,0,0,0,0,0,0,0,0,0,0,0,0,0,0,0,0,0,0,0,0,0,0,0,0,0,0,0,0,0,0,0,0,0,0,0,0,0,0,0,0,0,0,0,0,0,0,0,0,0,0,0,0,0,0,0,0,0,0,0,0,0,0,0,0,0,0,0,0,0,0,0,0,0,0,0,0,0,0,0,0,0,0,0,0,0,0,0,0,0,0,0,0,0,0,0,0,0,0,0,0,0,0,0,0,0,0,0,0,0,0,0,0,0,0,0,0,0,0,21,176,227,42,0,0,0,0,0,0,0,0,0,0,0,0,0,0,0,0,0,0,0,0,0,0,0,0,176,251,251,142,0,0,0,0,0,0,0,0,0,0,0,0,0,0,0,0,0,0,0,0,0,0,0,0,253,251,251,220,51,0,0,0,0,0,0,0,0,0,0,0,0,0,0,0,0,0,0,0,0,0,0,79,253,251,235,82,0,0,0,0,0,0,32,109,93,0,0,0,0,0,0,0,0,0,0,0,0,0,0,180,253,251,86,0,0,0,0,0,0,130,202,251,215,0,0,0,0,0,0,0,0,0,0,0,0,11,150,253,255,253,35,0,0,0,0,0,110,253,255,253,216,0,0,0,0,0,0,0,0,0,0,0,0,37,251,251,253,251,35,0,0,0,0,0,109,251,253,251,215,0,0,0,0,0,0,0,0,0,0,0,0,63,251,251,253,127,5,0,0,0,0,0,93,241,253,251,215,0,0,0,0,0,0,0,0,0,0,0,0,217,251,251,253,107,0,0,0,0,0,0,47,211,253,251,215,0,0,0,0,0,0,0,0,0,0,0,0,217,251,251,253,107,0,0,0,0,0,0,109,251,253,251,215,0,0,0,0,0,0,0,0,0,0,0,0,37,253,253,255,149,10,0,0,0,42,99,253,253,255,253,216,0,0,0,0,0,0,0,0,0,0,0,0,37,251,251,253,251,159,144,144,145,206,251,251,251,253,251,215,0,0,0,0,0,0,0,0,0,0,0,0,31,230,251,253,251,251,251,251,253,251,251,251,251,253,251,215,0,0,0,0,0,0,0,0,0,0,0,0,0,62,220,253,251,251,251,251,253,251,251,251,251,253,251,215,0,0,0,0,0,0,0,0,0,0,0,0,0,0,51,253,251,251,251,251,253,147,71,148,251,253,251,215,0,0,0,0,0,0,0,0,0,0,0,0,0,0,0,0,0,0,0,0,0,0,0,110,253,255,253,216,0,0,0,0,0,0,0,0,0,0,0,0,0,0,0,0,0,0,0,0,0,0,0,109,251,253,251,215,0,0,0,0,0,0,0,0,0,0,0,0,0,0,0,0,0,0,0,0,0,0,0,15,190,253,251,215,0,0,0,0,0,0,0,0,0,0,0,0,0,0,0,0,0,0,0,0,0,0,0,0,103,175,251,215,0,0,0,0,0,0,0,0,0,0,0,0,0,0,0,0,0,0,0,0,0,0,0,0,0,73,251,86,0,0,0,0,0,0,0,0,0,0,0,0,0,0,0,0,0,0,0,0,0,0,0,0,0,0,0,0,0,0,0,0,0,0,0,0,0,0,0,0,0,0,0,0,0,0,0,0,0,0,0,0,0,0,0,0,0,0,0,0,0,0,0,0,0,0,0,0,0,0,0,0,0,0,0,0,0,0,0,0,0,0,0,0,0,0,0,0,0,0,0,0,0,0,0,0,0,0,0,0,0,0,0,0,0,0,0,0,0,0,0,0,0,0,0,0,0,0
0,0,0,0,0,0,0,0,0,0,0,0,0,0,0,0,0,0,0,0,0,0,0,0,0,0,0,0,0,0,0,0,0,0,0,0,0,0,0,0,0,0,0,0,0,0,0,0,0,0,0,0,0,0,0,0,0,0,0,0,0,0,0,0,0,0,0,0,0,0,0,0,0,0,0,0,0,0,0,0,0,0,0,0,0,0,0,0,0,0,0,0,0,0,0,0,0,0,0,0,0,0,0,0,0,0,0,0,0,0,0,0,0,0,0,0,0,0,0,0,0,0,0,0,0,0,0,0,0,0,0,0,0,0,0,0,0,0,0,0,0,0,0,0,0,0,0,0,0,0,0,49,169,222,203,82,0,0,0,0,0,0,0,0,0,0,0,0,0,0,0,0,0,0,0,0,0,0,135,252,254,254,254,245,30,16,19,0,0,0,0,0,0,0,0,0,0,0,0,0,0,0,0,0,14,186,253,254,254,236,251,254,223,208,251,159,50,0,0,0,0,0,0,0,0,0,0,0,0,0,0,0,113,254,237,174,54,26,36,168,247,253,254,254,249,178,53,0,0,0,0,0,0,0,0,0,0,0,10,122,253,213,48,0,0,0,0,42,109,67,151,254,254,254,236,123,0,0,0,0,0,0,0,0,0,0,29,254,242,34,0,0,0,0,0,1,3,0,1,9,175,254,254,241,37,0,0,0,0,0,0,0,0,0,117,254,73,0,0,0,0,0,0,0,0,0,0,0,38,221,254,254,106,0,0,0,0,0,0,0,0,44,245,190,2,0,0,0,0,0,0,0,0,0,0,0,0,34,254,254,226,0,0,0,0,0,0,0,0,63,249,60,0,0,0,0,0,0,0,0,0,0,0,0,0,1,150,254,254,0,0,0,0,0,0,0,0,105,226,0,0,0,0,0,0,0,0,0,0,0,0,0,0,0,68,254,254,0,0,0,0,0,0,0,0,188,226,0,0,0,0,0,0,0,0,0,0,0,0,0,0,0,68,254,189,0,0,0,0,0,0,0,0,239,226,0,0,0,0,0,0,0,0,0,0,0,0,0,0,58,241,249,95,0,0,0,0,0,0,0,0,199,238,32,0,0,0,0,0,0,0,0,0,0,0,0,57,201,252,139,0,0,0,0,0,0,0,0,0,191,254,224,31,0,0,0,0,0,0,0,0,0,58,100,214,254,124,0,0,0,0,0,0,0,0,0,0,109,254,254,240,149,66,39,22,13,39,39,39,144,250,254,255,184,9,0,0,0,0,0,0,0,0,0,0,38,201,253,254,254,254,254,229,216,254,254,254,254,254,222,103,13,0,0,0,0,0,0,0,0,0,0,0,0,0,68,185,219,254,254,254,254,254,254,254,254,157,0,0,0,0,0,0,0,0,0,0,0,0,0,0,0,0,0,0,14,61,125,125,125,125,125,96,29,6,0,0,0,0,0,0,0,0,0,0,0,0,0,0,0,0,0,0,0,0,0,0,0,0,0,0,0,0,0,0,0,0,0,0,0,0,0,0,0,0,0,0,0,0,0,0,0,0,0,0,0,0,0,0,0,0,0,0,0,0,0,0,0,0,0,0,0,0,0,0,0,0,0,0,0,0,0,0,0,0,0,0,0,0,0,0,0,0,0,0,0,0,0,0,0,0,0,0,0,0,0,0,0,0,0,0,0,0,0,0,0,0,0,0,0,0,0,0,0,0,0,0,0,0,0,0,0,0,0,0,0,0,0,0,0,0,0,0,0,0,0,0,0,0,0,0,0,0,0,0
2,0,0,0,0,0,0,0,0,0,0,0,0,0,0,0,0,0,0,0,0,0,0,0,0,0,0,0,0,0,0,0,0,0,0,0,0,0,0,0,0,0,0,0,0,0,0,0,0,0,0,0,0,0,0,0,0,0,0,0,0,0,0,0,0,0,0,0,0,0,0,0,0,0,0,0,0,0,0,0,0,0,0,0,0,0,0,0,0,0,0,0,0,0,0,0,0,0,0,0,0,0,0,0,0,0,0,0,0,0,0,0,0,0,0,0,0,0,0,0,0,0,0,0,0,0,0,0,0,0,0,0,0,0,0,0,0,0,0,0,0,0,0,0,0,0,0,0,0,2,76,76,76,76,76,76,60,0,0,0,0,0,0,0,0,0,0,0,0,0,0,0,0,0,0,20,146,223,253,253,253,253,253,253,247,222,112,2,0,0,0,0,0,0,0,0,0,0,0,0,0,0,0,165,253,234,210,164,118,210,210,210,219,253,253,186,48,0,0,0,0,0,0,0,0,0,0,0,0,0,0,255,229,49,0,0,0,0,0,0,14,104,249,253,187,4,0,0,0,0,0,0,0,0,0,0,0,0,0,255,131,0,0,0,0,0,0,0,0,0,90,250,253,108,0,0,0,0,0,0,0,0,0,0,0,0,0,166,192,7,0,0,0,0,0,0,0,0,0,168,253,185,0,0,0,0,0,0,0,0,0,0,0,0,0,9,59,8,0,0,0,0,0,0,0,0,0,168,253,226,0,0,0,0,0,0,0,0,0,0,0,0,0,0,0,0,0,0,0,0,0,0,0,0,27,246,253,128,0,0,0,0,0,0,0,0,0,0,0,0,0,0,0,0,0,0,0,0,0,0,0,0,199,253,253,49,0,0,0,0,0,0,0,0,0,0,0,0,0,0,0,0,0,0,0,0,0,46,73,73,244,253,253,99,93,55,0,0,0,0,0,0,0,0,0,0,0,0,0,0,0,7,124,238,238,246,250,250,253,253,253,253,253,247,238,162,176,0,0,0,0,0,0,0,0,0,0,27,125,195,253,253,208,198,253,253,253,214,194,194,194,194,227,253,202,0,0,0,0,0,0,0,0,0,71,214,253,222,156,135,12,105,253,253,194,17,0,0,0,0,27,48,7,0,0,0,0,0,0,0,0,49,251,253,172,81,0,17,147,248,253,193,12,0,0,0,0,0,0,0,0,0,0,0,0,0,0,0,0,146,253,250,33,0,36,223,253,253,188,17,0,0,0,0,0,0,0,0,0,0,0,0,0,0,0,0,0,103,253,253,211,211,231,253,253,196,16,0,0,0,0,0,0,0,0,0,0,0,0,0,0,0,0,0,0,34,231,253,253,253,238,200,30,3,0,0,0,0,0,0,0,0,0,0,0,0,0,0,0,0,0,0,0,0,23,75,75,75,40,0,0,0,0,0,0,0,0,0,0,0,0,0,0,0,0,0,0,0,0,0,0,0,0,0,0,0,0,0,0,0,0,0,0,0,0,0,0,0,0,0,0,0,0,0,0,0,0,0,0,0,0,0,0,0,0,0,0,0,0,0,0,0,0,0,0,0,0,0,0,0,0,0,0,0,0,0,0,0,0,0,0,0,0,0,0,0,0,0,0,0,0,0,0,0,0,0,0,0,0,0,0,0,0,0,0,0,0,0,0,0,0,0,0,0,0,0,0,0,0,0,0,0,0,0,0,0,0,0,0,0,0,0,0,0,0,0,0,0,0,0,0,0,0,0,0,0,0,0,0,0,0,0,0,0,0
4,0,0,0,0,0,0,0,0,0,0,0,0,0,0,0,0,0,0,0,0,0,0,0,0,0,0,0,0,0,0,0,0,0,0,0,0,0,0,0,0,0,0,0,0,0,0,0,0,0,0,0,0,0,0,0,0,0,0,0,0,0,0,0,0,0,0,0,0,0,0,0,0,0,0,0,0,0,0,0,0,0,0,0,0,0,0,0,0,0,0,0,0,0,0,0,0,0,0,0,0,0,0,0,0,0,0,0,0,0,0,0,0,0,0,0,0,0,0,0,0,0,0,0,0,0,0,0,0,0,0,0,0,0,0,0,0,0,0,0,0,0,0,0,0,0,0,0,0,0,0,105,253,188,0,0,0,0,0,0,0,0,0,0,0,0,0,0,0,0,0,0,0,0,0,0,0,0,0,227,252,152,0,0,0,0,0,0,0,36,0,0,0,0,0,0,0,0,0,0,0,0,0,0,0,0,98,253,245,27,0,0,0,0,0,6,153,242,58,0,0,0,0,0,0,0,0,0,0,0,0,0,0,0,132,253,168,0,0,0,0,0,0,134,252,225,21,0,0,0,0,0,0,0,0,0,0,0,0,0,0,0,211,253,80,0,0,0,0,0,62,239,252,124,0,0,0,0,0,0,0,0,0,0,0,0,0,0,0,38,236,254,63,0,0,0,0,0,189,253,236,0,0,0,0,0,0,0,0,0,0,0,0,0,0,0,0,64,252,253,63,0,0,0,0,0,232,252,147,0,0,0,0,0,0,0,0,0,0,0,0,0,0,0,0,64,252,250,58,0,0,0,0,87,251,247,47,0,0,0,0,0,0,0,0,0,0,0,0,0,0,0,0,134,252,211,0,0,0,0,29,232,252,162,0,0,0,0,0,0,0,0,0,0,0,0,0,0,0,0,0,169,252,229,27,0,0,0,87,252,252,84,0,0,0,0,0,0,0,0,0,0,0,0,0,0,0,0,0,54,247,254,174,51,43,43,210,253,236,14,0,0,0,0,0,0,0,0,0,0,0,0,0,0,0,0,0,0,131,253,252,252,252,252,253,252,201,21,0,0,0,0,0,0,0,0,0,0,0,0,0,0,0,0,0,0,9,83,205,242,252,252,253,252,29,0,0,0,0,0,0,0,0,0,0,0,0,0,0,0,0,0,0,0,0,0,0,42,84,154,253,196,7,0,0,0,0,0,0,0,0,0,0,0,0,0,0,0,0,0,0,0,0,0,0,0,0,194,253,124,0,0,0,0,0,0,0,0,0,0,0,0,0,0,0,0,0,0,0,0,0,0,0,0,0,212,255,63,0,0,0,0,0,0,0,0,0,0,0,0,0,0,0,0,0,0,0,0,0,0,0,0,0,211,236,37,0,0,0,0,0,0,0,0,0,0,0,0,0,0,0,0,0,0,0,0,0,0,0,0,0,202,253,72,0,0,0,0,0,0,0,0,0,0,0,0,0,0,0,0,0,0,0,0,0,0,0,0,0,106,253,168,0,0,0,0,0,0,0,0,0,0,0,0,0,0,0,0,0,0,0,0,0,0,0,0,0,18,122,124,0,0,0,0,0,0,0,0,0,0,0,0,0,0,0,0,0,0,0,0,0,0,0,0,0,0,0,0,0,0,0,0,0,0,0,0,0,0,0,0,0,0,0,0,0,0,0,0,0,0,0,0,0,0,0,0,0,0,0,0,0,0,0,0,0,0,0,0,0,0,0,0,0,0,0,0,0,0,0,0,0,0,0,0,0,0,0,0,0,0,0,0,0,0,0
5,0,0,0,0,0,0,0,0,0,0,0,0,0,0,0,0,0,0,0,0,0,0,0,0,0,0,0,0,0,0,0,0,0,0,0,0,0,0,0,0,0,0,0,0,0,0,0,0,0,0,0,0,0,0,0,0,0,0,0,0,0,0,0,0,0,0,0,0,0,0,0,0,0,0,0,0,0,0,0,0,0,0,0,0,0,0,0,0,0,0,0,0,0,0,0,0,0,0,0,0,0,0,0,0,0,0,0,0,0,0,0,0,0,0,0,0,0,0,0,0,0,0,0,0,0,0,0,0,0,0,0,0,0,0,0,0,0,0,0,0,0,0,0,0,0,0,0,0,0,0,0,20,134,253,253,255,253,253,253,253,253,253,156,0,0,0,0,0,0,0,0,0,0,0,0,40,219,240,240,242,252,252,252,253,252,252,252,252,252,252,251,101,0,0,0,0,0,0,0,0,0,0,40,222,252,252,252,252,252,252,252,253,252,252,252,252,252,252,252,106,0,0,0,0,0,0,0,0,0,0,107,252,252,252,252,252,252,252,252,253,252,252,252,252,252,197,158,17,0,0,0,0,0,0,0,0,0,0,23,196,252,252,252,241,185,185,185,186,59,53,53,53,53,17,0,0,0,0,0,0,0,0,0,0,0,0,0,25,223,252,252,114,0,0,0,0,0,0,0,0,0,0,0,0,0,0,0,0,0,0,0,0,0,0,0,0,213,252,252,107,41,41,19,0,0,0,0,0,0,0,0,0,0,0,0,0,0,0,0,0,0,0,0,0,213,252,252,252,252,252,203,98,16,0,0,0,0,0,0,0,0,0,0,0,0,0,0,0,0,0,0,0,131,249,252,252,252,252,252,253,207,98,10,0,0,0,0,0,0,0,0,0,0,0,0,0,0,0,0,0,0,129,252,252,252,252,252,253,252,252,214,28,0,0,0,0,0,0,0,0,0,0,0,0,0,0,0,0,0,0,99,216,253,253,253,255,253,253,253,218,32,0,0,0,0,0,0,0,0,0,0,0,0,0,0,0,0,0,0,9,13,20,145,197,252,252,252,252,192,0,0,0,0,0,0,0,0,0,0,0,0,0,0,0,0,25,25,0,0,0,0,13,26,180,252,252,198,0,0,0,0,0,0,0,0,0,0,0,0,0,0,0,26,196,108,0,0,0,0,0,0,15,219,252,198,0,0,0,0,0,0,0,0,0,0,0,0,0,0,0,38,224,241,179,25,0,0,0,0,0,142,252,241,63,0,0,0,0,0,0,0,0,0,0,0,0,0,0,64,241,252,252,210,110,54,54,180,186,242,252,252,79,0,0,0,0,0,0,0,0,0,0,0,0,0,0,0,179,252,252,252,252,252,253,252,252,252,252,252,79,0,0,0,0,0,0,0,0,0,0,0,0,0,0,0,25,210,252,252,252,252,253,252,252,252,252,246,71,0,0,0,0,0,0,0,0,0,0,0,0,0,0,0,0,107,248,252,252,252,253,252,252,252,252,191,0,0,0,0,0,0,0,0,0,0,0,0,0,0,0,0,0,0,82,132,252,252,253,252,252,252,217,31,0,0,0,0,0,0,0,0,0,0,0,0,0,0,0,0,0,0,0,0,0,0,0,0,0,0,0,0,0,0,0,0,0,0,0,0,0,0,0,0,0,0,0,0,0,0,0,0,0,0,0,0,0,0,0,0,0,0,0,0,0,0,0,0,0,0,0,0,0,0,0,0,0,0,0,0,0,0,0,0,0,0,0,0,0,0,0,0,0,0,0
1,0,0,0,0,0,0,0,0,0,0,0,0,0,0,0,0,0,0,0,0,0,0,0,0,0,0,0,0,0,0,0,0,0,0,0,0,0,0,0,0,0,0,0,0,0,0,0,0,0,0,0,0,0,0,0,0,0,0,0,0,0,0,0,0,0,0,0,0,0,0,0,0,0,0,0,0,0,0,0,0,0,0,0,0,0,0,0,0,0,0,0,0,0,0,0,0,0,0,0,0,0,0,0,0,0,0,0,0,0,0,0,0,0,0,0,0,0,0,0,0,0,0,0,0,0,0,0,0,0,0,0,0,0,0,0,0,0,0,0,0,0,0,0,0,0,0,0,0,0,0,0,0,0,0,0,0,100,231,0,0,0,0,0,0,0,0,0,0,0,0,0,0,0,0,0,0,0,0,0,0,0,0,0,0,128,230,0,0,0,0,0,0,0,0,0,0,0,0,0,0,0,0,0,0,0,0,0,0,0,0,0,0,209,230,0,0,0,0,0,0,0,0,0,0,0,0,0,0,0,0,0,0,0,0,0,0,0,0,0,35,232,230,0,0,0,0,0,0,0,0,0,0,0,0,0,0,0,0,0,0,0,0,0,0,0,0,0,91,252,206,0,0,0,0,0,0,0,0,0,0,0,0,0,0,0,0,0,0,0,0,0,0,0,0,0,176,252,121,0,0,0,0,0,0,0,0,0,0,0,0,0,0,0,0,0,0,0,0,0,0,0,0,16,213,252,20,0,0,0,0,0,0,0,0,0,0,0,0,0,0,0,0,0,0,0,0,0,0,0,0,120,252,235,9,0,0,0,0,0,0,0,0,0,0,0,0,0,0,0,0,0,0,0,0,0,0,0,34,253,252,153,0,0,0,0,0,0,0,0,0,0,0,0,0,0,0,0,0,0,0,0,0,0,0,0,158,253,223,39,0,0,0,0,0,0,0,0,0,0,0,0,0,0,0,0,0,0,0,0,0,0,0,78,253,255,77,0,0,0,0,0,0,0,0,0,0,0,0,0,0,0,0,0,0,0,0,0,0,0,0,154,252,201,23,0,0,0,0,0,0,0,0,0,0,0,0,0,0,0,0,0,0,0,0,0,0,0,81,241,252,19,0,0,0,0,0,0,0,0,0,0,0,0,0,0,0,0,0,0,0,0,0,0,0,1,163,252,185,0,0,0,0,0,0,0,0,0,0,0,0,0,0,0,0,0,0,0,0,0,0,0,0,36,252,235,26,0,0,0,0,0,0,0,0,0,0,0,0,0,0,0,0,0,0,0,0,0,0,0,0,159,252,175,0,0,0,0,0,0,0,0,0,0,0,0,0,0,0,0,0,0,0,0,0,0,0,0,0,231,250,120,0,0,0,0,0,0,0,0,0,0,0,0,0,0,0,0,0,0,0,0,0,0,0,0,0,231,189,0,0,0,0,0,0,0,0,0,0,0,0,0,0,0,0,0,0,0,0,0,0,0,0,0,0,231,99,0,0,0,0,0,0,0,0,0,0,0,0,0,0,0,0,0,0,0,0,0,0,0,0,0,0,135,99,0,0,0,0,0,0,0,0,0,0,0,0,0,0,0,0,0,0,0,0,0,0,0,0,0,0,0,0,0,0,0,0,0,0,0,0,0,0,0,0,0,0,0,0,0,0,0,0,0,0,0,0,0,0,0,0,0,0,0,0,0,0,0,0,0,0,0,0,0,0,0,0,0,0,0,0,0,0,0,0,0,0,0,0,0,0,0,0,0,0,0,0,0,0,0,0,0,0,0,0
1,0,0,0,0,0,0,0,0,0,0,0,0,0,0,0,0,0,0,0,0,0,0,0,0,0,0,0,0,0,0,0,0,0,0,0,0,0,0,0,0,0,0,0,0,0,0,0,0,0,0,0,0,0,0,0,0,0,0,0,0,0,0,0,0,0,0,0,0,0,0,0,0,0,0,0,0,0,0,0,0,0,0,0,0,0,0,0,0,0,0,0,0,0,0,0,0,0,0,0,0,0,0,0,0,0,0,0,0,0,0,0,0,0,0,0,0,0,0,0,0,0,0,0,0,0,0,33,226,219,26,0,0,0,0,0,0,0,0,0,0,0,0,0,0,0,0,0,0,0,0,0,0,0,3,133,254,254,49,0,0,0,0,0,0,0,0,0,0,0,0,0,0,0,0,0,0,0,0,0,0,0,57,254,254,212,22,0,0,0,0,0,0,0,0,0,0,0,0,0,0,0,0,0,0,0,0,0,0,0,57,254,254,167,0,0,0,0,0,0,0,0,0,0,0,0,0,0,0,0,0,0,0,0,0,0,0,0,72,254,254,55,0,0,0,0,0,0,0,0,0,0,0,0,0,0,0,0,0,0,0,0,0,0,0,0,181,254,254,55,0,0,0,0,0,0,0,0,0,0,0,0,0,0,0,0,0,0,0,0,0,0,0,0,181,254,254,55,0,0,0,0,0,0,0,0,0,0,0,0,0,0,0,0,0,0,0,0,0,0,0,10,195,254,254,55,0,0,0,0,0,0,0,0,0,0,0,0,0,0,0,0,0,0,0,0,0,0,0,50,254,254,239,43,0,0,0,0,0,0,0,0,0,0,0,0,0,0,0,0,0,0,0,0,0,0,0,50,254,254,236,41,0,0,0,0,0,0,0,0,0,0,0,0,0,0,0,0,0,0,0,0,0,0,0,50,254,254,254,55,0,0,0,0,0,0,0,0,0,0,0,0,0,0,0,0,0,0,0,0,0,0,0,50,254,254,254,55,0,0,0,0,0,0,0,0,0,0,0,0,0,0,0,0,0,0,0,0,0,0,0,50,254,254,199,11,0,0,0,0,0,0,0,0,0,0,0,0,0,0,0,0,0,0,0,0,0,0,0,93,254,254,125,0,0,0,0,0,0,0,0,0,0,0,0,0,0,0,0,0,0,0,0,0,0,0,0,174,254,254,186,0,0,0,0,0,0,0,0,0,0,0,0,0,0,0,0,0,0,0,0,0,0,0,0,174,254,254,186,0,0,0,0,0,0,0,0,0,0,0,0,0,0,0,0,0,0,0,0,0,0,0,0,175,255,255,186,0,0,0,0,0,0,0,0,0,0,0,0,0,0,0,0,0,0,0,0,0,0,0,0,174,254,254,216,25,0,0,0,0,0,0,0,0,0,0,0,0,0,0,0,0,0,0,0,0,0,0,0,174,254,254,189,3,0,0,0,0,0,0,0,0,0,0,0,0,0,0,0,0,0,0,0,0,0,0,0,28,191,100,4,0,0,0,0,0,0,0,0,0,0,0,0,0,0,0,0,0,0,0,0,0,0,0,0,0,0,0,0,0,0,0,0,0,0,0,0,0,0,0,0,0,0,0,0,0,0,0,0,0,0,0,0,0,0,0,0,0,0,0,0,0,0,0,0,0,0,0,0,0,0,0,0,0,0,0,0,0,0,0,0,0,0,0,0,0,0,0,0,0,0,0,0,0,0,0,0,0,0,0,0,0,0,0,0,0,0,0,0,0,0,0,0,0,0,0,0,0,0,0,0,0,0,0,0
6,0,0,0,0,0,0,0,0,0,0,0,0,0,0,0,0,0,0,0,0,0,0,0,0,0,0,0,0,0,0,0,0,0,0,0,0,0,0,0,0,0,0,0,0,0,0,0,0,0,0,0,0,0,0,0,0,0,0,0,0,0,0,0,0,0,0,0,0,0,0,0,0,0,0,0,0,0,0,0,0,0,0,0,0,0,0,0,0,0,0,0,0,0,0,0,0,0,0,0,0,147,236,228,75,0,0,0,0,0,0,0,0,0,0,0,0,0,0,0,0,0,0,0,0,0,0,19,191,252,254,254,120,0,0,0,0,0,0,0,0,0,0,0,0,0,0,0,0,0,0,0,0,0,18,199,254,254,182,163,77,0,0,0,0,0,0,0,0,0,0,0,0,0,0,0,0,0,0,0,0,19,205,254,254,131,1,0,0,0,0,0,0,0,0,0,0,0,0,0,0,0,0,0,0,0,0,0,0,92,254,253,135,3,0,0,0,0,0,0,0,0,0,0,0,0,0,0,0,0,0,0,0,0,0,0,47,233,254,138,0,0,0,0,0,0,0,0,0,0,0,0,0,0,0,0,0,0,0,0,0,0,0,0,116,254,244,38,0,0,0,0,0,0,0,0,0,0,0,0,0,0,0,0,0,0,0,0,0,0,0,5,199,254,206,0,0,0,0,0,0,0,0,0,0,0,0,0,0,0,0,0,0,0,0,0,0,0,0,85,254,254,139,0,0,0,0,0,0,0,0,0,0,0,0,0,0,0,0,0,0,0,0,0,0,0,0,149,254,208,39,127,144,197,164,118,23,0,0,0,0,0,0,0,0,0,0,0,0,0,0,0,0,0,0,191,254,239,234,254,250,240,246,254,120,0,0,0,0,0,0,0,0,0,0,0,0,0,0,0,0,0,60,252,254,254,254,186,57,0,41,254,120,0,0,0,0,0,0,0,0,0,0,0,0,0,0,0,0,0,87,254,254,241,102,4,0,0,23,222,120,0,0,0,0,0,0,0,0,0,0,0,0,0,0,0,0,0,163,254,254,94,0,0,0,0,110,254,120,0,0,0,0,0,0,0,0,0,0,0,0,0,0,0,0,44,230,254,235,0,0,0,0,0,202,254,120,0,0,0,0,0,0,0,0,0,0,0,0,0,0,0,0,121,254,240,235,0,0,0,0,106,250,244,66,0,0,0,0,0,0,0,0,0,0,0,0,0,0,0,0,119,253,233,243,33,0,1,71,243,254,106,0,0,0,0,0,0,0,0,0,0,0,0,0,0,0,0,0,25,106,184,254,225,110,151,254,254,157,0,0,0,0,0,0,0,0,0,0,0,0,0,0,0,0,0,0,12,35,37,220,255,255,254,244,151,6,0,0,0,0,0,0,0,0,0,0,0,0,0,0,0,0,0,0,0,0,0,29,129,176,170,44,0,0,0,0,0,0,0,0,0,0,0,0,0,0,0,0,0,0,0,0,0,0,0,0,0,0,0,0,0,0,0,0,0,0,0,0,0,0,0,0,0,0,0,0,0,0,0,0,0,0,0,0,0,0,0,0,0,0,0,0,0,0,0,0,0,0,0,0,0,0,0,0,0,0,0,0,0,0,0,0,0,0,0,0,0,0,0,0,0,0,0,0,0,0,0,0,0,0,0,0,0,0,0,0,0,0,0,0,0,0,0,0,0,0,0,0,0,0,0,0,0,0,0,0,0,0,0,0,0,0,0,0,0,0,0,0,0,0,0,0,0,0,0,0,0,0,0,0,0,0,0,0
4,0,0,0,0,0,0,0,0,0,0,0,0,0,0,0,0,0,0,0,0,0,0,0,0,0,0,0,0,0,0,0,0,0,0,0,0,0,0,0,0,0,0,0,0,0,0,0,0,0,0,0,0,0,0,0,0,0,0,0,0,0,0,0,0,0,0,0,0,0,0,0,0,0,0,0,0,0,0,0,0,0,0,0,0,0,0,0,0,0,0,0,0,0,0,0,0,0,0,0,0,0,0,0,0,0,0,0,0,0,0,0,0,0,0,0,0,0,0,0,0,0,0,0,0,0,0,0,0,0,0,0,0,0,0,0,0,0,0,0,0,0,0,0,0,0,0,0,0,0,0,0,0,0,0,0,0,0,0,0,0,77,254,138,0,0,0,0,0,0,0,0,0,0,0,0,0,0,0,0,0,0,0,0,0,0,0,0,0,212,254,184,0,0,0,0,0,0,0,0,0,0,0,0,0,0,0,0,89,108,2,0,0,0,0,0,60,249,254,184,0,0,0,0,0,0,0,0,0,0,0,0,0,0,7,152,231,254,138,0,0,0,0,0,174,254,254,184,0,0,0,0,0,0,0,0,0,0,0,0,0,0,46,254,254,207,24,0,0,0,0,21,234,254,254,149,0,0,0,0,0,0,0,0,0,0,0,0,0,4,172,254,214,69,0,0,0,0,0,176,254,254,234,40,0,0,0,0,0,0,0,0,0,0,0,0,0,149,254,254,146,0,0,0,0,0,61,251,254,254,114,0,0,0,0,0,0,0,0,0,0,0,0,0,34,240,254,238,39,0,0,0,0,0,181,254,254,254,77,0,0,0,0,0,0,0,0,0,0,0,0,1,150,254,254,106,0,0,4,10,1,109,251,254,254,107,1,0,0,0,0,0,0,0,0,0,0,0,0,29,254,254,248,35,42,154,183,215,20,187,254,254,254,43,0,0,0,0,0,0,0,0,0,0,0,0,0,200,254,254,252,201,242,254,254,215,77,254,254,254,231,28,0,0,0,0,0,0,0,0,0,0,0,0,0,223,254,254,254,254,254,254,199,248,192,254,254,241,46,0,0,0,0,0,0,0,0,0,0,0,0,0,51,244,254,254,254,254,229,146,50,147,146,254,254,227,0,0,0,0,0,0,0,0,0,0,0,0,0,0,164,254,254,254,250,90,28,4,0,54,227,254,254,98,0,0,0,0,0,0,0,0,0,0,0,0,0,0,81,254,254,164,10,0,0,0,0,150,254,254,202,5,0,0,0,0,0,0,0,0,0,0,0,0,0,0,25,231,170,21,0,0,0,0,38,238,254,255,128,0,0,0,0,0,0,0,0,0,0,0,0,0,0,0,0,37,0,0,0,0,0,0,99,254,254,230,29,0,0,0,0,0,0,0,0,0,0,0,0,0,0,0,0,0,0,0,0,0,0,0,163,254,254,181,0,0,0,0,0,0,0,0,0,0,0,0,0,0,0,0,0,0,0,0,0,0,0,0,163,254,248,63,0,0,0,0,0,0,0,0,0,0,0,0,0,0,0,0,0,0,0,0,0,0,0,0,71,254,94,0,0,0,0,0,0,0,0,0,0,0,0,0,0,0,0,0,0,0,0,0,0,0,0,0,0,0,0,0,0,0,0,0,0,0,0,0,0,0,0,0,0,0,0,0,0,0,0,0,0,0,0,0,0,0,0,0,0,0,0,0,0,0,0,0,0,0,0,0,0,0,0,0,0,0,0,0,0,0,0,0,0,0,0,0,0,0,0,0,0,0,0,0,0,0,0
7,0,0,0,0,0,0,0,0,0,0,0,0,0,0,0,0,0,0,0,0,0,0,0,0,0,0,0,0,0,0,0,0,0,0,0,0,0,0,0,0,0,0,0,0,0,0,0,0,0,0,0,0,0,0,0,0,0,0,0,0,0,0,0,0,0,0,0,0,0,0,0,0,0,0,0,0,0,0,0,0,0,0,0,0,0,0,0,0,0,0,0,0,0,0,0,0,0,0,0,0,0,0,0,0,0,0,0,0,0,0,0,0,0,0,0,0,0,0,0,0,0,0,0,0,0,0,0,0,0,0,0,0,0,0,0,0,0,0,0,0,0,0,0,0,0,0,0,0,0,0,0,0,0,0,0,0,0,0,0,0,0,0,0,0,0,0,0,0,0,0,0,0,0,0,0,0,0,64,128,191,255,255,128,0,0,0,0,0,0,0,0,0,0,0,0,0,0,0,0,0,0,0,0,0,191,255,255,255,255,255,255,255,128,0,0,0,0,0,0,0,0,0,0,0,0,0,0,0,0,0,0,191,255,255,255,255,255,255,255,255,255,128,0,0,0,0,0,0,0,0,0,0,0,0,0,0,0,0,0,255,255,255,255,191,128,255,255,255,255,255,191,0,0,0,0,0,0,0,0,0,0,0,0,0,0,0,0,255,255,255,191,0,0,0,64,191,255,255,255,0,0,0,0,0,0,0,0,0,0,0,0,0,0,0,0,255,255,191,0,0,0,0,0,128,255,255,255,64,0,0,0,0,0,0,0,0,0,0,0,0,0,0,128,255,255,128,0,0,0,0,0,64,255,255,255,128,0,0,0,0,0,0,0,0,0,0,0,0,0,0,128,255,255,191,0,0,0,0,0,0,255,255,255,128,0,0,0,0,0,0,0,0,0,0,0,0,0,0,0,255,255,255,0,0,0,0,0,0,255,255,255,128,0,0,0,0,0,0,0,0,0,0,0,0,0,0,0,191,191,64,0,0,0,0,0,128,255,255,255,128,0,0,0,0,0,0,0,0,0,0,0,0,0,0,0,0,0,0,0,0,0,0,0,128,255,255,255,0,0,0,0,0,0,0,0,0,0,0,0,0,0,0,0,0,0,0,0,0,0,0,0,191,255,255,255,0,0,0,0,0,0,0,0,0,0,0,0,0,0,0,0,0,0,0,0,0,0,0,0,255,255,255,255,0,0,0,0,0,0,0,0,0,0,0,0,0,0,0,0,0,0,0,0,0,0,0,128,255,255,255,191,0,0,0,0,0,0,0,0,0,0,0,0,0,0,0,0,0,0,0,0,0,0,0,128,255,255,255,128,0,0,0,0,0,0,0,0,0,0,0,0,0,0,0,0,0,0,0,0,0,0,0,128,255,255,255,128,0,0,0,0,0,0,0,0,0,0,0,0,0,0,0,0,0,0,0,0,0,0,0,128,255,255,255,64,0,0,0,0,0,0,0,0,0,0,0,0,0,0,0,0,0,0,0,0,0,0,0,191,255,255,255,0,0,0,0,0,0,0,0,0,0,0,0,0,0,0,0,0,0,0,0,0,0,0,0,128,255,255,128,0,0,0,0,0,0,0,0,0,0,0,0,0,0,0,0,0,0,0,0,0,0,0,0,64,191,191,64,0,0,0,0,0,0,0,0,0,0,0,0,0,0,0,0,0,0,0,0,0,0,0,0,0,0,0,0,0,0,0,0,0,0,0,0,0,0,0,0,0,0,0,0,0,0,0,0,0,0,0,0,0,0,0,0,0,0,0,0,0,0,0,0,0,0
1,0,0,0,0,0,0,0,0,0,0,0,0,0,0,0,0,0,0,0,0,0,0,0,0,0,0,0,0,0,0,0,0,0,0,0,0,0,0,0,0,0,0,0,0,0,0,0,0,0,0,0,0,0,0,0,0,0,0,0,0,0,0,0,0,0,0,0,0,0,0,0,0,0,0,0,0,0,0,0,0,0,0,0,0,0,0,0,0,0,0,0,0,0,0,0,0,0,0,0,0,0,0,0,0,0,0,0,0,0,0,0,0,0,0,0,0,0,0,0,0,0,0,0,0,0,0,0,0,0,0,0,0,0,0,0,0,0,0,0,0,0,0,0,0,0,0,0,0,0,0,0,0,26,207,253,141,0,0,0,0,0,0,0,0,0,0,0,0,0,0,0,0,0,0,0,0,0,0,0,0,57,252,252,140,0,0,0,0,0,0,0,0,0,0,0,0,0,0,0,0,0,0,0,0,0,0,0,0,44,233,252,140,0,0,0,0,0,0,0,0,0,0,0,0,0,0,0,0,0,0,0,0,0,0,0,0,0,169,252,140,0,0,0,0,0,0,0,0,0,0,0,0,0,0,0,0,0,0,0,0,0,0,0,0,0,169,252,140,0,0,0,0,0,0,0,0,0,0,0,0,0,0,0,0,0,0,0,0,0,0,0,0,0,169,253,255,27,0,0,0,0,0,0,0,0,0,0,0,0,0,0,0,0,0,0,0,0,0,0,0,0,122,252,253,74,0,0,0,0,0,0,0,0,0,0,0,0,0,0,0,0,0,0,0,0,0,0,0,0,29,252,253,136,0,0,0,0,0,0,0,0,0,0,0,0,0,0,0,0,0,0,0,0,0,0,0,0,29,252,253,27,0,0,0,0,0,0,0,0,0,0,0,0,0,0,0,0,0,0,0,0,0,0,0,0,29,252,253,27,0,0,0,0,0,0,0,0,0,0,0,0,0,0,0,0,0,0,0,0,0,0,0,0,29,253,255,27,0,0,0,0,0,0,0,0,0,0,0,0,0,0,0,0,0,0,0,0,0,0,0,0,29,252,253,74,0,0,0,0,0,0,0,0,0,0,0,0,0,0,0,0,0,0,0,0,0,0,0,0,60,252,253,167,0,0,0,0,0,0,0,0,0,0,0,0,0,0,0,0,0,0,0,0,0,0,0,0,169,252,253,74,0,0,0,0,0,0,0,0,0,0,0,0,0,0,0,0,0,0,0,0,0,0,0,0,169,252,253,27,0,0,0,0,0,0,0,0,0,0,0,0,0,0,0,0,0,0,0,0,0,0,0,0,108,253,255,27,0,0,0,0,0,0,0,0,0,0,0,0,0,0,0,0,0,0,0,0,0,0,0,0,76,252,253,27,0,0,0,0,0,0,0,0,0,0,0,0,0,0,0,0,0,0,0,0,0,0,0,0,169,252,228,21,0,0,0,0,0,0,0,0,0,0,0,0,0,0,0,0,0,0,0,0,0,0,0,0,169,252,140,0,0,0,0,0,0,0,0,0,0,0,0,0,0,0,0,0,0,0,0,0,0,0,0,0,169,252,63,0,0,0,0,0,0,0,0,0,0,0,0,0,0,0,0,0,0,0,0,0,0,0,0,0,0,0,0,0,0,0,0,0,0,0,0,0,0,0,0,0,0,0,0,0,0,0,0,0,0,0,0,0,0,0,0,0,0,0,0,0,0,0,0,0,0,0,0,0,0,0,0,0,0,0,0,0,0,0,0,0,0,0,0,0,0,0,0,0,0,0,0,0,0,0,0
9,0,0,0,0,0,0,0,0,0,0,0,0,0,0,0,0,0,0,0,0,0,0,0,0,0,0,0,0,0,0,0,0,0,0,0,0,0,0,0,0,0,0,0,0,0,0,0,0,0,0,0,0,0,0,0,0,0,0,0,0,0,0,0,0,0,0,0,0,0,0,0,0,0,0,0,0,0,0,0,0,0,0,0,0,0,0,0,0,0,0,0,0,0,0,0,0,0,0,0,0,0,0,0,0,0,0,0,0,0,0,0,0,0,0,0,0,0,0,0,0,0,0,0,0,0,0,0,0,0,0,0,0,0,0,0,0,0,0,0,0,0,0,0,0,0,0,0,0,0,0,0,0,0,0,0,0,0,0,0,0,0,0,0,0,0,0,0,0,0,0,0,0,0,0,0,0,0,0,0,0,0,0,0,0,0,0,0,0,0,0,0,0,0,0,0,0,0,0,0,0,0,0,0,0,0,0,0,42,146,232,255,183,105,18,0,0,0,0,0,0,0,0,0,0,0,0,0,0,0,0,0,0,0,15,159,248,253,193,177,195,253,197,0,0,0,0,0,0,0,0,0,0,0,0,0,0,0,0,0,0,8,187,253,197,71,7,0,58,166,250,71,0,0,0,0,0,0,0,0,0,0,0,0,0,0,0,0,49,199,253,183,52,0,0,0,149,253,253,81,0,0,0,0,0,0,0,0,0,0,0,0,0,0,0,0,162,250,106,15,0,0,0,0,16,218,253,161,0,0,0,0,0,0,0,0,0,0,0,0,0,0,0,39,247,243,0,0,0,0,0,0,105,249,253,188,0,0,0,0,0,0,0,0,0,0,0,0,0,0,0,17,193,249,81,0,0,0,0,35,221,253,253,167,0,0,0,0,0,0,0,0,0,0,0,0,0,0,0,0,54,245,242,46,0,0,32,218,253,253,253,81,0,0,0,0,0,0,0,0,0,0,0,0,0,0,0,0,0,24,199,238,179,147,240,252,94,210,228,7,0,0,0,0,0,0,0,0,0,0,0,0,0,0,0,0,0,0,18,128,249,253,211,90,0,206,226,0,0,0,0,0,0,0,0,0,0,0,0,0,0,0,0,0,0,0,0,0,49,54,12,0,22,223,226,0,0,0,0,0,0,0,0,0,0,0,0,0,0,0,0,0,0,0,0,0,0,0,0,0,60,253,226,0,0,0,0,0,0,0,0,0,0,0,0,0,0,0,0,0,0,0,0,0,0,0,0,0,21,222,226,0,0,0,0,0,0,0,0,0,0,0,0,0,0,0,0,0,0,0,0,0,0,0,0,0,49,244,226,0,0,0,0,0,0,0,0,0,0,0,0,0,0,0,0,0,0,0,0,0,0,0,0,0,60,253,226,0,0,0,0,0,0,0,0,0,0,0,0,0,0,0,0,0,0,0,0,0,0,0,0,0,60,253,226,0,0,0,0,0,0,0,0,0,0,0,0,0,0,0,0,0,0,0,0,0,0,0,0,0,60,253,226,0,0,0,0,0,0,0,0,0,0,0,0,0,0,0,0,0,0,0,0,0,0,0,0,0,27,227,226,0,0,0,0,0,0,0,0,0,0,0,0,0,0,0,0,0,0,0,0,0,0,0,0,0,0,206,226,0,0,0,0,0,0,0,0,0,0,0,0,0,0,0,0,0,0,0,0,0,0,0,0,0,0,114,226,0,0,0,0,0,0,0,0,0,0,0,0,0,0,0,0,0,0,0,0,0,0,0,0,0,0,0,0,0,0,0,0,0,0,0,0,0,0
4,0,0,0,0,0,0,0,0,0,0,0,0,0,0,0,0,0,0,0,0,0,0,0,0,0,0,0,0,0,0,0,0,0,0,0,0,0,0,0,0,0,0,0,0,0,0,0,0,0,0,0,0,0,0,0,0,0,0,0,0,0,0,0,0,0,0,0,0,0,0,0,0,0,0,0,0,0,0,0,0,0,0,0,0,0,0,0,0,0,0,0,0,0,0,0,0,0,0,0,0,0,0,0,0,0,0,0,0,0,0,0,0,0,0,0,0,0,0,0,0,0,0,0,0,0,0,0,0,0,0,0,0,0,0,0,0,0,0,0,0,0,0,0,0,0,0,0,0,0,0,0,0,0,0,0,199,149,0,0,0,0,0,0,0,0,0,0,0,0,0,0,0,0,0,0,0,0,0,3,157,107,0,0,136,208,23,0,0,0,0,0,0,0,0,0,0,0,0,0,0,0,0,0,0,0,0,12,254,169,0,0,12,196,85,0,0,0,0,0,0,0,0,0,0,0,0,0,0,0,0,0,0,0,0,9,240,104,0,0,0,180,102,0,0,0,0,0,0,0,0,0,0,0,0,0,0,0,0,0,0,0,0,38,251,104,0,0,0,142,158,0,0,0,0,0,0,0,0,0,0,0,0,0,0,0,0,0,0,0,0,143,245,39,0,0,0,153,180,0,0,0,0,0,0,0,0,0,0,0,0,0,0,0,0,0,0,0,18,212,185,0,0,0,2,185,91,0,0,0,0,0,0,0,0,0,0,0,0,0,0,0,0,0,0,0,65,233,136,0,0,0,30,254,131,0,0,0,0,0,0,0,0,0,0,0,0,0,0,0,0,0,0,0,128,244,16,3,15,78,120,254,246,118,0,0,0,0,0,0,0,0,0,0,0,0,0,0,0,0,0,0,146,185,125,226,238,249,254,254,251,108,0,0,0,0,0,0,0,0,0,0,0,0,0,0,0,0,0,0,84,251,217,233,135,148,128,254,169,0,0,0,0,0,0,0,0,0,0,0,0,0,0,0,0,0,0,0,1,25,2,3,1,0,60,254,150,0,0,0,0,0,0,0,0,0,0,0,0,0,0,0,0,0,0,0,0,0,0,0,0,0,64,254,145,0,0,0,0,0,0,0,0,0,0,0,0,0,0,0,0,0,0,0,0,0,0,0,0,0,30,254,158,0,0,0,0,0,0,0,0,0,0,0,0,0,0,0,0,0,0,0,0,0,0,0,0,0,30,254,116,0,0,0,0,0,0,0,0,0,0,0,0,0,0,0,0,0,0,0,0,0,0,0,0,0,30,254,158,0,0,0,0,0,0,0,0,0,0,0,0,0,0,0,0,0,0,0,0,0,0,0,0,0,16,234,158,0,0,0,0,0,0,0,0,0,0,0,0,0,0,0,0,0,0,0,0,0,0,0,0,0,9,223,158,0,0,0,0,0,0,0,0,0,0,0,0,0,0,0,0,0,0,0,0,0,0,0,0,0,22,243,158,0,0,0,0,0,0,0,0,0,0,0,0,0,0,0,0,0,0,0,0,0,0,0,0,0,4,195,158,0,0,0,0,0,0,0,0,0,0,0,0,0,0,0,0,0,0,0,0,0,0,0,0,0,0,0,0,0,0,0,0,0,0,0,0,0,0,0,0,0,0,0,0,0,0,0,0,0,0,0,0,0,0,0,0,0,0,0,0,0,0,0,0,0,0,0,0,0,0,0,0,0,0,0,0,0,0,0,0,0,0,0,0,0,0,0,0,0,0,0,0,0,0
2,0,0,0,0,0,0,0,0,0,0,0,0,0,0,0,0,0,0,0,0,0,0,0,0,0,0,0,0,0,0,0,0,0,0,0,0,0,0,0,0,0,0,0,0,0,0,0,0,0,0,0,0,0,0,0,0,0,0,0,0,0,0,0,0,0,0,0,0,0,0,0,0,0,0,0,0,0,0,0,0,0,0,0,0,0,0,0,0,0,0,0,0,0,0,0,0,0,0,0,0,0,0,0,0,0,0,0,0,0,0,0,0,0,0,0,0,0,0,0,0,0,128,255,255,255,191,64,0,0,0,0,0,0,0,0,0,0,0,0,0,0,0,0,0,0,0,0,0,128,255,255,255,255,255,255,255,64,0,0,0,0,0,0,0,0,0,0,0,0,0,0,0,0,0,0,0,128,255,255,255,255,255,255,255,255,64,0,0,0,0,0,0,0,0,0,0,0,0,0,0,0,0,0,0,64,255,191,191,255,255,255,255,255,128,0,0,0,0,0,0,0,0,0,0,0,0,0,0,0,0,0,0,0,0,0,0,0,0,191,255,255,191,0,0,0,0,0,0,0,0,0,0,0,0,0,0,0,0,0,0,0,0,0,0,0,0,0,64,255,255,128,0,0,0,0,0,0,0,0,0,0,0,0,0,0,0,0,0,0,0,0,0,0,0,0,64,255,255,128,0,0,0,0,0,0,0,0,0,0,0,0,0,0,0,0,0,0,0,0,0,0,0,64,255,255,255,0,0,0,0,0,0,0,0,0,0,0,0,0,0,0,0,0,0,0,0,0,0,0,0,128,255,255,255,0,0,0,0,0,0,0,0,0,0,0,0,0,0,0,0,0,0,0,0,0,0,0,64,255,255,255,128,0,0,0,0,0,0,0,0,0,0,0,0,0,0,0,0,0,0,0,0,0,0,64,255,255,255,255,128,0,0,0,0,0,0,0,0,0,0,0,0,0,0,0,0,0,0,0,0,0,0,255,255,255,255,191,0,0,0,0,0,0,0,0,0,0,0,0,0,0,0,0,0,0,0,0,0,64,191,255,255,255,255,0,0,0,0,0,0,0,0,0,0,0,0,0,0,0,0,0,0,0,0,0,0,255,255,255,255,128,0,128,128,191,255,255,255,255,128,0,0,0,0,0,0,0,0,0,0,0,0,0,128,255,255,255,255,191,128,255,255,255,191,128,64,0,0,0,0,0,0,0,0,0,0,0,0,0,0,128,255,255,255,255,255,255,255,255,255,255,0,0,0,0,0,0,0,0,0,0,0,0,0,0,0,0,0,128,255,255,255,255,255,255,255,255,255,64,0,0,0,0,0,0,0,0,0,0,0,0,0,0,0,0,0,128,255,255,255,255,255,255,255,64,0,0,0,0,0,0,0,0,0,0,0,0,0,0,0,0,0,0,0,0,255,255,255,255,255,191,64,0,0,0,0,0,0,0,0,0,0,0,0,0,0,0,0,0,0,0,0,0,0,128,128,255,64,0,0,0,0,0,0,0,0,0,0,0,0,0,0,0,0,0,0,0,0,0,0,0,0,0,0,0,0,0,0,0,0,0,0,0,0,0,0,0,0,0,0,0,0,0,0,0,0,0,0,0,0,0,0,0,0,0,0,0,0,0,0,0,0,0,0,0,0,0,0,0,0,0,0,0,0,0,0,0,0,0,0,0,0,0,0,0,0,0,0,0,0,0,0,0,0,0,0,0,0,0,0,0,0,0,0,0,0,0,0,0,0,0,0,0,0,0,0,0,0,0,0,0,0,0,0
4,0,0,0,0,0,0,0,0,0,0,0,0,0,0,0,0,0,0,0,0,0,0,0,0,0,0,0,0,0,0,0,0,0,0,0,0,0,0,0,0,0,0,0,0,0,0,0,0,0,0,0,0,0,0,0,0,0,0,0,0,0,0,0,0,0,0,0,0,0,0,0,0,0,0,0,0,0,0,0,0,0,0,0,0,0,0,0,0,0,0,0,0,0,0,0,0,0,0,0,0,0,0,0,0,0,0,0,0,0,0,0,0,0,0,0,0,0,0,0,0,0,0,0,0,0,0,0,0,0,0,0,0,0,0,0,0,0,0,0,0,0,0,0,0,0,0,0,37,253,253,35,0,0,0,0,0,0,0,0,0,0,0,0,0,0,0,0,0,0,0,0,0,0,0,0,120,252,252,77,0,0,0,0,0,0,0,0,0,0,0,0,0,0,0,0,0,0,0,0,0,0,0,0,58,252,252,231,51,0,0,0,0,0,0,0,0,0,0,0,0,0,0,0,0,0,0,0,0,0,0,0,181,252,252,252,71,0,0,0,0,0,0,0,0,0,0,0,0,0,0,0,0,0,0,0,0,0,0,0,119,252,252,252,71,0,0,0,0,0,47,78,0,0,0,0,0,0,0,0,0,0,0,0,0,0,0,0,37,252,252,189,10,0,0,0,0,0,233,242,103,0,0,0,0,0,0,0,0,0,0,0,0,0,0,0,37,252,252,231,51,0,0,0,0,0,253,252,221,16,0,0,0,0,0,0,0,0,0,0,0,0,0,0,120,252,252,252,71,0,0,0,0,0,253,252,252,108,0,0,0,0,0,0,0,0,0,0,0,0,0,0,182,253,253,253,253,253,255,253,232,109,255,253,253,108,0,0,0,0,0,0,0,0,0,0,0,0,0,0,139,252,252,252,252,252,253,252,252,252,253,252,252,108,0,0,0,0,0,0,0,0,0,0,0,0,0,0,37,252,252,252,252,252,253,252,252,252,253,252,252,211,0,0,0,0,0,0,0,0,0,0,0,0,0,0,37,252,252,252,252,252,253,252,252,252,253,252,252,252,0,0,0,0,0,0,0,0,0,0,0,0,0,0,0,84,144,144,144,144,145,176,253,253,255,253,253,253,145,0,0,0,0,0,0,0,0,0,0,0,0,0,0,0,0,0,0,0,0,10,56,179,180,242,252,252,20,0,0,0,0,0,0,0,0,0,0,0,0,0,0,0,0,0,0,0,0,0,0,0,0,196,252,252,105,0,0,0,0,0,0,0,0,0,0,0,0,0,0,0,0,0,0,0,0,0,0,0,0,73,252,252,207,20,0,0,0,0,0,0,0,0,0,0,0,0,0,0,0,0,0,0,0,0,0,0,0,73,253,253,255,35,0,0,0,0,0,0,0,0,0,0,0,0,0,0,0,0,0,0,0,0,0,0,0,10,149,252,253,35,0,0,0,0,0,0,0,0,0,0,0,0,0,0,0,0,0,0,0,0,0,0,0,0,32,236,253,119,0,0,0,0,0,0,0,0,0,0,0,0,0,0,0,0,0,0,0,0,0,0,0,0,0,62,253,35,0,0,0,0,0,0,0,0,0,0,0,0,0,0,0,0,0,0,0,0,0,0,0,0,0,0,0,0,0,0,0,0,0,0,0,0,0,0,0,0,0,0,0,0,0,0,0,0,0,0,0,0,0,0,0,0,0,0,0,0,0,0,0,0,0,0,0,0,0,0,0,0,0,0,0,0,0,0,0,0,0,0,0,0,0,0,0,0,0
1,0,0,0,0,0,0,0,0,0,0,0,0,0,0,0,0,0,0,0,0,0,0,0,0,0,0,0,0,0,0,0,0,0,0,0,0,0,0,0,0,0,0,0,0,0,0,0,0,0,0,0,0,0,0,0,0,0,0,0,0,0,0,0,0,0,0,0,0,0,0,0,0,0,0,0,0,0,0,0,0,0,0,0,0,0,0,0,0,0,0,0,0,0,0,0,0,0,0,0,0,0,0,0,0,0,0,0,0,0,0,0,0,0,0,0,0,0,0,0,0,0,0,0,250,207,22,0,0,0,0,0,0,0,0,0,0,0,0,0,0,0,0,0,0,0,0,0,0,0,0,0,249,254,201,79,0,0,0,0,0,0,0,0,0,0,0,0,0,0,0,0,0,0,0,0,0,0,0,0,132,254,254,206,0,0,0,0,0,0,0,0,0,0,0,0,0,0,0,0,0,0,0,0,0,0,0,0,111,254,254,243,68,0,0,0,0,0,0,0,0,0,0,0,0,0,0,0,0,0,0,0,0,0,0,0,111,254,254,254,182,0,0,0,0,0,0,0,0,0,0,0,0,0,0,0,0,0,0,0,0,0,0,0,45,239,254,254,243,66,0,0,0,0,0,0,0,0,0,0,0,0,0,0,0,0,0,0,0,0,0,0,0,228,254,254,254,110,0,0,0,0,0,0,0,0,0,0,0,0,0,0,0,0,0,0,0,0,0,0,0,228,254,254,254,110,0,0,0,0,0,0,0,0,0,0,0,0,0,0,0,0,0,0,0,0,0,0,0,228,254,254,254,110,0,0,0,0,0,0,0,0,0,0,0,0,0,0,0,0,0,0,0,0,0,0,0,228,254,254,254,110,0,0,0,0,0,0,0,0,0,0,0,0,0,0,0,0,0,0,0,0,0,0,0,228,254,254,254,184,0,0,0,0,0,0,0,0,0,0,0,0,0,0,0,0,0,0,0,0,0,0,0,213,255,254,255,110,0,0,0,0,0,0,0,0,0,0,0,0,0,0,0,0,0,0,0,0,0,0,0,91,254,254,254,188,0,0,0,0,0,0,0,0,0,0,0,0,0,0,0,0,0,0,0,0,0,0,0,91,254,254,254,180,0,0,0,0,0,0,0,0,0,0,0,0,0,0,0,0,0,0,0,0,0,0,0,54,235,254,254,110,0,0,0,0,0,0,0,0,0,0,0,0,0,0,0,0,0,0,0,0,0,0,0,0,207,254,255,110,0,0,0,0,0,0,0,0,0,0,0,0,0,0,0,0,0,0,0,0,0,0,0,71,245,254,254,218,0,0,0,0,0,0,0,0,0,0,0,0,0,0,0,0,0,0,0,0,0,0,0,91,254,254,254,248,0,0,0,0,0,0,0,0,0,0,0,0,0,0,0,0,0,0,0,0,0,0,0,34,225,254,254,236,0,0,0,0,0,0,0,0,0,0,0,0,0,0,0,0,0,0,0,0,0,0,0,0,132,254,254,110,0,0,0,0,0,0,0,0,0,0,0,0,0,0,0,0,0,0,0,0,0,0,0,0,0,0,0,0,0,0,0,0,0,0,0,0,0,0,0,0,0,0,0,0,0,0,0,0,0,0,0,0,0,0,0,0,0,0,0,0,0,0,0,0,0,0,0,0,0,0,0,0,0,0,0,0,0,0,0,0,0,0,0,0,0,0,0,0,0,0,0,0,0,0,0,0,0,0,0,0,0,0,0,0,0,0,0,0,0,0,0,0,0,0,0,0,0,0,0,0,0,0,0
5,0,0,0,0,0,0,0,0,0,0,0,0,0,0,0,0,0,0,0,0,0,0,0,0,0,0,0,0,0,0,0,0,0,0,0,0,0,0,0,0,0,0,0,0,0,0,0,0,0,0,0,0,0,0,0,0,0,0,0,0,0,0,0,0,0,0,0,0,0,0,0,0,0,0,0,0,0,0,0,0,0,0,0,0,0,0,0,0,0,0,0,0,0,0,0,0,0,0,0,0,0,0,0,0,0,0,0,0,0,0,0,0,0,0,0,0,0,0,0,0,0,0,0,0,0,6,13,18,132,190,156,167,32,0,0,0,0,0,0,0,0,0,0,0,0,0,0,0,0,0,7,25,128,191,252,253,252,252,252,246,54,0,0,0,0,0,0,0,0,0,0,0,0,0,0,0,0,55,184,252,252,252,252,253,252,230,193,73,0,0,0,0,0,0,0,0,0,0,0,0,0,0,0,7,72,229,252,252,252,252,252,205,134,32,0,0,0,0,0,0,0,0,0,0,0,0,0,0,0,0,0,37,252,252,252,252,200,192,77,0,0,0,0,0,0,0,0,0,0,0,0,0,0,0,0,0,0,0,0,128,252,252,231,139,9,0,0,0,0,0,0,0,0,0,0,0,0,0,0,0,0,0,0,0,0,0,9,189,252,252,180,0,0,0,0,0,0,0,0,0,0,0,0,0,0,0,0,0,0,0,0,0,0,0,25,252,252,252,180,0,0,0,0,0,0,0,0,0,0,0,0,0,0,0,0,0,0,0,0,0,0,0,3,165,252,252,211,109,16,0,0,0,0,0,0,0,0,0,0,0,0,0,0,0,0,0,0,0,0,0,24,248,252,252,252,252,243,189,121,122,52,0,0,0,0,0,0,0,0,0,0,0,0,0,0,0,0,0,12,197,253,253,253,253,253,253,253,255,253,161,13,4,0,0,0,0,0,0,0,0,0,0,0,0,0,0,0,16,108,108,108,108,211,228,239,253,252,252,252,175,46,0,0,0,0,0,0,0,0,0,0,0,0,0,0,0,0,0,0,0,0,0,46,102,219,252,252,252,225,117,6,0,0,0,0,0,0,0,0,0,0,0,0,0,0,0,0,0,0,0,0,0,8,101,204,238,252,252,36,0,0,0,0,0,0,0,0,0,0,0,0,0,0,0,0,0,0,0,0,0,0,0,0,181,252,252,64,0,0,0,0,0,0,0,0,0,0,0,0,0,0,0,0,0,0,0,0,0,0,11,96,235,252,252,64,0,0,0,0,0,0,0,0,0,0,0,0,0,0,0,59,205,205,19,41,86,153,212,252,252,228,128,7,0,0,0,0,0,0,0,0,0,0,0,0,0,0,0,73,252,252,220,234,253,252,252,252,183,54,0,0,0,0,0,0,0,0,0,0,0,0,0,0,0,0,0,7,209,252,252,252,253,252,252,231,41,0,0,0,0,0,0,0,0,0,0,0,0,0,0,0,0,0,0,0,50,131,131,247,190,131,57,9,0,0,0,0,0,0,0,0,0,0,0,0,0,0,0,0,0,0,0,0,0,0,0,0,0,0,0,0,0,0,0,0,0,0,0,0,0,0,0,0,0,0,0,0,0,0,0,0,0,0,0,0,0,0,0,0,0,0,0,0,0,0,0,0,0,0,0,0,0,0,0,0,0,0,0,0,0,0,0,0,0,0,0,0,0,0,0,0,0,0,0,0,0,0,0,0,0,0,0,0,0,0,0,0,0,0,0,0,0,0,0,0,0,0,0,0,0,0,0,0,0
5,0,0,0,0,0,0,0,0,0,0,0,0,0,0,0,0,0,0,0,0,0,0,0,0,0,0,0,0,0,0,0,0,0,0,0,0,0,0,0,0,0,0,0,0,0,0,0,0,0,0,0,0,0,0,0,0,0,0,0,0,0,0,0,0,0,0,0,0,0,0,0,0,0,0,0,0,0,0,0,0,0,0,0,0,0,0,0,0,0,0,0,0,0,0,0,0,0,0,0,0,0,0,0,0,0,0,0,0,0,0,0,0,0,0,0,0,0,0,0,0,0,0,0,0,0,0,0,0,0,0,0,0,0,0,0,0,0,0,0,0,0,0,0,0,0,0,0,0,0,0,0,0,0,0,0,0,0,0,0,0,0,0,0,0,0,0,0,0,0,0,0,0,0,0,0,0,0,0,0,0,92,255,67,93,155,235,192,149,56,7,0,0,0,0,0,0,0,0,0,0,0,0,0,0,0,0,0,0,173,253,253,246,243,243,246,253,253,215,108,9,0,0,0,0,0,0,0,0,0,0,0,0,0,0,0,49,245,253,218,44,0,0,22,95,188,195,253,241,129,54,0,0,0,0,0,0,0,0,0,0,0,0,0,83,253,253,28,0,0,0,0,0,0,4,34,127,169,227,82,0,0,0,0,0,0,0,0,0,0,0,0,174,253,199,10,0,0,0,0,0,0,0,0,0,0,0,0,0,0,0,0,0,0,0,0,0,0,0,19,246,226,7,0,0,0,0,0,0,0,0,0,0,0,0,0,0,0,0,0,0,0,0,0,0,0,0,93,253,223,0,0,0,0,0,0,0,0,0,0,0,0,0,0,0,0,0,0,0,0,0,0,0,0,0,105,253,223,0,0,0,0,0,0,0,0,0,0,0,0,0,0,0,0,0,0,0,0,0,0,0,0,0,21,253,235,26,0,0,0,0,0,0,0,0,0,0,0,0,0,0,0,0,0,0,0,0,0,0,0,0,9,207,253,89,0,0,0,0,0,0,0,0,0,0,0,0,0,0,0,0,0,0,0,0,0,0,0,0,0,95,253,237,56,2,0,0,0,0,0,0,0,0,0,0,0,0,0,0,0,0,0,0,0,0,0,0,0,28,191,253,253,181,66,0,0,0,0,0,0,0,0,0,0,0,0,0,0,0,0,0,0,0,0,0,0,0,17,138,247,253,104,0,0,0,0,0,0,0,0,0,0,0,0,0,0,0,0,0,0,0,0,0,0,0,0,0,239,253,104,0,0,0,0,0,0,0,0,0,0,0,0,0,0,0,0,0,0,0,0,0,0,0,3,131,252,234,55,0,0,0,0,0,0,0,0,0,0,0,0,0,0,0,0,0,0,0,0,0,0,0,132,253,241,41,0,0,0,0,0,0,0,0,0,0,0,0,0,0,0,0,0,0,0,44,91,0,3,133,252,242,67,0,0,0,0,0,0,0,0,0,0,0,0,0,0,0,0,0,0,0,0,120,247,32,130,253,243,70,0,0,0,0,0,0,0,0,0,0,0,0,0,0,0,0,0,0,0,0,0,46,246,248,252,240,67,0,0,0,0,0,0,0,0,0,0,0,0,0,0,0,0,0,0,0,0,0,0,0,131,253,159,39,0,0,0,0,0,0,0,0,0,0,0,0,0,0,0,0,0,0,0,0,0,0,0,0,0,0,0,0,0,0,0,0,0,0,0,0,0,0,0,0,0,0,0,0,0,0,0,0,0,0,0,0,0,0,0,0,0,0,0,0,0,0,0,0,0,0,0,0,0,0,0,0
3,0,0,0,0,0,0,0,0,0,0,0,0,0,0,0,0,0,0,0,0,0,0,0,0,0,0,0,0,0,0,0,0,0,0,0,0,0,0,0,0,0,0,0,0,0,0,0,0,0,0,0,0,0,0,0,0,0,0,0,0,0,0,0,0,0,0,0,0,0,0,0,0,0,0,0,0,0,0,0,0,0,0,0,0,0,0,0,0,0,0,0,0,0,0,0,0,0,0,0,0,0,0,0,0,0,0,0,0,0,0,0,0,0,0,0,9,202,231,104,12,0,0,0,0,0,0,0,0,0,0,0,0,0,0,0,0,0,0,0,0,0,0,0,0,133,243,254,219,154,44,89,36,36,36,23,0,0,0,0,0,0,0,0,0,0,0,0,0,0,0,0,0,0,56,171,245,254,254,254,254,254,254,224,97,0,0,0,0,0,0,0,0,0,0,0,0,0,0,0,0,0,0,0,53,65,68,117,65,93,238,255,141,0,0,0,0,0,0,0,0,0,0,0,0,0,0,0,0,0,0,0,0,0,0,0,0,21,217,254,141,0,0,0,0,0,0,0,0,0,0,0,0,0,0,0,0,0,0,0,0,0,0,0,0,60,254,254,92,0,0,0,0,0,0,0,0,0,0,0,0,0,0,0,0,0,0,0,0,0,0,0,99,246,254,254,136,126,126,126,95,5,0,0,0,0,0,0,0,0,0,0,0,0,0,0,0,0,1,24,169,254,254,254,254,231,231,246,254,218,20,0,0,0,0,0,0,0,0,0,0,0,0,0,0,18,103,254,254,254,222,168,95,2,0,62,210,254,55,0,0,0,0,0,0,0,0,0,0,0,0,0,0,108,254,254,245,167,18,0,0,0,0,0,156,254,177,4,0,0,0,0,0,0,0,0,0,0,0,0,0,25,117,166,49,0,0,0,0,0,0,0,66,254,254,17,0,0,0,0,0,0,0,0,0,0,0,0,0,0,0,0,0,0,0,0,0,0,0,0,66,254,254,17,0,0,0,0,0,0,0,0,0,0,0,0,0,0,0,0,0,0,0,0,0,0,0,0,66,254,254,17,0,0,0,0,0,0,0,0,0,0,0,0,0,0,0,0,0,0,0,0,0,0,0,0,127,254,254,17,0,0,0,0,0,0,0,0,0,0,0,0,0,0,0,0,0,0,0,0,0,0,0,6,192,254,243,15,0,0,0,0,0,0,0,0,0,29,48,13,0,0,0,0,0,0,0,0,0,0,0,126,254,254,131,0,0,0,0,0,0,0,0,0,0,154,254,202,88,8,0,0,0,0,0,0,0,0,8,189,254,254,91,0,0,0,0,0,0,0,0,0,0,49,171,233,254,208,202,135,70,0,0,0,0,82,159,254,254,149,8,0,0,0,0,0,0,0,0,0,0,0,0,26,131,153,250,254,249,220,220,220,220,254,254,254,181,32,0,0,0,0,0,0,0,0,0,0,0,0,0,0,0,0,16,84,135,135,227,210,244,138,122,17,5,0,0,0,0,0,0,0,0,0,0,0,0,0,0,0,0,0,0,0,0,0,0,0,0,0,0,0,0,0,0,0,0,0,0,0,0,0,0,0,0,0,0,0,0,0,0,0,0,0,0,0,0,0,0,0,0,0,0,0,0,0,0,0,0,0,0,0,0,0,0,0,0,0,0,0,0,0,0,0,0,0,0,0,0,0,0,0,0,0,0,0,0,0,0,0,0,0,0,0,0,0,0,0,0,0,0,0,0,0,0,0,0,0,0,0,0,0,0,0,0
8,0,0,0,0,0,0,0,0,0,0,0,0,0,0,0,0,0,0,0,0,0,0,0,0,0,0,0,0,0,0,0,0,0,0,0,0,0,0,0,0,0,0,0,0,0,0,0,0,0,0,0,0,0,0,0,0,0,0,0,0,0,0,0,0,0,0,0,0,0,0,0,0,0,0,0,0,0,0,0,0,0,0,0,0,0,0,0,0,0,0,0,0,0,0,0,0,0,0,0,0,0,0,0,0,0,0,0,0,0,0,0,0,0,0,0,0,0,0,0,0,0,0,0,60,195,195,54,0,0,0,0,0,0,0,0,0,0,0,0,0,0,0,0,0,0,0,0,0,0,0,122,233,245,242,154,0,0,0,0,0,0,0,0,0,0,0,0,0,0,0,0,0,0,0,0,0,9,125,252,213,75,111,245,30,0,0,0,0,0,0,0,0,0,0,0,0,0,0,0,0,0,0,0,0,83,254,200,19,0,20,179,63,0,0,0,0,0,0,0,0,0,0,0,0,0,0,0,0,0,0,0,0,203,246,23,0,0,0,0,8,41,117,0,0,0,0,0,0,0,0,0,0,0,0,0,0,0,0,0,42,244,197,3,0,0,0,38,174,240,161,0,0,0,0,0,0,0,0,0,0,0,0,0,0,0,0,0,2,141,254,189,70,16,49,195,209,51,0,0,0,0,0,0,0,0,0,0,0,0,0,0,0,0,0,0,0,5,113,236,254,225,236,248,61,0,0,0,0,0,0,0,0,0,0,0,0,0,0,0,0,0,0,0,0,0,0,16,90,254,254,250,113,6,0,0,0,0,0,0,0,0,0,0,0,0,0,0,0,0,0,0,0,0,0,0,93,239,151,188,239,209,29,0,0,0,0,0,0,0,0,0,0,0,0,0,0,0,0,0,0,0,0,4,214,130,0,0,62,241,227,11,0,0,0,0,0,0,0,0,0,0,0,0,0,0,0,0,0,0,0,54,254,77,0,0,0,62,239,231,16,0,0,0,0,0,0,0,0,0,0,0,0,0,0,0,0,0,0,107,237,6,0,0,0,0,61,254,77,0,0,0,0,0,0,0,0,0,0,0,0,0,0,0,0,0,0,146,235,0,0,0,0,0,10,254,160,0,0,0,0,0,0,0,0,0,0,0,0,0,0,0,0,0,0,39,229,22,0,0,0,0,4,170,241,38,0,0,0,0,0,0,0,0,0,0,0,0,0,0,0,0,0,0,212,91,0,0,0,0,0,73,255,57,0,0,0,0,0,0,0,0,0,0,0,0,0,0,0,0,0,0,99,235,49,0,0,0,0,75,254,57,0,0,0,0,0,0,0,0,0,0,0,0,0,0,0,0,0,0,0,178,203,57,0,0,7,224,254,57,0,0,0,0,0,0,0,0,0,0,0,0,0,0,0,0,0,0,0,51,185,242,197,130,171,254,158,7,0,0,0,0,0,0,0,0,0,0,0,0,0,0,0,0,0,0,0,0,12,104,187,254,251,158,15,0,0,0,0,0,0,0,0,0,0,0,0,0,0,0,0,0,0,0,0,0,0,0,0,0,0,0,0,0,0,0,0,0,0,0,0,0,0,0,0,0,0,0,0,0,0,0,0,0,0,0,0,0,0,0,0,0,0,0,0,0,0,0,0,0,0,0,0,0,0,0,0,0,0,0,0,0,0,0,0,0,0,0,0,0,0,0,0,0,0,0,0,0,0,0,0,0,0,0,0,0,0,0,0,0,0,0,0,0,0,0,0,0,0,0,0,0,0,0,0
3,0,0,0,0,0,0,0,0,0,0,0,0,0,0,0,0,0,0,0,0,0,0,0,0,0,0,0,0,0,0,0,0,0,0,0,0,0,0,0,0,0,0,0,0,0,0,0,0,0,0,0,0,0,0,0,0,0,0,0,0,0,0,0,0,0,0,0,0,0,0,0,0,0,0,0,0,0,0,0,0,0,0,0,0,0,0,0,0,0,0,0,0,0,0,0,0,0,0,0,0,0,0,0,0,0,0,0,0,0,0,0,0,0,0,0,0,0,0,0,145,253,253,254,253,147,43,7,0,0,0,0,0,0,0,0,0,0,0,0,0,0,0,0,0,0,0,0,232,252,252,253,252,252,252,156,0,0,0,0,0,0,0,0,0,0,0,0,0,0,0,0,0,0,0,0,223,252,244,232,231,231,245,252,150,0,0,0,0,0,0,0,0,0,0,0,0,0,0,0,0,0,0,0,42,127,147,0,0,0,56,154,239,69,0,0,0,0,0,0,0,0,0,0,0,0,0,0,0,0,0,0,0,11,69,0,0,0,0,106,253,239,17,0,0,0,0,0,0,0,0,0,0,0,0,0,0,0,0,0,0,0,0,0,0,0,11,175,255,253,21,0,0,0,0,0,0,0,0,0,0,0,0,0,0,0,0,0,0,0,0,0,0,0,143,252,253,252,21,0,0,0,0,0,0,0,0,0,0,0,0,0,0,0,0,0,0,0,0,0,8,119,211,252,253,122,2,0,0,0,0,0,0,0,0,0,0,0,0,0,0,0,0,0,0,0,27,109,171,252,252,252,253,111,6,0,0,0,0,0,0,0,0,0,0,0,0,0,0,0,0,36,106,176,228,253,252,252,252,252,253,252,214,115,0,0,0,0,0,0,0,0,0,0,0,0,0,0,0,50,245,253,253,255,253,214,211,211,212,225,253,253,122,18,0,0,0,0,0,0,0,0,0,0,0,0,0,57,246,252,217,204,89,5,0,0,0,21,72,189,252,199,21,0,0,0,0,0,0,0,0,0,0,0,0,0,116,126,29,9,0,0,0,0,0,0,0,6,109,245,202,11,0,0,0,0,0,0,0,0,0,0,0,0,0,0,0,0,0,0,0,0,0,0,0,0,0,122,252,47,0,0,0,0,0,0,0,0,0,0,0,0,0,0,0,0,0,0,0,0,0,0,0,0,0,43,252,214,0,0,0,0,0,0,0,0,0,0,0,0,0,0,0,0,0,0,0,0,0,0,0,0,36,210,253,241,35,0,0,0,0,0,0,0,0,0,0,0,8,28,36,0,0,0,0,0,0,0,78,155,242,253,252,196,0,0,0,0,0,0,0,0,0,0,0,0,11,197,241,233,161,119,127,127,233,232,251,252,252,253,252,73,0,0,0,0,0,0,0,0,0,0,0,0,0,56,198,227,252,252,252,252,253,252,252,252,252,253,196,7,0,0,0,0,0,0,0,0,0,0,0,0,0,0,18,25,156,252,208,208,253,252,252,252,208,129,28,0,0,0,0,0,0,0,0,0,0,0,0,0,0,0,0,0,0,0,0,0,0,0,0,0,0,0,0,0,0,0,0,0,0,0,0,0,0,0,0,0,0,0,0,0,0,0,0,0,0,0,0,0,0,0,0,0,0,0,0,0,0,0,0,0,0,0,0,0,0,0,0,0,0,0,0,0,0,0,0,0,0,0,0,0,0,0,0,0,0,0,0,0,0,0,0,0,0,0,0,0,0,0,0,0,0,0,0,0,0,0,0,0,0,0,0,0,0
1,0,0,0,0,0,0,0,0,0,0,0,0,0,0,0,0,0,0,0,0,0,0,0,0,0,0,0,0,0,0,0,0,0,0,0,0,0,0,0,0,0,0,0,0,0,0,0,0,0,0,0,0,0,0,0,0,0,0,0,0,0,0,0,0,0,0,0,0,0,0,0,0,0,0,0,0,0,0,0,0,0,0,0,0,0,0,0,0,0,0,0,0,0,0,0,0,0,0,0,0,0,0,0,0,0,0,0,0,0,0,0,0,0,0,0,0,0,0,0,0,0,0,0,0,0,0,0,0,0,0,0,0,0,0,0,0,0,0,0,0,0,0,0,0,0,0,0,0,0,0,0,0,0,0,132,108,0,0,0,0,0,0,0,0,0,0,0,0,0,0,0,0,0,0,0,0,0,0,0,0,0,0,241,228,0,0,0,0,0,0,0,0,0,0,0,0,0,0,0,0,0,0,0,0,0,0,0,0,0,61,251,240,0,0,0,0,0,0,0,0,0,0,0,0,0,0,0,0,0,0,0,0,0,0,0,0,0,83,254,240,0,0,0,0,0,0,0,0,0,0,0,0,0,0,0,0,0,0,0,0,0,0,0,0,0,83,254,231,0,0,0,0,0,0,0,0,0,0,0,0,0,0,0,0,0,0,0,0,0,0,0,0,0,151,254,143,0,0,0,0,0,0,0,0,0,0,0,0,0,0,0,0,0,0,0,0,0,0,0,0,0,178,254,143,0,0,0,0,0,0,0,0,0,0,0,0,0,0,0,0,0,0,0,0,0,0,0,0,0,178,254,143,0,0,0,0,0,0,0,0,0,0,0,0,0,0,0,0,0,0,0,0,0,0,0,0,0,178,254,143,0,0,0,0,0,0,0,0,0,0,0,0,0,0,0,0,0,0,0,0,0,0,0,0,0,178,254,143,0,0,0,0,0,0,0,0,0,0,0,0,0,0,0,0,0,0,0,0,0,0,0,0,0,178,254,143,0,0,0,0,0,0,0,0,0,0,0,0,0,0,0,0,0,0,0,0,0,0,0,0,0,178,254,143,0,0,0,0,0,0,0,0,0,0,0,0,0,0,0,0,0,0,0,0,0,0,0,0,0,178,254,55,0,0,0,0,0,0,0,0,0,0,0,0,0,0,0,0,0,0,0,0,0,0,0,0,0,178,254,48,0,0,0,0,0,0,0,0,0,0,0,0,0,0,0,0,0,0,0,0,0,0,0,0,0,178,254,48,0,0,0,0,0,0,0,0,0,0,0,0,0,0,0,0,0,0,0,0,0,0,0,0,0,178,254,48,0,0,0,0,0,0,0,0,0,0,0,0,0,0,0,0,0,0,0,0,0,0,0,0,0,104,254,123,0,0,0,0,0,0,0,0,0,0,0,0,0,0,0,0,0,0,0,0,0,0,0,0,0,83,254,169,0,0,0,0,0,0,0,0,0,0,0,0,0,0,0,0,0,0,0,0,0,0,0,0,0,10,193,242,11,0,0,0,0,0,0,0,0,0,0,0,0,0,0,0,0,0,0,0,0,0,0,0,0,0,72,249,51,0,0,0,0,0,0,0,0,0,0,0,0,0,0,0,0,0,0,0,0,0,0,0,0,0,0,0,0,0,0,0,0,0,0,0,0,0,0,0,0,0,0,0,0,0,0,0,0,0,0,0,0,0,0,0,0,0,0,0,0,0,0,0,0,0,0,0,0,0,0,0,0,0,0,0,0,0,0,0,0,0,0,0,0,0,0,0,0,0,0,0,0,0,0,0
4,0,0,0,0,0,0,0,0,0,0,0,0,0,0,0,0,0,0,0,0,0,0,0,0,0,0,0,0,0,0,0,0,0,0,0,0,0,0,0,0,0,0,0,0,0,0,0,0,0,0,0,0,0,0,0,0,0,0,0,0,0,0,0,0,0,0,0,0,0,0,0,0,0,0,0,0,0,0,0,0,0,0,0,0,0,0,0,0,0,0,0,0,0,0,0,0,0,0,0,0,0,0,0,0,0,0,0,0,0,0,0,0,0,0,0,0,0,0,77,254,236,48,0,0,0,0,0,0,0,0,0,0,0,0,0,0,0,0,0,0,0,0,0,0,0,0,76,253,253,103,0,0,0,0,0,0,0,0,0,0,0,0,0,0,0,0,0,0,0,0,0,0,0,0,12,202,253,218,0,0,0,0,0,0,0,0,0,0,0,0,0,0,0,0,0,0,0,0,0,0,0,0,0,192,253,250,94,0,0,0,0,0,0,0,23,38,0,0,0,0,0,0,0,0,0,0,0,0,0,0,0,100,253,253,123,0,0,0,0,0,0,0,197,227,37,0,0,0,0,0,0,0,0,0,0,0,0,0,0,56,253,253,200,4,0,0,0,0,0,7,241,253,62,0,0,0,0,0,0,0,0,0,0,0,0,0,0,27,211,253,253,6,0,0,0,0,0,125,253,253,191,0,0,0,0,0,0,0,0,0,0,0,0,0,0,54,251,253,253,6,0,0,0,0,0,125,253,253,191,0,0,0,0,0,0,0,0,0,0,0,0,0,0,36,224,253,253,55,0,0,66,32,0,125,253,253,117,0,0,0,0,0,0,0,0,0,0,0,0,0,0,0,134,253,253,173,69,181,241,223,206,229,253,253,191,0,0,0,0,0,0,0,0,0,0,0,0,0,0,0,10,178,253,253,253,253,253,253,253,253,253,253,191,0,0,0,0,0,0,0,0,0,0,0,0,0,0,0,0,151,253,253,253,253,233,229,253,253,253,253,191,0,0,0,0,0,0,0,0,0,0,0,0,0,0,0,0,73,250,253,253,210,29,28,253,253,253,253,113,0,0,0,0,0,0,0,0,0,0,0,0,0,0,0,0,0,67,250,209,24,0,28,253,253,253,253,54,0,0,0,0,0,0,0,0,0,0,0,0,0,0,0,0,0,0,13,9,0,0,2,94,253,253,253,110,0,0,0,0,0,0,0,0,0,0,0,0,0,0,0,0,0,0,0,0,0,0,0,1,140,253,253,191,0,0,0,0,0,0,0,0,0,0,0,0,0,0,0,0,0,0,0,0,0,0,0,0,125,253,253,191,0,0,0,0,0,0,0,0,0,0,0,0,0,0,0,0,0,0,0,0,0,0,0,0,125,253,253,191,0,0,0,0,0,0,0,0,0,0,0,0,0,0,0,0,0,0,0,0,0,0,0,0,114,252,253,196,7,0,0,0,0,0,0,0,0,0,0,0,0,0,0,0,0,0,0,0,0,0,0,0,0,241,253,219,34,0,0,0,0,0,0,0,0,0,0,0,0,0,0,0,0,0,0,0,0,0,0,0,0,0,0,0,0,0,0,0,0,0,0,0,0,0,0,0,0,0,0,0,0,0,0,0,0,0,0,0,0,0,0,0,0,0,0,0,0,0,0,0,0,0,0,0,0,0,0,0,0,0,0,0,0,0,0,0,0,0,0,0,0,0,0,0,0,0,0,0,0,0,0,0,0,0,0,0,0,0,0,0,0,0,0,0,0,0,0,0,0,0,0,0,0,0,0
5,0,0,0,0,0,0,0,0,0,0,0,0,0,0,0,0,0,0,0,0,0,0,0,0,0,0,0,0,0,0,0,0,0,0,0,0,0,0,0,0,0,0,0,0,0,0,0,0,0,0,0,0,0,0,0,0,0,0,0,0,0,0,0,0,0,0,0,0,0,0,0,0,0,0,0,0,0,0,0,0,0,0,0,0,0,0,0,0,0,0,0,0,0,0,0,0,0,0,0,0,0,0,0,0,0,0,0,0,0,0,0,0,0,0,0,0,0,0,0,0,0,0,0,0,0,0,0,0,0,0,0,0,0,0,0,0,0,0,0,0,0,0,0,0,0,0,79,109,109,233,253,253,110,78,0,0,0,0,0,0,0,0,0,0,0,0,0,0,0,0,0,0,0,0,139,252,252,252,252,252,253,242,217,217,73,73,21,0,0,0,0,0,0,0,0,0,0,0,0,0,0,0,11,71,231,252,252,252,253,252,252,252,253,252,154,0,0,0,0,0,0,0,0,0,0,0,0,0,0,0,0,0,109,252,252,168,108,108,108,108,108,108,31,0,0,0,0,0,0,0,0,0,0,0,0,0,0,0,0,0,109,252,252,108,0,0,0,0,0,0,0,0,0,0,0,0,0,0,0,0,0,0,0,0,0,0,0,0,109,252,252,108,0,0,0,0,0,0,0,0,0,0,0,0,0,0,0,0,0,0,0,0,0,0,0,0,109,252,252,128,37,37,37,16,0,0,0,0,0,0,0,0,0,0,0,0,0,0,0,0,0,0,0,0,109,252,252,252,253,252,252,190,84,0,0,0,0,0,0,0,0,0,0,0,0,0,0,0,0,0,0,0,110,253,253,253,255,159,144,144,255,211,31,0,0,0,0,0,0,0,0,0,0,0,0,0,0,0,0,0,78,242,252,210,35,5,0,0,35,159,206,217,0,0,0,0,0,0,0,0,0,0,0,0,0,0,0,0,0,62,71,31,0,0,0,0,0,0,181,252,21,0,0,0,0,0,0,0,0,0,0,0,0,0,0,0,0,0,0,0,0,0,0,0,0,0,98,252,207,20,0,0,0,0,0,0,0,0,0,0,0,0,0,0,0,0,0,0,0,0,0,0,0,0,21,207,255,98,0,0,0,0,0,0,0,0,0,0,0,0,0,0,0,0,0,0,0,0,0,0,0,0,0,144,253,179,0,0,0,0,0,0,0,0,0,0,0,0,0,0,0,0,0,0,0,0,0,0,0,0,0,144,253,179,0,0,0,0,0,0,0,0,0,0,0,0,0,0,0,0,0,0,0,0,0,0,0,0,21,206,253,179,0,0,0,0,0,0,0,0,0,0,0,0,0,0,0,0,0,63,110,109,94,0,0,0,99,253,255,180,0,0,0,0,0,0,0,0,0,0,0,0,0,0,94,217,217,237,253,252,143,73,73,197,242,252,222,45,0,0,0,0,0,0,0,0,0,0,0,0,0,0,31,195,241,252,253,252,252,252,253,252,246,215,41,0,0,0,0,0,0,0,0,0,0,0,0,0,0,0,0,0,78,108,108,108,128,252,191,108,92,0,0,0,0,0,0,0,0,0,0,0,0,0,0,0,0,0,0,0,0,0,0,0,0,0,0,0,0,0,0,0,0,0,0,0,0,0,0,0,0,0,0,0,0,0,0,0,0,0,0,0,0,0,0,0,0,0,0,0,0,0,0,0,0,0,0,0,0,0,0,0,0,0,0,0,0,0,0,0,0,0,0,0,0,0,0,0,0,0,0,0,0,0
6,0,0,0,0,0,0,0,0,0,0,0,0,0,0,0,0,0,0,0,0,0,0,0,0,0,0,0,0,0,0,0,0,0,0,0,0,0,0,0,0,0,0,0,0,0,0,0,0,0,0,0,0,0,0,0,0,0,0,0,0,0,0,0,0,0,0,0,0,0,0,0,0,0,0,0,0,0,0,0,0,0,0,0,0,0,0,0,0,0,0,0,0,0,0,0,0,0,21,116,239,255,187,0,0,0,0,0,0,0,0,0,0,0,0,0,0,0,0,0,0,0,0,0,0,37,223,252,223,125,57,0,0,0,0,0,0,0,0,0,0,0,0,0,0,0,0,0,0,0,0,0,0,164,252,222,39,0,0,0,0,0,0,0,0,0,0,0,0,0,0,0,0,0,0,0,0,0,0,0,142,251,229,36,0,0,0,0,0,0,0,0,0,0,0,0,0,0,0,0,0,0,0,0,0,0,0,37,234,250,115,0,0,0,0,0,0,0,0,0,0,0,0,0,0,0,0,0,0,0,0,0,0,0,8,172,252,203,0,0,0,0,0,0,0,0,0,0,0,0,0,0,0,0,0,0,0,0,0,0,0,0,23,252,252,131,5,0,0,0,0,0,0,0,0,0,0,0,0,0,0,0,0,0,0,0,0,0,0,0,90,252,252,205,197,154,154,93,33,0,0,0,0,0,0,0,0,0,0,0,0,0,0,0,0,0,0,0,132,252,252,252,252,252,252,253,206,47,0,0,0,0,0,0,0,0,0,0,0,0,0,0,0,0,0,0,132,252,175,33,33,33,33,205,252,240,9,0,0,0,0,0,0,0,0,0,0,0,0,0,0,0,0,0,133,253,165,0,0,0,0,78,243,253,25,0,0,0,0,0,0,0,0,0,0,0,0,0,0,0,0,0,132,252,135,0,0,0,0,0,100,252,155,23,0,0,0,0,0,0,0,0,0,0,0,0,0,0,0,0,132,252,98,0,0,0,0,0,41,235,252,88,0,0,0,0,0,0,0,0,0,0,0,0,0,0,0,0,132,252,164,0,0,0,0,0,0,143,251,198,5,0,0,0,0,0,0,0,0,0,0,0,0,0,0,0,109,252,183,5,0,0,0,0,0,0,242,252,127,0,0,0,0,0,0,0,0,0,0,0,0,0,0,0,23,252,252,108,0,0,0,0,0,0,242,252,164,0,0,0,0,0,0,0,0,0,0,0,0,0,0,0,2,46,221,242,212,40,2,0,0,0,141,252,241,19,0,0,0,0,0,0,0,0,0,0,0,0,0,0,0,0,73,229,252,252,166,140,45,135,206,252,164,0,0,0,0,0,0,0,0,0,0,0,0,0,0,0,0,0,0,37,189,252,252,253,252,252,252,235,66,0,0,0,0,0,0,0,0,0,0,0,0,0,0,0,0,0,0,0,6,66,142,253,252,161,85,26,0,0,0,0,0,0,0,0,0,0,0,0,0,0,0,0,0,0,0,0,0,0,0,0,0,0,0,0,0,0,0,0,0,0,0,0,0,0,0,0,0,0,0,0,0,0,0,0,0,0,0,0,0,0,0,0,0,0,0,0,0,0,0,0,0,0,0,0,0,0,0,0,0,0,0,0,0,0,0,0,0,0,0,0,0,0,0,0,0,0,0,0,0,0,0,0,0,0,0,0,0,0,0,0,0,0,0,0,0,0,0,0,0,0,0,0,0,0,0,0,0,0,0,0,0,0,0,0,0,0,0,0,0,0,0,0,0,0,0,0,0,0,0,0,0,0,0
8,0,0,0,0,0,0,0,0,0,0,0,0,0,0,0,0,0,0,0,0,0,0,0,0,0,0,0,0,0,0,0,0,0,0,0,0,0,0,0,0,0,0,0,0,0,0,0,0,0,0,0,0,0,0,0,0,0,0,0,0,0,0,0,0,0,0,0,0,0,0,0,0,0,0,0,0,0,0,0,0,0,0,0,0,0,0,0,0,0,0,0,0,0,0,0,0,0,0,0,0,0,0,0,0,0,0,0,0,0,0,0,0,0,0,0,0,0,0,0,0,0,0,0,0,0,0,0,0,0,0,0,0,0,0,0,0,0,0,0,0,0,0,0,0,0,0,0,0,7,29,128,141,141,178,153,79,10,0,0,0,0,0,0,0,0,0,0,0,0,0,0,0,0,0,0,70,187,252,252,253,252,252,252,253,196,131,7,0,0,0,0,0,0,0,0,0,0,0,0,0,0,0,176,253,252,252,252,156,56,56,56,119,224,252,103,0,0,0,0,0,0,0,0,0,0,0,0,0,26,150,249,241,139,52,28,0,0,0,0,0,44,177,252,176,225,137,13,0,0,0,0,0,0,0,0,0,70,253,253,51,0,0,0,0,0,0,0,0,0,0,226,255,253,253,28,0,0,0,0,0,0,0,0,7,187,252,151,0,0,0,0,0,0,0,0,7,19,0,150,253,252,252,28,0,0,0,0,0,0,0,0,29,252,252,28,0,0,0,0,0,0,0,0,154,215,110,159,253,252,224,19,0,0,0,0,0,0,0,0,4,178,252,178,51,0,0,0,0,0,38,213,253,252,252,252,253,227,43,0,0,0,0,0,0,0,0,0,0,26,200,250,254,228,53,16,0,45,229,253,254,253,253,253,214,38,0,0,0,0,0,0,0,0,0,0,0,0,0,125,203,252,252,215,170,225,252,252,253,240,158,84,0,0,0,0,0,0,0,0,0,0,0,0,0,0,0,0,7,81,168,243,253,252,252,252,253,145,0,0,0,0,0,0,0,0,0,0,0,0,0,0,0,0,0,0,0,0,0,25,153,252,252,252,253,246,225,75,0,0,0,0,0,0,0,0,0,0,0,0,0,0,0,0,0,0,0,0,204,247,50,51,176,231,253,253,63,0,0,0,0,0,0,0,0,0,0,0,0,0,0,0,0,0,0,0,253,196,0,0,0,19,171,246,194,19,0,0,0,0,0,0,0,0,0,0,0,0,0,0,0,0,0,0,253,196,0,0,0,0,0,187,253,190,19,0,0,0,0,0,0,0,0,0,0,0,0,0,0,0,0,0,253,196,0,0,0,0,0,13,203,252,193,13,0,0,0,0,0,0,0,0,0,0,0,0,0,0,0,0,192,253,128,4,0,0,0,0,154,253,253,28,0,0,0,0,0,0,0,0,0,0,0,0,0,0,0,0,60,234,252,178,157,82,169,169,253,252,196,9,0,0,0,0,0,0,0,0,0,0,0,0,0,0,0,0,0,38,143,243,253,252,252,252,253,233,62,0,0,0,0,0,0,0,0,0,0,0,0,0,0,0,0,0,0,0,0,25,91,115,28,178,128,22,0,0,0,0,0,0,0,0,0,0,0,0,0,0,0,0,0,0,0,0,0,0,0,0,0,0,0,0,0,0,0,0,0,0,0,0,0,0,0,0,0,0,0,0,0,0,0,0,0,0,0,0,0,0,0,0,0,0,0,0,0,0,0,0,0,0,0,0,0,0,0,0,0,0,0,0,0,0,0,0,0,0,0,0,0,0,0,0,0,0,0
9,0,0,0,0,0,0,0,0,0,0,0,0,0,0,0,0,0,0,0,0,0,0,0,0,0,0,0,0,0,0,0,0,0,0,0,0,0,0,0,0,0,0,0,0,0,0,0,0,0,0,0,0,0,0,0,0,0,0,0,0,0,0,0,0,0,0,0,0,0,0,0,0,0,0,0,0,0,0,0,0,0,0,0,0,0,0,0,0,0,0,0,0,0,0,0,0,0,0,0,0,0,0,0,0,0,0,0,0,0,0,0,0,0,0,0,0,0,0,0,0,0,0,0,0,0,0,0,0,0,0,0,0,0,0,0,0,0,0,0,0,0,0,0,0,0,0,0,0,0,0,0,0,0,0,0,0,0,0,0,0,0,0,0,0,0,0,0,0,0,0,0,0,0,0,0,0,0,0,0,0,112,249,254,255,149,13,0,0,0,0,0,0,0,0,0,0,0,0,0,0,0,0,0,0,0,0,0,112,244,248,225,244,254,183,0,0,0,0,0,0,0,0,0,0,0,0,0,0,0,0,0,0,0,0,74,242,254,101,0,75,247,251,134,0,0,0,0,0,0,0,0,0,0,0,0,0,0,0,0,0,0,20,245,254,116,1,0,0,47,254,252,23,0,0,0,0,0,0,0,0,0,0,0,0,0,0,0,0,0,132,254,146,12,0,0,0,44,254,254,24,0,0,0,0,0,0,0,0,0,0,0,0,0,0,0,0,0,182,254,43,0,0,0,0,44,254,254,24,0,0,0,0,0,0,0,0,0,0,0,0,0,0,0,0,24,251,254,43,0,0,0,0,64,254,211,10,0,0,0,0,0,0,0,0,0,0,0,0,0,0,0,0,25,254,254,43,0,0,9,115,234,254,181,0,0,0,0,0,0,0,0,0,0,0,0,0,0,0,0,0,17,231,254,74,0,65,211,254,254,254,181,0,0,0,0,0,0,0,0,0,0,0,0,0,0,0,0,0,0,112,252,240,175,248,251,176,152,254,163,0,0,0,0,0,0,0,0,0,0,0,0,0,0,0,0,0,0,0,194,251,249,184,99,0,139,254,86,0,0,0,0,0,0,0,0,0,0,0,0,0,0,0,0,0,0,0,0,68,55,0,0,0,205,247,28,0,0,0,0,0,0,0,0,0,0,0,0,0,0,0,0,0,0,0,0,0,0,0,0,14,238,244,0,0,0,0,0,0,0,0,0,0,0,0,0,0,0,0,0,0,0,0,0,0,0,0,0,77,254,244,0,0,0,0,0,0,0,0,0,0,0,0,0,0,0,0,0,0,0,0,0,0,0,0,0,77,254,217,0,0,0,0,0,0,0,0,0,0,0,0,0,0,0,0,0,0,0,0,0,0,0,0,0,164,254,133,0,0,0,0,0,0,0,0,0,0,0,0,0,0,0,0,0,0,0,0,0,0,0,0,14,235,236,32,0,0,0,0,0,0,0,0,0,0,0,0,0,0,0,0,0,0,0,0,0,0,0,0,111,254,210,0,0,0,0,0,0,0,0,0,0,0,0,0,0,0,0,0,0,0,0,0,0,0,0,0,111,254,210,0,0,0,0,0,0,0,0,0,0,0,0,0,0,0,0,0,0,0,0,0,0,0,0,0,75,254,102,0,0,0,0,0,0,0,0,0,0,0,0,0,0,0,0,0,0,0,0,0,0,0,0,0,0,0,0,0,0,0,0,0,0,0,0,0,0,0,0,0,0,0,0,0,0,0,0,0,0,0,0,0,0,0,0,0,0,0,0,0,0,0,0,0,0,0
4,0,0,0,0,0,0,0,0,0,0,0,0,0,0,0,0,0,0,0,0,0,0,0,0,0,0,0,0,0,0,0,0,0,0,0,0,0,0,0,0,0,0,0,0,0,0,0,0,0,0,0,0,0,0,0,0,0,0,0,0,0,0,0,0,0,0,0,0,0,0,0,0,0,0,0,0,0,0,0,0,0,0,0,0,0,0,0,0,0,0,0,0,0,0,0,0,0,0,0,0,0,0,0,0,0,0,0,0,0,0,0,0,0,0,0,0,0,0,0,0,0,0,0,0,0,0,0,0,0,0,0,0,0,0,0,0,0,0,0,0,0,0,0,0,0,0,0,0,0,0,0,0,0,0,0,0,0,0,0,0,0,0,0,0,0,0,0,0,0,0,0,0,0,0,0,0,92,179,31,0,0,0,0,0,0,145,44,0,0,0,0,0,0,0,0,0,0,0,0,0,0,0,0,0,111,235,150,7,0,0,0,0,0,144,187,7,0,0,0,0,0,0,0,0,0,0,0,0,0,0,0,0,0,170,253,28,0,0,0,0,0,145,253,28,0,0,0,0,0,0,0,0,0,0,0,0,0,0,0,0,0,169,253,28,0,0,0,0,0,169,253,28,0,0,0,0,0,0,0,0,0,0,0,0,0,0,0,0,29,255,254,28,0,0,0,0,29,217,254,28,0,0,0,0,0,0,0,0,0,0,0,0,0,0,0,0,105,253,253,28,0,0,0,0,166,253,253,28,0,0,0,0,0,0,0,0,0,0,0,0,0,0,0,0,141,253,225,19,0,0,0,127,254,253,253,28,0,0,0,0,0,0,0,0,0,0,0,0,0,0,0,0,141,253,168,0,0,0,38,238,128,178,253,28,0,0,0,0,0,0,0,0,0,0,0,0,0,0,0,0,154,248,50,0,0,45,230,179,26,245,254,28,0,0,0,0,0,0,0,0,0,0,0,0,0,0,0,0,255,197,0,0,45,226,234,22,19,226,253,28,0,0,0,0,0,0,0,0,0,0,0,0,0,0,0,0,254,197,0,76,230,234,62,0,29,253,253,28,0,0,0,0,0,0,0,0,0,0,0,0,0,0,0,0,204,222,114,238,191,59,0,0,29,253,253,28,0,0,0,0,0,0,0,0,0,0,0,0,0,0,0,0,142,254,254,242,51,0,0,0,29,254,254,28,0,0,0,0,0,0,0,0,0,0,0,0,0,0,0,0,60,197,197,59,0,0,0,0,10,197,253,28,0,0,0,0,0,0,0,0,0,0,0,0,0,0,0,0,0,0,0,0,0,0,0,0,0,170,253,28,0,0,0,0,0,0,0,0,0,0,0,0,0,0,0,0,0,0,0,0,0,0,0,0,0,120,253,28,0,0,0,0,0,0,0,0,0,0,0,0,0,0,0,0,0,0,0,0,0,0,0,0,0,57,254,141,0,0,0,0,0,0,0,0,0,0,0,0,0,0,0,0,0,0,0,0,0,0,0,0,0,57,253,140,0,0,0,0,0,0,0,0,0,0,0,0,0,0,0,0,0,0,0,0,0,0,0,0,0,57,253,140,0,0,0,0,0,0,0,0,0,0,0,0,0,0,0,0,0,0,0,0,0,0,0,0,0,32,229,40,0,0,0,0,0,0,0,0,0,0,0,0,0,0,0,0,0,0,0,0,0,0,0,0,0,0,0,0,0,0,0,0,0,0,0,0,0,0,0,0,0,0,0,0,0,0,0,0,0,0,0,0,0,0,0,0,0,0,0,0,0,0,0,0
1,0,0,0,0,0,0,0,0,0,0,0,0,0,0,0,0,0,0,0,0,0,0,0,0,0,0,0,0,0,0,0,0,0,0,0,0,0,0,0,0,0,0,0,0,0,0,0,0,0,0,0,0,0,0,0,0,0,0,0,0,0,0,0,0,0,0,0,0,0,0,0,0,0,0,0,0,0,0,0,0,0,0,0,0,0,0,0,0,0,0,0,0,0,0,0,0,0,0,0,0,0,0,0,0,0,0,0,0,0,0,0,0,0,0,0,0,0,0,0,0,0,0,0,0,0,0,0,0,0,0,0,0,0,0,0,0,0,0,0,0,0,0,0,0,0,0,0,0,0,0,0,0,0,0,68,255,238,50,0,0,0,0,0,0,0,0,0,0,0,0,0,0,0,0,0,0,0,0,0,0,0,6,177,253,253,138,0,0,0,0,0,0,0,0,0,0,0,0,0,0,0,0,0,0,0,0,0,0,0,151,253,253,253,138,0,0,0,0,0,0,0,0,0,0,0,0,0,0,0,0,0,0,0,0,0,0,0,246,253,253,250,121,0,0,0,0,0,0,0,0,0,0,0,0,0,0,0,0,0,0,0,0,0,0,0,246,253,253,228,0,0,0,0,0,0,0,0,0,0,0,0,0,0,0,0,0,0,0,0,0,0,0,0,214,253,253,90,0,0,0,0,0,0,0,0,0,0,0,0,0,0,0,0,0,0,0,0,0,0,0,0,173,253,253,65,0,0,0,0,0,0,0,0,0,0,0,0,0,0,0,0,0,0,0,0,0,0,0,142,252,253,163,6,0,0,0,0,0,0,0,0,0,0,0,0,0,0,0,0,0,0,0,0,0,0,0,156,253,253,154,0,0,0,0,0,0,0,0,0,0,0,0,0,0,0,0,0,0,0,0,0,0,0,0,156,253,253,154,0,0,0,0,0,0,0,0,0,0,0,0,0,0,0,0,0,0,0,0,0,0,0,0,156,253,253,154,0,0,0,0,0,0,0,0,0,0,0,0,0,0,0,0,0,0,0,0,0,0,0,26,194,253,253,154,0,0,0,0,0,0,0,0,0,0,0,0,0,0,0,0,0,0,0,0,0,0,0,66,238,252,253,154,0,0,0,0,0,0,0,0,0,0,0,0,0,0,0,0,0,0,0,0,0,0,0,36,124,249,253,154,0,0,0,0,0,0,0,0,0,0,0,0,0,0,0,0,0,0,0,0,0,0,0,0,156,253,253,154,0,0,0,0,0,0,0,0,0,0,0,0,0,0,0,0,0,0,0,0,0,0,0,0,156,253,253,154,0,0,0,0,0,0,0,0,0,0,0,0,0,0,0,0,0,0,0,0,0,0,0,201,241,253,251,120,0,0,0,0,0,0,0,0,0,0,0,0,0,0,0,0,0,0,0,0,0,0,0,230,253,253,245,0,0,0,0,0,0,0,0,0,0,0,0,0,0,0,0,0,0,0,0,0,0,0,91,177,224,253,197,0,0,0,0,0,0,0,0,0,0,0,0,0,0,0,0,0,0,0,0,0,0,0,0,0,55,249,81,0,0,0,0,0,0,0,0,0,0,0,0,0,0,0,0,0,0,0,0,0,0,0,0,0,0,0,0,0,0,0,0,0,0,0,0,0,0,0,0,0,0,0,0,0,0,0,0,0,0,0,0,0,0,0,0,0,0,0,0,0,0,0,0,0,0,0,0,0,0,0,0,0,0,0,0,0,0,0,0,0,0,0,0,0,0,0,0,0,0,0,0,0,0,0,0,0
5,0,0,0,0,0,0,0,0,0,0,0,0,0,0,0,0,0,0,0,0,0,0,0,0,0,0,0,0,0,0,0,0,0,0,0,0,0,0,0,0,0,0,0,0,0,0,0,0,0,0,0,0,0,0,0,0,0,0,0,0,0,0,0,0,0,0,0,0,0,0,0,0,0,0,0,0,0,0,0,0,0,0,0,0,0,0,0,0,0,0,0,0,0,0,0,0,0,0,0,0,0,0,0,0,0,0,0,0,0,0,0,0,0,0,0,0,0,0,0,0,0,0,0,0,0,0,0,0,0,0,0,0,0,0,0,0,0,0,0,0,0,0,0,0,0,0,0,0,0,0,0,0,0,0,0,0,0,0,0,0,0,0,0,0,0,0,0,0,0,0,0,0,0,0,0,0,0,0,0,0,0,0,0,0,27,47,144,150,202,255,159,0,0,0,0,0,0,0,0,0,0,0,0,0,0,87,94,12,0,2,56,94,228,253,253,253,253,229,153,0,0,0,0,0,0,0,0,0,0,0,0,78,105,253,253,245,244,244,250,253,253,226,204,114,63,7,0,0,0,0,0,0,0,0,0,0,0,0,70,251,253,253,253,253,253,253,253,253,70,17,0,0,0,0,0,0,0,0,0,0,0,0,0,0,0,0,94,253,92,20,20,20,20,20,20,20,1,0,0,0,0,0,0,0,0,0,0,0,0,0,0,0,0,0,94,253,228,14,0,0,0,0,0,0,0,0,0,0,0,0,0,0,0,0,0,0,0,0,0,0,0,0,88,253,253,20,0,0,0,0,0,0,0,0,0,0,0,0,0,0,0,0,0,0,0,0,0,0,0,0,0,244,253,46,0,0,0,0,0,0,0,0,0,0,0,0,0,0,0,0,0,0,0,0,0,0,0,0,0,157,253,127,2,0,0,0,2,6,48,4,0,0,0,0,0,0,0,0,0,0,0,0,0,0,0,0,0,77,253,253,185,156,156,71,176,253,253,219,31,0,0,0,0,0,0,0,0,0,0,0,0,0,0,0,0,8,160,253,253,253,253,253,253,253,253,253,226,58,0,0,0,0,0,0,0,0,0,0,0,0,0,0,0,0,2,15,109,115,169,212,148,109,66,201,253,218,32,0,0,0,0,0,0,0,0,0,0,0,0,0,0,0,0,0,0,0,0,0,0,0,0,22,242,253,129,0,0,0,0,0,0,0,0,0,0,0,0,0,0,0,0,0,0,0,0,0,0,0,0,0,239,253,129,0,0,0,0,0,0,0,0,0,0,0,0,0,0,0,0,0,0,0,0,0,0,0,0,0,239,253,129,0,0,0,0,0,0,0,0,0,0,0,0,0,0,0,0,0,0,0,0,0,0,0,0,8,240,253,78,0,0,0,0,0,0,0,0,0,0,0,0,0,0,0,0,0,0,0,0,0,0,0,0,89,253,233,19,0,0,0,0,0,0,0,0,0,0,0,0,0,0,0,0,0,0,0,0,0,0,0,0,93,253,171,0,0,0,0,0,0,0,0,0,0,0,0,0,0,0,0,0,0,0,0,0,0,0,0,10,206,253,72,0,0,0,0,0,0,0,0,0,0,0,0,0,0,0,0,0,0,0,0,0,0,0,0,42,253,228,13,0,0,0,0,0,0,0,0,0,0,0,0,0,0,0,0,0,0,0,0,0,0,0,0,0,0,0,0,0,0,0,0,0,0,0,0,0,0,0,0,0,0,0,0,0,0,0,0,0,0,0,0,0,0,0,0,0,0,0,0,0,0,0,0
3,0,0,0,0,0,0,0,0,0,0,0,0,0,0,0,0,0,0,0,0,0,0,0,0,0,0,0,0,0,0,0,0,0,0,0,0,0,0,0,0,0,0,0,0,0,0,0,0,0,0,0,0,0,0,0,0,0,0,0,0,0,0,0,0,0,0,0,0,0,0,0,0,0,0,0,0,0,0,0,0,0,0,0,0,0,0,0,0,0,0,0,0,0,0,0,0,0,0,0,0,0,0,0,0,0,0,0,0,0,0,0,0,0,0,0,0,0,0,0,0,0,0,0,0,0,0,0,0,0,0,0,0,0,0,0,0,0,0,0,0,0,0,0,0,0,0,0,128,0,0,0,0,0,0,0,0,0,0,0,0,0,0,0,0,0,0,0,0,0,0,0,128,255,255,255,255,255,255,255,255,255,255,191,128,64,0,0,0,0,0,0,0,0,0,0,0,0,0,0,191,255,255,255,255,255,255,255,255,255,255,255,255,255,255,191,128,0,0,0,0,0,0,0,0,0,0,0,128,255,255,255,191,191,191,255,255,255,255,255,255,255,255,255,255,255,64,0,0,0,0,0,0,0,0,0,0,0,0,0,0,0,0,0,128,128,128,128,191,128,255,255,255,255,255,0,0,0,0,0,0,0,0,0,0,0,0,0,0,0,0,0,0,0,0,0,0,0,191,255,255,255,255,0,0,0,0,0,0,0,0,0,0,0,0,0,0,0,0,0,0,0,0,0,64,255,255,255,255,255,128,0,0,0,0,0,0,0,0,0,0,0,0,0,0,0,0,0,0,0,0,255,255,255,255,255,255,128,0,0,0,0,0,0,0,0,0,0,0,0,0,0,0,0,0,0,0,0,255,255,255,255,255,191,64,0,0,0,0,0,0,0,0,0,0,0,0,0,0,0,0,0,0,0,0,64,255,255,255,255,255,191,64,0,0,0,0,0,0,0,0,0,0,0,0,0,0,0,0,0,0,0,0,0,128,255,255,255,255,255,255,64,0,0,0,0,0,0,0,0,0,0,0,0,0,0,0,0,0,0,0,0,0,0,0,128,255,255,255,255,64,0,0,0,0,0,0,0,0,0,0,0,0,0,0,0,0,0,0,0,0,0,0,0,0,64,255,255,255,128,0,0,0,0,0,0,0,0,0,0,0,0,0,0,0,0,0,0,0,0,0,0,0,0,0,255,255,255,0,0,0,0,0,0,0,0,0,0,0,0,0,0,0,0,0,0,0,0,0,0,0,0,0,255,255,255,0,0,0,0,0,0,0,0,0,0,0,191,191,0,0,0,0,0,0,0,0,0,64,191,255,255,255,191,0,0,0,0,0,0,0,0,0,0,64,255,191,0,0,0,64,64,128,128,128,255,255,255,255,255,191,0,0,0,0,0,0,0,0,0,0,0,255,255,255,255,255,255,255,255,255,255,255,255,255,255,255,255,64,0,0,0,0,0,0,0,0,0,0,0,64,191,255,255,255,255,255,255,255,255,255,255,191,128,128,0,0,0,0,0,0,0,0,0,0,0,0,0,0,0,64,64,128,128,128,128,128,128,128,0,0,0,0,0,0,0,0,0,0,0,0,0,0,0,0,0,0,0,0,0,0,0,0,0,0,0,0,0,0,0,0,0,0,0,0,0,0,0,0,0,0,0,0,0,0,0,0,0,0,0,0,0,0,0,0,0,0,0,0,0,0,0,0,0,0,0,0,0,0,0,0,0,0,0,0,0,0,0,0,0,0,0,0,0,0,0,0,0,0,0,0,0,0,0,0
8,0,0,0,0,0,0,0,0,0,0,0,0,0,0,0,0,0,0,0,0,0,0,0,0,0,0,0,0,0,0,0,0,0,0,0,0,0,0,0,0,0,0,0,0,0,0,0,0,0,0,0,0,0,0,0,0,0,0,0,0,0,0,0,0,0,0,0,0,0,0,0,0,0,0,0,0,0,0,0,0,0,0,0,0,0,0,0,0,0,0,0,0,0,0,0,0,0,0,0,0,0,0,0,0,0,0,0,0,0,0,0,0,0,0,0,0,0,0,0,0,0,0,0,0,0,0,0,0,0,0,0,0,0,0,0,0,0,0,0,0,0,0,0,0,0,0,0,0,0,25,123,201,227,236,131,43,22,0,0,0,0,0,0,0,0,0,0,0,0,0,0,0,0,0,0,0,36,227,252,252,252,252,253,252,212,64,0,0,0,0,0,0,0,0,0,0,0,0,0,0,0,0,0,32,223,253,252,252,238,187,144,231,233,247,92,0,0,0,0,0,0,0,0,0,0,0,0,0,0,0,0,134,252,253,252,141,28,0,0,0,7,152,217,71,0,0,0,0,0,0,0,0,0,0,0,0,0,0,0,169,252,236,112,4,0,0,0,0,54,204,252,212,27,0,0,0,0,0,0,0,0,0,0,0,0,0,0,169,253,212,0,0,0,0,0,0,233,253,253,194,0,0,0,0,0,0,0,0,0,0,0,0,0,0,0,133,252,243,111,7,0,0,0,0,232,252,252,71,0,0,0,0,0,0,0,0,0,0,0,0,0,0,0,6,152,245,252,225,101,22,13,136,251,247,143,0,0,0,0,0,0,0,0,0,0,0,0,0,0,0,0,0,0,78,252,252,252,252,218,252,252,119,0,0,0,0,0,0,0,0,0,0,0,0,0,0,0,0,0,0,0,7,42,147,252,252,253,252,252,84,0,0,0,0,0,0,0,0,0,0,0,0,0,0,0,0,0,0,0,0,0,39,253,253,255,253,253,227,87,0,0,0,0,0,0,0,0,0,0,0,0,0,0,0,0,0,0,0,0,206,252,252,253,189,210,252,226,116,0,0,0,0,0,0,0,0,0,0,0,0,0,0,0,0,0,0,52,242,252,252,197,5,11,118,249,232,32,0,0,0,0,0,0,0,0,0,0,0,0,0,0,0,0,29,232,252,252,226,0,0,0,0,211,253,63,0,0,0,0,0,0,0,0,0,0,0,0,0,0,0,0,43,252,252,252,103,0,0,0,98,246,253,63,0,0,0,0,0,0,0,0,0,0,0,0,0,0,0,0,43,253,253,243,35,0,0,31,218,253,230,27,0,0,0,0,0,0,0,0,0,0,0,0,0,0,0,0,11,205,252,210,50,0,64,213,252,252,211,0,0,0,0,0,0,0,0,0,0,0,0,0,0,0,0,0,0,130,251,252,244,233,247,252,252,244,62,0,0,0,0,0,0,0,0,0,0,0,0,0,0,0,0,0,0,0,135,252,252,253,252,252,236,66,0,0,0,0,0,0,0,0,0,0,0,0,0,0,0,0,0,0,0,0,4,113,191,253,252,199,66,0,0,0,0,0,0,0,0,0,0,0,0,0,0,0,0,0,0,0,0,0,0,0,0,0,0,0,0,0,0,0,0,0,0,0,0,0,0,0,0,0,0,0,0,0,0,0,0,0,0,0,0,0,0,0,0,0,0,0,0,0,0,0,0,0,0,0,0,0,0,0,0,0,0,0,0,0,0,0,0,0,0,0,0,0,0,0,0,0,0,0,0,0,0
0,0,0,0,0,0,0,0,0,0,0,0,0,0,0,0,0,0,0,0,0,0,0,0,0,0,0,0,0,0,0,0,0,0,0,0,0,0,0,0,0,0,0,0,0,0,0,0,0,0,0,0,0,0,0,0,0,0,0,0,0,0,0,0,0,0,0,0,0,0,0,0,0,0,0,0,0,0,0,0,0,0,0,0,0,0,0,0,0,0,0,0,0,0,0,0,0,0,0,0,0,0,0,0,0,0,0,0,0,0,0,0,0,0,0,0,0,0,0,0,0,0,0,0,0,0,0,0,14,63,137,130,0,0,0,0,0,0,0,0,0,0,0,0,0,0,0,0,0,0,0,0,0,0,0,53,232,254,254,250,86,30,0,0,0,0,0,0,0,0,0,0,0,0,0,0,0,0,0,0,0,0,54,230,254,254,206,253,254,217,40,0,0,0,0,0,0,0,0,0,0,0,0,0,0,0,0,0,2,138,231,254,199,84,6,69,225,254,238,40,0,0,0,0,0,0,0,0,0,0,0,0,0,0,0,0,145,254,254,164,11,0,0,0,42,224,254,149,0,0,0,0,0,0,0,0,0,0,0,0,0,0,0,46,248,254,217,9,0,0,0,0,0,62,254,245,31,0,0,0,0,0,0,0,0,0,0,0,0,0,44,235,254,173,9,0,0,0,0,0,0,48,254,254,35,0,0,0,0,0,0,0,0,0,0,0,0,0,156,254,254,102,0,0,0,0,0,0,0,48,254,254,35,0,0,0,0,0,0,0,0,0,0,0,0,65,237,254,229,0,0,0,0,0,0,0,0,68,254,254,35,0,0,0,0,0,0,0,0,0,0,0,13,205,254,254,47,0,0,0,0,0,0,0,0,166,254,235,27,0,0,0,0,0,0,0,0,0,0,0,54,254,254,172,3,0,0,0,0,0,0,0,60,234,254,80,0,0,0,0,0,0,0,0,0,0,0,0,153,254,221,37,0,0,0,0,0,0,0,0,148,254,254,53,0,0,0,0,0,0,0,0,0,0,0,0,172,254,165,0,0,0,0,0,0,0,0,64,245,254,142,5,0,0,0,0,0,0,0,0,0,0,0,2,176,254,165,0,0,0,0,0,0,5,65,250,255,202,2,0,0,0,0,0,0,0,0,0,0,0,0,36,254,254,165,0,0,0,0,0,0,110,254,255,167,37,0,0,0,0,0,0,0,0,0,0,0,0,0,36,254,254,165,0,0,0,0,34,139,240,254,224,37,0,0,0,0,0,0,0,0,0,0,0,0,0,0,10,195,254,188,8,0,7,86,233,254,254,225,37,0,0,0,0,0,0,0,0,0,0,0,0,0,0,0,0,133,254,254,208,202,207,254,254,254,140,30,0,0,0,0,0,0,0,0,0,0,0,0,0,0,0,0,0,8,199,254,254,254,254,254,231,62,6,0,0,0,0,0,0,0,0,0,0,0,0,0,0,0,0,0,0,0,46,135,241,254,188,117,13,0,0,0,0,0,0,0,0,0,0,0,0,0,0,0,0,0,0,0,0,0,0,0,0,0,0,0,0,0,0,0,0,0,0,0,0,0,0,0,0,0,0,0,0,0,0,0,0,0,0,0,0,0,0,0,0,0,0,0,0,0,0,0,0,0,0,0,0,0,0,0,0,0,0,0,0,0,0,0,0,0,0,0,0,0,0,0,0,0,0,0,0,0,0,0,0,0,0,0,0,0,0,0,0,0,0,0,0,0,0,0,0,0,0,0,0,0,0,0,0,0,0,0,0,0
3,0,0,0,0,0,0,0,0,0,0,0,0,0,0,0,0,0,0,0,0,0,0,0,0,0,0,0,0,0,0,0,0,0,0,0,0,0,0,0,0,0,0,0,0,0,0,0,0,0,0,0,0,0,0,0,0,0,0,0,0,0,0,0,0,0,0,0,0,0,0,0,0,0,0,0,0,0,0,0,0,0,0,0,0,0,0,0,0,0,0,0,0,0,0,37,149,186,95,0,0,0,0,0,0,0,0,0,0,0,0,0,0,0,0,0,0,0,0,0,0,0,0,156,253,253,232,35,0,0,0,0,0,0,0,0,0,0,0,0,0,0,0,0,0,0,0,0,0,0,0,86,166,253,253,155,0,0,0,0,0,0,0,0,0,0,0,0,0,0,0,0,0,0,0,0,0,0,0,0,2,117,250,245,16,0,0,0,0,0,0,0,0,0,0,0,0,0,0,0,0,0,0,0,0,0,0,0,0,0,159,253,195,15,0,0,0,0,0,0,0,0,0,0,0,0,0,0,0,0,0,0,0,0,0,0,0,0,40,254,255,39,0,0,0,0,0,0,0,0,0,0,0,0,0,0,0,0,0,0,0,0,0,0,108,214,220,253,249,36,0,0,0,0,0,0,0,0,0,0,0,0,0,0,0,0,0,0,0,0,0,0,184,253,253,253,128,0,0,0,0,0,0,0,0,0,0,0,0,0,0,0,0,0,0,0,0,0,0,0,100,226,253,253,242,36,0,0,0,0,0,0,0,0,0,0,0,0,0,0,0,0,0,0,0,0,0,0,0,18,73,193,254,188,0,0,0,0,0,0,0,0,0,0,0,0,0,0,0,0,0,0,0,0,0,0,0,0,0,0,255,254,137,0,0,0,0,0,0,0,0,0,0,0,0,0,0,0,0,0,0,0,0,0,0,0,0,0,122,250,241,62,0,0,0,0,0,0,0,0,0,0,0,0,0,0,0,0,0,0,0,0,0,0,0,0,0,184,253,117,0,0,0,0,0,0,0,0,0,0,0,0,0,0,0,0,0,0,0,0,0,0,0,0,0,17,211,169,0,0,0,0,0,0,0,0,0,0,0,0,0,0,0,0,0,0,0,0,0,0,0,0,0,0,175,244,45,0,0,0,0,0,0,0,0,0,0,0,0,0,0,0,0,0,0,0,88,41,0,0,0,43,254,214,0,0,0,0,0,0,0,0,0,0,0,0,0,0,0,0,0,0,0,50,247,241,199,118,118,217,253,206,0,0,0,0,0,0,0,0,0,0,0,0,0,0,0,0,0,0,0,41,241,253,253,253,254,253,253,117,0,0,0,0,0,0,0,0,0,0,0,0,0,0,0,0,0,0,0,0,69,226,253,253,254,253,195,16,0,0,0,0,0,0,0,0,0,0,0,0,0,0,0,0,0,0,0,0,0,18,126,253,254,125,18,0,0,0,0,0,0,0,0,0,0,0,0,0,0,0,0,0,0,0,0,0,0,0,0,0,0,0,0,0,0,0,0,0,0,0,0,0,0,0,0,0,0,0,0,0,0,0,0,0,0,0,0,0,0,0,0,0,0,0,0,0,0,0,0,0,0,0,0,0,0,0,0,0,0,0,0,0,0,0,0,0,0,0,0,0,0,0,0,0,0,0,0,0,0,0,0,0,0,0,0,0,0,0,0,0,0,0,0,0,0,0,0,0,0,0,0,0,0,0,0,0,0,0,0,0,0,0,0,0,0,0,0,0,0,0,0,0,0,0,0,0,0,0,0,0,0,0,0,0,0
2,0,0,0,0,0,0,0,0,0,0,0,0,0,0,0,0,0,0,0,0,0,0,0,0,0,0,0,0,0,0,0,0,0,0,0,0,0,0,0,0,0,0,0,0,0,0,0,0,0,0,0,0,0,0,0,0,0,0,0,0,0,0,0,0,0,0,0,0,0,0,0,0,0,0,0,0,0,0,0,0,0,0,0,0,0,0,0,0,0,0,0,0,0,0,0,24,122,247,232,147,45,30,0,0,0,0,0,0,0,0,0,0,0,0,0,0,0,0,0,0,0,25,128,228,254,254,254,254,254,238,115,0,0,0,0,0,0,0,0,0,0,0,0,0,0,0,0,0,20,206,254,254,254,254,254,254,254,254,242,58,0,0,0,0,0,0,0,0,0,0,0,0,0,0,0,0,109,254,254,254,221,211,211,245,254,254,254,183,0,0,0,0,0,0,0,0,0,0,0,0,0,0,0,0,58,234,211,65,15,0,0,51,173,254,254,227,0,0,0,0,0,0,0,0,0,0,0,0,0,0,0,0,0,20,14,0,0,0,0,0,3,177,254,227,0,0,0,0,0,0,0,0,0,0,0,0,0,0,0,0,0,0,0,0,0,0,0,0,0,168,254,227,0,0,0,0,0,0,0,0,0,0,0,0,0,0,0,0,0,0,0,0,0,0,0,0,0,168,254,227,0,0,0,0,0,0,0,0,0,0,0,0,0,0,0,0,0,0,0,0,0,0,0,0,0,168,254,227,0,0,0,0,0,0,0,0,0,0,0,0,0,0,0,0,0,0,0,0,0,0,0,0,0,168,254,204,0,0,0,0,0,0,0,0,0,0,0,0,0,0,0,0,121,201,201,201,201,201,178,93,93,200,254,80,0,0,0,0,0,0,0,0,0,0,0,0,0,0,0,163,248,254,254,254,254,254,254,254,254,254,254,124,22,4,0,0,0,0,0,0,0,0,0,0,0,0,18,230,254,254,254,254,254,254,254,254,254,254,254,254,254,139,27,0,0,0,0,0,0,0,0,0,0,0,119,254,254,254,208,175,254,213,254,254,254,254,254,254,254,254,228,62,0,0,0,0,0,0,0,0,0,0,185,254,231,38,6,2,10,26,215,254,254,254,254,254,254,254,254,179,0,0,0,0,0,0,0,0,0,0,185,254,241,72,0,13,103,213,254,254,240,81,169,196,255,254,254,184,0,0,0,0,0,0,0,0,0,0,185,254,254,206,109,220,254,254,254,254,99,0,0,5,43,175,254,184,0,0,0,0,0,0,0,0,0,0,69,250,254,254,254,254,254,254,248,97,1,0,0,0,0,47,252,184,0,0,0,0,0,0,0,0,0,0,0,193,254,254,254,254,254,166,60,0,0,0,0,0,0,0,241,87,0,0,0,0,0,0,0,0,0,0,0,19,211,254,254,187,109,19,0,0,0,0,0,0,0,0,32,0,0,0,0,0,0,0,0,0,0,0,0,0,0,0,0,0,0,0,0,0,0,0,0,0,0,0,0,0,0,0,0,0,0,0,0,0,0,0,0,0,0,0,0,0,0,0,0,0,0,0,0,0,0,0,0,0,0,0,0,0,0,0,0,0,0,0,0,0,0,0,0,0,0,0,0,0,0,0,0,0,0,0,0,0,0,0,0,0,0,0,0,0,0,0,0,0,0,0,0,0,0,0,0,0,0,0,0,0,0,0,0,0,0,0,0,0,0,0,0,0,0,0,0,0,0,0,0,0,0,0,0,0,0,0,0,0,0,0,0,0,0,0,0,0
5,0,0,0,0,0,0,0,0,0,0,0,0,0,0,0,0,0,0,0,0,0,0,0,0,0,0,0,0,0,0,0,0,0,0,0,0,0,0,0,0,0,0,0,0,0,0,0,0,0,0,0,0,0,0,0,0,0,0,0,0,0,0,0,0,0,0,0,0,0,0,0,0,0,0,0,0,0,0,0,0,0,0,0,0,0,0,0,0,0,0,0,0,0,0,0,0,0,0,0,0,0,0,0,0,0,0,0,0,0,0,0,0,0,0,0,0,0,0,0,0,0,0,0,0,0,0,0,0,0,0,0,0,0,0,0,0,0,0,0,0,0,0,0,0,0,0,0,0,0,0,0,0,0,0,0,0,0,0,0,0,0,0,0,0,0,0,0,0,0,0,0,0,0,0,0,0,0,0,0,19,70,112,161,162,178,254,254,255,254,178,128,51,0,0,0,0,0,0,0,0,0,0,0,0,0,0,17,204,253,253,253,254,210,206,206,173,139,173,206,118,0,0,0,0,0,0,0,0,0,0,0,0,0,0,168,254,253,251,128,46,4,0,0,0,0,0,0,0,0,0,0,0,0,0,0,0,0,0,0,0,0,0,118,94,245,162,0,0,0,0,0,0,0,0,0,0,0,0,0,0,0,0,0,0,0,0,0,0,0,0,0,128,254,138,0,0,0,0,0,0,0,0,0,0,0,0,0,0,0,0,0,0,0,0,0,0,0,0,0,161,253,88,0,0,0,0,0,0,0,0,0,0,0,0,0,0,0,0,0,0,0,0,0,0,0,0,0,161,253,88,0,0,0,0,0,0,0,0,0,0,0,0,0,0,0,0,0,0,0,0,0,0,0,0,0,161,253,137,0,0,0,0,0,0,0,0,0,0,0,0,0,0,0,0,0,0,0,0,0,0,0,0,0,136,254,138,0,0,0,0,0,0,0,0,0,0,0,0,0,0,0,0,0,0,0,0,0,0,0,0,0,57,249,154,0,0,0,0,0,0,0,0,0,0,0,0,0,0,0,0,0,0,0,0,0,0,0,0,0,0,230,240,32,0,0,0,0,0,0,0,0,0,0,0,0,0,0,0,0,0,0,0,0,0,0,0,0,0,163,253,135,0,0,0,0,0,0,0,0,0,0,0,0,0,0,0,0,0,0,0,0,0,0,0,0,0,114,254,186,0,0,0,0,0,0,0,0,0,0,0,0,0,0,0,0,0,0,0,0,0,0,0,0,0,5,211,253,17,0,0,0,0,0,0,0,0,0,0,0,0,0,0,0,0,0,0,0,0,0,0,0,0,0,132,253,101,0,0,0,0,0,0,0,0,0,0,0,0,0,0,0,0,0,0,0,0,0,0,0,26,42,116,253,184,0,0,0,0,0,0,0,0,0,0,0,0,0,0,0,0,0,0,0,0,0,0,0,136,254,186,254,204,7,0,0,0,0,0,0,0,0,0,0,0,0,0,0,0,0,0,0,0,0,0,0,7,216,253,253,254,40,0,0,0,0,0,0,0,0,0,0,0,0,0,0,0,0,0,0,0,0,0,0,0,25,131,253,254,115,0,0,0,0,0,0,0,0,0,0,0,0,0,0,0,0,0,0,0,0,0,0,0,0,7,103,195,40,0,0,0,0,0,0,0,0,0,0,0,0,0,0,0,0,0,0,0,0,0,0,0,0,0,0,0,0,0,0,0,0,0,0,0,0,0,0,0,0,0,0,0,0,0,0,0,0,0,0,0,0,0,0,0,0,0,0,0,0,0,0,0,0,0,0,0
1,0,0,0,0,0,0,0,0,0,0,0,0,0,0,0,0,0,0,0,0,0,0,0,0,0,0,0,0,0,0,0,0,0,0,0,0,0,0,0,0,0,0,0,0,0,0,0,0,0,0,0,0,0,0,0,0,0,0,0,0,0,0,0,0,0,0,0,0,0,0,0,0,0,0,0,0,0,0,0,0,0,0,0,0,0,0,0,0,0,0,0,0,0,0,0,0,0,0,0,0,0,0,0,0,0,0,0,0,0,0,0,0,0,0,0,0,0,0,0,0,0,0,226,222,101,0,0,0,0,0,0,0,0,0,0,0,0,0,0,0,0,0,0,0,0,0,0,0,0,0,100,252,249,100,0,0,0,0,0,0,0,0,0,0,0,0,0,0,0,0,0,0,0,0,0,0,0,0,66,239,252,221,0,0,0,0,0,0,0,0,0,0,0,0,0,0,0,0,0,0,0,0,0,0,0,0,0,181,252,252,95,0,0,0,0,0,0,0,0,0,0,0,0,0,0,0,0,0,0,0,0,0,0,0,0,57,252,252,203,15,0,0,0,0,0,0,0,0,0,0,0,0,0,0,0,0,0,0,0,0,0,0,0,57,253,253,255,27,0,0,0,0,0,0,0,0,0,0,0,0,0,0,0,0,0,0,0,0,0,0,0,38,224,252,253,27,0,0,0,0,0,0,0,0,0,0,0,0,0,0,0,0,0,0,0,0,0,0,0,0,169,252,253,136,0,0,0,0,0,0,0,0,0,0,0,0,0,0,0,0,0,0,0,0,0,0,0,0,169,252,253,177,7,0,0,0,0,0,0,0,0,0,0,0,0,0,0,0,0,0,0,0,0,0,0,0,169,252,253,252,55,0,0,0,0,0,0,0,0,0,0,0,0,0,0,0,0,0,0,0,0,0,0,0,169,253,255,253,56,0,0,0,0,0,0,0,0,0,0,0,0,0,0,0,0,0,0,0,0,0,0,0,122,252,253,252,103,0,0,0,0,0,0,0,0,0,0,0,0,0,0,0,0,0,0,0,0,0,0,0,29,252,253,252,195,0,0,0,0,0,0,0,0,0,0,0,0,0,0,0,0,0,0,0,0,0,0,0,26,239,253,252,195,0,0,0,0,0,0,0,0,0,0,0,0,0,0,0,0,0,0,0,0,0,0,0,0,140,253,252,195,0,0,0,0,0,0,0,0,0,0,0,0,0,0,0,0,0,0,0,0,0,0,0,0,141,255,253,196,0,0,0,0,0,0,0,0,0,0,0,0,0,0,0,0,0,0,0,0,0,0,0,0,140,253,252,195,0,0,0,0,0,0,0,0,0,0,0,0,0,0,0,0,0,0,0,0,0,0,0,0,31,253,252,239,66,0,0,0,0,0,0,0,0,0,0,0,0,0,0,0,0,0,0,0,0,0,0,0,0,237,252,252,84,0,0,0,0,0,0,0,0,0,0,0,0,0,0,0,0,0,0,0,0,0,0,0,0,50,237,252,84,0,0,0,0,0,0,0,0,0,0,0,0,0,0,0,0,0,0,0,0,0,0,0,0,0,0,0,0,0,0,0,0,0,0,0,0,0,0,0,0,0,0,0,0,0,0,0,0,0,0,0,0,0,0,0,0,0,0,0,0,0,0,0,0,0,0,0,0,0,0,0,0,0,0,0,0,0,0,0,0,0,0,0,0,0,0,0,0,0,0,0,0,0,0,0,0,0,0,0,0,0,0,0,0,0,0,0,0,0,0,0,0,0,0,0,0,0,0,0,0,0,0
2,0,0,0,0,0,0,0,0,0,0,0,0,0,0,0,0,0,0,0,0,0,0,0,0,0,0,0,0,0,0,0,0,0,0,0,0,0,0,0,0,0,0,0,0,0,0,0,0,0,0,0,0,0,0,0,0,0,0,0,0,0,0,0,0,0,0,0,0,0,0,0,0,0,0,0,0,0,0,0,0,0,0,0,0,0,0,0,0,0,0,67,164,254,255,254,254,254,142,10,0,0,0,0,0,0,0,0,0,0,0,0,0,0,0,0,0,0,0,254,253,253,253,253,253,253,253,134,0,0,0,0,0,0,0,0,0,0,0,0,0,0,0,0,0,0,0,247,253,238,55,160,243,246,253,246,198,79,1,0,0,0,0,0,0,0,0,0,0,0,0,0,0,0,0,47,177,39,0,0,0,60,222,253,253,253,83,0,0,0,0,0,0,0,0,0,0,0,0,0,0,0,0,0,0,0,0,0,0,0,67,233,253,253,215,0,0,0,0,0,0,0,0,0,0,0,0,0,0,0,0,0,0,0,0,0,0,0,0,61,241,253,218,12,0,0,0,0,0,0,0,0,0,0,0,0,0,0,0,0,0,0,0,0,0,0,0,0,95,253,253,149,0,0,0,0,0,0,0,0,0,0,0,0,0,0,0,0,0,0,0,0,0,0,0,0,95,253,253,211,50,0,0,0,0,0,0,0,0,0,0,0,0,0,0,0,0,0,0,0,0,0,0,0,95,253,253,241,74,0,0,0,0,0,0,0,0,0,0,0,0,0,0,0,0,0,0,0,0,0,0,0,95,253,253,149,0,0,0,0,0,0,0,0,0,0,0,0,0,0,0,0,0,0,0,0,0,0,0,0,95,253,253,149,0,0,0,0,0,0,0,0,0,0,0,0,0,0,0,0,0,0,0,0,0,0,23,59,236,253,219,16,0,0,0,0,0,0,0,0,0,0,0,0,0,0,0,0,0,0,0,0,0,0,151,253,253,253,137,0,0,0,0,0,0,0,0,0,0,0,0,0,0,0,0,0,0,0,0,0,139,170,219,253,253,253,27,0,0,0,0,0,0,0,0,0,0,0,0,0,0,0,0,13,48,48,104,236,250,253,253,253,253,253,237,236,110,48,48,48,48,48,12,0,0,0,0,0,0,0,0,67,253,253,253,253,253,253,253,253,253,253,253,253,253,253,253,253,253,253,148,0,0,0,0,0,0,0,0,200,253,253,253,253,253,253,253,253,253,253,253,253,253,253,253,253,253,253,120,0,0,0,0,0,0,0,0,254,253,253,253,221,182,8,8,8,79,196,196,196,196,196,196,196,196,105,2,0,0,0,0,0,0,0,0,163,253,248,130,58,0,0,0,0,0,0,0,0,0,0,0,0,0,0,0,0,0,0,0,0,0,0,0,17,65,62,0,0,0,0,0,0,0,0,0,0,0,0,0,0,0,0,0,0,0,0,0,0,0,0,0,0,0,0,0,0,0,0,0,0,0,0,0,0,0,0,0,0,0,0,0,0,0,0,0,0,0,0,0,0,0,0,0,0,0,0,0,0,0,0,0,0,0,0,0,0,0,0,0,0,0,0,0,0,0,0,0,0,0,0,0,0,0,0,0,0,0,0,0,0,0,0,0,0,0,0,0,0,0,0,0,0,0,0,0,0,0,0,0,0,0,0,0,0,0,0,0,0,0,0,0,0,0,0,0,0,0,0,0,0,0,0,0,0,0,0,0,0,0,0,0,0,0,0,0,0,0,0,0,0,0,0,0,0,0
8,0,0,0,0,0,0,0,0,0,0,0,0,0,0,0,0,0,0,0,0,0,0,0,0,0,0,0,0,0,0,0,0,0,0,0,0,0,0,0,0,0,0,0,0,0,0,0,0,0,0,0,0,0,0,0,0,0,0,0,0,0,0,0,0,0,0,0,0,0,0,0,0,0,0,0,0,0,0,0,0,0,0,0,0,0,0,0,0,0,0,0,0,0,0,0,0,0,0,0,0,0,0,0,0,0,0,0,0,0,0,0,0,0,0,0,0,0,0,0,0,0,0,0,0,0,92,216,165,16,0,0,0,0,0,0,0,0,0,0,0,0,0,0,0,0,0,0,0,0,0,0,0,151,253,252,252,28,0,0,0,0,0,0,0,0,0,0,0,0,0,0,0,0,0,0,0,0,0,19,172,246,253,252,252,153,38,0,0,0,0,0,0,0,0,0,0,0,0,0,0,0,0,0,0,0,0,57,252,252,253,227,177,252,238,125,0,0,0,0,0,0,0,0,0,0,0,0,0,0,0,0,0,0,29,216,253,178,0,0,0,51,255,197,0,0,0,0,0,0,0,0,0,0,0,0,0,0,0,0,0,0,141,252,252,28,0,0,0,26,253,196,0,0,0,0,0,0,0,0,0,0,0,0,0,0,0,0,0,0,141,252,186,6,0,0,0,200,253,196,0,0,0,0,0,0,0,0,0,0,0,0,0,0,0,0,0,0,141,252,155,13,0,101,225,249,241,59,0,0,0,0,0,0,0,0,0,0,0,0,0,0,0,0,0,0,141,253,253,253,254,253,253,228,51,0,0,0,0,0,0,0,0,0,0,0,0,0,0,0,0,0,0,0,216,252,252,252,253,252,252,178,170,94,57,7,0,0,0,0,0,0,0,0,0,0,0,0,0,0,0,89,253,252,186,243,253,252,214,214,216,252,252,153,38,0,0,0,0,0,0,0,0,0,0,0,0,0,0,213,253,202,6,25,28,28,15,15,16,53,177,252,163,0,0,0,0,0,0,0,0,0,0,0,0,0,0,226,251,75,0,0,0,0,0,0,0,0,38,238,226,0,0,0,0,0,0,0,0,0,0,0,0,0,0,225,225,0,0,0,0,0,0,0,0,0,19,231,225,0,0,0,0,0,0,0,0,0,0,0,0,0,0,225,235,28,0,0,0,0,0,0,0,0,85,252,137,0,0,0,0,0,0,0,0,0,0,0,0,0,0,125,253,133,0,0,0,0,0,0,0,26,210,252,113,0,0,0,0,0,0,0,0,0,0,0,0,0,0,101,254,197,0,0,0,0,0,0,29,166,253,128,0,0,0,0,0,0,0,0,0,0,0,0,0,0,0,0,178,234,63,0,0,0,19,57,216,252,170,9,0,0,0,0,0,0,0,0,0,0,0,0,0,0,0,0,44,224,234,147,85,160,215,252,244,93,13,0,0,0,0,0,0,0,0,0,0,0,0,0,0,0,0,0,0,44,139,240,253,252,252,151,75,0,0,0,0,0,0,0,0,0,0,0,0,0,0,0,0,0,0,0,0,0,0,0,0,0,0,0,0,0,0,0,0,0,0,0,0,0,0,0,0,0,0,0,0,0,0,0,0,0,0,0,0,0,0,0,0,0,0,0,0,0,0,0,0,0,0,0,0,0,0,0,0,0,0,0,0,0,0,0,0,0,0,0,0,0,0,0,0,0,0,0,0,0,0,0,0,0,0,0,0,0,0,0,0,0,0,0,0,0,0,0,0,0,0,0,0,0,0,0,0,0,0
3,0,0,0,0,0,0,0,0,0,0,0,0,0,0,0,0,0,0,0,0,0,0,0,0,0,0,0,0,0,0,0,0,0,0,0,0,0,0,0,0,0,0,0,0,0,0,0,0,0,0,0,0,0,0,0,0,0,0,0,0,0,0,0,0,0,0,0,0,0,0,0,0,0,0,0,0,0,0,0,0,0,0,0,0,0,0,0,0,0,0,0,0,0,0,0,0,0,0,0,0,0,0,0,0,0,0,0,0,0,0,0,0,0,0,0,0,0,0,0,0,128,128,128,128,64,191,128,0,0,0,0,0,0,0,0,0,0,0,0,0,0,0,0,0,0,0,64,191,255,255,255,255,255,255,255,191,0,0,0,0,0,0,0,0,0,0,0,0,0,0,0,0,0,0,255,255,255,255,255,191,255,255,255,255,0,0,0,0,0,0,0,0,0,0,0,0,0,0,0,0,0,64,255,191,255,191,0,0,0,255,255,255,128,0,0,0,0,0,0,0,0,0,0,0,0,0,0,0,0,0,0,128,64,0,0,0,0,128,255,255,128,0,0,0,0,0,0,0,0,0,0,0,0,0,0,0,0,0,0,0,0,0,0,0,0,255,255,255,64,0,0,0,0,0,0,0,0,0,0,0,0,0,0,0,0,0,0,0,0,0,0,64,255,255,255,255,0,0,0,0,0,0,0,0,0,0,0,0,0,0,0,0,0,0,0,0,64,128,255,255,255,255,255,191,0,0,0,0,0,0,0,0,0,0,0,0,0,0,0,0,0,0,0,0,191,255,255,255,255,255,255,255,255,128,64,0,0,0,0,0,0,0,0,0,0,0,0,0,0,0,0,64,255,255,255,255,255,255,255,255,255,255,255,191,64,0,0,0,0,0,0,0,0,0,0,0,0,0,0,128,255,255,255,255,255,255,255,255,255,255,255,255,255,191,0,0,0,0,0,0,0,0,0,0,0,0,0,255,255,255,255,255,255,191,255,255,255,191,191,255,255,255,0,0,0,0,0,0,0,0,0,0,0,0,0,128,64,128,128,64,128,0,64,255,255,64,128,255,255,255,64,0,0,0,0,0,0,0,0,0,0,0,0,0,0,0,0,0,0,0,0,64,128,0,255,255,255,255,128,0,0,0,0,0,0,0,0,0,0,0,0,0,0,0,0,0,0,0,0,0,0,64,255,255,255,255,0,0,0,0,0,0,0,0,0,0,0,0,0,0,0,0,0,0,0,0,0,0,64,191,255,255,191,128,0,0,0,0,0,0,0,0,0,0,0,0,0,0,64,128,128,128,128,128,191,255,255,255,255,255,128,0,0,0,0,0,0,0,0,0,0,0,0,0,0,0,255,255,255,255,255,255,255,255,255,255,255,128,64,0,0,0,0,0,0,0,0,0,0,0,0,0,0,0,128,191,255,255,255,255,191,255,255,191,64,0,0,0,0,0,0,0,0,0,0,0,0,0,0,0,0,0,0,0,0,128,191,255,64,191,64,0,0,0,0,0,0,0,0,0,0,0,0,0,0,0,0,0,0,0,0,0,0,0,0,0,0,0,0,0,0,0,0,0,0,0,0,0,0,0,0,0,0,0,0,0,0,0,0,0,0,0,0,0,0,0,0,0,0,0,0,0,0,0,0,0,0,0,0,0,0,0,0,0,0,0,0,0,0,0,0,0,0,0,0,0,0,0,0,0,0,0,0,0,0,0,0,0,0,0,0,0,0,0,0,0,0,0,0,0,0,0,0,0,0,0,0,0,0,0,0,0,0,0
4,0,0,0,0,0,0,0,0,0,0,0,0,0,0,0,0,0,0,0,0,0,0,0,0,0,0,0,0,0,0,0,0,0,0,0,0,0,0,0,0,0,0,0,0,0,0,0,0,0,0,0,0,0,0,0,0,0,0,0,0,0,0,0,0,0,0,0,0,0,0,0,0,0,0,0,0,0,0,0,0,0,0,0,0,0,0,0,0,0,0,0,0,0,0,0,0,0,0,0,0,0,0,0,0,0,0,0,0,0,0,0,0,0,0,0,0,0,0,0,0,0,0,0,0,0,0,0,0,0,0,0,0,0,0,0,0,0,0,0,0,0,0,0,0,0,0,0,0,0,0,0,0,0,0,0,0,0,0,0,0,45,238,24,0,0,0,0,0,0,0,0,0,0,0,0,0,0,7,17,0,0,0,0,0,0,0,0,7,159,253,24,0,0,0,0,0,0,0,0,0,0,0,0,0,0,73,221,22,0,0,0,0,0,0,0,73,253,253,24,0,0,0,0,0,0,0,0,0,0,0,0,0,64,194,237,29,0,0,0,0,0,0,0,73,253,188,8,0,0,0,0,0,0,0,0,0,0,0,0,0,182,253,189,9,0,0,0,0,0,0,0,102,253,70,0,0,0,0,0,0,0,0,0,0,0,0,0,0,182,253,253,36,0,0,0,0,0,0,47,239,253,36,0,0,0,0,0,0,0,0,0,0,0,0,0,81,240,253,143,7,0,0,0,0,0,0,159,253,225,24,0,0,0,0,0,0,0,0,0,0,0,0,14,202,253,225,30,84,207,218,219,148,37,42,243,253,123,0,0,0,0,0,0,0,0,0,0,0,0,0,37,253,253,180,37,233,253,253,254,253,239,235,253,222,27,0,0,0,0,0,0,0,0,0,0,0,0,0,95,253,253,250,246,253,92,11,11,93,253,253,253,215,81,0,0,0,0,0,0,0,0,0,0,0,0,2,163,254,254,254,245,34,0,0,0,0,95,255,254,254,163,0,0,0,0,0,0,0,0,0,0,0,0,36,253,253,253,200,21,0,0,0,0,0,49,253,247,136,21,0,0,0,0,0,0,0,0,0,0,0,0,71,253,246,188,23,0,0,0,0,0,4,171,253,175,0,0,0,0,0,0,0,0,0,0,0,0,0,0,9,84,68,0,0,0,0,0,0,0,48,253,253,72,0,0,0,0,0,0,0,0,0,0,0,0,0,0,0,0,0,0,0,0,0,0,0,0,145,253,253,72,0,0,0,0,0,0,0,0,0,0,0,0,0,0,0,0,0,0,0,0,0,0,0,0,145,253,216,17,0,0,0,0,0,0,0,0,0,0,0,0,0,0,0,0,0,0,0,0,0,0,0,0,145,253,205,0,0,0,0,0,0,0,0,0,0,0,0,0,0,0,0,0,0,0,0,0,0,0,0,5,187,253,247,62,0,0,0,0,0,0,0,0,0,0,0,0,0,0,0,0,0,0,0,0,0,0,0,13,253,253,253,72,0,0,0,0,0,0,0,0,0,0,0,0,0,0,0,0,0,0,0,0,0,0,0,71,253,253,207,4,0,0,0,0,0,0,0,0,0,0,0,0,0,0,0,0,0,0,0,0,0,0,0,0,0,0,0,0,0,0,0,0,0,0,0,0,0,0,0,0,0,0,0,0,0,0,0,0,0,0,0,0,0,0,0,0,0,0,0,0,0,0,0,0,0,0,0,0,0,0,0,0,0,0,0,0,0,0,0,0,0,0,0,0,0,0,0,0,0,0,0,0,0
4,0,0,0,0,0,0,0,0,0,0,0,0,0,0,0,0,0,0,0,0,0,0,0,0,0,0,0,0,0,0,0,0,0,0,0,0,0,0,0,0,0,0,0,0,0,0,0,0,0,0,0,0,0,0,0,0,0,0,0,0,0,0,0,0,0,0,0,0,0,0,0,0,0,0,0,0,0,0,0,0,0,0,0,0,0,0,0,0,0,0,0,0,0,0,0,0,0,0,0,0,0,0,0,0,0,0,0,0,0,0,0,0,0,0,0,0,0,0,0,0,0,0,0,0,0,0,0,0,0,0,0,0,0,0,0,0,0,0,0,0,0,0,0,0,0,0,0,0,0,3,71,3,0,0,0,0,0,0,0,0,4,209,157,0,0,0,0,0,0,0,0,0,0,0,0,0,0,61,253,126,4,0,0,0,0,0,0,6,148,253,156,0,0,0,0,0,0,0,0,0,0,0,0,0,0,61,253,253,36,0,0,0,0,0,0,61,253,253,139,0,0,0,0,0,0,0,0,0,0,0,0,0,0,61,253,237,29,0,0,0,0,0,0,84,253,237,29,0,0,0,0,0,0,0,0,0,0,0,0,0,0,90,253,139,0,0,0,0,0,0,0,125,253,168,0,0,0,0,0,0,0,0,0,0,0,0,0,0,14,202,253,48,0,0,0,0,0,0,0,182,253,76,0,0,0,0,0,0,0,0,0,0,0,0,0,0,49,253,253,48,0,0,0,0,0,0,0,182,253,48,0,0,0,0,0,0,0,0,0,0,0,0,0,0,153,253,253,48,0,0,0,0,0,0,42,243,253,48,0,0,0,0,0,0,0,0,0,0,0,0,0,0,170,253,187,5,0,0,0,0,0,0,101,253,253,48,0,0,0,0,0,0,0,0,0,0,0,0,0,18,210,253,65,0,0,0,0,0,0,0,170,253,253,48,0,0,0,0,0,0,0,0,0,0,0,0,13,209,255,254,162,133,133,24,71,134,133,117,174,254,254,48,0,0,0,0,0,0,0,0,0,0,0,0,25,253,253,253,253,253,253,253,253,254,253,250,245,253,211,21,0,0,0,0,0,0,0,0,0,0,0,0,25,253,253,253,253,253,253,253,236,218,205,83,170,253,180,0,0,0,0,0,0,0,0,0,0,0,0,0,25,253,253,213,84,84,84,84,44,0,0,7,186,253,157,0,0,0,0,0,0,0,0,0,0,0,0,0,25,253,253,193,0,0,0,0,0,0,0,28,233,253,60,0,0,0,0,0,0,0,0,0,0,0,0,0,6,135,180,80,0,0,0,0,0,0,0,0,170,253,118,0,0,0,0,0,0,0,0,0,0,0,0,0,0,0,0,0,0,0,0,0,0,0,0,0,170,253,101,0,0,0,0,0,0,0,0,0,0,0,0,0,0,0,0,0,0,0,0,0,0,0,0,0,169,253,180,0,0,0,0,0,0,0,0,0,0,0,0,0,0,0,0,0,0,0,0,0,0,0,0,0,169,253,180,0,0,0,0,0,0,0,0,0,0,0,0,0,0,0,0,0,0,0,0,0,0,0,0,0,89,190,95,0,0,0,0,0,0,0,0,0,0,0,0,0,0,0,0,0,0,0,0,0,0,0,0,0,0,0,0,0,0,0,0,0,0,0,0,0,0,0,0,0,0,0,0,0,0,0,0,0,0,0,0,0,0,0,0,0,0,0,0,0,0,0,0,0,0,0,0,0,0,0,0,0,0,0,0,0,0,0,0,0,0,0,0,0,0,0,0,0,0,0
0,0,0,0,0,0,0,0,0,0,0,0,0,0,0,0,0,0,0,0,0,0,0,0,0,0,0,0,0,0,0,0,0,0,0,0,0,0,0,0,0,0,0,0,0,0,0,0,0,0,0,0,0,0,0,0,0,0,0,0,0,0,0,0,0,0,0,0,0,0,0,0,0,0,0,0,0,0,0,0,0,0,0,0,0,0,0,0,0,0,0,0,0,0,0,0,0,0,0,0,0,0,0,0,0,0,0,0,0,0,0,0,0,0,0,0,0,0,0,0,0,0,0,0,0,0,0,0,0,0,0,0,0,0,0,0,0,0,0,0,0,0,0,0,0,0,0,0,0,0,0,0,13,30,0,0,0,0,0,0,0,0,0,0,0,0,0,0,0,0,0,0,0,0,0,0,0,35,155,197,216,240,197,197,45,2,0,0,0,0,0,0,0,0,0,0,0,0,0,0,0,0,0,0,98,225,253,253,253,253,253,253,254,129,17,0,0,0,0,0,0,0,0,0,0,0,0,0,0,0,0,105,249,253,253,214,139,143,253,253,254,253,235,114,21,0,0,0,0,0,0,0,0,0,0,0,0,0,37,237,253,247,95,9,0,11,47,47,200,251,253,253,209,70,0,0,0,0,0,0,0,0,0,0,0,0,191,253,253,112,0,0,0,0,0,0,0,128,253,253,253,247,84,0,0,0,0,0,0,0,0,0,0,0,254,253,188,3,0,0,0,0,0,0,0,2,199,208,186,253,218,27,0,0,0,0,0,0,0,0,0,0,254,253,70,0,0,0,0,0,0,0,0,0,118,214,47,220,253,189,5,0,0,0,0,0,0,0,0,0,254,253,91,0,0,0,0,0,0,0,0,0,104,225,12,78,253,253,141,0,0,0,0,0,0,0,0,0,255,254,209,0,0,0,0,0,0,0,0,0,39,32,0,0,120,254,233,17,0,0,0,0,0,0,0,0,156,253,252,75,0,0,0,0,0,0,0,0,0,0,0,0,41,248,253,162,0,0,0,0,0,0,0,0,39,241,253,187,11,0,0,0,0,0,0,0,0,0,0,0,0,171,253,253,0,0,0,0,0,0,0,0,0,197,253,253,188,42,0,0,0,0,0,0,0,0,0,0,0,178,253,253,0,0,0,0,0,0,0,0,0,10,166,253,253,238,141,51,7,0,0,0,0,0,0,46,172,252,253,130,0,0,0,0,0,0,0,0,0,0,2,75,231,253,253,253,213,207,148,113,117,207,207,244,253,253,191,54,0,0,0,0,0,0,0,0,0,0,0,0,14,117,228,253,253,253,254,253,253,253,253,253,193,78,11,0,0,0,0,0,0,0,0,0,0,0,0,0,0,0,6,100,103,137,197,196,158,103,103,26,3,0,0,0,0,0,0,0,0,0,0,0,0,0,0,0,0,0,0,0,0,0,0,0,0,0,0,0,0,0,0,0,0,0,0,0,0,0,0,0,0,0,0,0,0,0,0,0,0,0,0,0,0,0,0,0,0,0,0,0,0,0,0,0,0,0,0,0,0,0,0,0,0,0,0,0,0,0,0,0,0,0,0,0,0,0,0,0,0,0,0,0,0,0,0,0,0,0,0,0,0,0,0,0,0,0,0,0,0,0,0,0,0,0,0,0,0,0,0,0,0,0,0,0,0,0,0,0,0,0,0,0,0,0,0,0,0,0,0,0,0,0,0,0,0,0,0,0,0,0,0,0,0,0,0,0,0,0,0,0,0,0,0,0,0,0,0,0,0,0,0,0,0,0,0
8,0,0,0,0,0,0,0,0,0,0,0,0,0,0,0,0,0,0,0,0,0,0,0,0,0,0,0,0,0,0,0,0,0,0,0,0,0,0,0,0,0,0,0,0,0,0,0,0,0,0,0,0,0,0,0,0,0,0,0,0,0,0,0,0,0,0,0,0,0,0,0,0,0,0,0,0,0,0,0,0,0,0,0,0,0,0,0,0,0,0,0,0,0,0,0,0,0,0,0,0,0,0,0,0,0,0,0,0,0,0,0,0,0,0,0,0,0,0,0,0,0,0,0,0,0,0,0,0,0,0,0,0,0,0,0,0,0,0,0,0,0,0,0,0,0,0,0,0,0,0,0,0,0,0,0,0,0,0,0,0,0,0,0,0,0,0,0,0,0,0,0,0,0,0,0,0,0,0,21,113,193,173,253,254,151,21,0,0,0,0,0,0,0,0,0,0,0,0,0,0,0,0,0,0,0,0,142,253,252,253,252,253,232,183,203,203,40,0,0,0,0,0,0,0,0,0,0,0,0,0,0,0,0,52,233,254,253,123,183,254,253,254,253,254,253,123,0,0,0,0,0,0,0,0,0,0,0,0,0,0,0,152,252,253,171,0,20,112,192,253,252,253,252,162,0,0,0,0,0,0,0,0,0,0,0,0,0,0,0,132,253,254,253,0,0,0,62,254,253,254,233,82,0,0,0,0,0,0,0,0,0,0,0,0,0,0,0,10,172,253,252,142,20,0,183,253,252,151,50,0,0,0,0,0,0,0,0,0,0,0,0,0,0,0,0,0,41,254,253,254,91,132,253,244,81,0,0,0,0,0,0,0,0,0,0,0,0,0,0,0,0,0,0,0,0,172,252,253,252,253,252,81,0,0,0,0,0,0,0,0,0,0,0,0,0,0,0,0,0,0,0,0,0,72,253,254,253,203,61,0,0,0,0,0,0,0,0,0,0,0,0,0,0,0,0,0,0,0,0,0,0,193,252,253,252,102,0,0,0,0,0,0,0,0,0,0,0,0,0,0,0,0,0,0,0,0,0,51,233,254,253,254,253,214,10,0,0,0,0,0,0,0,0,0,0,0,0,0,0,0,0,0,0,0,0,152,252,253,171,112,232,253,91,0,0,0,0,0,0,0,0,0,0,0,0,0,0,0,0,0,0,0,82,254,253,183,0,0,203,254,151,0,0,0,0,0,0,0,0,0,0,0,0,0,0,0,0,0,0,0,203,253,212,20,0,0,203,253,192,0,0,0,0,0,0,0,0,0,0,0,0,0,0,0,0,0,0,0,142,254,213,0,0,0,102,254,253,62,0,0,0,0,0,0,0,0,0,0,0,0,0,0,0,0,0,0,61,253,252,41,0,0,102,253,252,102,0,0,0,0,0,0,0,0,0,0,0,0,0,0,0,0,0,0,41,234,253,173,10,0,163,234,233,0,0,0,0,0,0,0,0,0,0,0,0,0,0,0,0,0,0,0,0,71,252,253,212,163,243,233,111,0,0,0,0,0,0,0,0,0,0,0,0,0,0,0,0,0,0,0,0,21,142,255,253,255,253,82,0,0,0,0,0,0,0,0,0,0,0,0,0,0,0,0,0,0,0,0,0,0,0,71,151,253,130,0,0,0,0,0,0,0,0,0,0,0,0,0,0,0,0,0,0,0,0,0,0,0,0,0,0,0,0,0,0,0,0,0,0,0,0,0,0,0,0,0,0,0,0,0,0,0,0,0,0,0,0,0,0,0,0,0,0,0,0,0,0,0,0,0,0,0,0,0
8,0,0,0,0,0,0,0,0,0,0,0,0,0,0,0,0,0,0,0,0,0,0,0,0,0,0,0,0,0,0,0,0,0,0,0,0,0,0,0,0,0,0,0,0,0,0,0,0,0,0,0,0,0,0,0,0,0,0,0,0,0,0,0,0,0,0,0,0,0,0,0,0,0,0,0,0,0,0,0,0,0,0,0,0,0,0,0,0,0,0,0,0,0,0,0,0,0,0,0,0,0,0,0,0,0,0,0,0,0,0,0,0,0,0,0,0,0,0,0,0,0,0,13,127,238,254,255,139,13,0,0,0,0,0,0,0,0,0,0,0,0,0,0,0,0,0,0,0,0,43,217,254,235,94,163,252,193,11,0,0,0,0,0,0,0,0,0,0,0,0,0,0,0,0,0,15,158,236,207,93,15,0,0,125,252,123,2,0,0,0,0,0,0,0,0,0,0,0,0,0,0,0,5,211,254,197,16,0,0,0,0,0,216,254,25,0,0,0,0,0,0,0,0,0,0,0,0,0,0,0,20,254,231,17,0,0,0,0,0,0,72,251,30,43,105,5,0,0,0,0,0,0,0,0,0,0,0,0,88,254,214,7,0,0,0,0,0,0,0,198,213,254,247,39,0,0,0,0,0,0,0,0,0,0,0,0,7,222,254,139,7,0,0,0,0,6,147,247,254,205,47,0,0,0,0,0,0,0,0,0,0,0,0,0,0,45,223,254,166,8,0,0,7,159,254,235,97,5,0,0,0,0,0,0,0,0,0,0,0,0,0,0,0,0,71,212,254,204,67,53,186,254,203,32,0,0,0,0,0,0,0,0,0,0,0,0,0,0,0,0,0,0,0,28,193,245,254,254,254,215,17,0,0,0,0,0,0,0,0,0,0,0,0,0,0,0,0,0,0,0,0,0,0,82,245,254,254,172,6,0,0,0,0,0,0,0,0,0,0,0,0,0,0,0,0,0,0,0,0,0,0,90,247,229,229,254,204,32,0,0,0,0,0,0,0,0,0,0,0,0,0,0,0,0,0,0,0,0,7,212,246,47,32,198,254,216,32,0,0,0,0,0,0,0,0,0,0,0,0,0,0,0,0,0,0,0,150,254,150,0,0,6,159,254,217,31,0,0,0,0,0,0,0,0,0,0,0,0,0,0,0,0,0,0,196,234,21,0,0,0,6,187,254,195,4,0,0,0,0,0,0,0,0,0,0,0,0,0,0,0,0,0,196,220,0,0,0,0,0,5,209,254,115,0,0,0,0,0,0,0,0,0,0,0,0,0,0,0,0,0,145,241,81,0,0,0,0,0,30,241,226,8,0,0,0,0,0,0,0,0,0,0,0,0,0,0,0,0,52,213,236,118,13,0,0,0,64,246,233,9,0,0,0,0,0,0,0,0,0,0,0,0,0,0,0,0,0,81,238,254,247,175,163,209,250,254,129,0,0,0,0,0,0,0,0,0,0,0,0,0,0,0,0,0,0,0,43,101,170,214,254,254,206,72,2,0,0,0,0,0,0,0,0,0,0,0,0,0,0,0,0,0,0,0,0,0,0,0,0,0,0,0,0,0,0,0,0,0,0,0,0,0,0,0,0,0,0,0,0,0,0,0,0,0,0,0,0,0,0,0,0,0,0,0,0,0,0,0,0,0,0,0,0,0,0,0,0,0,0,0,0,0,0,0,0,0,0,0,0,0,0,0,0,0,0,0,0,0,0,0,0,0,0,0,0,0,0,0,0,0,0,0,0,0,0,0,0,0,0,0,0,0,0,0
3,0,0,0,0,0,0,0,0,0,0,0,0,0,0,0,0,0,0,0,0,0,0,0,0,0,0,0,0,0,0,0,0,0,0,0,0,0,0,0,0,0,0,0,0,0,0,0,0,0,0,0,0,0,0,0,0,0,0,0,0,0,0,0,0,0,0,0,0,0,0,0,0,0,0,0,0,0,0,0,0,0,0,0,0,0,0,0,0,0,0,0,0,0,0,0,0,0,0,0,0,0,0,0,0,0,0,0,0,0,0,0,0,0,0,0,0,0,0,0,0,0,0,0,99,105,192,255,253,253,182,12,0,0,0,0,0,0,0,0,0,0,0,0,0,0,0,0,0,53,78,208,249,252,252,253,252,252,252,64,0,0,0,0,0,0,0,0,0,0,0,0,0,0,39,164,164,242,252,244,148,237,148,89,88,194,252,225,48,0,0,0,0,0,0,0,0,0,0,0,0,0,130,252,252,146,132,63,0,0,0,0,0,164,252,252,74,0,0,0,0,0,0,0,0,0,0,0,0,0,208,207,146,4,0,0,0,0,0,31,110,242,252,229,52,0,0,0,0,0,0,0,0,0,0,0,0,0,103,199,55,0,0,0,0,6,30,210,252,252,252,159,0,0,0,0,0,0,0,0,0,0,0,0,0,0,28,118,63,0,0,0,0,45,252,253,252,164,118,14,0,0,0,0,0,0,0,0,0,0,0,0,0,0,0,0,0,0,0,0,85,119,252,216,128,5,0,0,0,0,0,0,0,0,0,0,0,0,0,0,0,0,0,0,0,0,6,125,248,252,252,80,8,0,0,0,0,0,0,0,0,0,0,0,0,0,0,0,0,0,0,0,0,0,119,252,252,252,252,253,166,53,0,0,0,0,0,0,0,0,0,0,0,0,0,0,0,0,0,0,0,0,18,149,186,253,253,255,253,253,182,12,0,0,0,0,0,0,0,0,0,0,0,0,0,0,0,0,0,0,0,0,16,44,44,193,241,252,252,169,53,0,0,0,0,0,0,0,0,0,0,0,0,0,0,0,0,0,0,0,0,0,0,0,73,194,252,252,223,7,0,0,0,0,0,0,0,0,0,0,0,0,0,0,0,0,0,0,0,0,0,0,0,87,189,252,252,181,7,0,0,0,0,0,0,0,0,0,0,0,0,0,0,0,0,0,0,0,0,0,0,0,14,182,252,252,145,0,0,0,0,0,0,0,0,0,0,0,0,0,0,0,0,0,0,0,0,0,0,0,0,22,200,252,173,7,0,0,0,0,0,0,0,0,0,0,0,0,0,0,0,0,0,0,0,0,0,0,0,40,217,252,252,59,0,0,0,0,0,0,0,0,0,0,22,99,167,133,150,238,238,238,238,240,238,238,238,242,252,252,167,4,0,0,0,0,0,0,0,0,0,0,60,252,252,252,252,252,252,252,252,253,252,252,252,252,252,252,136,0,0,0,0,0,0,0,0,0,0,0,25,103,103,103,103,103,103,103,103,104,226,154,103,103,103,103,6,0,0,0,0,0,0,0,0,0,0,0,0,0,0,0,0,0,0,0,0,0,0,0,0,0,0,0,0,0,0,0,0,0,0,0,0,0,0,0,0,0,0,0,0,0,0,0,0,0,0,0,0,0,0,0,0,0,0,0,0,0,0,0,0,0,0,0,0,0,0,0,0,0,0,0,0,0,0,0,0,0,0,0,0,0,0,0,0,0,0,0,0,0,0,0,0,0,0,0,0,0,0,0,0,0,0,0,0,0,0,0,0,0,0,0,0,0,0
3,0,0,0,0,0,0,0,0,0,0,0,0,0,0,0,0,0,0,0,0,0,0,0,0,0,0,0,0,0,0,0,0,0,0,0,0,0,0,0,0,0,0,0,0,0,0,0,0,0,0,0,0,0,0,0,0,0,0,0,0,0,0,0,0,0,0,0,0,0,0,0,0,0,0,0,0,0,0,0,0,0,0,0,0,0,0,0,0,0,0,0,0,0,0,0,0,0,0,0,0,0,0,0,0,0,0,0,0,0,0,0,0,0,0,0,0,0,0,0,0,0,64,145,229,254,203,114,0,0,0,0,0,0,0,0,0,0,0,0,0,0,0,0,0,0,0,0,0,130,251,253,253,254,253,251,163,0,0,0,0,0,0,0,0,0,0,0,0,0,0,0,0,0,0,0,17,254,253,251,162,138,54,131,253,125,3,0,0,0,0,0,0,0,0,0,0,0,0,0,0,0,0,0,184,254,253,128,0,0,0,7,203,254,90,0,0,0,0,0,0,0,0,0,0,0,0,0,0,0,0,0,160,254,56,0,0,0,0,49,254,254,207,0,0,0,0,0,0,0,0,0,0,0,0,0,0,0,0,0,9,115,11,0,0,0,76,224,253,254,139,0,0,0,0,0,0,0,0,0,0,0,0,0,0,0,0,0,0,0,0,0,17,174,232,253,253,228,15,0,0,0,0,0,0,0,0,0,0,0,0,0,0,0,0,0,0,0,17,168,234,254,253,253,253,254,173,17,0,0,0,0,0,0,0,0,0,0,0,0,0,0,0,0,0,0,47,254,254,254,228,222,184,204,254,197,0,0,0,0,0,0,0,0,0,0,0,0,0,0,0,0,0,0,5,140,206,182,23,13,0,7,99,242,105,0,0,0,0,0,0,0,0,0,0,0,0,0,0,0,0,0,0,0,0,0,0,0,0,0,9,173,253,0,0,0,0,0,0,0,0,0,0,0,0,0,0,0,0,0,0,0,0,0,0,0,0,0,0,49,253,102,0,0,0,0,0,0,0,0,0,0,0,0,0,0,0,0,0,0,0,0,0,0,0,0,0,24,254,229,15,0,0,0,0,0,0,0,0,0,0,0,0,5,13,0,0,0,0,0,0,0,0,0,0,74,253,254,23,0,0,0,0,0,0,0,0,0,0,0,0,99,220,51,0,0,0,0,0,0,0,0,22,212,253,222,13,0,0,0,0,0,0,0,0,0,0,0,0,82,253,235,84,0,0,0,0,0,0,26,155,253,253,151,0,0,0,0,0,0,0,0,0,0,0,0,0,9,127,255,254,136,45,0,0,7,104,221,254,254,228,34,0,0,0,0,0,0,0,0,0,0,0,0,0,0,0,82,224,253,245,231,230,232,253,254,253,240,40,0,0,0,0,0,0,0,0,0,0,0,0,0,0,0,0,0,25,129,246,254,253,253,253,247,213,92,0,0,0,0,0,0,0,0,0,0,0,0,0,0,0,0,0,0,0,0,50,128,160,194,128,50,0,0,0,0,0,0,0,0,0,0,0,0,0,0,0,0,0,0,0,0,0,0,0,0,0,0,0,0,0,0,0,0,0,0,0,0,0,0,0,0,0,0,0,0,0,0,0,0,0,0,0,0,0,0,0,0,0,0,0,0,0,0,0,0,0,0,0,0,0,0,0,0,0,0,0,0,0,0,0,0,0,0,0,0,0,0,0,0,0,0,0,0,0,0,0,0,0,0,0,0,0,0,0,0,0,0,0,0,0,0,0,0,0,0,0,0,0,0,0,0,0,0,0
1,0,0,0,0,0,0,0,0,0,0,0,0,0,0,0,0,0,0,0,0,0,0,0,0,0,0,0,0,0,0,0,0,0,0,0,0,0,0,0,0,0,0,0,0,0,0,0,0,0,0,0,0,0,0,0,0,0,0,0,0,0,0,0,0,0,0,0,0,0,0,0,0,0,0,0,0,0,0,0,0,0,0,0,0,0,0,0,0,0,0,0,0,0,0,0,0,0,0,0,0,0,0,0,0,0,0,0,0,0,0,0,0,0,0,0,0,0,0,0,0,0,0,0,0,0,0,0,0,0,0,0,0,0,0,0,0,0,0,0,0,0,0,0,0,0,0,0,0,0,0,0,0,0,30,189,26,0,0,0,0,0,0,0,0,0,0,0,0,0,0,0,0,0,0,0,0,0,0,0,0,0,130,243,55,0,0,0,0,0,0,0,0,0,0,0,0,0,0,0,0,0,0,0,0,0,0,0,0,0,139,254,161,0,0,0,0,0,0,0,0,0,0,0,0,0,0,0,0,0,0,0,0,0,0,0,0,0,139,254,161,0,0,0,0,0,0,0,0,0,0,0,0,0,0,0,0,0,0,0,0,0,0,0,0,0,139,254,69,0,0,0,0,0,0,0,0,0,0,0,0,0,0,0,0,0,0,0,0,0,0,0,0,0,139,254,69,0,0,0,0,0,0,0,0,0,0,0,0,0,0,0,0,0,0,0,0,0,0,0,0,0,139,245,44,0,0,0,0,0,0,0,0,0,0,0,0,0,0,0,0,0,0,0,0,0,0,0,0,0,172,245,44,0,0,0,0,0,0,0,0,0,0,0,0,0,0,0,0,0,0,0,0,0,0,0,0,0,198,231,0,0,0,0,0,0,0,0,0,0,0,0,0,0,0,0,0,0,0,0,0,0,0,0,0,0,231,230,0,0,0,0,0,0,0,0,0,0,0,0,0,0,0,0,0,0,0,0,0,0,0,0,0,0,231,188,0,0,0,0,0,0,0,0,0,0,0,0,0,0,0,0,0,0,0,0,0,0,0,0,0,0,231,138,0,0,0,0,0,0,0,0,0,0,0,0,0,0,0,0,0,0,0,0,0,0,0,0,0,0,232,206,0,0,0,0,0,0,0,0,0,0,0,0,0,0,0,0,0,0,0,0,0,0,0,0,0,0,231,138,0,0,0,0,0,0,0,0,0,0,0,0,0,0,0,0,0,0,0,0,0,0,0,0,0,0,231,138,0,0,0,0,0,0,0,0,0,0,0,0,0,0,0,0,0,0,0,0,0,0,0,0,0,0,231,138,0,0,0,0,0,0,0,0,0,0,0,0,0,0,0,0,0,0,0,0,0,0,0,0,0,70,255,138,0,0,0,0,0,0,0,0,0,0,0,0,0,0,0,0,0,0,0,0,0,0,0,0,0,70,254,122,0,0,0,0,0,0,0,0,0,0,0,0,0,0,0,0,0,0,0,0,0,0,0,0,0,145,207,9,0,0,0,0,0,0,0,0,0,0,0,0,0,0,0,0,0,0,0,0,0,0,0,0,0,162,115,0,0,0,0,0,0,0,0,0,0,0,0,0,0,0,0,0,0,0,0,0,0,0,0,0,0,0,0,0,0,0,0,0,0,0,0,0,0,0,0,0,0,0,0,0,0,0,0,0,0,0,0,0,0,0,0,0,0,0,0,0,0,0,0,0,0,0,0,0,0,0,0,0,0,0,0,0,0,0,0,0,0,0,0,0,0,0,0,0,0,0,0,0,0,0,0,0,0
7,0,0,0,0,0,0,0,0,0,0,0,0,0,0,0,0,0,0,0,0,0,0,0,0,0,0,0,0,0,0,0,0,0,0,0,0,0,0,0,0,0,0,0,0,0,0,0,0,0,0,0,0,0,0,0,0,0,0,0,0,0,0,0,0,0,0,0,0,0,0,0,0,0,0,0,0,0,0,0,0,0,0,0,0,0,0,0,0,0,0,0,0,0,0,0,0,0,0,0,0,0,0,0,0,0,0,0,0,0,0,0,0,0,0,0,0,0,0,0,0,0,0,0,0,0,0,0,0,0,0,0,0,0,0,0,0,0,0,0,0,0,0,0,0,0,0,0,0,0,0,0,0,0,0,0,0,0,0,0,0,0,0,0,0,0,0,0,0,0,0,0,0,0,0,0,0,0,0,0,0,0,0,0,0,86,197,141,139,85,28,0,0,0,0,0,0,0,0,0,0,0,114,169,168,169,168,169,168,169,168,169,168,253,251,253,251,253,83,0,0,0,0,0,0,0,0,0,0,255,253,254,253,254,253,254,253,254,253,254,253,254,253,254,253,254,139,0,0,0,0,0,0,0,0,0,0,253,251,253,138,139,138,253,251,253,251,253,138,84,83,139,251,253,138,0,0,0,0,0,0,0,0,0,0,255,253,226,56,0,0,0,0,0,0,0,0,0,0,141,253,254,84,0,0,0,0,0,0,0,0,0,0,139,251,168,0,0,0,0,0,0,0,0,0,0,114,253,251,253,83,0,0,0,0,0,0,0,0,0,0,86,253,198,28,0,0,0,0,0,0,0,0,0,169,254,253,169,0,0,0,0,0,0,0,0,0,0,0,28,196,253,83,0,0,0,0,0,0,0,0,57,224,253,251,56,0,0,0,0,0,0,0,0,0,0,0,0,114,114,0,0,0,0,0,0,0,0,0,254,253,254,84,0,0,0,0,0,0,0,0,0,0,0,0,0,0,0,0,0,0,0,0,0,0,0,114,253,251,253,83,0,0,0,0,0,0,0,0,0,0,0,0,0,0,0,0,0,0,0,0,0,0,0,169,254,253,254,84,0,0,0,0,0,0,0,0,0,0,0,0,0,0,0,0,0,0,0,114,169,168,169,224,253,251,253,196,169,168,0,0,0,0,0,0,0,0,0,0,0,0,0,169,254,253,254,253,254,253,254,253,254,253,254,253,254,253,254,84,0,0,0,0,0,0,0,0,0,0,0,168,253,251,253,251,253,251,253,251,253,251,253,251,253,251,253,196,0,0,0,0,0,0,0,0,0,0,0,114,198,253,169,225,254,253,254,253,226,168,169,56,57,56,57,168,0,0,0,0,0,0,0,0,0,0,0,0,28,83,0,56,139,251,253,251,56,0,0,0,0,0,0,0,0,0,0,0,0,0,0,0,0,0,0,0,0,0,0,0,141,253,254,84,0,0,0,0,0,0,0,0,0,0,0,0,0,0,0,0,0,0,0,0,0,0,0,0,253,251,253,83,0,0,0,0,0,0,0,0,0,0,0,0,0,0,0,0,0,0,0,0,0,0,0,169,254,253,169,0,0,0,0,0,0,0,0,0,0,0,0,0,0,0,0,0,0,0,0,0,0,0,0,168,253,251,56,0,0,0,0,0,0,0,0,0,0,0,0,0,0,0,0,0,0,0,0,0,0,0,0,0,0,0,0,0,0,0,0,0,0,0,0,0,0,0,0,0,0,0,0,0,0,0,0,0,0,0,0,0,0,0,0,0,0,0,0,0,0,0,0,0,0,0,0,0
3,0,0,0,0,0,0,0,0,0,0,0,0,0,0,0,0,0,0,0,0,0,0,0,0,0,0,0,0,0,0,0,0,0,0,0,0,0,0,0,0,0,0,0,0,0,0,0,0,0,0,0,0,0,0,0,0,0,0,0,0,0,0,0,0,0,0,0,0,0,0,0,0,0,0,0,0,0,0,0,0,0,0,0,0,0,0,0,0,0,0,0,0,0,0,0,0,0,0,0,0,0,0,0,0,0,0,0,0,0,0,0,0,0,0,0,0,0,0,0,0,0,0,0,0,0,0,0,0,0,0,0,0,0,0,0,0,0,0,0,0,0,0,0,0,0,0,0,0,0,51,159,253,253,174,63,0,0,0,0,0,0,0,0,0,0,0,0,0,0,0,0,0,0,0,0,0,0,238,252,252,252,252,241,225,193,76,0,0,0,0,0,0,0,0,0,0,0,0,0,0,0,0,0,0,0,253,252,252,252,252,253,252,252,246,197,32,0,0,0,0,0,0,0,0,0,0,0,0,0,0,0,0,0,84,84,84,84,84,84,209,246,252,252,140,0,0,0,0,0,0,0,0,0,0,0,0,0,0,0,0,0,0,0,0,0,0,0,0,197,252,252,140,0,0,0,0,0,0,0,0,0,0,0,0,0,0,0,0,0,0,0,0,0,0,51,159,253,253,253,79,0,0,0,0,0,0,0,0,0,0,0,0,0,0,0,0,0,0,0,0,0,48,238,252,252,252,204,0,0,0,0,0,0,0,0,0,0,0,0,0,0,0,0,0,0,0,0,0,0,140,253,252,239,102,25,0,0,0,0,0,0,0,0,0,0,0,0,0,0,0,0,0,0,0,0,0,0,140,253,252,233,56,0,0,0,0,0,0,0,0,0,0,0,0,0,0,0,0,0,0,0,0,0,0,0,63,253,252,252,161,0,0,0,0,0,0,0,0,0,0,0,0,0,0,0,0,0,0,0,0,0,0,0,0,63,178,253,253,174,0,0,0,0,0,0,0,0,0,0,0,0,0,0,0,0,0,0,0,0,0,0,0,0,57,186,252,252,163,9,0,0,0,0,0,0,0,0,0,0,0,0,0,0,0,0,0,0,0,0,0,0,0,13,187,252,253,27,0,0,0,0,0,0,0,0,0,0,0,0,0,0,0,0,0,0,0,0,0,0,0,0,169,252,253,27,0,0,0,0,0,0,0,0,0,0,0,0,0,0,0,0,0,0,0,0,0,0,0,111,215,252,253,27,0,0,0,0,0,0,0,0,0,0,0,0,0,0,0,0,0,0,26,113,113,255,253,253,253,253,79,0,0,0,0,0,0,0,0,0,0,0,0,0,0,0,0,48,147,225,231,252,252,253,252,252,242,167,0,0,0,0,0,0,0,0,0,0,0,0,0,0,0,0,132,227,253,252,252,252,252,196,195,164,49,0,0,0,0,0,0,0,0,0,0,0,0,0,0,0,0,0,169,252,253,242,223,129,84,0,0,0,0,0,0,0,0,0,0,0,0,0,0,0,0,0,0,0,0,0,169,252,112,74,0,0,0,0,0,0,0,0,0,0,0,0,0,0,0,0,0,0,0,0,0,0,0,0,0,0,0,0,0,0,0,0,0,0,0,0,0,0,0,0,0,0,0,0,0,0,0,0,0,0,0,0,0,0,0,0,0,0,0,0,0,0,0,0,0,0,0,0,0,0,0,0,0,0,0,0,0,0,0,0,0,0,0,0,0,0,0,0,0,0,0,0,0,0,0,0,0,0,0,0,0
5,0,0,0,0,0,0,0,0,0,0,0,0,0,0,0,0,0,0,0,0,0,0,0,0,0,0,0,0,0,0,0,0,0,0,0,0,0,0,0,0,0,0,0,0,0,0,0,0,0,0,0,0,0,0,0,0,0,0,0,0,0,0,0,0,0,0,0,0,0,0,0,0,0,0,0,0,0,0,0,0,0,0,0,0,0,0,0,0,0,0,0,0,0,0,0,0,0,0,0,0,0,0,0,0,0,0,0,0,0,0,0,0,0,0,0,0,0,0,0,0,0,0,0,0,0,0,0,21,82,152,152,152,152,152,152,102,0,0,0,0,0,0,0,0,0,0,0,0,0,0,0,0,0,0,82,223,243,253,252,253,252,253,252,102,0,0,0,0,0,0,0,0,0,0,0,0,163,123,0,0,62,254,253,254,253,254,253,254,253,203,203,41,0,0,0,0,0,0,0,0,0,0,0,82,243,203,0,21,203,253,252,233,232,192,111,71,70,0,0,0,0,0,0,0,0,0,0,0,0,0,0,214,253,142,0,51,172,82,0,0,0,0,0,0,0,0,0,0,0,0,0,0,0,0,0,0,0,0,41,253,252,102,0,10,10,0,0,0,0,0,0,0,0,0,0,0,0,0,0,0,0,0,0,0,0,0,102,254,253,123,0,0,0,0,0,0,0,0,0,0,0,0,0,0,0,0,0,0,0,0,0,0,0,0,20,253,252,243,203,203,203,102,61,0,0,0,0,0,0,0,0,0,0,0,0,0,0,0,0,0,0,0,0,234,253,254,253,254,253,254,253,254,213,31,31,0,0,0,0,0,0,0,0,0,0,0,0,0,0,0,0,112,252,253,252,253,252,253,252,253,252,233,192,0,0,0,0,0,0,0,0,0,0,0,0,0,0,0,0,0,0,102,142,234,253,214,253,254,253,254,253,234,30,0,0,0,0,0,0,0,0,0,0,0,0,0,0,0,0,0,0,30,50,10,131,172,252,253,252,253,212,0,0,0,0,0,0,0,0,0,0,0,0,0,0,11,10,0,0,0,0,0,0,0,0,62,203,254,253,0,0,0,0,0,0,0,0,0,0,0,0,0,0,51,50,0,0,0,0,0,0,0,0,0,20,253,252,0,0,0,0,0,0,0,0,0,0,0,0,0,0,92,213,62,0,0,0,0,0,0,0,11,132,254,253,0,0,0,0,0,0,0,0,0,0,0,0,0,0,31,232,223,162,41,0,0,0,0,41,173,252,253,252,0,0,0,0,0,0,0,0,0,0,0,0,0,0,0,203,255,253,234,152,153,152,173,253,254,253,254,91,0,0,0,0,0,0,0,0,0,0,0,0,0,0,0,81,253,252,253,252,253,252,253,252,253,252,91,10,0,0,0,0,0,0,0,0,0,0,0,0,0,0,0,0,102,203,254,253,254,253,254,253,244,162,0,0,0,0,0,0,0,0,0,0,0,0,0,0,0,0,0,0,0,20,112,70,253,171,192,151,40,0,0,0,0,0,0,0,0,0,0,0,0,0,0,0,0,0,0,0,0,0,0,0,0,0,0,0,0,0,0,0,0,0,0,0,0,0,0,0,0,0,0,0,0,0,0,0,0,0,0,0,0,0,0,0,0,0,0,0,0,0,0,0,0,0,0,0,0,0,0,0,0,0,0,0,0,0,0,0,0,0,0,0,0,0,0,0,0,0,0,0,0,0,0,0,0,0,0,0,0,0,0,0,0,0,0,0,0,0,0,0,0,0,0,0,0,0,0,0,0,0,0
9,0,0,0,0,0,0,0,0,0,0,0,0,0,0,0,0,0,0,0,0,0,0,0,0,0,0,0,0,0,0,0,0,0,0,0,0,0,0,0,0,0,0,0,0,0,0,0,0,0,0,0,0,0,0,0,0,0,0,0,0,0,0,0,0,0,0,0,0,0,0,0,0,0,0,0,0,0,0,0,0,0,0,0,0,0,0,0,0,0,0,0,0,0,0,0,0,0,0,0,0,0,0,0,0,0,0,0,0,0,0,0,0,0,0,0,0,0,0,0,0,0,0,0,0,0,0,0,0,0,0,0,0,0,0,0,0,0,0,0,0,0,0,0,0,0,0,0,0,0,0,0,0,0,0,0,0,0,0,0,0,0,0,0,0,0,0,0,0,0,0,0,0,0,0,0,0,0,0,0,34,102,102,148,147,102,12,0,0,0,0,0,0,0,0,0,0,0,0,0,0,0,0,0,0,0,8,131,219,254,254,254,254,254,165,16,0,0,0,0,0,0,0,0,0,0,0,0,0,0,0,0,0,0,128,254,254,254,178,108,210,254,254,174,0,0,0,0,0,0,0,0,0,0,0,0,0,0,0,0,0,242,253,254,223,48,3,0,5,7,226,239,0,118,248,182,17,0,0,0,0,0,0,0,0,0,0,0,23,249,254,233,49,0,0,0,0,0,54,93,194,246,254,238,39,0,0,0,0,0,0,0,0,0,0,0,147,254,233,52,0,0,0,0,0,0,39,217,254,254,254,146,0,0,0,0,0,0,0,0,0,0,0,45,249,254,216,0,0,0,0,0,0,0,216,254,254,234,164,9,0,0,0,0,0,0,0,0,0,0,0,47,254,254,216,0,0,0,0,0,22,107,247,254,254,173,0,0,0,0,0,0,0,0,0,0,0,0,0,23,199,254,236,132,8,0,0,121,218,254,254,246,123,18,0,0,0,0,0,0,0,0,0,0,0,0,0,0,13,249,254,254,234,233,233,253,254,254,233,166,0,0,0,0,0,0,0,0,0,0,0,0,0,0,0,0,0,131,235,254,254,254,254,254,254,254,76,0,0,0,0,0,0,0,0,0,0,0,0,0,0,0,0,0,0,0,20,130,130,221,254,254,254,194,16,0,0,0,0,0,0,0,0,0,0,0,0,0,0,0,0,0,0,0,0,0,24,205,254,254,97,16,0,0,0,0,0,0,0,0,0,0,0,0,0,0,0,0,0,0,0,0,0,0,86,254,254,250,72,0,0,0,0,0,0,0,0,0,0,0,0,0,0,0,0,0,0,0,0,0,0,0,86,254,254,177,0,0,0,0,0,0,0,0,0,0,0,0,0,0,0,0,0,0,0,0,0,0,0,35,221,254,222,40,0,0,0,0,0,0,0,0,0,0,0,0,0,0,0,0,0,0,0,0,0,0,0,139,254,254,123,0,0,0,0,0,0,0,0,0,0,0,0,0,0,0,0,0,0,0,0,0,0,0,0,139,254,254,123,0,0,0,0,0,0,0,0,0,0,0,0,0,0,0,0,0,0,0,0,0,0,0,0,25,243,254,231,209,190,0,0,0,0,0,0,0,0,0,0,0,0,0,0,0,0,0,0,0,0,0,0,0,146,254,255,254,136,0,0,0,0,0,0,0,0,0,0,0,0,0,0,0,0,0,0,0,0,0,0,0,0,0,0,0,0,0,0,0,0,0,0,0,0,0,0,0,0,0,0,0,0,0,0,0,0,0,0,0,0,0,0,0,0,0,0,0,0,0,0,0,0,0,0,0,0
6,0,0,0,0,0,0,0,0,0,0,0,0,0,0,0,0,0,0,0,0,0,0,0,0,0,0,0,0,0,0,0,0,0,0,0,0,0,0,0,0,0,0,0,0,0,0,0,0,0,0,0,0,0,0,0,0,0,0,0,0,0,0,0,0,0,0,0,0,0,0,5,134,158,29,0,0,0,0,0,0,0,0,0,0,0,0,0,0,0,0,0,0,0,0,0,0,0,0,187,254,254,167,0,0,0,0,0,0,0,0,0,0,0,0,0,0,0,0,0,0,0,0,0,0,4,47,225,249,236,46,0,0,0,0,0,0,0,0,0,0,0,0,0,0,0,0,0,0,0,0,0,0,50,254,254,186,0,0,0,0,0,0,0,0,0,0,0,0,0,0,0,0,0,0,0,0,0,0,0,0,50,254,254,170,0,0,0,0,0,0,0,0,0,0,0,0,0,0,0,0,0,0,0,0,0,0,0,7,141,254,254,62,0,0,0,0,0,0,0,0,0,0,0,0,0,0,0,0,0,0,0,0,0,0,0,127,254,254,192,21,0,0,0,0,0,0,0,0,0,0,0,0,0,0,0,0,0,0,0,0,0,0,0,168,254,254,68,0,0,0,0,0,0,0,0,0,0,0,0,0,0,0,0,0,0,0,0,0,0,0,9,187,243,110,20,0,0,0,0,0,0,0,0,0,0,0,0,0,0,0,0,0,0,0,0,0,0,0,38,254,241,146,0,0,0,0,0,0,0,0,0,0,0,0,0,0,0,0,0,0,0,0,0,0,0,0,132,254,217,48,0,0,0,0,0,0,0,0,0,0,0,0,0,0,0,0,0,0,0,0,0,0,0,0,162,254,219,75,75,136,75,15,0,0,0,0,0,0,0,0,0,0,0,0,0,0,0,0,0,0,0,0,162,254,254,254,254,254,254,215,75,0,0,0,0,0,0,0,0,0,0,0,0,0,0,0,0,0,0,11,194,254,254,254,254,254,254,254,240,166,11,0,0,0,0,0,0,0,0,0,0,0,0,0,0,0,0,32,254,254,254,100,37,70,188,254,254,254,30,0,0,0,0,0,0,0,0,0,0,0,0,0,0,0,0,32,254,254,254,74,0,27,206,254,254,254,30,0,0,0,0,0,0,0,0,0,0,0,0,0,0,0,0,32,254,254,255,126,0,121,254,254,254,118,3,0,0,0,0,0,0,0,0,0,0,0,0,0,0,0,0,18,214,254,254,251,237,250,254,254,119,3,0,0,0,0,0,0,0,0,0,0,0,0,0,0,0,0,0,0,44,254,254,254,254,254,220,36,2,0,0,0,0,0,0,0,0,0,0,0,0,0,0,0,0,0,0,0,1,88,154,254,224,97,4,0,0,0,0,0,0,0,0,0,0,0,0,0,0,0,0,0,0,0,0,0,0,0,0,0,0,0,0,0,0,0,0,0,0,0,0,0,0,0,0,0,0,0,0,0,0,0,0,0,0,0,0,0,0,0,0,0,0,0,0,0,0,0,0,0,0,0,0,0,0,0,0,0,0,0,0,0,0,0,0,0,0,0,0,0,0,0,0,0,0,0,0,0,0,0,0,0,0,0,0,0,0,0,0,0,0,0,0,0,0,0,0,0,0,0,0,0,0,0,0,0,0,0,0,0,0,0,0,0,0,0,0,0,0,0,0,0,0,0,0,0,0,0,0,0,0,0,0,0,0,0,0,0,0,0,0,0,0,0,0,0,0,0,0,0,0,0,0,0,0,0,0,0,0,0,0,0,0,0
3,0,0,0,0,0,0,0,0,0,0,0,0,0,0,0,0,0,0,0,0,0,0,0,0,0,0,0,0,0,0,0,0,0,0,0,0,0,0,0,0,0,0,0,0,0,0,0,0,0,0,0,0,0,0,0,0,0,0,0,0,0,0,0,0,0,0,0,0,0,0,0,0,0,0,0,0,0,0,0,0,0,0,0,0,0,0,0,0,0,0,0,0,0,0,0,0,0,0,0,0,0,0,0,0,0,0,0,0,0,0,0,0,0,0,0,0,0,0,0,0,1,86,212,255,254,254,254,121,5,0,0,0,0,0,0,0,0,0,0,0,0,0,0,0,0,0,0,14,151,253,251,241,180,244,253,253,216,29,0,0,0,0,0,0,0,0,0,0,0,0,0,0,0,0,0,25,253,253,201,0,0,28,144,249,253,215,21,0,0,0,0,0,0,0,0,0,0,0,0,0,0,0,0,11,180,149,36,0,0,0,0,186,253,253,119,3,0,0,0,0,0,0,0,0,0,0,0,0,0,0,0,0,0,0,0,0,0,0,0,29,224,253,253,30,0,0,0,0,0,0,0,0,0,0,0,0,0,0,0,0,0,0,0,0,0,0,0,30,212,253,253,30,0,0,0,0,0,0,0,0,0,0,0,0,0,0,0,0,0,0,0,0,120,167,167,235,253,253,170,11,0,0,0,0,0,0,0,0,0,0,0,0,0,0,0,0,0,0,0,0,155,253,253,253,253,236,29,0,0,0,0,0,0,0,0,0,0,0,0,0,0,0,0,0,0,0,0,0,17,164,197,241,253,228,26,0,0,0,0,0,0,0,0,0,0,0,0,0,0,0,0,0,0,0,0,0,0,0,0,90,241,253,150,8,0,0,0,0,0,0,0,0,0,0,0,0,0,0,0,0,0,0,0,0,0,0,0,0,111,253,253,64,0,0,0,0,0,0,0,0,0,0,0,0,0,0,0,0,0,0,0,0,0,0,0,0,58,241,253,154,0,0,0,0,0,0,0,0,0,0,0,0,0,0,0,0,0,0,0,0,0,0,0,0,0,211,253,154,0,0,0,0,0,0,0,0,0,0,0,0,0,0,0,0,0,0,0,0,0,0,0,0,0,108,253,154,0,0,0,0,0,0,0,0,0,0,0,0,0,0,0,0,0,0,0,0,0,0,0,0,0,193,253,154,0,0,0,0,0,0,0,0,0,0,0,0,0,0,0,0,13,118,141,32,0,0,0,0,32,228,253,154,0,0,0,0,0,0,0,0,0,0,0,0,0,0,0,0,143,253,253,213,31,0,29,106,213,253,253,154,0,0,0,0,0,0,0,0,0,0,0,0,0,0,0,0,101,253,253,253,241,236,241,253,253,253,212,26,0,0,0,0,0,0,0,0,0,0,0,0,0,0,0,0,2,91,155,253,253,253,253,253,253,213,25,0,0,0,0,0,0,0,0,0,0,0,0,0,0,0,0,0,0,0,1,91,156,192,253,156,90,4,0,0,0,0,0,0,0,0,0,0,0,0,0,0,0,0,0,0,0,0,0,0,0,0,0,0,0,0,0,0,0,0,0,0,0,0,0,0,0,0,0,0,0,0,0,0,0,0,0,0,0,0,0,0,0,0,0,0,0,0,0,0,0,0,0,0,0,0,0,0,0,0,0,0,0,0,0,0,0,0,0,0,0,0,0,0,0,0,0,0,0,0,0,0,0,0,0,0,0,0,0,0,0,0,0,0,0,0,0,0,0,0,0,0,0,0,0,0,0,0,0,0
2,0,0,0,0,0,0,0,0,0,0,0,0,0,0,0,0,0,0,0,0,0,0,0,0,0,0,0,0,0,0,0,0,0,0,0,0,0,0,0,0,0,0,0,0,0,0,0,0,0,0,0,0,0,0,0,0,0,0,0,0,0,0,0,0,0,0,0,0,0,0,0,0,0,0,0,0,0,0,0,0,0,0,0,0,0,0,0,0,0,0,0,0,0,0,0,0,0,0,0,0,0,0,0,0,0,0,0,0,0,0,0,0,0,0,0,0,0,0,0,0,0,0,94,109,109,171,253,232,109,63,0,0,0,0,0,0,0,0,0,0,0,0,0,0,0,0,0,0,125,217,247,252,252,253,252,252,252,176,10,0,0,0,0,0,0,0,0,0,0,0,0,0,0,0,0,0,125,252,252,252,252,253,252,252,252,253,138,0,0,0,0,0,0,0,0,0,0,0,0,0,0,0,0,0,1,169,252,252,168,108,108,128,252,253,221,41,0,0,0,0,0,0,0,0,0,0,0,0,0,0,0,0,0,0,0,0,0,0,0,37,252,253,252,71,0,0,0,0,0,0,0,0,0,0,0,0,0,0,0,0,0,0,0,0,0,0,0,37,252,253,252,71,0,0,0,0,0,0,0,0,0,0,0,0,0,0,0,0,0,0,0,0,0,0,32,150,252,253,241,61,0,0,0,0,0,0,0,0,0,0,0,0,0,0,0,0,0,0,0,0,0,0,217,252,252,253,179,0,0,0,0,0,0,0,0,0,0,0,0,0,0,0,0,0,0,0,0,0,0,0,218,253,253,255,119,0,0,0,0,0,0,0,0,0,0,0,0,0,0,0,0,0,0,0,0,0,0,135,247,252,252,222,25,0,0,0,0,0,0,0,0,0,0,0,0,0,0,0,0,0,0,0,0,0,105,253,252,252,252,125,0,0,0,0,0,0,0,0,0,0,0,0,0,0,0,0,0,0,0,0,0,21,206,253,252,252,168,0,0,0,0,0,0,0,0,0,0,0,0,0,0,0,0,0,0,0,0,0,0,37,253,255,253,217,0,0,0,0,0,0,0,0,0,0,0,0,0,0,0,0,0,0,0,0,0,0,63,222,252,253,231,153,0,0,0,0,0,0,0,0,0,0,0,0,0,0,0,0,0,0,0,0,0,16,181,252,252,237,71,0,0,0,0,0,0,0,0,0,0,0,0,0,0,0,0,0,0,0,0,0,84,109,252,252,252,144,0,0,0,0,0,0,0,0,0,0,0,0,0,0,0,0,0,0,0,0,32,212,253,253,253,253,253,192,109,109,109,63,0,0,0,0,0,0,0,0,0,0,0,0,0,0,0,0,52,190,252,252,252,252,252,253,252,252,252,238,217,217,217,218,30,0,0,0,0,0,0,0,0,0,0,0,0,11,154,231,252,252,252,253,252,252,252,253,252,252,252,253,119,0,0,0,0,0,0,0,0,0,0,0,0,0,0,47,108,108,190,191,108,190,108,191,108,128,252,191,15,0,0,0,0,0,0,0,0,0,0,0,0,0,0,0,0,0,0,0,0,0,0,0,0,0,0,0,0,0,0,0,0,0,0,0,0,0,0,0,0,0,0,0,0,0,0,0,0,0,0,0,0,0,0,0,0,0,0,0,0,0,0,0,0,0,0,0,0,0,0,0,0,0,0,0,0,0,0,0,0,0,0,0,0,0,0,0,0,0,0,0,0,0,0,0,0,0,0,0,0,0,0,0,0,0,0,0,0,0,0,0,0,0,0,0,0,0
6,0,0,0,0,0,0,0,0,0,0,0,0,0,0,0,0,0,0,0,0,0,0,0,0,0,0,0,0,0,0,0,0,0,0,0,0,0,0,0,0,0,0,0,0,0,0,0,0,0,0,0,0,0,0,0,0,0,0,0,0,0,0,0,0,0,0,0,0,5,163,254,81,0,0,0,0,0,0,0,0,0,0,0,0,0,0,0,0,0,0,0,0,0,0,0,7,159,253,253,253,0,0,0,0,0,0,0,0,0,0,0,0,0,0,0,0,0,0,0,0,0,0,0,148,253,253,162,176,0,0,0,0,0,0,0,0,0,0,0,0,0,0,0,0,0,0,0,0,0,0,41,234,253,165,8,41,0,0,0,0,0,0,0,0,0,0,0,0,0,0,0,0,0,0,0,0,0,12,165,253,233,27,0,0,0,0,0,0,0,0,0,0,0,0,0,0,0,0,0,0,0,0,0,0,0,84,253,253,168,0,0,0,0,0,0,0,0,0,0,0,0,0,0,0,0,0,0,0,0,0,0,0,13,198,253,229,55,0,0,0,0,0,0,0,0,0,0,0,0,0,0,0,0,0,0,0,0,0,0,0,83,253,253,77,0,0,0,0,0,0,0,0,0,0,0,0,0,0,0,0,0,0,0,0,0,0,0,0,157,253,227,34,0,0,0,0,0,0,0,0,0,0,89,16,0,0,0,0,0,0,0,0,0,0,0,12,203,253,193,0,0,0,0,0,0,0,0,0,30,214,251,244,81,0,0,0,0,0,0,0,0,0,0,89,254,255,72,0,0,0,0,0,0,0,0,32,220,254,245,253,254,11,0,0,0,0,0,0,0,0,7,207,253,225,31,0,0,0,0,0,0,0,33,218,253,200,29,221,253,11,0,0,0,0,0,0,0,0,13,253,253,205,0,0,0,0,0,0,0,4,171,253,245,51,86,253,253,11,0,0,0,0,0,0,0,0,13,253,253,205,0,0,0,0,0,0,3,127,253,221,64,14,175,253,157,4,0,0,0,0,0,0,0,0,13,253,253,205,0,0,0,0,0,0,13,253,253,176,15,174,253,230,18,0,0,0,0,0,0,0,0,0,13,253,253,205,0,0,0,0,0,0,48,253,253,155,208,253,229,54,0,0,0,0,0,0,0,0,0,0,13,253,253,205,0,0,0,0,0,41,174,253,253,253,253,229,113,0,0,0,0,0,0,0,0,0,0,0,8,212,253,247,218,126,98,98,98,230,254,253,253,253,253,77,0,0,0,0,0,0,0,0,0,0,0,0,0,14,115,253,253,253,253,253,253,253,254,253,185,144,144,34,0,0,0,0,0,0,0,0,0,0,0,0,0,0,19,132,161,253,253,253,201,132,70,11,5,0,0,0,0,0,0,0,0,0,0,0,0,0,0,0,0,0,0,0,0,0,0,0,0,0,0,0,0,0,0,0,0,0,0,0,0,0,0,0,0,0,0,0,0,0,0,0,0,0,0,0,0,0,0,0,0,0,0,0,0,0,0,0,0,0,0,0,0,0,0,0,0,0,0,0,0,0,0,0,0,0,0,0,0,0,0,0,0,0,0,0,0,0,0,0,0,0,0,0,0,0,0,0,0,0,0,0,0,0,0,0,0,0,0,0,0,0,0,0,0,0,0,0,0,0,0,0,0,0,0,0,0,0,0,0,0,0,0,0,0,0,0,0,0,0,0,0,0,0,0,0,0,0,0,0,0,0,0,0,0,0,0,0,0,0,0,0,0,0,0,0,0,0,0,0,0,0
1,0,0,0,0,0,0,0,0,0,0,0,0,0,0,0,0,0,0,0,0,0,0,0,0,0,0,0,0,0,0,0,0,0,0,0,0,0,0,0,0,0,0,0,0,0,0,0,0,0,0,0,0,0,0,0,0,0,0,0,0,0,0,0,0,0,0,0,0,0,0,0,0,0,0,0,0,0,0,0,0,0,0,0,0,0,0,0,0,0,0,0,0,0,0,0,0,0,0,0,0,0,0,0,0,0,0,0,0,0,0,0,0,0,0,0,0,0,0,0,0,0,0,0,0,0,0,191,255,64,0,0,0,0,0,0,0,0,0,0,0,0,0,0,0,0,0,0,0,0,0,0,0,0,128,255,255,255,0,0,0,0,0,0,0,0,0,0,0,0,0,0,0,0,0,0,0,0,0,0,0,0,128,255,255,191,0,0,0,0,0,0,0,0,0,0,0,0,0,0,0,0,0,0,0,0,0,0,0,64,255,255,255,128,0,0,0,0,0,0,0,0,0,0,0,0,0,0,0,0,0,0,0,0,0,0,0,128,255,255,255,0,0,0,0,0,0,0,0,0,0,0,0,0,0,0,0,0,0,0,0,0,0,0,0,128,255,255,128,0,0,0,0,0,0,0,0,0,0,0,0,0,0,0,0,0,0,0,0,0,0,0,0,128,255,255,255,0,0,0,0,0,0,0,0,0,0,0,0,0,0,0,0,0,0,0,0,0,0,0,0,128,255,255,255,0,0,0,0,0,0,0,0,0,0,0,0,0,0,0,0,0,0,0,0,0,0,0,0,191,255,255,128,0,0,0,0,0,0,0,0,0,0,0,0,0,0,0,0,0,0,0,0,0,0,0,0,128,255,255,128,0,0,0,0,0,0,0,0,0,0,0,0,0,0,0,0,0,0,0,0,0,0,0,0,128,255,255,128,0,0,0,0,0,0,0,0,0,0,0,0,0,0,0,0,0,0,0,0,0,0,0,0,191,255,255,64,0,0,0,0,0,0,0,0,0,0,0,0,0,0,0,0,0,0,0,0,0,0,0,0,255,255,191,0,0,0,0,0,0,0,0,0,0,0,0,0,0,0,0,0,0,0,0,0,0,0,0,0,255,255,255,0,0,0,0,0,0,0,0,0,0,0,0,0,0,0,0,0,0,0,0,0,0,0,0,0,255,255,255,0,0,0,0,0,0,0,0,0,0,0,0,0,0,0,0,0,0,0,0,0,0,0,0,0,128,255,255,64,0,0,0,64,0,0,0,0,0,0,0,0,0,0,0,0,0,0,0,0,0,0,0,0,64,255,255,191,0,64,64,128,0,0,0,0,0,0,0,0,0,0,0,0,0,0,0,0,0,0,0,0,0,255,255,255,128,191,255,0,0,0,0,0,0,0,0,0,0,0,0,0,0,0,0,0,0,0,0,0,0,191,255,255,255,255,255,0,0,0,0,0,0,0,0,0,0,0,0,0,0,0,0,0,0,0,0,0,0,0,191,255,255,128,0,0,0,0,0,0,0,0,0,0,0,0,0,0,0,0,0,0,0,0,0,0,0,0,0,0,0,0,0,0,0,0,0,0,0,0,0,0,0,0,0,0,0,0,0,0,0,0,0,0,0,0,0,0,0,0,0,0,0,0,0,0,0,0,0,0,0,0,0,0,0,0,0,0,0,0,0,0,0,0,0,0,0,0,0,0,0,0,0,0,0,0,0,0,0,0,0,0,0,0,0,0,0,0,0,0,0,0,0,0,0,0,0,0,0,0,0,0,0,0,0,0
3,0,0,0,0,0,0,0,0,0,0,0,0,0,0,0,0,0,0,0,0,0,0,0,0,0,0,0,0,0,0,0,0,0,0,0,0,0,0,0,0,0,0,0,0,0,0,0,0,0,0,0,0,0,0,0,0,0,0,0,0,0,0,0,0,0,0,0,0,0,0,0,0,0,0,0,0,0,0,0,0,0,0,0,0,0,0,0,0,0,0,0,0,9,254,229,165,165,92,18,0,0,0,0,0,0,0,0,0,0,0,0,0,0,0,0,0,0,0,0,0,41,254,254,254,254,254,175,65,0,0,0,0,0,0,0,0,0,0,0,0,0,0,0,0,0,0,0,0,1,26,26,58,26,100,222,242,111,2,0,0,0,0,0,0,0,0,0,0,0,0,0,0,0,0,0,0,0,0,0,0,0,0,137,231,254,215,137,0,0,0,0,0,0,0,0,0,0,0,0,0,0,0,0,0,0,0,0,0,0,0,0,22,217,254,224,24,0,0,0,0,0,0,0,0,0,0,0,0,0,0,0,0,0,0,0,0,0,0,0,0,45,248,254,125,0,0,0,0,0,0,0,0,0,0,0,0,0,0,0,0,0,0,0,0,0,0,0,0,86,251,254,95,0,0,0,0,0,0,0,0,0,0,0,0,0,0,0,0,0,0,0,0,0,35,147,250,252,254,88,1,0,0,0,0,0,0,0,0,0,0,0,0,0,0,0,0,0,0,0,107,226,245,254,254,254,139,2,0,0,0,0,0,0,0,0,0,0,0,0,0,0,0,0,0,0,0,51,249,254,254,254,254,254,156,36,0,0,0,0,0,0,0,0,0,0,0,0,0,0,0,0,0,0,0,0,144,222,222,184,166,222,233,242,119,6,0,0,0,0,0,0,0,0,0,0,0,0,0,0,0,0,0,0,0,0,0,0,0,0,21,157,254,157,5,0,0,0,0,0,0,0,0,0,0,0,0,0,0,0,0,0,0,0,0,0,0,0,0,15,194,254,159,2,0,0,0,0,0,0,0,0,0,0,0,0,0,0,0,0,0,0,0,0,0,0,0,0,14,221,254,135,0,0,0,0,0,0,0,0,0,0,0,0,0,0,0,0,0,0,0,0,0,0,0,0,11,218,254,164,0,0,0,0,0,0,0,0,81,77,0,0,0,0,0,0,0,0,0,0,0,0,0,0,110,254,254,177,0,0,0,0,0,0,0,0,255,245,122,7,0,0,0,0,0,0,0,0,0,0,11,110,249,254,228,11,0,0,0,0,0,0,0,0,141,254,254,213,197,117,117,60,90,27,70,117,117,144,218,254,249,176,29,0,0,0,0,0,0,0,0,0,19,178,243,242,251,254,254,254,254,254,254,254,254,254,254,246,109,0,0,0,0,0,0,0,0,0,0,0,0,0,130,12,169,122,107,220,254,254,222,216,164,164,110,33,0,0,0,0,0,0,0,0,0,0,0,0,0,0,0,0,0,0,0,0,0,0,0,0,0,0,0,0,0,0,0,0,0,0,0,0,0,0,0,0,0,0,0,0,0,0,0,0,0,0,0,0,0,0,0,0,0,0,0,0,0,0,0,0,0,0,0,0,0,0,0,0,0,0,0,0,0,0,0,0,0,0,0,0,0,0,0,0,0,0,0,0,0,0,0,0,0,0,0,0,0,0,0,0,0,0,0,0,0,0,0,0,0,0,0,0,0,0,0,0,0,0,0,0,0,0,0,0,0,0,0,0,0,0,0,0,0,0,0,0,0,0,0,0,0,0,0,0,0
6,0,0,0,0,0,0,0,0,0,0,0,0,0,0,0,0,0,0,0,0,0,0,0,0,0,0,0,0,0,0,0,0,0,0,0,0,0,0,0,0,0,0,0,0,0,0,0,0,0,0,0,0,0,0,0,0,0,0,0,0,0,0,0,0,0,0,0,0,0,0,0,0,0,0,0,0,0,0,0,0,0,0,0,0,0,0,0,0,0,0,0,0,0,0,0,0,0,0,0,19,154,253,242,47,0,0,0,0,0,0,0,0,0,0,0,0,0,0,0,0,0,0,0,0,0,0,70,225,252,252,253,84,0,0,0,0,0,0,0,0,0,0,0,0,0,0,0,0,0,0,0,0,0,126,253,252,252,252,156,19,0,0,0,0,0,0,0,0,0,0,0,0,0,0,0,0,0,0,0,0,76,249,253,252,127,28,0,0,0,0,0,0,0,0,0,0,0,0,0,0,0,0,0,0,0,0,0,45,229,253,251,125,0,0,0,0,0,0,0,0,0,0,0,0,0,0,0,0,0,0,0,0,0,0,7,187,252,252,175,0,0,0,0,0,0,0,0,0,0,0,0,0,0,0,0,0,0,0,0,0,0,0,154,252,252,164,0,0,0,0,0,0,0,0,0,0,0,0,0,0,0,0,0,0,0,0,0,0,0,51,253,252,214,28,0,0,0,0,0,0,0,0,0,0,0,0,0,0,0,0,0,0,0,0,0,0,10,179,255,253,106,0,0,0,0,0,0,0,0,0,0,0,0,0,0,0,0,0,0,0,0,0,0,0,110,252,253,189,19,0,0,0,0,0,0,0,0,0,0,0,0,0,0,0,0,0,0,0,0,0,0,0,197,252,231,19,0,0,0,19,85,134,185,85,85,47,0,0,0,0,0,0,0,0,0,0,0,0,0,0,197,252,225,0,38,113,176,231,252,252,253,252,252,240,214,38,0,0,0,0,0,0,0,0,0,0,0,57,253,253,129,128,253,253,254,253,231,225,226,225,247,253,254,197,0,0,0,0,0,0,0,0,0,0,0,57,252,252,253,252,252,227,184,84,19,0,0,13,209,252,253,171,0,0,0,0,0,0,0,0,0,0,0,57,252,252,253,252,99,31,0,0,0,0,23,209,252,252,231,19,0,0,0,0,0,0,0,0,0,0,0,32,228,252,253,151,6,0,0,0,0,101,229,252,252,202,75,0,0,0,0,0,0,0,0,0,0,0,0,0,198,253,242,66,29,29,41,141,229,253,254,253,194,63,0,0,0,0,0,0,0,0,0,0,0,0,0,0,197,252,253,252,252,252,253,252,252,252,247,121,19,0,0,0,0,0,0,0,0,0,0,0,0,0,0,0,159,252,253,252,252,252,253,252,186,68,50,0,0,0,0,0,0,0,0,0,0,0,0,0,0,0,0,0,10,78,203,252,252,202,140,65,6,0,0,0,0,0,0,0,0,0,0,0,0,0,0,0,0,0,0,0,0,0,0,0,0,0,0,0,0,0,0,0,0,0,0,0,0,0,0,0,0,0,0,0,0,0,0,0,0,0,0,0,0,0,0,0,0,0,0,0,0,0,0,0,0,0,0,0,0,0,0,0,0,0,0,0,0,0,0,0,0,0,0,0,0,0,0,0,0,0,0,0,0,0,0,0,0,0,0,0,0,0,0,0,0,0,0,0,0,0,0,0,0,0,0,0,0,0,0,0,0,0,0,0,0,0,0,0,0,0,0,0,0,0,0,0,0,0,0,0,0,0,0,0,0,0,0,0,0,0,0,0
0,0,0,0,0,0,0,0,0,0,0,0,0,0,0,0,0,0,0,0,0,0,0,0,0,0,0,0,0,0,0,0,0,0,0,0,0,0,0,0,0,0,0,0,0,0,0,0,0,0,0,0,0,0,0,0,0,0,0,0,0,0,0,0,0,0,0,0,0,0,0,0,0,0,0,0,0,0,0,0,0,0,0,0,0,0,0,0,0,0,0,0,0,0,0,0,0,0,0,0,0,0,0,0,0,0,0,0,0,0,0,0,0,0,0,0,0,0,0,0,0,0,0,0,0,0,0,53,106,190,242,204,0,0,0,0,0,0,0,0,0,0,0,0,0,0,0,0,0,0,0,0,51,88,198,249,255,254,254,246,114,20,0,0,0,0,0,0,0,0,0,0,0,0,0,0,0,0,0,96,245,254,225,152,101,56,127,168,254,136,0,0,0,0,0,0,0,0,0,0,0,0,0,0,0,2,84,254,250,144,12,0,0,0,0,4,151,239,53,0,0,0,0,0,0,0,0,0,0,0,0,0,0,117,254,254,102,0,0,0,0,0,0,0,0,222,173,0,0,0,0,0,0,0,0,0,0,0,0,0,37,254,254,66,0,0,0,0,0,0,0,0,0,74,200,0,0,0,0,0,0,0,0,0,0,0,0,0,140,254,234,0,0,0,0,0,0,0,0,0,0,73,230,21,0,0,0,0,0,0,0,0,0,0,0,28,236,251,108,0,0,0,0,0,0,0,0,0,0,11,226,114,0,0,0,0,0,0,0,0,0,0,0,55,254,235,0,0,0,0,0,0,0,0,0,0,0,0,184,198,0,0,0,0,0,0,0,0,0,0,0,55,254,170,0,0,0,0,0,0,0,0,0,0,0,0,236,217,0,0,0,0,0,0,0,0,0,0,0,55,254,87,0,0,0,0,0,0,0,0,0,0,0,0,237,218,0,0,0,0,0,0,0,0,0,0,0,55,254,138,0,0,0,0,0,0,0,0,0,0,0,68,252,198,0,0,0,0,0,0,0,0,0,0,0,47,248,157,0,0,0,0,0,0,0,0,0,0,0,73,254,127,0,0,0,0,0,0,0,0,0,0,0,0,218,235,0,0,0,0,0,0,0,0,0,0,0,80,254,88,0,0,0,0,0,0,0,0,0,0,0,0,218,242,26,0,0,0,0,0,0,0,0,0,0,163,214,11,0,0,0,0,0,0,0,0,0,0,0,0,70,254,222,0,0,0,0,0,0,0,0,0,59,223,174,0,0,0,0,0,0,0,0,0,0,0,0,0,3,151,254,152,24,0,0,0,0,0,0,83,217,239,53,0,0,0,0,0,0,0,0,0,0,0,0,0,0,29,230,254,233,140,56,37,37,89,108,246,241,59,0,0,0,0,0,0,0,0,0,0,0,0,0,0,0,0,20,113,229,251,254,254,254,254,254,200,61,0,0,0,0,0,0,0,0,0,0,0,0,0,0,0,0,0,0,0,0,75,163,195,254,201,118,16,0,0,0,0,0,0,0,0,0,0,0,0,0,0,0,0,0,0,0,0,0,0,0,0,0,0,0,0,0,0,0,0,0,0,0,0,0,0,0,0,0,0,0,0,0,0,0,0,0,0,0,0,0,0,0,0,0,0,0,0,0,0,0,0,0,0,0,0,0,0,0,0,0,0,0,0,0,0,0,0,0,0,0,0,0,0,0,0,0,0,0,0,0,0,0,0,0,0,0,0,0,0,0,0,0,0,0,0,0,0,0,0,0,0,0,0,0,0,0,0,0
7,0,0,0,0,0,0,0,0,0,0,0,0,0,0,0,0,0,0,0,0,0,0,0,0,0,0,0,0,0,0,0,0,0,0,0,0,0,0,0,0,0,0,0,0,0,0,0,0,0,0,0,0,0,0,0,0,0,0,0,0,0,0,0,0,0,0,0,0,0,0,0,0,0,0,0,0,0,0,0,0,0,0,0,0,0,0,0,0,0,0,0,0,0,0,0,0,0,0,0,0,0,0,0,0,0,0,0,0,0,0,0,0,0,0,0,0,0,0,0,0,0,0,0,0,0,0,0,0,0,0,0,0,0,0,0,0,0,0,0,0,0,0,0,0,0,0,0,0,0,0,0,0,0,0,0,0,0,0,0,0,0,0,0,0,0,0,0,0,0,0,0,0,0,0,0,0,0,0,0,0,0,0,0,0,0,0,0,0,0,0,0,0,0,0,0,0,0,0,0,0,0,0,0,0,0,0,0,0,0,0,0,0,0,0,0,0,0,0,0,0,0,0,0,0,0,0,0,0,55,133,123,158,158,231,166,254,236,123,224,255,255,227,144,38,0,0,0,0,0,0,0,0,0,0,0,102,249,254,254,254,254,254,254,254,254,254,254,254,254,254,254,241,221,36,0,0,0,0,0,0,0,0,0,158,254,254,254,254,254,254,254,254,254,254,254,254,254,254,254,254,254,207,23,0,0,0,0,0,0,0,0,27,154,211,196,187,101,81,4,4,4,4,4,4,4,32,159,254,254,254,62,0,0,0,0,0,0,0,0,0,5,10,0,0,0,0,0,0,0,0,0,0,0,0,6,205,254,254,143,0,0,0,0,0,0,0,0,0,0,0,0,0,0,0,0,0,0,0,0,0,0,0,0,197,254,254,89,0,0,0,0,0,0,0,0,0,0,0,0,0,0,0,0,0,0,0,0,0,0,0,9,209,254,165,3,0,0,0,0,0,0,0,0,0,0,0,0,0,0,0,0,0,0,0,0,0,0,0,90,254,254,125,0,0,0,0,0,0,0,0,0,0,0,0,0,0,0,0,0,0,0,0,0,0,0,24,238,254,232,48,0,0,0,0,0,0,0,0,0,0,0,0,0,0,0,0,0,0,0,0,0,0,2,179,254,254,96,0,0,0,0,0,0,0,0,0,0,0,0,0,0,0,0,0,0,0,0,0,0,0,58,254,254,204,52,0,0,0,0,0,0,0,0,0,0,0,0,0,0,0,0,0,0,0,0,0,0,30,237,254,242,40,0,0,0,0,0,0,0,0,0,0,0,0,0,0,0,0,0,0,0,0,0,0,14,188,254,254,74,0,0,0,0,0,0,0,0,0,0,0,0,0,0,0,0,0,0,0,0,0,0,0,118,254,254,220,14,0,0,0,0,0,0,0,0,0,0,0,0,0,0,0,0,0,0,0,0,0,0,37,226,254,247,29,0,0,0,0,0,0,0,0,0,0,0,0,0,0,0,0,0,0,0,0,0,13,39,168,254,247,99,0,0,0,0,0,0,0,0,0,0,0,0,0,0,0,0,0,0,0,0,0,0,156,254,254,254,170,0,0,0,0,0,0,0,0,0,0,0,0,0,0,0,0,0,0,0,0,0,0,0,178,254,254,178,7,0,0,0,0,0,0,0,0,0,0,0,0,0,0,0,0,0,0,0,0,0,0,0,178,254,191,9,0,0,0,0,0,0,0,0,0,0,0,0,0,0,0,0,0,0,0,0,0,0,0,0,141,217,143,0,0,0,0,0,0,0,0,0,0,0,0,0,0
2,0,0,0,0,0,0,0,0,0,0,0,0,0,0,0,0,0,0,0,0,0,0,0,0,0,0,0,0,0,0,0,0,0,0,0,0,0,0,0,0,0,0,0,0,0,0,0,0,0,0,0,0,0,0,0,0,0,0,0,0,0,0,0,0,0,0,0,0,0,0,0,0,0,0,0,0,0,0,0,0,0,0,0,0,0,0,0,0,0,0,0,0,0,0,0,0,0,0,0,0,0,0,0,0,0,0,0,0,0,0,0,0,0,0,0,0,0,0,0,0,0,0,0,0,0,0,0,86,132,254,254,254,255,221,35,0,0,0,0,0,0,0,0,0,0,0,0,0,0,0,0,0,0,35,208,248,253,253,253,253,253,253,127,0,0,0,0,0,0,0,0,0,0,0,0,0,0,0,0,40,76,213,253,253,253,253,253,253,253,253,224,29,0,0,0,0,0,0,0,0,0,0,0,0,0,0,41,224,253,253,253,253,247,198,198,198,246,253,222,23,0,0,0,0,0,0,0,0,0,0,0,0,0,118,220,253,253,253,225,192,73,0,0,0,127,253,212,0,0,0,0,0,0,0,0,0,0,0,0,0,3,176,253,253,247,117,19,0,0,0,0,6,166,253,129,0,0,0,0,0,0,0,0,0,0,0,0,0,56,253,253,186,70,0,0,0,0,0,0,174,253,253,75,0,0,0,0,0,0,0,0,0,0,0,0,0,189,253,240,3,0,0,0,0,0,0,54,246,253,226,43,0,0,0,0,0,0,0,0,0,0,0,0,0,192,253,239,0,0,0,0,0,0,129,240,253,224,49,0,0,0,0,0,0,0,0,0,0,0,0,0,0,66,222,100,0,0,0,0,0,8,174,253,253,170,0,0,0,0,0,0,0,0,0,0,0,0,0,0,0,0,37,0,0,0,0,0,10,145,253,253,233,64,0,0,0,0,0,0,0,0,0,0,0,0,0,0,0,0,0,0,0,0,0,8,145,253,253,253,61,0,0,0,0,0,0,0,0,0,0,0,0,0,0,0,44,144,144,144,144,144,144,174,253,253,253,179,6,0,0,0,0,0,0,0,0,0,0,0,0,0,0,0,143,253,253,253,253,253,253,253,253,253,250,125,74,0,0,0,0,0,0,0,0,0,0,0,0,0,0,147,251,253,253,253,253,253,253,253,253,253,253,253,248,162,0,0,0,0,0,0,0,0,0,0,0,0,0,234,253,253,253,253,253,253,253,253,253,253,253,253,219,41,0,0,0,0,0,0,0,0,0,0,0,0,0,234,253,253,253,253,253,253,253,203,237,253,251,191,114,0,0,0,0,0,0,0,0,0,0,0,0,0,0,234,253,253,253,253,253,213,89,14,55,75,73,0,0,0,0,0,0,0,0,0,0,0,0,0,0,0,0,234,253,253,253,233,96,3,0,0,0,0,0,0,0,0,0,0,0,0,0,0,0,0,0,0,0,0,0,107,116,190,116,47,0,0,0,0,0,0,0,0,0,0,0,0,0,0,0,0,0,0,0,0,0,0,0,0,0,0,0,0,0,0,0,0,0,0,0,0,0,0,0,0,0,0,0,0,0,0,0,0,0,0,0,0,0,0,0,0,0,0,0,0,0,0,0,0,0,0,0,0,0,0,0,0,0,0,0,0,0,0,0,0,0,0,0,0,0,0,0,0,0,0,0,0,0,0,0,0,0,0,0,0,0,0,0,0,0,0,0,0,0,0,0,0,0,0,0,0,0,0,0,0,0,0,0,0,0,0,0,0,0
1,0,0,0,0,0,0,0,0,0,0,0,0,0,0,0,0,0,0,0,0,0,0,0,0,0,0,0,0,0,0,0,0,0,0,0,0,0,0,0,0,0,0,0,0,0,0,0,0,0,0,0,0,0,0,0,0,0,0,0,0,0,0,0,0,0,0,0,0,0,0,0,0,0,0,0,0,0,0,0,0,0,0,0,0,0,0,0,0,0,0,0,0,0,0,0,0,0,0,0,0,0,0,0,0,0,0,0,0,0,0,0,0,0,0,0,0,0,0,0,0,0,0,0,0,0,0,0,146,236,14,0,0,0,0,0,0,0,0,0,0,0,0,0,0,0,0,0,0,0,0,0,0,0,0,0,190,236,21,0,0,0,0,0,0,0,0,0,0,0,0,0,0,0,0,0,0,0,0,0,0,0,0,39,247,231,0,0,0,0,0,0,0,0,0,0,0,0,0,0,0,0,0,0,0,0,0,0,0,0,0,69,252,231,0,0,0,0,0,0,0,0,0,0,0,0,0,0,0,0,0,0,0,0,0,0,0,0,0,148,252,187,0,0,0,0,0,0,0,0,0,0,0,0,0,0,0,0,0,0,0,0,0,0,0,0,0,210,253,65,0,0,0,0,0,0,0,0,0,0,0,0,0,0,0,0,0,0,0,0,0,0,0,0,0,253,224,14,0,0,0,0,0,0,0,0,0,0,0,0,0,0,0,0,0,0,0,0,0,0,0,0,107,253,168,0,0,0,0,0,0,0,0,0,0,0,0,0,0,0,0,0,0,0,0,0,0,0,0,0,211,253,141,0,0,0,0,0,0,0,0,0,0,0,0,0,0,0,0,0,0,0,0,0,0,0,0,0,211,253,63,0,0,0,0,0,0,0,0,0,0,0,0,0,0,0,0,0,0,0,0,0,0,0,0,38,236,255,63,0,0,0,0,0,0,0,0,0,0,0,0,0,0,0,0,0,0,0,0,0,0,0,0,143,252,239,42,0,0,0,0,0,0,0,0,0,0,0,0,0,0,0,0,0,0,0,0,0,0,0,11,211,252,158,0,0,0,0,0,0,0,0,0,0,0,0,0,0,0,0,0,0,0,0,0,0,0,0,22,252,252,106,0,0,0,0,0,0,0,0,0,0,0,0,0,0,0,0,0,0,0,0,0,0,0,0,22,252,252,18,0,0,0,0,0,0,0,0,0,0,0,0,0,0,0,0,0,0,0,0,0,0,0,0,39,253,191,0,0,0,0,0,0,0,0,0,0,0,0,0,0,0,0,0,0,0,0,0,0,0,0,0,127,252,147,0,0,0,0,0,0,0,0,0,0,0,0,0,0,0,0,0,0,0,0,0,0,0,0,8,226,252,50,0,0,0,0,0,0,0,0,0,0,0,0,0,0,0,0,0,0,0,0,0,0,0,0,85,252,252,42,0,0,0,0,0,0,0,0,0,0,0,0,0,0,0,0,0,0,0,0,0,0,0,0,85,252,155,7,0,0,0,0,0,0,0,0,0,0,0,0,0,0,0,0,0,0,0,0,0,0,0,0,0,0,0,0,0,0,0,0,0,0,0,0,0,0,0,0,0,0,0,0,0,0,0,0,0,0,0,0,0,0,0,0,0,0,0,0,0,0,0,0,0,0,0,0,0,0,0,0,0,0,0,0,0,0,0,0,0,0,0,0,0,0,0,0,0,0,0,0,0,0,0,0,0,0,0,0,0,0,0,0,0,0,0,0,0,0,0,0,0,0,0,0,0,0,0,0,0,0,0,0,0,0
7,0,0,0,0,0,0,0,0,0,0,0,0,0,0,0,0,0,0,0,0,0,0,0,0,0,0,0,0,0,0,0,0,0,0,0,0,0,0,0,0,0,0,0,0,0,0,0,0,0,0,0,0,0,0,0,0,0,0,0,0,0,0,0,0,0,0,0,0,0,0,0,0,0,0,0,0,0,0,0,0,0,0,0,0,0,0,0,0,0,0,0,0,0,0,0,0,0,0,0,0,0,0,0,0,0,0,0,0,0,0,0,0,0,0,0,0,0,0,0,0,0,0,0,0,0,0,0,0,0,0,0,0,0,0,0,0,0,0,0,0,0,0,0,0,0,0,0,0,0,0,0,0,0,0,0,0,0,0,0,0,0,0,0,0,0,0,0,0,0,0,0,0,0,0,0,0,0,0,0,0,0,0,0,0,0,0,0,0,0,0,0,0,0,0,0,0,0,0,0,0,0,0,15,18,18,30,118,46,82,237,147,137,137,60,5,0,0,0,0,0,0,0,0,0,0,0,0,6,117,154,236,254,254,254,254,254,254,254,254,254,254,254,151,8,0,0,0,0,0,0,0,0,0,0,0,29,237,254,254,254,203,201,201,201,201,145,148,201,254,254,254,133,0,0,0,0,0,0,0,0,0,0,0,0,69,236,254,204,6,0,0,0,0,0,0,4,175,254,254,171,0,0,0,0,0,0,0,0,0,0,0,0,0,69,238,254,53,0,0,0,0,0,0,0,148,254,254,171,0,0,0,0,0,0,0,0,0,0,0,0,0,0,208,254,235,0,0,0,0,0,0,11,243,254,254,171,0,0,0,0,0,0,0,0,0,0,0,0,0,0,51,179,131,0,0,0,0,0,0,12,254,254,254,168,0,0,0,0,0,0,0,0,0,0,0,0,0,0,0,0,0,0,0,0,0,0,0,12,254,254,248,48,0,0,0,0,0,0,0,0,0,0,0,0,0,0,0,0,0,0,0,0,0,0,0,107,254,254,189,0,0,0,0,0,0,0,0,0,0,0,0,0,0,0,0,0,0,0,0,0,0,0,27,251,255,254,189,0,0,0,0,0,0,0,0,0,0,0,0,0,0,0,0,0,0,0,0,0,0,0,114,254,254,254,98,0,0,0,0,0,0,0,0,0,0,0,0,0,0,0,0,0,0,0,0,0,0,0,114,254,254,254,71,0,0,0,0,0,0,0,0,0,0,0,0,0,0,0,0,0,0,0,0,0,0,0,114,254,254,233,40,0,0,0,0,0,0,0,0,0,0,0,0,0,0,0,0,0,0,0,0,0,0,0,114,254,254,207,0,0,0,0,0,0,0,0,0,0,0,0,0,0,0,0,0,0,0,0,0,0,0,0,182,254,255,137,0,0,0,0,0,0,0,0,0,0,0,0,0,0,0,0,0,0,0,0,0,0,0,0,232,254,254,89,0,0,0,0,0,0,0,0,0,0,0,0,0,0,0,0,0,0,0,0,0,0,0,70,248,254,254,89,0,0,0,0,0,0,0,0,0,0,0,0,0,0,0,0,0,0,0,0,0,0,0,96,254,254,245,60,0,0,0,0,0,0,0,0,0,0,0,0,0,0,0,0,0,0,0,0,0,0,0,96,254,254,225,0,0,0,0,0,0,0,0,0,0,0,0,0,0,0,0,0,0,0,0,0,0,0,0,7,123,249,65,0,0,0,0,0,0,0,0,0,0,0,0,0,0,0,0,0,0,0,0,0,0,0,0,0,0,0,0,0,0,0,0,0,0,0,0,0,0,0
1,0,0,0,0,0,0,0,0,0,0,0,0,0,0,0,0,0,0,0,0,0,0,0,0,0,0,0,0,0,0,0,0,0,0,0,0,0,0,0,0,0,0,0,0,0,0,0,0,0,0,0,0,0,0,0,0,0,0,0,0,0,0,0,0,0,0,0,0,0,0,0,0,0,0,0,0,0,0,0,0,0,0,0,0,0,0,0,0,0,0,0,0,0,0,0,0,0,0,0,0,0,0,0,0,0,0,0,0,0,0,0,0,0,0,0,0,0,0,0,0,0,0,0,0,0,0,63,255,128,25,0,0,0,0,0,0,0,0,0,0,0,0,0,0,0,0,0,0,0,0,0,0,0,0,140,253,252,55,0,0,0,0,0,0,0,0,0,0,0,0,0,0,0,0,0,0,0,0,0,0,0,7,165,253,233,43,0,0,0,0,0,0,0,0,0,0,0,0,0,0,0,0,0,0,0,0,0,0,0,29,252,253,167,0,0,0,0,0,0,0,0,0,0,0,0,0,0,0,0,0,0,0,0,0,0,0,0,29,252,253,89,0,0,0,0,0,0,0,0,0,0,0,0,0,0,0,0,0,0,0,0,0,0,0,0,29,253,255,27,0,0,0,0,0,0,0,0,0,0,0,0,0,0,0,0,0,0,0,0,0,0,0,0,76,252,253,27,0,0,0,0,0,0,0,0,0,0,0,0,0,0,0,0,0,0,0,0,0,0,0,13,187,252,253,27,0,0,0,0,0,0,0,0,0,0,0,0,0,0,0,0,0,0,0,0,0,0,0,57,252,252,253,27,0,0,0,0,0,0,0,0,0,0,0,0,0,0,0,0,0,0,0,0,0,0,0,57,252,252,190,12,0,0,0,0,0,0,0,0,0,0,0,0,0,0,0,0,0,0,0,0,0,0,0,57,253,253,141,0,0,0,0,0,0,0,0,0,0,0,0,0,0,0,0,0,0,0,0,0,0,0,0,57,252,252,140,0,0,0,0,0,0,0,0,0,0,0,0,0,0,0,0,0,0,0,0,0,0,0,0,57,252,252,140,0,0,0,0,0,0,0,0,0,0,0,0,0,0,0,0,0,0,0,0,0,0,0,0,57,252,252,140,0,0,0,0,0,0,0,0,0,0,0,0,0,0,0,0,0,0,0,0,0,0,0,0,57,252,252,140,0,0,0,0,0,0,0,0,0,0,0,0,0,0,0,0,0,0,0,0,0,0,0,0,57,253,253,141,0,0,0,0,0,0,0,0,0,0,0,0,0,0,0,0,0,0,0,0,0,0,0,0,57,252,252,140,0,0,0,0,0,0,0,0,0,0,0,0,0,0,0,0,0,0,0,0,0,0,0,0,57,252,252,140,0,0,0,0,0,0,0,0,0,0,0,0,0,0,0,0,0,0,0,0,0,0,0,0,57,252,252,47,0,0,0,0,0,0,0,0,0,0,0,0,0,0,0,0,0,0,0,0,0,0,0,0,57,252,252,0,0,0,0,0,0,0,0,0,0,0,0,0,0,0,0,0,0,0,0,0,0,0,0,0,0,0,0,0,0,0,0,0,0,0,0,0,0,0,0,0,0,0,0,0,0,0,0,0,0,0,0,0,0,0,0,0,0,0,0,0,0,0,0,0,0,0,0,0,0,0,0,0,0,0,0,0,0,0,0,0,0,0,0,0,0,0,0,0,0,0,0,0,0,0,0,0,0,0,0,0,0,0,0,0,0,0,0,0,0,0,0,0,0,0,0,0,0,0,0,0,0,0,0,0
4,0,0,0,0,0,0,0,0,0,0,0,0,0,0,0,0,0,0,0,0,0,0,0,0,0,0,0,0,0,0,0,0,0,0,0,0,0,0,0,0,0,0,0,0,0,0,0,0,0,0,0,0,0,0,0,0,0,0,0,0,0,0,0,0,0,0,0,0,0,0,0,0,0,0,0,0,0,0,0,0,0,0,0,0,0,0,0,0,0,0,0,0,0,0,0,0,0,0,0,0,0,0,0,0,0,0,0,0,0,0,0,0,0,0,0,0,0,0,0,0,0,0,0,0,0,0,0,0,0,0,0,0,0,0,0,0,0,0,0,0,0,0,0,0,0,0,0,0,0,0,0,0,0,0,0,0,0,0,0,0,0,0,0,0,0,0,0,0,0,0,0,0,0,0,0,0,0,0,0,0,64,134,14,0,0,0,0,0,0,0,37,158,203,121,0,0,0,0,0,0,0,0,0,0,0,0,25,119,180,125,29,0,0,0,0,0,0,10,196,197,32,0,0,0,0,0,0,0,0,0,0,0,0,32,203,208,39,0,0,0,0,0,0,0,10,176,193,37,0,0,0,0,0,0,0,0,0,0,0,0,13,197,229,31,0,0,0,0,0,0,0,7,178,236,44,0,0,0,0,0,0,0,0,0,0,0,0,8,194,232,36,0,0,0,0,0,0,0,7,183,233,48,0,0,0,0,0,0,0,0,0,0,0,0,0,20,248,93,0,0,0,0,0,0,0,0,151,251,92,0,0,0,0,0,0,0,0,0,0,0,0,0,0,20,248,131,23,0,0,0,0,0,0,69,251,150,0,0,0,0,0,0,0,0,0,0,0,0,0,0,0,8,194,254,242,205,156,156,156,103,91,233,254,163,169,150,6,0,0,0,0,0,0,0,0,0,0,0,0,0,0,67,175,211,199,138,79,93,255,226,85,79,79,12,0,0,0,0,0,0,0,0,0,0,0,0,0,0,0,0,0,0,0,0,13,177,223,39,0,0,0,0,0,0,0,0,0,0,0,0,0,0,0,0,0,0,0,0,0,0,0,0,163,244,39,0,0,0,0,0,0,0,0,0,0,0,0,0,0,0,0,0,0,0,0,0,0,0,0,128,252,42,0,0,0,0,0,0,0,0,0,0,0,0,0,0,0,0,0,0,0,0,0,0,0,2,128,250,66,0,0,0,0,0,0,0,0,0,0,0,0,0,0,0,0,0,0,0,0,0,0,0,0,93,254,99,0,0,0,0,0,0,0,0,0,0,0,0,0,0,0,0,0,0,0,0,0,0,0,0,19,218,160,6,0,0,0,0,0,0,0,0,0,0,0,0,0,0,0,0,0,0,0,0,0,0,0,0,175,218,23,0,0,0,0,0,0,0,0,0,0,0,0,0,0,0,0,0,0,0,0,0,0,0,0,120,248,49,0,0,0,0,0,0,0,0,0,0,0,0,0,0,0,0,0,0,0,0,0,0,0,0,19,233,139,0,0,0,0,0,0,0,0,0,0,0,0,0,0,0,0,0,0,0,0,0,0,0,0,0,82,254,182,0,0,0,0,0,0,0,0,0,0,0,0,0,0,0,0,0,0,0,0,0,0,0,0,0,33,242,181,0,0,0,0,0,0,0,0,0,0,0,0,0,0,0,0,0,0,0,0,0,0,0,0,0,0,0,0,0,0,0,0,0,0,0,0,0,0,0,0,0,0,0,0,0,0,0,0,0,0,0,0,0,0,0,0,0,0,0,0,0,0,0,0,0,0,0,0,0,0,0,0,0
2,0,0,0,0,0,0,0,0,0,0,0,0,0,0,0,0,0,0,0,0,0,0,0,0,0,0,0,0,0,0,0,0,0,0,0,0,0,0,0,0,0,0,0,0,0,0,0,0,0,0,0,0,0,0,0,0,0,0,0,0,0,0,0,0,0,0,0,0,0,0,0,0,0,0,0,0,0,0,0,0,0,0,0,0,0,0,0,0,0,0,0,0,0,0,0,0,0,0,0,0,0,0,0,0,0,0,0,0,0,0,0,0,0,0,0,0,0,0,0,0,0,24,97,138,180,253,255,253,253,253,148,74,0,0,0,0,0,0,0,0,0,0,0,0,0,0,0,81,161,253,252,218,206,206,207,206,206,223,252,245,80,0,0,0,0,0,0,0,0,0,0,0,0,13,153,240,189,173,69,19,0,0,0,0,0,25,121,222,240,50,0,0,0,0,0,0,0,0,0,0,19,215,185,66,4,0,0,0,0,0,0,0,0,0,0,97,252,69,0,0,0,0,0,0,0,0,0,0,13,137,37,0,0,0,0,0,0,0,0,0,0,0,0,24,252,69,0,0,0,0,0,0,0,0,0,0,0,0,0,0,0,0,0,0,0,0,0,0,0,0,11,202,253,69,0,0,0,0,0,0,0,0,0,0,0,0,0,0,0,0,0,0,0,0,0,0,0,0,136,253,202,25,0,0,0,0,0,0,0,0,0,0,0,0,0,0,0,0,0,0,0,0,0,0,0,100,246,236,25,0,0,0,0,0,0,0,0,0,0,0,0,0,0,0,0,0,0,0,0,0,0,0,100,244,252,94,0,0,0,0,0,0,0,0,0,0,0,0,0,0,0,0,0,0,0,0,0,0,0,95,246,210,85,0,0,0,0,0,0,0,0,0,0,0,0,0,0,0,0,0,0,0,0,0,0,11,149,253,205,21,0,0,0,0,0,0,0,0,0,0,0,0,0,0,0,0,0,0,0,0,0,0,38,193,253,202,25,0,0,0,0,0,0,0,0,0,0,0,0,0,0,0,0,0,0,0,0,0,0,83,240,252,205,25,0,0,0,0,0,0,0,0,0,0,0,0,0,0,0,0,0,0,0,0,0,0,81,240,252,168,21,0,0,0,0,0,0,0,0,0,0,0,0,0,0,0,0,0,0,0,0,0,0,127,244,221,96,2,0,0,0,0,0,0,0,0,0,0,0,0,0,0,0,0,0,0,0,0,0,9,76,255,165,32,0,0,0,0,0,0,11,24,97,55,68,0,0,0,0,0,0,0,0,0,0,0,0,93,252,239,33,0,0,0,0,30,78,161,203,253,244,123,58,0,0,0,0,0,0,0,0,0,0,0,0,93,252,237,70,70,70,70,185,228,252,252,221,173,56,0,0,0,0,0,0,0,0,0,0,0,0,0,0,93,252,253,252,252,252,252,253,235,160,119,25,0,0,0,0,0,0,0,0,0,0,0,0,0,0,0,0,9,75,253,252,252,157,137,75,18,0,0,0,0,0,0,0,0,0,0,0,0,0,0,0,0,0,0,0,0,0,0,0,0,0,0,0,0,0,0,0,0,0,0,0,0,0,0,0,0,0,0,0,0,0,0,0,0,0,0,0,0,0,0,0,0,0,0,0,0,0,0,0,0,0,0,0,0,0,0,0,0,0,0,0,0,0,0,0,0,0,0,0,0,0,0,0,0,0,0,0,0,0,0,0,0,0,0,0,0,0,0,0,0,0,0,0,0,0,0,0,0,0,0,0,0,0,0,0,0,0,0,0,0
4,0,0,0,0,0,0,0,0,0,0,0,0,0,0,0,0,0,0,0,0,0,0,0,0,0,0,0,0,0,0,0,0,0,0,0,0,0,0,0,0,0,0,0,0,0,0,0,0,0,0,0,0,0,0,0,0,0,0,0,0,0,0,0,0,0,0,0,0,0,0,0,0,0,0,0,0,0,0,0,0,0,0,0,0,0,0,0,0,0,0,0,0,0,0,0,0,0,0,0,0,0,0,0,0,0,0,0,0,0,0,0,0,0,0,0,0,0,0,0,0,0,0,0,0,0,0,0,0,0,0,0,0,0,0,0,0,0,0,0,0,0,0,0,0,0,0,0,0,0,0,0,0,0,0,0,0,0,0,0,0,0,0,0,0,0,0,0,0,0,0,0,0,0,0,0,0,0,0,0,0,0,0,0,0,0,0,0,0,0,0,74,248,121,0,0,0,0,0,0,0,0,0,0,0,0,0,0,0,0,0,0,0,0,0,0,0,0,9,125,253,247,0,0,0,0,0,0,0,0,0,0,0,0,0,0,0,0,0,81,134,208,32,0,0,11,117,253,253,199,0,0,0,0,0,0,0,0,0,0,0,0,0,0,0,31,135,248,253,206,8,16,48,181,253,253,129,13,0,0,0,0,0,0,0,0,0,0,0,0,0,0,0,193,253,253,232,62,0,40,237,253,246,89,15,0,0,0,0,0,0,0,0,0,0,0,0,0,0,31,196,247,229,68,30,0,83,221,253,253,190,0,0,0,0,0,0,0,0,0,0,0,0,0,0,0,81,225,253,229,59,0,0,44,240,253,253,125,19,0,0,0,0,0,0,0,0,0,0,0,0,0,0,0,202,253,229,126,0,0,85,213,253,253,190,20,0,0,0,0,0,0,0,0,0,0,0,0,0,0,0,27,235,253,190,66,66,100,239,253,253,253,216,75,0,0,0,0,0,0,0,0,0,0,0,0,0,0,0,105,253,253,253,253,253,253,253,253,253,253,215,75,0,0,0,0,0,0,0,0,0,0,0,0,0,0,0,30,208,253,253,253,253,253,253,242,201,114,26,0,0,0,0,0,0,0,0,0,0,0,0,0,0,0,0,0,99,253,253,253,253,218,111,62,0,0,0,0,0,0,0,0,0,0,0,0,0,0,0,0,0,0,0,17,123,253,253,241,177,19,0,0,0,0,0,0,0,0,0,0,0,0,0,0,0,0,0,0,0,0,15,191,253,253,242,86,0,0,0,0,0,0,0,0,0,0,0,0,0,0,0,0,0,0,0,0,0,13,193,253,253,230,84,0,0,0,0,0,0,0,0,0,0,0,0,0,0,0,0,0,0,0,0,0,84,198,253,245,183,13,0,0,0,0,0,0,0,0,0,0,0,0,0,0,0,0,0,0,0,0,0,0,254,253,247,74,0,0,0,0,0,0,0,0,0,0,0,0,0,0,0,0,0,0,0,0,0,0,0,0,181,247,72,0,0,0,0,0,0,0,0,0,0,0,0,0,0,0,0,0,0,0,0,0,0,0,0,0,0,0,0,0,0,0,0,0,0,0,0,0,0,0,0,0,0,0,0,0,0,0,0,0,0,0,0,0,0,0,0,0,0,0,0,0,0,0,0,0,0,0,0,0,0,0,0,0,0,0,0,0,0,0,0,0,0,0,0,0,0,0,0,0,0,0,0,0,0,0,0,0,0,0,0,0,0,0,0,0,0,0,0,0,0,0,0,0,0,0,0,0,0,0,0,0,0,0,0,0,0,0,0,0,0,0,0
2,0,0,0,0,0,0,0,0,0,0,0,0,0,0,0,0,0,0,0,0,0,0,0,0,0,0,0,0,0,0,0,0,0,0,0,0,0,0,0,0,0,0,0,0,0,0,0,0,0,0,0,0,0,0,0,0,0,0,0,0,0,0,0,0,0,0,0,0,0,0,0,0,0,0,0,0,0,0,0,0,0,0,0,0,0,0,0,0,0,0,0,0,0,0,0,0,0,41,83,151,207,218,101,0,0,0,0,0,0,0,0,0,0,0,0,0,0,0,0,0,0,0,0,15,166,214,65,44,91,160,247,71,0,0,0,0,0,0,0,0,0,0,0,0,0,0,0,0,0,0,0,186,158,4,0,0,0,11,214,155,0,0,0,0,0,0,0,0,0,0,0,0,0,0,0,0,0,0,36,214,19,0,0,0,0,0,109,237,0,0,0,0,0,0,0,0,0,0,0,0,0,0,0,0,0,0,18,53,0,0,0,0,0,0,105,241,0,0,0,0,0,0,0,0,0,0,0,0,0,0,0,0,0,0,0,0,0,0,0,0,0,0,105,241,0,0,0,0,0,0,0,0,0,0,0,0,0,0,0,0,0,0,0,0,0,0,0,0,0,0,105,246,25,0,0,0,0,0,0,0,0,0,0,0,0,0,0,0,0,0,0,0,0,0,0,0,0,0,105,241,0,0,0,0,0,0,0,0,0,0,0,0,0,0,0,0,0,0,0,0,0,0,0,0,0,0,149,166,0,0,0,0,0,0,0,0,0,0,0,0,0,0,0,0,0,0,0,0,0,0,0,0,0,4,201,140,0,0,0,0,0,0,0,0,0,0,0,0,0,0,0,0,0,0,0,0,0,0,0,0,0,35,246,35,0,0,0,0,0,0,0,0,0,0,0,0,0,0,0,0,0,0,31,65,35,18,0,0,0,109,225,0,0,0,0,0,0,0,0,0,0,0,0,0,0,0,0,0,39,136,232,230,254,229,92,7,4,184,150,0,0,0,0,0,0,0,0,0,0,0,0,0,0,0,0,38,224,182,36,11,56,112,241,160,41,254,113,0,0,0,0,0,0,0,0,0,0,0,0,0,0,0,6,190,142,6,0,0,0,0,82,250,234,238,16,0,0,0,0,0,0,0,0,0,0,0,0,0,0,0,134,228,35,0,0,0,0,0,0,104,254,205,5,0,0,0,0,0,0,0,0,0,0,0,0,0,0,4,190,127,0,0,0,0,0,0,0,94,254,254,162,8,0,0,0,0,0,0,0,0,0,0,0,0,0,74,254,101,0,0,0,0,0,0,16,198,174,110,225,217,0,0,0,0,0,0,0,0,0,0,0,0,0,48,250,18,0,0,0,0,0,1,153,242,62,0,6,74,0,0,0,0,0,0,0,0,0,0,0,0,0,0,242,104,0,0,0,0,0,128,254,109,0,0,0,0,0,0,0,0,0,0,0,0,0,0,0,0,0,0,0,0,0,0,0,0,0,0,0,0,0,0,0,0,0,0,0,0,0,0,0,0,0,0,0,0,0,0,0,0,0,0,0,0,0,0,0,0,0,0,0,0,0,0,0,0,0,0,0,0,0,0,0,0,0,0,0,0,0,0,0,0,0,0,0,0,0,0,0,0,0,0,0,0,0,0,0,0,0,0,0,0,0,0,0,0,0,0,0,0,0,0,0,0,0,0,0,0,0,0,0,0,0,0,0,0,0,0,0,0,0,0,0,0,0,0,0,0,0,0,0,0,0,0,0,0,0,0,0,0,0,0,0,0
1,0,0,0,0,0,0,0,0,0,0,0,0,0,0,0,0,0,0,0,0,0,0,0,0,0,0,0,0,0,0,0,0,0,0,0,0,0,0,0,0,0,0,0,0,0,0,0,0,0,0,0,0,0,0,0,0,0,0,0,0,0,0,0,0,0,0,0,0,0,0,0,0,0,0,0,0,0,0,0,0,0,0,0,0,0,0,0,0,0,0,0,0,0,0,0,0,0,0,0,0,0,0,0,0,0,0,0,0,0,0,0,0,0,0,0,0,0,0,0,0,0,0,0,0,0,0,0,0,0,0,0,0,0,0,0,0,0,0,0,0,0,0,0,0,0,0,0,0,0,0,0,0,0,0,0,141,139,0,0,0,0,0,0,0,0,0,0,0,0,0,0,0,0,0,0,0,0,0,0,0,0,0,114,253,251,114,0,0,0,0,0,0,0,0,0,0,0,0,0,0,0,0,0,0,0,0,0,0,0,85,253,255,253,170,0,0,0,0,0,0,0,0,0,0,0,0,0,0,0,0,0,0,0,0,0,0,0,85,251,253,251,168,0,0,0,0,0,0,0,0,0,0,0,0,0,0,0,0,0,0,0,0,0,0,0,85,253,255,253,170,0,0,0,0,0,0,0,0,0,0,0,0,0,0,0,0,0,0,0,0,0,0,0,85,251,253,251,168,0,0,0,0,0,0,0,0,0,0,0,0,0,0,0,0,0,0,0,0,0,0,0,29,197,255,253,0,0,0,0,0,0,0,0,0,0,0,0,0,0,0,0,0,0,0,0,0,0,0,0,85,251,253,251,0,0,0,0,0,0,0,0,0,0,0,0,0,0,0,0,0,0,0,0,0,0,0,0,85,253,254,84,0,0,0,0,0,0,0,0,0,0,0,0,0,0,0,0,0,0,0,0,0,0,0,0,197,251,253,83,0,0,0,0,0,0,0,0,0,0,0,0,0,0,0,0,0,0,0,0,0,0,0,0,254,253,226,56,0,0,0,0,0,0,0,0,0,0,0,0,0,0,0,0,0,0,0,0,0,0,0,0,253,251,168,0,0,0,0,0,0,0,0,0,0,0,0,0,0,0,0,0,0,0,0,0,0,0,0,0,254,253,169,0,0,0,0,0,0,0,0,0,0,0,0,0,0,0,0,0,0,0,0,0,0,0,0,114,253,251,168,0,0,0,0,0,0,0,0,0,0,0,0,0,0,0,0,0,0,0,0,0,0,0,0,0,254,253,169,0,0,0,0,0,0,0,0,0,0,0,0,0,0,0,0,0,0,0,0,0,0,0,0,0,253,251,168,0,0,0,0,0,0,0,0,0,0,0,0,0,0,0,0,0,0,0,0,0,0,0,0,0,254,253,114,0,0,0,0,0,0,0,0,0,0,0,0,0,0,0,0,0,0,0,0,0,0,0,0,0,253,251,0,0,0,0,0,0,0,0,0,0,0,0,0,0,0,0,0,0,0,0,0,0,0,0,0,0,198,196,0,0,0,0,0,0,0,0,0,0,0,0,0,0,0,0,0,0,0,0,0,0,0,0,0,0,85,83,0,0,0,0,0,0,0,0,0,0,0,0,0,0,0,0,0,0,0,0,0,0,0,0,0,0,0,0,0,0,0,0,0,0,0,0,0,0,0,0,0,0,0,0,0,0,0,0,0,0,0,0,0,0,0,0,0,0,0,0,0,0,0,0,0,0,0,0,0,0,0,0,0,0,0,0,0,0,0,0,0,0,0,0,0,0,0,0,0,0,0,0,0,0,0,0,0
7,0,0,0,0,0,0,0,0,0,0,0,0,0,0,0,0,0,0,0,0,0,0,0,0,0,0,0,0,0,0,0,0,0,0,0,0,0,0,0,0,0,0,0,0,0,0,0,0,0,0,0,0,0,0,0,0,0,0,0,0,0,0,0,0,0,0,0,0,0,0,0,0,0,0,0,0,0,0,0,0,0,0,0,0,0,0,0,0,0,0,0,0,0,0,0,0,0,0,0,0,0,0,0,0,0,0,0,0,0,0,0,0,0,0,0,0,0,0,0,0,0,0,0,0,0,0,0,0,0,0,0,0,0,0,0,0,0,0,0,0,0,0,0,0,0,0,0,0,0,0,0,0,0,0,0,0,0,0,0,0,0,0,0,0,0,0,0,0,0,0,0,0,0,0,0,0,0,0,0,0,0,0,0,0,0,0,0,0,0,0,0,0,0,0,0,0,0,0,0,0,0,0,0,0,0,0,0,0,11,87,148,227,253,253,42,0,0,0,0,0,0,0,0,0,0,0,0,0,0,29,85,64,0,50,85,137,206,252,253,189,210,252,42,0,0,0,0,0,0,0,0,0,0,0,0,0,0,85,252,247,232,245,252,242,205,126,21,5,135,252,42,0,0,0,0,0,0,0,0,0,0,0,0,0,0,28,136,205,199,190,110,42,0,0,0,22,237,210,14,0,0,0,0,0,0,0,0,0,0,0,0,0,0,0,0,11,7,0,0,0,0,0,0,85,252,145,0,0,0,0,0,0,0,0,0,0,0,0,0,0,0,0,0,0,0,0,0,0,0,0,0,103,241,35,0,0,0,0,0,0,0,0,0,0,0,0,0,0,0,0,0,0,0,0,0,0,0,0,0,190,231,0,0,0,0,0,0,0,0,0,0,0,0,0,0,0,0,0,0,0,0,4,66,119,57,22,101,247,242,127,127,128,127,117,0,0,0,0,0,0,0,0,0,0,0,0,0,0,0,32,210,252,252,252,253,252,252,252,252,253,205,86,0,0,0,0,0,0,0,0,0,0,0,0,0,0,0,0,14,95,147,147,209,252,190,42,42,42,11,0,0,0,0,0,0,0,0,0,0,0,0,0,0,0,0,0,0,0,0,0,148,253,21,0,0,0,0,0,0,0,0,0,0,0,0,0,0,0,0,0,0,0,0,0,0,0,0,0,148,252,21,0,0,0,0,0,0,0,0,0,0,0,0,0,0,0,0,0,0,0,0,0,0,0,0,0,156,245,19,0,0,0,0,0,0,0,0,0,0,0,0,0,0,0,0,0,0,0,0,0,0,0,0,0,253,168,0,0,0,0,0,0,0,0,0,0,0,0,0,0,0,0,0,0,0,0,0,0,0,0,0,0,253,168,0,0,0,0,0,0,0,0,0,0,0,0,0,0,0,0,0,0,0,0,0,0,0,0,0,0,255,168,0,0,0,0,0,0,0,0,0,0,0,0,0,0,0,0,0,0,0,0,0,0,0,0,0,0,253,168,0,0,0,0,0,0,0,0,0,0,0,0,0,0,0,0,0,0,0,0,0,0,0,0,0,0,253,168,0,0,0,0,0,0,0,0,0,0,0,0,0,0,0,0,0,0,0,0,0,0,0,0,0,0,253,189,6,0,0,0,0,0,0,0,0,0,0,0,0,0,0,0,0,0,0,0,0,0,0,0,0,0,165,217,12,0,0,0,0,0,0,0,0,0,0,0,0,0,0,0,0,0,0,0,0,0,0,0,0,0,0,0,0,0,0,0,0,0,0,0,0,0,0,0
9,0,0,0,0,0,0,0,0,0,0,0,0,0,0,0,0,0,0,0,0,0,0,0,0,0,0,0,0,0,0,0,0,0,0,0,0,0,0,0,0,0,0,0,0,0,0,0,0,0,0,0,0,0,0,0,0,0,0,0,0,0,0,0,0,0,0,0,0,0,0,0,0,0,0,0,0,0,0,0,0,0,0,0,0,0,0,0,0,0,0,0,0,0,0,0,0,0,0,0,0,0,0,0,0,0,0,0,0,0,0,0,0,0,0,0,0,0,0,0,0,0,0,0,0,0,0,0,0,0,0,0,0,0,0,0,0,0,0,0,0,0,0,0,0,0,0,0,0,0,0,0,0,0,0,0,0,0,0,0,0,0,0,0,0,0,0,0,0,0,0,0,0,0,0,0,0,0,0,0,0,0,0,0,0,0,0,0,0,0,0,0,0,0,0,0,0,0,0,0,0,0,0,0,0,0,0,0,0,0,14,48,146,188,255,227,41,0,0,0,0,0,0,0,0,0,0,0,0,0,0,0,0,0,0,0,70,145,209,253,253,253,253,253,150,0,0,0,0,0,0,0,0,0,0,0,0,0,0,0,0,1,27,151,251,253,253,253,249,253,253,224,37,0,0,0,0,0,0,0,0,0,0,0,0,0,0,0,0,95,253,253,253,226,171,97,139,253,253,142,0,0,0,0,0,0,0,0,0,0,0,0,0,0,0,0,96,247,253,226,73,41,121,195,253,253,253,188,0,0,0,0,0,0,0,0,0,0,0,0,0,0,0,21,219,253,233,54,65,194,253,253,253,253,253,188,0,0,0,0,0,0,0,0,0,0,0,0,0,0,0,111,253,253,253,253,253,253,253,249,205,244,253,188,0,0,0,0,0,0,0,0,0,0,0,0,0,0,0,151,253,253,253,253,248,167,167,107,21,222,253,188,0,0,0,0,0,0,0,0,0,0,0,0,0,0,0,13,182,237,170,46,20,0,0,0,114,253,253,135,0,0,0,0,0,0,0,0,0,0,0,0,0,0,0,0,0,0,0,0,0,0,0,0,168,253,248,64,0,0,0,0,0,0,0,0,0,0,0,0,0,0,0,0,0,0,0,0,0,0,0,18,235,253,187,0,0,0,0,0,0,0,0,0,0,0,0,0,0,0,0,0,0,0,0,0,0,0,0,31,253,253,119,0,0,0,0,0,0,0,0,0,0,0,0,0,0,0,0,0,0,0,0,0,0,0,0,130,253,253,47,0,0,0,0,0,0,0,0,0,0,0,0,0,0,0,0,0,0,0,0,0,0,0,0,218,253,174,2,0,0,0,0,0,0,0,0,0,0,0,0,0,0,0,0,0,0,0,0,0,0,0,89,253,253,52,0,0,0,0,0,0,0,0,0,0,0,0,0,0,0,0,0,0,0,0,0,0,0,0,166,253,238,36,0,0,0,0,0,0,0,0,0,0,0,0,0,0,0,0,0,0,0,0,0,0,0,0,200,253,104,0,0,0,0,0,0,0,0,0,0,0,0,0,0,0,0,0,0,0,0,0,0,0,0,54,253,241,39,0,0,0,0,0,0,0,0,0,0,0,0,0,0,0,0,0,0,0,0,0,0,0,0,130,253,232,0,0,0,0,0,0,0,0,0,0,0,0,0,0,0,0,0,0,0,0,0,0,0,0,0,94,184,94,0,0,0,0,0,0,0,0,0,0,0,0,0,0,0,0,0,0,0,0,0,0,0,0,0,0,0,0,0,0,0,0,0,0,0,0,0,0,0,0,0
6,0,0,0,0,0,0,0,0,0,0,0,0,0,0,0,0,0,0,0,0,0,0,0,0,0,0,0,0,0,0,0,0,0,0,0,0,0,0,0,0,0,0,0,0,0,0,0,0,0,0,0,0,0,0,0,0,0,0,0,0,0,0,0,0,0,0,0,0,0,0,0,0,0,0,0,0,0,0,0,0,0,0,0,0,0,0,0,0,0,0,0,0,0,0,0,0,0,0,34,224,161,103,0,0,0,0,0,0,0,0,0,0,0,0,0,0,0,0,0,0,0,0,0,0,0,0,65,253,254,254,83,0,0,0,0,0,0,0,0,0,0,0,0,0,0,0,0,0,0,0,0,0,0,0,124,254,254,254,85,0,0,0,0,0,0,0,0,0,0,0,0,0,0,0,0,0,0,0,0,0,0,68,250,254,254,212,7,0,0,0,0,0,0,0,0,0,0,0,0,0,0,0,0,0,0,0,0,0,0,73,254,254,254,91,0,0,0,0,0,0,0,0,0,0,0,0,0,0,0,0,0,0,0,0,0,0,0,187,254,254,208,10,0,0,0,0,0,0,0,0,0,0,0,0,0,0,0,0,0,0,0,0,0,0,112,247,254,254,158,0,0,0,0,0,0,0,0,0,0,0,0,0,0,0,0,0,0,0,0,0,0,0,210,254,254,206,13,0,0,0,0,0,0,0,0,0,0,0,0,0,0,0,0,0,0,0,0,0,0,69,246,254,254,91,0,0,0,0,0,0,0,0,0,0,0,0,0,0,0,0,0,0,0,0,0,0,0,187,254,254,238,48,0,0,0,0,0,0,0,0,0,0,0,0,0,0,0,0,0,0,0,0,0,0,69,245,254,254,158,0,0,0,0,0,0,0,0,0,0,0,0,0,0,0,0,0,0,0,0,0,0,0,93,254,254,254,58,0,0,0,0,0,0,0,0,0,0,0,0,0,0,0,0,0,0,0,0,0,0,0,116,254,254,254,195,80,13,0,0,0,0,0,0,0,0,0,0,0,0,0,0,0,0,0,0,0,0,0,223,254,254,254,254,254,167,40,14,0,0,0,0,0,0,0,0,0,0,0,0,0,0,0,0,0,0,0,223,254,254,254,254,254,254,254,102,0,0,0,0,0,0,0,0,0,0,0,0,0,0,0,0,0,0,0,209,254,254,210,98,195,247,255,239,57,0,0,0,0,0,0,0,0,0,0,0,0,0,0,0,0,0,0,93,254,254,188,5,0,117,255,254,168,0,0,0,0,0,0,0,0,0,0,0,0,0,0,0,0,0,0,40,226,254,254,169,144,224,254,254,215,0,0,0,0,0,0,0,0,0,0,0,0,0,0,0,0,0,0,0,40,225,253,255,254,254,255,230,42,0,0,0,0,0,0,0,0,0,0,0,0,0,0,0,0,0,0,0,0,0,99,124,221,227,124,41,0,0,0,0,0,0,0,0,0,0,0,0,0,0,0,0,0,0,0,0,0,0,0,0,0,0,0,0,0,0,0,0,0,0,0,0,0,0,0,0,0,0,0,0,0,0,0,0,0,0,0,0,0,0,0,0,0,0,0,0,0,0,0,0,0,0,0,0,0,0,0,0,0,0,0,0,0,0,0,0,0,0,0,0,0,0,0,0,0,0,0,0,0,0,0,0,0,0,0,0,0,0,0,0,0,0,0,0,0,0,0,0,0,0,0,0,0,0,0,0,0,0,0,0,0,0,0,0,0,0,0,0,0,0,0,0,0,0,0,0,0,0,0,0,0,0,0,0,0
1,0,0,0,0,0,0,0,0,0,0,0,0,0,0,0,0,0,0,0,0,0,0,0,0,0,0,0,0,0,0,0,0,0,0,0,0,0,0,0,0,0,0,0,0,0,0,0,0,0,0,0,0,0,0,0,0,0,0,0,0,0,0,0,0,0,0,0,0,0,0,0,0,0,0,0,0,0,0,0,0,0,0,0,0,0,0,0,0,0,0,0,0,0,0,0,0,0,0,0,0,0,0,0,0,0,0,0,0,0,0,0,0,0,0,0,0,0,0,0,0,0,0,0,0,0,0,0,0,163,102,0,0,0,0,0,0,0,0,0,0,0,0,0,0,0,0,0,0,0,0,0,0,0,0,0,0,162,183,0,0,0,0,0,0,0,0,0,0,0,0,0,0,0,0,0,0,0,0,0,0,0,0,0,72,253,203,0,0,0,0,0,0,0,0,0,0,0,0,0,0,0,0,0,0,0,0,0,0,0,0,0,152,252,122,0,0,0,0,0,0,0,0,0,0,0,0,0,0,0,0,0,0,0,0,0,0,0,0,0,152,253,102,0,0,0,0,0,0,0,0,0,0,0,0,0,0,0,0,0,0,0,0,0,0,0,0,0,193,252,20,0,0,0,0,0,0,0,0,0,0,0,0,0,0,0,0,0,0,0,0,0,0,0,0,62,254,192,0,0,0,0,0,0,0,0,0,0,0,0,0,0,0,0,0,0,0,0,0,0,0,0,0,102,253,151,0,0,0,0,0,0,0,0,0,0,0,0,0,0,0,0,0,0,0,0,0,0,0,0,0,203,254,91,0,0,0,0,0,0,0,0,0,0,0,0,0,0,0,0,0,0,0,0,0,0,0,0,0,203,233,30,0,0,0,0,0,0,0,0,0,0,0,0,0,0,0,0,0,0,0,0,0,0,0,0,72,253,142,0,0,0,0,0,0,0,0,0,0,0,0,0,0,0,0,0,0,0,0,0,0,0,0,0,152,252,102,0,0,0,0,0,0,0,0,0,0,0,0,0,0,0,0,0,0,0,0,0,0,0,0,0,254,253,102,0,0,0,0,0,0,0,0,0,0,0,0,0,0,0,0,0,0,0,0,0,0,0,0,41,253,252,61,0,0,0,0,0,0,0,0,0,0,0,0,0,0,0,0,0,0,0,0,0,0,0,0,123,254,192,0,0,0,0,0,0,0,0,0,0,0,0,0,0,0,0,0,0,0,0,0,0,0,0,0,203,253,111,0,0,0,0,0,0,0,0,0,0,0,0,0,0,0,0,0,0,0,0,0,0,0,0,0,204,255,50,0,0,0,0,0,0,0,0,0,0,0,0,0,0,0,0,0,0,0,0,0,0,0,0,41,243,253,50,0,0,0,0,0,0,0,0,0,0,0,0,0,0,0,0,0,0,0,0,0,0,0,0,51,253,244,40,0,0,0,0,0,0,0,0,0,0,0,0,0,0,0,0,0,0,0,0,0,0,0,0,10,212,122,0,0,0,0,0,0,0,0,0,0,0,0,0,0,0,0,0,0,0,0,0,0,0,0,0,0,0,0,0,0,0,0,0,0,0,0,0,0,0,0,0,0,0,0,0,0,0,0,0,0,0,0,0,0,0,0,0,0,0,0,0,0,0,0,0,0,0,0,0,0,0,0,0,0,0,0,0,0,0,0,0,0,0,0,0,0,0,0,0,0,0,0,0,0,0,0,0,0,0,0,0,0,0,0,0,0,0,0,0,0,0,0,0,0,0,0,0,0,0,0,0,0,0,0,0,0
1,0,0,0,0,0,0,0,0,0,0,0,0,0,0,0,0,0,0,0,0,0,0,0,0,0,0,0,0,0,0,0,0,0,0,0,0,0,0,0,0,0,0,0,0,0,0,0,0,0,0,0,0,0,0,0,0,0,0,0,0,0,0,0,0,0,0,0,0,0,0,0,0,0,0,0,0,0,0,0,0,0,0,0,0,0,0,0,0,0,0,0,0,0,0,0,0,0,0,0,0,0,0,0,0,0,0,0,0,0,0,0,0,0,0,0,0,0,0,0,0,0,0,0,0,0,0,0,135,255,43,0,0,0,0,0,0,0,0,0,0,0,0,0,0,0,0,0,0,0,0,0,0,0,0,0,75,253,43,0,0,0,0,0,0,0,0,0,0,0,0,0,0,0,0,0,0,0,0,0,0,0,0,0,144,253,113,0,0,0,0,0,0,0,0,0,0,0,0,0,0,0,0,0,0,0,0,0,0,0,0,0,199,253,166,0,0,0,0,0,0,0,0,0,0,0,0,0,0,0,0,0,0,0,0,0,0,0,0,0,199,253,166,0,0,0,0,0,0,0,0,0,0,0,0,0,0,0,0,0,0,0,0,0,0,0,0,11,207,253,88,0,0,0,0,0,0,0,0,0,0,0,0,0,0,0,0,0,0,0,0,0,0,0,0,90,253,253,43,0,0,0,0,0,0,0,0,0,0,0,0,0,0,0,0,0,0,0,0,0,0,0,0,192,253,253,43,0,0,0,0,0,0,0,0,0,0,0,0,0,0,0,0,0,0,0,0,0,0,0,72,236,253,196,13,0,0,0,0,0,0,0,0,0,0,0,0,0,0,0,0,0,0,0,0,0,0,42,235,253,235,70,0,0,0,0,0,0,0,0,0,0,0,0,0,0,0,0,0,0,0,0,0,0,0,56,253,253,145,0,0,0,0,0,0,0,0,0,0,0,0,0,0,0,0,0,0,0,0,0,0,0,0,153,253,200,12,0,0,0,0,0,0,0,0,0,0,0,0,0,0,0,0,0,0,0,0,0,0,0,80,239,253,85,0,0,0,0,0,0,0,0,0,0,0,0,0,0,0,0,0,0,0,0,0,0,0,0,174,253,253,61,0,0,0,0,0,0,0,0,0,0,0,0,0,0,0,0,0,0,0,0,0,0,0,0,174,253,200,9,0,0,0,0,0,0,0,0,0,0,0,0,0,0,0,0,0,0,0,0,0,0,0,39,244,253,142,0,0,0,0,0,0,0,0,0,0,0,0,0,0,0,0,0,0,0,0,0,0,0,0,44,253,226,35,0,0,0,0,0,0,0,0,0,0,0,0,0,0,0,0,0,0,0,0,0,0,0,0,159,253,229,38,0,0,0,0,0,0,0,0,0,0,0,0,0,0,0,0,0,0,0,0,0,0,0,36,249,253,139,0,0,0,0,0,0,0,0,0,0,0,0,0,0,0,0,0,0,0,0,0,0,0,0,20,211,229,38,0,0,0,0,0,0,0,0,0,0,0,0,0,0,0,0,0,0,0,0,0,0,0,0,0,0,0,0,0,0,0,0,0,0,0,0,0,0,0,0,0,0,0,0,0,0,0,0,0,0,0,0,0,0,0,0,0,0,0,0,0,0,0,0,0,0,0,0,0,0,0,0,0,0,0,0,0,0,0,0,0,0,0,0,0,0,0,0,0,0,0,0,0,0,0,0,0,0,0,0,0,0,0,0,0,0,0,0,0,0,0,0,0,0,0,0,0,0,0,0,0,0,0,0,0,0,0
2,0,0,0,0,0,0,0,0,0,0,0,0,0,0,0,0,0,0,0,0,0,0,0,0,0,0,0,0,0,0,0,0,0,0,0,0,0,0,0,0,0,0,0,0,0,0,0,0,0,0,0,0,0,0,0,0,0,0,0,0,0,0,0,0,0,0,0,0,0,0,0,0,0,0,0,0,0,0,0,0,0,0,0,0,0,0,0,0,0,0,0,0,0,0,0,0,0,0,0,0,0,0,0,0,0,0,0,0,0,0,0,0,0,0,0,0,0,0,0,0,0,0,0,0,0,37,150,254,255,171,20,0,0,0,0,0,0,0,0,0,0,0,0,0,0,0,0,0,0,0,0,71,194,240,254,233,230,254,92,0,0,0,0,0,0,0,0,0,0,0,0,0,0,0,0,0,0,0,148,244,254,234,83,20,49,254,177,0,0,0,0,0,0,0,0,0,0,0,0,0,0,0,0,0,62,225,253,217,68,4,0,0,49,254,177,0,0,0,0,0,0,0,0,0,0,0,0,0,0,0,0,16,224,254,181,34,0,0,0,0,130,254,96,0,0,0,0,0,0,0,0,0,0,0,0,0,0,0,0,228,254,190,30,0,0,0,0,0,213,249,54,0,0,0,0,0,0,0,0,0,0,0,0,0,0,0,0,254,248,53,0,0,0,0,0,18,243,219,0,0,0,0,0,0,0,0,0,0,0,0,0,0,0,0,0,43,38,0,0,0,0,0,9,196,254,100,0,0,0,0,0,0,0,0,0,0,0,0,0,0,0,0,0,0,0,0,0,0,0,0,51,254,189,15,0,0,0,0,0,0,0,0,0,0,0,0,0,0,0,0,0,0,0,0,0,0,0,0,170,254,19,0,0,0,0,0,0,0,0,0,0,0,0,0,0,0,0,0,0,0,0,0,0,0,0,44,246,212,8,0,0,0,0,0,0,0,0,0,0,0,0,0,0,0,0,0,0,0,0,0,0,0,0,119,240,25,0,0,0,0,0,0,0,0,0,0,0,0,0,0,0,0,0,0,0,0,0,0,0,0,48,243,181,0,0,0,0,0,0,0,0,0,0,0,0,0,0,0,0,0,0,0,0,0,0,0,0,14,192,231,45,0,0,0,0,0,0,0,0,0,0,0,0,0,0,0,0,0,0,0,0,0,0,0,0,147,254,173,0,0,0,0,0,0,0,0,0,0,0,0,0,0,0,0,0,0,0,0,0,0,0,0,31,236,240,17,0,0,0,0,0,0,2,39,54,134,134,134,84,0,0,0,0,0,0,0,0,0,0,0,132,254,129,0,0,0,3,11,102,153,199,254,254,252,223,140,36,0,0,0,0,0,0,0,0,0,0,0,215,238,26,15,75,163,214,254,254,242,186,159,91,55,0,0,0,0,0,0,0,0,0,0,0,0,0,82,253,251,226,231,254,243,220,141,59,24,0,0,0,0,0,0,0,0,0,0,0,0,0,0,0,0,0,57,252,254,184,137,62,42,0,0,0,0,0,0,0,0,0,0,0,0,0,0,0,0,0,0,0,0,0,0,0,0,0,0,0,0,0,0,0,0,0,0,0,0,0,0,0,0,0,0,0,0,0,0,0,0,0,0,0,0,0,0,0,0,0,0,0,0,0,0,0,0,0,0,0,0,0,0,0,0,0,0,0,0,0,0,0,0,0,0,0,0,0,0,0,0,0,0,0,0,0,0,0,0,0,0,0,0,0,0,0,0,0,0,0,0,0,0,0,0,0,0,0,0,0,0,0,0,0,0,0,0
4,0,0,0,0,0,0,0,0,0,0,0,0,0,0,0,0,0,0,0,0,0,0,0,0,0,0,0,0,0,0,0,0,0,0,0,0,0,0,0,0,0,0,0,0,0,0,0,0,0,0,0,0,0,0,0,0,0,0,0,0,0,0,0,0,0,0,0,0,0,0,0,0,0,0,0,0,0,0,0,0,0,0,0,0,0,0,0,0,0,0,0,0,0,0,0,0,0,0,0,0,0,0,0,0,0,0,0,0,0,0,0,0,0,0,0,0,0,0,0,0,0,0,0,0,0,0,0,0,0,0,0,0,0,0,0,0,0,0,0,0,0,0,0,0,0,0,0,0,0,0,0,0,0,0,0,0,0,0,0,0,0,0,0,0,0,0,0,0,0,0,0,0,0,0,0,0,0,5,67,3,0,0,0,0,122,22,0,0,0,0,0,0,0,0,0,0,0,0,0,0,0,0,0,0,8,159,254,23,0,0,0,0,198,168,0,0,0,0,0,0,0,0,0,0,0,0,0,0,0,0,0,0,48,254,254,103,0,0,0,0,198,178,0,0,0,0,0,0,0,0,0,0,0,0,0,0,0,0,0,0,76,254,197,35,0,0,0,0,198,178,0,0,0,0,0,0,0,0,0,0,0,0,0,0,0,0,0,71,246,250,103,0,0,0,0,0,198,248,17,0,0,0,0,0,0,0,0,0,0,0,0,0,0,0,50,221,254,157,0,0,0,0,0,0,198,254,96,0,0,0,0,0,0,0,0,0,0,0,0,0,0,0,104,254,254,110,0,0,0,0,0,0,198,254,113,0,0,0,0,0,0,0,0,0,0,0,0,0,0,0,195,254,208,2,0,0,49,36,128,106,196,254,249,168,217,78,9,0,0,0,0,0,0,0,0,0,0,89,245,254,229,123,189,217,248,240,254,254,254,254,254,254,254,240,37,0,0,0,0,0,0,0,0,0,0,226,254,254,254,254,254,254,254,254,255,254,254,254,254,254,254,218,72,0,0,0,0,0,0,0,0,0,0,227,254,254,254,200,188,98,95,25,36,0,139,254,113,0,0,0,0,0,0,0,0,0,0,0,0,0,0,74,84,28,63,5,0,0,0,0,0,0,104,254,113,0,0,0,0,0,0,0,0,0,0,0,0,0,0,0,0,0,0,0,0,0,0,0,0,0,104,254,113,0,0,0,0,0,0,0,0,0,0,0,0,0,0,0,0,0,0,0,0,0,0,0,0,0,104,254,113,0,0,0,0,0,0,0,0,0,0,0,0,0,0,0,0,0,0,0,0,0,0,0,0,0,17,254,244,44,0,0,0,0,0,0,0,0,0,0,0,0,0,0,0,0,0,0,0,0,0,0,0,0,10,254,254,54,0,0,0,0,0,0,0,0,0,0,0,0,0,0,0,0,0,0,0,0,0,0,0,0,10,254,254,175,0,0,0,0,0,0,0,0,0,0,0,0,0,0,0,0,0,0,0,0,0,0,0,0,10,254,254,50,0,0,0,0,0,0,0,0,0,0,0,0,0,0,0,0,0,0,0,0,0,0,0,0,5,213,254,92,0,0,0,0,0,0,0,0,0,0,0,0,0,0,0,0,0,0,0,0,0,0,0,0,0,134,236,54,0,0,0,0,0,0,0,0,0,0,0,0,0,0,0,0,0,0,0,0,0,0,0,0,0,0,0,0,0,0,0,0,0,0,0,0,0,0,0,0,0,0,0,0,0,0,0,0,0,0,0,0,0,0,0,0,0,0,0,0,0,0,0,0
8,0,0,0,0,0,0,0,0,0,0,0,0,0,0,0,0,0,0,0,0,0,0,0,0,0,0,0,0,0,0,0,0,0,0,0,0,0,0,0,0,0,0,0,0,0,0,0,0,0,0,0,0,0,0,0,0,0,0,0,0,0,0,0,0,0,0,0,0,0,0,0,0,0,0,0,0,0,0,0,0,0,0,0,0,0,0,0,0,0,0,0,0,0,0,0,0,0,0,0,0,0,0,0,0,0,0,0,0,0,0,0,0,0,0,0,0,0,0,0,0,0,0,0,0,0,0,0,0,171,253,253,253,63,0,0,0,0,0,0,0,0,0,0,0,0,0,0,0,0,0,0,0,0,0,32,217,253,252,252,252,238,72,0,0,0,0,0,0,0,0,0,0,0,0,0,0,0,0,0,0,0,0,58,252,253,252,226,175,253,179,0,0,0,0,0,0,0,0,0,0,0,0,0,0,0,0,0,0,0,1,181,252,253,252,132,144,253,179,0,0,0,0,0,0,0,0,0,0,0,0,0,0,0,0,0,0,47,232,252,252,206,20,79,191,253,179,0,0,0,0,0,0,0,0,0,0,0,0,0,0,0,0,0,42,233,252,252,252,20,0,181,252,253,179,0,0,0,0,0,0,0,0,0,0,0,0,0,0,0,0,0,144,253,252,252,252,182,181,232,252,237,71,0,0,0,0,0,0,0,0,0,0,0,0,0,0,0,0,0,144,253,252,252,252,253,252,252,252,62,0,0,0,0,0,0,0,0,0,0,0,0,0,0,0,0,32,109,191,255,253,253,253,255,253,175,62,0,0,0,0,0,0,0,0,0,0,0,0,0,0,0,0,0,115,252,252,253,252,252,252,253,252,71,0,0,0,0,0,0,0,0,0,0,0,0,0,0,0,0,1,99,242,252,231,232,252,252,252,253,252,180,16,0,0,0,0,0,0,0,0,0,0,0,0,0,0,0,1,252,252,148,46,47,108,108,108,170,252,252,190,0,0,0,0,0,0,0,0,0,0,0,0,0,0,0,1,253,222,41,0,0,0,0,0,0,125,222,253,0,0,0,0,0,0,0,0,0,0,0,0,0,0,11,155,252,179,0,0,0,0,0,0,0,0,181,252,0,0,0,0,0,0,0,0,0,0,0,0,0,0,140,252,252,158,0,0,0,0,0,0,16,78,232,252,0,0,0,0,0,0,0,0,0,0,0,0,0,0,181,252,252,35,0,0,0,0,0,0,109,252,252,252,0,0,0,0,0,0,0,0,0,0,0,0,0,0,182,253,253,180,0,0,0,0,16,109,255,253,237,62,0,0,0,0,0,0,0,0,0,0,0,0,0,0,46,221,252,242,114,155,218,217,222,252,253,252,91,0,0,0,0,0,0,0,0,0,0,0,0,0,0,0,0,41,231,252,252,252,253,252,252,252,237,174,20,0,0,0,0,0,0,0,0,0,0,0,0,0,0,0,0,0,47,148,252,252,253,128,108,108,62,0,0,0,0,0,0,0,0,0,0,0,0,0,0,0,0,0,0,0,0,0,0,0,0,0,0,0,0,0,0,0,0,0,0,0,0,0,0,0,0,0,0,0,0,0,0,0,0,0,0,0,0,0,0,0,0,0,0,0,0,0,0,0,0,0,0,0,0,0,0,0,0,0,0,0,0,0,0,0,0,0,0,0,0,0,0,0,0,0,0,0,0,0,0,0,0,0,0,0,0,0,0,0,0,0,0,0,0,0,0,0,0,0,0,0,0,0,0,0,0,0,0,0
1,0,0,0,0,0,0,0,0,0,0,0,0,0,0,0,0,0,0,0,0,0,0,0,0,0,0,0,0,0,0,0,0,0,0,0,0,0,0,0,0,0,0,0,0,0,0,0,0,0,0,0,0,0,0,0,0,0,0,0,0,0,0,0,0,0,0,0,0,0,0,0,0,0,0,0,0,0,0,0,0,0,0,0,0,0,0,0,0,0,0,0,0,0,0,0,0,0,0,0,0,0,0,0,0,0,0,0,0,0,0,0,0,0,0,0,0,0,0,0,0,0,0,0,0,0,0,0,0,0,0,0,0,0,0,0,0,0,0,0,0,0,0,0,0,0,0,0,0,0,0,0,0,0,0,32,212,253,192,78,0,0,0,0,0,0,0,0,0,0,0,0,0,0,0,0,0,0,0,0,0,0,0,73,252,252,253,242,186,0,0,0,0,0,0,0,0,0,0,0,0,0,0,0,0,0,0,0,0,0,0,176,252,252,253,252,112,0,0,0,0,0,0,0,0,0,0,0,0,0,0,0,0,0,0,0,0,0,0,217,252,252,253,252,71,0,0,0,0,0,0,0,0,0,0,0,0,0,0,0,0,0,0,0,0,0,0,217,252,252,253,179,0,0,0,0,0,0,0,0,0,0,0,0,0,0,0,0,0,0,0,0,0,0,32,227,252,252,253,138,0,0,0,0,0,0,0,0,0,0,0,0,0,0,0,0,0,0,0,0,0,0,129,252,252,252,175,10,0,0,0,0,0,0,0,0,0,0,0,0,0,0,0,0,0,0,0,0,0,0,253,252,252,252,144,0,0,0,0,0,0,0,0,0,0,0,0,0,0,0,0,0,0,0,0,0,0,145,255,253,253,253,145,0,0,0,0,0,0,0,0,0,0,0,0,0,0,0,0,0,0,0,0,0,0,144,253,252,252,210,20,0,0,0,0,0,0,0,0,0,0,0,0,0,0,0,0,0,0,0,0,0,6,160,253,252,246,92,0,0,0,0,0,0,0,0,0,0,0,0,0,0,0,0,0,0,0,0,0,0,120,252,253,252,215,0,0,0,0,0,0,0,0,0,0,0,0,0,0,0,0,0,0,0,0,0,0,73,253,253,255,253,217,0,0,0,0,0,0,0,0,0,0,0,0,0,0,0,0,0,0,0,0,0,0,73,252,252,253,231,71,0,0,0,0,0,0,0,0,0,0,0,0,0,0,0,0,0,0,0,0,0,0,94,252,252,253,158,0,0,0,0,0,0,0,0,0,0,0,0,0,0,0,0,0,0,0,0,0,0,0,217,252,252,253,35,0,0,0,0,0,0,0,0,0,0,0,0,0,0,0,0,0,0,0,0,0,0,47,233,253,253,208,20,0,0,0,0,0,0,0,0,0,0,0,0,0,0,0,0,0,0,0,0,0,0,78,242,252,252,104,0,0,0,0,0,0,0,0,0,0,0,0,0,0,0,0,0,0,0,0,0,0,0,0,196,252,252,21,0,0,0,0,0,0,0,0,0,0,0,0,0,0,0,0,0,0,0,0,0,0,0,0,31,108,190,62,0,0,0,0,0,0,0,0,0,0,0,0,0,0,0,0,0,0,0,0,0,0,0,0,0,0,0,0,0,0,0,0,0,0,0,0,0,0,0,0,0,0,0,0,0,0,0,0,0,0,0,0,0,0,0,0,0,0,0,0,0,0,0,0,0,0,0,0,0,0,0,0,0,0,0,0,0,0,0,0,0,0,0,0,0,0,0,0,0,0,0,0,0,0,0,0,0,0
7,0,0,0,0,0,0,0,0,0,0,0,0,0,0,0,0,0,0,0,0,0,0,0,0,0,0,0,0,0,0,0,0,0,0,0,0,0,0,0,0,0,0,0,0,0,0,0,0,0,0,0,0,0,0,0,0,0,0,0,0,0,0,0,0,0,0,0,0,0,0,0,0,0,0,0,0,0,0,0,0,0,0,0,0,0,0,0,0,0,0,0,0,0,0,0,0,0,0,0,0,0,0,0,0,0,0,0,0,0,0,0,0,0,0,0,0,0,0,0,0,0,0,0,0,0,0,0,0,0,0,0,0,0,0,0,0,0,0,0,0,0,0,0,0,0,0,0,0,0,0,0,0,0,0,0,0,0,0,0,0,0,0,0,0,0,0,0,0,0,0,0,0,0,0,0,0,0,0,0,0,0,0,0,0,0,0,0,0,0,0,0,0,0,0,0,0,0,0,0,0,0,60,88,88,28,4,0,0,0,0,0,0,0,0,0,0,0,0,0,0,0,0,0,0,0,0,0,0,0,201,254,254,254,247,139,92,92,53,9,2,0,0,0,0,0,0,0,0,0,0,0,0,0,0,0,0,0,254,187,158,130,158,221,247,254,254,254,191,179,179,179,179,103,7,0,0,0,0,0,0,0,0,0,0,0,254,79,0,0,0,0,32,71,137,153,153,170,237,237,252,254,16,0,0,0,0,0,0,0,0,0,0,0,254,140,0,0,0,0,0,0,0,0,0,0,0,5,231,248,15,0,0,0,0,0,0,0,0,0,0,0,246,162,0,0,0,0,0,0,0,0,0,0,0,103,254,179,0,0,0,0,0,0,0,0,0,0,0,0,236,162,0,0,0,0,0,0,0,0,0,0,25,238,254,67,0,0,0,0,0,0,0,0,0,0,0,0,255,162,0,0,0,0,0,0,0,0,0,0,158,254,245,18,0,0,0,0,0,0,0,0,0,0,0,0,254,174,0,0,0,0,0,0,0,0,0,8,226,254,85,10,38,118,202,204,0,0,0,0,0,0,0,0,254,190,0,0,0,119,103,126,126,126,83,112,254,254,213,220,254,228,212,103,0,0,0,0,0,0,0,0,125,39,0,0,0,0,56,226,254,254,254,254,254,254,242,208,129,20,0,0,0,0,0,0,0,0,0,0,0,0,0,0,0,0,0,41,121,121,144,254,254,117,28,0,0,0,0,0,0,0,0,0,0,0,0,0,0,0,0,0,0,0,0,0,0,0,46,254,254,29,0,0,0,0,0,0,0,0,0,0,0,0,0,0,0,0,0,0,0,0,0,0,0,0,121,254,223,13,0,0,0,0,0,0,0,0,0,0,0,0,0,0,0,0,0,0,0,0,0,0,0,0,177,254,179,0,0,0,0,0,0,0,0,0,0,0,0,0,0,0,0,0,0,0,0,0,0,0,0,0,163,254,165,0,0,0,0,0,0,0,0,0,0,0,0,0,0,0,0,0,0,0,0,0,0,0,0,0,152,254,148,0,0,0,0,0,0,0,0,0,0,0,0,0,0,0,0,0,0,0,0,0,0,0,0,0,213,254,117,0,0,0,0,0,0,0,0,0,0,0,0,0,0,0,0,0,0,0,0,0,0,0,0,0,132,254,91,0,0,0,0,0,0,0,0,0,0,0,0,0,0,0,0,0,0,0,0,0,0,0,0,0,2,4,1,0,0,0,0,0,0,0,0,0,0,0,0,0,0,0,0,0,0,0,0,0,0,0,0,0,0,0,0,0,0,0,0,0,0,0,0,0,0
7,0,0,0,0,0,0,0,0,0,0,0,0,0,0,0,0,0,0,0,0,0,0,0,0,0,0,0,0,0,0,0,0,0,0,0,0,0,0,0,0,0,0,0,0,0,0,0,0,0,0,0,0,0,0,0,0,0,0,0,0,0,0,0,0,0,0,0,0,0,0,0,0,0,0,0,0,0,0,0,0,0,0,0,0,0,0,0,0,0,0,0,0,0,0,0,0,0,0,0,0,0,0,0,0,0,0,0,0,0,0,0,0,0,0,0,0,0,0,0,0,0,0,0,0,0,0,0,0,0,0,0,0,0,0,0,0,0,0,0,0,0,0,0,0,0,0,0,0,0,0,0,0,0,0,0,0,0,0,0,0,0,0,0,0,0,0,0,0,0,0,0,0,0,0,0,0,0,0,0,45,124,165,234,255,226,64,0,0,0,0,0,0,0,0,0,0,0,0,0,0,0,0,0,0,25,125,152,242,221,180,103,103,203,222,13,0,0,0,0,0,0,0,0,0,0,0,0,0,0,0,0,84,236,204,148,64,13,0,0,0,90,254,102,0,0,0,0,0,0,0,0,0,0,0,0,0,0,0,0,4,38,0,0,0,0,0,0,0,13,247,111,0,0,0,0,0,0,0,0,0,0,0,0,0,0,0,0,0,0,0,0,0,0,0,0,0,8,246,111,0,0,0,0,0,0,0,0,0,0,0,0,0,0,0,0,0,0,0,0,0,0,0,0,0,81,254,77,0,0,0,0,0,0,0,0,0,0,0,0,0,0,0,0,0,0,0,0,0,0,0,0,0,141,231,15,0,0,0,0,0,0,0,0,0,0,0,0,0,0,0,0,0,0,0,0,0,0,0,0,3,223,130,0,0,0,0,0,0,0,0,0,0,0,0,0,0,0,0,0,0,0,0,0,0,0,0,0,57,254,98,0,0,0,0,0,0,0,0,0,0,0,0,0,0,0,0,0,0,0,0,0,0,0,0,0,141,254,19,0,0,0,0,0,0,0,0,0,0,0,0,0,0,0,0,0,0,0,0,0,0,0,0,9,217,144,2,0,0,0,0,0,0,0,0,0,0,0,0,0,0,0,0,0,0,0,0,0,0,0,0,126,245,49,0,0,0,0,0,0,0,0,0,0,0,0,0,0,0,0,0,0,0,0,0,0,0,0,14,218,128,0,0,0,0,0,0,0,0,0,0,0,0,0,0,0,0,0,0,0,0,0,0,0,0,0,180,248,49,0,0,0,0,0,0,0,0,0,0,0,0,0,0,0,0,0,0,0,0,0,0,0,0,12,221,126,0,0,0,0,0,0,0,0,0,0,0,0,0,0,0,0,0,0,0,0,0,0,0,0,13,183,247,46,0,0,0,0,0,0,0,0,0,0,0,0,0,0,0,0,0,0,0,0,0,0,0,0,135,254,131,0,0,0,0,0,0,0,0,0,0,0,0,0,0,0,0,0,0,0,0,0,0,0,0,109,170,249,40,0,0,0,0,0,0,0,0,0,0,0,0,0,0,0,0,0,0,0,0,0,0,0,5,250,251,135,0,0,0,0,0,0,0,0,0,0,0,0,0,0,0,0,0,0,0,0,0,0,0,0,85,254,164,0,0,0,0,0,0,0,0,0,0,0,0,0,0,0,0,0,0,0,0,0,0,0,0,0,0,0,0,0,0,0,0,0,0,0,0,0,0,0,0,0,0,0,0,0,0,0,0,0,0,0,0,0,0,0,0,0,0,0,0,0,0,0,0,0,0,0,0,0,0,0,0
4,0,0,0,0,0,0,0,0,0,0,0,0,0,0,0,0,0,0,0,0,0,0,0,0,0,0,0,0,0,0,0,0,0,0,0,0,0,0,0,0,0,0,0,0,0,0,0,0,0,0,0,0,0,0,0,0,0,0,0,0,0,0,0,0,0,0,0,0,0,0,0,0,0,0,0,0,0,0,0,0,0,0,0,0,0,0,0,0,0,0,0,0,0,0,0,0,0,0,0,0,0,0,0,0,0,0,0,0,0,0,0,0,0,0,0,0,0,0,0,0,0,0,0,0,0,0,0,0,0,0,0,0,0,0,0,0,0,0,0,0,0,0,0,0,0,0,0,0,231,208,19,0,0,0,0,0,0,0,0,0,0,0,0,0,0,0,0,0,0,0,0,0,0,0,0,0,230,207,19,0,0,0,0,0,0,0,0,74,49,0,0,0,0,0,0,0,0,0,0,0,0,0,0,0,230,254,39,0,0,0,0,0,0,0,32,250,237,49,0,0,0,0,0,0,0,0,0,0,0,0,0,0,230,254,39,0,0,0,0,0,0,0,88,254,254,111,0,0,0,0,0,0,0,0,0,0,0,0,0,41,239,254,39,0,0,0,0,0,0,0,164,254,247,68,0,0,0,0,0,0,0,0,0,0,0,0,0,152,254,174,5,0,0,0,0,0,0,15,197,254,121,0,0,0,0,0,0,0,0,0,0,0,0,0,0,236,254,162,0,0,0,0,0,0,0,40,254,254,104,0,0,0,0,0,0,0,0,0,0,0,0,0,0,236,254,162,0,0,0,0,0,0,0,81,254,254,104,0,0,0,0,0,0,0,0,0,0,0,0,0,90,251,254,162,0,0,0,0,0,0,0,170,254,247,75,0,0,0,0,0,0,0,0,0,0,0,0,0,112,254,254,186,66,66,103,197,197,197,197,235,254,249,81,0,0,0,0,0,0,0,0,0,0,0,0,0,112,254,254,254,254,254,254,254,254,254,254,254,254,254,104,0,0,0,0,0,0,0,0,0,0,0,0,0,89,251,254,254,254,211,202,202,202,202,202,237,254,254,104,0,0,0,0,0,0,0,0,0,0,0,0,0,0,127,208,161,78,14,0,0,0,0,0,147,254,255,128,0,0,0,0,0,0,0,0,0,0,0,0,0,0,0,0,0,0,0,0,0,0,0,0,128,254,254,214,0,0,0,0,0,0,0,0,0,0,0,0,0,0,0,0,0,0,0,0,0,0,0,0,170,254,254,104,0,0,0,0,0,0,0,0,0,0,0,0,0,0,0,0,0,0,0,0,0,0,0,0,157,254,255,104,0,0,0,0,0,0,0,0,0,0,0,0,0,0,0,0,0,0,0,0,0,0,0,0,40,254,255,104,0,0,0,0,0,0,0,0,0,0,0,0,0,0,0,0,0,0,0,0,0,0,0,0,40,254,254,104,0,0,0,0,0,0,0,0,0,0,0,0,0,0,0,0,0,0,0,0,0,0,0,0,39,252,255,104,0,0,0,0,0,0,0,0,0,0,0,0,0,0,0,0,0,0,0,0,0,0,0,0,0,97,173,51,0,0,0,0,0,0,0,0,0,0,0,0,0,0,0,0,0,0,0,0,0,0,0,0,0,0,0,0,0,0,0,0,0,0,0,0,0,0,0,0,0,0,0,0,0,0,0,0,0,0,0,0,0,0,0,0,0,0,0,0,0,0,0,0,0,0,0,0,0,0,0,0,0,0,0,0,0,0,0,0,0,0,0,0,0,0,0,0,0,0,0
8,0,0,0,0,0,0,0,0,0,0,0,0,0,0,0,0,0,0,0,0,0,0,0,0,0,0,0,0,0,0,0,0,0,0,0,0,0,0,0,0,0,0,0,0,0,0,0,0,0,0,0,0,0,0,0,0,0,0,0,0,0,0,0,0,0,0,0,0,0,0,0,0,0,0,0,0,0,0,0,0,0,0,0,0,0,0,0,0,0,0,0,0,0,0,0,0,0,0,0,0,0,0,0,0,0,0,0,0,0,0,0,0,0,0,0,0,0,0,0,0,0,0,0,0,0,0,0,0,0,0,0,0,0,0,0,0,0,0,0,0,0,0,0,0,0,0,0,0,30,96,158,202,255,231,244,20,0,0,0,0,0,0,0,0,0,0,0,0,0,0,0,0,0,0,0,87,222,244,205,122,33,21,117,72,0,0,0,0,0,0,0,0,0,0,0,0,0,0,0,0,0,11,162,253,210,71,0,0,0,0,0,0,0,0,0,0,0,0,0,0,0,0,0,0,0,0,0,0,0,12,213,254,120,0,0,0,0,0,0,0,0,0,0,0,0,0,0,0,0,0,0,0,0,0,0,0,0,0,99,243,250,183,101,14,0,0,0,0,0,0,0,0,0,7,3,0,0,0,0,0,0,0,0,0,0,0,0,44,161,254,254,214,87,71,0,0,0,0,0,0,4,178,19,0,0,0,0,0,0,0,0,0,0,0,0,0,1,9,102,148,218,252,245,150,24,0,0,23,223,75,0,0,0,0,0,0,0,0,0,0,0,0,0,0,0,0,0,0,14,61,138,210,230,131,47,170,157,0,0,0,0,0,0,0,0,0,0,0,0,0,0,0,0,0,0,0,0,0,0,24,142,254,254,215,0,0,0,0,0,0,0,0,0,0,0,0,0,0,0,0,0,0,0,0,0,0,0,0,98,254,254,215,0,0,0,0,0,0,0,0,0,0,0,0,0,0,0,0,0,0,0,0,0,0,0,40,225,202,216,232,25,0,0,0,0,0,0,0,0,0,0,0,0,0,0,0,0,0,0,0,0,0,10,228,195,17,168,254,57,0,0,0,0,0,0,0,0,0,0,0,0,0,0,0,0,0,0,0,0,9,201,195,16,2,182,218,5,0,0,0,0,0,0,0,0,0,0,0,0,0,0,0,0,0,0,0,0,164,248,48,0,50,254,211,0,0,0,0,0,0,0,0,0,0,0,0,0,0,0,0,0,0,0,0,55,249,148,0,0,133,254,92,0,0,0,0,0,0,0,0,0,0,0,0,0,0,0,0,0,0,0,11,209,228,23,0,38,229,188,3,0,0,0,0,0,0,0,0,0,0,0,0,0,0,0,0,0,0,0,58,254,167,0,4,178,248,74,0,0,0,0,0,0,0,0,0,0,0,0,0,0,0,0,0,0,0,0,177,254,48,35,225,254,123,0,0,0,0,0,0,0,0,0,0,0,0,0,0,0,0,0,0,0,0,0,211,254,136,220,254,153,6,0,0,0,0,0,0,0,0,0,0,0,0,0,0,0,0,0,0,0,0,0,103,254,254,175,93,5,0,0,0,0,0,0,0,0,0,0,0,0,0,0,0,0,0,0,0,0,0,0,0,0,0,0,0,0,0,0,0,0,0,0,0,0,0,0,0,0,0,0,0,0,0,0,0,0,0,0,0,0,0,0,0,0,0,0,0,0,0,0,0,0,0,0,0,0,0,0,0,0,0,0,0,0,0,0,0,0,0,0,0,0,0,0,0,0,0,0,0,0,0,0,0
0,0,0,0,0,0,0,0,0,0,0,0,0,0,0,0,0,0,0,0,0,0,0,0,0,0,0,0,0,0,0,0,0,0,0,0,0,0,0,0,0,0,0,0,0,0,0,0,0,0,0,0,0,0,0,0,0,0,0,0,0,0,0,0,0,0,0,0,0,0,0,0,0,0,0,0,0,0,0,0,0,0,0,0,0,0,0,0,0,0,0,0,0,0,0,0,0,0,0,0,0,0,0,0,0,0,0,0,0,0,0,0,0,0,0,0,0,0,0,0,0,0,0,0,0,0,0,0,0,0,0,0,0,0,0,0,0,0,0,0,0,0,0,0,0,0,0,0,0,0,0,0,0,0,0,0,2,30,133,133,226,214,25,0,0,0,0,0,0,0,0,0,0,0,0,0,0,0,0,0,0,0,12,25,105,253,253,253,253,253,212,25,0,0,0,0,0,0,0,0,0,0,0,0,0,0,0,0,32,89,203,254,253,253,253,227,245,253,253,144,0,0,0,0,0,0,0,0,0,0,0,0,0,0,14,147,242,253,253,254,253,206,84,24,113,253,253,217,8,0,0,0,0,0,0,0,0,0,0,0,0,0,160,253,253,253,253,254,207,28,0,0,56,242,253,253,99,0,0,0,0,0,0,0,0,0,0,0,0,47,239,253,144,143,253,251,78,0,0,0,0,171,253,253,132,0,0,0,0,0,0,0,0,0,0,0,17,183,253,172,196,226,253,202,0,0,0,0,0,86,253,253,132,0,0,0,0,0,0,0,0,0,0,14,128,253,191,92,216,156,249,122,0,0,0,0,0,86,253,253,86,0,0,0,0,0,0,0,0,0,0,89,253,227,45,8,15,0,23,12,0,0,0,0,0,86,253,253,11,0,0,0,0,0,0,0,0,0,12,203,253,134,0,0,0,0,0,0,0,0,0,0,0,143,253,201,6,0,0,0,0,0,0,0,0,0,146,254,252,69,0,0,0,0,0,0,0,0,0,0,39,232,254,82,0,0,0,0,0,0,0,0,0,0,145,253,135,0,0,0,0,0,0,0,0,0,0,0,85,253,253,24,0,0,0,0,0,0,0,0,0,8,212,253,84,0,0,0,0,0,0,0,0,0,0,9,202,253,175,9,0,0,0,0,0,0,0,0,0,13,253,229,28,0,0,0,0,0,0,0,0,0,0,142,253,237,29,0,0,0,0,0,0,0,0,0,0,13,253,217,0,0,0,0,0,0,0,0,0,9,84,233,236,128,0,0,0,0,0,0,0,0,0,0,0,106,253,217,0,0,0,0,0,0,0,0,42,156,253,253,146,0,0,0,0,0,0,0,0,0,0,0,0,133,253,246,109,0,0,0,0,37,86,149,233,253,253,106,12,0,0,0,0,0,0,0,0,0,0,0,0,25,212,253,247,160,183,98,201,233,253,254,253,239,133,10,0,0,0,0,0,0,0,0,0,0,0,0,0,0,94,253,253,253,253,253,253,253,253,145,132,20,0,0,0,0,0,0,0,0,0,0,0,0,0,0,0,0,2,87,155,224,190,132,132,132,75,0,0,0,0,0,0,0,0,0,0,0,0,0,0,0,0,0,0,0,0,0,0,0,0,0,0,0,0,0,0,0,0,0,0,0,0,0,0,0,0,0,0,0,0,0,0,0,0,0,0,0,0,0,0,0,0,0,0,0,0,0,0,0,0,0,0,0,0,0,0,0,0,0,0,0,0,0,0,0,0,0,0,0,0,0,0,0,0,0,0,0,0,0,0,0,0,0,0
7,0,0,0,0,0,0,0,0,0,0,0,0,0,0,0,0,0,0,0,0,0,0,0,0,0,0,0,0,0,0,0,0,0,0,0,0,0,0,0,0,0,0,0,0,0,0,0,0,0,0,0,0,0,0,0,0,0,0,0,0,0,0,0,0,0,0,0,0,0,0,0,0,0,0,0,0,0,0,0,0,0,0,0,0,0,0,0,0,0,0,0,0,0,0,0,0,0,0,0,0,0,0,0,0,0,0,0,0,0,0,0,0,0,0,0,0,0,0,0,0,0,0,0,0,0,0,0,0,0,0,0,0,0,0,0,0,0,0,0,0,0,0,0,0,0,0,0,0,0,0,0,0,0,0,0,0,0,0,0,0,0,0,0,0,0,0,0,0,0,0,0,0,0,0,0,0,0,0,0,5,34,130,225,255,255,255,103,1,0,0,0,0,0,0,0,0,0,0,0,0,0,0,0,0,0,2,95,217,253,253,253,253,253,253,253,102,2,0,0,0,0,0,0,0,0,0,0,0,0,0,0,0,3,115,253,253,249,204,111,111,111,220,253,253,33,0,0,0,0,0,0,0,0,0,0,0,0,0,0,0,105,253,253,151,82,0,0,0,0,36,220,253,210,11,0,0,0,0,0,0,0,0,0,0,0,0,0,4,167,253,211,31,0,0,0,0,0,0,94,253,253,18,0,0,0,0,0,0,0,0,0,0,0,0,0,44,253,229,32,0,0,0,0,0,0,0,94,253,253,18,0,0,0,0,0,0,0,0,0,0,0,0,0,149,253,134,0,0,0,0,0,0,0,0,94,253,253,18,0,0,0,0,0,0,0,0,0,0,0,0,0,149,253,93,0,0,0,0,0,0,0,0,118,253,181,6,0,0,0,0,0,0,0,0,0,0,0,0,0,61,238,75,0,0,0,0,0,0,0,62,243,253,60,0,0,0,0,0,0,0,0,0,0,0,0,0,0,7,181,216,0,0,0,0,0,0,0,178,253,229,18,0,0,0,0,0,0,0,0,0,0,0,0,0,0,0,38,52,0,0,0,0,0,0,95,243,228,52,0,0,0,0,0,0,0,0,0,0,0,0,0,0,0,0,0,0,0,0,0,0,0,96,243,253,124,0,0,0,0,0,0,0,0,0,0,0,0,0,0,0,0,0,0,0,0,0,0,0,95,243,253,143,7,0,0,0,0,0,0,0,0,0,0,0,0,0,0,0,0,0,0,0,0,0,20,178,243,228,166,28,0,0,0,0,0,0,0,0,0,0,0,0,0,0,0,0,0,0,0,0,0,65,189,253,228,53,0,0,0,0,0,0,0,0,0,0,0,0,0,0,0,0,0,0,0,0,0,15,121,244,253,229,52,0,0,0,0,0,0,0,0,0,0,0,0,0,0,0,0,0,0,0,0,0,65,188,253,253,151,18,0,0,0,0,0,0,0,0,0,0,0,0,0,0,0,0,0,0,0,0,0,11,198,253,234,118,6,0,0,0,0,0,0,0,0,0,0,0,0,0,0,0,0,0,0,0,0,0,9,192,253,160,10,0,0,0,0,0,0,0,0,0,0,0,0,0,0,0,0,0,0,0,0,0,0,0,19,253,102,2,0,0,0,0,0,0,0,0,0,0,0,0,0,0,0,0,0,0,0,0,0,0,0,0,0,0,0,0,0,0,0,0,0,0,0,0,0,0,0,0,0,0,0,0,0,0,0,0,0,0,0,0,0,0,0,0,0,0,0,0,0,0,0,0,0,0,0,0,0,0,0,0,0,0
3,0,0,0,0,0,0,0,0,0,0,0,0,0,0,0,0,0,0,0,0,0,0,0,0,0,0,0,0,0,0,0,0,0,0,0,0,0,0,0,0,0,0,0,0,0,0,0,0,0,0,0,0,0,0,0,0,0,0,0,0,0,0,0,0,0,0,0,0,0,0,0,0,0,0,0,0,0,0,0,0,0,0,0,0,0,0,0,0,0,0,0,0,0,0,0,0,0,0,0,0,0,0,0,0,0,0,0,0,0,0,0,0,0,0,0,0,0,0,0,0,41,193,112,21,0,0,0,0,0,0,0,0,0,0,0,0,0,0,0,0,0,0,0,0,0,0,0,0,0,253,252,203,61,0,0,0,0,0,0,0,0,0,0,0,0,0,0,0,0,0,0,0,0,0,0,0,0,123,243,254,253,234,152,52,31,0,0,0,0,0,0,0,0,0,0,0,0,0,0,0,0,0,0,0,0,0,122,253,252,253,252,253,232,123,0,0,0,0,0,0,0,0,0,0,0,0,0,0,0,0,0,0,0,0,0,21,102,163,223,254,253,254,172,0,0,0,0,0,0,0,0,0,0,0,0,0,0,0,0,0,0,0,0,0,0,0,20,71,232,253,252,0,0,0,0,0,0,0,0,0,0,0,0,0,0,0,0,0,0,0,0,0,0,0,21,214,253,254,253,0,0,0,0,0,0,0,0,0,0,0,0,0,0,0,0,0,0,0,0,0,0,21,203,253,252,253,130,0,0,0,0,0,0,0,0,0,0,0,0,0,0,0,0,0,0,0,41,214,253,254,253,254,253,123,0,0,0,0,0,0,0,0,0,0,0,0,0,0,0,0,0,0,0,163,243,253,252,253,252,253,90,0,0,0,0,0,0,0,0,0,0,0,0,0,0,0,0,0,0,0,0,132,253,254,253,254,213,0,0,0,0,0,0,0,0,0,0,0,0,0,0,0,0,0,0,0,0,0,0,10,172,253,252,253,212,41,0,0,0,0,0,0,0,0,0,0,0,0,0,0,0,0,0,0,0,0,0,0,0,62,142,214,253,254,172,82,0,0,0,0,0,0,0,0,0,0,0,0,0,0,0,0,0,0,0,0,0,0,0,10,91,253,252,243,122,0,0,0,0,0,0,0,0,0,0,0,0,0,0,0,0,0,0,0,0,0,0,0,0,62,142,234,253,173,10,0,0,0,0,0,0,0,0,0,0,0,0,0,0,0,0,0,0,0,0,0,0,0,0,51,232,253,91,0,0,0,0,0,0,0,0,0,0,0,0,0,0,0,21,52,10,0,0,0,0,0,0,72,233,255,213,21,0,0,0,0,0,0,0,0,0,0,0,0,0,0,20,213,212,203,122,102,102,102,142,253,252,253,252,61,0,0,0,0,0,0,0,0,0,0,0,0,0,0,0,21,142,203,243,255,253,255,253,255,253,244,81,0,0,0,0,0,0,0,0,0,0,0,0,0,0,0,0,0,0,0,40,151,232,253,171,151,70,40,0,0,0,0,0,0,0,0,0,0,0,0,0,0,0,0,0,0,0,0,0,0,0,0,0,0,0,0,0,0,0,0,0,0,0,0,0,0,0,0,0,0,0,0,0,0,0,0,0,0,0,0,0,0,0,0,0,0,0,0,0,0,0,0,0,0,0,0,0,0,0,0,0,0,0,0,0,0,0,0,0,0,0,0,0,0,0,0,0,0,0,0,0,0,0,0,0,0,0,0,0,0,0,0,0,0,0,0,0,0,0,0,0,0,0,0,0,0,0,0
1,0,0,0,0,0,0,0,0,0,0,0,0,0,0,0,0,0,0,0,0,0,0,0,0,0,0,0,0,0,0,0,0,0,0,0,0,0,0,0,0,0,0,0,0,0,0,0,0,0,0,0,0,0,0,0,0,0,0,0,0,0,0,0,0,0,0,0,0,0,0,0,0,0,0,0,0,0,0,0,0,0,0,0,0,0,0,0,0,0,0,0,0,0,0,0,0,0,0,0,0,0,0,0,0,0,0,0,0,0,0,0,0,0,0,0,0,0,0,0,0,0,0,0,0,0,0,0,0,0,0,13,192,0,0,0,0,0,0,0,0,0,0,0,0,0,0,0,0,0,0,0,0,0,0,0,0,0,19,182,253,0,0,0,0,0,0,0,0,0,0,0,0,0,0,0,0,0,0,0,0,0,0,0,0,0,167,253,142,0,0,0,0,0,0,0,0,0,0,0,0,0,0,0,0,0,0,0,0,0,0,0,0,151,235,234,37,0,0,0,0,0,0,0,0,0,0,0,0,0,0,0,0,0,0,0,0,0,0,0,64,241,253,225,0,0,0,0,0,0,0,0,0,0,0,0,0,0,0,0,0,0,0,0,0,0,0,64,177,254,229,47,0,0,0,0,0,0,0,0,0,0,0,0,0,0,0,0,0,0,0,0,0,0,0,141,254,253,149,0,0,0,0,0,0,0,0,0,0,0,0,0,0,0,0,0,0,0,0,0,0,0,23,229,254,187,13,0,0,0,0,0,0,0,0,0,0,0,0,0,0,0,0,0,0,0,0,0,0,7,132,253,254,74,0,0,0,0,0,0,0,0,0,0,0,0,0,0,0,0,0,0,0,0,0,0,0,57,253,253,191,12,0,0,0,0,0,0,0,0,0,0,0,0,0,0,0,0,0,0,0,0,0,0,0,121,254,255,80,0,0,0,0,0,0,0,0,0,0,0,0,0,0,0,0,0,0,0,0,0,0,0,29,216,253,206,0,0,0,0,0,0,0,0,0,0,0,0,0,0,0,0,0,0,0,0,0,0,0,0,86,253,253,112,0,0,0,0,0,0,0,0,0,0,0,0,0,0,0,0,0,0,0,0,0,0,0,0,179,253,250,100,0,0,0,0,0,0,0,0,0,0,0,0,0,0,0,0,0,0,0,0,0,0,0,0,226,253,225,0,0,0,0,0,0,0,0,0,0,0,0,0,0,0,0,0,0,0,0,0,0,0,0,51,239,254,85,0,0,0,0,0,0,0,0,0,0,0,0,0,0,0,0,0,0,0,0,0,0,0,0,239,253,202,9,0,0,0,0,0,0,0,0,0,0,0,0,0,0,0,0,0,0,0,0,0,0,0,0,254,253,196,0,0,0,0,0,0,0,0,0,0,0,0,0,0,0,0,0,0,0,0,0,0,0,0,0,254,253,196,0,0,0,0,0,0,0,0,0,0,0,0,0,0,0,0,0,0,0,0,0,0,0,0,0,175,253,118,0,0,0,0,0,0,0,0,0,0,0,0,0,0,0,0,0,0,0,0,0,0,0,0,0,0,0,0,0,0,0,0,0,0,0,0,0,0,0,0,0,0,0,0,0,0,0,0,0,0,0,0,0,0,0,0,0,0,0,0,0,0,0,0,0,0,0,0,0,0,0,0,0,0,0,0,0,0,0,0,0,0,0,0,0,0,0,0,0,0,0,0,0,0,0,0,0,0,0,0,0,0,0,0,0,0,0,0,0,0,0,0,0,0,0,0,0,0,0,0,0,0,0,0,0,0,0
3,0,0,0,0,0,0,0,0,0,0,0,0,0,0,0,0,0,0,0,0,0,0,0,0,0,0,0,0,0,0,0,0,0,0,0,0,0,0,0,0,0,0,0,0,0,0,0,0,0,0,0,0,0,0,0,0,0,0,0,0,0,0,0,0,0,0,0,0,0,0,0,0,0,0,0,0,0,0,0,0,0,0,0,0,0,0,0,0,0,0,0,0,0,0,0,0,0,0,0,0,0,0,0,0,0,0,0,0,0,0,0,0,0,0,0,0,0,0,0,0,0,0,15,55,180,253,255,232,138,36,0,0,0,0,0,0,0,0,0,0,0,0,0,0,0,0,0,17,47,162,219,252,252,252,253,252,252,219,88,0,0,0,0,0,0,0,0,0,0,0,0,0,0,0,19,188,252,253,252,252,227,183,131,183,234,252,221,0,0,0,0,0,0,0,0,0,0,0,0,0,0,0,164,252,252,203,139,45,29,0,0,0,142,252,252,95,0,0,0,0,0,0,0,0,0,0,0,0,0,43,246,252,200,11,0,0,0,0,0,0,70,252,252,63,0,0,0,0,0,0,0,0,0,0,0,0,0,43,241,146,0,0,0,0,0,0,0,5,191,253,190,0,0,0,0,0,0,0,0,0,0,0,0,0,0,0,42,0,0,0,0,0,0,0,0,47,252,252,137,0,0,0,0,0,0,0,0,0,0,0,0,0,0,0,0,0,0,0,0,0,0,0,38,155,252,227,48,0,0,0,0,0,0,0,0,0,0,0,0,0,0,0,0,0,0,0,0,0,0,0,180,252,252,66,0,0,0,0,0,0,0,0,0,0,0,0,0,0,0,0,0,0,0,0,0,0,0,106,253,252,252,192,63,0,0,0,0,0,0,0,0,0,0,0,0,0,0,0,0,0,0,0,0,0,51,243,255,253,253,253,253,181,19,0,0,0,0,0,0,0,0,0,0,0,0,0,0,0,0,0,0,0,76,248,249,206,206,206,227,253,236,44,0,0,0,0,0,0,0,0,0,0,0,0,0,0,0,0,0,0,0,63,63,0,0,0,32,222,252,152,0,0,0,0,0,0,0,0,0,0,0,0,0,0,0,0,0,0,0,0,0,0,0,0,0,44,252,240,37,0,0,0,0,0,0,0,0,0,0,0,0,136,21,0,0,0,0,0,0,0,0,0,0,24,252,221,25,0,0,0,0,0,0,0,0,0,0,0,81,253,201,11,0,0,0,0,0,0,0,0,11,202,253,173,0,0,0,0,0,0,0,0,0,0,0,0,99,244,252,203,140,47,47,26,22,0,13,47,193,253,244,56,0,0,0,0,0,0,0,0,0,0,0,0,0,56,236,253,252,252,252,221,216,184,203,252,252,253,174,0,0,0,0,0,0,0,0,0,0,0,0,0,0,0,94,161,219,252,252,252,253,252,252,252,252,150,17,0,0,0,0,0,0,0,0,0,0,0,0,0,0,0,0,0,15,22,117,137,201,178,137,137,85,0,0,0,0,0,0,0,0,0,0,0,0,0,0,0,0,0,0,0,0,0,0,0,0,0,0,0,0,0,0,0,0,0,0,0,0,0,0,0,0,0,0,0,0,0,0,0,0,0,0,0,0,0,0,0,0,0,0,0,0,0,0,0,0,0,0,0,0,0,0,0,0,0,0,0,0,0,0,0,0,0,0,0,0,0,0,0,0,0,0,0,0,0,0,0,0,0,0,0,0,0,0,0,0,0,0,0,0,0,0,0,0,0,0,0,0,0,0,0,0,0
1,0,0,0,0,0,0,0,0,0,0,0,0,0,0,0,0,0,0,0,0,0,0,0,0,0,0,0,0,0,0,0,0,0,0,0,0,0,0,0,0,0,0,0,0,0,0,0,0,0,0,0,0,0,0,0,0,0,0,0,0,0,0,0,0,0,0,0,0,0,0,0,0,0,0,0,0,0,0,0,0,0,0,0,0,0,0,0,0,0,0,0,0,0,0,0,0,0,0,0,0,0,0,0,0,0,0,0,0,0,0,0,0,0,0,0,0,0,0,0,0,0,0,0,0,0,149,255,106,0,0,0,0,0,0,0,0,0,0,0,0,0,0,0,0,0,0,0,0,0,0,0,0,0,149,253,241,109,0,0,0,0,0,0,0,0,0,0,0,0,0,0,0,0,0,0,0,0,0,0,0,0,149,253,252,237,0,0,0,0,0,0,0,0,0,0,0,0,0,0,0,0,0,0,0,0,0,0,0,22,128,253,252,237,0,0,0,0,0,0,0,0,0,0,0,0,0,0,0,0,0,0,0,0,0,0,0,6,100,253,252,237,0,0,0,0,0,0,0,0,0,0,0,0,0,0,0,0,0,0,0,0,0,0,0,0,106,253,252,237,0,0,0,0,0,0,0,0,0,0,0,0,0,0,0,0,0,0,0,0,0,0,0,0,149,253,252,157,0,0,0,0,0,0,0,0,0,0,0,0,0,0,0,0,0,0,0,0,0,0,0,0,149,253,252,88,0,0,0,0,0,0,0,0,0,0,0,0,0,0,0,0,0,0,0,0,0,0,0,0,149,253,252,88,0,0,0,0,0,0,0,0,0,0,0,0,0,0,0,0,0,0,0,0,0,0,0,0,149,253,252,88,0,0,0,0,0,0,0,0,0,0,0,0,0,0,0,0,0,0,0,0,0,0,0,0,149,255,253,89,0,0,0,0,0,0,0,0,0,0,0,0,0,0,0,0,0,0,0,0,0,0,0,11,173,253,237,68,0,0,0,0,0,0,0,0,0,0,0,0,0,0,0,0,0,0,0,0,0,0,0,54,252,253,192,0,0,0,0,0,0,0,0,0,0,0,0,0,0,0,0,0,0,0,0,0,0,0,0,193,252,253,192,0,0,0,0,0,0,0,0,0,0,0,0,0,0,0,0,0,0,0,0,0,0,0,80,245,252,253,61,0,0,0,0,0,0,0,0,0,0,0,0,0,0,0,0,0,0,0,0,0,0,0,90,252,252,253,44,0,0,0,0,0,0,0,0,0,0,0,0,0,0,0,0,0,0,0,0,0,0,0,90,252,252,253,44,0,0,0,0,0,0,0,0,0,0,0,0,0,0,0,0,0,0,0,0,0,0,0,177,252,252,191,18,0,0,0,0,0,0,0,0,0,0,0,0,0,0,0,0,0,0,0,0,0,0,0,90,252,252,234,36,0,0,0,0,0,0,0,0,0,0,0,0,0,0,0,0,0,0,0,0,0,0,0,37,217,252,149,0,0,0,0,0,0,0,0,0,0,0,0,0,0,0,0,0,0,0,0,0,0,0,0,0,0,0,0,0,0,0,0,0,0,0,0,0,0,0,0,0,0,0,0,0,0,0,0,0,0,0,0,0,0,0,0,0,0,0,0,0,0,0,0,0,0,0,0,0,0,0,0,0,0,0,0,0,0,0,0,0,0,0,0,0,0,0,0,0,0,0,0,0,0,0,0,0,0,0,0,0,0,0,0,0,0,0,0,0,0,0,0,0,0,0,0,0,0,0,0,0,0,0,0,0
0,0,0,0,0,0,0,0,0,0,0,0,0,0,0,0,0,0,0,0,0,0,0,0,0,0,0,0,0,0,0,0,0,0,0,0,0,0,0,0,0,0,0,0,0,0,0,0,0,0,0,0,0,0,0,0,0,0,0,0,0,0,0,0,0,0,0,0,0,0,0,0,0,0,0,0,0,0,0,0,0,0,0,0,0,0,0,0,0,0,0,0,0,0,0,0,0,0,0,0,0,0,0,0,0,0,0,0,0,0,0,0,0,0,0,0,0,0,0,0,0,0,0,0,0,0,0,0,29,192,103,0,0,0,0,0,0,0,0,0,0,0,0,0,0,0,0,0,0,0,0,0,0,0,0,31,217,254,254,143,0,0,0,0,0,0,0,0,0,0,0,0,0,0,0,0,0,0,0,0,0,0,69,246,254,254,254,253,144,0,0,0,0,0,0,0,0,0,0,0,0,0,0,0,0,0,0,0,0,0,127,254,254,179,168,254,252,144,0,0,0,0,0,0,0,0,0,0,0,0,0,0,0,0,0,0,0,122,249,254,150,7,5,114,219,238,41,0,0,0,0,0,0,0,0,0,0,0,0,0,0,0,0,0,31,226,254,254,65,0,0,0,117,254,104,0,0,0,0,0,0,0,0,0,0,0,0,0,0,0,0,31,210,254,254,155,10,0,0,0,33,254,104,0,0,0,0,0,0,0,0,0,0,0,0,0,0,0,0,93,254,254,195,11,0,0,0,0,33,254,212,0,0,0,0,0,0,0,0,0,0,0,0,0,0,0,28,205,254,254,78,0,0,0,0,0,33,254,235,0,0,0,0,0,0,0,0,0,0,0,0,0,0,0,200,254,254,160,12,0,0,0,0,0,67,255,235,0,0,0,0,0,0,0,0,0,0,0,0,0,0,0,230,254,235,35,0,0,0,0,0,0,164,254,137,0,0,0,0,0,0,0,0,0,0,0,0,0,0,76,248,254,142,0,0,0,0,0,0,56,229,254,104,0,0,0,0,0,0,0,0,0,0,0,0,0,0,128,254,238,32,0,0,0,0,0,0,170,254,236,32,0,0,0,0,0,0,0,0,0,0,0,0,0,0,236,254,162,0,0,0,0,0,0,0,170,254,140,0,0,0,0,0,0,0,0,0,0,0,0,0,0,72,248,254,162,0,0,0,0,0,7,125,225,233,35,0,0,0,0,0,0,0,0,0,0,0,0,0,0,112,254,254,162,0,0,0,0,7,141,255,254,208,0,0,0,0,0,0,0,0,0,0,0,0,0,0,0,112,254,254,162,0,0,0,16,142,254,255,153,37,0,0,0,0,0,0,0,0,0,0,0,0,0,0,0,49,237,254,215,144,144,144,229,254,254,222,37,0,0,0,0,0,0,0,0,0,0,0,0,0,0,0,0,0,49,241,254,254,254,254,255,250,153,36,0,0,0,0,0,0,0,0,0,0,0,0,0,0,0,0,0,0,0,112,191,235,254,254,153,32,0,0,0,0,0,0,0,0,0,0,0,0,0,0,0,0,0,0,0,0,0,0,0,0,0,0,0,0,0,0,0,0,0,0,0,0,0,0,0,0,0,0,0,0,0,0,0,0,0,0,0,0,0,0,0,0,0,0,0,0,0,0,0,0,0,0,0,0,0,0,0,0,0,0,0,0,0,0,0,0,0,0,0,0,0,0,0,0,0,0,0,0,0,0,0,0,0,0,0,0,0,0,0,0,0,0,0,0,0,0,0,0,0,0,0,0,0,0,0,0,0,0,0,0
7,0,0,0,0,0,0,0,0,0,0,0,0,0,0,0,0,0,0,0,0,0,0,0,0,0,0,0,0,0,0,0,0,0,0,0,0,0,0,0,0,0,0,0,0,0,0,0,0,0,0,0,0,0,0,0,0,0,0,0,0,0,0,0,0,0,0,0,0,0,0,0,0,0,0,0,0,0,0,0,0,0,0,0,0,0,0,0,0,0,0,0,0,0,0,0,0,0,0,0,0,0,0,0,0,0,0,0,0,0,0,0,0,0,0,0,0,0,0,0,0,0,0,0,0,0,0,0,0,0,0,0,0,0,0,0,0,0,0,0,0,0,0,0,0,0,0,0,0,0,0,0,0,0,0,0,0,0,0,0,0,0,0,0,0,0,0,0,0,0,0,0,0,0,0,0,0,0,0,0,0,0,0,0,0,0,0,0,0,0,0,0,0,0,0,0,0,0,0,0,0,0,0,0,0,0,0,0,0,0,0,15,102,173,173,173,178,6,0,0,0,0,0,0,0,0,0,0,0,0,0,0,0,0,5,41,100,155,181,236,247,238,169,210,254,16,0,0,0,0,0,0,0,0,0,0,0,0,0,5,68,152,206,254,246,228,147,87,36,0,0,140,227,10,0,0,0,0,0,0,0,0,0,0,0,68,198,207,248,221,173,116,39,0,0,0,0,0,0,150,188,0,0,0,0,0,0,0,0,0,0,0,6,180,213,200,80,0,0,0,0,0,0,0,0,0,9,228,148,0,0,0,0,0,0,0,0,0,0,0,0,0,0,0,0,0,0,0,0,0,0,0,0,0,50,254,107,0,0,0,0,0,0,0,0,0,0,0,0,0,0,0,0,0,0,0,0,0,0,0,0,0,122,254,35,0,0,0,0,0,0,0,0,0,0,0,0,0,0,0,0,0,0,0,0,0,0,0,0,0,153,221,10,0,0,0,0,0,0,0,0,0,0,0,0,0,0,0,0,0,0,0,0,0,0,0,0,26,239,120,0,0,0,0,0,0,0,0,0,0,0,0,0,0,0,0,0,0,0,0,0,0,0,0,0,68,254,89,0,0,0,0,0,0,0,0,0,0,0,0,0,0,0,0,0,0,0,0,0,0,0,0,0,127,238,21,0,0,0,0,0,0,0,0,0,0,0,0,0,0,0,0,0,0,0,0,0,0,0,0,13,225,146,0,0,0,0,0,0,0,0,0,0,0,0,0,0,0,0,0,0,0,0,0,0,0,0,0,95,254,115,0,0,0,0,0,0,0,0,0,0,0,0,0,0,0,0,0,0,0,0,0,0,0,0,0,127,249,36,0,0,0,0,0,0,0,0,0,0,0,0,0,0,0,0,0,0,0,0,0,0,0,0,26,225,173,0,0,0,0,0,0,0,0,0,0,0,0,0,0,0,0,0,0,0,0,0,0,0,0,0,108,254,116,0,0,0,0,0,0,0,0,0,0,0,0,0,0,0,0,0,0,0,0,0,0,0,0,0,108,247,38,0,0,0,0,0,0,0,0,0,0,0,0,0,0,0,0,0,0,0,0,0,0,0,0,0,128,173,0,0,0,0,0,0,0,0,0,0,0,0,0,0,0,0,0,0,0,0,0,0,0,0,0,0,189,216,0,0,0,0,0,0,0,0,0,0,0,0,0,0,0,0,0,0,0,0,0,0,0,0,0,0,163,168,0,0,0,0,0,0,0,0,0,0,0,0,0,0,0,0,0,0,0,0,0,0,0,0,0,0,0,0,0,0,0,0,0,0,0,0,0,0,0,0
7,0,0,0,0,0,0,0,0,0,0,0,0,0,0,0,0,0,0,0,0,0,0,0,0,0,0,0,0,0,0,0,0,0,0,0,0,0,0,0,0,0,0,0,0,0,0,0,0,0,0,0,0,0,0,0,0,0,0,0,0,0,0,0,0,0,0,0,0,0,0,0,0,0,0,0,0,0,0,0,0,0,0,0,0,0,0,0,0,0,0,0,0,0,0,0,0,0,0,0,0,0,0,0,0,0,0,0,0,0,0,0,0,0,0,0,0,0,0,0,0,0,0,0,0,0,0,0,0,0,0,0,0,0,0,0,0,0,0,0,0,0,0,0,0,0,0,0,0,0,0,0,0,0,0,0,0,0,0,0,0,0,0,0,0,0,0,0,0,0,0,0,0,0,0,0,0,0,0,0,0,0,0,0,0,0,0,0,0,0,0,0,0,0,0,0,0,0,0,0,0,0,0,0,0,0,0,0,64,128,128,255,255,255,255,255,128,255,255,64,0,0,0,0,0,0,0,0,0,0,0,0,0,64,128,255,255,255,255,255,255,255,255,255,255,255,255,255,0,0,0,0,0,0,0,0,0,0,0,0,0,128,255,255,255,255,128,128,64,0,0,191,255,255,255,64,0,0,0,0,0,0,0,0,0,0,0,0,0,64,128,128,0,0,0,0,0,0,64,255,255,255,128,0,0,0,0,0,0,0,0,0,0,0,0,0,0,0,0,0,0,0,0,0,0,64,255,255,255,64,0,0,0,0,0,0,0,0,0,0,0,0,0,0,0,0,0,0,0,0,0,0,64,255,255,255,128,0,0,0,0,0,0,0,0,0,0,0,0,0,0,0,0,0,0,0,0,0,0,64,255,255,255,191,0,0,0,0,0,0,0,0,0,0,0,0,0,0,0,0,0,0,0,0,0,0,0,191,255,255,64,0,0,0,0,0,0,0,0,0,0,0,0,0,0,0,0,0,0,0,0,0,0,0,255,255,255,64,0,0,0,0,0,0,0,0,0,0,0,0,0,0,0,0,0,0,0,0,0,0,0,64,255,255,64,0,0,0,0,0,0,0,0,0,0,0,0,0,0,0,0,0,0,0,0,0,0,0,128,255,255,191,0,0,0,0,0,0,0,0,0,0,0,0,0,0,0,0,0,0,0,0,0,0,0,64,255,255,255,128,0,0,0,0,0,0,0,0,0,0,0,0,0,0,0,0,0,0,0,0,0,0,0,191,255,255,191,0,0,0,0,0,0,0,0,0,0,0,0,0,0,0,0,0,0,0,0,0,0,0,0,255,255,255,0,0,0,0,0,0,0,0,0,0,0,0,0,0,0,0,0,0,0,0,0,0,0,0,64,255,255,191,0,0,0,0,0,0,0,0,0,0,0,0,0,0,0,0,0,0,0,0,0,0,0,0,191,255,191,0,0,0,0,0,0,0,0,0,0,0,0,0,0,0,0,0,0,0,0,0,0,0,0,128,255,255,128,0,0,0,0,0,0,0,0,0,0,0,0,0,0,0,0,0,0,0,0,0,0,0,0,128,255,255,128,0,0,0,0,0,0,0,0,0,0,0,0,0,0,0,0,0,0,0,0,0,0,0,0,128,255,255,128,0,0,0,0,0,0,0,0,0,0,0,0,0,0,0,0,0,0,0,0,0,0,0,0,64,255,255,128,0,0,0,0,0,0,0,0,0,0,0,0,0,0,0,0,0,0,0,0,0,0,0,0,0,0,0,0,0,0,0,0,0,0,0,0,0,0,0,0,0,0,0,0
0,0,0,0,0,0,0,0,0,0,0,0,0,0,0,0,0,0,0,0,0,0,0,0,0,0,0,0,0,0,0,0,0,0,0,0,0,0,0,0,0,0,0,0,0,0,0,0,0,0,0,0,0,0,0,0,0,0,0,0,0,0,0,0,0,0,0,0,0,0,0,0,0,0,0,0,0,0,0,0,0,0,0,0,0,0,0,0,0,0,0,0,0,0,0,0,0,0,0,0,0,0,0,0,0,0,0,0,0,0,0,0,0,0,0,0,0,0,0,0,0,0,0,0,0,0,0,0,0,0,0,0,0,0,0,0,0,0,0,0,0,0,0,0,0,0,0,0,0,0,0,0,0,19,74,231,217,254,223,156,81,0,0,0,0,0,0,0,0,0,0,0,0,0,0,0,0,0,0,28,162,226,253,245,136,135,165,198,253,128,0,0,0,0,0,0,0,0,0,0,0,0,0,0,0,0,0,127,253,253,128,48,0,0,0,40,253,213,12,0,0,0,0,0,0,0,0,0,0,0,0,0,0,0,53,246,250,116,2,0,0,0,0,40,253,254,54,0,0,0,0,0,0,0,0,0,0,0,0,0,0,38,135,254,233,0,0,0,0,0,0,24,230,254,226,60,0,0,0,0,0,0,0,0,0,0,0,0,19,141,254,255,76,0,0,0,0,0,0,0,121,255,163,18,0,0,0,0,0,0,0,0,0,0,0,0,161,238,253,151,6,0,0,0,0,0,0,0,68,254,253,152,0,0,0,0,0,0,0,0,0,0,0,0,175,253,253,0,0,0,0,0,0,0,0,0,31,254,253,78,0,0,0,0,0,0,0,0,0,0,0,0,86,253,237,0,0,0,0,0,0,0,0,0,45,201,253,78,0,0,0,0,0,0,0,0,0,0,0,0,153,253,155,0,0,0,0,0,0,0,0,0,0,231,253,78,0,0,0,0,0,0,0,0,0,0,0,0,176,254,155,0,0,0,0,0,0,0,0,0,0,179,254,78,0,0,0,0,0,0,0,0,0,0,0,0,175,253,155,0,0,0,0,0,0,0,0,0,0,216,253,78,0,0,0,0,0,0,0,0,0,0,0,0,175,253,155,0,0,0,0,0,0,0,0,0,31,254,253,78,0,0,0,0,0,0,0,0,0,0,0,16,235,253,208,0,0,0,0,0,0,0,0,0,150,254,242,36,0,0,0,0,0,0,0,0,0,0,0,0,175,253,253,38,0,0,0,0,0,0,0,31,239,254,158,0,0,0,0,0,0,0,0,0,0,0,0,0,153,254,254,158,0,0,0,0,0,0,0,62,254,255,39,0,0,0,0,0,0,0,0,0,0,0,0,0,12,146,253,245,125,14,0,0,0,0,37,228,253,211,21,0,0,0,0,0,0,0,0,0,0,0,0,0,0,12,78,223,253,229,101,175,68,0,79,253,222,0,0,0,0,0,0,0,0,0,0,0,0,0,0,0,0,0,0,35,49,213,213,244,70,107,240,247,94,0,0,0,0,0,0,0,0,0,0,0,0,0,0,0,0,0,0,0,0,0,0,120,231,118,155,131,0,0,0,0,0,0,0,0,0,0,0,0,0,0,0,0,0,0,0,0,0,0,0,0,0,0,0,0,0,0,0,0,0,0,0,0,0,0,0,0,0,0,0,0,0,0,0,0,0,0,0,0,0,0,0,0,0,0,0,0,0,0,0,0,0,0,0,0,0,0,0,0,0,0,0,0,0,0,0,0,0,0,0,0,0,0,0,0,0,0,0,0,0
3,0,0,0,0,0,0,0,0,0,0,0,0,0,0,0,0,0,0,0,0,0,0,0,0,0,0,0,0,0,0,0,0,0,0,0,0,0,0,0,0,0,0,0,0,0,0,0,0,0,0,0,0,0,0,0,0,0,0,0,0,0,0,0,0,0,0,0,0,0,0,0,0,0,0,0,0,0,0,0,0,0,0,0,0,0,0,0,0,0,0,0,0,0,0,0,0,0,0,0,0,0,0,0,0,0,0,0,0,0,0,0,0,0,0,0,0,0,0,0,0,0,0,0,0,0,0,0,0,0,0,0,0,0,0,0,0,0,0,0,0,0,0,0,0,0,0,0,0,11,139,191,138,138,138,24,19,0,0,0,0,0,0,0,0,0,0,0,0,0,0,0,0,0,0,0,81,203,253,252,252,252,252,253,236,129,30,0,0,0,0,0,0,0,0,0,0,0,0,0,0,0,0,0,124,252,253,252,202,183,183,190,252,252,227,17,0,0,0,0,0,0,0,0,0,0,0,0,0,0,0,0,59,244,245,87,13,0,0,5,45,196,252,158,0,0,0,0,0,0,0,0,0,0,0,0,0,0,0,0,0,73,73,0,0,0,0,0,22,215,252,200,0,0,0,0,0,0,0,0,0,0,0,0,0,0,0,0,0,0,0,0,0,0,0,34,212,253,253,137,0,0,0,0,0,0,0,0,0,0,0,0,0,0,0,0,0,0,0,0,0,17,151,253,252,252,235,60,0,0,0,0,0,0,0,0,0,0,0,0,0,0,0,0,0,0,0,0,134,209,252,253,252,252,128,0,0,0,0,0,0,0,0,0,0,0,0,0,0,0,0,0,0,0,155,207,240,252,252,253,252,195,9,0,0,0,0,0,0,0,0,0,0,0,0,0,0,0,0,0,0,0,201,252,252,252,252,253,252,246,188,11,0,0,0,0,0,0,0,0,0,0,0,0,0,0,0,0,0,0,128,253,253,253,253,255,253,253,253,253,116,0,0,0,0,0,0,0,0,0,0,0,0,0,0,0,0,0,19,206,174,92,92,92,92,175,206,248,193,17,0,0,0,0,0,0,0,0,0,0,0,0,0,0,0,0,0,0,0,0,0,0,0,0,0,230,253,123,0,0,0,0,0,0,0,0,0,0,0,0,0,0,0,0,0,0,0,0,0,0,0,0,0,230,253,206,0,0,0,0,0,0,0,0,0,0,0,0,0,0,0,0,0,0,0,0,0,0,0,32,157,250,253,206,0,0,0,0,0,0,0,0,0,0,0,0,0,0,0,0,0,5,7,0,0,3,45,222,253,253,242,42,0,0,0,0,0,0,0,0,0,0,0,0,0,0,0,0,0,47,102,47,47,170,252,252,252,252,157,0,0,0,0,0,0,0,0,0,0,0,0,0,0,0,0,0,0,34,234,252,252,253,252,252,252,221,32,0,0,0,0,0,0,0,0,0,0,0,0,0,0,0,0,0,0,0,65,194,252,253,252,252,218,88,0,0,0,0,0,0,0,0,0,0,0,0,0,0,0,0,0,0,0,0,0,9,128,137,189,106,14,0,0,0,0,0,0,0,0,0,0,0,0,0,0,0,0,0,0,0,0,0,0,0,0,0,0,0,0,0,0,0,0,0,0,0,0,0,0,0,0,0,0,0,0,0,0,0,0,0,0,0,0,0,0,0,0,0,0,0,0,0,0,0,0,0,0,0,0,0,0,0,0,0,0,0,0,0,0,0,0,0,0,0,0,0,0,0,0,0,0,0,0,0,0
5,0,0,0,0,0,0,0,0,0,0,0,0,0,0,0,0,0,0,0,0,0,0,0,0,0,0,0,0,0,0,0,0,0,0,0,0,0,0,0,0,0,0,0,0,0,0,0,0,0,0,0,0,0,0,0,0,0,0,0,0,0,0,0,0,0,0,0,0,0,0,0,0,0,0,0,0,0,0,0,0,0,0,0,0,0,0,0,0,0,0,0,0,0,0,0,0,0,0,0,0,0,0,0,0,0,0,0,0,0,0,0,0,0,0,0,0,0,0,0,0,0,0,0,0,0,0,0,0,0,0,0,0,0,0,0,0,0,0,0,0,0,0,0,0,0,0,0,0,0,0,0,0,0,0,0,0,0,0,0,0,0,0,0,0,0,0,0,0,0,0,0,0,0,0,0,0,0,0,0,0,0,0,0,0,0,0,0,0,0,0,0,0,0,0,0,0,0,0,0,0,0,0,0,0,0,0,0,0,0,0,0,0,0,0,0,5,13,126,137,137,137,0,0,0,0,0,0,0,0,0,0,0,0,0,0,34,120,81,19,75,15,120,143,184,254,255,254,246,236,0,0,0,0,0,0,0,0,0,0,0,0,13,23,219,254,254,254,226,232,254,254,254,254,244,229,62,0,0,0,0,0,0,0,0,0,0,0,0,0,144,170,254,239,254,254,254,254,254,244,223,174,58,0,0,0,0,0,0,0,0,0,0,0,0,0,0,4,170,254,227,48,181,217,156,180,93,61,0,0,0,0,0,0,0,0,0,0,0,0,0,0,0,0,0,87,254,248,114,0,0,0,0,0,0,0,0,0,0,0,0,0,0,0,0,0,0,0,0,0,0,0,0,8,187,217,0,0,0,0,0,0,0,0,0,0,0,0,0,0,0,0,0,0,0,0,0,0,0,0,0,6,178,156,0,0,40,57,14,0,0,0,0,0,0,0,0,0,0,0,0,0,0,0,0,0,0,0,0,19,230,245,127,187,174,209,158,72,0,0,0,0,0,0,0,0,0,0,0,0,0,0,0,0,0,0,0,0,38,80,104,147,186,50,17,44,0,0,0,0,0,0,0,0,0,0,0,0,0,0,0,0,0,0,0,0,0,0,0,0,0,0,0,0,0,0,0,0,0,0,0,0,0,0,0,0,0,0,0,0,0,0,0,0,0,0,0,0,0,0,0,0,0,0,0,0,0,0,0,0,0,0,0,0,0,0,0,0,0,0,0,0,0,0,0,0,0,0,0,0,0,0,0,0,0,0,0,0,0,0,0,0,0,0,0,0,0,118,96,0,0,0,0,0,0,0,0,0,0,0,0,0,0,0,0,0,0,0,0,0,0,0,0,0,164,130,238,151,88,0,0,0,0,0,0,0,0,0,0,0,0,0,0,0,0,0,0,0,0,0,0,0,27,82,255,255,252,169,231,206,107,81,29,143,45,80,146,0,0,0,0,0,0,0,0,0,0,0,0,0,0,1,88,208,254,254,254,232,222,250,242,254,139,161,161,0,0,0,0,0,0,0,0,0,0,0,0,0,0,0,0,7,12,91,54,10,8,73,12,12,73,12,8,0,0,0,0,0,0,0,0,0,0,0,0,0,0,0,0,0,0,0,0,0,0,0,0,0,0,0,0,0,0,0,0,0,0,0,0,0,0,0,0,0,0,0,0,0,0,0,0,0,0,0,0,0,0,0,0,0,0,0,0,0,0,0,0,0,0,0,0,0,0,0,0,0,0,0,0,0,0,0,0,0,0,0,0,0,0,0,0,0,0,0,0
5,0,0,0,0,0,0,0,0,0,0,0,0,0,0,0,0,0,0,0,0,0,0,0,0,0,0,0,0,0,0,0,0,0,0,0,0,0,0,0,0,0,0,0,0,0,0,0,0,0,0,0,0,0,0,0,0,0,0,0,0,0,0,0,0,0,0,0,0,0,0,0,0,0,0,0,0,0,0,0,0,0,0,0,0,0,0,0,0,0,0,0,0,0,0,0,0,0,0,0,0,0,0,0,0,0,0,0,0,0,0,0,0,0,0,0,0,0,0,0,0,0,0,0,0,0,242,255,253,253,172,44,0,0,0,0,0,0,0,0,0,0,0,0,0,0,0,0,0,0,0,0,0,11,242,253,252,252,252,226,145,47,4,0,0,0,0,0,0,0,0,0,0,0,0,0,0,0,0,0,0,109,252,253,249,216,240,252,252,252,111,0,0,0,0,0,0,0,0,0,0,0,0,0,0,0,0,0,19,194,252,253,228,0,56,113,204,243,155,0,0,0,0,0,0,0,0,0,0,0,0,0,0,0,0,0,97,252,252,253,199,0,0,0,0,58,45,0,0,0,0,0,0,0,0,0,0,0,0,0,0,0,0,0,97,252,252,253,108,0,0,0,0,0,0,0,0,0,0,0,0,0,0,0,0,0,0,0,0,0,0,0,97,252,252,253,108,0,0,0,0,0,0,0,0,0,0,0,0,0,0,0,0,0,0,0,0,0,0,0,97,252,252,243,15,0,0,0,0,0,0,0,0,0,0,0,0,0,0,0,0,0,0,0,0,0,0,0,56,190,252,252,98,0,0,0,0,0,0,0,0,0,0,0,0,0,0,0,0,0,0,0,0,0,0,0,0,5,242,253,234,104,0,0,0,0,0,0,0,0,0,0,0,0,0,0,0,0,0,0,0,0,0,0,0,0,0,191,253,236,44,0,0,0,0,0,0,0,0,0,0,0,0,0,0,0,0,0,0,0,0,0,0,0,0,122,252,252,157,7,0,0,0,0,0,0,0,0,0,0,0,0,0,0,0,0,0,0,0,0,0,0,0,5,185,252,252,89,0,0,0,0,0,0,0,0,0,0,0,0,0,0,0,0,0,0,0,0,0,0,0,3,165,252,252,169,0,0,0,0,0,0,0,0,0,0,0,0,0,0,0,0,0,0,0,0,0,0,0,41,252,252,252,72,0,0,0,0,0,0,0,0,0,0,0,0,0,0,0,0,0,0,0,0,0,0,35,225,252,252,238,51,0,0,0,0,0,0,0,0,0,0,0,0,0,0,0,0,0,0,0,0,0,128,227,253,252,252,163,0,0,0,0,0,0,0,0,0,0,0,0,0,0,0,0,78,217,217,126,97,200,249,252,253,252,221,12,0,0,0,0,0,0,0,0,0,0,0,0,0,0,0,0,48,252,252,252,252,252,252,252,248,132,20,0,0,0,0,0,0,0,0,0,0,0,0,0,0,0,0,0,2,35,160,252,252,194,200,189,11,0,0,0,0,0,0,0,0,0,0,0,0,0,0,0,0,0,0,0,0,0,0,0,0,0,0,0,0,0,0,0,0,0,0,0,0,0,0,0,0,0,0,0,0,0,0,0,0,0,0,0,0,0,0,0,0,0,0,0,0,0,0,0,0,0,0,0,0,0,0,0,0,0,0,0,0,0,0,0,0,0,0,0,0,0,0,0,0,0,0,0,0,0,0,0,0,0,0,0,0,0,0,0,0,0,0,0,0,0,0,0,0,0,0,0,0,0,0,0,0,0,0,0,0,0
2,0,0,0,0,0,0,0,0,0,0,0,0,0,0,0,0,0,0,0,0,0,0,0,0,0,0,0,0,0,0,0,0,0,0,0,0,0,0,0,0,0,0,0,0,0,0,0,0,0,0,0,0,0,0,0,0,0,0,0,0,0,0,0,0,0,0,0,0,0,0,0,0,0,0,0,0,0,0,0,0,0,0,0,0,0,0,0,0,0,0,0,0,0,0,0,0,0,0,0,0,0,0,0,0,0,0,0,0,0,0,0,0,0,0,0,0,0,0,0,0,0,0,0,0,0,0,85,161,195,195,132,54,0,0,0,0,0,0,0,0,0,0,0,0,0,0,0,0,0,0,0,0,114,191,247,254,254,254,254,231,39,0,0,0,0,0,0,0,0,0,0,0,0,0,0,0,0,0,0,140,217,254,180,92,56,95,213,253,180,3,0,0,0,0,0,0,0,0,0,0,0,0,0,0,0,0,0,179,254,217,78,0,0,0,0,236,254,75,0,0,0,0,0,0,0,0,0,0,0,0,0,0,0,0,18,248,204,23,0,0,0,0,0,236,254,110,0,0,0,0,0,0,0,0,0,0,0,0,0,0,0,0,11,220,103,0,0,0,0,0,6,237,254,151,0,0,0,0,0,0,0,0,0,0,0,0,0,0,0,0,0,53,31,0,0,0,0,0,76,254,254,137,0,0,0,0,0,0,0,0,0,0,0,0,0,0,0,0,0,0,0,0,0,0,0,0,131,254,254,75,0,0,0,0,0,0,0,0,0,0,0,0,0,0,0,0,0,0,0,0,0,0,0,9,241,254,234,39,0,0,0,0,0,0,0,0,0,0,0,0,0,0,0,0,0,0,0,0,0,0,0,45,254,254,106,0,0,0,0,0,0,0,0,0,0,0,0,0,0,0,0,0,0,0,0,0,0,0,10,213,254,255,47,0,0,0,0,0,0,0,0,0,0,0,0,0,0,0,0,0,0,13,38,84,132,227,230,254,254,211,5,0,0,0,0,0,0,0,0,0,0,0,0,0,0,0,0,9,52,189,254,254,254,254,254,254,254,243,122,38,1,0,0,0,0,0,0,0,0,0,0,0,0,0,23,241,254,254,254,197,254,254,254,195,178,220,254,254,151,11,0,0,0,0,0,0,0,0,0,0,0,2,143,254,254,189,22,84,254,254,148,4,0,11,96,113,113,17,0,0,0,0,0,0,0,0,0,0,3,132,254,254,120,14,130,230,254,193,5,0,0,0,0,0,0,0,0,0,0,0,0,0,0,0,0,0,24,233,254,254,116,151,251,254,187,28,0,0,0,0,0,0,0,0,0,0,0,0,0,0,0,0,0,0,38,254,254,254,254,254,254,226,125,0,0,0,0,0,0,0,0,0,0,0,0,0,0,0,0,0,0,0,38,254,254,254,254,234,204,68,0,0,0,0,0,0,0,0,0,0,0,0,0,0,0,0,0,0,0,0,10,177,254,254,169,20,0,0,0,0,0,0,0,0,0,0,0,0,0,0,0,0,0,0,0,0,0,0,0,0,0,0,0,0,0,0,0,0,0,0,0,0,0,0,0,0,0,0,0,0,0,0,0,0,0,0,0,0,0,0,0,0,0,0,0,0,0,0,0,0,0,0,0,0,0,0,0,0,0,0,0,0,0,0,0,0,0,0,0,0,0,0,0,0,0,0,0,0,0,0,0,0,0,0,0,0,0,0,0,0,0,0,0,0,0,0,0,0,0,0,0,0,0,0,0,0,0,0,0,0,0,0,0,0
7,0,0,0,0,0,0,0,0,0,0,0,0,0,0,0,0,0,0,0,0,0,0,0,0,0,0,0,0,0,0,0,0,0,0,0,0,0,0,0,0,0,0,0,0,0,0,0,0,0,0,0,0,0,0,0,0,0,0,0,0,0,0,0,0,0,0,0,0,0,0,0,0,0,0,0,0,0,0,0,0,0,0,0,0,0,0,0,0,0,0,0,0,0,0,0,0,0,0,0,0,0,0,0,0,0,0,0,0,0,0,0,0,0,0,0,0,0,0,0,0,0,0,0,0,0,0,0,0,0,0,0,0,0,0,0,0,0,0,0,0,0,0,0,0,0,0,0,0,0,0,0,0,0,0,0,0,0,0,0,0,0,0,0,0,0,0,0,0,0,0,0,0,0,0,0,0,0,0,0,0,0,0,0,0,0,0,0,0,0,0,0,0,0,0,0,0,0,0,0,0,0,0,0,0,0,0,0,0,0,45,118,160,255,151,0,0,0,0,0,0,0,0,0,0,0,0,0,0,0,0,0,0,100,34,6,48,169,245,254,253,253,239,33,0,0,0,0,0,0,0,0,0,0,0,0,0,0,0,0,49,245,224,214,254,253,227,189,115,253,254,74,0,0,0,0,0,0,0,0,0,0,0,0,0,0,0,0,76,254,254,250,234,116,20,0,16,254,242,40,0,0,0,0,0,0,0,0,0,0,0,0,0,0,0,0,76,253,254,116,0,0,0,0,84,253,229,0,0,0,0,0,0,0,0,0,0,0,0,0,0,0,0,0,127,253,210,7,0,0,0,0,115,253,217,0,0,0,0,0,0,0,0,0,0,0,0,0,0,0,0,0,175,243,74,0,0,0,0,0,148,253,129,0,0,0,0,0,0,0,0,0,0,0,0,0,0,0,0,0,109,110,0,0,0,0,0,10,221,253,35,0,0,0,0,0,0,0,0,0,0,0,0,0,0,0,0,0,0,0,0,0,0,0,0,61,254,253,30,0,0,0,0,0,0,0,0,0,0,0,0,0,0,0,0,0,0,0,0,0,0,0,0,61,253,212,12,0,0,0,0,0,0,0,0,0,0,0,0,0,0,0,0,0,0,0,0,0,0,0,0,102,253,182,0,0,0,0,0,0,0,0,0,0,0,0,0,0,0,0,0,0,0,0,0,0,0,0,0,160,254,84,0,0,0,0,0,0,0,0,0,0,0,0,0,0,0,0,0,0,0,0,0,0,0,0,5,239,253,84,0,0,0,0,0,0,0,0,0,0,0,0,0,0,0,0,0,0,0,0,0,0,0,0,72,253,253,84,0,0,0,0,0,0,0,0,0,0,0,0,0,0,0,0,0,0,0,0,0,0,0,0,106,254,246,43,0,0,0,0,0,0,0,0,0,0,0,0,0,0,0,0,0,0,0,0,0,0,0,0,105,253,238,0,0,0,0,0,0,0,0,0,0,0,0,0,0,0,0,0,0,0,0,0,0,0,0,0,106,254,246,45,0,0,0,0,0,0,0,0,0,0,0,0,0,0,0,0,0,0,0,0,0,0,0,0,105,254,254,84,0,0,0,0,0,0,0,0,0,0,0,0,0,0,0,0,0,0,0,0,0,0,0,0,88,254,254,84,0,0,0,0,0,0,0,0,0,0,0,0,0,0,0,0,0,0,0,0,0,0,0,0,4,216,202,18,0,0,0,0,0,0,0,0,0,0,0,0,0,0,0,0,0,0,0,0,0,0,0,0,0,0,0,0,0,0,0,0,0,0,0,0,0,0,0
6,0,0,0,0,0,0,0,0,0,0,0,0,0,0,0,0,0,0,0,0,0,0,0,0,0,0,0,0,0,0,0,0,0,0,0,0,0,0,0,0,0,0,0,0,0,0,0,0,0,0,0,0,0,0,0,0,0,0,0,0,0,0,0,0,0,0,0,0,0,0,1,69,150,253,255,199,43,0,0,0,0,0,0,0,0,0,0,0,0,0,0,0,0,0,0,0,0,62,182,253,253,253,253,204,46,0,0,0,0,0,0,0,0,0,0,0,0,0,0,0,0,0,0,0,82,214,253,246,177,54,10,5,0,0,0,0,0,0,0,0,0,0,0,0,0,0,0,0,0,0,0,88,246,253,173,53,0,0,0,0,0,0,0,0,0,0,0,0,0,0,0,0,0,0,0,0,0,0,35,247,253,211,28,0,0,0,0,0,0,0,0,0,0,0,0,0,0,0,0,0,0,0,0,0,0,0,202,253,249,63,0,0,0,0,0,0,0,0,0,0,0,0,0,0,0,0,0,0,0,0,0,0,0,80,251,253,98,0,0,0,0,0,0,0,0,0,0,0,0,0,0,0,0,0,0,0,0,0,0,0,9,203,253,236,23,0,0,0,0,0,0,0,0,0,0,0,0,0,0,0,0,0,0,0,0,0,0,0,124,253,242,61,0,0,0,0,0,0,0,0,0,0,0,0,0,0,0,0,0,0,0,0,0,0,0,0,204,253,206,0,0,0,0,0,0,0,0,0,0,0,0,0,0,0,0,0,0,0,0,0,0,0,0,75,252,253,124,0,0,0,0,0,0,0,0,0,0,0,0,0,0,0,0,0,0,0,0,0,0,0,0,94,253,253,22,0,0,0,0,0,34,59,145,243,249,241,76,6,0,0,0,0,0,0,0,0,0,0,0,129,253,253,20,0,0,0,39,152,241,253,253,253,253,253,253,150,0,0,0,0,0,0,0,0,0,0,0,100,253,253,33,0,2,126,245,253,241,205,119,34,76,129,253,249,50,0,0,0,0,0,0,0,0,0,0,27,247,253,124,0,123,253,252,154,44,0,0,0,0,21,253,253,93,0,0,0,0,0,0,0,0,0,0,0,193,253,230,197,250,240,101,0,0,0,0,0,0,30,253,253,86,0,0,0,0,0,0,0,0,0,0,0,104,236,253,253,253,88,0,0,0,0,0,9,100,212,253,145,0,0,0,0,0,0,0,0,0,0,0,0,0,137,253,253,253,230,131,115,115,115,193,222,253,253,215,20,0,0,0,0,0,0,0,0,0,0,0,0,0,0,144,253,253,253,253,253,253,253,253,253,236,137,0,0,0,0,0,0,0,0,0,0,0,0,0,0,0,0,16,179,253,253,253,253,253,194,149,95,32,0,0,0,0,0,0,0,0,0,0,0,0,0,0,0,0,0,0,0,0,0,0,0,0,0,0,0,0,0,0,0,0,0,0,0,0,0,0,0,0,0,0,0,0,0,0,0,0,0,0,0,0,0,0,0,0,0,0,0,0,0,0,0,0,0,0,0,0,0,0,0,0,0,0,0,0,0,0,0,0,0,0,0,0,0,0,0,0,0,0,0,0,0,0,0,0,0,0,0,0,0,0,0,0,0,0,0,0,0,0,0,0,0,0,0,0,0,0,0,0,0,0,0,0,0,0,0,0,0,0,0,0,0,0,0,0,0,0,0,0,0,0,0,0,0,0,0,0,0,0,0,0,0,0,0,0,0,0,0,0,0,0,0,0,0,0,0,0,0,0,0,0,0,0,0
6,0,0,0,0,0,0,0,0,0,0,0,0,0,0,0,0,0,0,0,0,0,0,0,0,0,0,0,0,0,0,0,0,0,0,0,0,0,0,0,0,0,0,0,0,0,0,0,0,0,0,0,0,0,0,0,0,0,0,0,0,0,0,0,0,0,0,0,0,0,38,228,182,0,0,0,0,0,0,0,0,0,0,0,0,0,0,0,0,0,0,0,0,0,0,0,0,0,193,253,78,0,0,0,0,0,0,0,0,0,0,0,0,0,0,0,0,0,0,0,0,0,0,0,0,90,245,129,0,0,0,0,0,0,0,0,0,0,0,0,0,0,0,0,0,0,0,0,0,0,0,0,30,233,193,16,0,0,0,0,0,0,0,0,0,0,0,0,0,0,0,0,0,0,0,0,0,0,0,0,177,253,87,0,0,0,0,0,0,0,0,0,0,0,0,0,0,0,0,0,0,0,0,0,0,0,0,73,247,204,20,0,0,0,0,0,0,0,0,0,0,0,0,0,0,0,0,0,0,0,0,0,0,0,0,182,241,67,0,0,0,0,0,0,0,0,0,0,0,0,0,0,0,0,0,0,0,0,0,0,0,0,124,254,153,0,0,0,0,0,0,0,0,0,0,0,0,0,0,0,0,0,0,0,0,0,0,0,0,2,186,248,36,0,0,0,0,0,0,0,0,0,0,0,0,0,0,0,0,0,0,0,0,0,0,0,0,116,253,117,0,0,0,0,0,0,0,0,0,0,0,0,0,0,0,0,0,0,0,0,0,0,0,0,0,200,228,33,0,0,0,0,0,0,0,0,0,0,0,0,0,0,0,0,0,0,0,0,0,0,0,0,34,249,162,0,0,0,0,0,0,0,0,0,0,0,0,0,0,0,0,0,0,0,0,0,0,0,0,0,37,253,162,0,0,0,0,0,0,54,205,217,185,14,0,0,0,0,0,0,0,0,0,0,0,0,0,0,37,253,124,0,0,0,0,0,167,245,235,236,253,193,8,0,0,0,0,0,0,0,0,0,0,0,0,0,37,253,136,0,0,0,0,33,228,63,0,6,169,254,115,0,0,0,0,0,0,0,0,0,0,0,0,0,14,219,221,27,0,0,0,92,124,0,0,0,0,255,199,0,0,0,0,0,0,0,0,0,0,0,0,0,0,128,253,158,24,0,0,7,7,0,0,0,0,254,198,0,0,0,0,0,0,0,0,0,0,0,0,0,0,3,165,254,213,82,8,0,0,0,0,3,102,254,108,0,0,0,0,0,0,0,0,0,0,0,0,0,0,0,0,113,232,253,210,199,174,109,154,203,253,209,10,0,0,0,0,0,0,0,0,0,0,0,0,0,0,0,0,0,16,118,201,253,254,253,253,181,98,0,0,0,0,0,0,0,0,0,0,0,0,0,0,0,0,0,0,0,0,0,0,0,0,0,0,0,0,0,0,0,0,0,0,0,0,0,0,0,0,0,0,0,0,0,0,0,0,0,0,0,0,0,0,0,0,0,0,0,0,0,0,0,0,0,0,0,0,0,0,0,0,0,0,0,0,0,0,0,0,0,0,0,0,0,0,0,0,0,0,0,0,0,0,0,0,0,0,0,0,0,0,0,0,0,0,0,0,0,0,0,0,0,0,0,0,0,0,0,0,0,0,0,0,0,0,0,0,0,0,0,0,0,0,0,0,0,0,0,0,0,0,0,0,0,0,0,0,0,0,0,0,0,0,0,0,0,0,0,0,0,0,0,0,0,0,0,0,0,0,0,0,0,0,0,0
9,0,0,0,0,0,0,0,0,0,0,0,0,0,0,0,0,0,0,0,0,0,0,0,0,0,0,0,0,0,0,0,0,0,0,0,0,0,0,0,0,0,0,0,0,0,0,0,0,0,0,0,0,0,0,0,0,0,0,0,0,0,0,0,0,0,0,0,0,0,0,0,0,0,0,0,0,0,0,0,0,0,0,0,0,0,0,0,0,0,0,0,0,0,0,0,0,0,0,0,0,0,0,0,0,0,0,0,0,0,0,0,0,0,0,0,0,0,0,0,0,0,0,0,0,0,0,0,0,0,0,0,0,0,0,0,0,0,0,0,0,0,0,0,0,0,0,0,0,0,0,0,0,0,0,0,0,0,0,0,0,0,0,0,0,0,0,0,0,0,0,0,0,0,0,0,0,0,21,157,241,254,254,255,202,49,0,0,0,0,0,0,0,0,0,0,0,0,0,0,0,0,0,0,0,0,209,253,253,203,108,166,249,198,31,0,0,0,0,0,0,0,0,0,0,0,0,0,0,0,0,0,0,46,254,253,163,8,0,0,190,253,131,0,0,0,0,0,0,0,0,0,0,0,0,0,0,0,0,0,0,162,254,253,36,0,0,0,210,253,150,7,0,0,0,0,0,0,0,0,0,0,0,0,0,0,0,0,0,181,254,233,23,0,0,0,61,227,196,207,130,0,0,0,0,0,0,0,0,0,0,0,0,0,0,0,0,182,255,173,0,0,0,0,0,0,135,254,156,0,0,0,0,0,0,0,0,0,0,0,0,0,0,0,0,181,254,108,0,0,0,0,0,21,230,253,91,0,0,0,0,0,0,0,0,0,0,0,0,0,0,0,0,181,254,153,0,0,0,0,0,95,253,253,13,0,0,0,0,0,0,0,0,0,0,0,0,0,0,0,0,142,254,241,77,19,51,135,199,245,253,253,0,0,0,0,0,0,0,0,0,0,0,0,0,0,0,0,0,26,221,253,253,253,253,254,233,207,253,253,0,0,0,0,0,0,0,0,0,0,0,0,0,0,0,0,0,0,59,190,254,222,148,66,0,128,254,254,0,0,0,0,0,0,0,0,0,0,0,0,0,0,0,0,0,0,0,4,18,10,0,0,0,179,253,233,0,0,0,0,0,0,0,0,0,0,0,0,0,0,0,0,0,0,0,0,0,0,0,0,28,235,253,162,0,0,0,0,0,0,0,0,0,0,0,0,0,0,0,0,0,0,0,0,0,0,0,0,55,253,253,162,0,0,0,0,0,0,0,0,0,0,0,0,0,0,0,0,0,0,0,0,0,0,0,0,55,253,253,98,0,0,0,0,0,0,0,0,0,0,0,0,0,0,0,0,0,0,0,0,0,0,0,0,55,254,254,72,0,0,0,0,0,0,0,0,0,0,0,0,0,0,0,0,0,0,0,0,0,0,0,0,55,253,253,72,0,0,0,0,0,0,0,0,0,0,0,0,0,0,0,0,0,0,0,0,0,0,0,0,100,253,253,72,0,0,0,0,0,0,0,0,0,0,0,0,0,0,0,0,0,0,0,0,0,0,0,0,107,253,245,41,0,0,0,0,0,0,0,0,0,0,0,0,0,0,0,0,0,0,0,0,0,0,0,0,35,194,150,0,0,0,0,0,0,0,0,0,0,0,0,0,0,0,0,0,0,0,0,0,0,0,0,0,0,0,0,0,0,0,0,0,0,0,0,0,0,0,0,0,0,0,0,0,0,0,0,0,0,0,0,0,0,0,0,0,0,0,0,0,0,0,0,0,0
2,0,0,0,0,0,0,0,0,0,0,0,0,0,0,0,0,0,0,0,0,0,0,0,0,0,0,0,0,0,0,0,0,0,0,0,0,0,0,0,0,0,0,0,0,0,0,0,0,0,0,0,0,0,0,0,0,0,0,0,0,0,0,0,0,0,0,0,0,0,0,0,0,0,0,0,0,0,0,0,0,0,0,0,0,0,0,0,0,0,0,0,0,0,0,0,17,83,156,241,185,129,83,76,0,0,0,0,0,0,0,0,0,0,0,0,0,0,0,0,0,0,0,0,53,254,188,188,254,254,254,254,180,21,0,0,0,0,0,0,0,0,0,0,0,0,0,0,0,0,0,0,20,95,15,2,8,19,95,102,211,244,71,0,0,0,0,0,0,0,0,0,0,0,0,0,0,0,0,0,0,0,0,0,0,0,0,0,11,189,212,0,0,0,0,0,0,0,0,0,0,0,0,0,0,0,0,0,0,0,0,0,0,0,0,0,0,49,254,95,0,0,0,0,0,0,0,0,0,0,0,0,0,0,0,0,0,0,0,0,0,0,0,0,0,34,254,163,0,0,0,0,0,0,0,0,0,0,0,0,0,0,0,0,0,0,0,0,0,0,0,0,4,163,253,99,0,0,0,0,0,0,0,0,0,0,0,0,0,0,0,0,0,0,0,0,0,0,0,0,83,254,246,0,0,0,0,0,0,0,0,0,0,0,0,0,0,0,0,0,0,0,0,0,0,0,0,36,246,252,112,0,0,0,0,0,0,0,0,0,0,0,0,0,0,0,0,0,0,0,0,0,0,0,14,212,252,113,0,0,0,0,0,0,0,0,0,0,0,0,0,0,0,0,0,0,8,85,184,155,50,15,168,254,181,0,0,0,0,0,0,0,0,0,0,0,0,0,0,0,0,0,21,84,207,254,254,254,248,213,254,225,12,0,0,0,0,0,0,0,0,0,0,0,0,0,0,0,19,133,233,254,254,228,78,70,239,254,243,50,0,0,0,0,0,0,0,0,0,0,0,0,0,0,0,33,229,254,254,230,96,8,5,149,254,254,240,36,0,0,0,0,0,0,0,0,0,0,0,0,0,0,7,177,254,249,125,56,0,0,88,254,254,215,250,222,28,0,0,0,0,0,0,0,0,0,0,0,0,0,79,254,250,89,0,0,0,77,245,254,217,35,98,231,43,0,0,0,0,0,0,0,0,0,0,0,0,0,141,254,185,0,0,3,78,245,254,188,13,0,0,6,18,0,0,0,0,0,0,0,0,0,0,0,0,0,164,254,158,9,59,160,255,254,159,13,0,0,0,0,0,0,0,0,0,0,0,0,0,0,0,0,0,0,103,253,254,254,254,254,254,159,12,0,0,0,0,0,0,0,0,0,0,0,0,0,0,0,0,0,0,0,0,77,221,203,168,91,65,0,0,0,0,0,0,0,0,0,0,0,0,0,0,0,0,0,0,0,0,0,0,0,0,0,0,0,0,0,0,0,0,0,0,0,0,0,0,0,0,0,0,0,0,0,0,0,0,0,0,0,0,0,0,0,0,0,0,0,0,0,0,0,0,0,0,0,0,0,0,0,0,0,0,0,0,0,0,0,0,0,0,0,0,0,0,0,0,0,0,0,0,0,0,0,0,0,0,0,0,0,0,0,0,0,0,0,0,0,0,0,0,0,0,0,0,0,0,0,0,0,0,0,0,0,0,0,0,0,0,0,0,0,0,0,0,0,0,0,0,0,0,0,0,0,0,0,0,0,0,0,0,0,0,0,0
8,0,0,0,0,0,0,0,0,0,0,0,0,0,0,0,0,0,0,0,0,0,0,0,0,0,0,0,0,0,0,0,0,0,0,0,0,0,0,0,0,0,0,0,0,0,0,0,0,0,0,0,0,0,0,0,0,0,0,0,0,0,0,0,0,0,0,0,0,0,0,0,0,0,0,0,0,0,0,0,0,0,0,0,0,0,0,0,0,0,0,0,0,0,0,0,0,0,0,0,0,0,0,0,0,0,0,0,0,0,0,0,0,0,0,0,0,0,0,0,0,0,0,0,0,0,0,0,0,0,0,0,0,0,0,0,0,0,0,0,0,0,0,0,0,0,0,0,0,0,0,0,0,48,96,96,255,253,253,253,153,0,0,0,0,0,0,0,0,0,0,0,0,0,0,0,0,0,20,92,190,221,251,251,253,251,251,251,251,191,170,16,0,0,0,0,0,0,0,0,0,0,0,0,0,112,205,253,251,251,251,251,253,251,251,251,251,253,251,188,16,0,0,0,0,0,0,0,0,0,0,0,112,248,251,253,251,251,251,251,253,251,251,251,251,253,251,251,185,24,0,0,0,0,0,0,0,0,0,20,205,251,251,253,251,251,251,251,253,251,251,251,251,253,251,251,251,94,0,0,0,0,0,0,0,0,36,214,253,253,253,255,253,205,19,0,0,0,80,182,253,255,253,253,129,0,0,0,0,0,0,0,0,0,96,251,251,251,251,253,251,220,51,12,0,0,0,84,251,253,251,156,8,0,0,0,0,0,0,0,0,0,96,251,251,251,251,253,251,251,251,173,0,16,127,236,251,205,126,63,0,0,0,0,0,0,0,0,0,0,12,197,251,251,251,253,251,251,251,251,223,225,251,235,188,19,0,0,0,0,0,0,0,0,0,0,0,0,0,71,173,211,193,253,251,251,251,251,253,251,251,188,0,0,0,0,0,0,0,0,0,0,0,0,0,0,0,0,0,0,0,159,230,253,253,253,255,253,253,213,36,0,0,0,0,0,0,0,0,0,0,0,0,0,0,0,0,0,0,32,197,251,251,251,253,251,251,251,212,0,0,0,0,0,0,0,0,0,0,0,0,0,0,0,0,0,80,253,251,251,219,126,253,251,251,251,251,80,0,0,0,0,0,0,0,0,0,0,0,0,0,0,0,16,181,253,251,219,42,0,114,251,251,251,251,182,16,0,0,0,0,0,0,0,0,0,0,0,0,0,0,64,251,253,231,47,0,0,36,212,251,251,251,253,161,0,0,0,0,0,0,0,0,0,0,0,0,0,48,234,253,255,63,0,0,0,0,32,253,253,253,255,221,0,0,0,0,0,0,0,0,0,0,0,0,0,111,248,251,253,205,111,32,32,32,60,251,251,251,253,200,0,0,0,0,0,0,0,0,0,0,0,0,0,0,221,251,253,251,251,251,251,253,251,251,251,251,205,31,0,0,0,0,0,0,0,0,0,0,0,0,0,0,67,228,253,251,251,251,251,253,251,251,196,188,19,0,0,0,0,0,0,0,0,0,0,0,0,0,0,0,0,59,253,251,251,251,251,153,231,94,12,0,0,0,0,0,0,0,0,0,0,0,0,0,0,0,0,0,0,0,0,0,0,0,0,0,0,0,0,0,0,0,0,0,0,0,0,0,0,0,0,0,0,0,0,0,0,0,0,0,0,0,0,0,0,0,0,0,0,0,0,0,0,0,0,0,0,0,0,0,0,0,0,0,0,0,0,0,0,0,0,0,0,0,0,0,0,0,0,0,0,0,0,0
3,0,0,0,0,0,0,0,0,0,0,0,0,0,0,0,0,0,0,0,0,0,0,0,0,0,0,0,0,0,0,0,0,0,0,0,0,0,0,0,0,0,0,0,0,0,0,0,0,0,0,0,0,0,0,0,0,0,0,0,0,0,0,0,0,0,0,0,0,0,0,0,0,0,0,0,0,0,0,0,0,0,0,0,0,0,0,0,0,0,0,0,0,0,0,0,0,0,0,0,0,0,0,0,0,0,0,0,0,0,0,0,0,0,0,0,0,0,0,0,0,70,254,254,186,162,112,38,0,0,0,0,0,0,0,0,0,0,0,0,0,0,0,0,0,0,0,0,0,32,207,253,253,254,253,243,197,139,29,0,0,0,0,0,0,0,0,0,0,0,0,0,0,0,0,0,0,0,9,46,46,71,137,213,246,254,156,0,0,0,0,0,0,0,0,0,0,0,0,0,0,0,0,0,0,0,0,0,0,0,0,0,84,254,206,0,0,0,0,0,0,0,0,0,0,0,0,0,0,0,0,0,0,0,0,0,0,0,0,0,151,254,182,0,0,0,0,0,0,0,0,0,0,0,0,0,0,0,0,0,0,0,0,0,0,0,0,123,247,241,60,0,0,0,0,0,0,0,0,0,0,0,0,0,0,0,0,0,0,0,0,0,9,24,191,245,236,67,0,0,0,0,0,0,0,0,0,0,0,0,0,0,0,0,0,0,0,0,17,101,209,254,253,244,44,0,0,0,0,0,0,0,0,0,0,0,0,0,0,0,0,0,0,0,0,0,106,254,254,254,254,254,152,70,7,0,0,0,0,0,0,0,0,0,0,0,0,0,0,0,0,0,0,0,29,194,253,254,210,206,240,254,165,9,0,0,0,0,0,0,0,0,0,0,0,0,0,0,0,0,0,0,0,5,46,46,4,0,34,129,251,122,0,0,0,0,0,0,0,0,0,0,0,0,0,0,0,0,0,0,0,0,0,0,0,0,0,0,197,205,0,0,0,0,0,0,0,0,0,0,0,0,0,0,0,0,0,0,0,0,0,0,0,0,0,19,237,230,0,0,0,0,0,0,0,0,0,0,0,0,0,0,0,0,0,0,76,25,0,0,0,0,0,87,253,246,50,0,0,0,0,0,0,0,0,0,0,0,0,0,0,0,0,32,224,88,0,0,0,0,0,170,253,246,50,0,0,0,0,0,0,0,0,0,0,0,0,0,0,0,0,45,245,205,0,0,0,0,102,254,253,196,0,0,0,0,0,0,0,0,0,0,0,0,0,0,0,0,0,0,206,237,70,0,81,203,254,255,254,113,0,0,0,0,0,0,0,0,0,0,0,0,0,0,0,0,0,0,55,253,253,206,243,253,253,254,194,4,0,0,0,0,0,0,0,0,0,0,0,0,0,0,0,0,0,0,9,96,238,254,253,253,253,247,71,0,0,0,0,0,0,0,0,0,0,0,0,0,0,0,0,0,0,0,0,0,25,186,253,211,160,50,0,0,0,0,0,0,0,0,0,0,0,0,0,0,0,0,0,0,0,0,0,0,0,0,0,0,0,0,0,0,0,0,0,0,0,0,0,0,0,0,0,0,0,0,0,0,0,0,0,0,0,0,0,0,0,0,0,0,0,0,0,0,0,0,0,0,0,0,0,0,0,0,0,0,0,0,0,0,0,0,0,0,0,0,0,0,0,0,0,0,0,0,0,0,0,0,0,0,0,0,0,0,0,0,0,0,0,0,0,0,0,0,0,0,0,0,0,0,0,0,0,0,0
5,0,0,0,0,0,0,0,0,0,0,0,0,0,0,0,0,0,0,0,0,0,0,0,0,0,0,0,0,0,0,0,0,0,0,0,0,0,0,0,0,0,0,0,0,0,0,0,0,0,0,0,0,0,0,0,0,0,0,0,0,0,0,0,0,0,0,0,0,0,0,0,0,0,0,0,0,0,0,0,0,0,0,0,0,0,0,0,0,0,0,0,0,0,0,0,0,0,0,0,0,0,0,0,0,0,0,0,0,0,0,0,0,0,0,0,0,0,0,0,0,0,0,21,157,208,215,163,137,57,0,0,0,0,0,0,0,0,0,0,0,0,0,0,0,0,0,0,0,0,0,209,253,206,222,253,254,249,190,113,42,0,0,0,0,0,0,0,0,0,0,0,0,0,0,0,0,0,0,95,75,5,16,36,95,191,176,253,195,102,3,0,0,0,0,0,0,0,0,0,0,0,0,0,0,0,40,141,86,0,0,0,0,0,21,150,248,247,164,3,0,0,0,0,0,0,0,0,0,0,0,0,0,0,124,254,218,13,0,0,0,0,0,0,52,99,253,36,0,0,0,0,0,0,0,0,0,0,0,0,0,0,149,255,254,36,0,0,0,0,0,0,0,0,0,0,0,0,0,0,0,0,0,0,0,0,0,0,0,4,196,254,202,3,0,0,0,0,0,0,0,0,0,0,0,0,0,0,0,0,0,0,0,0,0,0,0,64,253,254,198,0,0,0,0,0,0,0,0,0,0,0,0,0,0,0,0,0,0,0,0,0,0,0,0,109,253,254,222,122,199,199,141,53,0,0,0,0,0,0,0,0,0,0,0,0,0,0,0,0,0,0,0,141,253,254,253,253,253,253,254,237,58,0,0,0,0,0,0,0,0,0,0,0,0,0,0,0,0,0,0,200,254,255,254,254,248,117,137,254,241,94,0,0,0,0,0,0,0,0,0,0,0,0,0,0,0,0,21,230,253,254,253,212,68,0,5,165,253,239,42,0,0,0,0,0,0,0,0,0,0,0,0,0,0,0,19,213,253,254,212,31,0,0,0,47,248,253,72,0,0,0,0,0,0,0,0,0,0,0,0,0,0,0,0,69,235,235,36,0,0,0,0,0,217,253,143,0,0,0,0,0,0,0,0,0,0,0,0,0,0,0,0,0,0,33,0,0,0,0,0,0,217,253,162,0,0,0,0,0,0,0,0,0,0,0,0,0,0,0,0,0,0,119,5,0,0,0,0,0,218,254,163,0,0,0,0,0,0,0,0,0,0,0,0,0,0,0,0,0,0,73,198,28,0,0,0,12,225,253,162,0,0,0,0,0,0,0,0,0,0,0,0,0,0,0,0,0,0,11,115,222,86,0,0,113,253,253,162,0,0,0,0,0,0,0,0,0,0,0,0,0,0,0,0,0,0,0,32,231,249,134,135,249,253,253,124,0,0,0,0,0,0,0,0,0,0,0,0,0,0,0,0,0,0,0,0,49,201,253,254,253,253,111,21,0,0,0,0,0,0,0,0,0,0,0,0,0,0,0,0,0,0,0,0,0,0,0,0,0,0,0,0,0,0,0,0,0,0,0,0,0,0,0,0,0,0,0,0,0,0,0,0,0,0,0,0,0,0,0,0,0,0,0,0,0,0,0,0,0,0,0,0,0,0,0,0,0,0,0,0,0,0,0,0,0,0,0,0,0,0,0,0,0,0,0,0,0,0,0,0,0,0,0,0,0,0,0,0,0,0,0,0,0,0,0,0,0,0,0,0,0,0,0,0
2,0,0,0,0,0,0,0,0,0,0,0,0,0,0,0,0,0,0,0,0,0,0,0,0,0,0,0,0,0,0,0,0,0,0,0,0,0,0,0,0,0,0,0,0,0,0,0,0,0,0,0,0,0,0,0,0,0,0,0,0,0,0,0,0,0,0,0,0,0,0,0,0,0,0,0,0,0,0,0,0,0,0,0,0,0,0,0,0,0,0,0,0,0,0,0,0,0,0,0,0,0,0,0,0,0,0,0,0,0,0,0,0,0,0,0,0,0,0,0,0,0,0,0,41,113,152,152,112,21,0,0,0,0,0,0,0,0,0,0,0,0,0,0,0,0,0,0,0,0,82,163,243,253,252,253,252,203,20,0,0,0,0,0,0,0,0,0,0,0,0,0,0,0,0,0,41,173,253,255,253,203,203,203,243,254,172,0,0,0,0,0,0,0,0,0,0,0,0,0,0,0,0,41,243,253,252,192,111,0,0,0,40,253,252,0,0,0,0,0,0,0,0,0,0,0,0,0,0,0,0,254,253,244,81,0,0,0,0,0,0,152,253,102,0,0,0,0,0,0,0,0,0,0,0,0,0,0,0,213,252,203,0,0,0,0,0,0,0,233,252,102,0,0,0,0,0,0,0,0,0,0,0,0,0,0,0,21,102,102,20,0,0,0,0,0,21,254,253,82,0,0,0,0,0,0,0,0,0,0,0,0,0,0,0,0,0,0,0,0,0,0,0,0,142,253,252,0,0,0,0,0,0,0,0,0,0,0,0,0,0,0,0,0,0,0,0,0,0,0,0,0,203,254,151,0,0,0,0,0,0,0,0,0,0,0,0,0,0,0,0,0,0,0,0,0,0,0,0,21,223,253,111,0,0,0,0,0,0,0,0,0,0,0,0,0,0,0,0,0,0,0,0,0,0,0,0,214,253,203,20,0,0,0,0,0,0,0,0,0,0,0,0,0,0,0,0,0,0,0,0,0,0,0,41,253,252,61,0,0,0,0,0,0,0,0,0,0,0,0,0,0,0,0,0,0,0,0,0,0,0,31,233,254,172,0,0,0,0,0,0,0,0,0,0,0,0,0,0,0,0,0,0,0,0,0,0,0,0,132,252,233,30,0,0,0,0,0,0,0,0,21,102,0,0,0,0,0,0,0,0,0,0,0,0,0,123,254,253,123,0,0,0,0,0,0,21,152,193,244,162,0,0,0,0,0,0,0,0,0,0,0,0,21,223,253,171,0,0,0,0,0,0,102,203,253,212,40,0,0,0,0,0,0,0,0,0,0,0,0,0,113,253,255,50,0,21,52,92,132,253,255,253,163,0,0,0,0,0,0,0,0,0,0,0,0,0,0,0,152,252,253,212,203,223,253,252,253,252,192,111,0,0,0,0,0,0,0,0,0,0,0,0,0,0,0,0,132,253,255,253,255,253,234,213,203,122,0,0,0,0,0,0,0,0,0,0,0,0,0,0,0,0,0,0,10,91,151,151,91,50,30,10,0,0,0,0,0,0,0,0,0,0,0,0,0,0,0,0,0,0,0,0,0,0,0,0,0,0,0,0,0,0,0,0,0,0,0,0,0,0,0,0,0,0,0,0,0,0,0,0,0,0,0,0,0,0,0,0,0,0,0,0,0,0,0,0,0,0,0,0,0,0,0,0,0,0,0,0,0,0,0,0,0,0,0,0,0,0,0,0,0,0,0,0,0,0,0,0,0,0,0,0,0,0,0,0,0,0,0,0,0,0,0,0,0,0,0,0,0,0,0,0,0,0
2,0,0,0,0,0,0,0,0,0,0,0,0,0,0,0,0,0,0,0,0,0,0,0,0,0,0,0,0,0,0,0,0,0,0,0,0,0,0,0,0,0,0,0,0,0,0,0,0,0,0,0,0,0,0,0,0,0,0,0,0,0,0,0,0,0,0,0,0,0,0,0,0,0,0,0,0,0,0,0,0,0,0,0,0,0,0,0,0,0,0,0,0,0,0,0,0,51,138,244,118,17,0,0,0,0,0,0,0,0,0,0,0,0,0,0,0,0,0,0,0,0,0,0,66,194,252,207,236,227,50,0,0,0,0,0,0,0,0,0,0,0,0,0,0,0,0,0,0,0,0,34,234,252,136,0,65,234,227,17,0,0,0,0,0,0,0,0,0,0,0,0,0,0,0,0,0,0,0,140,252,176,4,0,0,90,252,117,0,0,0,0,0,0,0,0,0,0,0,0,0,0,0,0,0,0,0,161,252,160,0,0,0,38,232,242,0,0,0,0,0,0,0,0,0,0,0,0,0,0,0,0,0,0,0,43,247,98,0,0,0,0,145,253,116,0,0,0,0,0,0,0,0,0,0,0,0,0,0,0,0,0,0,0,67,17,0,0,0,0,34,238,136,0,0,0,0,0,0,0,0,0,0,0,0,0,0,0,0,0,0,0,0,0,0,0,0,0,0,230,230,0,0,0,0,0,0,0,0,0,0,0,0,0,0,0,0,0,0,0,0,0,0,0,0,0,0,230,230,0,0,0,0,0,0,0,0,0,0,0,0,0,0,0,0,0,0,0,0,0,0,0,0,0,43,240,126,0,0,0,0,0,0,0,0,0,0,0,0,0,0,0,0,0,0,0,0,0,0,0,0,0,93,253,116,0,0,0,0,0,0,0,0,0,0,0,0,0,0,0,0,0,0,0,0,0,0,0,0,13,174,252,95,0,0,0,0,0,0,0,0,0,0,0,0,0,0,0,0,0,38,70,70,44,0,0,0,70,252,221,0,0,0,0,0,0,0,0,0,0,0,0,0,0,0,0,0,95,233,252,252,236,155,85,17,188,252,43,0,0,0,0,0,0,0,0,0,0,0,0,0,0,0,0,0,168,253,178,137,232,252,251,182,252,210,12,0,0,0,0,0,0,0,0,0,0,0,0,0,0,0,0,0,231,255,103,0,43,231,255,253,205,21,0,0,0,0,0,0,0,0,0,0,0,0,0,0,0,0,0,0,209,253,214,26,47,193,253,252,69,0,0,0,0,0,0,0,0,0,0,0,0,0,0,0,0,0,0,0,116,253,252,221,252,252,253,231,37,0,0,0,0,0,0,0,0,0,0,0,0,0,0,0,0,0,0,0,21,169,252,252,252,210,109,219,162,0,0,0,0,0,0,0,0,0,0,0,0,0,0,0,0,0,0,0,0,3,22,22,22,12,0,88,162,42,0,0,0,0,0,0,0,0,0,0,0,0,0,0,0,0,0,0,0,0,0,0,0,0,0,0,0,0,0,0,0,0,0,0,0,0,0,0,0,0,0,0,0,0,0,0,0,0,0,0,0,0,0,0,0,0,0,0,0,0,0,0,0,0,0,0,0,0,0,0,0,0,0,0,0,0,0,0,0,0,0,0,0,0,0,0,0,0,0,0,0,0,0,0,0,0,0,0,0,0,0,0,0,0,0,0,0,0,0,0,0,0,0,0,0,0,0,0,0,0,0,0,0,0,0,0,0,0,0,0,0,0,0,0,0,0,0,0,0,0,0,0,0,0,0,0,0,0,0,0
5,0,0,0,0,0,0,0,0,0,0,0,0,0,0,0,0,0,0,0,0,0,0,0,0,0,0,0,0,0,0,0,0,0,0,0,0,0,0,0,0,0,0,0,0,0,0,0,0,0,0,0,0,0,0,0,0,0,0,0,0,0,0,0,0,0,0,0,0,0,0,0,0,0,0,0,0,0,0,0,0,0,0,0,0,0,0,0,0,0,0,0,0,0,0,0,0,0,0,0,0,0,0,0,0,0,0,0,0,0,0,0,0,0,0,0,0,0,0,0,0,0,0,0,0,0,0,0,0,0,0,0,0,0,0,0,0,0,0,0,0,0,0,0,0,0,0,0,0,0,0,0,0,0,0,0,0,0,0,0,0,0,0,0,0,0,0,0,0,0,0,0,0,0,0,0,0,45,121,25,0,0,13,121,121,184,253,253,253,253,253,253,253,107,0,0,0,0,0,0,0,0,0,0,46,231,252,242,240,240,241,252,252,253,252,252,252,252,252,252,170,6,0,0,0,0,0,0,0,0,0,0,107,252,252,252,252,252,252,252,252,253,252,252,252,252,252,252,162,0,0,0,0,0,0,0,0,0,0,0,107,252,252,252,252,252,252,252,252,253,252,222,172,172,172,151,15,0,0,0,0,0,0,0,0,0,0,0,107,252,252,252,252,252,209,185,115,53,53,33,0,0,0,0,0,0,0,0,0,0,0,0,0,0,0,0,28,205,252,252,252,252,121,0,0,0,0,0,0,0,0,0,0,0,0,0,0,0,0,0,0,0,0,0,0,79,246,252,252,252,243,94,0,0,0,0,0,0,0,0,0,0,0,0,0,0,0,0,0,0,0,0,0,0,78,205,252,252,252,247,90,0,0,0,0,0,0,0,0,0,0,0,0,0,0,0,0,0,0,0,0,0,0,28,133,248,252,252,252,85,1,0,0,0,0,0,0,0,0,0,0,0,0,0,0,0,0,0,0,0,0,0,0,82,203,252,252,253,13,0,0,0,0,0,0,0,0,0,0,0,0,0,0,0,0,0,0,0,0,0,0,0,15,203,253,255,146,0,0,0,0,0,0,0,0,0,0,0,0,0,0,0,0,0,0,0,0,0,0,0,0,15,202,253,247,81,0,0,0,0,0,0,0,0,0,0,0,0,0,0,0,0,0,0,0,0,0,0,0,0,133,253,252,158,0,0,0,0,0,0,0,0,0,0,0,0,0,0,0,0,0,0,0,0,0,0,0,0,133,253,252,158,0,0,0,0,0,0,0,0,0,0,0,0,0,0,0,0,29,67,46,0,0,0,0,0,133,253,252,183,11,0,0,0,0,0,0,0,0,0,0,0,0,0,0,0,107,252,231,151,54,17,34,61,221,253,252,252,39,0,0,0,0,0,0,0,0,0,0,0,0,0,0,0,34,234,252,252,252,198,223,252,252,253,252,188,13,0,0,0,0,0,0,0,0,0,0,0,0,0,0,0,0,132,248,252,252,252,252,252,252,253,241,142,0,0,0,0,0,0,0,0,0,0,0,0,0,0,0,0,0,0,202,249,252,252,252,252,252,247,68,0,0,0,0,0,0,0,0,0,0,0,0,0,0,0,0,0,0,0,0,129,252,252,252,252,181,63,0,0,0,0,0,0,0,0,0,0,0,0,0,0,0,0,0,0,0,0,0,0,0,0,0,0,0,0,0,0,0,0,0,0,0,0,0,0,0,0,0,0,0,0,0,0,0,0,0,0,0,0,0,0,0,0,0,0,0,0,0,0,0,0,0,0,0
6,0,0,0,0,0,0,0,0,0,0,0,0,0,0,0,0,0,0,0,0,0,0,0,0,0,0,0,0,0,0,0,0,0,0,0,0,0,0,0,0,0,0,0,0,0,0,0,0,0,0,0,0,0,0,0,0,0,0,0,0,0,0,0,0,0,0,0,0,0,0,0,0,0,0,0,0,0,0,0,0,0,0,0,0,0,0,0,0,0,0,0,0,0,0,0,0,0,0,0,0,0,0,0,0,0,0,0,0,0,0,0,0,0,0,0,0,0,0,0,0,0,0,0,0,0,0,0,11,51,214,253,193,51,0,0,0,0,0,0,0,0,0,0,0,0,0,0,0,0,0,0,0,0,0,41,173,252,253,252,253,111,0,0,0,0,0,0,0,0,0,0,0,0,0,0,0,0,0,0,0,0,51,233,254,253,244,122,41,0,0,0,0,0,0,0,0,0,0,0,0,0,0,0,0,0,0,0,0,41,233,252,253,212,40,0,0,0,0,0,0,0,0,0,0,0,0,0,0,0,0,0,0,0,0,0,0,163,254,253,224,20,0,0,0,0,0,0,0,0,0,0,0,0,0,0,0,0,0,0,0,0,0,0,123,243,253,212,40,0,0,0,0,0,0,0,0,0,0,0,0,0,0,0,0,0,0,0,0,0,0,0,254,253,203,20,0,0,0,0,0,0,0,0,0,0,0,0,0,0,0,0,0,0,0,0,0,0,0,0,253,252,102,0,0,0,0,0,0,0,0,0,0,0,0,0,0,0,0,0,0,0,0,0,0,0,0,123,254,233,0,0,0,0,0,0,0,0,0,0,0,0,0,0,0,0,0,0,0,0,0,0,0,0,21,223,253,70,0,0,0,0,0,0,0,0,0,0,0,0,0,0,0,0,0,0,0,0,0,0,0,0,52,253,254,50,0,0,0,0,0,0,0,0,0,0,0,0,0,0,0,0,0,0,0,0,0,0,0,0,132,252,253,50,0,0,0,0,0,0,0,0,0,0,0,0,0,0,0,0,0,0,0,0,0,0,0,0,72,253,254,172,152,152,152,71,21,0,0,0,0,0,0,0,0,0,0,0,0,0,0,0,0,0,0,0,152,252,253,252,253,252,253,252,223,81,0,0,0,0,0,0,0,0,0,0,0,0,0,0,0,0,0,0,52,253,163,183,183,20,0,82,254,253,62,0,0,0,0,0,0,0,0,0,0,0,0,0,0,0,0,0,51,252,102,0,0,0,0,82,253,252,102,0,0,0,0,0,0,0,0,0,0,0,0,0,0,0,0,0,52,253,204,0,0,0,11,213,255,253,103,0,0,0,0,0,0,0,0,0,0,0,0,0,0,0,0,0,10,172,243,40,0,82,213,252,253,171,20,0,0,0,0,0,0,0,0,0,0,0,0,0,0,0,0,0,0,0,173,213,214,253,255,253,82,0,0,0,0,0,0,0,0,0,0,0,0,0,0,0,0,0,0,0,0,0,10,131,253,252,253,130,0,0,0,0,0,0,0,0,0,0,0,0,0,0,0,0,0,0,0,0,0,0,0,0,0,0,0,0,0,0,0,0,0,0,0,0,0,0,0,0,0,0,0,0,0,0,0,0,0,0,0,0,0,0,0,0,0,0,0,0,0,0,0,0,0,0,0,0,0,0,0,0,0,0,0,0,0,0,0,0,0,0,0,0,0,0,0,0,0,0,0,0,0,0,0,0,0,0,0,0,0,0,0,0,0,0,0,0,0,0,0,0,0,0,0,0,0,0,0,0,0,0,0
0,0,0,0,0,0,0,0,0,0,0,0,0,0,0,0,0,0,0,0,0,0,0,0,0,0,0,0,0,0,0,0,0,0,0,0,0,0,0,0,0,0,0,0,0,0,0,0,0,0,0,0,0,0,0,0,0,0,0,0,0,0,0,0,0,0,0,0,0,0,0,0,0,0,0,0,0,0,0,0,0,0,0,0,0,0,0,0,0,0,0,0,0,0,0,0,0,0,0,0,0,0,0,0,0,0,0,0,0,0,0,0,0,0,0,0,0,0,0,0,0,0,0,0,0,0,0,0,0,26,141,216,216,91,26,0,0,0,0,0,0,0,0,0,0,0,0,0,0,0,0,0,0,0,0,0,82,243,253,252,252,252,244,56,0,0,0,0,0,0,0,0,0,0,0,0,0,0,0,0,29,185,185,85,215,252,253,196,196,252,253,215,81,0,0,0,0,0,0,0,0,0,0,0,0,0,0,26,210,252,253,252,252,252,178,9,10,128,253,252,168,0,0,0,0,0,0,0,0,0,0,0,0,0,0,120,253,253,255,247,225,125,0,0,0,51,255,253,216,16,0,0,0,0,0,0,0,0,0,0,0,0,95,225,252,252,247,177,0,0,0,0,0,26,253,252,214,15,0,0,0,0,0,0,0,0,0,0,0,38,229,252,252,252,100,76,0,0,0,0,0,113,253,252,252,28,0,0,0,0,0,0,0,0,0,0,0,213,253,252,252,102,0,0,0,0,0,0,0,113,253,252,252,28,0,0,0,0,0,0,0,0,0,0,98,253,254,253,194,13,0,0,0,0,0,0,0,226,254,253,253,28,0,0,0,0,0,0,0,0,0,38,234,252,253,214,19,0,0,0,0,0,0,0,0,225,253,252,233,22,0,0,0,0,0,0,0,0,0,144,252,252,253,158,0,0,0,0,0,0,0,0,67,246,253,252,168,0,0,0,0,0,0,0,0,0,76,243,252,252,178,9,0,0,0,0,0,0,0,0,134,252,253,227,43,0,0,0,0,0,0,0,0,0,141,253,253,253,114,0,0,0,0,0,0,0,0,70,253,253,254,184,0,0,0,0,0,0,0,0,0,0,141,252,252,252,88,0,0,0,0,0,0,0,120,225,252,252,247,65,0,0,0,0,0,0,0,0,0,0,141,252,252,252,0,0,0,0,0,0,0,126,253,252,252,252,100,0,0,0,0,0,0,0,0,0,0,0,91,252,252,252,101,0,0,0,0,26,150,249,253,252,252,52,0,0,0,0,0,0,0,0,0,0,0,0,26,244,253,253,192,116,66,141,204,253,253,253,254,247,137,13,0,0,0,0,0,0,0,0,0,0,0,0,0,82,215,252,253,252,252,252,253,252,252,252,247,103,0,0,0,0,0,0,0,0,0,0,0,0,0,0,0,0,19,231,253,252,252,252,253,252,252,177,50,0,0,0,0,0,0,0,0,0,0,0,0,0,0,0,0,0,0,25,91,165,252,252,241,139,52,3,0,0,0,0,0,0,0,0,0,0,0,0,0,0,0,0,0,0,0,0,0,0,0,0,0,0,0,0,0,0,0,0,0,0,0,0,0,0,0,0,0,0,0,0,0,0,0,0,0,0,0,0,0,0,0,0,0,0,0,0,0,0,0,0,0,0,0,0,0,0,0,0,0,0,0,0,0,0,0,0,0,0,0,0,0,0,0,0,0,0,0,0,0,0,0,0,0,0,0,0,0,0,0,0,0,0,0,0,0,0,0,0,0,0,0,0,0,0,0,0,0,0,0
8,0,0,0,0,0,0,0,0,0,0,0,0,0,0,0,0,0,0,0,0,0,0,0,0,0,0,0,0,0,0,0,0,0,0,0,0,0,0,0,0,0,0,0,0,0,0,0,0,0,0,0,0,0,0,0,0,0,0,0,0,0,0,0,0,0,0,0,0,0,0,0,0,0,0,0,0,0,0,0,0,0,0,0,0,0,0,0,0,0,0,0,0,0,0,0,0,0,0,0,0,0,0,0,0,0,0,0,0,0,0,0,0,0,0,0,0,0,0,0,0,0,0,0,0,0,0,0,0,0,0,0,0,0,0,0,0,0,0,0,0,0,0,0,0,0,0,0,0,0,0,0,0,7,190,255,253,253,253,147,32,0,0,0,0,0,0,0,0,0,0,0,0,0,0,0,0,0,0,74,121,240,252,253,252,252,252,252,66,0,0,0,0,0,0,0,0,0,0,0,0,0,0,0,0,25,192,244,252,252,252,253,212,158,188,252,66,0,0,0,0,0,0,0,0,0,0,0,0,0,0,0,0,179,252,252,243,172,102,39,23,0,81,252,108,0,0,0,0,0,0,0,0,0,0,0,0,0,0,0,64,241,238,164,47,0,0,0,0,25,196,252,93,0,0,0,0,0,0,0,0,0,0,0,0,0,0,0,81,252,198,0,0,0,0,0,0,94,252,252,66,0,0,0,0,0,0,0,0,0,0,0,0,0,0,0,81,252,235,82,15,0,0,0,0,185,252,241,56,0,0,0,0,0,0,0,0,0,0,0,0,0,0,0,30,219,252,252,193,82,0,0,82,243,252,171,0,0,0,0,0,0,0,0,0,0,0,0,0,0,0,0,0,84,204,241,252,246,146,147,247,252,205,22,0,0,0,0,0,0,0,0,0,0,0,0,0,0,0,0,0,0,0,19,203,252,252,253,252,252,172,0,0,0,0,0,0,0,0,0,0,0,0,0,0,0,0,0,0,0,0,0,0,8,197,255,253,253,173,0,0,0,0,0,0,0,0,0,0,0,0,0,0,0,0,0,0,0,0,0,0,13,246,253,252,252,206,23,0,0,0,0,0,0,0,0,0,0,0,0,0,0,0,0,0,0,0,0,0,63,252,253,212,89,237,102,0,0,0,0,0,0,0,0,0,0,0,0,0,0,0,0,0,0,0,0,0,146,252,253,104,0,213,185,0,0,0,0,0,0,0,0,0,0,0,0,0,0,0,0,0,0,0,0,22,230,252,221,9,110,244,185,0,0,0,0,0,0,0,0,0,0,0,0,0,0,0,0,0,0,0,0,126,252,252,133,51,232,252,87,0,0,0,0,0,0,0,0,0,0,0,0,0,0,0,0,0,0,0,0,160,252,252,216,248,252,197,17,0,0,0,0,0,0,0,0,0,0,0,0,0,0,0,0,0,0,0,0,160,252,252,253,252,178,63,0,0,0,0,0,0,0,0,0,0,0,0,0,0,0,0,0,0,0,0,0,160,252,252,247,112,11,0,0,0,0,0,0,0,0,0,0,0,0,0,0,0,0,0,0,0,0,0,0,90,245,119,63,0,0,0,0,0,0,0,0,0,0,0,0,0,0,0,0,0,0,0,0,0,0,0,0,0,0,0,0,0,0,0,0,0,0,0,0,0,0,0,0,0,0,0,0,0,0,0,0,0,0,0,0,0,0,0,0,0,0,0,0,0,0,0,0,0,0,0,0,0,0,0,0,0,0,0,0,0,0,0,0,0,0,0,0,0,0,0,0,0,0,0,0,0,0,0,0,0
2,0,0,0,0,0,0,0,0,0,0,0,0,0,0,0,0,0,0,0,0,0,0,0,0,0,0,0,0,0,0,0,0,0,0,0,0,0,0,0,0,0,0,0,0,0,0,0,0,0,0,0,0,0,0,0,0,0,0,0,0,0,0,0,0,0,0,0,0,0,0,0,0,0,0,0,0,0,0,0,0,0,0,0,0,0,0,0,0,0,0,0,0,0,0,0,0,0,0,0,0,0,0,0,0,0,0,0,0,0,0,0,0,0,0,0,0,0,0,0,0,0,0,0,0,64,191,255,191,128,0,0,0,0,0,0,0,0,0,0,0,0,0,0,0,0,0,0,0,0,0,0,255,255,255,255,255,255,128,0,0,0,0,0,0,0,0,0,0,0,0,0,0,0,0,0,0,0,64,191,255,255,255,128,191,255,255,191,0,0,0,0,0,0,0,0,0,0,0,0,0,0,0,0,0,128,255,255,255,64,0,0,64,191,255,255,191,0,0,0,0,0,0,0,0,0,0,0,0,0,0,0,128,255,255,191,0,0,0,0,0,0,255,255,255,0,0,0,0,0,0,0,0,0,0,0,0,0,0,0,0,128,64,0,0,0,0,0,0,0,64,255,255,64,0,0,0,0,0,0,0,0,0,0,0,0,0,0,0,0,0,0,0,0,0,0,0,0,0,255,255,128,0,0,0,0,0,0,0,0,0,0,0,0,0,0,0,0,0,0,0,0,0,0,0,0,0,255,255,128,0,0,0,0,0,0,0,0,0,0,0,0,0,0,0,0,0,0,0,0,0,0,0,0,128,255,255,0,0,0,0,0,0,0,0,0,0,0,0,0,0,0,0,0,0,0,0,0,0,0,0,0,255,255,191,0,0,0,0,0,0,0,0,0,0,0,0,0,0,0,0,0,0,0,0,0,0,0,0,128,255,191,0,0,0,0,0,0,0,0,0,0,0,0,0,0,0,0,0,0,0,0,0,0,0,0,64,255,255,64,0,0,0,0,0,0,0,0,0,0,0,0,0,0,0,0,0,0,0,0,0,0,0,0,191,255,64,0,0,0,0,0,0,0,0,0,0,0,0,0,0,0,0,0,0,0,0,0,0,0,0,191,255,255,128,64,0,0,0,0,0,0,0,0,0,0,0,0,0,0,0,0,0,0,0,128,191,255,255,255,255,255,255,255,255,191,64,0,0,0,0,0,0,0,0,0,0,0,0,0,0,128,255,255,255,255,255,255,255,191,191,255,255,255,255,128,0,0,0,0,0,0,0,0,0,0,0,64,255,255,255,255,255,255,255,191,0,0,0,0,0,0,191,255,0,0,0,0,0,0,0,0,0,0,0,128,255,255,255,255,255,255,128,0,0,0,0,0,0,0,0,0,0,0,0,0,0,0,0,0,0,0,0,0,191,255,255,255,255,64,0,0,0,0,0,0,0,0,0,0,0,0,0,0,0,0,0,0,0,0,0,0,0,191,255,255,0,0,0,0,0,0,0,0,0,0,0,0,0,0,0,0,0,0,0,0,0,0,0,0,0,0,0,0,0,0,0,0,0,0,0,0,0,0,0,0,0,0,0,0,0,0,0,0,0,0,0,0,0,0,0,0,0,0,0,0,0,0,0,0,0,0,0,0,0,0,0,0,0,0,0,0,0,0,0,0,0,0,0,0,0,0,0,0,0,0,0,0,0,0,0,0,0,0,0,0,0,0,0,0,0,0,0,0,0,0,0,0,0,0,0,0,0,0,0,0,0,0,0,0,0,0,0,0,0
9,0,0,0,0,0,0,0,0,0,0,0,0,0,0,0,0,0,0,0,0,0,0,0,0,0,0,0,0,0,0,0,0,0,0,0,0,0,0,0,0,0,0,0,0,0,0,0,0,0,0,0,0,0,0,0,0,0,0,0,0,0,0,0,0,0,0,0,0,0,0,0,0,0,0,0,0,0,0,0,0,0,0,0,0,0,0,0,0,0,0,0,0,0,0,0,0,0,0,0,0,0,0,0,0,0,0,0,0,0,0,0,0,0,0,0,0,0,0,0,0,0,0,0,0,0,0,0,0,0,0,0,0,0,0,0,0,0,0,0,0,0,0,0,0,0,0,0,0,0,0,0,0,0,0,0,0,0,0,0,0,0,0,0,0,0,0,0,0,0,0,0,0,0,0,0,0,0,0,0,0,0,4,104,178,253,255,178,31,0,0,0,0,0,0,0,0,0,0,0,0,0,0,0,0,0,0,0,0,0,128,252,252,151,178,252,81,0,0,0,0,0,0,0,0,0,0,0,0,0,0,0,0,0,0,0,0,89,253,252,99,6,53,252,168,0,0,0,0,0,0,0,0,0,0,0,0,0,0,0,0,0,0,0,0,113,253,227,31,0,29,252,205,13,0,0,0,0,0,0,0,0,0,0,0,0,0,0,0,0,0,0,10,229,239,38,0,13,204,253,244,25,0,0,0,0,0,0,0,0,0,0,0,0,0,0,0,0,0,0,85,252,150,0,0,113,253,252,93,0,0,0,0,0,0,0,0,0,0,0,0,0,0,0,0,0,0,0,172,252,76,0,67,210,253,252,56,0,0,0,0,0,0,0,0,0,0,0,0,0,0,0,0,0,0,51,246,252,13,113,222,252,253,252,56,0,0,0,0,0,0,0,0,0,0,0,0,0,0,0,0,0,0,120,253,253,254,253,253,253,254,184,0,0,0,0,0,0,0,0,0,0,0,0,0,0,0,0,0,0,0,82,240,252,253,252,252,252,247,65,0,0,0,0,0,0,0,0,0,0,0,0,0,0,0,0,0,0,0,0,81,168,253,252,252,252,187,0,0,0,0,0,0,0,0,0,0,0,0,0,0,0,0,0,0,0,0,0,0,51,253,252,252,252,63,0,0,0,0,0,0,0,0,0,0,0,0,0,0,0,0,0,0,0,0,0,0,126,254,253,253,128,0,0,0,0,0,0,0,0,0,0,0,0,0,0,0,0,0,0,0,0,0,0,57,243,253,252,196,9,0,0,0,0,0,0,0,0,0,0,0,0,0,0,0,0,0,0,0,0,0,0,172,252,253,252,80,0,0,0,0,0,0,0,0,0,0,0,0,0,0,0,0,0,0,0,0,0,0,26,222,252,253,151,6,0,0,0,0,0,0,0,0,0,0,0,0,0,0,0,0,0,0,0,0,0,0,120,253,253,214,0,0,0,0,0,0,0,0,0,0,0,0,0,0,0,0,0,0,0,0,0,0,0,19,225,252,227,38,0,0,0,0,0,0,0,0,0,0,0,0,0,0,0,0,0,0,0,0,0,0,0,29,252,252,103,0,0,0,0,0,0,0,0,0,0,0,0,0,0,0,0,0,0,0,0,0,0,0,0,29,252,127,3,0,0,0,0,0,0,0,0,0,0,0,0,0,0,0,0,0,0,0,0,0,0,0,0,0,0,0,0,0,0,0,0,0,0,0,0,0,0,0,0,0,0,0,0,0,0,0,0,0,0,0,0,0,0,0,0,0,0,0,0,0,0,0,0,0,0,0,0,0,0,0
2,0,0,0,0,0,0,0,0,0,0,0,0,0,0,0,0,0,0,0,0,0,0,0,0,0,0,0,0,0,0,0,0,0,0,0,0,0,0,0,0,0,0,0,0,0,0,0,0,0,0,0,0,0,0,0,0,0,0,0,0,0,0,0,0,0,0,0,0,0,0,0,0,0,0,0,0,0,0,0,0,0,0,0,0,0,0,0,0,0,0,0,0,0,0,0,0,0,0,0,0,0,0,0,0,0,0,0,0,0,0,0,0,0,0,0,0,0,0,0,0,0,0,0,0,55,134,217,254,254,238,81,0,0,0,0,0,0,0,0,0,0,0,0,0,0,0,0,0,0,5,35,214,250,253,254,253,253,253,253,132,3,0,0,0,0,0,0,0,0,0,0,0,0,0,0,0,0,59,253,253,253,253,254,186,144,93,174,254,136,0,0,0,0,0,0,0,0,0,0,0,0,0,0,0,0,50,247,240,161,41,19,3,0,0,0,238,251,72,0,0,0,0,0,0,0,0,0,0,0,0,0,0,0,0,49,40,0,0,0,0,0,0,0,81,253,78,0,0,0,0,0,0,0,0,0,0,0,0,0,0,0,0,0,0,0,0,0,0,0,0,0,120,254,78,0,0,0,0,0,0,0,0,0,0,0,0,0,0,0,0,0,0,0,0,0,0,0,0,0,239,253,78,0,0,0,0,0,0,0,0,0,0,0,0,0,0,0,0,0,0,0,0,0,0,0,0,0,254,253,78,0,0,0,0,0,0,0,0,0,0,0,0,0,0,0,0,0,0,0,0,0,0,0,0,68,254,250,66,0,0,0,0,0,0,0,0,0,0,0,0,0,0,0,0,0,0,91,135,135,135,98,38,239,254,158,0,0,0,0,0,0,0,0,0,0,0,0,0,0,0,0,59,156,224,254,254,255,254,254,254,254,255,39,0,0,0,0,0,0,0,0,0,0,0,0,0,0,0,83,239,253,253,250,195,136,182,253,253,253,254,175,36,0,0,0,0,0,0,0,0,0,0,0,0,0,13,183,254,253,228,73,0,0,88,253,253,253,116,78,24,0,0,0,0,0,0,0,0,0,0,0,0,0,92,253,254,227,43,0,0,100,228,253,253,185,0,0,0,0,0,0,0,0,0,0,0,0,0,0,0,31,219,253,231,46,0,0,114,254,253,253,147,14,0,0,0,0,0,0,0,0,0,0,0,0,0,0,0,79,254,254,173,0,0,123,254,255,254,175,0,0,0,0,0,0,0,0,0,0,0,0,0,0,0,0,0,79,253,207,20,28,185,250,253,254,191,57,0,0,0,0,0,0,0,0,0,0,0,0,0,0,0,0,0,24,209,223,156,253,253,253,253,183,12,0,0,0,0,0,0,0,0,0,0,0,0,0,0,0,0,0,0,0,122,253,254,253,253,231,138,8,0,0,0,0,0,0,0,0,0,0,0,0,0,0,0,0,0,0,0,0,24,230,254,253,185,34,0,0,0,0,0,0,0,0,0,0,0,0,0,0,0,0,0,0,0,0,0,0,0,0,0,0,0,0,0,0,0,0,0,0,0,0,0,0,0,0,0,0,0,0,0,0,0,0,0,0,0,0,0,0,0,0,0,0,0,0,0,0,0,0,0,0,0,0,0,0,0,0,0,0,0,0,0,0,0,0,0,0,0,0,0,0,0,0,0,0,0,0,0,0,0,0,0,0,0,0,0,0,0,0,0,0,0,0,0,0,0,0,0,0,0,0,0,0,0,0,0,0,0,0,0,0,0
8,0,0,0,0,0,0,0,0,0,0,0,0,0,0,0,0,0,0,0,0,0,0,0,0,0,0,0,0,0,0,0,0,0,0,0,0,0,0,0,0,0,0,0,0,0,0,0,0,0,0,0,0,0,0,0,0,0,0,0,0,0,0,0,0,0,0,0,0,0,0,0,0,0,0,0,0,0,0,0,0,0,0,0,0,0,0,0,0,0,0,0,0,0,0,0,0,0,0,0,0,0,0,0,0,0,0,0,0,0,0,0,0,0,0,0,0,0,0,0,16,58,150,157,254,255,254,214,150,73,3,0,0,0,0,0,0,0,0,0,0,0,0,0,0,0,0,106,216,253,253,253,253,253,253,253,253,253,176,0,0,0,0,0,0,0,0,0,0,0,0,0,0,0,67,249,253,253,253,236,217,130,114,114,179,253,252,70,0,0,17,14,0,0,0,0,0,0,0,0,0,20,220,253,253,211,99,36,0,0,0,0,11,103,116,19,0,23,202,211,34,0,0,0,0,0,0,0,0,0,197,253,253,134,0,0,0,0,0,0,0,0,0,0,0,79,253,253,46,0,0,0,0,0,0,0,0,0,126,253,253,246,84,0,0,0,0,0,0,0,0,0,117,229,253,253,46,0,0,0,0,0,0,0,0,0,12,232,253,253,245,168,12,0,0,0,0,0,28,194,250,253,242,111,6,0,0,0,0,0,0,0,0,0,0,13,184,253,253,253,232,122,25,0,36,99,248,253,253,237,63,0,0,0,0,0,0,0,0,0,0,0,0,0,14,105,250,253,253,253,229,213,236,253,253,252,197,64,0,0,0,0,0,0,0,0,0,0,0,0,0,0,0,0,29,192,253,253,253,253,253,253,247,98,0,0,0,0,0,0,0,0,0,0,0,0,0,0,0,0,0,0,0,10,218,253,253,253,253,253,234,28,0,0,0,0,0,0,0,0,0,0,0,0,0,0,0,0,0,0,59,237,253,253,228,228,253,253,253,218,75,0,0,0,0,0,0,0,0,0,0,0,0,0,0,0,0,134,235,253,232,121,24,24,178,253,253,253,223,99,0,0,0,0,0,0,0,0,0,0,0,0,0,0,58,244,253,226,11,0,0,0,3,94,233,253,253,250,89,0,0,0,0,0,0,0,0,0,0,0,0,12,207,253,231,51,0,0,0,0,0,0,39,202,253,253,214,0,0,0,0,0,0,0,0,0,0,0,0,88,253,253,129,0,0,0,0,0,0,0,0,18,222,253,243,0,0,0,0,0,0,0,0,0,0,0,0,71,253,253,196,171,104,67,0,0,0,0,64,68,201,253,243,0,0,0,0,0,0,0,0,0,0,0,0,6,188,253,253,253,253,253,218,218,218,218,251,253,253,253,243,0,0,0,0,0,0,0,0,0,0,0,0,0,0,86,123,196,210,253,253,253,253,253,253,253,253,238,145,0,0,0,0,0,0,0,0,0,0,0,0,0,0,0,0,0,12,48,149,190,253,253,253,221,99,34,0,0,0,0,0,0,0,0,0,0,0,0,0,0,0,0,0,0,0,0,0,0,0,0,0,0,0,0,0,0,0,0,0,0,0,0,0,0,0,0,0,0,0,0,0,0,0,0,0,0,0,0,0,0,0,0,0,0,0,0,0,0,0,0,0,0,0,0,0,0,0,0,0,0,0,0,0,0,0,0,0,0,0,0,0,0,0,0,0,0,0,0,0,0,0,0,0,0,0,0,0,0,0,0,0,0,0,0,0,0,0,0,0,0,0,0,0,0,0
8,0,0,0,0,0,0,0,0,0,0,0,0,0,0,0,0,0,0,0,0,0,0,0,0,0,0,0,0,0,0,0,0,0,0,0,0,0,0,0,0,0,0,0,0,0,0,0,0,0,0,0,0,0,0,0,0,0,0,0,0,0,0,0,0,0,0,0,0,0,0,0,0,0,0,0,0,0,0,0,0,0,0,0,0,0,0,0,0,0,0,0,0,0,0,0,0,0,0,0,0,0,0,0,0,0,0,0,0,0,0,0,0,0,0,0,0,0,0,0,0,0,16,47,47,54,176,255,191,111,1,0,0,0,0,0,0,0,0,0,0,0,0,0,0,0,0,0,0,106,216,253,253,253,253,213,160,196,166,0,0,0,0,0,0,0,0,0,0,0,0,0,0,0,0,0,67,249,253,253,228,211,46,6,0,45,233,34,0,0,0,0,0,0,0,0,0,0,0,0,0,0,0,35,239,253,253,200,21,0,0,0,0,0,173,138,0,0,0,0,0,0,0,0,0,0,0,0,0,0,0,58,253,253,245,69,0,0,0,0,0,0,199,165,0,0,0,0,0,0,0,0,0,0,0,0,0,0,0,223,253,253,170,0,0,0,0,0,0,69,252,165,0,0,0,0,0,0,0,0,0,0,0,0,0,0,0,255,253,253,170,0,0,0,0,0,0,99,253,165,0,0,0,0,0,0,0,0,0,0,0,0,0,0,0,254,253,245,128,0,0,0,0,0,0,125,253,187,4,0,0,0,0,0,0,0,0,0,0,0,0,0,0,208,253,248,60,3,0,0,0,50,173,245,253,253,211,213,120,38,0,0,0,0,0,0,0,0,0,0,0,38,242,253,253,203,127,59,156,238,253,253,228,98,18,172,248,200,50,0,0,0,0,0,0,0,0,0,0,0,79,250,253,253,253,253,253,253,233,155,88,0,0,0,55,181,247,37,0,0,0,0,0,0,0,0,0,0,0,5,81,242,253,251,212,128,84,0,0,0,0,0,0,2,219,227,27,0,0,0,0,0,0,0,0,0,0,0,100,249,253,124,0,0,0,0,0,0,0,0,0,0,218,253,83,0,0,0,0,0,0,0,0,0,0,0,187,253,215,15,0,0,0,0,0,0,0,0,0,0,66,253,205,0,0,0,0,0,0,0,0,0,0,0,187,253,181,0,0,0,0,0,0,0,0,0,0,0,43,253,253,0,0,0,0,0,0,0,0,0,0,0,187,253,216,24,0,0,0,0,0,0,0,0,0,42,225,253,202,0,0,0,0,0,0,0,0,0,0,0,95,248,253,215,104,67,0,0,0,0,64,100,171,227,253,238,68,0,0,0,0,0,0,0,0,0,0,0,0,139,250,253,253,253,218,218,218,218,251,253,253,251,192,28,0,0,0,0,0,0,0,0,0,0,0,0,0,0,65,141,196,197,253,253,253,253,253,212,145,68,0,0,0,0,0,0,0,0,0,0,0,0,0,0,0,0,0,0,0,1,46,87,132,46,46,13,0,0,0,0,0,0,0,0,0,0,0,0,0,0,0,0,0,0,0,0,0,0,0,0,0,0,0,0,0,0,0,0,0,0,0,0,0,0,0,0,0,0,0,0,0,0,0,0,0,0,0,0,0,0,0,0,0,0,0,0,0,0,0,0,0,0,0,0,0,0,0,0,0,0,0,0,0,0,0,0,0,0,0,0,0,0,0,0,0,0,0,0,0,0,0,0,0,0,0,0,0,0,0,0,0,0,0,0,0,0,0,0,0,0,0,0,0,0,0
8,0,0,0,0,0,0,0,0,0,0,0,0,0,0,0,0,0,0,0,0,0,0,0,0,0,0,0,0,0,0,0,0,0,0,0,0,0,0,0,0,0,0,0,0,0,0,0,0,0,0,0,0,0,0,0,0,0,0,0,0,0,0,0,0,0,0,0,0,0,0,0,0,0,0,0,0,0,0,0,0,0,0,0,0,0,0,0,0,0,0,0,0,0,0,0,0,0,0,0,0,0,0,0,0,0,0,0,0,0,0,0,0,0,0,0,0,0,0,0,0,0,0,0,0,0,0,0,0,0,0,0,0,0,0,0,0,0,0,0,0,0,0,0,0,0,0,0,0,11,132,152,233,214,253,234,152,92,10,0,0,0,0,0,0,0,0,0,0,0,0,0,0,0,0,0,82,213,252,253,252,253,252,253,252,253,212,123,0,0,0,0,0,0,0,0,0,0,0,0,0,0,0,113,253,254,253,254,233,234,233,244,223,254,253,254,71,0,0,0,0,0,0,0,0,0,0,0,0,0,0,233,252,253,252,50,30,30,30,40,20,253,252,253,192,0,0,0,0,0,0,0,0,0,0,0,0,0,62,254,253,254,151,0,0,0,0,0,0,82,243,254,253,123,0,0,0,0,0,0,0,0,0,0,0,0,61,253,252,253,192,0,0,0,0,0,0,0,203,253,252,203,0,0,0,0,0,0,0,0,0,0,0,0,0,193,233,254,253,82,0,0,0,11,51,51,213,254,253,183,0,0,0,0,0,0,0,0,0,0,0,0,0,30,112,253,252,243,162,0,41,213,252,253,252,253,252,61,0,0,0,0,0,0,0,0,0,0,0,0,0,0,0,163,243,254,253,254,253,254,253,254,253,254,253,82,0,0,0,0,0,0,0,0,0,0,0,0,0,0,0,0,40,172,252,253,252,253,252,253,252,253,252,203,0,0,0,0,0,0,0,0,0,0,0,0,0,0,0,0,0,11,213,254,233,203,203,102,61,254,253,254,112,0,0,0,0,0,0,0,0,0,0,0,0,0,0,0,0,173,252,233,50,0,0,0,0,172,252,253,151,0,0,0,0,0,0,0,0,0,0,0,0,0,0,0,0,254,253,203,0,0,0,0,0,152,253,254,253,0,0,0,0,0,0,0,0,0,0,0,0,0,0,0,0,253,252,203,0,0,0,0,0,152,252,253,252,0,0,0,0,0,0,0,0,0,0,0,0,0,0,0,0,254,253,254,71,0,0,0,0,152,253,254,253,0,0,0,0,0,0,0,0,0,0,0,0,0,0,0,0,112,232,253,232,41,0,0,0,152,252,253,252,0,0,0,0,0,0,0,0,0,0,0,0,0,0,0,0,0,203,254,253,234,71,52,31,173,253,255,151,0,0,0,0,0,0,0,0,0,0,0,0,0,0,0,0,0,81,213,252,253,252,253,232,253,252,253,111,0,0,0,0,0,0,0,0,0,0,0,0,0,0,0,0,0,0,163,203,244,243,254,253,254,253,183,0,0,0,0,0,0,0,0,0,0,0,0,0,0,0,0,0,0,0,0,0,40,81,172,171,112,70,20,0,0,0,0,0,0,0,0,0,0,0,0,0,0,0,0,0,0,0,0,0,0,0,0,0,0,0,0,0,0,0,0,0,0,0,0,0,0,0,0,0,0,0,0,0,0,0,0,0,0,0,0,0,0,0,0,0,0,0,0,0,0,0,0,0,0,0,0,0,0,0,0,0,0,0,0,0,0,0,0,0,0,0,0,0,0,0,0,0,0,0
8,0,0,0,0,0,0,0,0,0,0,0,0,0,0,0,0,0,0,0,0,0,0,0,0,0,0,0,0,0,0,0,0,0,0,0,0,0,0,0,0,0,0,0,0,0,0,0,0,0,0,0,0,0,0,0,0,0,0,0,0,0,0,0,0,0,0,0,0,0,0,0,0,0,0,0,0,0,0,0,0,0,0,0,0,0,0,0,0,0,0,0,0,0,0,0,0,0,0,0,0,0,0,0,0,0,0,0,0,0,0,0,0,0,0,0,0,0,0,0,0,0,0,0,0,0,0,0,0,0,0,0,0,0,0,0,0,0,0,0,0,0,0,0,0,0,0,0,0,0,0,0,0,0,0,0,0,59,139,223,254,212,72,0,0,0,0,0,0,0,0,0,0,0,0,0,0,0,0,0,0,0,0,29,192,251,252,216,251,254,232,7,0,0,0,0,0,0,0,0,0,0,0,0,0,0,0,1,77,125,163,239,252,195,75,63,250,246,100,0,0,0,0,0,0,0,0,0,0,0,0,0,0,0,0,111,254,254,254,254,98,0,70,226,254,143,0,0,0,0,0,0,0,0,0,0,0,0,0,0,0,0,0,207,254,254,231,67,0,22,222,254,192,4,0,0,0,0,0,0,0,0,0,0,0,0,0,0,0,0,0,207,254,165,24,0,5,159,253,207,28,0,0,0,0,0,0,0,0,0,0,0,0,0,0,0,0,0,0,207,254,68,0,32,164,254,146,0,0,0,0,0,0,0,0,0,0,0,0,0,0,0,0,0,0,0,0,207,254,125,38,224,254,140,2,0,0,0,0,0,0,0,0,0,0,0,0,0,0,0,0,0,0,0,0,117,254,245,235,254,142,4,0,0,0,0,0,0,0,0,0,0,0,0,0,0,0,0,0,0,0,0,0,5,198,254,254,218,0,0,0,0,0,0,0,0,0,0,0,0,0,0,0,0,0,0,0,0,0,0,0,104,254,254,254,255,231,102,0,0,0,0,0,0,0,0,0,0,0,0,0,0,0,0,0,0,0,0,39,231,254,161,122,206,254,249,188,70,3,0,0,0,0,0,0,0,0,0,0,0,0,0,0,0,0,0,215,254,215,6,0,21,116,235,254,254,132,2,0,0,0,0,0,0,0,0,0,0,0,0,0,0,0,79,248,248,53,0,0,0,0,13,126,254,254,47,0,0,0,0,0,0,0,0,0,0,0,0,0,0,9,248,254,95,0,0,0,0,0,0,5,207,254,134,0,0,0,0,0,0,0,0,0,0,0,0,0,0,17,254,232,26,0,0,0,0,0,0,8,238,254,99,0,0,0,0,0,0,0,0,0,0,0,0,0,0,104,254,206,0,0,0,0,0,0,13,127,254,189,14,0,0,0,0,0,0,0,0,0,0,0,0,0,0,48,254,206,0,0,0,0,22,82,201,251,169,11,0,0,0,0,0,0,0,0,0,0,0,0,0,0,0,9,244,247,175,123,143,217,230,254,225,92,0,0,0,0,0,0,0,0,0,0,0,0,0,0,0,0,0,0,44,152,166,254,254,254,218,135,32,0,0,0,0,0,0,0,0,0,0,0,0,0,0,0,0,0,0,0,0,0,0,0,0,0,0,0,0,0,0,0,0,0,0,0,0,0,0,0,0,0,0,0,0,0,0,0,0,0,0,0,0,0,0,0,0,0,0,0,0,0,0,0,0,0,0,0,0,0,0,0,0,0,0,0,0,0,0,0,0,0,0,0,0,0,0,0,0,0,0,0,0,0,0,0
7,0,0,0,0,0,0,0,0,0,0,0,0,0,0,0,0,0,0,0,0,0,0,0,0,0,0,0,0,0,0,0,0,0,0,0,0,0,0,0,0,0,0,0,0,0,0,0,0,0,0,0,0,0,0,0,0,0,0,0,0,0,0,0,0,0,0,0,0,0,0,0,0,0,0,0,0,0,0,0,0,0,0,0,0,0,0,0,0,0,0,0,0,0,0,0,0,0,0,0,0,0,0,0,0,0,0,0,0,0,0,0,0,0,0,0,0,0,0,0,0,0,0,0,0,0,0,0,0,0,0,0,0,0,0,0,0,0,0,0,0,0,0,0,0,0,0,0,0,0,0,0,0,0,0,0,0,0,0,0,0,0,0,0,0,0,0,0,0,0,0,0,0,0,0,0,0,0,164,187,187,104,45,13,0,0,0,0,0,0,0,0,0,0,0,0,0,0,0,0,0,0,0,0,0,0,214,254,254,254,245,63,0,0,0,0,0,0,0,0,0,0,0,0,0,0,0,0,0,0,0,0,0,0,42,214,247,254,254,233,208,209,125,72,0,0,0,0,0,0,0,0,0,0,0,0,0,0,0,0,0,0,0,0,84,221,254,254,254,254,254,247,151,0,0,0,0,0,0,0,0,0,0,0,0,0,0,0,0,0,0,0,0,0,17,93,93,152,223,254,254,60,0,0,0,0,0,0,0,0,0,0,0,0,0,0,0,0,0,0,0,0,0,0,0,0,55,254,254,127,0,0,0,0,0,0,0,0,0,0,0,0,0,0,0,0,0,0,0,0,0,0,0,0,55,254,254,85,0,0,0,0,0,0,0,0,0,0,0,0,0,0,0,0,0,0,0,0,0,0,0,51,223,254,220,0,0,0,0,0,0,0,0,0,0,0,0,0,0,0,0,0,0,0,0,0,0,0,0,188,254,248,84,0,0,0,0,0,0,0,0,0,0,0,0,0,0,0,0,0,0,0,0,0,0,5,147,254,254,163,0,0,0,0,0,0,0,0,0,0,0,0,0,0,0,0,0,0,0,0,0,0,5,145,254,254,207,9,0,0,0,0,0,0,0,0,0,0,0,0,0,0,0,0,0,0,0,0,0,0,147,254,254,229,40,0,0,0,0,0,0,0,0,0,0,0,0,0,0,0,0,0,0,0,0,0,26,154,254,254,229,34,0,0,0,0,0,0,0,0,0,0,0,0,0,0,0,0,0,0,0,0,0,5,189,254,254,224,40,0,0,0,0,0,0,0,0,0,0,0,0,0,0,0,0,0,0,0,0,0,5,145,254,254,190,42,0,0,0,0,0,0,0,0,0,0,0,0,0,0,0,0,0,0,0,0,0,0,181,254,254,170,32,0,0,0,0,0,0,0,0,0,0,0,0,0,0,0,0,0,0,0,0,0,0,129,254,254,170,0,0,0,0,0,0,0,0,0,0,0,0,0,0,0,0,0,0,0,0,0,0,0,17,246,254,224,32,0,0,0,0,0,0,0,0,0,0,0,0,0,0,0,0,0,0,0,0,0,0,0,168,254,254,63,0,0,0,0,0,0,0,0,0,0,0,0,0,0,0,0,0,0,0,0,0,0,0,0,84,255,119,13,0,0,0,0,0,0,0,0,0,0,0,0,0,0,0,0,0,0,0,0,0,0,0,0,0,0,0,0,0,0,0,0,0,0,0,0,0,0,0,0,0,0,0,0,0,0,0,0,0,0,0,0,0,0,0,0,0,0,0,0,0,0,0,0,0,0,0,0,0,0,0,0,0
4,0,0,0,0,0,0,0,0,0,0,0,0,0,0,0,0,0,0,0,0,0,0,0,0,0,0,0,0,0,0,0,0,0,0,0,0,0,0,0,0,0,0,0,0,0,0,0,0,0,0,0,0,0,0,0,0,0,0,0,0,0,0,0,0,0,0,0,0,0,0,0,0,0,0,0,0,0,0,0,0,0,0,0,0,0,0,0,0,0,0,0,0,0,0,0,0,0,0,0,0,0,0,0,0,0,0,0,0,0,0,0,0,0,0,0,0,0,0,0,0,0,0,0,0,0,0,0,0,0,0,0,0,0,0,0,0,0,0,0,0,0,0,0,0,0,0,0,0,0,0,0,0,0,0,0,0,0,0,0,0,0,0,0,0,0,0,0,0,0,0,0,0,0,0,0,44,231,255,228,0,0,28,80,80,33,0,0,0,0,0,0,0,0,0,0,0,0,0,0,0,0,0,0,140,253,253,226,0,0,88,253,253,197,16,0,0,0,0,0,0,0,0,0,0,0,0,0,0,0,0,0,140,253,253,226,0,0,88,253,253,253,25,0,0,0,0,0,0,0,0,0,0,0,0,0,0,0,0,0,140,253,253,226,0,0,88,253,253,253,123,0,0,0,0,0,0,0,0,0,0,0,0,0,0,0,0,0,140,253,253,226,0,0,12,178,253,253,200,0,0,0,0,0,0,0,0,0,0,0,0,0,0,0,0,0,73,236,253,226,0,0,43,208,253,253,200,0,0,0,0,0,0,0,0,0,0,0,0,0,0,0,0,0,0,219,253,247,128,27,106,253,253,253,200,0,0,0,0,0,0,0,0,0,0,0,0,0,0,0,0,0,0,146,253,253,253,253,253,253,253,253,222,51,0,0,0,0,0,0,0,0,0,0,0,0,0,0,0,0,0,43,248,253,253,253,253,253,253,253,253,122,0,0,0,0,0,0,0,0,0,0,0,0,0,0,0,0,0,0,81,235,253,253,253,253,253,253,253,167,15,0,0,0,0,0,0,0,0,0,0,0,0,0,0,0,0,0,0,87,253,253,195,87,248,253,253,253,43,0,0,0,0,0,0,0,0,0,0,0,0,0,0,0,0,0,0,1,8,8,5,0,197,253,253,253,43,0,0,0,0,0,0,0,0,0,0,0,0,0,0,0,0,0,0,0,0,0,0,0,71,253,253,253,43,0,0,0,0,0,0,0,0,0,0,0,0,0,0,0,0,0,0,0,0,0,0,0,7,159,253,253,43,0,0,0,0,0,0,0,0,0,0,0,0,0,0,0,0,0,0,0,0,0,0,0,0,149,253,253,133,0,0,0,0,0,0,0,0,0,0,0,0,0,0,0,0,0,0,0,0,0,0,0,0,149,253,253,222,20,0,0,0,0,0,0,0,0,0,0,0,0,0,0,0,0,0,0,0,0,0,0,0,83,242,253,253,138,0,0,0,0,0,0,0,0,0,0,0,0,0,0,0,0,0,0,0,0,0,0,0,0,228,253,253,138,0,0,0,0,0,0,0,0,0,0,0,0,0,0,0,0,0,0,0,0,0,0,0,0,228,253,239,86,0,0,0,0,0,0,0,0,0,0,0,0,0,0,0,0,0,0,0,0,0,0,0,0,107,253,218,0,0,0,0,0,0,0,0,0,0,0,0,0,0,0,0,0,0,0,0,0,0,0,0,0,0,0,0,0,0,0,0,0,0,0,0,0,0,0,0,0,0,0,0,0,0,0,0,0,0,0,0,0,0,0,0,0,0,0,0,0,0,0,0
9,0,0,0,0,0,0,0,0,0,0,0,0,0,0,0,0,0,0,0,0,0,0,0,0,0,0,0,0,0,0,0,0,0,0,0,0,0,0,0,0,0,0,0,0,0,0,0,0,0,0,0,0,0,0,0,0,0,0,0,0,0,0,0,0,0,0,0,0,0,0,0,0,0,0,0,0,0,0,0,0,0,0,0,0,0,0,0,0,0,0,0,0,0,0,0,0,0,0,0,0,0,0,0,0,0,0,0,0,0,0,0,0,0,0,0,0,0,0,0,0,0,0,0,0,0,0,0,0,0,0,0,0,0,0,0,0,0,0,0,0,0,0,0,0,0,0,0,0,0,0,0,0,0,0,0,0,0,0,0,0,0,0,0,0,0,0,0,0,0,0,0,0,0,0,0,0,0,0,0,0,19,170,245,69,0,0,0,0,0,0,0,0,0,0,0,0,0,0,0,0,0,0,0,0,0,0,0,102,237,210,115,40,0,0,5,47,17,0,0,0,0,0,0,0,0,0,0,0,0,0,0,0,0,72,97,159,146,21,0,0,0,0,108,253,93,0,0,0,0,0,0,0,0,0,0,0,0,0,0,0,85,179,13,0,0,0,0,0,0,17,224,253,93,0,0,0,0,0,0,0,0,0,0,0,0,0,0,0,119,127,0,0,0,0,0,0,0,231,228,254,93,0,0,0,0,0,0,0,0,0,0,0,0,0,0,34,239,104,0,0,0,0,0,0,0,230,245,185,9,0,0,0,0,0,0,0,0,0,0,0,0,0,0,184,188,4,0,0,0,0,0,0,74,249,183,13,0,0,0,0,0,0,0,0,0,0,0,0,0,0,0,184,59,0,0,0,0,0,0,34,254,236,29,0,0,0,0,0,0,0,0,0,0,0,0,0,0,0,0,119,26,0,0,0,0,0,41,229,255,90,0,0,0,0,0,0,0,0,0,0,0,0,0,0,0,0,0,118,193,17,0,0,0,9,69,240,199,11,0,0,0,0,0,0,0,0,0,0,0,0,0,0,0,0,0,0,118,114,82,116,134,176,111,240,84,0,0,0,0,0,0,0,0,0,0,0,0,0,0,0,0,0,0,0,0,38,144,128,50,0,57,253,0,0,0,0,0,0,0,0,0,0,0,0,0,0,0,0,0,0,0,0,0,0,0,0,0,13,221,195,0,0,0,0,0,0,0,0,0,0,0,0,0,0,0,0,0,0,0,0,0,0,0,0,0,64,253,77,0,0,0,0,0,0,0,0,0,0,0,0,0,0,0,0,0,0,0,0,0,0,0,0,0,180,234,13,0,0,0,0,0,0,0,0,0,0,0,0,0,0,0,0,0,0,0,0,0,0,0,0,51,247,230,0,0,0,0,0,0,0,0,0,0,0,0,0,0,0,0,0,0,0,0,0,0,0,0,0,95,254,113,0,0,0,0,0,0,0,0,0,0,0,0,0,0,0,0,0,0,0,0,0,0,0,0,0,178,211,4,0,0,0,0,0,0,0,0,0,0,0,0,0,0,0,0,0,0,0,0,0,0,0,0,43,254,240,67,0,0,0,0,0,0,0,0,0,0,0,0,0,0,0,0,0,0,0,0,0,0,0,0,93,254,139,0,0,0,0,0,0,0,0,0,0,0,0,0,0,0,0,0,0,0,0,0,0,0,0,0,0,0,0,0,0,0,0,0,0,0,0,0,0,0,0,0,0,0,0,0,0,0,0,0,0,0,0,0,0,0,0,0,0,0,0,0,0,0,0,0,0,0,0,0,0
3,0,0,0,0,0,0,0,0,0,0,0,0,0,0,0,0,0,0,0,0,0,0,0,0,0,0,0,0,0,0,0,0,0,0,0,0,0,0,0,0,0,0,0,0,0,0,0,0,0,0,0,0,0,0,0,0,0,0,0,0,0,0,0,0,0,0,0,0,0,0,0,0,0,0,0,0,0,0,0,0,0,0,0,0,0,0,0,0,0,0,0,0,0,0,0,0,0,0,0,0,0,0,0,0,0,0,0,0,0,0,0,0,0,0,0,0,0,0,0,0,36,255,181,50,0,0,0,0,0,0,0,0,0,0,0,0,0,0,0,0,0,0,0,0,0,0,0,0,36,254,254,245,22,0,0,0,0,0,0,0,0,0,0,0,0,0,0,0,0,0,0,0,0,0,0,0,36,229,64,254,212,0,0,0,0,0,0,0,0,0,0,0,0,0,0,0,0,0,0,0,0,0,0,0,16,102,2,125,254,49,0,0,0,0,0,0,0,0,0,0,0,0,0,0,0,0,0,0,0,0,0,0,0,0,0,9,254,177,2,0,0,0,0,0,0,0,0,0,0,0,0,0,0,0,0,0,0,0,0,0,0,0,0,8,243,254,8,0,0,0,0,0,0,0,0,0,0,0,0,0,0,0,0,0,0,0,0,0,0,0,0,0,175,255,18,0,0,0,0,0,0,0,0,0,0,0,0,0,0,0,0,0,0,0,0,0,0,0,0,0,103,254,216,193,175,27,0,0,0,0,0,0,0,0,0,0,0,0,0,0,0,0,0,0,0,0,0,0,0,157,157,239,250,242,35,0,0,0,0,0,0,0,0,0,0,0,0,0,0,0,0,0,0,0,0,0,0,0,0,0,62,242,204,18,0,0,0,0,0,0,0,0,0,0,0,0,0,0,0,0,0,0,0,0,0,0,0,0,0,193,254,53,0,0,0,0,0,0,0,0,0,0,0,0,0,0,0,0,0,0,0,0,0,0,0,0,0,131,254,52,0,0,0,0,0,0,0,0,0,0,0,0,0,0,0,0,0,0,0,0,0,0,0,0,0,131,254,52,0,0,0,0,0,0,0,0,0,0,0,0,0,0,0,0,0,0,0,0,0,0,0,0,0,131,254,52,0,0,0,0,0,0,0,0,0,0,0,0,0,0,0,0,0,0,0,0,0,0,0,0,0,147,254,52,0,0,0,0,0,0,0,0,0,0,0,0,0,0,0,0,0,0,0,0,0,0,0,0,0,219,254,52,0,0,0,0,0,0,0,0,0,0,0,0,0,0,0,0,0,0,0,0,0,0,0,0,91,247,186,11,0,0,0,0,0,0,0,0,0,0,0,0,0,0,0,0,27,45,45,106,106,133,193,193,248,229,47,0,0,0,0,0,0,0,0,0,0,0,0,0,0,0,2,130,242,254,247,181,157,215,245,245,166,46,0,0,0,0,0,0,0,0,0,0,0,0,0,0,0,0,53,238,124,79,19,0,0,0,0,0,0,0,0,0,0,0,0,0,0,0,0,0,0,0,0,0,0,0,0,0,0,0,0,0,0,0,0,0,0,0,0,0,0,0,0,0,0,0,0,0,0,0,0,0,0,0,0,0,0,0,0,0,0,0,0,0,0,0,0,0,0,0,0,0,0,0,0,0,0,0,0,0,0,0,0,0,0,0,0,0,0,0,0,0,0,0,0,0,0,0,0,0,0,0,0,0,0,0,0,0,0,0,0,0,0,0,0,0,0,0,0,0,0,0,0,0,0,0,0,0,0,0,0,0
0,0,0,0,0,0,0,0,0,0,0,0,0,0,0,0,0,0,0,0,0,0,0,0,0,0,0,0,0,0,0,0,0,0,0,0,0,0,0,0,0,0,0,0,0,0,0,0,0,0,0,0,0,0,0,0,0,0,0,0,0,0,0,0,0,0,0,0,0,0,0,0,0,0,0,0,0,0,0,0,0,0,0,0,0,0,0,0,0,0,0,0,0,0,0,0,0,0,0,0,0,0,0,0,0,0,0,0,0,0,0,0,0,0,0,0,0,0,0,0,0,0,0,0,2,102,178,254,130,11,0,0,0,0,0,0,0,0,0,0,0,0,0,0,0,0,0,0,0,0,0,24,171,253,253,253,255,200,60,0,0,0,0,0,0,0,0,0,0,0,0,0,0,0,0,0,0,0,0,180,205,87,92,44,211,253,193,4,0,0,0,0,0,0,0,0,0,0,0,0,0,0,0,0,0,0,112,251,26,0,0,0,21,204,253,174,0,0,0,0,0,0,0,0,0,0,0,0,0,0,0,0,0,15,223,253,22,0,0,0,0,23,225,246,82,0,0,0,0,0,0,0,0,0,0,0,0,0,0,0,0,61,253,253,22,0,0,0,0,0,124,253,242,43,0,0,0,0,0,0,0,0,0,0,0,0,0,0,0,133,253,167,2,0,0,0,0,0,9,191,253,108,0,0,0,0,0,0,0,0,0,0,0,0,0,0,0,133,253,55,0,0,0,0,0,0,0,114,253,219,13,0,0,0,0,0,0,0,0,0,0,0,0,0,0,133,253,55,0,0,0,0,0,0,0,23,253,253,22,0,0,0,0,0,0,0,0,0,0,0,0,0,0,133,253,55,0,0,0,0,0,0,0,23,253,253,22,0,0,0,0,0,0,0,0,0,0,0,0,0,0,133,254,55,0,0,0,0,0,0,0,0,167,254,132,0,0,0,0,0,0,0,0,0,0,0,0,0,0,133,253,84,0,0,0,0,0,0,0,0,166,253,131,0,0,0,0,0,0,0,0,0,0,0,0,0,0,42,253,165,0,0,0,0,0,0,0,9,200,253,131,0,0,0,0,0,0,0,0,0,0,0,0,0,0,21,246,250,21,0,0,0,0,0,0,13,215,246,24,0,0,0,0,0,0,0,0,0,0,0,0,0,0,0,166,253,118,0,0,0,0,0,0,47,253,165,0,0,0,0,0,0,0,0,0,0,0,0,0,0,0,0,80,253,246,35,0,0,0,0,35,223,253,79,0,0,0,0,0,0,0,0,0,0,0,0,0,0,0,0,29,222,253,221,37,0,0,3,154,253,227,29,0,0,0,0,0,0,0,0,0,0,0,0,0,0,0,0,0,74,250,253,223,59,45,147,253,250,116,0,0,0,0,0,0,0,0,0,0,0,0,0,0,0,0,0,0,0,114,223,253,253,254,253,223,113,0,0,0,0,0,0,0,0,0,0,0,0,0,0,0,0,0,0,0,0,0,20,148,253,254,176,39,0,0,0,0,0,0,0,0,0,0,0,0,0,0,0,0,0,0,0,0,0,0,0,0,0,0,0,0,0,0,0,0,0,0,0,0,0,0,0,0,0,0,0,0,0,0,0,0,0,0,0,0,0,0,0,0,0,0,0,0,0,0,0,0,0,0,0,0,0,0,0,0,0,0,0,0,0,0,0,0,0,0,0,0,0,0,0,0,0,0,0,0,0,0,0,0,0,0,0,0,0,0,0,0,0,0,0,0,0,0,0,0,0,0,0,0,0,0,0,0,0,0
6,0,0,0,0,0,0,0,0,0,0,0,0,0,0,0,0,0,0,0,0,0,0,0,0,0,0,0,0,0,0,0,0,0,0,0,0,0,0,0,0,0,0,0,0,0,0,0,0,0,0,0,0,0,0,0,0,0,0,0,0,0,0,0,0,0,0,0,0,0,0,0,0,0,0,0,0,0,0,0,0,0,0,0,0,0,0,0,0,0,0,0,0,0,0,0,0,0,0,173,253,234,51,0,0,0,0,0,0,0,0,0,0,0,0,0,0,0,0,0,0,0,0,0,0,0,123,253,252,233,91,0,0,0,0,0,0,0,0,0,0,0,0,0,0,0,0,0,0,0,0,0,0,132,253,224,162,0,0,0,0,0,0,0,0,0,0,0,0,0,0,0,0,0,0,0,0,0,0,0,41,253,252,61,0,0,0,0,0,0,0,0,0,0,0,0,0,0,0,0,0,0,0,0,0,0,0,11,213,254,253,0,0,0,0,0,0,0,0,0,0,0,0,0,0,0,0,0,0,0,0,0,0,0,0,51,252,253,171,0,0,0,0,0,0,0,0,0,0,0,0,0,0,0,0,0,0,0,0,0,0,0,0,113,253,254,91,0,0,0,0,0,0,0,0,0,0,0,0,0,0,0,0,0,0,0,0,0,0,0,0,152,252,253,50,0,0,0,0,0,0,0,0,0,0,0,0,0,0,0,0,0,0,0,0,0,0,0,0,152,253,214,10,0,0,0,0,0,0,0,0,0,0,0,0,0,0,0,0,0,0,0,0,0,0,0,0,112,252,213,10,0,0,0,0,0,0,0,0,0,0,0,0,0,0,0,0,0,0,0,0,0,0,0,0,132,253,234,30,0,0,0,0,0,0,0,0,0,0,0,0,0,0,0,0,0,0,0,0,0,0,0,0,92,252,253,50,0,0,0,41,123,122,41,0,0,0,0,0,0,0,0,0,0,0,0,0,0,0,0,0,52,253,254,71,0,21,132,253,254,253,132,10,0,0,0,0,0,0,0,0,0,0,0,0,0,0,0,0,10,172,253,192,62,203,253,252,253,252,253,91,0,0,0,0,0,0,0,0,0,0,0,0,0,0,0,0,0,102,254,253,254,253,254,233,113,253,254,151,0,0,0,0,0,0,0,0,0,0,0,0,0,0,0,0,0,20,213,252,253,252,253,151,233,252,233,50,0,0,0,0,0,0,0,0,0,0,0,0,0,0,0,0,0,0,214,253,255,253,255,253,255,233,82,0,0,0,0,0,0,0,0,0,0,0,0,0,0,0,0,0,0,0,172,252,253,252,151,232,192,50,0,0,0,0,0,0,0,0,0,0,0,0,0,0,0,0,0,0,0,0,152,213,142,40,0,0,0,0,0,0,0,0,0,0,0,0,0,0,0,0,0,0,0,0,0,0,0,0,193,212,102,0,0,0,0,0,0,0,0,0,0,0,0,0,0,0,0,0,0,0,0,0,0,0,0,0,0,0,0,0,0,0,0,0,0,0,0,0,0,0,0,0,0,0,0,0,0,0,0,0,0,0,0,0,0,0,0,0,0,0,0,0,0,0,0,0,0,0,0,0,0,0,0,0,0,0,0,0,0,0,0,0,0,0,0,0,0,0,0,0,0,0,0,0,0,0,0,0,0,0,0,0,0,0,0,0,0,0,0,0,0,0,0,0,0,0,0,0,0,0,0,0,0,0,0,0,0,0,0,0,0,0,0,0,0,0,0,0,0,0,0,0,0,0,0,0,0,0,0,0,0,0,0,0
6,0,0,0,0,0,0,0,0,0,0,0,0,0,0,0,0,0,0,0,0,0,0,0,0,0,0,0,0,0,0,0,0,0,0,0,0,0,0,0,0,0,0,0,0,0,0,0,0,0,0,0,0,0,0,0,0,0,0,0,0,0,0,0,0,0,0,0,0,0,0,0,0,0,0,0,0,0,0,0,0,0,0,0,0,0,0,0,0,0,0,0,0,0,0,0,0,0,64,128,255,255,64,0,0,0,0,0,0,0,0,0,0,0,0,0,0,0,0,0,0,0,0,0,0,191,255,255,255,255,128,0,0,0,0,0,0,0,0,0,0,0,0,0,0,0,0,0,0,0,0,0,64,255,255,255,255,128,64,0,0,0,0,0,0,0,0,0,0,0,0,0,0,0,0,0,0,0,0,0,255,255,255,191,64,0,0,0,0,0,0,0,0,0,0,0,0,0,0,0,0,0,0,0,0,0,0,191,255,255,191,0,0,0,0,0,0,0,0,0,0,0,0,0,0,0,0,0,0,0,0,0,0,0,128,255,191,64,0,0,0,0,0,0,0,0,0,0,0,0,0,0,0,0,0,0,0,0,0,0,0,64,255,255,64,0,0,0,0,0,0,0,0,0,0,0,0,0,0,0,0,0,0,0,0,0,0,0,0,255,255,255,0,0,0,0,0,0,0,0,0,0,0,0,0,0,0,0,0,0,0,0,0,0,0,0,64,255,255,128,0,0,0,0,0,0,0,128,128,128,0,0,0,0,0,0,0,0,0,0,0,0,0,0,128,255,255,0,0,0,0,0,0,0,191,255,255,255,191,0,0,0,0,0,0,0,0,0,0,0,0,0,191,255,128,0,0,0,0,0,0,128,255,255,255,255,255,0,0,0,0,0,0,0,0,0,0,0,0,0,255,255,128,0,0,0,0,0,64,255,255,191,128,255,255,0,0,0,0,0,0,0,0,0,0,0,0,0,255,255,128,0,0,0,0,0,128,255,191,0,0,255,255,0,0,0,0,0,0,0,0,0,0,0,0,0,191,255,128,0,0,0,0,64,255,255,0,0,0,128,255,128,0,0,0,0,0,0,0,0,0,0,0,0,0,255,255,64,0,0,0,255,255,191,0,0,0,128,255,64,0,0,0,0,0,0,0,0,0,0,0,0,0,191,255,255,128,0,0,255,255,128,0,0,0,255,255,0,0,0,0,0,0,0,0,0,0,0,0,0,0,0,191,255,255,191,128,255,255,255,0,0,191,255,128,0,0,0,0,0,0,0,0,0,0,0,0,0,0,0,0,128,255,255,255,255,255,255,255,255,255,255,64,0,0,0,0,0,0,0,0,0,0,0,0,0,0,0,0,0,64,191,255,255,255,255,255,255,191,0,0,0,0,0,0,0,0,0,0,0,0,0,0,0,0,0,0,0,0,0,128,191,128,191,128,64,0,0,0,0,0,0,0,0,0,0,0,0,0,0,0,0,0,0,0,0,0,0,0,0,0,0,0,0,0,0,0,0,0,0,0,0,0,0,0,0,0,0,0,0,0,0,0,0,0,0,0,0,0,0,0,0,0,0,0,0,0,0,0,0,0,0,0,0,0,0,0,0,0,0,0,0,0,0,0,0,0,0,0,0,0,0,0,0,0,0,0,0,0,0,0,0,0,0,0,0,0,0,0,0,0,0,0,0,0,0,0,0,0,0,0,0,0,0,0,0,0,0,0,0,0,0,0,0,0,0,0,0,0,0,0,0,0,0,0,0,0,0,0,0,0,0,0,0,0
3,0,0,0,0,0,0,0,0,0,0,0,0,0,0,0,0,0,0,0,0,0,0,0,0,0,0,0,0,0,0,0,0,0,0,0,0,0,0,0,0,0,0,0,0,0,0,0,0,0,0,0,0,0,0,0,0,0,0,0,0,0,0,0,0,0,0,0,0,0,0,0,0,0,0,0,0,0,0,0,0,0,0,0,0,0,0,0,0,0,0,0,0,0,0,0,0,0,0,0,0,0,0,0,0,0,0,0,0,0,0,0,0,0,0,0,0,0,0,0,0,0,0,0,0,0,0,2,108,174,210,19,0,0,0,0,0,0,0,0,0,0,0,0,0,0,0,0,0,0,0,0,0,4,47,172,254,254,254,154,0,0,0,0,0,0,0,0,0,0,0,0,0,0,0,0,0,0,0,0,5,137,254,254,254,254,254,154,0,0,0,0,0,0,0,0,0,0,0,0,0,0,0,0,0,4,25,25,76,254,248,229,128,229,254,154,0,0,0,0,0,0,0,0,0,0,0,0,0,0,0,0,35,170,254,254,205,99,73,0,0,212,254,154,0,0,0,0,0,0,0,0,0,0,0,0,0,0,0,0,77,254,248,192,27,0,0,0,131,239,254,136,0,0,0,0,0,0,0,0,0,0,0,0,0,0,0,0,11,87,72,0,0,0,12,81,238,254,238,25,0,0,0,0,0,0,0,0,0,0,0,0,0,0,0,0,0,0,0,0,12,141,135,254,254,237,69,0,0,0,0,0,0,0,0,0,0,0,0,0,0,0,0,0,0,0,0,0,57,254,254,254,135,49,0,0,0,0,0,0,0,0,0,0,0,0,0,0,0,0,0,0,0,0,0,0,43,238,254,254,233,144,9,0,0,0,0,0,0,0,0,0,0,0,0,0,0,0,0,0,0,0,0,0,0,46,156,240,254,254,202,23,0,0,0,0,0,0,0,0,0,0,0,0,0,0,0,0,0,0,0,0,0,0,0,44,216,254,254,67,0,0,0,0,0,0,0,0,0,0,0,0,0,0,0,0,0,0,0,0,0,0,0,0,80,241,254,186,8,0,0,0,0,0,0,0,0,0,0,0,0,0,0,0,0,0,0,0,0,0,0,0,0,109,254,254,24,0,0,0,0,0,0,0,0,0,0,0,0,0,17,218,218,218,74,0,0,0,0,0,0,88,254,254,130,0,0,0,0,0,0,0,0,0,0,0,0,0,19,254,254,254,87,0,0,0,0,0,0,136,254,254,100,0,0,0,0,0,0,0,0,0,0,0,0,0,2,159,255,254,217,34,0,0,0,0,126,251,254,213,14,0,0,0,0,0,0,0,0,0,0,0,0,0,0,11,108,254,254,218,113,113,83,186,251,254,213,26,0,0,0,0,0,0,0,0,0,0,0,0,0,0,0,0,17,153,254,254,254,254,251,252,217,94,8,0,0,0,0,0,0,0,0,0,0,0,0,0,0,0,0,0,0,1,88,215,254,254,254,218,28,0,0,0,0,0,0,0,0,0,0,0,0,0,0,0,0,0,0,0,0,0,0,0,0,0,0,0,0,0,0,0,0,0,0,0,0,0,0,0,0,0,0,0,0,0,0,0,0,0,0,0,0,0,0,0,0,0,0,0,0,0,0,0,0,0,0,0,0,0,0,0,0,0,0,0,0,0,0,0,0,0,0,0,0,0,0,0,0,0,0,0,0,0,0,0,0,0,0,0,0,0,0,0,0,0,0,0,0,0,0,0,0,0,0,0,0,0,0,0,0,0,0,0,0
2,0,0,0,0,0,0,0,0,0,0,0,0,0,0,0,0,0,0,0,0,0,0,0,0,0,0,0,0,0,0,0,0,0,0,0,0,0,0,0,0,0,0,0,0,0,0,0,0,0,0,0,0,0,0,0,0,0,0,0,0,0,0,0,0,0,0,0,0,0,0,0,0,0,0,0,0,0,0,0,0,0,0,0,0,0,0,0,0,0,0,0,0,0,0,0,0,0,0,0,0,0,0,0,0,0,0,0,0,0,0,0,0,0,0,0,0,0,0,0,0,0,0,0,0,0,0,0,0,0,0,0,0,0,0,0,0,0,0,0,0,0,0,0,0,0,0,0,0,0,0,85,164,146,190,190,146,111,78,0,0,0,0,0,0,0,0,0,0,0,0,0,0,0,0,8,31,127,215,253,245,222,126,126,127,161,249,232,100,9,0,0,0,0,0,0,0,0,0,0,0,0,11,171,252,252,199,128,56,0,0,0,0,0,92,252,252,106,0,0,0,0,0,0,0,0,0,0,0,0,130,252,244,121,7,0,0,0,0,0,0,0,22,252,252,106,0,0,0,0,0,0,0,0,0,0,0,0,18,106,53,0,0,0,0,0,0,0,0,0,22,253,253,157,11,0,0,0,0,0,0,0,0,0,0,0,0,0,0,0,0,0,0,0,0,0,0,0,22,252,252,227,63,0,0,0,0,0,0,0,0,0,0,0,0,0,0,0,0,0,0,0,0,0,0,0,75,252,252,223,32,0,0,0,0,0,0,0,0,0,0,0,0,0,0,0,0,0,0,0,0,0,0,22,202,252,252,106,0,0,0,0,0,0,0,0,0,0,0,0,0,0,0,0,0,0,0,0,0,0,0,128,252,252,252,62,0,0,0,0,0,0,0,0,0,0,0,0,0,0,0,0,0,0,0,0,0,0,43,227,253,225,124,0,0,0,0,0,0,0,0,0,0,0,0,0,0,0,0,0,0,0,0,0,57,85,183,252,252,184,14,0,0,0,0,0,0,0,0,0,0,0,0,0,0,0,0,0,18,39,162,232,246,252,253,252,252,252,191,110,15,0,0,0,0,0,0,0,0,0,0,0,0,0,6,134,239,253,252,252,252,252,253,252,194,189,215,253,224,111,0,0,0,0,0,0,0,0,0,0,0,71,215,252,252,253,252,252,252,252,236,112,4,0,18,104,226,249,185,18,0,0,0,0,0,0,0,0,87,227,253,253,253,255,253,253,253,174,0,0,0,0,0,0,0,110,253,209,0,0,0,0,0,0,0,0,227,252,252,252,252,253,252,245,141,11,0,0,0,0,0,0,0,6,154,173,0,0,0,0,0,0,0,0,144,238,252,252,252,232,152,72,0,0,0,0,0,0,0,0,0,0,6,12,0,0,0,0,0,0,0,0,0,28,84,84,84,0,0,0,0,0,0,0,0,0,0,0,0,0,0,0,0,0,0,0,0,0,0,0,0,0,0,0,0,0,0,0,0,0,0,0,0,0,0,0,0,0,0,0,0,0,0,0,0,0,0,0,0,0,0,0,0,0,0,0,0,0,0,0,0,0,0,0,0,0,0,0,0,0,0,0,0,0,0,0,0,0,0,0,0,0,0,0,0,0,0,0,0,0,0,0,0,0,0,0,0,0,0,0,0,0,0,0,0,0,0,0,0,0,0,0,0,0,0,0,0,0,0,0,0,0,0,0,0,0,0,0,0,0,0,0,0,0,0,0,0,0,0,0,0,0,0,0,0,0,0,0,0,0,0,0,0,0,0
1,0,0,0,0,0,0,0,0,0,0,0,0,0,0,0,0,0,0,0,0,0,0,0,0,0,0,0,0,0,0,0,0,0,0,0,0,0,0,0,0,0,0,0,0,0,0,0,0,0,0,0,0,0,0,0,0,0,0,0,0,0,0,0,0,0,0,0,0,0,0,0,0,0,0,0,0,0,0,0,0,0,0,0,0,0,0,0,0,0,0,0,0,0,0,0,0,0,0,0,0,0,0,0,0,0,0,0,0,0,0,0,0,0,0,0,0,0,0,0,0,0,0,0,0,0,0,64,184,76,0,0,0,0,0,0,0,0,0,0,0,0,0,0,0,0,0,0,0,0,0,0,0,0,0,133,253,190,11,0,0,0,0,0,0,0,0,0,0,0,0,0,0,0,0,0,0,0,0,0,0,0,0,133,253,212,16,0,0,0,0,0,0,0,0,0,0,0,0,0,0,0,0,0,0,0,0,0,0,0,0,133,253,145,0,0,0,0,0,0,0,0,0,0,0,0,0,0,0,0,0,0,0,0,0,0,0,0,0,133,253,145,0,0,0,0,0,0,0,0,0,0,0,0,0,0,0,0,0,0,0,0,0,0,0,0,10,221,253,47,0,0,0,0,0,0,0,0,0,0,0,0,0,0,0,0,0,0,0,0,0,0,0,0,14,252,253,13,0,0,0,0,0,0,0,0,0,0,0,0,0,0,0,0,0,0,0,0,0,0,0,0,99,252,253,13,0,0,0,0,0,0,0,0,0,0,0,0,0,0,0,0,0,0,0,0,0,0,0,0,146,252,253,13,0,0,0,0,0,0,0,0,0,0,0,0,0,0,0,0,0,0,0,0,0,0,0,0,146,252,253,13,0,0,0,0,0,0,0,0,0,0,0,0,0,0,0,0,0,0,0,0,0,0,0,0,147,253,255,13,0,0,0,0,0,0,0,0,0,0,0,0,0,0,0,0,0,0,0,0,0,0,0,0,146,252,253,13,0,0,0,0,0,0,0,0,0,0,0,0,0,0,0,0,0,0,0,0,0,0,0,0,146,252,253,13,0,0,0,0,0,0,0,0,0,0,0,0,0,0,0,0,0,0,0,0,0,0,0,0,146,252,253,13,0,0,0,0,0,0,0,0,0,0,0,0,0,0,0,0,0,0,0,0,0,0,0,0,146,252,221,9,0,0,0,0,0,0,0,0,0,0,0,0,0,0,0,0,0,0,0,0,0,0,0,20,224,252,133,0,0,0,0,0,0,0,0,0,0,0,0,0,0,0,0,0,0,0,0,0,0,0,0,27,252,252,133,0,0,0,0,0,0,0,0,0,0,0,0,0,0,0,0,0,0,0,0,0,0,0,0,24,241,252,209,8,0,0,0,0,0,0,0,0,0,0,0,0,0,0,0,0,0,0,0,0,0,0,0,0,146,252,253,13,0,0,0,0,0,0,0,0,0,0,0,0,0,0,0,0,0,0,0,0,0,0,0,0,77,252,253,13,0,0,0,0,0,0,0,0,0,0,0,0,0,0,0,0,0,0,0,0,0,0,0,0,0,0,0,0,0,0,0,0,0,0,0,0,0,0,0,0,0,0,0,0,0,0,0,0,0,0,0,0,0,0,0,0,0,0,0,0,0,0,0,0,0,0,0,0,0,0,0,0,0,0,0,0,0,0,0,0,0,0,0,0,0,0,0,0,0,0,0,0,0,0,0,0,0,0,0,0,0,0,0,0,0,0,0,0,0,0,0,0,0,0,0,0,0,0,0,0,0,0,0
3,0,0,0,0,0,0,0,0,0,0,0,0,0,0,0,0,0,0,0,0,0,0,0,0,0,0,0,0,0,0,0,0,0,0,0,0,0,0,0,0,0,0,0,0,0,0,0,0,0,0,0,0,0,0,0,0,0,0,0,0,0,0,0,0,0,0,0,0,0,0,0,0,0,0,0,0,0,0,0,0,0,0,0,0,0,0,0,0,0,0,0,0,0,0,0,0,0,0,0,0,0,0,0,0,0,0,0,0,0,0,0,0,0,0,0,0,0,0,0,0,0,0,0,4,69,192,254,253,200,67,0,0,0,0,0,0,0,0,0,0,0,0,0,0,0,0,0,0,0,0,29,187,252,252,253,252,252,237,32,0,0,0,0,0,0,0,0,0,0,0,0,0,0,0,0,0,0,31,169,252,252,235,144,247,252,247,38,0,0,0,0,0,0,0,0,0,0,0,0,0,0,0,0,0,0,218,252,247,162,14,29,232,252,119,0,0,0,0,0,0,0,0,0,0,0,0,0,0,0,0,0,0,0,165,173,47,0,45,219,252,190,14,0,0,0,0,0,0,0,0,0,0,0,0,0,0,0,0,0,0,0,0,0,4,114,236,255,239,17,0,0,0,0,0,0,0,0,0,0,0,0,0,0,0,0,0,0,0,0,0,0,180,252,252,186,42,0,0,0,0,0,0,0,0,0,0,0,0,0,0,0,0,0,0,0,0,0,0,87,251,238,99,9,0,0,0,0,0,0,0,0,0,0,0,0,0,0,0,0,0,0,0,0,0,0,0,163,252,170,37,0,0,0,0,0,0,0,0,0,0,0,0,0,0,0,0,0,0,0,0,0,0,0,0,14,236,252,235,194,27,0,0,0,0,0,0,0,0,0,0,0,0,0,0,0,0,0,0,0,0,0,0,0,9,176,211,237,253,147,32,0,0,0,0,0,0,0,0,0,0,0,0,0,0,0,0,0,0,0,0,0,0,0,0,99,231,252,237,146,0,0,0,0,0,0,0,0,0,0,0,0,0,0,0,0,0,0,0,0,0,0,0,0,51,179,245,252,150,0,0,0,0,0,0,0,0,0,0,0,0,0,0,0,0,0,0,0,0,0,0,0,0,0,83,242,222,16,0,0,0,0,0,0,0,0,0,0,0,0,0,0,0,0,0,0,0,0,0,0,0,0,0,167,253,63,0,0,0,0,0,0,0,0,0,0,0,0,0,0,0,0,0,0,0,0,0,0,0,4,69,236,230,27,0,0,0,0,0,0,0,0,0,0,0,0,0,0,0,0,0,29,7,0,36,86,164,195,252,252,131,0,0,0,0,0,0,0,0,0,0,0,0,0,0,0,32,215,233,239,234,232,241,253,252,252,238,187,9,0,0,0,0,0,0,0,0,0,0,0,0,0,0,0,48,242,253,252,252,252,252,253,252,212,28,0,0,0,0,0,0,0,0,0,0,0,0,0,0,0,0,0,0,79,165,217,147,147,147,147,112,21,0,0,0,0,0,0,0,0,0,0,0,0,0,0,0,0,0,0,0,0,0,0,0,0,0,0,0,0,0,0,0,0,0,0,0,0,0,0,0,0,0,0,0,0,0,0,0,0,0,0,0,0,0,0,0,0,0,0,0,0,0,0,0,0,0,0,0,0,0,0,0,0,0,0,0,0,0,0,0,0,0,0,0,0,0,0,0,0,0,0,0,0,0,0,0,0,0,0,0,0,0,0,0,0,0,0,0,0,0,0,0,0,0,0,0,0,0,0,0,0,0,0,0
2,0,0,0,0,0,0,0,0,0,0,0,0,0,0,0,0,0,0,0,0,0,0,0,0,0,0,0,0,0,0,0,0,0,0,0,0,0,0,0,0,0,0,0,0,0,0,0,0,0,0,0,0,0,0,0,0,0,0,0,0,0,0,0,0,0,0,0,0,0,0,0,0,0,0,0,0,0,0,0,0,0,0,0,0,0,0,0,0,0,0,0,0,0,0,0,0,128,191,255,255,128,64,64,0,0,0,0,0,0,0,0,0,0,0,0,0,0,0,0,0,0,0,0,128,255,255,255,255,255,255,255,64,0,0,0,0,0,0,0,0,0,0,0,0,0,0,0,0,0,0,0,255,255,255,191,128,191,255,255,128,0,0,0,0,0,0,0,0,0,0,0,0,0,0,0,0,0,0,0,191,255,191,0,0,0,255,255,128,0,0,0,0,0,0,0,0,0,0,0,0,0,0,0,0,0,0,0,0,64,0,0,0,0,255,255,64,0,0,0,0,0,0,0,0,0,0,0,0,0,0,0,0,0,0,0,0,0,0,0,0,0,255,255,0,0,0,0,0,0,0,0,0,0,0,0,0,0,0,0,0,0,0,0,0,0,0,0,0,128,255,128,0,0,0,0,0,0,0,0,0,0,0,0,0,0,0,0,0,0,0,0,0,0,0,0,64,255,255,64,0,0,0,0,0,0,0,0,0,0,0,0,0,0,0,0,0,0,0,0,0,0,0,0,128,255,191,0,0,0,0,0,0,0,0,0,0,0,0,0,0,0,0,0,0,0,0,0,0,0,0,128,255,255,64,0,0,0,0,0,0,0,0,0,0,0,0,0,0,0,0,0,0,0,0,0,0,0,64,255,255,191,0,0,0,0,0,0,0,0,0,0,0,0,0,0,0,0,0,0,0,0,0,0,0,64,255,255,191,0,0,0,0,0,0,0,0,0,0,0,0,0,0,0,0,0,0,0,0,0,0,0,64,255,255,255,64,0,0,0,0,0,0,0,0,0,0,0,0,0,0,0,0,0,0,0,0,0,0,64,255,255,255,0,0,0,0,0,0,0,0,0,0,0,0,0,0,0,0,0,0,0,0,0,0,0,64,255,255,255,64,0,0,0,0,0,0,0,0,0,0,0,0,0,0,0,0,0,0,0,0,0,0,64,191,255,191,0,0,0,0,0,0,0,0,0,0,0,0,0,0,0,0,0,0,0,0,0,0,0,0,128,255,255,128,0,0,0,0,0,0,64,128,128,128,128,191,255,64,0,0,0,0,0,0,0,0,0,0,191,255,255,191,128,0,128,128,128,128,255,255,255,255,128,128,128,0,0,0,0,0,0,0,0,0,0,0,255,255,255,255,255,255,255,255,255,255,191,128,0,0,0,0,0,0,0,0,0,0,0,0,0,0,0,0,64,128,255,255,255,255,191,128,128,128,0,0,0,0,0,0,0,0,0,0,0,0,0,0,0,0,0,0,0,0,0,0,0,0,0,0,0,0,0,0,0,0,0,0,0,0,0,0,0,0,0,0,0,0,0,0,0,0,0,0,0,0,0,0,0,0,0,0,0,0,0,0,0,0,0,0,0,0,0,0,0,0,0,0,0,0,0,0,0,0,0,0,0,0,0,0,0,0,0,0,0,0,0,0,0,0,0,0,0,0,0,0,0,0,0,0,0,0,0,0,0,0,0,0,0,0,0,0,0,0,0,0,0,0,0,0,0,0,0,0,0,0,0,0,0,0,0,0,0,0,0,0,0,0,0,0,0,0,0,0
2,0,0,0,0,0,0,0,0,0,0,0,0,0,0,0,0,0,0,0,0,0,0,0,0,0,0,0,0,0,0,0,0,0,0,0,0,0,0,0,0,0,0,0,0,0,0,0,0,0,0,0,0,0,0,0,0,0,0,0,0,0,0,0,0,0,0,0,0,0,0,0,0,0,0,0,0,0,0,0,0,0,0,0,0,0,0,0,0,0,0,0,0,0,0,0,0,0,0,0,0,0,0,0,0,0,0,0,0,0,0,0,0,0,0,0,0,0,0,0,0,0,121,159,192,219,175,128,63,36,0,0,0,0,0,0,0,0,0,0,0,0,0,0,0,0,0,0,4,29,251,254,254,254,254,254,254,235,97,3,0,0,0,0,0,0,0,0,0,0,0,0,0,0,0,0,29,254,254,254,254,254,254,254,254,254,254,19,0,0,0,0,0,0,0,0,0,0,0,0,0,0,0,0,146,254,254,254,143,101,64,64,119,244,254,19,0,0,0,0,0,0,0,0,0,0,0,0,0,0,0,54,250,254,254,243,65,0,0,0,0,117,254,146,0,0,0,0,0,0,0,0,0,0,0,0,0,0,0,63,254,254,235,52,0,0,0,0,0,15,254,242,38,0,0,0,0,0,0,0,0,0,0,0,0,0,0,26,189,201,47,0,0,0,0,0,0,12,238,254,53,0,0,0,0,0,0,0,0,0,0,0,0,0,0,0,0,0,0,0,0,0,0,0,0,0,173,254,53,0,0,0,0,0,0,0,0,0,0,0,0,0,0,0,0,0,0,0,0,0,0,0,0,0,173,254,53,0,0,0,0,0,0,0,0,0,0,0,0,0,0,0,0,0,0,0,0,0,0,0,0,3,189,254,53,0,0,0,0,0,0,0,0,0,0,0,0,0,0,0,0,0,0,0,0,0,51,142,117,120,254,254,53,0,0,0,0,0,0,0,0,0,0,0,0,0,0,0,0,0,0,0,0,37,210,254,254,254,254,254,53,0,0,0,0,0,0,0,0,0,0,0,0,0,0,0,0,0,0,5,113,200,254,241,252,254,254,254,200,64,0,0,0,0,0,0,0,0,0,0,0,0,0,0,0,0,0,105,254,254,254,238,252,254,254,254,254,240,59,0,0,0,0,0,0,0,0,0,0,0,0,0,0,0,39,242,254,254,254,254,254,254,233,185,254,254,158,17,0,0,0,0,0,0,0,0,0,0,0,0,0,0,145,254,157,177,254,254,254,232,84,13,101,209,255,144,0,0,0,0,0,0,0,0,0,0,0,0,0,0,192,254,213,253,254,219,171,69,0,0,0,130,254,230,40,5,0,0,0,0,0,0,0,0,0,0,0,0,251,254,254,254,173,0,0,0,0,0,0,54,223,254,254,221,0,0,0,0,0,0,0,0,0,0,0,0,251,254,254,254,212,0,0,0,0,0,0,0,45,221,133,25,0,0,0,0,0,0,0,0,0,0,0,0,141,209,158,102,34,0,0,0,0,0,0,0,0,0,0,0,0,0,0,0,0,0,0,0,0,0,0,0,0,0,0,0,0,0,0,0,0,0,0,0,0,0,0,0,0,0,0,0,0,0,0,0,0,0,0,0,0,0,0,0,0,0,0,0,0,0,0,0,0,0,0,0,0,0,0,0,0,0,0,0,0,0,0,0,0,0,0,0,0,0,0,0,0,0,0,0,0,0,0,0,0,0,0,0,0,0,0,0,0,0,0,0,0,0,0,0,0,0,0,0,0,0,0,0,0,0,0,0,0,0,0
9,0,0,0,0,0,0,0,0,0,0,0,0,0,0,0,0,0,0,0,0,0,0,0,0,0,0,0,0,0,0,0,0,0,0,0,0,0,0,0,0,0,0,0,0,0,0,0,0,0,0,0,0,0,0,0,0,0,0,0,0,0,0,0,0,0,0,0,0,0,0,0,0,0,0,0,0,0,0,0,0,0,0,0,0,0,0,0,0,0,0,0,0,0,0,0,0,0,0,0,0,0,0,0,0,0,0,0,0,0,0,0,0,0,0,0,0,0,0,0,0,0,0,0,0,0,0,0,0,0,0,0,0,0,0,0,0,0,0,0,0,0,0,0,0,0,0,0,0,0,0,0,0,0,0,0,0,0,0,0,0,0,0,0,0,0,0,0,0,0,0,0,0,0,0,0,0,0,0,0,0,0,0,0,0,0,0,0,0,0,0,0,0,0,0,0,0,0,0,0,0,0,0,0,0,6,63,155,238,254,255,254,225,158,117,0,0,0,0,0,0,0,0,0,0,0,0,0,0,0,0,0,7,124,254,254,240,225,225,225,225,241,249,54,0,0,0,0,0,0,0,0,0,0,0,0,0,0,0,0,58,254,222,70,37,0,0,0,0,53,235,235,187,42,0,0,0,0,0,0,0,0,0,0,0,0,0,56,249,230,3,0,0,0,0,0,0,10,213,254,254,136,0,0,0,0,0,0,0,0,0,0,0,0,0,92,254,103,0,0,0,0,0,0,0,23,211,254,254,249,0,0,0,0,0,0,0,0,0,0,0,0,0,92,234,25,0,0,0,0,0,0,0,0,10,254,254,216,0,0,0,0,0,0,0,0,0,0,0,0,0,92,230,23,0,0,0,0,0,0,0,0,87,254,246,49,0,0,0,0,0,0,0,0,0,0,0,0,0,50,252,126,0,0,0,0,0,0,0,20,225,254,164,0,0,0,0,0,0,0,0,0,0,0,0,0,0,0,151,237,54,0,0,0,0,0,0,106,254,230,16,0,0,0,0,0,0,0,0,0,0,0,0,0,0,0,25,214,249,184,144,114,49,91,209,253,254,128,0,0,0,0,0,0,0,0,0,0,0,0,0,0,0,0,0,23,117,199,251,254,254,247,210,246,253,81,0,0,0,0,0,0,0,0,0,0,0,0,0,0,0,0,0,0,0,0,68,81,81,46,0,235,244,0,0,0,0,0,0,0,0,0,0,0,0,0,0,0,0,0,0,0,0,0,0,0,0,0,0,235,244,0,0,0,0,0,0,0,0,0,0,0,0,0,0,0,0,0,0,0,0,0,0,0,0,0,3,236,244,0,0,0,0,0,0,0,0,0,0,0,0,0,0,0,0,0,0,0,0,0,0,0,0,0,77,254,244,0,0,0,0,0,0,0,0,0,0,0,0,0,0,0,0,0,0,0,0,0,0,0,0,0,7,237,244,0,0,0,0,0,0,0,0,0,0,0,0,0,0,0,0,0,0,0,0,0,0,0,0,0,0,199,251,67,0,0,0,0,0,0,0,0,0,0,0,0,0,0,0,0,0,0,0,0,0,0,0,0,0,235,254,86,0,0,0,0,0,0,0,0,0,0,0,0,0,0,0,0,0,0,0,0,0,0,0,0,0,235,252,75,0,0,0,0,0,0,0,0,0,0,0,0,0,0,0,0,0,0,0,0,0,0,0,0,59,249,244,0,0,0,0,0,0,0,0,0,0,0,0,0,0,0,0,0,0,0,0,0,0,0,0,0,0,0,0,0,0,0,0,0,0,0,0,0,0
3,0,0,0,0,0,0,0,0,0,0,0,0,0,0,0,0,0,0,0,0,0,0,0,0,0,0,0,0,0,0,0,0,0,0,0,0,0,0,0,0,0,0,0,0,0,0,0,0,0,0,0,0,0,0,0,0,0,0,0,0,0,0,0,0,0,0,0,0,0,0,0,0,0,0,0,0,0,0,0,0,0,0,0,0,0,0,0,0,0,0,0,0,0,0,0,0,0,0,0,0,0,0,0,0,0,0,0,0,0,0,0,0,0,0,0,0,0,0,0,0,0,0,128,128,255,255,255,64,0,0,0,0,0,0,0,0,0,0,0,0,0,0,0,0,0,0,0,0,64,255,255,255,255,255,255,255,64,0,0,0,0,0,0,0,0,0,0,0,0,0,0,0,0,0,0,128,255,255,255,255,255,255,255,255,191,64,0,0,0,0,0,0,0,0,0,0,0,0,0,0,0,0,64,255,255,255,255,255,255,255,255,255,255,128,0,0,0,0,0,0,0,0,0,0,0,0,0,0,0,0,255,255,255,255,255,255,255,255,255,255,255,128,0,0,0,0,0,0,0,0,0,0,0,0,0,0,0,0,255,255,255,255,191,128,191,255,255,255,255,128,0,0,0,0,0,0,0,0,0,0,0,0,0,0,0,0,128,255,255,64,0,0,191,255,255,255,255,128,0,0,0,0,0,0,0,0,0,0,0,0,0,0,0,0,0,0,0,0,0,128,255,255,255,255,255,255,128,128,0,0,0,0,0,0,0,0,0,0,0,0,0,0,0,0,0,0,191,255,255,255,255,255,255,255,255,255,255,64,0,0,0,0,0,0,0,0,0,0,0,0,0,0,0,191,255,255,255,255,255,255,255,255,255,255,255,255,64,0,0,0,0,0,0,0,0,0,0,0,0,0,0,255,255,255,255,255,255,255,255,255,255,255,255,255,255,0,0,0,0,0,0,0,0,0,0,0,0,0,0,255,255,255,255,255,255,128,191,255,255,255,255,255,255,128,0,0,0,0,0,0,0,0,0,0,0,0,0,64,255,255,255,64,0,0,0,0,191,255,255,255,255,128,0,0,0,0,0,0,0,0,0,0,0,0,0,128,64,0,0,0,0,0,0,0,191,255,255,255,255,128,0,0,0,0,0,0,0,0,0,0,0,0,191,255,255,191,0,0,0,0,64,255,255,255,255,255,255,128,0,0,0,0,0,0,0,0,0,0,0,128,255,255,255,255,255,255,255,255,255,255,255,255,255,255,255,0,0,0,0,0,0,0,0,0,0,0,0,128,255,255,255,255,255,255,255,255,255,255,255,255,255,255,128,0,0,0,0,0,0,0,0,0,0,0,0,128,255,255,255,255,255,255,255,255,255,255,255,255,255,128,0,0,0,0,0,0,0,0,0,0,0,0,0,64,255,255,255,255,255,255,255,255,255,255,255,191,64,0,0,0,0,0,0,0,0,0,0,0,0,0,0,0,64,64,128,191,255,255,255,255,191,128,0,0,0,0,0,0,0,0,0,0,0,0,0,0,0,0,0,0,0,0,0,0,0,0,0,0,0,0,0,0,0,0,0,0,0,0,0,0,0,0,0,0,0,0,0,0,0,0,0,0,0,0,0,0,0,0,0,0,0,0,0,0,0,0,0,0,0,0,0,0,0,0,0,0,0,0,0,0,0,0,0,0,0,0,0,0,0,0,0,0,0,0,0,0,0,0,0,0,0,0,0,0,0,0,0,0,0,0,0,0,0,0,0,0,0,0,0,0,0,0,0,0
0,0,0,0,0,0,0,0,0,0,0,0,0,0,0,0,0,0,0,0,0,0,0,0,0,0,0,0,0,0,0,0,0,0,0,0,0,0,0,0,0,0,0,0,0,0,0,0,0,0,0,0,0,0,0,0,0,0,0,0,0,0,0,0,0,0,0,0,0,0,0,0,0,0,0,0,0,0,0,0,0,0,0,0,0,0,0,0,0,0,0,0,0,0,0,0,0,0,0,0,0,0,0,0,0,0,0,0,0,0,0,0,0,0,0,0,0,0,0,0,0,0,0,0,2,105,249,255,253,135,3,0,0,0,0,0,0,0,0,0,0,0,0,0,0,0,0,0,0,0,0,0,58,254,254,254,254,254,182,0,0,0,0,0,0,0,0,0,0,0,0,0,0,0,0,0,0,0,0,0,66,254,254,254,239,254,247,43,0,0,0,0,0,0,0,0,0,0,0,0,0,0,0,0,0,0,0,7,207,254,254,254,212,169,254,157,0,0,0,0,0,0,0,0,0,0,0,0,0,0,0,0,0,0,0,63,254,254,254,254,237,70,254,221,0,0,0,0,0,0,0,0,0,0,0,0,0,0,0,0,0,0,0,200,254,254,254,254,237,73,156,238,42,0,0,0,0,0,0,0,0,0,0,0,0,0,0,0,0,0,0,213,254,254,126,112,199,229,183,254,202,0,0,0,0,0,0,0,0,0,0,0,0,0,0,0,0,0,24,237,254,194,7,0,1,15,11,199,237,45,0,0,0,0,0,0,0,0,0,0,0,0,0,0,0,0,142,254,254,56,0,0,0,0,0,116,254,173,0,0,0,0,0,0,0,0,0,0,0,0,0,0,0,0,205,254,254,24,0,0,0,0,0,36,254,204,0,0,0,0,0,0,0,0,0,0,0,0,0,0,0,0,206,254,194,0,0,0,0,0,0,0,203,223,12,0,0,0,0,0,0,0,0,0,0,0,0,0,0,29,240,254,115,0,0,0,1,70,15,0,124,254,91,0,0,0,0,0,0,0,0,0,0,0,0,0,0,176,254,254,115,0,0,0,9,254,229,0,63,254,175,0,0,0,0,0,0,0,0,0,0,0,0,0,0,197,254,254,151,0,0,0,2,123,229,0,42,254,196,0,0,0,0,0,0,0,0,0,0,0,0,0,0,197,254,254,224,12,0,0,0,17,249,86,42,254,196,0,0,0,0,0,0,0,0,0,0,0,0,0,0,197,254,254,254,40,0,0,0,17,254,181,42,254,196,0,0,0,0,0,0,0,0,0,0,0,0,0,0,197,254,254,254,214,9,0,0,17,254,221,42,254,196,0,0,0,0,0,0,0,0,0,0,0,0,0,0,123,254,254,254,254,157,2,0,17,254,229,123,254,196,0,0,0,0,0,0,0,0,0,0,0,0,0,0,18,224,254,254,254,254,132,0,17,254,254,254,254,123,0,0,0,0,0,0,0,0,0,0,0,0,0,0,0,46,254,254,254,254,254,191,196,254,254,254,206,1,0,0,0,0,0,0,0,0,0,0,0,0,0,0,0,0,0,0,0,0,0,0,0,0,0,0,0,0,0,0,0,0,0,0,0,0,0,0,0,0,0,0,0,0,0,0,0,0,0,0,0,0,0,0,0,0,0,0,0,0,0,0,0,0,0,0,0,0,0,0,0,0,0,0,0,0,0,0,0,0,0,0,0,0,0,0,0,0,0,0,0,0,0,0,0,0,0,0,0,0,0,0,0,0,0,0,0,0,0,0,0,0,0,0,0,0,0,0
0,0,0,0,0,0,0,0,0,0,0,0,0,0,0,0,0,0,0,0,0,0,0,0,0,0,0,0,0,0,0,0,0,0,0,0,0,0,0,0,0,0,0,0,0,0,0,0,0,0,0,0,0,0,0,0,0,0,0,0,0,0,0,0,0,0,0,0,0,0,0,0,0,0,0,0,0,0,0,0,0,0,0,0,0,0,0,0,0,0,0,0,0,0,0,0,0,0,0,0,211,246,56,0,0,0,0,0,0,0,0,0,0,0,0,0,0,0,0,0,0,0,0,0,0,0,0,123,246,253,133,0,8,61,148,14,0,0,0,0,0,0,0,0,0,0,0,0,0,0,0,0,0,3,104,254,249,229,47,0,30,253,253,156,0,0,0,0,0,0,0,0,0,0,0,0,0,0,0,0,0,117,253,254,193,0,0,0,16,197,253,208,0,0,0,0,0,0,0,0,0,0,0,0,0,0,0,0,125,246,253,118,22,0,0,0,0,16,241,248,136,0,0,0,0,0,0,0,0,0,0,0,0,0,0,96,249,248,134,0,0,0,0,0,0,0,239,253,253,0,0,0,0,0,0,0,0,0,0,0,0,0,16,198,253,128,0,0,0,0,0,0,0,0,239,253,253,0,0,0,0,0,0,0,0,0,0,0,0,27,198,253,168,38,0,0,0,0,0,0,0,0,239,253,200,0,0,0,0,0,0,0,0,0,0,0,0,102,253,149,4,0,0,0,0,0,0,0,0,0,239,253,104,0,0,0,0,0,0,0,0,0,0,0,72,241,235,49,0,0,0,0,0,0,0,0,0,0,239,226,43,0,0,0,0,0,0,0,0,0,0,16,254,223,44,0,0,0,0,0,0,0,0,0,0,56,247,209,0,0,0,0,0,0,0,0,0,0,0,139,253,142,0,0,0,0,0,0,0,0,0,0,61,233,253,85,0,0,0,0,0,0,0,0,0,0,48,222,175,10,0,0,0,0,0,0,0,0,0,14,184,253,186,21,0,0,0,0,0,0,0,0,0,0,209,246,71,0,0,0,0,0,0,0,0,0,57,238,253,253,14,0,0,0,0,0,0,0,0,0,0,94,248,194,0,0,0,0,0,0,0,76,111,224,238,253,200,99,2,0,0,0,0,0,0,0,0,0,0,106,253,107,0,0,22,30,31,145,179,255,253,253,239,91,22,0,0,0,0,0,0,0,0,0,0,0,0,184,253,246,134,134,219,253,253,253,253,254,253,245,63,0,0,0,0,0,0,0,0,0,0,0,0,0,0,201,253,253,253,253,253,253,253,253,253,217,128,13,0,0,0,0,0,0,0,0,0,0,0,0,0,0,0,25,193,253,253,240,240,229,208,94,59,35,0,0,0,0,0,0,0,0,0,0,0,0,0,0,0,0,0,0,25,104,104,73,74,49,0,0,0,0,0,0,0,0,0,0,0,0,0,0,0,0,0,0,0,0,0,0,0,0,0,0,0,0,0,0,0,0,0,0,0,0,0,0,0,0,0,0,0,0,0,0,0,0,0,0,0,0,0,0,0,0,0,0,0,0,0,0,0,0,0,0,0,0,0,0,0,0,0,0,0,0,0,0,0,0,0,0,0,0,0,0,0,0,0,0,0,0,0,0,0,0,0,0,0,0,0,0,0,0,0,0,0,0,0,0,0,0,0,0,0,0,0,0,0,0,0,0,0,0,0,0,0,0,0,0,0,0,0,0,0,0,0,0,0,0,0,0,0,0,0,0,0,0,0,0,0,0,0,0,0,0,0
5,0,0,0,0,0,0,0,0,0,0,0,0,0,0,0,0,0,0,0,0,0,0,0,0,0,0,0,0,0,0,0,0,0,0,0,0,0,0,0,0,0,0,0,0,0,0,0,0,0,0,0,0,0,0,0,0,0,0,0,0,0,0,0,0,0,0,0,0,0,0,0,0,0,0,0,0,0,0,0,0,0,0,0,0,0,0,0,0,0,0,0,0,0,0,0,0,0,0,0,0,0,0,0,0,0,0,0,0,0,0,0,0,0,0,0,0,0,0,0,0,0,0,0,0,0,0,0,0,0,0,0,0,0,0,0,0,0,0,0,0,0,0,0,0,0,0,0,0,0,0,0,0,61,70,92,153,164,254,254,254,254,255,180,97,31,0,0,0,0,0,0,0,0,0,0,0,0,0,0,0,234,254,254,254,254,254,254,254,254,254,254,254,207,0,0,0,0,0,0,0,0,0,0,0,0,0,0,0,96,238,254,254,214,133,67,142,162,162,127,162,105,0,0,0,0,0,0,0,0,0,0,0,0,0,22,0,0,47,64,46,3,0,0,0,0,0,0,0,0,0,0,0,0,0,0,0,0,0,0,0,0,59,230,150,1,0,0,0,0,0,0,0,0,0,0,0,0,0,0,0,0,0,0,0,0,0,0,0,0,186,254,254,9,0,0,0,0,0,0,0,0,0,0,0,0,0,0,0,0,0,0,0,0,0,0,0,109,253,254,235,7,0,0,0,0,0,0,0,0,0,0,0,0,0,0,0,0,0,0,0,0,0,0,68,242,254,252,82,0,0,0,0,0,0,0,0,0,0,0,0,0,0,0,0,0,0,0,0,0,0,0,156,254,254,135,27,0,0,0,0,0,0,0,0,0,0,0,0,0,0,0,0,0,0,0,0,0,0,60,252,254,254,247,240,220,137,49,3,0,0,0,0,0,0,0,0,0,0,0,0,0,0,0,0,0,0,12,180,254,254,243,249,239,251,254,154,69,11,0,0,0,0,0,0,0,0,0,0,0,0,0,0,0,0,0,10,116,83,20,54,0,68,118,135,239,229,71,0,0,0,0,0,0,0,0,0,0,0,0,0,0,0,0,0,0,0,0,0,0,0,0,0,57,193,250,118,0,0,0,0,0,0,0,0,0,0,0,0,0,0,0,0,0,0,0,0,0,0,0,0,0,16,199,248,40,0,0,0,0,0,0,0,0,0,0,0,0,0,0,0,0,0,0,0,0,0,0,0,0,0,139,254,181,0,0,0,0,0,0,0,0,0,0,0,0,0,0,0,0,227,139,11,0,0,0,0,0,0,190,254,181,0,0,0,0,0,0,0,0,0,0,0,0,0,0,0,0,211,254,213,105,21,0,0,10,130,249,254,143,0,0,0,0,0,0,0,0,0,0,0,0,0,0,0,0,77,218,254,254,247,163,163,237,254,254,222,31,0,0,0,0,0,0,0,0,0,0,0,0,0,0,0,0,0,23,156,252,254,254,254,254,254,254,99,0,0,0,0,0,0,0,0,0,0,0,0,0,0,0,0,0,0,0,0,60,141,157,212,175,157,141,13,0,0,0,0,0,0,0,0,0,0,0,0,0,0,0,0,0,0,0,0,0,0,0,0,0,0,0,0,0,0,0,0,0,0,0,0,0,0,0,0,0,0,0,0,0,0,0,0,0,0,0,0,0,0,0,0,0,0,0,0,0,0,0,0,0,0,0,0,0,0,0,0,0,0,0,0,0,0,0,0,0,0,0,0,0,0,0,0,0,0,0,0
7,0,0,0,0,0,0,0,0,0,0,0,0,0,0,0,0,0,0,0,0,0,0,0,0,0,0,0,0,0,0,0,0,0,0,0,0,0,0,0,0,0,0,0,0,0,0,0,0,0,0,0,0,0,0,0,0,0,0,0,0,0,0,0,0,0,0,0,0,0,0,0,0,0,0,0,0,0,0,0,0,0,0,0,0,0,0,0,0,0,0,0,0,0,0,0,0,0,0,0,0,0,0,0,0,0,0,0,0,0,0,0,0,0,0,0,0,0,0,0,0,0,0,0,0,0,0,0,0,0,0,0,0,0,0,0,0,0,0,0,0,0,0,0,0,0,0,0,0,0,0,0,0,0,7,29,128,141,216,128,4,0,0,0,0,0,0,0,0,0,0,0,0,0,0,0,0,0,38,95,169,120,187,252,252,253,252,252,28,0,0,0,0,0,0,0,0,0,0,0,0,0,0,0,38,198,234,252,252,253,252,214,214,253,252,186,6,0,0,0,0,0,0,0,0,0,0,0,0,0,0,0,163,253,252,214,139,128,78,15,66,253,227,94,0,0,0,0,0,0,0,0,0,0,0,0,0,0,0,0,101,114,88,0,0,0,0,0,176,255,197,0,0,0,0,0,0,0,0,0,0,0,0,0,0,0,0,0,0,0,0,0,0,0,0,19,231,253,171,0,0,0,0,0,0,0,0,0,0,0,0,0,0,0,0,0,0,0,0,0,0,0,0,123,252,244,56,0,0,0,0,0,0,0,0,0,0,0,0,0,0,0,0,0,0,0,0,0,0,0,26,222,252,125,0,0,0,0,0,0,0,0,0,0,0,0,0,0,0,0,0,0,0,0,0,0,0,0,70,253,253,101,0,0,0,0,0,0,0,0,0,0,0,0,0,0,0,0,0,0,0,0,0,0,0,0,169,252,252,0,0,0,0,0,0,0,0,0,0,0,0,0,0,0,0,0,0,0,0,10,85,123,147,147,234,252,252,198,197,197,147,38,0,0,0,0,0,0,0,0,0,0,0,0,0,0,0,128,252,252,252,253,252,252,252,253,252,252,202,63,0,0,0,0,0,0,0,0,0,0,0,0,0,0,0,126,225,225,225,242,253,244,125,114,113,113,13,0,0,0,0,0,0,0,0,0,0,0,0,0,0,0,0,0,0,0,0,141,252,168,0,0,0,0,0,0,0,0,0,0,0,0,0,0,0,0,0,0,0,0,0,0,0,0,0,178,252,168,0,0,0,0,0,0,0,0,0,0,0,0,0,0,0,0,0,0,0,0,0,0,0,0,0,253,252,168,0,0,0,0,0,0,0,0,0,0,0,0,0,0,0,0,0,0,0,0,0,0,0,0,114,254,253,168,13,0,0,0,0,0,0,0,0,0,0,0,0,0,0,0,0,0,0,0,0,0,0,0,38,253,252,224,206,26,0,0,0,0,0,0,0,0,0,0,0,0,0,0,0,0,0,0,0,0,0,0,0,216,252,252,252,76,0,0,0,0,0,0,0,0,0,0,0,0,0,0,0,0,0,0,0,0,0,0,0,91,252,214,40,0,0,0,0,0,0,0,0,0,0,0,0,0,0,0,0,0,0,0,0,0,0,0,0,0,0,0,0,0,0,0,0,0,0,0,0,0,0,0,0,0,0,0,0,0,0,0,0,0,0,0,0,0,0,0,0,0,0,0,0,0,0,0,0,0,0,0,0,0,0,0,0,0,0,0,0,0,0,0,0,0,0,0,0,0,0,0,0,0,0,0,0,0,0,0,0
8,0,0,0,0,0,0,0,0,0,0,0,0,0,0,0,0,0,0,0,0,0,0,0,0,0,0,0,0,0,0,0,0,0,0,0,0,0,0,0,0,0,0,0,0,0,0,0,0,0,0,0,0,0,0,0,0,0,0,0,0,0,0,0,0,0,0,0,0,0,0,0,0,0,0,0,0,0,0,0,0,0,0,0,0,0,0,0,0,0,0,0,0,0,0,0,0,0,0,0,0,0,0,0,0,0,0,0,0,0,0,0,0,0,0,0,0,0,0,0,0,0,0,0,0,0,0,0,0,0,0,0,0,0,0,0,0,0,0,0,0,0,0,0,0,0,0,0,0,0,16,101,101,213,255,160,240,52,0,0,0,0,0,0,0,0,0,0,0,0,0,0,0,0,0,0,0,74,208,253,253,253,253,253,253,227,200,200,130,7,0,0,0,0,0,0,0,0,0,0,0,0,0,0,0,182,253,253,115,107,107,107,209,253,253,253,253,162,53,0,0,0,0,0,0,0,0,0,0,0,0,0,54,249,253,118,1,0,0,0,5,82,242,253,253,253,241,0,0,0,0,0,0,0,0,0,0,0,0,0,146,253,253,115,0,0,0,0,4,115,246,253,253,182,59,0,0,0,0,0,0,0,0,0,0,0,0,0,67,250,253,190,93,0,0,0,108,253,253,244,177,38,0,0,0,0,0,0,0,0,0,0,0,0,0,0,0,102,253,253,248,127,85,226,249,253,135,14,7,3,0,0,0,0,0,0,0,0,0,0,0,0,0,0,0,25,185,239,253,253,253,253,253,162,8,0,0,0,0,0,0,0,0,0,0,0,0,0,0,0,0,0,0,0,0,68,246,253,253,253,253,193,16,0,0,0,0,0,0,0,0,0,0,0,0,0,0,0,0,0,0,0,0,43,243,253,253,253,253,253,191,73,0,0,0,0,0,0,0,0,0,0,0,0,0,0,0,0,0,0,0,139,253,253,241,89,186,253,253,248,108,4,0,0,0,0,0,0,0,0,0,0,0,0,0,0,0,0,19,194,253,162,63,0,12,129,239,253,253,142,45,0,0,0,0,0,0,0,0,0,0,0,0,0,0,0,82,253,230,50,0,0,0,0,69,188,253,253,92,0,0,0,0,0,0,0,0,0,0,0,0,0,0,63,233,253,159,0,0,0,0,0,0,6,161,253,194,0,0,0,0,0,0,0,0,0,0,0,0,0,0,93,253,253,14,0,0,0,0,0,0,0,116,253,245,0,0,0,0,0,0,0,0,0,0,0,0,0,0,93,253,253,52,0,0,0,0,0,0,4,149,253,114,0,0,0,0,0,0,0,0,0,0,0,0,0,0,34,210,253,171,8,8,1,0,0,50,167,253,253,92,0,0,0,0,0,0,0,0,0,0,0,0,0,0,0,39,253,253,253,253,121,109,109,236,253,253,227,53,0,0,0,0,0,0,0,0,0,0,0,0,0,0,0,7,129,250,253,253,253,253,253,253,253,228,57,0,0,0,0,0,0,0,0,0,0,0,0,0,0,0,0,0,0,94,99,99,240,253,253,253,149,54,0,0,0,0,0,0,0,0,0,0,0,0,0,0,0,0,0,0,0,0,0,0,0,0,0,0,0,0,0,0,0,0,0,0,0,0,0,0,0,0,0,0,0,0,0,0,0,0,0,0,0,0,0,0,0,0,0,0,0,0,0,0,0,0,0,0,0,0,0,0,0,0,0,0,0,0,0,0,0,0,0,0,0,0,0,0,0,0,0,0,0,0
1,0,0,0,0,0,0,0,0,0,0,0,0,0,0,0,0,0,0,0,0,0,0,0,0,0,0,0,0,0,0,0,0,0,0,0,0,0,0,0,0,0,0,0,0,0,0,0,0,0,0,0,0,0,0,0,0,0,0,0,0,0,0,0,0,0,0,0,0,0,0,0,0,0,0,0,0,0,0,0,0,0,0,0,0,0,0,0,0,0,0,0,0,0,0,0,0,0,0,0,0,0,0,0,0,0,0,0,0,0,0,0,0,0,0,0,0,0,0,0,0,0,0,0,0,0,0,145,227,6,0,0,0,0,0,0,0,0,0,0,0,0,0,0,0,0,0,0,0,0,0,0,0,0,6,223,254,63,0,0,0,0,0,0,0,0,0,0,0,0,0,0,0,0,0,0,0,0,0,0,0,0,9,253,254,96,0,0,0,0,0,0,0,0,0,0,0,0,0,0,0,0,0,0,0,0,0,0,0,0,9,253,254,96,0,0,0,0,0,0,0,0,0,0,0,0,0,0,0,0,0,0,0,0,0,0,0,0,9,253,254,51,0,0,0,0,0,0,0,0,0,0,0,0,0,0,0,0,0,0,0,0,0,0,0,0,9,253,254,8,0,0,0,0,0,0,0,0,0,0,0,0,0,0,0,0,0,0,0,0,0,0,0,0,18,253,254,8,0,0,0,0,0,0,0,0,0,0,0,0,0,0,0,0,0,0,0,0,0,0,0,0,163,253,254,8,0,0,0,0,0,0,0,0,0,0,0,0,0,0,0,0,0,0,0,0,0,0,0,10,210,253,254,8,0,0,0,0,0,0,0,0,0,0,0,0,0,0,0,0,0,0,0,0,0,0,0,165,253,222,254,69,0,0,0,0,0,0,0,0,0,0,0,0,0,0,0,0,0,0,0,0,0,0,18,233,160,119,255,96,0,0,0,0,0,0,0,0,0,0,0,0,0,0,0,0,0,0,0,0,0,0,10,90,3,3,254,96,0,0,0,0,0,0,0,0,0,0,0,0,0,0,0,0,0,0,0,0,0,0,0,0,0,0,232,147,0,0,0,0,0,0,0,0,0,0,0,0,0,0,0,0,0,0,0,0,0,0,0,0,0,0,166,183,0,0,0,0,0,0,0,0,0,0,0,0,0,0,0,0,0,0,0,0,0,0,0,0,0,0,166,195,3,0,0,0,0,0,0,0,0,0,0,0,0,0,0,0,0,0,0,0,0,0,0,0,0,0,166,228,11,0,0,0,0,0,0,0,0,0,0,0,0,0,0,0,0,0,0,0,0,0,0,2,30,84,205,253,204,81,0,0,0,0,0,0,0,0,0,0,0,0,0,0,0,0,0,0,0,0,2,155,253,253,254,242,132,7,0,0,0,0,0,0,0,0,0,0,0,0,0,0,0,0,0,0,0,0,124,253,253,247,187,29,0,0,0,0,0,0,0,0,0,0,0,0,0,0,0,0,0,0,0,0,0,0,111,186,102,25,0,0,0,0,0,0,0,0,0,0,0,0,0,0,0,0,0,0,0,0,0,0,0,0,0,0,0,0,0,0,0,0,0,0,0,0,0,0,0,0,0,0,0,0,0,0,0,0,0,0,0,0,0,0,0,0,0,0,0,0,0,0,0,0,0,0,0,0,0,0,0,0,0,0,0,0,0,0,0,0,0,0,0,0,0,0,0,0,0,0,0,0,0,0,0,0,0,0,0,0,0,0,0,0,0,0,0,0,0,0,0,0,0,0,0,0,0,0,0,0,0,0,0,0,0
4,0,0,0,0,0,0,0,0,0,0,0,0,0,0,0,0,0,0,0,0,0,0,0,0,0,0,0,0,0,0,0,0,0,0,0,0,0,0,0,0,0,0,0,0,0,0,0,0,0,0,0,0,0,0,0,0,0,0,0,0,0,0,0,0,0,0,0,0,0,0,0,0,0,0,0,0,0,0,0,0,0,0,0,0,0,0,0,0,0,0,0,0,0,0,0,0,0,0,0,0,0,0,0,0,0,0,0,0,0,0,0,0,0,0,0,0,0,0,0,0,0,0,0,0,0,0,0,0,0,0,0,0,0,0,0,0,0,0,0,0,0,0,0,0,21,92,10,0,0,0,0,0,0,0,0,0,0,31,193,123,0,0,0,0,0,0,0,0,0,0,0,0,20,253,172,0,0,0,0,0,0,0,0,0,0,132,252,203,0,0,0,0,0,0,0,0,0,0,0,0,0,254,253,0,0,0,0,0,0,0,0,0,0,92,253,203,0,0,0,0,0,0,0,0,0,0,0,0,0,253,252,41,0,0,0,0,0,0,0,0,0,51,252,203,0,0,0,0,0,0,0,0,0,0,0,0,0,254,253,102,0,0,0,0,0,0,0,0,0,152,253,234,30,0,0,0,0,0,0,0,0,0,0,0,0,253,252,102,0,0,0,0,0,0,0,0,0,152,252,253,91,0,0,0,0,0,0,0,0,0,0,0,0,254,253,214,10,0,0,0,0,0,0,0,0,152,253,254,131,0,0,0,0,0,0,0,0,0,0,0,0,213,252,253,131,0,0,0,0,0,0,21,102,193,252,253,50,0,0,0,0,0,0,0,0,0,0,0,0,82,243,254,253,234,152,152,152,214,253,254,253,254,253,254,112,0,0,0,0,0,0,0,0,0,0,0,0,0,81,253,252,253,252,253,252,253,252,253,212,213,252,253,151,0,0,0,0,0,0,0,0,0,0,0,0,0,0,62,183,234,253,224,203,183,102,82,0,51,253,254,151,0,0,0,0,0,0,0,0,0,0,0,0,0,0,0,0,30,50,20,0,0,0,0,0,51,252,253,151,0,0,0,0,0,0,0,0,0,0,0,0,0,0,0,0,0,0,0,0,0,0,0,0,51,253,254,151,0,0,0,0,0,0,0,0,0,0,0,0,0,0,0,0,0,0,0,0,0,0,0,0,51,252,253,151,0,0,0,0,0,0,0,0,0,0,0,0,0,0,0,0,0,0,0,0,0,0,0,0,51,253,254,151,0,0,0,0,0,0,0,0,0,0,0,0,0,0,0,0,0,0,0,0,0,0,0,0,31,232,253,192,0,0,0,0,0,0,0,0,0,0,0,0,0,0,0,0,0,0,0,0,0,0,0,0,0,142,255,253,0,0,0,0,0,0,0,0,0,0,0,0,0,0,0,0,0,0,0,0,0,0,0,0,0,102,253,252,41,0,0,0,0,0,0,0,0,0,0,0,0,0,0,0,0,0,0,0,0,0,0,0,0,203,255,253,0,0,0,0,0,0,0,0,0,0,0,0,0,0,0,0,0,0,0,0,0,0,0,0,0,81,213,171,0,0,0,0,0,0,0,0,0,0,0,0,0,0,0,0,0,0,0,0,0,0,0,0,0,0,0,0,0,0,0,0,0,0,0,0,0,0,0,0,0,0,0,0,0,0,0,0,0,0,0,0,0,0,0,0,0,0,0,0,0,0,0,0,0,0,0,0,0,0,0,0,0,0,0,0,0,0,0,0,0,0,0,0,0,0,0,0,0,0,0
4,0,0,0,0,0,0,0,0,0,0,0,0,0,0,0,0,0,0,0,0,0,0,0,0,0,0,0,0,0,0,0,0,0,0,0,0,0,0,0,0,0,0,0,0,0,0,0,0,0,0,0,0,0,0,0,0,0,0,0,0,0,0,0,0,0,0,0,0,0,0,0,0,0,0,0,0,0,0,0,0,0,0,0,0,0,0,0,0,0,0,0,0,0,0,0,0,0,0,0,0,0,0,0,0,0,0,0,0,0,0,0,0,0,0,0,0,0,0,0,0,0,0,0,0,0,0,0,0,0,0,0,0,0,0,0,0,0,0,0,0,0,0,0,0,0,0,0,0,0,0,0,0,0,0,0,0,0,0,0,0,0,0,0,0,0,0,0,0,0,0,0,0,0,0,0,3,106,232,151,0,0,0,0,0,3,42,99,3,0,0,0,0,0,0,0,0,0,0,0,0,0,0,0,130,253,135,15,0,0,0,0,0,119,253,253,48,0,0,0,0,0,0,0,0,0,0,0,0,0,0,0,182,253,48,0,0,0,0,0,0,169,253,191,18,0,0,0,0,0,0,0,0,0,0,0,0,0,0,33,230,253,48,0,0,0,0,0,0,169,253,60,0,0,0,0,0,0,0,0,0,0,0,0,0,0,0,14,116,253,134,0,0,0,0,0,27,230,253,60,0,0,0,0,0,0,0,0,0,0,0,0,0,0,0,0,61,253,233,62,0,0,4,85,202,253,236,43,0,0,0,0,0,0,0,0,0,0,0,0,0,0,0,0,12,164,253,235,206,148,209,253,253,253,193,0,0,0,0,0,0,0,0,0,0,0,0,0,0,0,0,0,0,11,212,253,253,253,254,198,217,253,193,0,0,0,0,0,0,0,0,0,0,0,0,0,0,0,0,0,0,0,19,24,133,29,24,21,199,253,193,0,0,0,0,0,0,0,0,0,0,0,0,0,0,0,0,0,0,0,0,0,0,0,0,25,253,253,193,0,0,0,0,0,0,0,0,0,0,0,0,0,0,0,0,0,0,0,0,0,0,0,0,12,204,255,193,0,0,0,0,0,0,0,0,0,0,0,0,0,0,0,0,0,0,0,0,0,0,0,0,14,212,253,193,0,0,0,0,0,0,0,0,0,0,0,0,0,0,0,0,0,0,0,0,0,0,0,0,25,253,253,193,0,0,0,0,0,0,0,0,0,0,0,0,0,0,0,0,0,0,0,0,0,0,0,0,25,253,253,112,0,0,0,0,0,0,0,0,0,0,0,0,0,0,0,0,0,0,0,0,0,0,0,0,25,253,253,72,0,0,0,0,0,0,0,0,0,0,0,0,0,0,0,0,0,0,0,0,0,0,0,0,25,253,253,72,0,0,0,0,0,0,0,0,0,0,0,0,0,0,0,0,0,0,0,0,0,0,0,0,25,253,253,72,0,0,0,0,0,0,0,0,0,0,0,0,0,0,0,0,0,0,0,0,0,0,0,0,25,253,253,72,0,0,0,0,0,0,0,0,0,0,0,0,0,0,0,0,0,0,0,0,0,0,0,0,25,253,253,182,0,0,0,0,0,0,0,0,0,0,0,0,0,0,0,0,0,0,0,0,0,0,0,0,13,132,190,43,0,0,0,0,0,0,0,0,0,0,0,0,0,0,0,0,0,0,0,0,0,0,0,0,0,0,0,0,0,0,0,0,0,0,0,0,0,0,0,0,0,0,0,0,0,0,0,0,0,0,0,0,0,0,0,0,0,0,0,0,0,0,0,0,0,0
6,0,0,0,0,0,0,0,0,0,0,0,0,0,0,0,0,0,0,0,0,0,0,0,0,0,0,0,0,0,0,0,0,0,0,0,0,0,0,0,0,0,0,0,0,0,0,0,0,0,0,0,0,0,0,0,0,0,0,0,0,0,0,0,0,0,0,0,0,0,0,0,0,0,0,0,0,0,0,0,0,0,0,0,0,0,0,0,0,0,0,0,0,0,0,0,9,80,207,255,87,0,0,0,0,0,0,0,0,0,0,0,0,0,0,0,0,0,0,0,0,0,0,0,136,253,253,253,87,0,0,0,0,0,0,0,0,0,0,0,0,0,0,0,0,0,0,0,0,0,11,62,214,253,253,253,87,0,0,0,0,0,0,0,0,0,0,0,0,0,0,0,0,0,0,0,0,0,141,253,253,253,253,253,87,0,0,0,0,0,0,0,0,0,0,0,0,0,0,0,0,0,0,0,0,25,225,253,253,253,221,148,12,0,0,0,0,0,0,0,0,0,0,0,0,0,0,0,0,0,0,0,30,195,253,253,253,201,36,0,0,0,0,0,0,0,0,0,0,0,0,0,0,0,0,0,0,0,0,0,80,253,253,253,213,30,0,0,0,0,0,0,0,0,0,0,0,0,0,0,0,0,0,0,0,0,0,0,237,253,253,253,52,0,77,106,106,77,0,0,0,0,0,0,0,0,0,0,0,0,0,0,0,0,0,0,237,253,253,163,40,184,234,253,253,234,184,26,5,0,0,0,0,0,0,0,0,0,0,0,0,0,0,0,237,253,253,130,202,253,253,253,253,253,253,253,167,15,0,0,0,0,0,0,0,0,0,0,0,0,0,0,237,253,253,130,202,253,253,253,253,253,253,253,253,158,0,0,0,0,0,0,0,0,0,0,0,0,0,0,237,253,253,164,160,212,253,253,253,253,253,253,253,252,135,0,0,0,0,0,0,0,0,0,0,0,0,0,237,253,253,253,52,44,212,253,253,253,253,253,253,253,138,0,0,0,0,0,0,0,0,0,0,0,0,0,237,253,253,253,233,155,71,60,25,25,159,253,253,253,138,0,0,0,0,0,0,0,0,0,0,0,0,0,145,253,253,253,253,253,253,211,131,96,149,253,253,253,198,32,0,0,0,0,0,0,0,0,0,0,0,0,11,139,248,253,253,253,253,253,253,241,235,253,253,253,253,60,0,0,0,0,0,0,0,0,0,0,0,0,0,0,140,253,253,253,253,253,253,253,253,253,253,253,253,60,0,0,0,0,0,0,0,0,0,0,0,0,0,0,11,60,200,242,253,253,253,253,253,253,253,253,165,15,0,0,0,0,0,0,0,0,0,0,0,0,0,0,0,0,0,66,156,156,220,186,253,253,253,239,86,0,0,0,0,0,0,0,0,0,0,0,0,0,0,0,0,0,0,0,0,0,52,24,181,95,78,67,0,0,0,0,0,0,0,0,0,0,0,0,0,0,0,0,0,0,0,0,0,0,0,0,0,0,0,0,0,0,0,0,0,0,0,0,0,0,0,0,0,0,0,0,0,0,0,0,0,0,0,0,0,0,0,0,0,0,0,0,0,0,0,0,0,0,0,0,0,0,0,0,0,0,0,0,0,0,0,0,0,0,0,0,0,0,0,0,0,0,0,0,0,0,0,0,0,0,0,0,0,0,0,0,0,0,0,0,0,0,0,0,0,0,0,0,0,0,0,0,0,0,0,0,0,0,0,0,0,0,0,0,0,0,0,0,0,0,0,0,0,0,0,0,0,0,0
0,0,0,0,0,0,0,0,0,0,0,0,0,0,0,0,0,0,0,0,0,0,0,0,0,0,0,0,0,0,0,0,0,0,0,0,0,0,0,0,0,0,0,0,0,0,0,0,0,0,0,0,0,0,0,0,0,0,0,0,0,0,0,0,0,0,0,0,0,0,0,0,0,0,0,0,0,0,0,0,0,0,0,0,0,0,0,0,0,0,0,0,0,0,0,0,0,0,0,0,0,0,0,0,0,0,0,0,0,0,0,0,0,0,0,0,0,0,0,0,0,0,0,0,0,0,0,0,0,0,0,0,0,0,0,0,0,0,0,0,0,0,0,0,0,0,0,0,0,69,246,255,163,150,150,129,47,1,0,0,0,0,0,0,0,0,0,0,0,0,0,0,0,0,0,0,67,239,253,253,253,253,253,253,253,198,197,62,65,0,0,0,0,0,0,0,0,0,0,0,0,0,0,29,115,253,253,170,114,114,114,134,217,238,253,250,251,150,46,0,0,0,0,0,0,0,0,0,0,0,35,239,253,253,253,234,138,29,0,0,0,39,145,215,253,253,208,61,0,0,0,0,0,0,0,0,0,0,47,253,253,243,232,253,253,183,0,0,0,0,0,24,124,230,253,193,10,0,0,0,0,0,0,0,0,0,47,253,228,46,14,149,245,191,0,0,0,0,0,0,0,47,230,253,123,0,0,0,0,0,0,0,0,0,47,253,249,59,0,0,27,66,0,0,0,0,0,0,0,0,171,253,196,0,0,0,0,0,0,0,0,0,17,217,253,134,0,0,0,0,0,0,0,0,0,0,0,0,171,253,196,0,0,0,0,0,0,0,0,0,0,152,253,172,1,0,0,0,0,0,0,0,0,0,0,0,171,253,196,0,0,0,0,0,0,0,0,0,0,94,253,253,20,0,0,0,0,0,0,0,0,0,0,0,171,253,175,0,0,0,0,0,0,0,0,0,0,58,250,253,143,0,0,0,0,0,0,0,0,0,0,17,237,249,57,0,0,0,0,0,0,0,0,0,0,0,126,253,253,76,0,0,0,0,0,0,0,0,0,140,253,141,0,0,0,0,0,0,0,0,0,0,0,0,24,230,253,155,0,0,0,0,0,0,0,0,28,237,253,139,0,0,0,0,0,0,0,0,0,0,0,0,0,79,251,249,84,0,0,0,0,0,0,0,133,253,245,38,0,0,0,0,0,0,0,0,0,0,0,0,0,0,234,253,213,27,0,0,0,0,0,10,204,253,112,0,0,0,0,0,0,0,0,0,0,0,0,0,0,0,88,247,253,211,29,0,0,0,0,83,253,243,42,0,0,0,0,0,0,0,0,0,0,0,0,0,0,0,0,149,253,253,216,27,0,0,24,209,253,135,0,0,0,0,0,0,0,0,0,0,0,0,0,0,0,0,0,11,181,253,253,232,218,218,230,253,214,14,0,0,0,0,0,0,0,0,0,0,0,0,0,0,0,0,0,0,44,174,253,253,253,253,253,246,56,0,0,0,0,0,0,0,0,0,0,0,0,0,0,0,0,0,0,0,0,12,48,171,253,253,217,47,0,0,0,0,0,0,0,0,0,0,0,0,0,0,0,0,0,0,0,0,0,0,0,0,0,0,0,0,0,0,0,0,0,0,0,0,0,0,0,0,0,0,0,0,0,0,0,0,0,0,0,0,0,0,0,0,0,0,0,0,0,0,0,0,0,0,0,0,0,0,0,0,0,0,0,0,0,0,0,0,0,0,0,0,0,0,0,0,0,0,0,0,0
2,0,0,0,0,0,0,0,0,0,0,0,0,0,0,0,0,0,0,0,0,0,0,0,0,0,0,0,0,0,0,0,0,0,0,0,0,0,0,0,0,0,0,0,0,0,0,0,0,0,0,0,0,0,0,0,0,0,0,0,0,0,0,0,0,0,0,0,0,0,0,0,0,0,0,0,0,0,0,0,0,0,0,0,0,0,0,0,0,0,0,0,0,0,0,0,0,0,0,0,0,0,0,0,0,0,0,0,0,0,0,0,0,0,0,0,0,0,0,0,79,191,253,253,253,170,110,15,0,0,0,0,0,0,0,0,0,0,0,0,0,0,0,0,0,0,0,105,242,252,252,252,252,252,253,180,63,0,0,0,0,0,0,0,0,0,0,0,0,0,0,0,0,0,0,217,252,252,252,241,221,252,253,252,241,98,21,0,0,0,0,0,0,0,0,0,0,0,0,0,0,0,0,217,252,252,252,179,16,108,253,252,252,252,207,20,0,0,0,0,0,0,0,0,0,0,0,0,0,0,0,73,252,252,252,118,0,0,0,154,252,252,253,210,31,0,0,0,0,0,0,0,0,0,0,0,0,0,0,10,56,97,35,5,0,0,0,10,56,221,253,252,195,0,0,0,0,0,0,0,0,0,0,0,0,0,0,0,0,0,0,0,0,0,0,0,0,41,253,252,215,0,0,0,0,0,0,0,0,0,0,0,0,0,0,0,0,0,0,0,0,0,0,0,0,0,170,252,215,0,0,0,0,0,0,0,0,0,0,0,0,0,0,0,0,0,0,0,0,0,0,0,0,0,0,218,232,47,0,0,0,0,0,0,0,0,0,0,0,0,0,0,0,0,0,0,0,0,0,0,0,0,32,227,220,15,0,0,0,0,0,0,0,0,0,0,0,0,0,0,0,0,0,0,0,0,0,0,0,0,129,252,215,0,0,0,0,0,0,0,0,0,0,0,0,0,0,0,0,0,0,0,0,0,0,0,0,84,253,252,215,0,0,0,0,0,0,0,0,0,0,0,0,0,0,0,0,0,0,0,16,109,110,109,109,191,255,253,217,0,0,0,0,0,0,0,0,0,0,0,0,0,0,0,0,0,32,197,222,252,253,252,252,252,253,252,132,0,0,0,0,0,0,0,0,0,0,0,0,0,0,0,0,21,211,252,252,252,253,252,252,252,253,252,241,98,21,0,0,0,0,0,0,0,0,0,0,0,0,0,21,206,252,252,148,190,253,252,252,252,253,252,252,252,207,20,0,0,0,0,0,0,0,0,0,0,0,0,37,253,253,211,212,253,255,253,175,62,145,176,253,253,255,211,31,0,0,0,0,0,0,0,0,0,0,0,26,221,252,252,252,252,222,138,10,0,0,10,56,221,253,252,71,0,0,0,0,0,0,0,0,0,0,0,0,41,133,215,215,132,41,0,0,0,0,0,0,125,253,252,71,0,0,0,0,0,0,0,0,0,0,0,0,0,0,0,0,0,0,0,0,0,0,0,0,0,170,210,31,0,0,0,0,0,0,0,0,0,0,0,0,0,0,0,0,0,0,0,0,0,0,0,0,0,0,0,0,0,0,0,0,0,0,0,0,0,0,0,0,0,0,0,0,0,0,0,0,0,0,0,0,0,0,0,0,0,0,0,0,0,0,0,0,0,0,0,0,0,0,0,0,0,0,0,0,0,0,0,0,0,0,0,0,0,0,0,0,0,0,0,0,0,0,0,0,0,0,0,0,0,0,0,0,0,0,0,0,0,0,0,0,0,0,0,0
9,0,0,0,0,0,0,0,0,0,0,0,0,0,0,0,0,0,0,0,0,0,0,0,0,0,0,0,0,0,0,0,0,0,0,0,0,0,0,0,0,0,0,0,0,0,0,0,0,0,0,0,0,0,0,0,0,0,0,0,0,0,0,0,0,0,0,0,0,0,0,0,0,0,0,0,0,0,0,0,0,0,0,0,0,0,0,0,0,0,0,0,0,0,0,0,0,0,0,0,0,0,0,0,0,0,0,0,0,0,0,0,0,0,0,0,0,0,0,0,0,0,0,0,0,0,0,0,0,0,0,0,0,0,0,0,0,0,0,0,0,0,0,0,0,0,0,0,0,0,0,0,0,0,0,0,0,0,0,0,0,0,0,0,0,0,0,0,0,0,0,0,0,0,0,0,0,0,0,0,0,0,0,0,0,0,0,0,0,0,0,0,0,0,0,0,0,0,0,0,0,0,0,0,0,0,0,0,0,0,0,0,0,0,0,0,0,0,0,0,0,0,0,0,0,0,0,0,0,0,0,0,0,0,0,0,26,41,141,141,241,255,253,253,253,76,0,0,0,0,0,0,0,0,0,0,0,0,0,0,0,32,57,144,243,253,252,252,252,253,252,252,252,225,0,0,0,0,0,0,0,0,0,0,0,0,0,0,38,178,252,252,252,253,252,252,252,253,252,252,252,137,0,0,0,0,0,0,0,0,0,0,0,0,0,0,213,253,252,252,252,253,227,139,139,140,139,228,252,213,0,0,0,0,0,0,0,0,0,0,0,0,0,48,241,255,234,137,13,0,0,0,0,4,79,253,253,226,0,0,0,0,0,0,0,0,0,0,0,0,0,28,234,253,84,0,0,0,0,0,51,128,252,252,252,150,0,0,0,0,0,0,0,0,0,0,0,0,0,0,225,253,190,85,85,85,85,134,234,253,252,252,252,113,0,0,0,0,0,0,0,0,0,0,0,0,0,0,175,253,252,252,252,253,252,252,252,253,252,252,252,13,0,0,0,0,0,0,0,0,0,0,0,0,0,0,51,176,200,223,253,251,225,187,113,29,253,253,140,0,0,0,0,0,0,0,0,0,0,0,0,0,0,0,0,0,0,66,84,125,0,0,0,104,252,252,65,0,0,0,0,0,0,0,0,0,0,0,0,0,0,0,0,0,0,0,0,0,0,0,0,141,252,252,28,0,0,0,0,0,0,0,0,0,0,0,0,0,0,0,0,0,0,0,0,0,0,0,0,241,252,214,15,0,0,0,0,0,0,0,0,0,0,0,0,0,0,0,0,0,0,0,0,0,0,0,63,254,253,106,0,0,0,0,0,0,0,0,0,0,0,0,0,0,0,0,0,0,0,0,0,0,0,0,188,253,252,56,0,0,0,0,0,0,0,0,0,0,0,0,0,0,0,0,0,0,0,0,0,0,0,0,225,253,208,13,0,0,0,0,0,0,0,0,0,0,0,0,0,0,0,0,0,0,0,0,0,0,0,0,225,253,196,0,0,0,0,0,0,0,0,0,0,0,0,0,0,0,0,0,0,0,0,0,0,0,0,0,226,254,134,0,0,0,0,0,0,0,0,0,0,0,0,0,0,0,0,0,0,0,0,0,0,0,0,0,225,253,84,0,0,0,0,0,0,0,0,0,0,0,0,0,0,0,0,0,0,0,0,0,0,0,0,0,225,244,56,0,0,0,0,0,0,0,0,0,0,0,0,0,0,0,0,0,0,0,0,0,0,0,0,0,125,175,0,0,0,0,0,0,0,0,0,0,0
1,0,0,0,0,0,0,0,0,0,0,0,0,0,0,0,0,0,0,0,0,0,0,0,0,0,0,0,0,0,0,0,0,0,0,0,0,0,0,0,0,0,0,0,0,0,0,0,0,0,0,0,0,0,0,0,0,0,0,0,0,0,0,0,0,0,0,0,0,0,0,0,0,0,0,0,0,0,0,0,0,0,0,0,0,0,0,0,0,0,0,0,0,0,0,0,0,0,0,0,0,0,0,0,0,0,0,0,0,0,0,0,0,0,0,0,0,0,0,0,0,0,0,0,0,0,0,0,0,0,129,14,0,0,0,0,0,0,0,0,0,0,0,0,0,0,0,0,0,0,0,0,0,0,0,0,0,70,251,73,0,0,0,0,0,0,0,0,0,0,0,0,0,0,0,0,0,0,0,0,0,0,0,0,0,89,254,73,0,0,0,0,0,0,0,0,0,0,0,0,0,0,0,0,0,0,0,0,0,0,0,0,0,165,231,19,0,0,0,0,0,0,0,0,0,0,0,0,0,0,0,0,0,0,0,0,0,0,0,0,22,224,223,0,0,0,0,0,0,0,0,0,0,0,0,0,0,0,0,0,0,0,0,0,0,0,0,0,115,255,223,0,0,0,0,0,0,0,0,0,0,0,0,0,0,0,0,0,0,0,0,0,0,0,0,0,146,254,174,0,0,0,0,0,0,0,0,0,0,0,0,0,0,0,0,0,0,0,0,0,0,0,0,0,214,254,51,0,0,0,0,0,0,0,0,0,0,0,0,0,0,0,0,0,0,0,0,0,0,0,0,86,254,180,3,0,0,0,0,0,0,0,0,0,0,0,0,0,0,0,0,0,0,0,0,0,0,0,0,203,254,144,0,0,0,0,0,0,0,0,0,0,0,0,0,0,0,0,0,0,0,0,0,0,0,0,42,244,238,38,0,0,0,0,0,0,0,0,0,0,0,0,0,0,0,0,0,0,0,0,0,0,0,1,171,254,111,0,0,0,0,0,0,0,0,0,0,0,0,0,0,0,0,0,0,0,0,0,0,0,0,6,254,254,109,0,0,0,0,0,0,0,0,0,0,0,0,0,0,0,0,0,0,0,0,0,0,0,0,74,254,242,10,0,0,0,0,0,0,0,0,0,0,0,0,0,0,0,0,0,0,0,0,0,0,0,45,243,254,81,0,0,0,0,0,0,0,0,0,0,0,0,0,0,0,0,0,0,0,0,0,0,0,0,115,254,220,27,0,0,0,0,0,0,0,0,0,0,0,0,0,0,0,0,0,0,0,0,0,0,0,39,226,253,73,0,0,0,0,0,0,0,0,0,0,0,0,0,0,0,0,0,0,0,0,0,0,0,0,125,254,245,0,0,0,0,0,0,0,0,0,0,0,0,0,0,0,0,0,0,0,0,0,0,0,0,47,243,240,70,0,0,0,0,0,0,0,0,0,0,0,0,0,0,0,0,0,0,0,0,0,0,0,0,14,230,149,0,0,0,0,0,0,0,0,0,0,0,0,0,0,0,0,0,0,0,0,0,0,0,0,0,0,0,0,0,0,0,0,0,0,0,0,0,0,0,0,0,0,0,0,0,0,0,0,0,0,0,0,0,0,0,0,0,0,0,0,0,0,0,0,0,0,0,0,0,0,0,0,0,0,0,0,0,0,0,0,0,0,0,0,0,0,0,0,0,0,0,0,0,0,0,0,0,0,0,0,0,0,0,0,0,0,0,0,0,0,0,0,0,0,0,0,0,0,0,0,0,0,0,0,0,0,0,0
4,0,0,0,0,0,0,0,0,0,0,0,0,0,0,0,0,0,0,0,0,0,0,0,0,0,0,0,0,0,0,0,0,0,0,0,0,0,0,0,0,0,0,0,0,0,0,0,0,0,0,0,0,0,0,0,0,0,0,0,0,0,0,0,0,0,0,0,0,0,0,0,0,0,0,0,0,0,0,0,0,0,0,0,0,0,0,0,0,0,0,0,0,0,0,0,0,0,0,0,0,0,0,0,0,0,0,0,0,0,0,0,0,0,0,0,0,0,0,0,0,0,0,0,0,0,0,0,0,0,0,0,0,0,0,0,0,0,0,0,0,0,0,0,0,0,0,0,0,0,0,0,0,0,0,0,0,0,0,0,82,254,137,0,0,0,0,0,0,0,0,0,0,0,0,0,0,0,0,0,0,0,0,0,0,0,0,0,201,251,124,0,0,0,0,0,0,0,0,0,0,0,0,0,0,0,0,0,0,0,0,0,0,0,0,68,254,233,0,0,0,0,0,0,0,0,0,0,0,0,0,0,0,0,0,0,0,0,0,0,0,0,0,98,254,218,0,0,0,0,0,0,0,0,0,0,0,0,0,0,0,0,0,0,0,0,0,0,0,0,0,135,254,135,0,0,0,0,0,0,0,0,0,0,0,0,0,0,0,0,37,239,101,0,0,0,0,0,62,254,255,39,0,0,0,0,0,0,0,0,0,0,0,0,0,0,0,0,67,253,174,0,0,0,0,7,183,253,151,6,0,0,0,0,0,0,0,0,0,0,0,0,0,0,0,31,186,247,121,0,0,0,0,79,253,253,0,0,0,0,0,0,0,0,0,0,0,0,0,0,0,0,37,181,254,218,0,0,0,0,4,180,253,147,0,0,0,0,0,0,0,0,0,0,0,0,0,0,0,0,174,253,254,150,195,195,195,196,199,253,253,58,0,0,0,0,0,0,0,0,0,0,0,0,0,0,0,71,246,254,255,254,254,254,231,209,254,254,192,0,0,0,0,0,0,0,0,0,0,0,0,0,0,0,0,175,253,253,241,150,68,39,24,59,253,247,32,0,0,0,0,0,0,0,0,0,0,0,0,0,0,0,0,54,167,137,30,0,0,0,0,89,253,174,0,0,0,0,0,0,0,0,0,0,0,0,0,0,0,0,0,0,0,0,0,0,0,0,0,156,253,123,0,0,0,0,0,0,0,0,0,0,0,0,0,0,0,0,0,0,0,0,0,0,0,0,0,231,245,48,0,0,0,0,0,0,0,0,0,0,0,0,0,0,0,0,0,0,0,0,0,0,0,0,99,255,174,0,0,0,0,0,0,0,0,0,0,0,0,0,0,0,0,0,0,0,0,0,0,0,0,0,180,254,135,0,0,0,0,0,0,0,0,0,0,0,0,0,0,0,0,0,0,0,0,0,0,0,0,13,213,254,68,0,0,0,0,0,0,0,0,0,0,0,0,0,0,0,0,0,0,0,0,0,0,0,0,182,253,146,3,0,0,0,0,0,0,0,0,0,0,0,0,0,0,0,0,0,0,0,0,0,0,0,0,159,215,23,0,0,0,0,0,0,0,0,0,0,0,0,0,0,0,0,0,0,0,0,0,0,0,0,0,0,0,0,0,0,0,0,0,0,0,0,0,0,0,0,0,0,0,0,0,0,0,0,0,0,0,0,0,0,0,0,0,0,0,0,0,0,0,0,0,0,0,0,0,0,0,0,0,0,0,0,0,0,0,0,0,0,0,0,0,0,0,0,0,0,0,0,0,0,0,0,0
7,0,0,0,0,0,0,0,0,0,0,0,0,0,0,0,0,0,0,0,0,0,0,0,0,0,0,0,0,0,0,0,0,0,0,0,0,0,0,0,0,0,0,0,0,0,0,0,0,0,0,0,0,0,0,0,0,0,0,0,0,0,0,0,0,0,0,0,0,0,0,0,0,0,0,0,0,0,0,0,0,0,0,0,0,0,0,0,0,0,0,0,0,0,0,0,0,0,0,0,0,0,0,0,0,0,0,0,0,0,0,0,0,0,0,0,0,0,0,0,0,0,0,0,0,0,0,0,0,0,0,0,0,0,0,0,0,0,0,0,0,0,0,0,0,0,0,0,0,0,0,0,0,0,0,0,0,0,0,0,0,0,0,0,0,0,0,0,0,0,0,0,0,0,0,0,0,0,0,0,0,0,0,0,0,0,0,0,0,0,0,0,0,0,0,0,0,0,0,0,0,0,0,0,0,0,0,0,0,0,0,0,0,0,0,0,0,0,0,0,0,0,0,0,0,0,0,0,0,0,0,0,0,0,0,0,0,0,0,0,0,0,0,0,0,0,0,0,0,0,0,0,0,0,0,10,38,38,38,91,132,132,77,38,108,132,132,94,38,3,0,13,2,0,0,0,0,0,0,0,0,0,0,178,254,254,254,254,254,254,254,254,254,254,254,254,254,202,156,189,155,0,0,0,0,0,0,0,0,0,0,163,254,223,116,85,127,178,178,143,143,85,85,85,85,136,212,254,197,0,0,0,0,0,0,0,0,0,0,5,68,32,0,0,0,0,0,0,0,0,0,0,0,0,114,254,144,0,0,0,0,0,0,0,0,0,0,0,0,0,0,0,0,0,0,0,0,0,0,0,0,0,114,254,103,0,0,0,0,0,0,0,0,0,0,0,0,0,0,0,0,0,0,0,0,0,0,0,0,0,148,254,37,0,0,0,0,0,0,0,0,0,0,0,0,0,0,0,0,0,0,0,0,0,0,0,0,0,114,254,65,0,0,0,0,0,0,0,0,0,0,0,0,0,0,0,0,0,0,0,0,0,0,0,0,0,114,254,103,0,0,0,0,0,0,0,0,0,0,0,0,0,0,0,0,0,0,0,0,0,0,0,0,0,44,254,194,14,0,0,0,0,0,0,0,0,0,0,0,0,0,0,0,0,0,0,0,0,0,0,0,0,19,255,254,37,0,0,0,0,0,0,0,0,0,0,0,0,0,0,0,0,0,0,0,0,0,0,0,0,10,215,254,37,0,0,0,0,0,0,0,0,0,0,0,0,0,0,0,0,0,0,0,0,0,0,0,0,0,140,254,76,0,0,0,0,0,0,0,0,0,0,0,0,0,0,0,0,0,0,0,0,0,0,0,0,0,29,248,159,0,0,0,0,0,0,0,0,0,0,0,0,0,0,0,0,0,0,0,0,0,0,0,0,0,0,245,230,13,0,0,0,0,0,0,0,0,0,0,0,0,0,0,0,0,0,0,0,0,0,0,0,0,0,161,254,66,0,0,0,0,0,0,0,0,0,0,0,0,0,0,0,0,0,0,0,0,0,0,0,0,0,38,241,131,0,0,0,0,0,0,0,0,0,0,0,0,0,0,0,0,0,0,0,0,0,0,0,0,0,0,217,194,0,0,0,0,0,0,0,0,0,0,0,0,0,0,0,0,0,0,0,0,0,0,0,0,0,0,113,83,0,0,0,0,0,0,0,0,0,0,0,0,0,0,0,0,0,0,0,0,0,0,0,0,0,0,0,0,0,0,0,0,0,0
4,0,0,0,0,0,0,0,0,0,0,0,0,0,0,0,0,0,0,0,0,0,0,0,0,0,0,0,0,0,0,0,0,0,0,0,0,0,0,0,0,0,0,0,0,0,0,0,0,0,0,0,0,0,0,0,0,0,0,0,0,0,0,0,0,0,0,0,0,0,0,0,0,0,0,0,0,0,0,0,0,0,0,0,0,0,0,0,0,0,0,0,0,0,0,0,0,0,0,0,0,0,0,0,0,0,0,0,0,0,0,0,0,0,0,0,0,0,0,0,0,0,0,0,0,0,0,0,0,0,0,0,0,0,0,0,0,0,0,0,0,0,0,0,0,0,0,0,0,0,0,0,0,0,0,0,0,0,0,0,0,0,0,0,0,0,0,0,0,0,0,0,0,0,0,0,0,0,0,0,0,0,0,0,0,0,0,0,0,19,193,186,0,0,0,0,0,0,0,0,0,0,0,0,0,0,13,77,15,0,0,0,0,0,0,0,0,146,254,216,0,0,0,0,0,0,0,0,0,0,0,0,0,0,127,254,184,0,0,0,0,0,0,0,13,233,254,108,0,0,0,0,0,0,0,0,0,0,0,0,0,0,165,254,188,0,0,0,0,0,0,0,128,254,246,3,0,0,0,0,0,0,0,0,0,0,0,0,0,43,247,254,82,0,0,0,0,0,0,0,211,254,142,0,0,0,0,0,0,0,0,0,0,0,0,0,0,132,254,250,46,0,0,0,0,0,0,46,252,254,36,0,0,0,0,0,0,0,0,0,0,0,0,0,14,235,254,137,0,0,0,0,0,0,0,155,254,224,17,0,0,0,0,0,0,0,0,0,0,0,0,0,99,254,254,77,0,0,0,46,62,62,97,239,254,92,0,0,0,0,0,0,0,0,0,0,0,0,0,19,213,254,237,97,164,228,240,251,254,254,254,254,239,21,0,0,0,0,0,0,0,0,0,0,0,0,0,54,254,254,254,254,254,254,218,216,174,181,254,254,103,0,0,0,0,0,0,0,0,0,0,0,0,0,0,40,229,254,201,120,114,50,3,0,0,112,254,254,41,0,0,0,0,0,0,0,0,0,0,0,0,0,0,0,7,11,2,0,0,0,0,0,0,195,254,138,1,0,0,0,0,0,0,0,0,0,0,0,0,0,0,0,0,0,0,0,0,0,0,0,50,252,254,98,0,0,0,0,0,0,0,0,0,0,0,0,0,0,0,0,0,0,0,0,0,0,0,0,109,254,243,25,0,0,0,0,0,0,0,0,0,0,0,0,0,0,0,0,0,0,0,0,0,0,0,15,229,254,138,0,0,0,0,0,0,0,0,0,0,0,0,0,0,0,0,0,0,0,0,0,0,0,0,75,254,252,67,0,0,0,0,0,0,0,0,0,0,0,0,0,0,0,0,0,0,0,0,0,0,0,4,200,254,172,0,0,0,0,0,0,0,0,0,0,0,0,0,0,0,0,0,0,0,0,0,0,0,0,19,254,254,59,0,0,0,0,0,0,0,0,0,0,0,0,0,0,0,0,0,0,0,0,0,0,0,0,148,255,203,3,0,0,0,0,0,0,0,0,0,0,0,0,0,0,0,0,0,0,0,0,0,0,0,0,96,254,99,0,0,0,0,0,0,0,0,0,0,0,0,0,0,0,0,0,0,0,0,0,0,0,0,0,0,0,0,0,0,0,0,0,0,0,0,0,0,0,0,0,0,0,0,0,0,0,0,0,0,0,0,0,0,0,0,0,0,0,0,0,0,0,0,0,0,0,0
7,0,0,0,0,0,0,0,0,0,0,0,0,0,0,0,0,0,0,0,0,0,0,0,0,0,0,0,0,0,0,0,0,0,0,0,0,0,0,0,0,0,0,0,0,0,0,0,0,0,0,0,0,0,0,0,0,0,0,0,0,0,0,0,0,0,0,0,0,0,0,0,0,0,0,0,0,0,0,0,0,0,0,0,0,0,0,0,0,0,0,0,0,0,0,0,0,0,0,0,0,0,0,0,0,0,0,0,0,0,0,0,0,0,0,0,0,0,0,0,0,0,0,0,0,0,0,0,0,0,0,0,0,0,0,0,0,0,0,0,0,0,0,0,0,0,0,0,0,0,0,0,0,0,0,0,0,0,0,0,0,0,0,0,0,0,0,0,0,0,0,0,0,0,1,104,182,158,168,218,147,147,61,39,111,44,5,29,0,0,0,0,0,0,0,0,0,0,0,0,0,0,163,254,254,254,254,254,254,254,254,254,254,228,192,237,31,0,0,0,0,0,0,0,0,0,0,0,0,0,223,254,254,254,254,250,249,249,249,250,251,253,254,254,228,102,0,0,0,0,0,0,0,0,0,0,0,0,90,103,103,103,103,24,0,0,0,9,35,141,254,254,254,203,0,0,0,0,0,0,0,0,0,0,0,0,0,0,0,0,0,0,0,0,0,0,0,133,254,254,254,114,0,0,0,0,0,0,0,0,0,0,0,0,0,0,0,0,0,0,0,0,0,0,29,229,254,254,254,16,0,0,0,0,0,0,0,0,0,0,0,0,0,0,0,0,0,0,0,0,0,0,128,254,254,254,235,4,0,0,0,0,0,0,0,0,0,0,0,0,0,0,0,0,0,0,0,0,0,8,198,254,254,254,68,0,0,0,0,0,0,0,0,0,0,0,0,0,0,0,0,0,0,0,0,0,0,29,254,254,254,222,22,0,0,0,0,0,0,0,0,0,0,0,0,0,0,0,0,0,0,0,0,0,0,200,254,254,249,103,0,0,0,0,0,0,0,0,0,0,0,0,0,0,0,0,0,0,0,0,0,0,34,245,254,254,227,0,0,0,0,0,0,0,0,0,0,0,0,0,0,0,0,0,0,0,0,0,0,5,153,254,254,254,70,0,0,0,0,0,0,0,0,0,0,0,0,0,0,0,0,0,0,0,0,0,0,55,254,254,254,190,4,0,0,0,0,0,0,0,0,0,0,0,0,0,0,0,0,0,0,0,0,0,0,97,254,254,254,236,8,0,0,0,0,0,0,0,0,0,0,0,0,0,0,0,0,0,0,0,0,0,16,251,254,254,254,149,1,0,0,0,0,0,0,0,0,0,0,0,0,0,0,0,0,0,0,0,0,0,45,255,254,254,214,16,0,0,0,0,0,0,0,0,0,0,0,0,0,0,0,0,0,0,0,0,0,0,216,254,254,254,105,0,0,0,0,0,0,0,0,0,0,0,0,0,0,0,0,0,0,0,0,0,0,86,254,254,254,242,39,0,0,0,0,0,0,0,0,0,0,0,0,0,0,0,0,0,0,0,0,0,0,88,254,254,254,156,0,0,0,0,0,0,0,0,0,0,0,0,0,0,0,0,0,0,0,0,0,0,0,13,98,254,215,25,0,0,0,0,0,0,0,0,0,0,0,0,0,0,0,0,0,0,0,0,0,0,0,0,0,0,0,0,0,0,0,0,0,0,0,0,0,0,0,0,0,0,0,0,0,0,0,0,0,0,0,0,0,0,0,0,0,0,0,0,0,0,0,0,0,0,0,0,0
3,0,0,0,0,0,0,0,0,0,0,0,0,0,0,0,0,0,0,0,0,0,0,0,0,0,0,0,0,0,0,0,0,0,0,0,0,0,0,0,0,0,0,0,0,0,0,0,0,0,0,0,0,0,0,0,0,0,0,0,0,0,0,0,0,0,0,0,0,0,0,0,0,0,0,0,0,0,0,0,0,0,0,0,0,0,0,0,0,0,0,0,0,0,0,0,0,0,0,0,0,0,0,0,0,0,0,0,0,0,0,0,0,0,0,0,0,0,0,0,0,0,0,0,0,0,0,0,0,0,0,0,0,0,0,0,0,0,0,0,0,0,0,0,0,0,0,0,0,0,0,0,32,118,132,254,254,254,255,254,254,159,0,0,0,0,0,0,0,0,0,0,0,0,0,0,6,97,97,97,214,253,253,253,253,253,253,253,253,252,234,0,0,0,0,0,0,0,0,0,0,0,0,0,129,253,253,253,253,239,177,177,177,177,58,59,213,253,253,0,0,0,0,0,0,0,0,0,0,0,0,0,122,253,229,198,87,50,0,0,0,0,18,178,253,253,223,0,0,0,0,0,0,0,0,0,0,0,0,0,5,82,46,0,0,0,0,0,0,33,106,253,253,239,38,0,0,0,0,0,0,0,0,0,0,0,0,0,0,0,0,0,0,3,14,18,151,248,253,253,221,94,0,0,0,0,0,0,0,0,0,0,0,0,0,0,0,0,0,0,36,154,253,253,253,253,253,150,37,0,0,0,0,0,0,0,0,0,0,0,0,0,0,0,0,0,0,0,203,253,253,253,253,253,172,2,0,0,0,0,0,0,0,0,0,0,0,0,0,0,0,0,0,0,0,0,59,164,173,253,253,253,245,119,27,0,0,0,0,0,0,0,0,0,0,0,0,0,0,0,0,0,0,0,0,0,6,47,47,243,253,253,112,0,0,0,0,0,0,0,0,0,0,0,0,0,0,0,0,0,0,0,0,0,0,0,0,65,203,253,242,96,0,0,0,0,0,0,0,0,0,0,0,0,0,0,0,0,0,0,0,0,0,0,0,0,83,253,253,232,0,0,0,0,0,0,0,0,0,0,0,0,0,0,0,0,0,0,0,0,0,0,0,0,36,219,253,232,0,0,0,0,0,0,0,0,0,0,0,0,0,0,0,0,0,0,0,0,0,0,0,0,0,63,253,232,0,0,0,0,0,0,0,0,0,0,0,0,0,0,0,0,0,0,0,0,0,0,0,0,34,215,253,232,0,0,0,0,0,0,0,0,0,146,220,179,83,83,83,83,83,9,0,0,0,0,0,0,128,253,253,187,0,0,0,0,0,0,0,0,0,221,253,253,253,253,253,253,253,205,162,89,110,63,63,119,246,253,243,72,0,0,0,0,0,0,0,0,0,35,75,190,243,253,253,253,253,253,253,253,253,253,253,253,253,243,103,0,0,0,0,0,0,0,0,0,0,0,0,0,73,96,96,166,232,232,232,236,240,232,243,245,187,72,0,0,0,0,0,0,0,0,0,0,0,0,0,0,0,0,0,0,0,0,0,23,41,0,57,69,0,0,0,0,0,0,0,0,0,0,0,0,0,0,0,0,0,0,0,0,0,0,0,0,0,0,0,0,0,0,0,0,0,0,0,0,0,0,0,0,0,0,0,0,0,0,0,0,0,0,0,0,0,0,0,0,0,0,0,0,0,0,0,0,0,0,0,0,0,0,0,0,0,0,0,0,0,0,0,0,0,0,0,0,0,0,0,0,0,0,0,0,0,0,0
9,0,0,0,0,0,0,0,0,0,0,0,0,0,0,0,0,0,0,0,0,0,0,0,0,0,0,0,0,0,0,0,0,0,0,0,0,0,0,0,0,0,0,0,0,0,0,0,0,0,0,0,0,0,0,0,0,0,0,0,0,0,0,0,0,0,0,0,0,0,0,0,0,0,0,0,0,0,0,0,0,0,0,0,0,0,0,0,0,0,0,0,0,0,0,0,0,0,0,0,0,0,0,0,0,0,0,0,0,0,0,0,0,0,0,0,0,0,0,0,0,0,0,0,0,0,0,0,0,0,0,0,0,0,0,0,0,0,0,0,0,0,0,0,0,0,0,0,0,0,0,0,0,0,0,0,0,0,0,0,0,0,0,0,0,0,0,0,0,0,0,0,0,0,0,0,0,0,0,42,150,234,254,255,202,108,0,0,0,0,0,0,0,0,0,0,0,0,0,0,0,0,0,0,0,0,81,239,253,253,214,199,229,250,122,0,0,0,0,0,0,0,0,0,0,0,0,0,0,0,0,0,3,69,254,253,208,55,11,0,21,164,250,108,0,0,0,0,0,0,0,0,0,0,0,0,0,0,0,0,25,253,254,164,8,0,0,0,0,8,126,93,0,0,0,0,0,0,0,0,0,0,0,0,0,0,0,0,141,253,228,12,0,0,0,0,0,0,0,0,0,0,0,0,0,0,0,0,0,0,0,0,0,0,0,11,215,254,92,0,0,0,0,0,0,0,6,106,137,5,0,0,0,0,0,0,0,0,0,0,0,0,0,37,253,253,7,0,0,0,0,0,0,0,71,253,254,18,0,0,0,0,0,0,0,0,0,0,0,0,0,19,226,253,14,0,0,0,0,0,0,0,109,253,243,15,0,0,0,0,0,0,0,0,0,0,0,0,0,0,193,253,134,2,0,0,0,0,0,0,116,253,181,0,0,0,0,0,0,0,0,0,0,0,0,0,0,0,44,253,254,115,0,0,0,0,0,59,238,253,181,0,0,0,0,0,0,0,0,0,0,0,0,0,0,0,0,66,255,254,254,182,163,163,163,241,254,254,182,0,0,0,0,0,0,0,0,0,0,0,0,0,0,0,0,0,18,122,198,241,253,254,241,153,170,253,197,4,0,0,0,0,0,0,0,0,0,0,0,0,0,0,0,0,0,0,0,28,36,36,28,0,109,253,254,18,0,0,0,0,0,0,0,0,0,0,0,0,0,0,0,0,0,0,0,0,0,0,0,0,103,253,254,24,0,0,0,0,0,0,0,0,0,0,0,0,0,0,0,0,0,0,0,0,0,0,0,0,19,253,254,173,0,0,0,0,0,0,0,0,0,0,0,0,0,0,0,0,0,0,0,0,0,0,0,0,0,182,255,234,23,0,0,0,0,0,0,0,0,0,0,0,0,0,0,0,0,0,0,0,0,0,0,0,0,97,254,253,36,0,0,0,0,0,0,0,0,0,0,0,0,0,0,0,0,0,0,0,0,0,0,0,0,91,254,253,36,0,0,0,0,0,0,0,0,0,0,0,0,0,0,0,0,0,0,0,0,0,0,0,0,20,254,253,36,0,0,0,0,0,0,0,0,0,0,0,0,0,0,0,0,0,0,0,0,0,0,0,0,0,189,149,11,0,0,0,0,0,0,0,0,0,0,0,0,0,0,0,0,0,0,0,0,0,0,0,0,0,0,0,0,0,0,0,0,0,0,0,0,0,0,0,0,0,0,0,0,0,0,0,0,0,0,0,0,0,0,0,0,0,0,0,0,0,0
8,0,0,0,0,0,0,0,0,0,0,0,0,0,0,0,0,0,0,0,0,0,0,0,0,0,0,0,0,0,0,0,0,0,0,0,0,0,0,0,0,0,0,0,0,0,0,0,0,0,0,0,0,0,0,0,0,0,0,0,0,0,0,0,0,0,0,0,0,0,0,0,0,0,0,0,0,0,0,0,0,0,0,0,0,0,0,0,0,0,0,0,0,0,0,0,0,0,0,0,0,0,0,0,0,0,0,0,0,0,0,0,0,0,0,0,0,0,0,0,0,0,0,0,0,0,0,60,141,195,212,179,131,6,0,0,0,0,0,0,0,0,0,0,0,0,0,0,0,0,0,0,0,10,193,247,220,195,230,254,254,210,87,0,0,0,0,0,0,0,0,0,0,0,0,0,0,0,0,0,0,89,225,60,0,0,12,71,163,246,250,0,0,0,0,0,0,0,0,0,0,0,0,0,0,0,0,0,33,238,115,0,0,0,0,0,0,42,191,0,0,0,0,0,0,0,0,0,0,0,0,0,0,0,0,0,54,245,41,0,0,0,0,60,148,223,144,0,0,0,0,0,0,0,0,0,0,0,0,0,0,0,0,0,87,235,0,0,0,0,0,133,254,227,16,0,0,0,0,0,0,0,0,0,0,0,0,0,0,0,0,0,129,247,65,0,0,0,99,247,174,53,0,0,0,0,0,0,0,0,0,0,0,0,0,0,0,0,0,0,54,254,241,19,9,151,232,153,0,0,0,0,0,0,0,0,0,0,0,0,0,0,0,0,0,0,0,0,54,254,254,193,194,254,143,0,0,0,0,0,0,0,0,0,0,0,0,0,0,0,0,0,0,0,0,0,23,212,254,254,252,112,7,0,0,0,0,0,0,0,0,0,0,0,0,0,0,0,0,0,0,0,0,0,24,213,254,254,167,0,0,0,0,0,0,0,0,0,0,0,0,0,0,0,0,0,0,0,0,0,0,0,148,249,231,254,244,25,0,0,0,0,0,0,0,0,0,0,0,0,0,0,0,0,0,0,0,0,5,145,245,86,44,247,254,82,0,0,0,0,0,0,0,0,0,0,0,0,0,0,0,0,0,0,0,0,105,254,122,0,0,197,254,153,8,0,0,0,0,0,0,0,0,0,0,0,0,0,0,0,0,0,0,17,228,230,7,0,0,49,254,254,19,0,0,0,0,0,0,0,0,0,0,0,0,0,0,0,0,0,0,160,251,70,0,0,0,49,254,255,19,0,0,0,0,0,0,0,0,0,0,0,0,0,0,0,0,0,0,251,231,2,0,0,0,49,254,194,5,0,0,0,0,0,0,0,0,0,0,0,0,0,0,0,0,0,0,251,254,189,71,63,0,136,254,152,0,0,0,0,0,0,0,0,0,0,0,0,0,0,0,0,0,0,0,109,250,254,255,252,226,247,173,9,0,0,0,0,0,0,0,0,0,0,0,0,0,0,0,0,0,0,0,0,62,158,251,247,158,128,0,0,0,0,0,0,0,0,0,0,0,0,0,0,0,0,0,0,0,0,0,0,0,0,0,0,0,0,0,0,0,0,0,0,0,0,0,0,0,0,0,0,0,0,0,0,0,0,0,0,0,0,0,0,0,0,0,0,0,0,0,0,0,0,0,0,0,0,0,0,0,0,0,0,0,0,0,0,0,0,0,0,0,0,0,0,0,0,0,0,0,0,0,0,0,0,0,0,0,0,0,0,0,0,0,0,0,0,0,0,0,0,0,0,0,0,0,0,0,0,0,0,0,0,0
8,0,0,0,0,0,0,0,0,0,0,0,0,0,0,0,0,0,0,0,0,0,0,0,0,0,0,0,0,0,0,0,0,0,0,0,0,0,0,0,0,0,0,0,0,0,0,0,0,0,0,0,0,0,0,0,0,0,0,0,0,0,0,0,0,0,0,0,0,0,0,0,0,0,0,0,0,0,0,0,0,0,0,0,0,0,0,0,0,0,0,0,0,0,0,0,0,0,0,0,0,0,0,0,0,0,0,0,0,0,0,0,0,0,0,0,0,0,0,0,0,0,0,0,0,0,44,199,255,243,34,0,0,0,0,0,0,0,0,0,0,0,0,0,0,0,0,0,0,0,0,0,0,90,241,254,227,254,136,0,0,0,0,0,0,0,0,0,0,0,0,0,0,0,0,0,0,0,0,0,61,240,240,64,127,254,137,0,0,0,0,0,0,0,0,0,0,0,0,0,0,0,0,0,0,0,0,17,172,254,101,0,126,254,114,0,0,0,0,0,0,0,0,0,0,0,0,0,0,0,0,0,0,0,0,141,254,223,14,0,176,233,21,0,0,0,0,0,0,0,0,0,0,0,0,0,0,0,0,0,0,0,0,127,254,202,0,90,250,140,0,0,0,0,0,0,0,0,0,0,0,0,0,0,0,0,0,0,0,0,0,27,220,249,137,186,245,75,0,0,0,0,0,0,0,0,0,0,0,0,0,0,0,0,0,0,0,0,0,0,85,230,254,254,138,0,0,0,0,0,0,0,0,0,0,0,0,0,0,0,0,0,0,0,0,0,0,0,0,36,236,254,152,9,0,0,0,0,0,0,0,0,0,0,0,0,0,0,0,0,0,0,0,0,0,0,0,59,249,254,254,134,0,0,0,0,0,0,0,0,0,0,0,0,0,0,0,0,0,0,0,0,0,0,0,180,246,113,220,248,86,0,0,0,0,0,0,0,0,0,0,0,0,0,0,0,0,0,0,0,0,0,39,238,136,0,79,247,222,27,0,0,0,0,0,0,0,0,0,0,0,0,0,0,0,0,0,0,0,0,142,254,81,0,0,138,254,125,0,0,0,0,0,0,0,0,0,0,0,0,0,0,0,0,0,0,0,0,180,231,19,0,0,80,248,212,7,0,0,0,0,0,0,0,0,0,0,0,0,0,0,0,0,0,0,54,248,219,12,0,0,0,203,254,60,0,0,0,0,0,0,0,0,0,0,0,0,0,0,0,0,0,0,146,254,166,0,0,0,0,203,254,60,0,0,0,0,0,0,0,0,0,0,0,0,0,0,0,0,0,0,146,254,116,0,0,0,48,223,254,60,0,0,0,0,0,0,0,0,0,0,0,0,0,0,0,0,0,0,115,254,196,19,8,52,200,254,200,18,0,0,0,0,0,0,0,0,0,0,0,0,0,0,0,0,0,0,19,174,254,239,242,254,254,200,17,0,0,0,0,0,0,0,0,0,0,0,0,0,0,0,0,0,0,0,0,18,145,254,254,240,127,17,0,0,0,0,0,0,0,0,0,0,0,0,0,0,0,0,0,0,0,0,0,0,0,0,0,0,0,0,0,0,0,0,0,0,0,0,0,0,0,0,0,0,0,0,0,0,0,0,0,0,0,0,0,0,0,0,0,0,0,0,0,0,0,0,0,0,0,0,0,0,0,0,0,0,0,0,0,0,0,0,0,0,0,0,0,0,0,0,0,0,0,0,0,0,0,0,0,0,0,0,0,0,0,0,0,0,0,0,0,0,0,0,0,0,0,0,0,0,0,0,0,0
4,0,0,0,0,0,0,0,0,0,0,0,0,0,0,0,0,0,0,0,0,0,0,0,0,0,0,0,0,0,0,0,0,0,0,0,0,0,0,0,0,0,0,0,0,0,0,0,0,0,0,0,0,0,0,0,0,0,0,0,0,0,0,0,0,0,0,0,0,0,0,0,0,0,0,0,0,0,0,0,0,0,0,0,0,0,0,0,0,0,0,0,0,0,0,0,0,0,0,0,0,0,0,0,0,0,0,0,0,0,0,0,0,0,0,0,0,0,0,0,0,0,0,0,0,0,0,0,0,0,0,0,0,0,0,0,0,0,0,0,0,0,0,0,0,0,0,0,0,0,0,0,0,0,0,0,0,0,0,0,0,0,0,0,0,0,0,0,0,0,0,0,0,0,0,0,0,0,0,0,0,0,0,0,0,0,27,56,8,0,0,0,0,0,0,0,0,0,0,0,0,99,172,46,0,0,0,0,0,0,0,0,0,0,125,253,137,8,0,0,0,0,0,0,0,0,0,0,0,254,253,223,44,0,0,0,0,0,0,0,0,0,125,253,253,136,0,0,0,0,0,0,0,0,0,0,0,124,172,253,198,0,0,0,0,0,0,0,0,0,61,247,253,191,0,0,0,0,0,0,0,0,0,0,0,0,97,253,252,139,0,0,0,0,0,0,0,0,0,107,253,252,132,0,0,0,0,0,0,0,0,0,0,0,97,253,253,231,37,0,0,0,0,0,0,0,0,67,241,253,249,86,0,0,0,0,0,0,0,0,0,0,18,221,253,253,139,0,0,0,0,0,0,0,0,0,220,253,253,96,0,0,0,0,0,0,0,0,0,0,0,187,253,253,242,24,0,0,0,0,0,0,0,0,220,253,253,96,0,0,0,0,0,0,0,0,0,0,0,68,247,253,253,208,31,3,0,0,0,0,14,28,224,253,253,96,0,0,0,0,0,0,0,0,0,0,0,0,115,253,253,253,253,155,144,144,144,144,197,253,253,253,253,173,0,0,0,0,0,0,0,0,0,0,0,0,29,146,253,253,253,253,253,253,253,253,253,253,253,253,253,243,57,0,0,0,0,0,0,0,0,0,0,0,0,2,95,203,253,253,253,253,253,253,253,211,150,231,253,253,171,0,0,0,0,0,0,0,0,0,0,0,0,0,0,18,34,156,170,231,199,93,34,20,0,81,253,253,253,0,0,0,0,0,0,0,0,0,0,0,0,0,0,0,0,0,0,40,19,0,0,0,0,14,54,54,54,0,0,0,0,0,0,0,0,0,0,0,0,0,0,0,0,0,0,0,0,0,0,0,0,0,0,0,0,0,0,0,0,0,0,0,0,0,0,0,0,0,0,0,0,0,0,0,0,0,0,0,0,0,0,0,0,0,0,0,0,0,0,0,0,0,0,0,0,0,0,0,0,0,0,0,0,0,0,0,0,0,0,0,0,0,0,0,0,0,0,0,0,0,0,0,0,0,0,0,0,0,0,0,0,0,0,0,0,0,0,0,0,0,0,0,0,0,0,0,0,0,0,0,0,0,0,0,0,0,0,0,0,0,0,0,0,0,0,0,0,0,0,0,0,0,0,0,0,0,0,0,0,0,0,0,0,0,0,0,0,0,0,0,0,0,0,0,0,0,0,0,0,0,0,0,0,0,0,0,0,0,0,0,0,0,0,0,0,0,0,0,0,0,0,0,0,0,0,0,0,0,0,0,0,0,0,0,0,0,0,0,0,0,0,0,0,0,0,0,0,0,0,0,0,0,0,0,0
7,0,0,0,0,0,0,0,0,0,0,0,0,0,0,0,0,0,0,0,0,0,0,0,0,0,0,0,0,0,0,0,0,0,0,0,0,0,0,0,0,0,0,0,0,0,0,0,0,0,0,0,0,0,0,0,0,0,0,0,0,0,0,0,0,0,0,0,0,0,0,0,0,0,0,0,0,0,0,0,0,0,0,0,0,0,0,0,0,0,0,0,0,0,0,0,0,0,0,0,0,0,0,0,0,0,0,0,0,0,0,0,0,0,0,0,0,0,0,0,0,0,0,0,0,0,0,0,0,0,0,0,0,0,0,0,0,0,0,0,0,0,0,0,0,0,0,0,0,0,0,0,0,0,0,0,0,0,0,0,0,0,0,0,0,0,0,0,0,0,0,0,0,0,0,0,0,0,0,0,0,0,0,0,0,0,0,0,0,0,0,0,0,0,0,0,0,0,0,0,0,0,0,0,0,0,0,0,0,0,0,0,0,0,0,0,0,0,0,0,0,0,0,0,0,0,0,0,0,0,0,22,24,97,170,253,253,255,253,253,253,253,139,50,0,0,0,0,0,0,0,0,0,0,0,0,0,13,89,244,253,252,218,227,206,253,252,218,244,252,253,164,0,0,0,0,0,0,0,0,0,0,0,0,0,70,252,221,69,69,19,32,0,69,69,19,56,69,253,219,19,0,0,0,0,0,0,0,0,0,0,0,0,44,236,96,0,0,0,0,0,0,0,0,0,0,253,252,69,0,0,0,0,0,0,0,0,0,0,0,0,0,61,12,0,0,0,0,0,0,0,0,0,0,253,252,69,0,0,0,0,0,0,0,0,0,0,0,0,0,0,0,0,0,0,0,0,0,0,0,0,11,255,144,0,0,0,0,0,0,0,0,0,0,0,0,0,0,0,0,0,0,0,0,0,0,0,0,0,189,253,92,0,0,0,0,0,0,0,0,0,0,0,0,0,0,0,0,0,0,0,0,0,0,0,0,68,246,253,92,0,0,0,0,0,0,0,0,0,0,0,0,0,0,0,0,0,0,0,0,0,0,0,0,93,252,234,17,0,0,0,0,0,0,0,0,0,0,0,0,0,0,0,0,0,0,0,0,0,0,0,0,93,252,230,0,0,0,0,0,0,0,0,0,0,0,0,0,0,0,0,0,0,0,0,0,0,0,0,0,208,253,168,0,0,0,0,0,0,0,0,0,0,0,0,0,0,0,0,0,0,0,0,0,0,0,0,0,207,252,42,0,0,0,0,0,0,0,0,0,0,0,0,0,0,0,0,0,0,0,0,0,0,0,0,83,240,252,0,0,0,0,0,0,0,0,0,0,0,0,0,0,0,0,0,0,0,0,0,0,0,0,0,184,252,157,0,0,0,0,0,0,0,0,0,0,0,0,0,0,0,0,0,0,0,0,0,0,0,0,0,184,252,137,0,0,0,0,0,0,0,0,0,0,0,0,0,0,0,0,0,0,0,0,0,0,0,0,47,253,245,21,0,0,0,0,0,0,0,0,0,0,0,0,0,0,0,0,0,0,0,0,0,0,0,0,47,252,177,5,0,0,0,0,0,0,0,0,0,0,0,0,0,0,0,0,0,0,0,0,0,0,0,0,78,252,227,16,0,0,0,0,0,0,0,0,0,0,0,0,0,0,0,0,0,0,0,0,0,0,0,0,161,252,66,0,0,0,0,0,0,0,0,0,0,0,0,0,0,0,0,0,0,0,0,0,0,0,0,0,161,189,4,0,0,0,0,0,0,0,0,0,0,0,0
1,0,0,0,0,0,0,0,0,0,0,0,0,0,0,0,0,0,0,0,0,0,0,0,0,0,0,0,0,0,0,0,0,0,0,0,0,0,0,0,0,0,0,0,0,0,0,0,0,0,0,0,0,0,0,0,0,0,0,0,0,0,0,0,0,0,0,0,0,0,0,0,0,0,0,0,0,0,0,0,0,0,0,0,0,0,0,0,0,0,0,0,0,0,0,0,0,0,0,0,0,0,0,0,0,0,0,0,0,0,0,0,0,0,0,0,0,0,0,0,0,0,0,0,0,0,0,0,0,0,0,0,0,0,0,0,0,0,0,0,0,0,0,0,0,0,0,0,0,0,0,0,0,0,0,123,64,0,0,0,0,0,0,0,0,0,0,0,0,0,0,0,0,0,0,0,0,0,0,0,0,0,0,133,191,0,0,0,0,0,0,0,0,0,0,0,0,0,0,0,0,0,0,0,0,0,0,0,0,0,0,242,242,0,0,0,0,0,0,0,0,0,0,0,0,0,0,0,0,0,0,0,0,0,0,0,0,0,0,242,219,0,0,0,0,0,0,0,0,0,0,0,0,0,0,0,0,0,0,0,0,0,0,0,0,0,27,245,122,0,0,0,0,0,0,0,0,0,0,0,0,0,0,0,0,0,0,0,0,0,0,0,0,0,110,253,122,0,0,0,0,0,0,0,0,0,0,0,0,0,0,0,0,0,0,0,0,0,0,0,0,0,110,253,64,0,0,0,0,0,0,0,0,0,0,0,0,0,0,0,0,0,0,0,0,0,0,0,0,0,110,253,122,0,0,0,0,0,0,0,0,0,0,0,0,0,0,0,0,0,0,0,0,0,0,0,0,0,110,253,122,0,0,0,0,0,0,0,0,0,0,0,0,0,0,0,0,0,0,0,0,0,0,0,0,0,110,253,122,0,0,0,0,0,0,0,0,0,0,0,0,0,0,0,0,0,0,0,0,0,0,0,0,0,110,255,123,0,0,0,0,0,0,0,0,0,0,0,0,0,0,0,0,0,0,0,0,0,0,0,0,0,110,253,122,0,0,0,0,0,0,0,0,0,0,0,0,0,0,0,0,0,0,0,0,0,0,0,0,0,110,253,122,0,0,0,0,0,0,0,0,0,0,0,0,0,0,0,0,0,0,0,0,0,0,0,0,0,110,253,122,0,0,0,0,0,0,0,0,0,0,0,0,0,0,0,0,0,0,0,0,0,0,0,0,0,31,245,122,0,0,0,0,0,0,0,0,0,0,0,0,0,0,0,0,0,0,0,0,0,0,0,0,0,0,207,214,0,0,0,0,0,0,0,0,0,0,0,0,0,0,0,0,0,0,0,0,0,0,0,0,0,0,122,242,0,0,0,0,0,0,0,0,0,0,0,0,0,0,0,0,0,0,0,0,0,0,0,0,0,0,75,242,0,0,0,0,0,0,0,0,0,0,0,0,0,0,0,0,0,0,0,0,0,0,0,0,0,0,0,242,0,0,0,0,0,0,0,0,0,0,0,0,0,0,0,0,0,0,0,0,0,0,0,0,0,0,0,81,104,0,0,0,0,0,0,0,0,0,0,0,0,0,0,0,0,0,0,0,0,0,0,0,0,0,0,0,0,0,0,0,0,0,0,0,0,0,0,0,0,0,0,0,0,0,0,0,0,0,0,0,0,0,0,0,0,0,0,0,0,0,0,0,0,0,0,0,0,0,0,0,0,0,0,0,0,0,0,0,0,0,0,0,0,0,0,0,0,0,0,0,0,0,0,0
2,0,0,0,0,0,0,0,0,0,0,0,0,0,0,0,0,0,0,0,0,0,0,0,0,0,0,0,0,0,0,0,0,0,0,0,0,0,0,0,0,0,0,0,0,0,0,0,0,0,0,0,0,0,0,0,0,0,0,0,0,0,0,0,0,0,0,0,0,0,0,0,0,0,0,0,0,0,0,0,0,0,0,0,0,0,0,0,0,0,0,0,0,0,0,0,0,0,0,0,0,0,0,0,0,0,0,0,0,0,0,0,0,0,0,0,0,0,0,0,0,0,0,0,0,0,0,0,0,0,0,0,0,0,0,0,0,0,0,0,0,0,0,0,0,0,0,0,0,0,0,0,0,0,0,0,0,0,0,0,0,0,0,0,0,0,0,0,0,0,0,0,0,0,0,0,0,0,21,92,161,188,108,92,5,0,0,0,0,0,0,0,0,0,0,0,0,0,0,0,0,0,0,37,142,189,252,254,254,254,254,254,130,0,0,0,0,0,0,0,0,0,0,0,0,0,0,0,0,0,0,205,243,230,172,134,65,38,126,247,229,23,0,0,0,0,0,0,0,0,0,0,0,0,0,0,0,0,0,168,86,0,0,0,0,0,0,178,254,48,0,0,0,0,0,0,0,0,0,0,0,0,0,0,0,0,0,0,0,0,0,0,0,0,12,223,254,48,0,0,0,0,0,0,0,0,0,0,0,0,0,0,0,0,0,0,0,0,0,0,0,0,64,254,233,26,0,0,0,0,0,0,0,0,0,0,0,0,0,0,0,0,0,0,0,0,0,0,0,0,183,254,139,0,0,0,0,0,0,0,0,0,0,0,0,0,0,0,0,0,0,0,0,0,0,0,0,11,220,254,92,0,0,0,0,0,0,0,0,0,0,0,0,0,0,0,0,0,0,0,0,0,0,0,0,137,254,213,8,0,0,0,0,0,0,0,0,0,6,0,0,0,0,0,0,0,0,0,0,0,0,0,27,248,254,77,0,0,0,0,0,0,0,0,0,82,204,0,0,0,0,0,0,0,0,0,0,0,0,14,215,254,167,6,0,0,0,0,0,0,40,82,202,247,102,0,0,0,0,0,0,0,0,0,0,0,3,142,254,229,25,0,0,5,10,27,110,202,250,254,183,93,0,0,0,0,0,0,0,0,0,0,0,0,149,254,254,112,73,104,169,206,254,254,254,234,182,106,0,0,0,0,0,0,0,0,0,0,0,0,0,84,254,255,254,254,254,254,254,223,216,127,43,17,0,0,0,0,0,0,0,0,0,0,0,0,0,0,0,92,254,254,253,250,242,153,63,11,0,0,0,0,0,0,0,0,0,0,0,0,0,0,0,0,0,0,0,33,91,91,60,0,0,0,0,0,0,0,0,0,0,0,0,0,0,0,0,0,0,0,0,0,0,0,0,0,0,0,0,0,0,0,0,0,0,0,0,0,0,0,0,0,0,0,0,0,0,0,0,0,0,0,0,0,0,0,0,0,0,0,0,0,0,0,0,0,0,0,0,0,0,0,0,0,0,0,0,0,0,0,0,0,0,0,0,0,0,0,0,0,0,0,0,0,0,0,0,0,0,0,0,0,0,0,0,0,0,0,0,0,0,0,0,0,0,0,0,0,0,0,0,0,0,0,0,0,0,0,0,0,0,0,0,0,0,0,0,0,0,0,0,0,0,0,0,0,0,0,0,0,0,0,0,0,0,0,0,0,0,0,0,0,0,0,0,0,0,0,0,0,0,0,0,0,0,0,0,0,0,0,0,0,0,0,0
1,0,0,0,0,0,0,0,0,0,0,0,0,0,0,0,0,0,0,0,0,0,0,0,0,0,0,0,0,0,0,0,0,0,0,0,0,0,0,0,0,0,0,0,0,0,0,0,0,0,0,0,0,0,0,0,0,0,0,0,0,0,0,0,0,0,0,0,0,0,0,0,0,0,0,0,0,0,0,0,0,0,0,0,0,0,0,0,0,0,0,0,0,0,0,0,0,0,0,0,0,0,0,0,0,0,0,0,0,0,0,0,0,0,0,0,0,0,0,0,0,0,0,0,0,0,0,0,0,0,0,0,0,0,0,0,0,0,0,0,0,0,0,0,0,0,0,0,0,0,0,0,0,0,0,0,83,254,0,0,0,0,0,0,0,0,0,0,0,0,0,0,0,0,0,0,0,0,0,0,0,0,0,0,199,253,0,0,0,0,0,0,0,0,0,0,0,0,0,0,0,0,0,0,0,0,0,0,0,0,0,0,207,253,0,0,0,0,0,0,0,0,0,0,0,0,0,0,0,0,0,0,0,0,0,0,0,0,0,0,207,253,0,0,0,0,0,0,0,0,0,0,0,0,0,0,0,0,0,0,0,0,0,0,0,0,0,47,254,254,0,0,0,0,0,0,0,0,0,0,0,0,0,0,0,0,0,0,0,0,0,0,0,0,0,47,253,168,0,0,0,0,0,0,0,0,0,0,0,0,0,0,0,0,0,0,0,0,0,0,0,0,0,123,253,160,0,0,0,0,0,0,0,0,0,0,0,0,0,0,0,0,0,0,0,0,0,0,0,0,0,138,253,128,0,0,0,0,0,0,0,0,0,0,0,0,0,0,0,0,0,0,0,0,0,0,0,0,0,198,247,50,0,0,0,0,0,0,0,0,0,0,0,0,0,0,0,0,0,0,0,0,0,0,0,0,38,243,230,0,0,0,0,0,0,0,0,0,0,0,0,0,0,0,0,0,0,0,0,0,0,0,0,0,70,253,221,0,0,0,0,0,0,0,0,0,0,0,0,0,0,0,0,0,0,0,0,0,0,0,0,0,104,253,137,0,0,0,0,0,0,0,0,0,0,0,0,0,0,0,0,0,0,0,0,0,0,0,0,0,162,254,80,0,0,0,0,0,0,0,0,0,0,0,0,0,0,0,0,0,0,0,0,0,0,0,0,0,178,253,46,0,0,0,0,0,0,0,0,0,0,0,0,0,0,0,0,0,0,0,0,0,0,0,0,0,254,215,9,0,0,0,0,0,0,0,0,0,0,0,0,0,0,0,0,0,0,0,0,0,0,0,0,0,254,206,0,0,0,0,0,0,0,0,0,0,0,0,0,0,0,0,0,0,0,0,0,0,0,0,0,0,255,207,0,0,0,0,0,0,0,0,0,0,0,0,0,0,0,0,0,0,0,0,0,0,0,0,0,34,254,123,0,0,0,0,0,0,0,0,0,0,0,0,0,0,0,0,0,0,0,0,0,0,0,0,0,0,245,115,0,0,0,0,0,0,0,0,0,0,0,0,0,0,0,0,0,0,0,0,0,0,0,0,0,0,128,81,0,0,0,0,0,0,0,0,0,0,0,0,0,0,0,0,0,0,0,0,0,0,0,0,0,0,0,0,0,0,0,0,0,0,0,0,0,0,0,0,0,0,0,0,0,0,0,0,0,0,0,0,0,0,0,0,0,0,0,0,0,0,0,0,0,0,0,0,0,0,0,0,0,0,0,0,0,0,0,0,0,0,0,0,0,0,0,0,0,0,0,0,0,0,0,0,0
2,0,0,0,0,0,0,0,0,0,0,0,0,0,0,0,0,0,0,0,0,0,0,0,0,0,0,0,0,0,0,0,0,0,0,0,0,0,0,0,0,0,0,0,0,0,0,0,0,0,0,0,0,0,0,0,0,0,0,0,0,0,0,0,0,0,0,0,0,0,0,0,0,0,0,0,0,0,0,0,0,0,0,0,0,0,0,0,0,0,0,0,0,76,204,253,253,253,141,141,104,16,0,0,0,0,0,0,0,0,0,0,0,0,0,0,0,0,0,0,0,225,253,252,252,252,253,252,252,215,101,0,0,0,0,0,0,0,0,0,0,0,0,0,0,0,0,0,0,150,168,168,168,168,216,252,252,252,247,104,0,0,0,0,0,0,0,0,0,0,0,0,0,0,0,0,0,0,0,0,0,0,16,53,228,252,253,246,50,0,0,0,0,0,0,0,0,0,0,0,0,0,0,0,0,0,0,0,0,0,0,0,0,214,255,253,56,0,0,0,0,0,0,0,0,0,0,0,0,0,0,0,0,0,0,0,0,0,0,0,0,113,253,252,81,0,0,0,0,0,0,0,0,0,0,0,0,0,0,0,0,0,0,0,0,0,0,0,0,76,253,252,168,0,0,0,0,0,0,0,0,0,0,0,0,0,0,0,0,0,0,0,0,0,0,0,0,0,253,252,205,13,0,0,0,0,0,0,0,0,0,0,0,0,0,0,0,0,0,0,0,0,0,0,0,63,254,253,253,28,0,0,0,0,0,0,0,0,0,0,0,0,0,0,0,0,0,0,0,0,0,0,0,113,253,252,196,9,0,0,0,0,0,0,0,0,0,0,0,0,0,0,0,0,0,0,0,0,0,0,0,150,253,252,168,0,0,0,0,0,0,0,0,0,0,0,0,0,0,0,0,0,0,0,0,0,0,0,38,237,253,252,68,0,0,0,0,0,0,0,0,0,0,0,0,0,0,0,23,29,29,104,141,141,141,141,229,253,254,253,165,91,29,22,0,0,0,0,0,0,0,0,0,0,0,13,209,252,253,252,252,252,253,252,252,252,253,252,252,252,253,234,113,0,0,0,0,0,0,0,0,0,0,144,252,252,253,252,186,205,253,252,252,252,253,252,252,252,244,168,62,0,0,0,0,0,0,0,0,0,26,243,252,252,178,28,6,113,253,252,252,202,78,28,28,28,25,0,0,0,0,0,0,0,0,0,0,0,16,216,253,253,29,104,178,253,254,253,244,175,0,0,0,0,0,0,0,0,0,0,0,0,0,0,0,0,29,252,252,252,253,252,252,252,253,214,81,0,0,0,0,0,0,0,0,0,0,0,0,0,0,0,0,0,7,187,252,252,253,252,252,214,56,19,0,0,0,0,0,0,0,0,0,0,0,0,0,0,0,0,0,0,0,44,139,139,190,139,52,15,0,0,0,0,0,0,0,0,0,0,0,0,0,0,0,0,0,0,0,0,0,0,0,0,0,0,0,0,0,0,0,0,0,0,0,0,0,0,0,0,0,0,0,0,0,0,0,0,0,0,0,0,0,0,0,0,0,0,0,0,0,0,0,0,0,0,0,0,0,0,0,0,0,0,0,0,0,0,0,0,0,0,0,0,0,0,0,0,0,0,0,0,0,0,0,0,0,0,0,0,0,0,0,0,0,0,0,0,0,0,0,0,0,0,0,0,0,0,0,0,0,0,0,0,0,0,0,0,0,0,0,0,0,0,0,0,0,0,0,0,0,0,0,0,0,0,0,0,0,0,0,0,0,0,0
2,0,0,0,0,0,0,0,0,0,0,0,0,0,0,0,0,0,0,0,0,0,0,0,0,0,0,0,0,0,0,0,0,0,0,0,0,0,0,0,0,0,0,0,0,0,0,0,0,0,0,0,0,0,0,0,0,0,0,0,0,0,0,0,0,0,0,0,0,0,0,0,0,0,0,0,0,0,0,0,0,0,0,0,0,0,0,0,0,0,0,0,0,0,0,0,0,0,0,0,0,0,0,0,0,0,0,0,0,0,0,0,0,0,0,0,0,0,0,0,0,0,0,0,0,0,0,0,0,0,0,0,0,0,0,0,0,0,0,0,0,0,0,0,0,0,0,0,0,0,0,0,61,142,189,255,254,254,254,211,45,0,0,0,0,0,0,0,0,0,0,0,0,0,0,0,0,0,107,194,252,254,254,248,225,225,230,254,244,115,0,0,0,0,0,0,0,0,0,0,0,0,0,0,0,114,244,254,200,155,67,54,0,0,12,146,254,243,42,0,0,0,0,0,0,0,0,0,0,0,0,0,0,190,254,201,5,0,0,0,0,0,0,1,169,254,94,0,0,0,0,0,0,0,0,0,0,0,0,0,0,45,215,116,0,0,0,0,0,0,0,18,241,235,30,0,0,0,0,0,0,0,0,0,0,0,0,0,0,0,0,0,0,0,0,0,0,0,0,175,254,146,0,0,0,0,0,0,0,0,0,0,0,0,0,0,0,0,0,0,0,0,0,0,0,0,119,252,239,59,0,0,0,0,0,0,0,0,0,0,0,0,0,0,0,0,0,0,0,0,0,0,0,6,237,253,96,0,0,0,0,0,0,0,0,0,0,0,0,0,0,0,0,0,0,0,0,0,0,0,11,201,254,146,0,0,0,0,0,0,0,0,0,0,0,0,0,0,0,0,0,0,0,0,0,0,0,10,169,254,156,23,0,0,0,0,0,0,0,0,0,0,0,0,0,0,0,0,0,0,0,0,0,0,5,132,254,215,11,0,0,0,0,0,0,0,0,0,0,0,0,0,0,0,0,0,0,0,0,0,0,0,111,254,215,26,0,0,0,0,0,0,0,0,0,0,0,0,0,0,0,0,0,0,0,0,0,0,0,124,248,211,29,0,0,0,0,0,0,0,0,0,0,0,0,0,0,0,0,0,0,0,0,0,0,0,123,245,219,28,0,0,0,0,0,0,8,36,52,0,0,0,0,0,0,0,0,0,0,0,0,0,0,122,251,213,59,0,0,0,13,73,135,168,234,234,89,0,0,0,0,0,0,0,0,0,0,0,0,0,88,247,246,82,27,57,134,200,234,254,228,164,82,17,0,0,0,0,0,0,0,0,0,0,0,0,0,64,231,254,149,144,237,254,253,249,159,113,20,0,0,0,0,0,0,0,0,0,0,0,0,0,0,0,59,252,254,254,254,254,232,168,86,0,0,0,0,0,0,0,0,0,0,0,0,0,0,0,0,0,0,39,236,254,254,229,163,81,19,0,0,0,0,0,0,0,0,0,0,0,0,0,0,0,0,0,0,0,0,89,254,195,76,18,0,0,0,0,0,0,0,0,0,0,0,0,0,0,0,0,0,0,0,0,0,0,0,0,0,0,0,0,0,0,0,0,0,0,0,0,0,0,0,0,0,0,0,0,0,0,0,0,0,0,0,0,0,0,0,0,0,0,0,0,0,0,0,0,0,0,0,0,0,0,0,0,0,0,0,0,0,0,0,0,0,0,0,0,0,0,0,0,0,0,0,0,0,0,0,0,0,0,0,0,0
3,0,0,0,0,0,0,0,0,0,0,0,0,0,0,0,0,0,0,0,0,0,0,0,0,0,0,0,0,0,0,0,0,0,0,0,0,0,0,0,0,0,0,0,0,0,0,0,0,0,0,0,0,0,0,0,0,0,0,0,0,0,0,0,0,0,0,0,0,0,0,0,0,0,0,0,0,0,0,0,0,0,0,0,0,0,0,0,0,0,0,0,0,0,0,0,0,0,0,0,0,0,0,0,0,0,0,0,0,0,0,0,0,0,0,0,0,0,0,0,0,0,0,0,0,0,0,0,0,0,0,0,0,0,0,0,0,0,0,0,0,0,0,0,0,0,0,20,67,67,67,178,233,136,255,254,177,67,67,67,20,0,0,0,0,0,0,0,0,0,0,0,0,0,104,168,253,253,253,253,253,253,253,253,253,253,253,253,167,103,0,0,0,0,0,0,0,0,0,0,52,198,241,253,253,253,253,253,253,253,253,253,253,253,253,253,253,240,103,0,0,0,0,0,0,0,0,0,67,253,253,253,253,191,177,177,177,205,253,253,253,253,253,253,253,253,130,0,0,0,0,0,0,0,0,0,67,253,253,210,112,20,0,0,0,42,112,112,112,206,253,253,253,253,130,0,0,0,0,0,0,0,0,0,12,46,46,32,0,0,0,0,0,0,0,3,19,176,253,253,253,248,121,0,0,0,0,0,0,0,0,0,0,0,0,0,0,0,0,0,0,0,0,102,253,253,253,253,253,133,0,0,0,0,0,0,0,0,0,0,0,0,0,0,0,0,0,0,0,57,151,242,253,253,253,253,145,4,0,0,0,0,0,0,0,0,0,0,0,0,0,0,0,0,0,17,50,230,253,253,253,253,253,253,74,0,0,0,0,0,0,0,0,0,0,0,0,0,0,0,0,0,0,151,253,253,253,253,253,253,253,253,140,74,0,0,0,0,0,0,0,0,0,0,0,0,0,0,0,0,0,151,253,253,253,253,253,253,253,253,253,232,83,0,0,0,0,0,0,0,0,0,0,0,0,0,0,0,0,16,188,215,215,215,215,215,250,253,253,253,130,0,0,0,0,0,0,0,0,0,0,0,0,0,0,0,0,0,0,0,0,0,0,0,236,253,253,253,130,0,0,0,0,0,0,0,0,0,0,0,0,0,0,0,0,0,0,0,0,0,0,0,236,253,253,253,130,0,0,0,0,0,0,0,0,0,0,0,0,0,0,0,0,0,0,0,0,43,48,174,251,253,253,253,130,0,0,0,0,0,0,0,0,0,0,0,0,0,0,0,0,0,13,114,114,238,253,253,253,253,253,253,130,0,0,0,0,0,0,0,0,0,0,0,0,54,179,179,179,179,187,253,253,253,253,253,253,253,253,212,38,0,0,0,0,0,0,0,0,0,0,0,10,247,253,253,253,253,253,253,253,253,253,253,242,196,63,6,0,0,0,0,0,0,0,0,0,0,0,0,5,166,253,253,253,253,253,253,253,253,253,253,115,0,0,0,0,0,0,0,0,0,0,0,0,0,0,0,0,20,65,65,65,176,253,253,133,65,65,65,5,0,0,0,0,0,0,0,0,0,0,0,0,0,0,0,0,0,0,0,0,0,0,0,0,0,0,0,0,0,0,0,0,0,0,0,0,0,0,0,0,0,0,0,0,0,0,0,0,0,0,0,0,0,0,0,0,0,0,0,0,0,0,0,0,0,0,0,0,0,0,0,0,0,0,0,0,0,0,0,0,0,0,0,0,0,0,0,0,0,0,0,0,0,0
2,0,0,0,0,0,0,0,0,0,0,0,0,0,0,0,0,0,0,0,0,0,0,0,0,0,0,0,0,0,0,0,0,0,0,0,0,0,0,0,0,0,0,0,0,0,0,0,0,0,0,0,0,0,0,0,0,0,0,0,0,0,0,0,0,0,0,0,0,0,0,0,0,0,0,0,0,0,0,0,0,0,0,0,0,0,0,0,0,0,0,0,0,0,0,0,0,0,0,0,0,0,0,0,0,0,0,0,0,0,0,0,0,0,0,0,0,0,0,0,0,0,0,0,0,0,0,0,0,0,0,0,0,0,0,0,0,0,0,0,0,0,0,0,0,0,0,0,0,0,0,0,0,0,0,0,0,0,0,0,0,0,0,0,0,0,0,0,0,0,0,0,0,0,0,0,0,0,0,0,0,0,29,125,125,125,209,175,125,125,58,0,0,0,0,0,0,0,0,0,0,0,0,0,0,0,61,138,249,249,250,254,255,254,254,242,145,254,252,181,0,0,0,0,0,0,0,0,0,52,112,233,192,226,249,252,254,168,143,117,80,12,12,11,1,25,254,254,0,0,0,0,0,0,0,0,170,245,254,254,254,254,165,149,45,5,0,0,0,0,0,0,9,180,254,200,0,0,0,0,0,0,0,0,205,254,254,254,166,42,4,0,0,0,0,0,0,0,0,0,71,254,249,13,0,0,0,0,0,0,0,0,16,32,32,32,4,0,0,0,0,0,0,0,0,0,0,71,242,254,200,0,0,0,0,0,0,0,0,0,0,0,0,0,0,0,0,0,0,0,0,0,0,0,12,190,254,250,78,0,0,0,0,0,0,0,0,0,0,0,0,0,0,0,0,0,0,0,0,0,0,13,169,254,248,100,0,0,0,0,0,0,0,0,0,0,0,0,0,0,0,0,0,0,0,0,0,0,51,168,254,247,168,0,0,0,0,0,0,0,0,0,0,0,0,0,0,0,0,0,0,0,0,0,0,14,197,254,254,128,0,0,0,0,0,0,0,0,0,0,0,0,0,0,0,0,0,0,0,0,0,0,45,203,254,245,112,25,0,0,0,0,0,0,0,0,0,0,0,0,0,0,0,0,0,0,0,0,0,14,167,254,254,215,0,0,0,3,25,0,0,0,0,0,0,0,0,0,0,0,0,0,0,0,0,0,37,167,254,254,199,66,0,29,57,179,96,0,0,0,0,0,0,0,0,0,0,0,0,0,0,0,0,53,238,254,245,121,33,60,170,218,137,80,0,0,0,0,0,0,0,0,0,0,0,0,0,0,0,0,28,169,254,195,70,24,140,254,233,131,0,0,0,0,0,0,0,0,0,0,0,0,0,0,0,0,0,24,220,254,254,79,125,227,250,208,35,0,0,0,0,0,0,0,0,0,0,0,0,0,0,0,0,0,59,242,254,254,254,255,254,240,126,0,0,0,0,0,0,0,0,0,0,0,0,0,0,0,0,0,0,0,99,254,254,254,254,244,143,31,0,0,0,0,0,0,0,0,0,0,0,0,0,0,0,0,0,0,0,0,46,237,254,252,211,27,0,0,0,0,0,0,0,0,0,0,0,0,0,0,0,0,0,0,0,0,0,0,0,109,124,86,0,0,0,0,0,0,0,0,0,0,0,0,0,0,0,0,0,0,0,0,0,0,0,0,0,0,0,0,0,0,0,0,0,0,0,0,0,0,0,0,0,0,0,0,0,0,0,0,0,0,0,0,0,0,0,0,0,0,0,0,0,0,0,0,0,0,0,0,0,0,0,0,0
3,0,0,0,0,0,0,0,0,0,0,0,0,0,0,0,0,0,0,0,0,0,0,0,0,0,0,0,0,0,0,0,0,0,0,0,0,0,0,0,0,0,0,0,0,0,0,0,0,0,0,0,0,0,0,0,0,0,0,0,0,0,0,0,0,0,0,0,0,0,0,0,0,0,0,0,0,0,0,0,0,0,0,0,0,0,0,0,0,0,0,0,0,0,0,0,0,0,0,0,0,0,0,0,0,0,0,0,0,0,0,0,0,0,0,0,0,0,0,0,0,0,0,0,0,0,0,0,0,0,0,0,0,0,0,0,0,0,0,0,0,0,0,0,0,0,0,0,6,18,18,132,137,137,137,192,192,137,137,66,0,0,0,0,0,0,0,0,0,0,0,0,0,0,0,8,152,254,254,254,254,249,219,246,254,254,254,243,54,0,0,0,0,0,0,0,0,0,0,0,0,0,0,43,241,236,201,198,83,69,0,64,83,83,251,254,89,0,0,0,0,0,0,0,0,0,0,0,0,0,0,0,49,42,0,0,0,0,0,0,0,32,251,232,23,0,0,0,0,0,0,0,0,0,0,0,0,0,0,0,0,0,0,0,0,0,0,0,34,218,254,128,0,0,0,0,0,0,0,0,0,0,0,0,0,0,0,0,0,0,0,0,0,0,0,83,218,254,194,12,0,0,0,0,0,0,0,0,0,0,0,0,0,0,0,0,0,0,0,0,0,1,90,225,254,196,8,0,0,0,0,0,0,0,0,0,0,0,0,0,0,0,0,0,0,0,0,12,91,161,254,254,210,34,1,0,0,0,0,0,0,0,0,0,0,0,0,0,0,0,0,0,32,84,160,207,254,254,254,254,254,254,162,87,0,0,0,0,0,0,0,0,0,0,0,0,0,0,0,13,205,254,254,254,221,175,77,168,195,249,255,246,145,0,0,0,0,0,0,0,0,0,0,0,0,0,0,54,254,254,254,178,26,0,0,0,0,54,120,222,244,91,0,0,0,0,0,0,0,0,0,0,0,0,0,9,129,63,41,2,0,0,0,0,0,0,0,38,222,244,45,0,0,0,0,0,0,0,0,0,0,0,0,0,0,0,0,0,0,0,0,0,0,0,0,0,59,254,53,0,0,0,0,0,0,0,0,0,0,0,0,0,0,0,0,0,0,0,0,0,0,0,0,2,168,254,53,0,0,0,0,0,0,0,0,0,0,0,0,0,0,0,0,0,0,0,0,0,0,0,0,100,254,247,47,0,0,0,0,0,0,0,0,0,0,0,0,0,0,0,0,0,0,0,0,0,0,0,109,218,246,99,0,0,0,0,0,0,0,0,0,0,0,0,0,0,0,0,0,0,0,0,0,0,56,174,253,247,154,0,0,0,0,0,0,0,0,0,0,0,0,0,0,0,63,84,84,84,84,158,202,202,246,254,167,47,0,0,0,0,0,0,0,0,0,0,0,0,0,0,0,0,190,254,254,254,254,254,254,254,126,35,1,0,0,0,0,0,0,0,0,0,0,0,0,0,0,0,0,0,46,177,254,254,188,135,53,17,3,0,0,0,0,0,0,0,0,0,0,0,0,0,0,0,0,0,0,0,0,0,0,0,0,0,0,0,0,0,0,0,0,0,0,0,0,0,0,0,0,0,0,0,0,0,0,0,0,0,0,0,0,0,0,0,0,0,0,0,0,0,0,0,0,0,0,0,0,0,0,0,0,0,0,0,0,0,0,0,0,0,0,0,0,0,0,0,0,0,0,0,0,0,0,0,0
2,0,0,0,0,0,0,0,0,0,0,0,0,0,0,0,0,0,0,0,0,0,0,0,0,0,0,0,0,0,0,0,0,0,0,0,0,0,0,0,0,0,0,0,0,0,0,0,0,0,0,0,0,0,0,0,0,0,0,0,0,0,0,0,0,0,0,0,0,0,0,0,0,0,0,0,0,0,0,0,0,0,0,0,0,0,0,0,0,0,0,0,0,0,0,0,0,0,0,0,0,0,0,0,0,0,0,0,0,0,0,0,0,0,0,0,0,0,0,0,0,0,0,0,0,9,169,254,254,231,46,0,0,0,0,0,0,0,0,0,0,0,0,0,0,0,0,0,0,0,0,0,4,166,253,252,243,250,228,41,0,0,0,0,0,0,0,0,0,0,0,0,0,0,0,0,0,0,0,0,85,253,253,114,0,134,253,201,8,0,0,0,0,0,0,0,0,0,0,0,0,0,0,0,0,0,0,15,204,235,97,1,0,9,172,253,162,0,0,0,0,0,0,0,0,0,0,0,0,0,0,0,0,0,0,99,253,184,0,0,0,0,42,229,236,22,0,0,0,0,0,0,0,0,0,0,0,0,0,0,0,0,9,223,253,103,0,0,0,0,0,119,254,205,10,0,0,0,0,0,0,0,0,0,0,0,0,0,0,0,76,253,192,4,0,0,0,0,0,20,199,253,20,0,0,0,0,0,0,0,0,0,0,0,0,0,0,0,169,253,153,0,0,0,0,0,0,0,126,253,114,0,0,0,0,0,0,0,0,0,0,0,0,0,0,0,175,253,69,0,0,0,0,0,0,0,126,253,120,0,0,0,0,0,0,0,0,0,0,0,0,0,0,0,116,253,69,0,0,0,0,0,0,0,126,253,120,0,0,0,0,0,0,0,0,0,0,0,0,0,0,0,15,128,15,21,105,105,23,0,0,2,206,253,39,0,0,0,0,0,0,0,0,0,0,0,0,0,0,0,0,31,164,253,254,253,215,60,0,70,254,253,20,0,0,0,0,0,0,0,0,0,0,0,0,0,0,0,0,175,253,251,238,238,251,205,76,192,253,180,3,0,0,0,0,0,0,0,0,0,0,0,0,0,0,0,78,246,253,120,0,0,177,253,253,253,209,25,0,0,0,0,0,0,0,0,0,0,0,0,0,0,0,20,213,254,168,2,0,0,76,254,254,219,27,0,0,0,0,0,0,0,0,0,0,0,0,0,0,0,0,190,253,201,21,0,0,137,239,253,253,183,0,0,0,0,0,0,0,0,0,0,0,0,0,0,0,0,0,220,254,111,12,51,211,253,253,195,219,248,41,0,0,0,0,0,0,0,0,0,0,0,0,0,0,0,0,220,253,196,211,253,254,200,83,0,116,253,129,0,0,0,0,0,0,0,0,0,0,0,0,0,0,0,0,202,254,253,254,229,132,6,0,0,116,253,129,0,0,0,0,0,0,0,0,0,0,0,0,0,0,0,0,26,123,153,82,25,0,0,0,0,70,220,128,0,0,0,0,0,0,0,0,0,0,0,0,0,0,0,0,0,0,0,0,0,0,0,0,0,0,0,0,0,0,0,0,0,0,0,0,0,0,0,0,0,0,0,0,0,0,0,0,0,0,0,0,0,0,0,0,0,0,0,0,0,0,0,0,0,0,0,0,0,0,0,0,0,0,0,0,0,0,0,0,0,0,0,0,0,0,0,0,0,0,0,0,0,0,0,0,0,0,0,0,0,0,0,0,0,0,0,0,0,0,0,0,0,0,0,0,0,0,0,0
3,0,0,0,0,0,0,0,0,0,0,0,0,0,0,0,0,0,0,0,0,0,0,0,0,0,0,0,0,0,0,0,0,0,0,0,0,0,0,0,0,0,0,0,0,0,0,0,0,0,0,0,0,0,0,0,0,0,0,0,0,0,0,0,0,0,0,0,0,0,0,0,0,0,0,0,0,0,0,0,0,0,0,0,0,0,0,0,0,0,0,0,0,0,0,0,0,0,0,0,0,0,0,0,0,0,0,0,0,0,0,0,0,0,0,0,0,0,0,0,0,0,0,19,71,155,253,254,254,254,227,101,0,0,0,0,0,0,0,0,0,0,0,0,0,0,0,0,0,7,113,224,253,253,248,243,181,150,253,228,0,0,0,0,0,0,0,0,0,0,0,0,0,0,0,0,0,174,253,253,202,89,37,0,0,15,253,228,0,0,0,0,0,0,0,0,0,0,0,0,0,0,0,0,0,161,222,101,16,0,0,0,0,102,253,228,0,0,0,0,0,0,0,0,0,0,0,0,0,0,0,0,0,0,0,0,0,0,0,0,0,183,253,189,0,0,0,0,0,0,0,0,0,0,0,0,0,0,0,0,0,0,0,0,0,0,0,13,117,250,253,88,0,0,0,0,0,0,0,0,0,0,0,0,0,0,0,0,0,0,0,0,0,0,0,138,253,248,141,8,0,0,0,0,0,0,0,0,0,0,0,0,0,0,0,0,0,0,0,0,0,15,197,251,244,123,0,0,0,0,0,0,0,0,0,0,0,0,0,0,0,0,0,0,0,0,0,0,0,171,253,253,216,90,0,0,0,0,0,0,0,0,0,0,0,0,0,0,0,0,0,0,0,0,0,0,0,118,233,253,253,253,183,37,0,0,0,0,0,0,0,0,0,0,0,0,0,0,0,0,0,0,0,0,0,0,29,49,73,194,253,220,31,0,0,0,0,0,0,0,0,0,0,0,0,0,0,0,0,0,0,0,0,0,0,0,0,6,122,247,98,0,0,0,0,0,0,0,0,0,0,0,0,0,0,0,0,11,8,0,0,0,0,0,0,0,0,224,241,22,0,0,0,0,0,0,0,0,0,0,0,0,0,0,41,227,58,0,0,0,0,0,0,0,0,224,253,120,0,0,0,0,0,0,0,0,0,0,0,0,0,0,121,194,6,0,0,0,0,0,0,0,7,227,253,70,0,0,0,0,0,0,0,0,0,0,0,0,0,0,120,253,87,0,0,0,0,0,0,5,167,253,228,14,0,0,0,0,0,0,0,0,0,0,0,0,0,0,65,243,251,162,22,0,0,15,59,181,253,254,160,0,0,0,0,0,0,0,0,0,0,0,0,0,0,0,0,101,253,253,218,189,189,216,253,253,253,164,19,0,0,0,0,0,0,0,0,0,0,0,0,0,0,0,0,3,72,224,253,254,253,253,253,251,142,13,0,0,0,0,0,0,0,0,0,0,0,0,0,0,0,0,0,0,0,19,148,230,253,212,130,51,0,0,0,0,0,0,0,0,0,0,0,0,0,0,0,0,0,0,0,0,0,0,0,0,0,0,0,0,0,0,0,0,0,0,0,0,0,0,0,0,0,0,0,0,0,0,0,0,0,0,0,0,0,0,0,0,0,0,0,0,0,0,0,0,0,0,0,0,0,0,0,0,0,0,0,0,0,0,0,0,0,0,0,0,0,0,0,0,0,0,0,0,0,0,0,0,0,0,0,0,0,0,0,0,0,0,0,0,0,0,0,0,0,0,0,0,0,0,0,0,0,0,0
9,0,0,0,0,0,0,0,0,0,0,0,0,0,0,0,0,0,0,0,0,0,0,0,0,0,0,0,0,0,0,0,0,0,0,0,0,0,0,0,0,0,0,0,0,0,0,0,0,0,0,0,0,0,0,0,0,0,0,0,0,0,0,0,0,0,0,0,0,0,0,0,0,0,0,0,0,0,0,0,0,0,0,0,0,0,0,0,0,0,0,0,0,0,0,0,0,0,0,0,0,0,0,0,0,0,0,0,0,0,0,0,0,0,0,0,0,0,0,0,0,0,0,0,0,0,0,0,0,0,0,0,0,0,0,0,0,0,0,0,0,0,0,0,0,0,0,0,0,0,0,0,0,0,0,0,0,0,0,0,0,0,0,0,0,0,0,0,0,0,0,0,0,0,0,0,0,0,0,0,11,80,163,255,234,195,120,0,0,0,0,0,0,0,0,0,0,0,0,0,0,0,0,0,0,0,16,139,225,253,233,199,229,214,251,170,20,0,0,0,0,0,0,0,0,0,0,0,0,0,0,0,0,14,196,253,247,177,49,0,21,11,84,253,205,9,0,0,0,0,0,0,0,0,0,0,0,0,0,0,54,193,254,184,92,0,0,0,0,0,4,157,254,18,0,0,0,0,0,0,0,0,0,0,0,0,0,0,199,253,136,5,0,0,0,0,0,0,0,26,254,50,0,0,0,0,0,0,0,0,0,0,0,0,0,0,200,195,0,0,0,0,0,0,0,0,0,0,255,109,0,0,0,0,0,0,0,0,0,0,0,0,0,0,199,162,0,0,0,0,0,0,0,0,0,33,254,56,0,0,0,0,0,0,0,0,0,0,0,0,0,0,199,240,46,0,0,0,0,0,0,0,0,124,254,18,0,0,0,0,0,0,0,0,0,0,0,0,0,0,154,253,219,64,16,0,0,0,0,0,60,238,196,4,0,0,0,0,0,0,0,0,0,0,0,0,0,0,6,169,254,253,242,181,181,124,91,104,238,253,52,0,0,0,0,0,0,0,0,0,0,0,0,0,0,0,0,0,59,142,191,254,254,255,254,254,254,254,0,0,0,0,0,0,0,0,0,0,0,0,0,0,0,0,0,0,0,0,3,18,83,109,108,116,233,253,0,0,0,0,0,0,0,0,0,0,0,0,0,0,0,0,0,0,0,0,0,0,0,0,0,37,253,253,0,0,0,0,0,0,0,0,0,0,0,0,0,0,0,0,0,0,0,0,0,0,0,0,0,37,253,253,0,0,0,0,0,0,0,0,0,0,0,0,0,0,0,0,0,0,0,0,0,0,0,0,0,69,253,188,0,0,0,0,0,0,0,0,0,0,0,0,0,0,0,0,0,0,0,0,0,0,0,0,0,153,248,52,0,0,0,0,0,0,0,0,0,0,0,0,0,0,0,0,0,0,0,0,0,0,0,0,0,217,235,0,0,0,0,0,0,0,0,0,0,0,0,0,0,0,0,0,0,0,0,0,0,0,0,0,28,235,235,0,0,0,0,0,0,0,0,0,0,0,0,0,0,0,0,0,0,0,0,0,0,0,0,0,55,253,196,0,0,0,0,0,0,0,0,0,0,0,0,0,0,0,0,0,0,0,0,0,0,0,0,0,120,253,112,0,0,0,0,0,0,0,0,0,0,0,0,0,0,0,0,0,0,0,0,0,0,0,0,0,0,0,0,0,0,0,0,0,0,0,0,0,0,0,0,0,0,0,0,0,0,0,0,0,0,0,0,0,0,0,0,0,0,0,0,0,0,0,0,0,0
1,0,0,0,0,0,0,0,0,0,0,0,0,0,0,0,0,0,0,0,0,0,0,0,0,0,0,0,0,0,0,0,0,0,0,0,0,0,0,0,0,0,0,0,0,0,0,0,0,0,0,0,0,0,0,0,0,0,0,0,0,0,0,0,0,0,0,0,0,0,0,0,0,0,0,0,0,0,0,0,0,0,0,0,0,0,0,0,0,0,0,0,0,0,0,0,0,0,0,0,0,0,0,0,0,0,0,0,0,0,0,0,0,0,0,0,0,0,0,0,0,0,0,0,0,0,0,0,0,0,0,0,0,0,0,0,0,0,0,0,0,0,0,0,0,0,0,0,0,0,0,0,0,0,0,128,255,255,128,0,0,0,0,0,0,0,0,0,0,0,0,0,0,0,0,0,0,0,0,0,0,0,0,128,255,191,0,0,0,0,0,0,0,0,0,0,0,0,0,0,0,0,0,0,0,0,0,0,0,0,0,128,255,128,0,0,0,0,0,0,0,0,0,0,0,0,0,0,0,0,0,0,0,0,0,0,0,0,0,128,255,128,0,0,0,0,0,0,0,0,0,0,0,0,0,0,0,0,0,0,0,0,0,0,0,0,0,128,255,128,0,0,0,0,0,0,0,0,0,0,0,0,0,0,0,0,0,0,0,0,0,0,0,0,0,128,255,128,0,0,0,0,0,0,0,0,0,0,0,0,0,0,0,0,0,0,0,0,0,0,0,0,0,128,255,64,0,0,0,0,0,0,0,0,0,0,0,0,0,0,0,0,0,0,0,0,0,0,0,0,0,255,255,0,0,0,0,0,0,0,0,0,0,0,0,0,0,0,0,0,0,0,0,0,0,0,0,0,0,255,255,0,0,0,0,0,0,0,0,0,0,0,0,0,0,0,0,0,0,0,0,0,0,0,0,0,0,255,128,0,0,0,0,0,0,0,0,0,0,0,0,0,0,0,0,0,0,0,0,0,0,0,0,0,128,255,128,0,0,0,0,0,0,0,0,0,0,0,0,0,0,0,0,0,0,0,0,0,0,0,0,0,191,255,128,0,0,0,0,0,0,0,0,0,0,0,0,0,0,0,0,0,0,0,0,0,0,0,0,0,255,255,0,0,0,0,0,0,0,0,0,0,0,0,0,0,0,0,0,0,0,0,0,0,0,0,0,0,255,128,0,0,0,0,0,0,0,0,0,0,0,0,0,0,0,0,0,0,0,0,0,0,0,0,0,0,255,128,0,0,0,0,0,0,0,0,0,0,0,0,0,0,0,0,0,0,0,0,0,0,0,0,0,0,255,128,0,0,0,0,0,0,0,0,0,0,0,0,0,0,0,0,0,0,0,0,0,0,0,0,0,64,255,128,0,0,0,0,0,0,0,0,0,0,0,0,0,0,0,0,0,0,0,0,0,0,0,0,0,128,255,128,0,0,0,0,0,0,0,0,0,0,0,0,0,0,0,0,0,0,0,0,0,0,0,0,0,64,255,128,0,0,0,0,0,0,0,0,0,0,0,0,0,0,0,0,0,0,0,0,0,0,0,0,0,0,255,128,0,0,0,0,0,0,0,0,0,0,0,0,0,0,0,0,0,0,0,0,0,0,0,0,0,0,0,0,0,0,0,0,0,0,0,0,0,0,0,0,0,0,0,0,0,0,0,0,0,0,0,0,0,0,0,0,0,0,0,0,0,0,0,0,0,0,0,0,0,0,0,0,0,0,0,0,0,0,0,0,0,0,0,0,0,0,0,0,0,0,0,0,0,0,0,0,0
7,0,0,0,0,0,0,0,0,0,0,0,0,0,0,0,0,0,0,0,0,0,0,0,0,0,0,0,0,0,0,0,0,0,0,0,0,0,0,0,0,0,0,0,0,0,0,0,0,0,0,0,0,0,0,0,0,0,0,0,0,0,0,0,0,0,0,0,0,0,0,0,0,0,0,0,0,0,0,0,0,0,0,0,0,0,0,0,0,0,0,0,0,0,0,0,0,0,0,0,0,0,0,0,0,0,0,0,0,0,0,0,0,0,0,0,0,0,0,0,0,0,0,0,0,0,0,0,0,0,0,0,0,0,0,0,0,0,0,0,0,0,0,0,0,0,0,0,0,0,0,0,0,0,0,0,0,0,0,0,0,0,0,0,0,0,0,0,0,0,0,0,0,0,0,0,0,0,0,54,223,255,254,164,0,0,0,0,0,0,0,0,0,0,0,0,0,0,0,0,0,0,0,0,0,14,170,249,253,253,253,250,37,0,0,0,0,0,0,0,0,0,0,0,0,0,0,0,0,0,0,0,0,95,253,253,198,162,241,253,155,0,0,0,0,0,0,0,0,0,0,0,0,0,0,0,0,0,0,0,0,95,170,160,21,0,132,253,201,0,0,0,0,0,0,0,0,0,0,0,0,0,0,0,0,0,0,0,0,0,0,0,0,0,63,253,228,27,0,0,0,0,0,0,0,0,0,0,0,0,0,0,0,0,0,0,0,0,0,0,0,0,63,253,253,51,0,0,0,0,0,0,0,0,0,0,0,0,0,0,0,0,0,0,0,0,0,0,0,0,63,253,253,51,0,0,0,0,0,0,0,0,0,0,0,0,0,0,0,0,0,0,0,0,0,0,0,0,63,253,241,39,0,22,76,166,166,166,92,0,0,0,0,0,0,0,0,0,0,0,0,0,0,0,0,0,63,253,224,110,169,227,253,253,155,75,23,0,0,0,0,0,0,0,0,0,0,0,0,0,0,0,0,25,144,253,253,253,253,253,213,98,10,0,0,0,0,0,0,0,0,0,0,0,0,0,0,0,33,194,202,226,253,253,253,253,197,77,24,0,0,0,0,0,0,0,0,0,0,0,0,0,0,0,0,0,168,253,253,253,253,253,148,26,2,0,0,0,0,0,0,0,0,0,0,0,0,0,0,0,0,0,0,0,21,73,93,152,253,212,0,0,0,0,0,0,0,0,0,0,0,0,0,0,0,0,0,0,0,0,0,0,0,0,9,221,253,131,0,0,0,0,0,0,0,0,0,0,0,0,0,0,0,0,0,0,0,0,0,0,0,0,116,253,253,41,0,0,0,0,0,0,0,0,0,0,0,0,0,0,0,0,0,0,0,0,0,0,0,0,125,253,223,21,0,0,0,0,0,0,0,0,0,0,0,0,0,0,0,0,0,0,0,0,0,0,0,7,197,249,98,0,0,0,0,0,0,0,0,0,0,0,0,0,0,0,0,0,0,0,0,0,0,0,0,116,253,238,0,0,0,0,0,0,0,0,0,0,0,0,0,0,0,0,0,0,0,0,0,0,0,0,0,196,253,148,0,0,0,0,0,0,0,0,0,0,0,0,0,0,0,0,0,0,0,0,0,0,0,0,0,180,121,6,0,0,0,0,0,0,0,0,0,0,0,0,0,0,0,0,0,0,0,0,0,0,0,0,0,0,0,0,0,0,0,0,0,0,0,0,0,0,0,0,0,0,0,0,0,0,0,0,0,0,0,0,0,0,0,0,0,0,0,0,0,0,0,0,0,0,0,0,0,0,0
4,0,0,0,0,0,0,0,0,0,0,0,0,0,0,0,0,0,0,0,0,0,0,0,0,0,0,0,0,0,0,0,0,0,0,0,0,0,0,0,0,0,0,0,0,0,0,0,0,0,0,0,0,0,0,0,0,0,0,0,0,0,0,0,0,0,0,0,0,0,0,0,0,0,0,0,0,0,0,0,0,0,0,0,0,0,0,0,0,0,0,0,0,0,0,0,0,0,0,0,0,0,0,0,0,0,0,0,0,0,0,0,0,0,0,0,0,0,0,0,0,0,0,0,0,0,0,0,0,0,0,0,0,0,0,0,0,0,0,0,0,0,0,0,0,0,0,0,0,0,1,194,118,0,0,0,0,0,0,0,0,0,0,0,0,0,0,0,0,0,0,0,0,0,0,0,0,0,24,254,133,0,0,0,0,0,0,0,0,0,0,0,0,0,0,0,0,0,0,0,0,0,0,0,0,0,84,254,101,0,0,0,1,4,2,0,0,0,0,0,0,0,0,0,0,0,0,0,0,0,0,0,0,0,147,230,12,0,0,0,16,254,110,0,0,0,0,0,0,0,0,0,0,0,0,0,0,0,0,0,0,0,236,157,0,0,0,0,16,254,70,0,0,0,0,0,0,0,0,0,0,0,0,0,0,0,0,0,0,54,253,118,0,0,0,0,18,254,59,0,0,0,0,0,0,0,0,0,0,0,0,0,0,0,0,0,0,91,237,0,0,0,0,0,92,254,110,0,0,0,0,0,0,0,0,0,0,0,0,0,0,0,0,0,0,133,171,0,0,0,0,0,28,254,110,0,0,0,0,0,0,0,0,0,0,0,0,0,0,0,0,0,0,133,174,0,0,0,0,10,27,254,159,59,0,0,0,0,0,0,0,0,0,0,0,0,0,0,0,0,0,77,253,157,115,118,190,245,254,254,254,247,34,0,0,0,0,0,0,0,0,0,0,0,0,0,0,0,0,9,111,237,254,254,206,144,148,254,194,150,0,0,0,0,0,0,0,0,0,0,0,0,0,0,0,0,0,0,0,8,11,11,3,0,10,233,186,0,0,0,0,0,0,0,0,0,0,0,0,0,0,0,0,0,0,0,0,0,0,0,0,0,0,194,186,0,0,0,0,0,0,0,0,0,0,0,0,0,0,0,0,0,0,0,0,0,0,0,0,0,0,194,186,0,0,0,0,0,0,0,0,0,0,0,0,0,0,0,0,0,0,0,0,0,0,0,0,0,0,143,212,3,0,0,0,0,0,0,0,0,0,0,0,0,0,0,0,0,0,0,0,0,0,0,0,0,0,119,254,7,0,0,0,0,0,0,0,0,0,0,0,0,0,0,0,0,0,0,0,0,0,0,0,0,0,119,194,1,0,0,0,0,0,0,0,0,0,0,0,0,0,0,0,0,0,0,0,0,0,0,0,0,0,119,233,19,0,0,0,0,0,0,0,0,0,0,0,0,0,0,0,0,0,0,0,0,0,0,0,0,0,119,255,159,0,0,0,0,0,0,0,0,0,0,0,0,0,0,0,0,0,0,0,0,0,0,0,0,0,38,201,89,0,0,0,0,0,0,0,0,0,0,0,0,0,0,0,0,0,0,0,0,0,0,0,0,0,0,0,0,0,0,0,0,0,0,0,0,0,0,0,0,0,0,0,0,0,0,0,0,0,0,0,0,0,0,0,0,0,0,0,0,0,0,0,0,0,0,0,0,0,0,0,0,0,0,0,0,0,0,0,0,0,0,0,0,0,0,0,0,0,0,0,0,0
0,0,0,0,0,0,0,0,0,0,0,0,0,0,0,0,0,0,0,0,0,0,0,0,0,0,0,0,0,0,0,0,0,0,0,0,0,0,0,0,0,0,0,0,0,0,0,0,0,0,0,0,0,0,0,0,0,0,0,0,0,0,0,0,0,0,0,0,0,0,0,0,0,0,0,0,0,0,0,0,0,0,0,0,0,0,0,0,0,0,0,0,0,0,0,0,0,0,0,0,0,0,0,0,0,0,0,0,0,0,0,0,0,0,0,0,0,0,0,0,0,0,0,79,216,230,205,0,0,0,0,0,0,0,0,0,0,0,0,0,0,0,0,0,0,0,0,0,0,36,192,246,140,18,8,0,0,2,38,3,0,0,0,0,0,0,0,0,0,0,0,0,0,0,0,1,101,250,211,112,2,0,39,128,198,200,254,149,97,3,0,0,0,0,0,0,0,0,0,0,0,0,0,10,254,254,47,0,0,37,177,254,242,181,254,254,254,75,0,0,0,0,0,0,0,0,0,0,0,0,0,10,254,192,4,0,0,123,218,89,16,5,113,129,211,174,23,0,0,0,0,0,0,0,0,0,0,0,17,119,254,36,0,0,0,58,12,0,0,0,0,0,207,254,226,31,0,0,0,0,0,0,0,0,0,0,105,254,169,6,0,0,0,0,0,0,0,0,0,0,176,254,254,104,0,0,0,0,0,0,0,0,0,0,223,254,85,0,0,0,0,0,0,0,0,0,0,0,46,142,250,187,0,0,0,0,0,0,0,0,0,57,245,247,85,0,0,0,0,0,0,0,0,0,0,0,0,110,254,225,0,0,0,0,0,0,0,0,0,67,230,212,22,0,0,0,0,0,0,0,0,0,0,0,0,179,254,201,25,0,0,0,0,0,0,0,0,67,254,210,0,0,0,0,0,0,0,0,0,0,0,0,0,145,254,255,66,0,0,0,0,0,0,0,0,67,254,244,0,0,0,0,0,0,0,0,0,0,0,0,0,179,254,179,8,0,0,0,0,0,0,0,0,67,254,244,0,0,0,0,0,0,0,0,0,0,0,0,0,179,254,131,0,0,0,0,0,0,0,0,0,47,245,247,25,0,0,0,0,0,0,0,0,0,0,0,13,229,254,104,0,0,0,0,0,0,0,0,0,0,122,254,213,11,0,0,0,0,0,0,0,0,0,0,159,254,243,30,0,0,0,0,0,0,0,0,0,0,21,222,254,140,4,0,0,0,0,0,0,0,0,46,245,254,190,0,0,0,0,0,0,0,0,0,0,0,0,35,225,254,110,0,0,0,0,0,0,0,26,214,254,194,34,0,0,0,0,0,0,0,0,0,0,0,0,0,34,222,253,178,95,51,0,43,65,78,150,254,242,31,0,0,0,0,0,0,0,0,0,0,0,0,0,0,0,21,122,225,242,249,217,245,250,254,235,208,52,0,0,0,0,0,0,0,0,0,0,0,0,0,0,0,0,0,0,0,39,66,101,160,194,121,22,0,0,0,0,0,0,0,0,0,0,0,0,0,0,0,0,0,0,0,0,0,0,0,0,0,0,0,0,0,0,0,0,0,0,0,0,0,0,0,0,0,0,0,0,0,0,0,0,0,0,0,0,0,0,0,0,0,0,0,0,0,0,0,0,0,0,0,0,0,0,0,0,0,0,0,0,0,0,0,0,0,0,0,0,0,0,0,0,0,0,0,0,0,0,0,0,0,0,0,0,0,0,0,0,0,0,0,0,0,0,0,0,0,0,0,0,0,0,0,0,0,0
3,0,0,0,0,0,0,0,0,0,0,0,0,0,0,0,0,0,0,0,0,0,0,0,0,0,0,0,0,0,0,0,0,0,0,0,0,0,0,0,0,0,0,0,0,0,0,0,0,0,0,0,0,0,0,0,0,0,0,0,0,0,0,0,0,0,0,0,0,0,0,0,0,0,0,0,0,0,0,0,0,0,0,0,0,0,0,0,0,0,0,0,0,0,0,0,0,0,0,0,0,0,0,0,0,0,0,0,0,0,0,0,0,0,0,0,0,0,0,0,0,0,27,131,215,254,254,254,228,64,0,0,0,0,0,0,0,0,0,0,0,0,0,0,0,0,0,0,0,50,216,254,221,153,179,198,234,249,105,0,0,0,0,0,0,0,0,0,0,0,0,0,0,0,0,0,0,199,240,69,16,0,0,0,49,231,222,8,0,0,0,0,0,0,0,0,0,0,0,0,0,0,0,0,0,199,162,0,0,0,0,0,0,74,253,131,0,0,0,0,0,0,0,0,0,0,0,0,0,0,0,0,0,167,98,0,0,0,0,0,0,55,253,202,0,0,0,0,0,0,0,0,0,0,0,0,0,0,0,0,0,0,0,0,0,0,0,0,0,81,254,119,0,0,0,0,0,0,0,0,0,0,0,0,0,0,0,0,0,0,0,0,0,0,0,0,62,239,199,4,0,0,0,0,0,0,0,0,0,0,0,0,0,0,0,0,0,0,0,0,0,6,37,102,241,212,31,0,0,0,0,0,0,0,0,0,0,0,0,0,0,0,0,0,0,0,14,77,109,194,253,253,254,202,109,103,19,0,0,0,0,0,0,0,0,0,0,0,0,0,0,0,0,79,232,254,253,253,253,253,254,253,253,253,253,182,45,0,0,0,0,0,0,0,0,0,0,0,0,0,0,79,207,182,129,46,0,0,92,91,91,98,148,255,254,36,0,0,0,0,0,0,0,0,0,0,0,0,0,0,7,0,0,0,0,0,0,0,0,0,0,102,249,107,0,0,0,0,0,0,0,0,0,0,0,0,0,0,0,0,0,0,0,0,0,0,0,0,0,0,157,248,47,0,0,0,0,0,0,0,0,0,0,0,0,0,0,0,0,0,0,0,0,0,0,0,0,38,224,224,12,0,0,0,0,0,0,0,0,0,0,0,0,0,0,0,0,0,0,0,0,0,0,0,33,195,253,151,0,0,0,0,0,0,0,0,0,0,0,0,0,0,0,0,0,0,0,0,0,0,0,38,228,255,160,13,0,0,0,0,0,0,0,0,0,0,0,71,235,134,0,0,0,0,0,0,16,74,145,224,253,134,8,0,0,0,0,0,0,0,0,0,0,0,0,132,253,231,95,27,0,6,43,128,228,253,234,210,94,13,0,0,0,0,0,0,0,0,0,0,0,0,0,12,113,242,253,238,199,207,253,253,235,130,27,0,0,0,0,0,0,0,0,0,0,0,0,0,0,0,0,0,0,31,136,254,253,240,155,72,0,0,0,0,0,0,0,0,0,0,0,0,0,0,0,0,0,0,0,0,0,0,0,0,0,0,0,0,0,0,0,0,0,0,0,0,0,0,0,0,0,0,0,0,0,0,0,0,0,0,0,0,0,0,0,0,0,0,0,0,0,0,0,0,0,0,0,0,0,0,0,0,0,0,0,0,0,0,0,0,0,0,0,0,0,0,0,0,0,0,0,0,0,0,0,0,0,0,0,0,0,0,0,0,0,0,0,0,0,0,0,0,0,0,0,0,0,0,0,0,0,0,0,0,0
5,0,0,0,0,0,0,0,0,0,0,0,0,0,0,0,0,0,0,0,0,0,0,0,0,0,0,0,0,0,0,0,0,0,0,0,0,0,0,0,0,0,0,0,0,0,0,0,0,0,0,0,0,0,0,0,0,0,0,0,0,0,0,0,0,0,0,0,0,0,0,0,0,0,0,0,0,0,0,0,0,0,0,0,0,0,0,0,0,0,0,0,0,0,0,0,0,0,0,0,0,0,0,0,0,0,0,0,0,0,0,0,0,0,0,0,0,0,0,0,0,0,0,0,0,0,0,0,0,0,0,0,0,0,0,0,0,0,0,0,0,0,0,0,0,0,0,0,0,0,11,7,0,0,31,174,147,43,201,209,156,43,43,11,0,0,0,0,0,0,0,0,0,0,0,0,0,8,171,200,146,111,133,252,226,253,252,252,252,252,253,127,43,0,0,0,0,0,0,0,0,0,0,0,0,75,252,252,250,117,118,205,126,232,231,242,244,244,253,244,233,77,0,0,0,0,0,0,0,0,0,0,0,127,252,252,211,0,0,0,0,0,0,42,49,49,84,49,49,28,0,0,0,0,0,0,0,0,0,0,0,127,252,252,167,0,0,0,0,0,0,0,0,0,0,0,0,0,0,0,0,0,0,0,0,0,0,0,0,189,253,253,107,0,0,0,0,0,0,0,0,0,0,0,0,0,0,0,0,0,0,0,0,0,0,0,0,188,252,252,27,0,0,0,0,0,0,0,0,0,0,0,0,0,0,0,0,0,0,0,0,0,0,0,131,251,252,252,0,9,29,153,232,22,6,0,0,0,0,0,0,0,0,0,0,0,0,0,0,0,0,0,190,252,252,252,38,178,246,252,252,253,89,0,0,0,0,0,0,0,0,0,0,0,0,0,0,0,0,0,190,252,252,252,236,252,252,252,208,253,239,106,0,0,0,0,0,0,0,0,0,0,0,0,0,0,0,0,36,242,253,253,254,253,152,0,0,87,253,245,67,0,0,0,0,0,0,0,0,0,0,0,0,0,0,0,0,153,252,252,239,89,5,0,0,11,205,252,189,0,0,0,0,0,0,0,0,0,0,0,0,0,0,0,0,19,126,126,17,0,0,0,0,0,190,252,189,0,0,0,0,0,0,0,0,0,0,0,0,0,0,0,0,0,0,0,0,0,0,0,0,29,232,252,189,0,0,0,0,0,0,0,0,0,0,0,0,0,0,0,0,0,0,0,0,0,0,0,0,130,252,252,189,0,0,0,0,0,0,0,0,0,0,0,0,0,0,0,0,0,0,0,0,0,0,0,80,255,253,253,190,0,0,0,0,0,0,0,0,0,0,0,0,0,0,0,0,0,0,0,15,21,8,112,242,253,252,252,189,0,0,0,0,0,0,0,0,0,0,0,0,0,0,0,0,0,0,0,96,228,181,252,252,253,252,252,180,0,0,0,0,0,0,0,0,0,0,0,0,0,0,0,0,0,0,0,49,49,133,252,252,253,252,212,28,0,0,0,0,0,0,0,0,0,0,0,0,0,0,0,0,0,0,0,0,0,83,252,252,236,147,29,0,0,0,0,0,0,0,0,0,0,0,0,0,0,0,0,0,0,0,0,0,0,0,0,0,0,0,0,0,0,0,0,0,0,0,0,0,0,0,0,0,0,0,0,0,0,0,0,0,0,0,0,0,0,0,0,0,0,0,0,0,0,0,0,0,0,0,0,0,0,0,0,0,0,0,0,0,0,0,0,0,0,0,0,0,0,0,0,0,0,0,0,0
5,0,0,0,0,0,0,0,0,0,0,0,0,0,0,0,0,0,0,0,0,0,0,0,0,0,0,0,0,0,0,0,0,0,0,0,0,0,0,0,0,0,0,0,0,0,0,0,0,0,0,0,0,0,0,0,0,0,0,0,0,0,0,0,0,0,0,0,0,0,0,0,0,0,0,0,0,0,0,0,0,0,0,0,0,0,0,0,0,0,0,0,0,0,0,0,0,0,0,0,0,0,0,0,0,0,0,0,0,0,0,0,0,0,0,0,0,0,0,0,0,0,0,0,0,0,0,0,0,0,0,0,0,0,0,0,0,0,0,0,0,0,0,0,0,0,0,0,0,0,0,0,0,0,0,0,0,0,0,0,0,0,0,0,0,0,0,0,0,0,0,0,0,0,0,0,0,0,0,0,0,0,0,0,0,0,0,0,0,0,0,0,0,0,0,0,0,0,0,0,0,0,0,0,0,0,0,0,0,0,0,0,0,0,0,0,0,0,0,0,0,0,0,0,0,0,0,0,0,0,0,0,0,0,0,0,0,0,0,0,0,0,50,154,213,157,195,106,64,0,0,0,0,0,0,0,0,0,0,0,51,56,160,192,192,192,192,192,192,192,232,253,253,253,253,253,243,192,119,0,0,0,0,0,0,0,0,99,247,253,253,253,253,253,253,253,253,253,253,253,253,253,242,227,248,133,156,0,0,0,0,0,0,0,0,254,253,253,253,253,245,239,239,252,246,243,224,103,103,103,69,25,86,0,0,0,0,0,0,0,0,0,0,183,253,253,253,253,180,64,0,111,57,33,0,0,0,0,0,0,0,0,0,0,0,0,0,0,0,0,0,3,174,253,253,253,253,250,114,12,0,0,0,0,0,0,0,0,0,0,0,0,0,0,0,0,0,0,0,0,10,68,164,224,253,253,253,230,91,0,0,0,0,0,0,0,0,0,0,0,0,0,0,0,0,0,0,0,0,0,0,32,55,184,214,253,240,93,0,0,0,0,0,0,0,0,0,0,0,0,0,0,0,0,0,0,0,0,0,0,0,0,30,191,218,240,65,0,0,0,0,0,0,0,0,0,0,0,0,0,0,0,0,0,0,0,0,0,0,0,0,0,62,246,178,0,0,0,0,0,0,0,0,0,0,0,0,0,0,0,0,0,0,0,0,0,0,0,0,0,2,187,241,63,0,0,0,0,0,0,0,0,0,0,0,0,0,0,0,0,0,0,0,0,0,0,0,0,136,253,240,56,0,0,0,0,0,0,0,0,0,0,0,0,0,0,0,0,0,0,0,0,6,104,163,241,251,253,226,0,0,0,0,0,0,0,0,0,0,0,0,0,0,0,0,0,0,0,167,220,222,253,253,253,253,237,78,0,0,0,0,0,0,0,0,0,0,0,0,0,0,0,0,0,0,0,145,200,253,253,253,253,203,81,0,0,0,0,0,0,0,0,0,0,0,0,0,0,0,0,0,0,0,0,0,11,82,141,75,75,14,0,0,0,0,0,0,0,0,0,0,0,0,0,0,0,0,0,0,0,0,0,0,0,0,0,0,0,0,0,0,0,0,0,0,0,0,0,0,0,0,0,0,0,0,0,0,0,0,0,0,0,0,0,0,0,0,0,0,0,0,0,0,0,0,0,0,0,0,0,0,0,0,0,0,0,0,0,0,0,0,0,0,0,0,0,0,0,0,0,0,0,0,0,0,0,0,0,0,0,0,0,0,0,0,0,0,0,0,0,0,0,0,0,0,0,0,0,0,0,0,0,0,0,0
8,0,0,0,0,0,0,0,0,0,0,0,0,0,0,0,0,0,0,0,0,0,0,0,0,0,0,0,0,0,0,0,0,0,0,0,0,0,0,0,0,0,0,0,0,0,0,0,0,0,0,0,0,0,0,0,0,0,0,0,0,0,0,0,0,0,0,0,0,0,0,0,0,0,0,0,0,0,0,0,0,0,0,0,0,0,0,0,0,0,0,0,0,0,0,0,0,0,0,0,0,0,0,0,0,0,0,0,0,0,0,0,0,0,0,0,0,0,0,0,0,0,0,0,0,132,218,121,27,0,0,0,0,0,0,0,0,0,0,0,0,0,0,0,0,0,0,0,0,0,0,63,210,254,220,214,188,146,18,0,0,0,0,0,0,0,0,0,0,0,0,0,0,0,0,0,0,0,0,98,239,254,249,251,254,255,236,140,19,0,0,0,0,0,0,0,0,0,0,0,0,0,0,0,0,0,0,98,242,254,254,254,254,254,254,254,121,4,0,0,0,0,0,0,0,0,0,0,0,0,0,0,0,0,2,175,254,254,254,254,254,254,205,209,254,62,0,0,0,0,0,0,0,0,0,0,0,0,0,0,0,0,58,254,254,254,254,254,193,67,19,22,182,112,0,0,0,0,0,0,0,0,0,0,0,0,0,0,0,13,191,254,254,254,254,224,14,0,0,0,157,112,0,0,0,0,0,0,0,0,0,0,0,0,0,0,0,24,236,254,254,254,254,97,0,0,0,0,157,112,0,0,0,0,0,0,0,0,0,0,0,0,0,0,0,36,254,254,254,254,254,31,0,0,0,0,66,16,0,0,0,0,0,0,0,0,0,0,0,0,0,0,0,17,227,254,254,254,254,228,181,204,191,61,0,0,0,0,0,0,0,0,0,0,0,0,0,0,0,0,0,0,83,246,254,254,254,254,254,254,254,241,18,0,0,0,0,0,0,0,0,0,0,0,0,0,0,0,0,0,0,81,249,254,254,254,254,254,254,254,164,16,0,0,0,0,0,0,0,0,0,0,0,0,0,0,0,0,0,0,111,254,254,254,252,187,250,254,254,113,0,0,0,0,0,0,0,0,0,0,0,0,0,0,0,0,0,7,198,254,254,196,45,0,2,170,254,237,24,0,0,0,0,0,0,0,0,0,0,0,0,0,0,0,0,33,254,254,254,34,0,0,0,60,252,254,36,0,0,0,0,0,0,0,0,0,0,0,0,0,0,0,0,118,254,254,213,10,0,0,0,46,251,205,16,0,0,0,0,0,0,0,0,0,0,0,0,0,0,0,12,222,254,254,254,145,56,41,41,140,244,63,0,0,0,0,0,0,0,0,0,0,0,0,0,0,0,0,5,191,254,254,254,254,254,254,254,254,106,0,0,0,0,0,0,0,0,0,0,0,0,0,0,0,0,0,0,31,246,254,254,254,254,254,243,92,2,0,0,0,0,0,0,0,0,0,0,0,0,0,0,0,0,0,0,0,26,195,196,196,165,96,21,0,0,0,0,0,0,0,0,0,0,0,0,0,0,0,0,0,0,0,0,0,0,0,0,0,0,0,0,0,0,0,0,0,0,0,0,0,0,0,0,0,0,0,0,0,0,0,0,0,0,0,0,0,0,0,0,0,0,0,0,0,0,0,0,0,0,0,0,0,0,0,0,0,0,0,0,0,0,0,0,0,0,0,0,0,0,0,0,0,0,0,0,0,0,0,0,0,0,0,0,0,0,0,0,0,0,0,0,0,0,0,0,0,0,0,0,0,0,0,0,0,0
6,0,0,0,0,0,0,0,0,0,0,0,0,0,0,0,0,0,0,0,0,0,0,0,0,0,0,0,0,0,0,0,0,0,0,0,0,0,0,0,0,0,0,0,0,0,0,0,0,0,0,0,0,0,0,0,0,0,0,0,0,0,0,0,0,0,0,0,0,0,0,0,0,0,0,0,0,0,0,0,0,0,0,0,0,0,0,0,0,0,0,0,47,254,254,231,46,0,0,0,0,0,0,0,0,0,0,0,0,0,0,0,0,0,0,0,0,0,0,0,47,253,253,253,115,0,0,0,0,0,0,0,0,0,0,0,0,0,0,0,0,0,0,0,0,0,0,0,47,253,253,253,115,0,0,0,0,0,0,0,0,0,0,0,0,0,0,0,0,0,0,0,0,0,0,0,103,253,253,215,3,0,0,0,0,0,0,0,0,0,0,0,0,0,0,0,0,0,0,0,0,0,0,16,208,253,253,191,0,0,0,0,0,0,0,0,0,0,0,0,0,0,0,0,0,0,0,0,0,0,0,101,253,253,253,61,0,0,0,0,0,0,0,0,0,0,0,0,0,0,0,0,0,0,0,0,0,0,0,246,253,253,222,41,0,0,0,0,0,0,0,0,0,0,0,0,0,0,0,0,0,0,0,0,0,0,0,254,253,253,160,0,0,0,0,0,0,0,0,0,0,0,0,0,0,0,0,0,0,0,0,0,0,0,0,255,253,253,160,0,0,0,0,0,0,0,0,0,0,0,0,0,0,0,0,0,0,0,0,0,0,0,0,254,253,253,160,0,0,0,0,0,0,0,0,69,87,231,231,130,0,0,0,0,0,0,0,0,0,0,0,240,253,253,169,6,0,0,0,0,0,31,177,244,253,253,253,251,177,46,0,0,0,0,0,0,0,0,0,101,253,253,253,61,0,0,0,0,38,214,253,253,253,253,253,253,253,199,0,0,0,0,0,0,0,0,0,73,239,253,253,207,32,0,0,37,219,253,253,191,183,183,183,228,253,247,129,0,0,0,0,0,0,0,0,0,191,253,253,253,123,16,25,213,253,252,162,10,0,0,0,162,253,253,253,0,0,0,0,0,0,0,0,0,47,253,253,253,253,253,169,253,253,230,0,0,0,54,116,203,253,253,182,0,0,0,0,0,0,0,0,0,7,127,214,253,253,253,253,253,253,250,216,216,216,233,253,253,253,202,75,0,0,0,0,0,0,0,0,0,0,0,34,208,249,253,253,253,253,253,253,253,253,253,253,248,179,17,0,0,0,0,0,0,0,0,0,0,0,0,0,0,139,253,253,253,253,253,253,253,253,253,227,53,0,0,0,0,0,0,0,0,0,0,0,0,0,0,0,0,25,45,157,199,248,248,199,199,96,45,34,0,0,0,0,0,0,0,0,0,0,0,0,0,0,0,0,0,0,0,0,0,91,90,0,0,0,0,0,0,0,0,0,0,0,0,0,0,0,0,0,0,0,0,0,0,0,0,0,0,0,0,0,0,0,0,0,0,0,0,0,0,0,0,0,0,0,0,0,0,0,0,0,0,0,0,0,0,0,0,0,0,0,0,0,0,0,0,0,0,0,0,0,0,0,0,0,0,0,0,0,0,0,0,0,0,0,0,0,0,0,0,0,0,0,0,0,0,0,0,0,0,0,0,0,0,0,0,0,0,0,0,0,0,0,0,0,0,0,0,0,0,0,0,0,0,0,0,0,0,0,0,0,0,0,0,0,0,0,0,0,0,0,0,0,0,0,0,0,0,0,0,0,0,0
3,0,0,0,0,0,0,0,0,0,0,0,0,0,0,0,0,0,0,0,0,0,0,0,0,0,0,0,0,0,0,0,0,0,0,0,0,0,0,0,0,0,0,0,0,0,0,0,0,0,0,0,0,0,0,0,0,0,0,0,0,0,0,0,0,0,0,0,0,0,0,0,0,0,0,0,0,0,0,0,0,0,0,0,0,0,0,0,0,0,0,0,0,0,0,0,0,0,0,0,0,0,0,0,0,0,0,0,0,0,0,0,0,0,0,0,0,0,0,0,0,0,0,0,0,0,0,0,0,0,0,0,0,0,0,0,0,0,0,0,0,0,0,0,0,0,0,0,0,0,0,0,0,0,59,59,127,246,178,97,32,0,0,0,0,0,0,0,0,0,0,0,0,0,0,0,0,5,20,12,126,214,254,253,253,253,253,254,135,0,0,0,0,0,0,0,0,0,0,0,0,0,0,0,0,156,253,223,253,253,254,253,253,192,253,254,135,0,0,0,0,0,0,0,0,0,0,0,0,0,0,0,143,254,253,253,216,79,42,41,143,193,253,207,63,0,0,0,0,0,0,0,0,0,0,0,0,0,0,0,120,254,253,192,27,0,0,128,235,253,215,23,0,0,0,0,0,0,0,0,0,0,0,0,0,0,0,0,0,255,254,148,156,194,255,254,213,128,0,0,0,0,0,0,0,0,0,0,0,0,0,0,0,0,0,0,0,61,235,253,253,253,136,53,12,0,0,0,0,0,0,0,0,0,0,0,0,0,0,0,0,0,0,0,0,0,184,253,253,253,153,73,0,0,0,0,0,0,0,0,0,0,0,0,0,0,0,0,0,0,0,0,0,0,9,87,169,229,254,251,204,84,9,0,0,0,0,0,0,0,0,0,0,0,0,0,0,0,0,0,0,0,0,0,0,23,81,238,253,253,170,76,0,0,0,0,0,0,0,0,0,0,0,0,0,0,0,0,0,0,0,0,0,0,0,0,68,219,254,255,122,0,0,0,0,0,0,0,0,0,0,0,0,0,0,0,0,0,0,0,0,0,0,0,0,21,114,238,250,117,2,0,0,0,0,0,0,0,0,0,0,0,0,0,0,0,0,0,0,0,0,0,0,0,0,59,253,253,19,0,0,0,0,0,0,0,0,0,0,4,12,0,0,0,0,0,0,0,0,0,0,0,0,5,217,253,110,0,0,0,0,0,0,0,0,0,0,95,212,90,0,0,0,0,0,0,0,0,0,0,0,0,214,253,117,0,0,0,0,0,0,0,0,0,0,16,213,254,178,61,0,0,0,0,0,0,0,0,0,37,239,254,95,0,0,0,0,0,0,0,0,0,0,0,12,181,248,230,87,14,0,0,0,0,0,0,8,186,253,247,18,0,0,0,0,0,0,0,0,0,0,0,0,0,60,223,253,229,74,0,0,0,25,94,205,254,253,144,0,0,0,0,0,0,0,0,0,0,0,0,0,0,0,12,72,226,250,159,137,182,240,253,253,207,71,6,0,0,0,0,0,0,0,0,0,0,0,0,0,0,0,0,0,18,58,58,178,253,253,162,80,23,0,0,0,0,0,0,0,0,0,0,0,0,0,0,0,0,0,0,0,0,0,0,0,0,0,0,0,0,0,0,0,0,0,0,0,0,0,0,0,0,0,0,0,0,0,0,0,0,0,0,0,0,0,0,0,0,0,0,0,0,0,0,0,0,0,0,0,0,0,0,0,0,0,0,0,0,0,0,0,0,0,0,0,0,0,0,0,0,0,0,0,0,0
2,0,0,0,0,0,0,0,0,0,0,0,0,0,0,0,0,0,0,0,0,0,0,0,0,0,0,0,0,0,0,0,0,0,0,0,0,0,0,0,0,0,0,0,0,0,0,0,0,0,0,0,0,0,0,0,0,0,0,0,0,0,0,0,0,0,0,0,0,0,0,0,0,0,0,0,0,0,0,0,0,0,0,0,0,0,0,0,0,0,0,0,0,0,0,0,0,0,0,0,0,0,0,0,0,0,0,0,0,0,0,0,0,0,0,0,0,0,0,0,0,0,0,0,0,0,0,0,0,0,0,0,0,0,0,0,0,0,0,0,0,0,0,0,0,0,0,0,0,0,0,0,0,0,96,143,255,254,187,70,0,0,0,0,0,0,0,0,0,0,0,0,0,0,0,0,0,0,0,0,154,234,250,253,253,253,253,245,189,73,0,0,0,0,0,0,0,0,0,0,0,0,0,0,0,11,158,213,252,253,253,253,245,177,214,253,253,210,23,0,0,0,0,0,0,0,0,0,0,0,0,0,42,157,253,253,253,253,208,98,55,0,30,191,246,253,75,0,0,0,0,0,0,0,0,0,0,0,0,52,234,253,253,253,219,96,16,0,0,0,0,0,220,253,94,0,0,0,0,0,0,0,0,0,0,0,6,160,253,253,237,103,3,0,0,0,0,0,0,0,138,253,212,0,0,0,0,0,0,0,0,0,0,0,97,253,253,164,50,0,0,0,0,0,0,0,0,0,83,253,212,0,0,0,0,0,0,0,0,0,0,0,97,253,253,82,0,0,0,0,0,0,0,0,0,0,83,253,212,0,0,0,0,0,0,0,0,0,0,0,10,142,164,53,0,0,0,0,0,0,0,0,0,0,83,253,212,0,0,0,0,0,0,0,0,0,0,0,0,0,0,0,0,0,0,0,0,0,0,0,0,0,121,253,212,0,0,0,0,0,0,0,0,0,0,0,0,0,0,0,0,0,0,0,0,0,0,0,0,0,220,253,186,0,0,0,0,0,0,0,0,0,0,0,0,0,0,0,0,0,0,0,23,128,165,165,165,165,242,253,75,0,0,0,0,0,0,0,0,0,0,0,0,0,0,0,0,0,7,130,233,253,253,253,253,253,253,253,75,0,0,0,0,0,0,0,0,0,0,0,0,0,0,0,0,65,250,253,253,253,253,253,253,253,253,223,39,0,0,0,0,0,0,0,0,0,0,0,0,0,0,0,70,247,253,253,169,50,13,76,253,253,253,61,0,0,0,0,0,0,0,0,0,0,0,0,0,0,0,12,184,253,253,224,32,0,9,180,253,253,181,8,0,0,0,0,0,0,0,0,0,0,0,0,0,0,0,27,228,253,253,56,17,89,205,253,253,138,37,0,0,0,0,0,0,0,0,0,0,0,0,0,0,0,0,0,129,253,253,186,199,253,253,252,212,11,0,0,0,0,0,0,0,0,0,0,0,0,0,0,0,0,0,0,13,232,253,253,253,253,251,151,0,0,0,0,0,0,0,0,0,0,0,0,0,0,0,0,0,0,0,0,0,0,173,253,253,227,104,0,0,0,0,0,0,0,0,0,0,0,0,0,0,0,0,0,0,0,0,0,0,0,0,0,0,0,0,0,0,0,0,0,0,0,0,0,0,0,0,0,0,0,0,0,0,0,0,0,0,0,0,0,0,0,0,0,0,0,0,0,0,0,0,0,0,0,0,0,0,0,0,0,0,0,0,0,0,0,0,0,0,0,0,0,0,0,0,0,0,0,0,0,0,0,0
6,0,0,0,0,0,0,0,0,0,0,0,0,0,0,0,0,0,0,0,0,0,0,0,0,0,0,0,0,0,0,0,0,0,0,0,0,0,0,0,0,0,0,0,0,0,0,0,0,0,0,0,0,0,0,0,0,0,0,0,0,0,0,0,0,0,0,0,0,0,0,0,0,0,0,0,0,0,0,0,0,0,0,0,0,0,0,0,0,0,0,0,0,0,0,0,0,0,0,0,0,0,0,0,0,0,0,0,0,0,0,0,0,0,0,0,0,0,0,0,0,0,0,0,0,0,0,64,121,247,253,253,116,0,0,0,0,0,0,0,0,0,0,0,0,0,0,0,0,0,0,0,0,12,184,246,253,252,252,252,220,35,0,0,0,0,0,0,0,0,0,0,0,0,0,0,0,0,0,0,15,180,252,252,253,212,158,89,47,0,0,0,0,0,0,0,0,0,0,0,0,0,0,0,0,0,0,17,178,252,252,252,110,23,0,0,0,0,0,0,0,0,0,0,0,0,0,0,0,0,0,0,0,0,0,159,252,252,213,115,0,0,0,0,0,0,0,0,0,0,0,0,0,0,0,0,0,0,0,0,0,0,78,235,252,252,106,0,0,0,0,0,0,0,0,0,0,0,0,0,0,0,0,0,0,0,0,0,0,0,200,252,245,198,33,0,0,0,0,0,0,0,0,0,0,0,0,0,0,0,0,0,0,0,0,0,0,9,205,252,212,0,0,0,0,0,0,0,0,0,0,0,0,0,0,0,0,0,0,0,0,0,0,0,0,81,252,252,205,0,0,0,0,0,0,0,0,0,0,0,0,0,0,0,0,0,0,0,0,0,0,0,0,81,252,252,79,0,0,0,134,133,85,0,0,0,0,0,0,0,0,0,0,0,0,0,0,0,0,0,0,81,253,253,80,77,197,253,255,253,253,211,89,0,0,0,0,0,0,0,0,0,0,0,0,0,0,0,0,81,252,224,131,247,252,252,253,252,252,252,249,63,0,0,0,0,0,0,0,0,0,0,0,0,0,0,0,81,252,252,252,252,252,252,253,107,110,252,252,233,71,0,0,0,0,0,0,0,0,0,0,0,0,0,0,193,252,252,176,131,252,252,110,2,135,252,252,252,79,0,0,0,0,0,0,0,0,0,0,0,0,0,0,178,252,252,79,6,53,53,0,29,233,252,252,209,17,0,0,0,0,0,0,0,0,0,0,0,0,0,0,81,252,252,79,0,0,0,26,208,252,252,238,87,0,0,0,0,0,0,0,0,0,0,0,0,0,0,0,81,252,252,100,0,3,41,211,252,252,218,121,35,0,0,0,0,0,0,0,0,0,0,0,0,0,0,0,30,198,245,237,160,165,252,253,252,178,15,0,0,0,0,0,0,0,0,0,0,0,0,0,0,0,0,0,0,0,107,241,252,252,252,240,182,11,0,0,0,0,0,0,0,0,0,0,0,0,0,0,0,0,0,0,0,0,0,19,119,189,119,0,0,0,0,0,0,0,0,0,0,0,0,0,0,0,0,0,0,0,0,0,0,0,0,0,0,0,0,0,0,0,0,0,0,0,0,0,0,0,0,0,0,0,0,0,0,0,0,0,0,0,0,0,0,0,0,0,0,0,0,0,0,0,0,0,0,0,0,0,0,0,0,0,0,0,0,0,0,0,0,0,0,0,0,0,0,0,0,0,0,0,0,0,0,0,0,0,0,0,0,0,0,0,0,0,0,0,0,0,0,0,0,0,0,0,0,0,0,0,0,0,0,0,0,0
7,0,0,0,0,0,0,0,0,0,0,0,0,0,0,0,0,0,0,0,0,0,0,0,0,0,0,0,0,0,0,0,0,0,0,0,0,0,0,0,0,0,0,0,0,0,0,0,0,0,0,0,0,0,0,0,0,0,0,0,0,0,0,0,0,0,0,0,0,0,0,0,0,0,0,0,0,0,0,0,0,0,0,0,0,0,0,0,0,0,0,0,0,0,0,0,0,0,0,0,0,0,0,0,0,0,0,0,0,0,0,0,0,0,0,0,0,0,0,0,0,0,0,0,0,0,0,0,0,0,0,0,0,0,0,0,0,0,0,0,0,0,0,0,0,0,0,0,0,0,0,0,0,0,0,0,0,0,0,0,0,0,0,0,0,0,0,0,0,0,0,0,0,0,0,0,0,0,0,0,0,0,0,0,0,0,0,0,0,0,0,0,0,0,0,0,0,0,0,0,0,0,0,48,85,154,227,254,254,254,254,192,110,56,7,0,0,0,0,0,0,0,0,0,0,0,0,0,0,0,136,248,253,253,253,253,253,253,253,253,253,253,195,3,0,0,0,0,0,0,0,0,0,0,0,0,0,0,139,253,253,253,253,253,253,253,253,253,253,253,253,159,5,0,0,0,0,0,0,0,0,0,0,0,0,0,9,128,247,200,101,74,35,34,34,97,95,161,251,253,208,31,0,0,0,0,0,0,0,0,0,0,0,0,0,0,84,157,0,0,0,0,0,0,0,0,156,253,253,64,0,0,0,0,0,0,0,0,0,0,0,0,0,0,0,0,0,0,0,0,0,0,0,0,176,253,253,64,0,0,0,0,0,0,0,0,0,0,0,0,0,0,0,0,0,0,0,0,0,0,0,24,234,253,253,64,0,0,0,0,0,0,0,0,0,0,0,0,0,0,0,0,0,0,0,0,0,0,0,70,253,253,220,4,0,0,0,0,0,0,0,0,0,0,0,0,0,0,0,0,0,0,0,0,0,0,6,178,254,253,105,0,0,0,0,0,0,0,0,0,0,0,0,0,0,0,0,0,0,0,0,0,0,0,114,253,253,253,20,0,0,0,0,0,0,0,0,0,0,0,0,0,0,0,0,0,0,0,0,0,0,2,196,253,253,148,4,0,0,0,0,0,0,0,0,0,0,0,0,0,0,0,0,0,0,0,0,0,0,84,253,253,238,28,0,0,0,0,0,0,0,0,0,0,0,0,0,0,0,0,0,0,0,0,0,0,0,159,253,253,183,0,0,0,0,0,0,0,0,0,0,0,0,0,0,0,0,0,0,0,0,0,0,0,4,222,253,234,55,0,0,0,0,0,0,0,0,0,0,0,0,0,0,0,0,0,0,0,0,0,0,0,142,254,253,174,0,0,0,0,0,0,0,0,0,0,0,0,0,0,0,0,0,0,0,0,0,0,0,16,220,253,243,25,0,0,0,0,0,0,0,0,0,0,0,0,0,0,0,0,0,0,0,0,0,0,0,117,253,254,146,0,0,0,0,0,0,0,0,0,0,0,0,0,0,0,0,0,0,0,0,0,0,0,0,249,253,232,51,0,0,0,0,0,0,0,0,0,0,0,0,0,0,0,0,0,0,0,0,0,0,0,0,249,253,98,0,0,0,0,0,0,0,0,0,0,0,0,0,0,0,0,0,0,0,0,0,0,0,0,0,131,250,20,0,0,0,0,0,0,0,0,0,0,0,0,0,0,0,0,0,0,0,0,0,0,0,0,0,0,0,0,0,0,0,0,0,0,0,0,0,0,0,0,0
6,0,0,0,0,0,0,0,0,0,0,0,0,0,0,0,0,0,0,0,0,0,0,0,0,0,0,0,0,0,0,0,0,0,0,0,0,0,0,0,0,0,0,0,0,0,0,0,0,0,0,0,0,0,0,0,0,0,0,0,0,0,0,0,0,0,0,0,0,0,85,121,254,211,44,0,0,0,0,0,0,0,0,0,0,0,0,0,0,0,0,0,0,0,0,0,0,55,247,254,244,181,65,0,0,0,0,0,0,0,0,0,0,0,0,0,0,0,0,0,0,0,0,0,38,228,253,214,46,17,0,0,0,0,0,0,0,0,0,0,0,0,0,0,0,0,0,0,0,0,0,0,230,253,253,93,0,0,0,0,0,0,0,0,0,0,0,0,0,0,0,0,0,0,0,0,0,0,0,0,231,254,161,0,0,0,0,0,0,0,0,0,0,0,0,0,0,0,0,0,0,0,0,0,0,0,0,38,243,253,77,0,0,0,0,0,0,0,0,0,0,0,0,0,0,0,0,0,0,0,0,0,0,0,0,187,253,251,63,0,0,0,0,0,0,0,0,0,0,0,0,0,0,0,0,0,0,0,0,0,0,0,0,254,253,128,0,0,0,0,0,0,0,0,0,0,0,0,0,0,0,0,0,0,0,0,0,0,0,0,93,254,254,46,0,0,0,0,0,0,0,0,0,0,0,0,0,0,0,0,0,0,0,0,0,0,0,0,176,254,210,4,0,0,0,0,0,0,0,0,0,0,0,0,0,0,0,0,0,0,0,0,0,0,0,0,184,254,164,0,0,0,9,0,0,0,0,0,0,0,0,0,0,0,0,0,0,0,0,0,0,0,0,0,118,254,115,0,0,26,167,142,159,185,167,84,0,0,0,0,0,0,0,0,0,0,0,0,0,0,0,7,170,254,115,0,0,136,254,254,254,254,254,254,220,0,0,0,0,0,0,0,0,0,0,0,0,0,0,24,253,254,31,0,0,57,173,206,173,224,232,253,253,68,0,0,0,0,0,0,0,0,0,0,0,0,0,15,228,254,65,0,0,0,0,0,0,17,42,232,253,216,11,0,0,0,0,0,0,0,0,0,0,0,0,15,194,254,182,0,0,0,0,0,0,0,17,224,253,228,15,0,0,0,0,0,0,0,0,0,0,0,0,0,185,255,254,169,45,0,0,0,0,45,170,254,254,102,0,0,0,0,0,0,0,0,0,0,0,0,0,0,17,254,253,253,245,231,163,155,172,245,253,240,115,0,0,0,0,0,0,0,0,0,0,0,0,0,0,0,0,105,192,253,253,254,253,253,253,254,215,92,0,0,0,0,0,0,0,0,0,0,0,0,0,0,0,0,0,0,13,111,160,195,245,177,160,69,6,0,0,0,0,0,0,0,0,0,0,0,0,0,0,0,0,0,0,0,0,0,0,0,0,0,0,0,0,0,0,0,0,0,0,0,0,0,0,0,0,0,0,0,0,0,0,0,0,0,0,0,0,0,0,0,0,0,0,0,0,0,0,0,0,0,0,0,0,0,0,0,0,0,0,0,0,0,0,0,0,0,0,0,0,0,0,0,0,0,0,0,0,0,0,0,0,0,0,0,0,0,0,0,0,0,0,0,0,0,0,0,0,0,0,0,0,0,0,0,0,0,0,0,0,0,0,0,0,0,0,0,0,0,0,0,0,0,0,0,0,0,0,0,0,0,0,0,0,0,0,0,0,0,0,0,0,0,0,0,0,0,0,0,0,0,0,0,0,0,0,0,0,0,0,0,0
6,0,0,0,0,0,0,0,0,0,0,0,0,0,0,0,0,0,0,0,0,0,0,0,0,0,0,0,0,0,0,0,0,0,0,0,0,0,0,0,0,0,0,0,0,0,0,0,0,0,0,0,0,0,0,0,0,0,0,0,0,0,0,0,0,0,0,0,0,0,0,0,0,0,0,0,0,0,0,0,0,0,0,0,0,0,0,0,0,0,0,0,0,0,0,0,0,0,0,0,0,0,0,0,0,18,123,253,232,0,0,0,0,0,0,0,0,0,0,0,0,0,0,0,0,0,0,0,0,0,0,0,22,199,253,252,117,0,0,0,0,0,0,0,0,0,0,0,0,0,0,0,0,0,0,0,0,0,8,128,237,252,179,91,2,0,0,0,0,0,0,0,0,0,0,0,0,0,0,0,0,0,0,0,0,38,171,252,252,155,35,0,0,0,0,0,0,0,0,0,0,0,0,0,0,0,0,0,0,0,0,0,45,192,252,244,77,7,0,0,0,0,0,0,0,0,0,0,0,0,0,0,0,0,0,0,0,0,0,55,236,255,239,106,0,0,0,0,0,0,0,0,0,0,0,0,0,0,0,0,0,0,0,0,0,0,52,232,252,204,68,0,0,0,0,0,0,0,0,0,0,0,0,0,0,0,0,0,0,0,0,0,0,43,190,252,235,53,0,0,0,0,0,0,0,0,0,0,0,0,0,0,0,0,0,0,0,0,0,0,38,171,252,236,31,0,0,0,0,0,0,0,0,0,0,0,0,0,0,0,0,0,0,0,0,0,0,0,192,252,235,31,0,0,0,0,0,0,0,0,0,0,0,0,0,0,0,0,0,0,0,0,0,0,0,124,255,239,106,29,130,87,11,0,0,0,0,0,0,0,0,0,0,0,0,0,0,0,0,0,0,0,84,242,253,132,52,232,252,253,142,0,0,0,0,0,0,0,0,0,0,0,0,0,0,0,0,0,0,11,211,252,161,48,234,247,240,253,168,0,0,0,0,0,0,0,0,0,0,0,0,0,0,0,0,0,0,22,252,252,80,112,247,98,176,253,168,0,0,0,0,0,0,0,0,0,0,0,0,0,0,0,0,0,0,110,252,164,0,190,187,0,211,253,80,0,0,0,0,0,0,0,0,0,0,0,0,0,0,0,0,0,50,245,253,42,61,253,69,139,253,150,0,0,0,0,0,0,0,0,0,0,0,0,0,0,0,0,0,0,85,252,252,42,148,217,147,252,252,71,0,0,0,0,0,0,0,0,0,0,0,0,0,0,0,0,0,0,78,251,252,147,156,252,252,252,103,0,0,0,0,0,0,0,0,0,0,0,0,0,0,0,0,0,0,0,0,135,252,252,253,252,247,162,14,0,0,0,0,0,0,0,0,0,0,0,0,0,0,0,0,0,0,0,0,4,113,191,191,147,47,0,0,0,0,0,0,0,0,0,0,0,0,0,0,0,0,0,0,0,0,0,0,0,0,0,0,0,0,0,0,0,0,0,0,0,0,0,0,0,0,0,0,0,0,0,0,0,0,0,0,0,0,0,0,0,0,0,0,0,0,0,0,0,0,0,0,0,0,0,0,0,0,0,0,0,0,0,0,0,0,0,0,0,0,0,0,0,0,0,0,0,0,0,0,0,0,0,0,0,0,0,0,0,0,0,0,0,0,0,0,0,0,0,0,0,0,0,0,0,0,0,0,0,0,0,0,0,0,0,0,0,0,0,0,0,0,0,0,0,0,0,0,0,0,0,0,0,0,0,0,0,0,0,0
3,0,0,0,0,0,0,0,0,0,0,0,0,0,0,0,0,0,0,0,0,0,0,0,0,0,0,0,0,0,0,0,0,0,0,0,0,0,0,0,0,0,0,0,0,0,0,0,0,0,0,0,0,0,0,0,0,0,0,0,0,0,0,0,0,0,0,0,0,0,0,0,0,0,0,0,0,0,0,0,0,0,0,0,0,0,0,0,0,0,0,0,0,0,0,0,0,0,0,0,0,0,0,0,0,0,0,0,0,0,0,0,0,0,0,0,0,0,0,0,0,0,0,0,0,0,0,0,0,0,0,0,0,0,0,0,0,0,0,0,0,0,0,0,0,0,0,0,0,0,0,0,0,0,0,0,0,0,0,0,0,0,0,0,0,0,0,0,0,0,0,0,0,0,0,0,0,0,0,5,13,122,190,255,253,159,0,0,0,0,0,0,0,0,0,0,0,0,0,0,0,0,0,0,0,6,59,181,252,252,252,253,252,237,48,0,0,0,0,0,0,0,0,0,0,0,0,0,0,0,0,0,0,78,252,252,252,219,216,253,252,252,84,0,0,0,0,0,0,0,0,0,0,0,0,0,0,0,0,0,24,215,252,236,101,8,105,253,252,228,28,0,0,0,0,0,0,0,0,0,0,0,0,0,0,0,0,0,0,81,192,70,0,0,241,253,246,107,0,0,0,0,0,0,0,0,0,0,0,0,0,0,0,0,0,0,0,0,0,0,0,118,250,253,193,0,0,0,0,0,0,0,0,0,0,0,0,0,0,0,0,0,0,0,0,0,0,0,79,248,252,203,21,0,0,0,0,0,0,0,0,0,0,0,0,0,0,0,0,0,0,0,0,0,0,0,142,252,252,121,0,0,0,0,0,0,0,0,0,0,0,0,0,0,0,0,0,0,0,0,0,0,0,0,217,252,200,11,0,0,0,0,0,0,0,0,0,0,0,0,0,0,0,0,0,0,0,0,0,0,0,0,217,252,131,0,0,0,0,0,0,0,0,0,0,0,0,0,0,0,0,0,0,0,0,0,0,0,0,0,93,252,253,128,11,0,0,0,0,0,0,0,0,0,0,0,0,0,0,0,0,0,0,0,0,0,0,0,0,149,251,253,242,67,0,0,0,0,0,0,0,0,0,0,0,0,0,0,0,0,0,0,0,0,0,0,0,0,92,236,252,238,77,28,0,0,0,0,0,0,0,0,0,0,0,0,0,0,0,0,0,0,0,0,0,0,0,44,100,252,252,203,12,0,0,0,0,0,0,0,0,0,0,0,0,0,0,0,0,0,0,0,0,0,0,0,7,89,232,252,145,0,0,0,0,0,0,0,0,0,0,0,0,0,0,0,0,0,0,0,0,0,0,0,0,0,169,252,235,37,0,0,0,0,0,0,0,0,0,0,0,0,0,0,0,0,0,0,0,0,0,0,9,102,237,252,252,48,0,0,0,0,0,0,0,0,0,0,0,0,0,0,0,0,0,0,0,0,93,98,112,252,252,229,122,7,0,0,0,0,0,0,0,0,0,0,0,0,0,0,0,0,0,0,0,0,241,253,252,252,179,52,0,0,0,0,0,0,0,0,0,0,0,0,0,0,0,0,0,0,0,0,0,0,11,195,241,115,4,0,0,0,0,0,0,0,0,0,0,0,0,0,0,0,0,0,0,0,0,0,0,0,0,0,0,0,0,0,0,0,0,0,0,0,0,0,0,0,0,0,0,0,0,0,0,0,0,0,0,0,0,0,0,0,0,0,0,0,0,0,0,0,0,0,0
2,0,0,0,0,0,0,0,0,0,0,0,0,0,0,0,0,0,0,0,0,0,0,0,0,0,0,0,0,0,0,0,0,0,0,0,0,0,0,0,0,0,0,0,0,0,0,0,0,0,0,0,0,0,0,0,0,0,0,0,0,0,0,0,0,0,0,0,0,0,0,0,0,0,0,0,0,0,0,0,0,0,0,0,0,0,0,0,0,0,0,0,0,0,0,0,0,0,0,0,0,0,0,0,0,0,0,0,0,0,0,0,0,0,0,0,0,0,0,0,48,96,194,255,253,253,253,253,255,133,48,0,0,0,0,0,0,0,0,0,0,0,0,0,0,0,0,0,127,251,251,253,251,251,251,251,253,251,220,142,0,0,0,0,0,0,0,0,0,0,0,0,0,0,0,0,127,251,172,173,251,251,251,251,253,251,251,220,48,0,0,0,0,0,0,0,0,0,0,0,0,0,0,0,95,50,12,12,31,31,31,31,213,251,251,251,94,0,0,0,0,0,0,0,0,0,0,0,0,0,0,0,0,0,0,0,0,0,0,0,96,251,251,251,94,0,0,0,0,0,0,0,0,0,0,0,0,0,0,0,0,0,0,0,0,0,0,0,155,253,253,189,0,0,0,0,0,0,0,0,0,0,0,0,0,0,0,0,0,0,0,0,0,0,8,32,253,251,251,168,0,0,0,0,0,0,0,0,0,0,0,0,0,0,0,0,0,0,0,0,0,0,143,251,253,251,251,31,0,0,0,0,0,0,0,0,0,0,0,0,0,0,0,0,0,0,0,0,0,32,229,251,253,223,31,4,0,0,0,0,0,0,0,0,0,0,0,0,0,0,0,0,0,0,0,0,20,205,251,251,253,121,0,0,0,0,0,0,0,0,0,0,0,0,0,0,0,0,0,0,0,0,0,0,191,253,253,253,0,0,0,0,0,0,0,0,0,0,0,0,0,0,0,0,0,0,0,0,0,0,20,92,236,251,243,121,0,0,0,0,0,0,0,0,0,0,0,0,0,0,0,0,0,0,0,0,0,32,205,253,251,251,109,0,0,0,0,0,0,0,0,0,0,0,0,0,0,0,0,0,0,0,0,0,32,210,251,253,243,109,4,0,0,0,0,0,0,0,0,0,0,0,0,0,0,0,0,0,0,0,0,20,205,251,251,253,121,0,0,0,0,0,0,0,0,0,0,0,0,0,0,0,0,0,0,0,0,0,0,191,253,253,253,255,253,253,253,253,96,96,96,96,96,0,0,0,0,0,0,0,0,0,0,0,0,0,0,170,251,251,251,253,251,251,251,251,253,251,251,251,251,131,8,0,0,0,0,0,0,0,0,0,0,0,0,16,188,251,251,253,251,251,251,251,253,251,251,251,251,253,157,127,16,0,0,0,0,0,0,0,0,0,0,0,16,31,129,189,188,188,188,188,253,251,251,251,251,253,251,251,169,0,0,0,0,0,0,0,0,0,0,0,0,0,0,0,0,0,0,0,95,94,94,232,251,253,251,251,89,0,0,0,0,0,0,0,0,0,0,0,0,0,0,0,0,0,0,0,0,0,0,0,0,0,0,0,0,0,0,0,0,0,0,0,0,0,0,0,0,0,0,0,0,0,0,0,0,0,0,0,0,0,0,0,0,0,0,0,0,0,0,0,0,0,0,0,0,0,0,0,0,0,0,0,0,0,0,0,0,0,0,0,0,0,0,0,0,0,0,0,0,0,0,0,0,0,0,0,0,0,0,0,0,0,0,0,0,0,0,0,0,0,0,0,0
7,0,0,0,0,0,0,0,0,0,0,0,0,0,0,0,0,0,0,0,0,0,0,0,0,0,0,0,0,0,0,0,0,0,0,0,0,0,0,0,0,0,0,0,0,0,0,0,0,0,0,0,0,0,0,0,0,0,0,0,0,0,0,0,0,0,0,0,0,0,0,0,0,0,0,0,0,0,0,0,0,0,0,0,0,0,0,0,0,0,0,0,0,0,0,0,0,0,0,0,0,0,0,0,0,0,0,0,0,0,0,0,0,0,0,0,0,0,0,0,0,0,0,0,0,0,0,0,0,0,0,0,0,0,0,0,0,0,0,0,0,0,0,0,0,0,0,0,0,0,0,0,0,0,0,0,0,0,0,0,0,0,0,0,0,0,0,0,0,0,0,0,0,0,0,0,0,0,0,0,0,32,136,187,254,245,161,26,0,0,0,0,0,0,0,0,0,0,0,0,0,0,0,0,0,0,0,106,189,241,253,241,215,253,253,93,0,0,0,0,0,0,0,0,0,0,0,0,0,0,0,0,13,99,182,254,240,187,104,34,9,215,253,93,0,0,0,0,0,0,0,0,0,0,0,0,0,0,0,119,222,253,219,103,31,0,0,0,0,207,253,25,0,0,0,0,0,0,0,0,0,0,0,0,0,0,93,255,241,109,25,0,0,0,0,0,0,208,254,68,0,0,0,0,0,0,0,0,0,0,0,0,0,0,9,23,19,0,0,0,0,0,0,0,0,207,253,0,0,0,0,0,0,0,0,0,0,0,0,0,0,0,0,0,0,0,0,0,0,0,0,0,22,228,253,0,0,0,0,0,0,0,0,0,0,0,0,0,0,0,0,0,0,0,0,0,0,0,0,0,80,253,253,0,0,0,0,0,0,0,0,0,0,0,0,0,0,0,0,0,0,0,0,0,0,0,0,0,139,254,254,0,0,0,0,0,0,0,0,0,0,0,0,0,0,0,0,0,0,0,0,0,0,0,0,0,189,240,81,0,0,0,0,0,0,0,0,0,0,0,0,0,0,0,0,0,0,0,0,0,0,0,0,7,232,230,0,0,0,0,0,0,0,0,0,0,0,0,0,0,0,0,0,0,0,0,0,0,0,0,0,70,253,238,25,0,0,0,0,0,0,0,0,0,0,0,0,0,0,0,0,0,0,0,0,0,0,0,0,70,254,254,69,0,0,0,0,0,0,0,0,0,0,0,0,0,0,0,0,0,0,0,0,0,0,0,0,120,253,232,6,0,0,0,0,0,0,0,0,0,0,0,0,0,0,0,0,0,0,0,0,0,0,0,0,237,253,221,0,0,0,0,0,0,0,0,0,0,0,0,0,0,0,0,0,0,0,0,0,0,0,0,0,254,253,137,0,0,0,0,0,0,0,0,0,0,0,0,0,0,0,0,0,0,0,0,0,0,0,0,0,254,254,113,0,0,0,0,0,0,0,0,0,0,0,0,0,0,0,0,0,0,0,0,0,0,0,0,85,254,253,146,0,0,0,0,0,0,0,0,0,0,0,0,0,0,0,0,0,0,0,0,0,0,0,0,17,254,253,179,0,0,0,0,0,0,0,0,0,0,0,0,0,0,0,0,0,0,0,0,0,0,0,0,0,186,219,13,0,0,0,0,0,0,0,0,0,0,0,0,0,0,0,0,0,0,0,0,0,0,0,0,0,0,0,0,0,0,0,0,0,0,0,0,0,0,0,0,0,0,0,0,0,0,0,0,0,0,0,0,0,0,0,0,0,0,0,0,0,0,0,0,0,0,0
8,0,0,0,0,0,0,0,0,0,0,0,0,0,0,0,0,0,0,0,0,0,0,0,0,0,0,0,0,0,0,0,0,0,0,0,0,0,0,0,0,0,0,0,0,0,0,0,0,0,0,0,0,0,0,0,0,0,0,0,0,0,0,0,0,0,0,0,0,0,0,0,0,0,0,0,0,0,0,0,0,0,0,0,0,0,0,0,0,0,0,0,0,0,0,0,0,0,0,0,0,0,0,0,0,0,0,0,0,0,0,0,0,0,0,0,0,0,0,0,0,0,0,0,0,0,0,0,0,0,0,0,0,0,0,0,0,0,0,0,0,0,0,0,0,0,0,0,0,0,0,0,13,121,121,191,247,133,19,0,0,0,0,0,0,0,0,0,0,0,0,0,0,0,0,0,0,0,0,39,241,252,252,253,252,252,242,107,0,0,0,0,0,0,0,0,0,0,0,0,0,0,0,0,0,0,20,189,252,252,252,253,252,252,252,245,178,0,0,0,0,0,0,0,0,0,0,0,0,0,0,0,0,22,187,252,252,252,252,253,252,252,252,252,198,0,0,0,0,0,0,0,0,0,0,0,0,0,0,0,0,103,252,252,252,248,115,53,136,252,252,252,198,0,0,0,0,0,0,0,0,0,0,0,0,0,0,0,0,200,252,252,252,210,0,0,107,252,252,252,198,0,0,0,0,0,0,0,0,0,0,0,0,0,0,0,0,200,252,252,212,33,0,0,198,252,252,252,177,0,0,0,0,0,0,0,0,0,0,0,0,0,0,0,0,200,252,252,176,0,0,77,247,252,252,252,66,0,0,0,0,0,0,0,0,0,0,0,0,0,0,0,47,230,252,252,147,0,0,128,252,252,252,213,28,0,0,0,0,0,0,0,0,0,0,0,0,0,0,0,81,252,252,252,162,8,133,253,252,252,252,185,0,0,0,0,0,0,0,0,0,0,0,0,0,0,0,0,0,201,253,253,253,253,253,255,253,253,253,53,0,0,0,0,0,0,0,0,0,0,0,0,0,0,0,0,0,200,252,252,252,252,252,253,252,252,252,53,0,0,0,0,0,0,0,0,0,0,0,0,0,0,0,0,0,81,252,252,252,252,252,253,252,252,252,53,0,0,0,0,0,0,0,0,0,0,0,0,0,0,0,0,0,11,67,172,172,218,252,253,252,252,252,165,0,0,0,0,0,0,0,0,0,0,0,0,0,0,0,0,0,0,0,0,0,41,252,253,252,252,252,185,0,0,0,0,0,0,0,0,0,0,0,0,0,0,0,0,0,0,0,0,0,14,252,253,252,252,252,235,49,0,0,0,0,0,0,0,0,0,0,0,0,0,0,0,0,0,0,0,0,14,252,253,252,252,252,252,66,0,0,0,0,0,0,0,0,0,0,0,0,0,0,0,0,0,0,0,0,14,252,253,252,252,252,252,66,0,0,0,0,0,0,0,0,0,0,0,0,0,0,0,0,0,0,0,0,13,246,253,252,252,252,213,28,0,0,0,0,0,0,0,0,0,0,0,0,0,0,0,0,0,0,0,0,0,63,253,252,252,209,88,0,0,0,0,0,0,0,0,0,0,0,0,0,0,0,0,0,0,0,0,0,0,0,0,0,0,0,0,0,0,0,0,0,0,0,0,0,0,0,0,0,0,0,0,0,0,0,0,0,0,0,0,0,0,0,0,0,0,0,0,0,0,0,0,0,0,0,0,0,0,0,0,0,0,0,0,0,0,0,0,0,0,0,0,0,0,0,0,0,0,0,0,0
1,0,0,0,0,0,0,0,0,0,0,0,0,0,0,0,0,0,0,0,0,0,0,0,0,0,0,0,0,0,0,0,0,0,0,0,0,0,0,0,0,0,0,0,0,0,0,0,0,0,0,0,0,0,0,0,0,0,0,0,0,0,0,0,0,0,0,0,0,0,0,0,0,0,0,0,0,0,0,0,0,0,0,0,0,0,0,0,0,0,0,0,0,0,0,0,0,0,0,0,0,0,0,0,0,0,0,0,0,0,0,0,0,0,0,0,0,0,0,0,0,0,0,0,0,0,0,196,172,9,0,0,0,0,0,0,0,0,0,0,0,0,0,0,0,0,0,0,0,0,0,0,0,0,0,196,254,39,0,0,0,0,0,0,0,0,0,0,0,0,0,0,0,0,0,0,0,0,0,0,0,0,28,236,214,12,0,0,0,0,0,0,0,0,0,0,0,0,0,0,0,0,0,0,0,0,0,0,0,0,130,254,196,0,0,0,0,0,0,0,0,0,0,0,0,0,0,0,0,0,0,0,0,0,0,0,0,0,62,254,196,0,0,0,0,0,0,0,0,0,0,0,0,0,0,0,0,0,0,0,0,0,0,0,0,0,100,254,196,0,0,0,0,0,0,0,0,0,0,0,0,0,0,0,0,0,0,0,0,0,0,0,0,0,137,254,196,0,0,0,0,0,0,0,0,0,0,0,0,0,0,0,0,0,0,0,0,0,0,0,0,0,137,254,196,0,0,0,0,0,0,0,0,0,0,0,0,0,0,0,0,0,0,0,0,0,0,0,0,0,47,254,196,0,0,0,0,0,0,0,0,0,0,0,0,0,0,0,0,0,0,0,0,0,0,0,0,0,40,254,196,0,0,0,0,0,0,0,0,0,0,0,0,0,0,0,0,0,0,0,0,0,0,0,0,0,40,254,196,0,0,0,0,0,0,0,0,0,0,0,0,0,0,0,0,0,0,0,0,0,0,0,0,0,40,254,196,0,0,0,0,0,0,0,0,0,0,0,0,0,0,0,0,0,0,0,0,0,0,0,0,0,40,254,196,0,0,0,0,0,0,0,0,0,0,0,0,0,0,0,0,0,0,0,0,0,0,0,0,0,40,254,196,0,0,0,0,0,0,0,0,0,0,0,0,0,0,0,0,0,0,0,0,0,0,0,0,0,40,254,196,0,0,0,0,0,0,0,0,0,0,0,0,0,0,0,0,0,0,0,0,0,0,0,0,0,16,219,210,9,0,0,0,0,0,0,0,0,0,0,0,0,0,0,0,0,0,0,0,0,0,0,0,0,0,196,254,84,0,0,0,0,0,0,0,0,0,0,0,0,0,0,0,0,0,0,0,0,0,0,0,0,0,196,254,136,0,0,0,0,0,0,0,0,0,0,0,0,0,0,0,0,0,0,0,0,0,0,0,0,0,196,255,136,0,0,0,0,0,0,0,0,0,0,0,0,0,0,0,0,0,0,0,0,0,0,0,0,0,121,254,99,0,0,0,0,0,0,0,0,0,0,0,0,0,0,0,0,0,0,0,0,0,0,0,0,0,0,0,0,0,0,0,0,0,0,0,0,0,0,0,0,0,0,0,0,0,0,0,0,0,0,0,0,0,0,0,0,0,0,0,0,0,0,0,0,0,0,0,0,0,0,0,0,0,0,0,0,0,0,0,0,0,0,0,0,0,0,0,0,0,0,0,0,0,0,0,0,0,0,0,0,0,0,0,0,0,0,0,0,0,0,0,0,0,0,0,0,0,0,0,0,0,0,0
1,0,0,0,0,0,0,0,0,0,0,0,0,0,0,0,0,0,0,0,0,0,0,0,0,0,0,0,0,0,0,0,0,0,0,0,0,0,0,0,0,0,0,0,0,0,0,0,0,0,0,0,0,0,0,0,0,0,0,0,0,0,0,0,0,0,0,0,0,0,0,0,0,0,0,0,0,0,0,0,0,0,0,0,0,0,0,0,0,0,0,0,0,0,0,0,0,0,0,0,0,0,0,0,0,0,0,0,0,0,0,0,0,0,0,0,0,0,0,0,0,0,0,0,0,0,60,254,62,0,0,0,0,0,0,0,0,0,0,0,0,0,0,0,0,0,0,0,0,0,0,0,0,0,180,253,61,0,0,0,0,0,0,0,0,0,0,0,0,0,0,0,0,0,0,0,0,0,0,0,0,0,180,253,122,0,0,0,0,0,0,0,0,0,0,0,0,0,0,0,0,0,0,0,0,0,0,0,0,0,180,253,61,0,0,0,0,0,0,0,0,0,0,0,0,0,0,0,0,0,0,0,0,0,0,0,0,31,225,253,137,0,0,0,0,0,0,0,0,0,0,0,0,0,0,0,0,0,0,0,0,0,0,0,0,50,253,253,167,0,0,0,0,0,0,0,0,0,0,0,0,0,0,0,0,0,0,0,0,0,0,0,0,132,253,253,61,0,0,0,0,0,0,0,0,0,0,0,0,0,0,0,0,0,0,0,0,0,0,0,0,174,253,253,61,0,0,0,0,0,0,0,0,0,0,0,0,0,0,0,0,0,0,0,0,0,0,0,0,114,253,253,61,0,0,0,0,0,0,0,0,0,0,0,0,0,0,0,0,0,0,0,0,0,0,0,0,83,253,253,61,0,0,0,0,0,0,0,0,0,0,0,0,0,0,0,0,0,0,0,0,0,0,0,0,50,253,253,61,0,0,0,0,0,0,0,0,0,0,0,0,0,0,0,0,0,0,0,0,0,0,0,0,50,253,253,61,0,0,0,0,0,0,0,0,0,0,0,0,0,0,0,0,0,0,0,0,0,0,0,0,50,253,253,101,0,0,0,0,0,0,0,0,0,0,0,0,0,0,0,0,0,0,0,0,0,0,0,0,33,228,253,208,19,0,0,0,0,0,0,0,0,0,0,0,0,0,0,0,0,0,0,0,0,0,0,0,0,74,253,253,55,0,0,0,0,0,0,0,0,0,0,0,0,0,0,0,0,0,0,0,0,0,0,0,0,56,253,253,164,0,0,0,0,0,0,0,0,0,0,0,0,0,0,0,0,0,0,0,0,0,0,0,0,6,192,253,246,44,0,0,0,0,0,0,0,0,0,0,0,0,0,0,0,0,0,0,0,0,0,0,0,0,186,253,253,49,0,0,0,0,0,0,0,0,0,0,0,0,0,0,0,0,0,0,0,0,0,0,0,0,68,253,253,49,0,0,0,0,0,0,0,0,0,0,0,0,0,0,0,0,0,0,0,0,0,0,0,0,2,133,253,49,0,0,0,0,0,0,0,0,0,0,0,0,0,0,0,0,0,0,0,0,0,0,0,0,0,0,0,0,0,0,0,0,0,0,0,0,0,0,0,0,0,0,0,0,0,0,0,0,0,0,0,0,0,0,0,0,0,0,0,0,0,0,0,0,0,0,0,0,0,0,0,0,0,0,0,0,0,0,0,0,0,0,0,0,0,0,0,0,0,0,0,0,0,0,0,0,0,0,0,0,0,0,0,0,0,0,0,0,0,0,0,0,0,0,0,0,0,0,0,0,0,0
7,0,0,0,0,0,0,0,0,0,0,0,0,0,0,0,0,0,0,0,0,0,0,0,0,0,0,0,0,0,0,0,0,0,0,0,0,0,0,0,0,0,0,0,0,0,0,0,0,0,0,0,0,0,0,0,0,0,0,0,0,0,0,0,0,0,0,0,0,0,0,0,0,0,0,0,0,0,0,0,0,0,0,0,0,0,0,0,0,0,0,0,0,0,0,0,0,0,0,0,0,0,0,0,0,0,0,0,0,0,0,0,0,0,0,0,0,0,0,0,0,0,0,0,0,0,0,0,0,0,0,0,0,0,0,0,0,0,0,0,0,0,0,0,0,0,0,0,0,0,0,13,105,105,105,192,255,129,99,0,0,0,0,0,0,0,0,0,0,0,0,0,0,0,0,0,0,0,62,213,252,252,252,252,253,252,249,208,208,61,0,0,0,0,0,0,0,0,0,0,0,0,0,0,0,0,27,193,237,237,210,88,89,88,97,244,252,82,0,0,0,0,0,0,0,0,0,0,0,0,0,0,0,0,0,0,0,0,0,0,0,0,0,120,252,222,0,0,0,0,0,0,0,0,0,0,0,0,0,0,0,0,0,0,0,0,0,0,0,0,14,237,252,222,0,0,0,0,0,0,0,0,0,0,0,0,0,0,0,0,0,0,0,0,0,0,0,0,33,252,252,117,0,0,0,0,0,0,0,0,0,0,0,0,0,0,0,0,0,0,0,0,0,0,0,32,210,252,252,74,0,0,0,0,0,0,0,0,0,0,0,0,0,0,0,0,0,0,0,0,0,0,0,113,252,252,225,48,0,0,0,0,0,0,0,0,0,0,0,0,0,0,0,0,0,0,0,0,0,27,107,242,252,252,150,0,0,0,0,0,0,0,0,0,0,0,0,0,0,0,0,0,0,0,0,53,149,209,253,252,252,252,29,0,0,0,0,0,0,0,0,0,0,0,0,0,0,0,0,0,136,253,253,253,253,253,255,253,253,253,178,0,0,0,0,0,0,0,0,0,0,0,0,0,0,0,0,0,170,234,252,252,252,252,253,252,213,192,48,0,0,0,0,0,0,0,0,0,0,0,0,0,0,0,0,0,0,63,88,243,252,252,253,204,31,0,0,0,0,0,0,0,0,0,0,0,0,0,0,0,0,0,0,0,0,0,64,244,252,252,204,23,0,0,0,0,0,0,0,0,0,0,0,0,0,0,0,0,0,0,0,0,0,9,169,252,252,252,17,0,0,0,0,0,0,0,0,0,0,0,0,0,0,0,0,0,0,0,0,0,9,57,252,252,202,74,0,0,0,0,0,0,0,0,0,0,0,0,0,0,0,0,0,0,0,0,0,0,153,252,252,252,59,0,0,0,0,0,0,0,0,0,0,0,0,0,0,0,0,0,0,0,0,0,0,0,223,252,252,115,4,0,0,0,0,0,0,0,0,0,0,0,0,0,0,0,0,0,0,0,0,0,0,92,245,252,148,4,0,0,0,0,0,0,0,0,0,0,0,0,0,0,0,0,0,0,0,0,0,0,0,49,235,234,49,0,0,0,0,0,0,0,0,0,0,0,0,0,0,0,0,0,0,0,0,0,0,0,0,0,0,0,0,0,0,0,0,0,0,0,0,0,0,0,0,0,0,0,0,0,0,0,0,0,0,0,0,0,0,0,0,0,0,0,0,0,0,0,0,0,0,0,0,0,0,0,0,0,0,0,0,0,0,0,0,0,0,0,0,0,0,0,0,0,0,0,0,0,0,0,0,0,0,0,0
5,0,0,0,0,0,0,0,0,0,0,0,0,0,0,0,0,0,0,0,0,0,0,0,0,0,0,0,0,0,0,0,0,0,0,0,0,0,0,0,0,0,0,0,0,0,0,0,0,0,0,0,0,0,0,0,0,0,0,0,0,0,0,0,0,0,0,0,0,0,0,0,0,0,0,0,0,0,0,0,0,0,0,0,0,0,0,0,0,0,0,0,0,0,0,0,0,0,0,0,0,0,0,0,0,0,0,0,0,0,0,0,0,0,0,0,0,0,0,0,0,0,0,0,0,0,0,0,0,0,0,0,0,0,0,0,0,0,0,0,0,0,0,0,0,0,0,0,22,194,109,66,0,0,0,0,0,0,0,0,0,0,0,0,0,0,0,0,0,0,0,0,0,0,0,0,37,254,254,208,12,0,0,0,0,0,0,0,0,0,0,0,0,0,0,0,0,0,0,0,0,0,0,0,52,254,254,244,69,0,0,0,0,0,0,0,0,0,0,0,0,0,0,0,0,0,0,0,0,0,0,0,52,233,254,235,66,0,0,0,0,14,55,35,60,84,84,84,65,0,0,0,0,0,0,0,0,0,5,27,27,194,254,254,237,235,235,235,235,238,238,231,230,220,125,121,59,0,0,0,0,0,0,0,0,0,15,158,252,254,254,234,181,181,136,141,181,80,51,42,22,0,0,0,0,0,0,0,0,0,0,0,0,0,0,0,68,254,254,181,0,0,1,16,10,0,0,0,0,0,0,0,0,0,0,0,0,0,0,0,0,0,0,0,141,254,254,229,125,167,169,254,220,108,16,0,0,0,0,0,0,0,0,0,0,0,0,0,0,0,0,0,38,226,254,255,254,254,254,228,187,254,224,60,0,0,0,0,0,0,0,0,0,0,0,0,0,0,0,0,0,149,245,239,254,242,155,0,79,254,254,230,15,0,0,0,0,0,0,0,0,0,0,0,0,0,0,0,0,0,42,36,52,39,0,0,0,250,254,254,186,10,0,0,0,0,0,0,0,0,0,0,0,0,0,0,0,0,0,0,0,0,0,0,0,250,254,254,225,21,0,0,0,0,0,0,0,0,0,0,0,0,0,0,0,0,0,0,0,0,0,0,76,253,254,254,73,0,0,0,0,0,0,0,0,0,0,0,0,0,0,0,0,0,0,0,0,0,0,0,100,254,254,254,85,0,0,0,0,0,0,0,0,0,0,0,0,0,0,0,0,0,0,0,0,0,0,0,174,254,254,245,80,0,0,0,0,0,0,0,0,0,0,0,0,0,0,0,0,0,0,0,0,0,0,56,249,254,254,163,0,0,0,0,0,0,0,0,0,0,0,0,0,0,0,0,0,0,0,0,0,0,0,156,254,254,254,15,0,0,0,0,0,0,0,0,0,0,0,0,0,0,0,0,0,0,0,0,0,0,52,241,254,236,104,3,0,0,0,0,0,0,0,0,0,0,0,0,0,0,0,0,0,0,0,0,0,0,176,254,254,189,0,0,0,0,0,0,0,0,0,0,0,0,0,0,0,0,0,0,0,0,0,0,0,26,188,190,110,20,0,0,0,0,0,0,0,0,0,0,0,0,0,0,0,0,0,0,0,0,0,0,0,0,0,0,0,0,0,0,0,0,0,0,0,0,0,0,0,0,0,0,0,0,0,0,0,0,0,0,0,0,0,0,0,0,0,0,0,0,0,0,0,0,0,0,0,0,0,0,0,0,0,0,0,0,0,0,0,0,0,0,0,0,0,0,0,0,0,0,0,0,0,0,0
6,0,0,0,0,0,0,0,0,0,0,0,0,0,0,0,0,0,0,0,0,0,0,0,0,0,0,0,0,0,0,0,0,0,0,0,0,0,0,0,167,0,0,0,0,0,0,0,0,0,0,0,0,0,0,0,0,0,0,0,0,0,0,0,0,0,0,96,194,0,0,0,0,0,0,0,0,0,0,0,0,0,0,0,0,0,0,0,0,0,0,0,0,0,0,93,220,0,0,0,0,0,0,0,0,0,0,0,0,0,0,0,0,0,0,0,0,0,0,0,0,0,9,203,58,0,0,0,0,0,0,0,0,0,0,0,0,0,0,0,0,0,0,0,0,0,0,0,0,0,123,187,3,0,0,0,0,0,0,0,0,0,0,0,0,0,0,0,0,0,0,0,0,0,0,0,0,24,209,181,0,0,0,0,0,0,0,0,0,0,0,0,0,0,0,0,0,0,0,0,0,0,0,0,0,175,189,22,0,0,0,0,0,0,0,0,0,0,0,0,0,0,0,0,0,0,0,0,0,0,0,0,0,188,160,0,0,0,0,0,0,0,0,0,0,0,0,0,0,0,0,0,0,0,0,0,0,0,0,0,31,244,80,0,0,0,0,0,0,0,0,0,3,48,4,0,0,0,0,0,0,0,0,0,0,0,0,0,37,254,20,0,0,0,0,0,0,0,0,105,197,245,228,44,0,0,0,0,0,0,0,0,0,0,0,0,78,177,12,0,0,0,0,0,0,17,178,252,183,163,254,180,0,0,0,0,0,0,0,0,0,0,0,0,158,207,9,0,0,0,0,0,0,42,254,105,2,1,71,244,0,0,0,0,0,0,0,0,0,0,0,0,209,93,0,0,0,0,0,0,0,122,254,15,0,0,68,244,0,0,0,0,0,0,0,0,0,0,0,0,141,91,3,0,0,0,0,0,0,146,171,1,0,0,124,146,0,0,0,0,0,0,0,0,0,0,0,0,67,254,95,0,0,0,0,0,0,146,193,5,0,48,231,66,0,0,0,0,0,0,0,0,0,0,0,0,37,254,132,0,0,0,0,0,0,53,255,15,7,178,185,4,0,0,0,0,0,0,0,0,0,0,0,0,27,237,246,81,0,0,0,0,0,42,254,134,197,170,27,0,0,0,0,0,0,0,0,0,0,0,0,0,0,137,254,214,115,47,13,115,73,137,254,250,254,129,0,0,0,0,0,0,0,0,0,0,0,0,0,0,0,0,139,237,255,254,254,254,232,244,119,55,94,48,0,0,0,0,0,0,0,0,0,0,0,0,0,0,0,0,0,33,96,176,210,108,50,38,0,0,0,0,0,0,0,0,0,0,0,0,0,0,0,0,0,0,0,0,0,0,0,0,0,0,0,0,0,0,0,0,0,0,0,0,0,0,0,0,0,0,0,0,0,0,0,0,0,0,0,0,0,0,0,0,0,0,0,0,0,0,0,0,0,0,0,0,0,0,0,0,0,0,0,0,0,0,0,0,0,0,0,0,0,0,0,0,0,0,0,0,0,0,0,0,0,0,0,0,0,0,0,0,0,0,0,0,0,0,0,0,0,0,0,0,0,0,0,0,0,0,0,0,0,0,0,0,0,0,0,0,0,0,0,0,0,0,0,0,0,0,0,0,0,0,0,0,0,0,0,0,0,0,0,0,0,0,0,0,0,0,0,0,0,0,0,0,0,0,0,0,0,0,0,0,0,0,0,0,0,0,0,0,0,0,0,0,0,0,0,0,0,0,0,0,0,0,0,0,0,0,0,0,0,0,0
4,0,0,0,0,0,0,0,0,0,0,0,0,0,0,0,0,0,0,0,0,0,0,0,0,0,0,0,0,0,0,0,0,0,0,0,0,0,0,0,0,0,0,0,0,0,0,0,0,0,0,0,0,0,0,0,0,0,0,0,0,0,0,0,0,0,0,0,0,0,0,0,0,0,0,0,0,0,0,0,0,0,0,0,0,0,0,0,0,0,0,0,0,0,0,0,0,0,0,0,0,0,0,0,0,0,0,0,0,0,0,0,0,0,0,0,0,0,0,0,0,0,0,0,0,0,0,0,0,0,0,0,0,0,0,0,0,0,0,0,0,0,0,0,0,0,0,0,0,0,0,0,0,0,0,0,0,0,41,247,255,71,0,0,0,0,0,0,0,0,0,0,0,0,0,0,0,0,0,0,0,0,0,0,0,0,142,254,251,16,0,0,0,0,0,0,0,0,0,0,0,0,0,0,0,0,0,0,0,0,0,0,0,0,173,254,183,0,0,0,0,0,0,0,0,0,0,0,0,0,0,0,0,0,0,0,0,0,0,0,0,22,236,254,104,0,0,0,0,0,0,0,0,0,0,0,0,0,0,0,0,0,0,118,188,132,0,0,0,62,254,254,97,0,0,0,0,0,0,0,0,0,0,0,0,0,0,0,0,0,91,240,254,153,0,0,0,137,254,227,12,0,0,0,0,0,0,0,0,0,0,0,0,0,0,0,0,10,219,254,239,47,0,0,6,206,254,127,0,0,0,0,0,0,0,0,0,0,0,0,0,0,0,0,0,98,254,254,143,0,0,0,89,254,254,97,0,0,0,0,0,0,0,0,0,0,0,0,0,0,0,0,8,219,254,218,11,0,0,0,133,254,245,21,0,0,0,0,0,0,0,0,0,0,0,0,0,0,0,0,86,254,254,234,209,209,195,126,220,254,181,0,0,0,0,0,0,0,0,0,0,0,0,0,0,0,0,0,86,254,254,254,254,254,254,254,254,254,113,0,0,0,0,0,0,0,0,0,0,0,0,0,0,0,0,0,3,99,121,121,55,37,65,147,254,254,41,0,0,0,0,0,0,0,0,0,0,0,0,0,0,0,0,0,0,0,0,0,0,0,0,129,254,188,4,0,0,0,0,0,0,0,0,0,0,0,0,0,0,0,0,0,0,0,0,0,0,0,0,203,254,117,0,0,0,0,0,0,0,0,0,0,0,0,0,0,0,0,0,0,0,0,0,0,0,0,86,250,254,41,0,0,0,0,0,0,0,0,0,0,0,0,0,0,0,0,0,0,0,0,0,0,0,0,126,254,185,3,0,0,0,0,0,0,0,0,0,0,0,0,0,0,0,0,0,0,0,0,0,0,0,0,203,254,121,0,0,0,0,0,0,0,0,0,0,0,0,0,0,0,0,0,0,0,0,0,0,0,0,12,222,254,69,0,0,0,0,0,0,0,0,0,0,0,0,0,0,0,0,0,0,0,0,0,0,0,0,119,254,183,2,0,0,0,0,0,0,0,0,0,0,0,0,0,0,0,0,0,0,0,0,0,0,0,0,82,239,98,0,0,0,0,0,0,0,0,0,0,0,0,0,0,0,0,0,0,0,0,0,0,0,0,0,0,0,0,0,0,0,0,0,0,0,0,0,0,0,0,0,0,0,0,0,0,0,0,0,0,0,0,0,0,0,0,0,0,0,0,0,0,0,0,0,0,0,0,0,0,0,0,0,0,0,0,0,0,0,0,0,0,0,0,0,0,0,0,0,0,0,0,0,0,0,0,0
9,0,0,0,0,0,0,0,0,0,0,0,0,0,0,0,0,0,0,0,0,0,0,0,0,0,0,0,0,0,0,0,0,0,0,0,0,0,0,0,0,0,0,0,0,0,0,0,0,0,0,0,0,0,0,0,0,0,0,0,0,0,0,0,0,0,0,0,0,0,0,0,0,0,0,0,0,0,0,0,0,0,0,0,0,0,0,0,0,0,0,0,0,0,0,0,0,0,0,0,0,0,0,0,0,0,0,0,0,0,0,0,0,0,0,0,0,0,0,0,0,0,0,0,0,0,0,0,0,0,0,0,0,0,0,0,0,0,0,0,0,0,0,0,0,0,0,0,0,0,0,0,0,0,0,0,0,0,0,0,0,0,0,0,0,0,0,0,0,0,0,0,0,0,0,0,0,0,0,0,0,0,0,0,0,0,0,0,0,0,0,0,0,0,0,0,0,0,0,0,0,0,0,0,0,0,0,0,41,214,253,214,51,0,0,0,0,0,0,0,0,0,0,0,0,0,0,0,0,0,0,0,0,0,0,123,243,253,252,253,252,41,0,0,0,0,0,0,0,0,0,0,0,0,0,0,0,0,0,0,0,0,62,254,253,254,253,254,253,234,112,0,0,0,0,0,0,0,0,0,0,0,0,0,0,0,0,0,0,0,142,253,252,192,111,71,192,253,252,82,0,0,0,0,0,0,0,0,0,0,0,0,0,0,0,0,0,0,203,254,172,41,0,11,213,254,253,102,0,0,0,0,0,0,0,0,0,0,0,0,0,0,0,0,0,0,162,253,50,0,0,92,252,253,252,102,0,0,0,0,0,0,0,0,0,0,0,0,0,0,0,0,0,0,102,254,213,152,193,254,253,254,253,102,0,0,0,0,0,0,0,0,0,0,0,0,0,0,0,0,0,0,20,253,252,253,252,253,252,253,252,102,0,0,0,0,0,0,0,0,0,0,0,0,0,0,0,0,0,0,0,123,243,254,253,254,213,254,253,102,0,0,0,0,0,0,0,0,0,0,0,0,0,0,0,0,0,0,0,0,40,50,91,50,10,253,252,102,0,0,0,0,0,0,0,0,0,0,0,0,0,0,0,0,0,0,0,0,0,0,0,0,0,254,253,102,0,0,0,0,0,0,0,0,0,0,0,0,0,0,0,0,0,0,0,0,0,0,0,0,0,253,252,102,0,0,0,0,0,0,0,0,0,0,0,0,0,0,0,0,0,0,0,0,0,0,0,0,0,254,253,102,0,0,0,0,0,0,0,0,0,0,0,0,0,0,0,0,0,0,0,0,0,0,0,0,0,253,252,102,0,0,0,0,0,0,0,0,0,0,0,0,0,0,0,0,0,0,0,0,0,0,0,0,0,254,253,0,0,0,0,0,0,0,0,0,0,0,0,0,0,0,0,0,0,0,0,0,0,0,0,0,0,253,252,41,0,0,0,0,0,0,0,0,0,0,0,0,0,0,0,0,0,0,0,0,0,0,0,0,0,255,253,21,0,0,0,0,0,0,0,0,0,0,0,0,0,0,0,0,0,0,0,0,0,0,0,0,0,253,252,102,0,0,0,0,0,0,0,0,0,0,0,0,0,0,0,0,0,0,0,0,0,0,0,0,0,173,253,103,0,0,0,0,0,0,0,0,0,0,0,0,0,0,0,0,0,0,0,0,0,0,0,0,0,31,192,20,0,0,0,0,0,0,0,0,0,0,0,0,0,0,0,0,0,0,0,0,0,0,0,0,0,0,0,0,0,0,0,0,0,0,0,0,0
5,0,0,0,0,0,0,0,0,0,0,0,0,0,0,0,0,0,0,0,0,0,0,0,0,0,0,0,0,0,0,0,0,0,0,0,0,0,0,0,0,0,0,0,0,0,0,0,0,0,0,0,0,0,0,0,0,0,0,0,0,0,0,0,0,0,0,0,0,0,0,0,0,0,0,0,0,0,0,0,0,0,0,0,0,0,0,0,0,0,0,0,0,0,0,0,0,0,0,0,0,0,0,0,0,0,0,0,0,0,0,0,0,0,0,0,0,0,0,0,0,0,0,0,0,0,44,191,254,176,25,0,0,0,0,0,0,0,0,0,0,0,0,0,0,0,0,0,0,0,0,0,0,60,199,252,253,252,146,3,0,0,0,0,0,0,0,0,0,0,0,0,0,0,0,0,0,0,0,0,53,236,252,252,253,252,252,144,0,0,0,0,0,0,0,0,0,0,0,0,0,0,0,0,0,0,0,8,229,252,252,252,121,73,220,242,46,0,0,0,0,0,0,0,0,0,0,0,0,0,0,0,0,0,0,113,252,252,252,156,0,0,35,193,69,0,0,0,0,0,0,0,0,0,0,0,0,0,0,0,0,0,44,241,252,252,192,7,0,0,0,0,0,0,0,0,0,0,0,0,0,0,0,0,0,0,0,0,0,1,160,252,252,250,72,0,0,0,0,0,0,0,0,0,0,0,0,0,0,0,0,0,0,0,0,0,0,23,252,252,252,189,0,0,0,0,0,0,0,0,0,0,0,0,0,0,0,0,0,0,0,0,0,0,0,71,252,252,252,212,187,139,78,78,78,4,0,0,0,0,0,0,0,0,0,0,0,0,0,0,0,0,0,23,252,252,252,252,252,252,253,252,252,212,87,0,0,0,0,0,0,0,0,0,0,0,0,0,0,0,0,0,97,246,253,253,253,253,255,253,253,253,253,167,27,0,0,0,0,0,0,0,0,0,0,0,0,0,0,0,0,99,186,227,252,252,253,252,252,252,252,252,131,0,0,0,0,0,0,0,0,0,0,0,0,0,0,0,0,0,0,27,44,44,44,44,126,252,252,252,131,0,0,0,0,0,0,0,0,0,0,0,0,0,0,0,0,0,0,0,0,0,0,0,109,252,252,252,131,0,0,0,0,0,0,0,0,0,0,0,0,0,0,0,0,0,0,0,0,0,0,68,237,252,252,252,131,0,0,0,0,0,0,0,0,0,0,0,0,0,0,0,20,89,184,35,0,39,199,236,252,252,252,252,93,0,0,0,0,0,0,0,0,0,0,0,0,0,0,0,56,252,252,220,203,240,253,252,252,252,250,69,2,0,0,0,0,0,0,0,0,0,0,0,0,0,0,0,56,252,252,252,252,252,253,252,252,171,77,0,0,0,0,0,0,0,0,0,0,0,0,0,0,0,0,0,39,236,252,252,252,252,253,198,132,32,0,0,0,0,0,0,0,0,0,0,0,0,0,0,0,0,0,0,0,26,133,161,219,142,33,10,0,0,0,0,0,0,0,0,0,0,0,0,0,0,0,0,0,0,0,0,0,0,0,0,0,0,0,0,0,0,0,0,0,0,0,0,0,0,0,0,0,0,0,0,0,0,0,0,0,0,0,0,0,0,0,0,0,0,0,0,0,0,0,0,0,0,0,0,0,0,0,0,0,0,0,0,0,0,0,0,0,0,0,0,0,0,0,0,0,0,0,0,0,0,0,0,0,0,0,0,0,0,0,0,0,0,0,0,0,0,0,0,0,0,0,0,0,0,0,0,0,0,0
1,0,0,0,0,0,0,0,0,0,0,0,0,0,0,0,0,0,0,0,0,0,0,0,0,0,0,0,0,0,0,0,0,0,0,0,0,0,0,0,0,0,0,0,0,0,0,0,0,0,0,0,0,0,0,0,0,0,0,0,0,0,0,0,0,0,0,0,191,191,0,0,0,0,0,0,0,0,0,0,0,0,0,0,0,0,0,0,0,0,0,0,0,0,0,0,255,255,191,0,0,0,0,0,0,0,0,0,0,0,0,0,0,0,0,0,0,0,0,0,0,0,0,0,255,255,255,0,0,0,0,0,0,0,0,0,0,0,0,0,0,0,0,0,0,0,0,0,0,0,0,0,255,255,255,0,0,0,0,0,0,0,0,0,0,0,0,0,0,0,0,0,0,0,0,0,0,0,0,0,255,255,255,0,0,0,0,0,0,0,0,0,0,0,0,0,0,0,0,0,0,0,0,0,0,0,0,0,128,255,255,0,0,0,0,0,0,0,0,0,0,0,0,0,0,0,0,0,0,0,0,0,0,0,0,0,64,255,255,64,0,0,0,0,0,0,0,0,0,0,0,0,0,0,0,0,0,0,0,0,0,0,0,0,0,191,255,128,0,0,0,0,0,0,0,0,0,0,0,0,0,0,0,0,0,0,0,0,0,0,0,0,0,128,255,255,0,0,0,0,0,0,0,0,0,0,0,0,0,0,0,0,0,0,0,0,0,0,0,0,0,128,255,255,128,0,0,0,0,0,0,0,0,0,0,0,0,0,0,0,0,0,0,0,0,0,0,0,0,128,255,255,191,0,0,0,0,0,0,0,0,0,0,0,0,0,0,0,0,0,0,0,0,0,0,0,0,128,255,255,255,191,0,0,0,0,0,0,0,0,0,0,0,0,0,0,0,0,0,0,0,0,0,0,0,128,255,255,255,255,0,0,0,0,0,0,0,0,0,0,0,0,0,0,0,0,0,0,0,0,0,0,0,0,64,64,255,255,191,0,0,0,0,0,0,0,0,0,0,0,0,0,0,0,0,0,0,0,0,0,0,0,0,0,128,255,255,128,0,0,0,0,0,0,0,0,0,0,0,0,0,0,0,0,0,0,0,0,0,0,0,0,0,255,255,255,64,0,0,0,0,0,0,0,0,0,0,0,0,0,0,0,0,0,0,64,255,255,255,255,255,255,255,255,255,64,0,0,0,0,0,0,0,0,0,0,0,0,0,0,0,0,0,128,255,255,255,255,255,255,255,255,255,255,0,0,0,0,0,0,0,0,0,0,0,0,0,0,0,0,0,64,255,255,255,255,255,255,255,255,255,255,128,0,0,0,0,0,0,0,0,0,0,0,0,0,0,0,0,0,64,128,128,128,128,128,255,255,255,128,0,0,0,0,0,0,0,0,0,0,0,0,0,0,0,0,0,0,0,0,0,0,0,0,0,0,0,0,0,0,0,0,0,0,0,0,0,0,0,0,0,0,0,0,0,0,0,0,0,0,0,0,0,0,0,0,0,0,0,0,0,0,0,0,0,0,0,0,0,0,0,0,0,0,0,0,0,0,0,0,0,0,0,0,0,0,0,0,0,0,0,0,0,0,0,0,0,0,0,0,0,0,0,0,0,0,0,0,0,0,0,0,0,0,0,0,0,0,0,0,0,0,0,0,0,0,0,0,0,0,0,0,0,0,0,0,0,0,0,0,0,0,0,0,0,0,0,0,0,0,0,0,0,0,0,0,0,0,0,0,0,0,0,0,0,0,0,0,0,0,0,0,0,0,0
3,0,0,0,0,0,0,0,0,0,0,0,0,0,0,0,0,0,0,0,0,0,0,0,0,0,0,0,0,0,0,0,0,0,0,0,0,0,0,0,0,0,0,0,0,0,0,0,0,0,0,0,0,0,0,0,0,0,0,0,0,0,0,0,0,0,0,0,0,0,0,0,0,0,0,0,0,0,0,0,0,0,0,0,0,0,0,0,0,0,0,0,0,0,0,0,0,0,0,0,0,0,0,0,0,0,0,0,0,0,0,0,0,0,0,0,0,0,0,0,0,0,0,0,0,0,0,0,0,0,0,0,0,0,0,0,0,0,0,0,0,0,0,0,0,0,0,0,0,0,0,0,0,0,0,0,25,133,133,99,3,0,0,0,0,0,0,0,0,0,0,0,0,0,0,0,0,0,0,0,0,0,89,145,212,253,253,253,48,0,0,0,0,0,0,0,0,0,0,0,0,0,0,0,0,0,0,0,16,152,254,253,253,253,253,253,48,0,0,0,0,0,0,0,0,0,0,0,0,0,0,0,0,0,0,89,206,253,254,225,212,253,253,239,39,0,0,0,0,0,0,0,0,0,0,0,0,0,0,0,0,0,91,243,253,253,130,31,37,253,253,151,0,0,0,0,0,0,0,0,0,0,0,0,0,0,0,0,0,21,220,253,187,65,0,42,156,253,172,14,0,0,0,0,0,0,0,0,0,0,0,0,0,0,0,0,0,73,253,180,16,0,51,233,253,214,14,0,0,0,0,0,0,0,0,0,0,0,0,0,0,0,0,0,0,45,189,36,0,47,238,253,253,247,218,183,19,0,0,0,0,0,0,0,0,0,0,0,0,0,0,0,0,0,8,4,0,70,254,253,253,253,253,253,235,184,63,0,0,0,0,0,0,0,0,0,0,0,0,0,0,0,0,0,0,0,132,132,132,132,132,132,231,253,196,6,0,0,0,0,0,0,0,0,0,0,0,0,0,0,0,0,0,0,0,0,0,0,0,0,0,155,254,196,0,0,0,0,0,0,0,0,13,11,0,0,0,0,0,0,0,0,0,0,0,0,0,0,0,51,242,242,0,0,0,0,0,0,0,0,209,109,0,0,0,0,0,0,0,0,0,0,0,0,0,0,0,172,253,132,0,0,0,0,0,0,0,0,254,131,0,0,0,0,0,0,0,0,0,0,0,0,0,0,81,242,232,49,0,0,0,0,0,0,0,0,225,235,23,0,0,0,0,0,0,0,0,0,0,0,0,53,240,253,116,0,0,0,0,0,0,0,0,0,32,136,216,113,21,0,0,0,0,0,0,0,0,0,53,182,253,179,6,0,0,0,0,0,0,0,0,0,0,17,221,253,190,86,16,0,0,0,0,9,86,166,240,253,143,30,0,0,0,0,0,0,0,0,0,0,0,0,22,117,226,253,225,218,218,218,219,221,253,253,184,64,7,0,0,0,0,0,0,0,0,0,0,0,0,0,0,0,17,24,122,144,243,253,197,144,128,24,7,0,0,0,0,0,0,0,0,0,0,0,0,0,0,0,0,0,0,0,0,0,10,11,6,0,0,0,0,0,0,0,0,0,0,0,0,0,0,0,0,0,0,0,0,0,0,0,0,0,0,0,0,0,0,0,0,0,0,0,0,0,0,0,0,0,0,0,0,0,0,0,0,0,0,0,0,0,0,0,0,0,0,0,0,0,0,0,0,0,0,0,0,0,0,0,0,0,0,0,0,0,0,0,0,0,0,0,0,0,0,0,0,0,0,0,0,0,0,0,0,0,0
3,0,0,0,0,0,0,0,0,0,0,0,0,0,0,0,0,0,0,0,0,0,0,0,0,0,0,0,0,0,0,0,0,0,0,0,0,0,0,0,0,0,0,0,0,0,0,0,0,0,0,0,0,0,0,0,0,0,0,0,0,0,0,0,0,0,0,0,0,0,0,0,0,0,0,0,0,0,0,0,0,0,0,0,0,0,0,0,0,0,0,0,0,0,0,0,0,0,0,0,0,0,0,0,0,0,0,0,0,0,0,0,0,0,0,0,0,0,0,0,0,0,0,0,117,166,255,163,54,0,0,0,0,0,0,0,0,0,0,0,0,0,0,0,0,0,0,0,0,0,0,87,252,240,234,254,234,40,0,0,0,0,0,0,0,0,0,0,0,0,0,0,0,0,0,0,0,0,0,148,254,68,22,244,254,116,0,0,0,0,0,0,0,0,0,0,0,0,0,0,0,0,0,0,0,0,0,35,81,1,0,204,254,177,0,0,0,0,0,0,0,0,0,0,0,0,0,0,0,0,0,0,0,0,0,0,0,0,0,240,254,167,0,0,0,0,0,0,0,0,0,0,0,0,0,0,0,0,0,0,0,0,0,0,0,0,59,250,254,139,7,0,0,0,0,0,0,0,0,0,0,0,0,0,0,0,0,0,0,0,0,0,0,96,248,254,254,254,193,51,0,0,0,0,0,0,0,0,0,0,0,0,0,0,0,0,0,0,0,0,96,246,254,250,156,138,238,236,116,0,0,0,0,0,0,0,0,0,0,0,0,0,0,0,0,0,0,61,251,254,254,72,0,0,42,186,205,8,0,0,0,0,0,0,0,0,0,0,0,0,0,0,0,0,0,87,254,206,43,1,0,0,0,106,254,42,0,0,0,0,0,0,0,0,0,0,0,0,0,0,0,0,0,49,124,8,0,0,0,0,0,64,254,161,0,0,0,0,0,0,0,0,0,0,0,0,0,0,0,0,0,0,0,0,0,0,0,0,0,10,254,149,0,0,0,0,0,0,0,0,0,0,0,0,0,0,0,0,0,0,0,0,0,0,0,0,0,99,254,103,0,0,0,0,0,0,0,0,0,0,0,0,0,0,0,0,0,40,160,141,0,0,0,0,0,145,251,23,0,0,0,0,0,0,0,0,0,0,0,0,0,0,0,0,16,230,173,0,0,0,0,0,57,236,154,0,0,0,0,0,0,0,0,0,0,0,0,0,0,0,0,0,76,254,105,0,0,0,0,27,193,230,8,0,0,0,0,0,0,0,0,0,0,0,0,0,0,0,0,0,123,254,107,0,0,5,84,205,251,109,0,0,0,0,0,0,0,0,0,0,0,0,0,0,0,0,0,0,154,254,235,91,163,249,254,254,89,0,0,0,0,0,0,0,0,0,0,0,0,0,0,0,0,0,0,0,72,254,254,254,254,254,233,95,3,0,0,0,0,0,0,0,0,0,0,0,0,0,0,0,0,0,0,0,6,163,161,165,254,109,35,0,0,0,0,0,0,0,0,0,0,0,0,0,0,0,0,0,0,0,0,0,0,0,0,0,0,0,0,0,0,0,0,0,0,0,0,0,0,0,0,0,0,0,0,0,0,0,0,0,0,0,0,0,0,0,0,0,0,0,0,0,0,0,0,0,0,0,0,0,0,0,0,0,0,0,0,0,0,0,0,0,0,0,0,0,0,0,0,0,0,0,0,0,0,0,0,0,0,0,0,0,0,0,0,0,0,0,0,0,0,0,0,0,0,0,0,0,0,0,0,0,0,0,0
4,0,0,0,0,0,0,0,0,0,0,0,0,0,0,0,0,0,0,0,0,0,0,0,0,0,0,0,0,0,0,0,0,0,0,0,0,0,0,0,0,0,0,0,0,0,0,0,0,0,0,0,0,0,0,0,0,0,0,0,0,0,0,0,0,0,0,0,0,0,0,0,0,0,0,0,0,0,0,0,0,0,0,0,0,0,0,0,0,0,0,0,0,0,0,0,0,0,0,0,0,0,0,0,0,0,0,0,0,0,0,0,0,0,0,0,0,0,0,0,0,0,0,0,0,0,0,0,0,0,0,0,0,0,0,0,0,0,0,0,0,0,0,0,0,0,0,0,0,0,0,0,0,0,0,57,170,0,0,0,0,0,0,0,0,0,0,0,0,0,0,0,0,0,0,0,0,0,86,86,0,0,0,86,226,0,0,0,0,0,0,0,0,0,0,0,0,0,0,0,0,0,0,0,0,0,170,255,0,0,0,170,226,0,0,0,0,0,0,0,0,0,0,0,0,0,0,0,0,0,0,0,0,0,170,255,114,0,0,170,255,0,0,0,0,0,0,0,0,0,0,0,0,0,0,0,0,0,0,0,0,0,141,255,198,0,0,114,255,0,0,0,0,0,0,0,0,0,0,0,0,0,0,0,0,0,0,0,0,0,86,255,198,0,0,86,255,0,0,0,0,0,0,0,0,0,0,0,0,0,0,0,0,0,0,0,0,0,0,255,255,0,0,86,255,0,0,0,0,0,0,0,0,0,0,0,0,0,0,0,0,0,0,0,0,0,0,255,255,29,0,86,255,170,29,0,0,0,0,0,0,0,0,0,0,0,0,0,0,0,0,0,0,0,0,198,255,114,0,86,255,198,0,0,0,0,0,0,0,0,0,0,0,0,0,0,0,0,0,0,0,0,0,114,255,226,170,255,255,170,0,0,0,0,0,0,0,0,0,0,0,0,0,0,0,0,0,0,0,0,0,0,170,255,255,114,170,255,0,0,0,0,0,0,0,0,0,0,0,0,0,0,0,0,0,0,0,0,0,0,0,0,0,0,57,255,29,0,0,0,0,0,0,0,0,0,0,0,0,0,0,0,0,0,0,0,0,0,0,0,0,0,0,255,141,0,0,0,0,0,0,0,0,0,0,0,0,0,0,0,0,0,0,0,0,0,0,0,0,0,0,198,226,0,0,0,0,0,0,0,0,0,0,0,0,0,0,0,0,0,0,0,0,0,0,0,0,0,0,170,255,114,0,0,0,0,0,0,0,0,0,0,0,0,0,0,0,0,0,0,0,0,0,0,0,0,0,114,255,226,0,0,0,0,0,0,0,0,0,0,0,0,0,0,0,0,0,0,0,0,0,0,0,0,0,0,198,255,0,0,0,0,0,0,0,0,0,0,0,0,0,0,0,0,0,0,0,0,0,0,0,0,0,0,141,255,29,0,0,0,0,0,0,0,0,0,0,0,0,0,0,0,0,0,0,0,0,0,0,0,0,0,0,226,114,0,0,0,0,0,0,0,0,0,0,0,0,0,0,0,0,0,0,0,0,0,0,0,0,0,0,141,226,29,0,0,0,0,0,0,0,0,0,0,0,0,0,0,0,0,0,0,0,0,0,0,0,0,0,0,0,0,0,0,0,0,0,0,0,0,0,0,0,0,0,0,0,0,0,0,0,0,0,0,0,0,0,0,0,0,0,0,0,0,0,0,0,0,0,0,0,0,0,0,0,0,0,0,0,0,0,0,0,0,0,0,0,0,0,0,0,0,0,0,0
7,0,0,0,0,0,0,0,0,0,0,0,0,0,0,0,0,0,0,0,0,0,0,0,0,0,0,0,0,0,0,0,0,0,0,0,0,0,0,0,0,0,0,0,0,0,0,0,0,0,0,0,0,0,0,0,0,0,0,0,0,0,0,0,0,0,0,0,0,0,0,0,0,0,0,0,0,0,0,0,0,0,0,0,0,0,0,0,0,0,0,0,0,0,0,0,0,0,0,0,0,0,0,0,0,0,0,0,0,0,0,0,0,0,0,0,0,0,0,0,0,0,0,0,0,0,0,0,0,0,0,0,0,0,0,0,0,0,0,0,0,0,0,0,0,0,0,0,0,0,0,0,0,0,0,0,0,0,0,0,0,0,0,0,0,0,0,0,0,0,0,0,0,0,0,0,0,0,0,0,0,0,0,0,0,0,0,0,0,0,0,0,0,0,0,0,0,0,0,0,0,0,0,0,0,0,0,2,9,3,6,8,9,9,43,154,212,152,0,0,0,0,0,0,0,0,0,0,0,0,0,0,0,0,0,108,254,206,232,252,254,254,254,254,254,167,0,0,0,0,0,0,0,0,0,0,0,0,0,0,0,0,0,93,229,229,202,176,247,254,235,136,65,11,0,0,0,0,0,0,0,0,0,0,0,0,0,0,0,0,0,0,0,0,0,0,146,254,110,0,0,0,0,0,0,0,0,0,0,0,0,0,0,0,0,0,0,0,0,0,0,0,0,14,239,227,13,0,0,0,0,0,0,0,0,0,0,0,0,0,0,0,0,0,0,0,0,0,0,0,0,83,254,155,0,0,0,0,0,0,0,0,0,0,0,0,0,0,0,0,0,0,0,0,0,0,0,0,0,172,254,84,0,0,0,0,0,0,0,0,0,0,0,0,0,0,0,0,0,0,0,9,132,164,177,155,148,251,254,178,148,122,98,0,0,0,0,0,0,0,0,0,0,0,0,0,0,0,0,24,216,254,254,254,254,254,254,249,204,142,83,0,0,0,0,0,0,0,0,0,0,0,0,0,0,0,0,0,4,8,80,37,190,254,140,7,3,0,0,0,0,0,0,0,0,0,0,0,0,0,0,0,0,0,0,0,0,0,0,3,213,255,54,0,0,0,0,0,0,0,0,0,0,0,0,0,0,0,0,0,0,0,0,0,0,0,0,66,254,195,0,0,0,0,0,0,0,0,0,0,0,0,0,0,0,0,0,0,0,0,0,0,0,0,0,66,254,171,0,0,0,0,0,0,0,0,0,0,0,0,0,0,0,0,0,0,0,0,0,0,0,0,0,129,254,161,0,0,0,0,0,0,0,0,0,0,0,0,0,0,0,0,0,0,0,0,0,0,0,0,0,148,254,90,0,0,0,0,0,0,0,0,0,0,0,0,0,0,0,0,0,0,0,0,0,0,0,0,0,148,254,90,0,0,0,0,0,0,0,0,0,0,0,0,0,0,0,0,0,0,0,0,0,0,0,0,0,148,254,18,0,0,0,0,0,0,0,0,0,0,0,0,0,0,0,0,0,0,0,0,0,0,0,0,0,148,254,8,0,0,0,0,0,0,0,0,0,0,0,0,0,0,0,0,0,0,0,0,0,0,0,0,0,125,254,82,0,0,0,0,0,0,0,0,0,0,0,0,0,0,0,0,0,0,0,0,0,0,0,0,0,24,217,93,0,0,0,0,0,0,0,0,0,0,0,0,0,0,0,0,0,0,0,0,0,0,0,0,0,0,0,0,0,0,0,0,0,0,0,0,0,0,0,0,0
8,0,0,0,0,0,0,0,0,0,0,0,0,0,0,0,0,0,0,0,0,0,0,0,0,0,0,0,0,0,0,0,0,0,0,0,0,0,0,0,0,0,0,0,0,0,0,0,0,0,0,0,0,0,0,0,0,0,0,0,0,0,0,0,0,0,0,0,0,0,0,0,0,0,0,0,0,0,0,0,0,0,0,0,0,0,0,0,0,0,0,0,0,0,0,0,0,0,0,0,0,0,0,0,0,0,0,0,0,0,0,0,0,0,0,0,0,0,0,0,0,0,0,0,0,0,0,0,0,0,0,0,0,0,0,0,0,0,0,0,0,0,0,0,0,0,0,0,0,0,0,0,0,0,10,97,120,163,216,254,254,97,9,0,0,0,0,0,0,0,0,0,0,0,0,0,0,0,0,0,0,7,206,253,254,253,253,253,253,254,76,0,0,0,0,0,0,0,0,0,0,0,0,0,0,0,0,0,37,169,253,253,152,78,78,134,253,254,76,0,0,0,0,0,0,0,0,0,0,0,0,0,0,0,68,137,228,253,164,41,0,0,13,230,253,207,18,0,0,0,0,0,0,0,0,0,0,0,0,0,0,31,239,254,253,154,5,0,0,8,183,253,253,98,0,0,0,0,0,0,0,0,0,0,0,0,0,0,0,0,173,255,241,30,0,0,14,149,254,254,133,0,0,0,0,0,0,0,0,0,0,0,0,0,0,0,0,0,53,254,250,80,9,8,186,253,253,129,9,0,0,0,0,0,0,0,0,0,0,0,0,0,0,0,0,0,0,254,253,253,158,183,254,247,144,6,0,0,0,0,0,0,0,0,0,0,0,0,0,0,0,0,0,0,0,42,202,253,253,253,244,159,0,0,0,0,0,0,0,0,0,0,0,0,0,0,0,0,0,0,0,0,0,0,12,223,253,253,195,0,0,0,0,0,0,0,0,0,0,0,0,0,0,0,0,0,0,0,0,0,0,0,28,194,254,254,209,9,0,0,0,0,0,0,0,0,0,0,0,0,0,0,0,0,0,0,0,0,0,5,203,253,227,218,254,166,0,0,0,0,0,0,0,0,0,0,0,0,0,0,0,0,0,0,0,0,0,156,253,228,43,98,254,233,0,0,0,0,0,0,0,0,0,0,0,0,0,0,0,0,0,0,0,0,143,254,253,85,0,83,254,244,57,0,0,0,0,0,0,0,0,0,0,0,0,0,0,0,0,0,0,16,217,254,162,18,0,0,254,253,174,0,0,0,0,0,0,0,0,0,0,0,0,0,0,0,0,0,0,100,254,255,76,0,10,97,255,249,60,0,0,0,0,0,0,0,0,0,0,0,0,0,0,0,0,0,0,219,253,196,8,20,131,253,219,50,0,0,0,0,0,0,0,0,0,0,0,0,0,0,0,0,0,0,0,234,253,145,129,253,253,222,30,0,0,0,0,0,0,0,0,0,0,0,0,0,0,0,0,0,0,0,0,234,253,254,253,253,164,12,0,0,0,0,0,0,0,0,0,0,0,0,0,0,0,0,0,0,0,0,0,122,253,254,245,126,27,0,0,0,0,0,0,0,0,0,0,0,0,0,0,0,0,0,0,0,0,0,0,0,0,0,0,0,0,0,0,0,0,0,0,0,0,0,0,0,0,0,0,0,0,0,0,0,0,0,0,0,0,0,0,0,0,0,0,0,0,0,0,0,0,0,0,0,0,0,0,0,0,0,0,0,0,0,0,0,0,0,0,0,0,0,0,0,0,0,0,0,0,0,0,0,0,0,0
9,0,0,0,0,0,0,0,0,0,0,0,0,0,0,0,0,0,0,0,0,0,0,0,0,0,0,0,0,0,0,0,0,0,0,0,0,0,0,0,0,0,0,0,0,0,0,0,0,0,0,0,0,0,0,0,0,0,0,0,0,0,0,0,0,0,0,0,0,0,0,0,0,0,0,0,0,0,0,0,0,0,0,0,0,0,0,0,0,0,0,0,0,0,0,0,0,0,0,0,0,0,0,0,0,0,0,0,0,0,0,0,0,0,0,0,0,0,0,0,0,0,0,0,0,0,0,0,0,0,0,0,0,0,0,0,0,0,0,0,0,0,0,0,0,0,0,0,0,0,0,0,0,0,0,0,0,0,0,0,0,0,0,0,0,0,0,0,0,0,0,0,0,0,0,0,0,0,0,0,0,0,0,0,0,0,0,0,0,0,0,0,0,0,0,0,0,0,0,0,0,0,0,0,0,0,0,114,141,198,255,255,255,255,141,0,0,0,0,0,0,0,0,0,0,0,0,0,0,0,0,0,0,141,255,255,198,170,86,86,86,226,255,141,0,0,0,0,0,0,0,0,0,0,0,0,0,0,0,0,0,255,255,0,0,0,0,0,0,86,255,114,0,0,0,0,0,0,0,0,0,0,0,0,0,0,0,0,0,255,255,0,0,0,0,0,0,29,255,198,86,0,0,0,0,0,0,0,0,0,0,0,0,0,0,0,0,226,255,0,0,0,0,0,0,86,255,255,141,0,0,0,0,0,0,0,0,0,0,0,0,0,0,0,0,86,255,86,0,0,0,0,0,226,255,255,29,0,0,0,0,0,0,0,0,0,0,0,0,0,0,0,0,0,226,255,29,0,0,0,29,255,255,141,0,0,0,0,0,0,0,0,0,0,0,0,0,0,0,0,0,0,29,226,198,29,0,0,114,255,255,0,0,0,0,0,0,0,0,0,0,0,0,0,0,0,0,0,0,0,0,29,170,255,198,198,255,255,114,0,0,0,0,0,0,0,0,0,0,0,0,0,0,0,0,0,0,0,0,0,0,57,86,86,226,255,0,0,0,0,0,0,0,0,0,0,0,0,0,0,0,0,0,0,0,0,0,0,0,0,0,0,255,255,0,0,0,0,0,0,0,0,0,0,0,0,0,0,0,0,0,0,0,0,0,0,0,0,0,0,255,255,0,0,0,0,0,0,0,0,0,0,0,0,0,0,0,0,0,0,0,0,0,0,0,0,0,57,255,170,0,0,0,0,0,0,0,0,0,0,0,0,0,0,0,0,0,0,0,0,0,0,0,0,0,86,255,170,0,0,0,0,0,0,0,0,0,0,0,0,0,0,0,0,0,0,0,0,0,0,0,0,0,114,255,170,0,0,0,0,0,0,0,0,0,0,0,0,0,0,0,0,0,0,0,0,0,0,0,0,0,141,255,226,0,0,0,0,0,0,0,0,0,0,0,0,0,0,0,0,0,0,0,0,0,0,0,0,0,226,255,226,0,0,0,0,0,0,0,0,0,0,0,0,0,0,0,0,0,0,0,0,0,0,0,0,0,255,255,141,0,0,0,0,0,0,0,0,0,0,0,0,0,0,0,0,0,0,0,0,0,0,0,0,0,255,255,0,0,0,0,0,0,0,0,0,0,0,0,0,0,0,0,0,0,0,0,0,0,0,0,0,0,226,141,0,0,0,0,0,0,0,0,0,0,0,0,0,0,0,0,0,0,0,0,0,0,0,0,0,0,0,0,0,0,0,0,0,0,0,0,0,0,0,0
1,0,0,0,0,0,0,0,0,0,0,0,0,0,0,0,0,0,0,0,0,0,0,0,0,0,0,0,0,0,0,0,0,0,0,0,0,0,0,0,0,0,0,0,0,0,0,0,0,0,0,0,0,0,0,0,0,0,0,0,0,0,0,0,0,0,0,0,0,0,0,0,0,0,0,0,0,0,0,0,0,0,0,0,0,0,0,0,0,0,0,0,0,0,0,0,0,0,0,0,0,0,0,0,0,0,0,0,0,0,0,0,0,0,0,0,0,0,0,0,0,0,0,0,0,0,0,0,0,0,0,0,0,0,0,0,0,0,0,0,0,0,0,0,0,0,0,0,0,0,0,0,0,0,0,0,34,254,227,9,0,0,0,0,0,0,0,0,0,0,0,0,0,0,0,0,0,0,0,0,0,0,0,0,63,253,44,0,0,0,0,0,0,0,0,0,0,0,0,0,0,0,0,0,0,0,0,0,0,0,0,0,144,227,27,0,0,0,0,0,0,0,0,0,0,0,0,0,0,0,0,0,0,0,0,0,0,0,0,10,250,187,0,0,0,0,0,0,0,0,0,0,0,0,0,0,0,0,0,0,0,0,0,0,0,0,0,111,254,115,0,0,0,0,0,0,0,0,0,0,0,0,0,0,0,0,0,0,0,0,0,0,0,0,0,111,255,77,0,0,0,0,0,0,0,0,0,0,0,0,0,0,0,0,0,0,0,0,0,0,0,0,0,111,254,77,0,0,0,0,0,0,0,0,0,0,0,0,0,0,0,0,0,0,0,0,0,0,0,0,0,111,254,77,0,0,0,0,0,0,0,0,0,0,0,0,0,0,0,0,0,0,0,0,0,0,0,0,0,144,230,20,0,0,0,0,0,0,0,0,0,0,0,0,0,0,0,0,0,0,0,0,0,0,0,0,0,221,221,0,0,0,0,0,0,0,0,0,0,0,0,0,0,0,0,0,0,0,0,0,0,0,0,0,11,226,222,0,0,0,0,0,0,0,0,0,0,0,0,0,0,0,0,0,0,0,0,0,0,0,0,0,78,253,144,0,0,0,0,0,0,0,0,0,0,0,0,0,0,0,0,0,0,0,0,0,0,0,0,0,169,253,68,0,0,0,0,0,0,0,0,0,0,0,0,0,0,0,0,0,0,0,0,0,0,0,0,0,188,195,0,0,0,0,0,0,0,0,0,0,0,0,0,0,0,0,0,0,0,0,0,0,0,0,0,10,202,143,0,0,0,0,0,0,0,0,0,0,0,0,0,0,0,0,0,0,0,0,0,0,0,0,0,45,253,143,0,0,0,0,0,0,0,0,0,0,0,0,0,0,0,0,0,0,0,0,0,0,0,0,0,146,250,89,0,0,0,0,0,0,0,0,0,0,0,0,0,0,0,0,0,0,0,0,0,0,0,0,7,215,176,0,0,0,0,0,0,0,0,0,0,0,0,0,0,0,0,0,0,0,0,0,0,0,0,0,12,253,94,0,0,0,0,0,0,0,0,0,0,0,0,0,0,0,0,0,0,0,0,0,0,0,0,0,12,234,37,0,0,0,0,0,0,0,0,0,0,0,0,0,0,0,0,0,0,0,0,0,0,0,0,0,0,0,0,0,0,0,0,0,0,0,0,0,0,0,0,0,0,0,0,0,0,0,0,0,0,0,0,0,0,0,0,0,0,0,0,0,0,0,0,0,0,0,0,0,0,0,0,0,0,0,0,0,0,0,0,0,0,0,0,0,0,0,0,0,0,0,0,0,0,0,0,0,0
1,0,0,0,0,0,0,0,0,0,0,0,0,0,0,0,0,0,0,0,0,0,0,0,0,0,0,0,0,0,0,0,0,0,0,0,0,0,0,0,0,0,0,0,0,0,0,0,0,0,0,0,0,0,0,0,0,0,0,0,0,0,0,0,0,0,0,0,0,0,0,0,0,0,0,0,0,0,0,0,0,0,0,0,0,0,0,0,0,0,0,0,0,0,0,0,0,0,0,0,0,0,0,0,0,0,0,0,0,0,0,0,0,0,0,0,0,0,0,0,0,0,0,0,0,0,0,0,0,55,216,9,0,0,0,0,0,0,0,0,0,0,0,0,0,0,0,0,0,0,0,0,0,0,0,0,0,55,196,0,0,0,0,0,0,0,0,0,0,0,0,0,0,0,0,0,0,0,0,0,0,0,0,0,0,114,215,9,0,0,0,0,0,0,0,0,0,0,0,0,0,0,0,0,0,0,0,0,0,0,0,0,0,171,196,0,0,0,0,0,0,0,0,0,0,0,0,0,0,0,0,0,0,0,0,0,0,0,0,0,38,246,189,0,0,0,0,0,0,0,0,0,0,0,0,0,0,0,0,0,0,0,0,0,0,0,0,0,51,255,105,0,0,0,0,0,0,0,0,0,0,0,0,0,0,0,0,0,0,0,0,0,0,0,0,0,125,248,26,0,0,0,0,0,0,0,0,0,0,0,0,0,0,0,0,0,0,0,0,0,0,0,0,37,247,178,0,0,0,0,0,0,0,0,0,0,0,0,0,0,0,0,0,0,0,0,0,0,0,0,0,59,254,61,0,0,0,0,0,0,0,0,0,0,0,0,0,0,0,0,0,0,0,0,0,0,0,0,0,143,213,6,0,0,0,0,0,0,0,0,0,0,0,0,0,0,0,0,0,0,0,0,0,0,0,0,36,248,134,0,0,0,0,0,0,0,0,0,0,0,0,0,0,0,0,0,0,0,0,0,0,0,0,0,114,254,50,0,0,0,0,0,0,0,0,0,0,0,0,0,0,0,0,0,0,0,0,0,0,0,0,21,223,194,17,0,0,0,0,0,0,0,0,0,0,0,0,0,0,0,0,0,0,0,0,0,0,0,0,85,245,60,0,0,0,0,0,0,0,0,0,0,0,0,0,0,0,0,0,0,0,0,0,0,0,0,0,197,226,14,0,0,0,0,0,0,0,0,0,0,0,0,0,0,0,0,0,0,0,0,0,0,0,0,31,251,190,0,0,0,0,0,0,0,0,0,0,0,0,0,0,0,0,0,0,0,0,0,0,0,0,0,85,244,66,0,0,0,0,0,0,0,0,0,0,0,0,0,0,0,0,0,0,0,0,0,0,0,0,19,231,113,0,0,0,0,0,0,0,0,0,0,0,0,0,0,0,0,0,0,0,0,0,0,0,0,0,110,222,2,0,0,0,0,0,0,0,0,0,0,0,0,0,0,0,0,0,0,0,0,0,0,0,0,53,207,49,0,0,0,0,0,0,0,0,0,0,0,0,0,0,0,0,0,0,0,0,0,0,0,0,0,0,0,0,0,0,0,0,0,0,0,0,0,0,0,0,0,0,0,0,0,0,0,0,0,0,0,0,0,0,0,0,0,0,0,0,0,0,0,0,0,0,0,0,0,0,0,0,0,0,0,0,0,0,0,0,0,0,0,0,0,0,0,0,0,0,0,0,0,0,0,0,0,0,0,0,0,0,0,0,0,0,0,0,0,0,0,0,0,0,0,0,0,0,0,0,0,0,0,0,0,0,0,0
6,0,0,0,0,0,0,0,0,0,0,0,0,0,0,0,0,0,0,0,0,0,0,0,0,0,0,0,0,0,0,0,0,0,0,0,0,0,0,0,0,0,0,0,0,0,0,0,0,0,0,0,0,0,0,0,0,0,0,0,0,0,0,0,0,0,0,0,0,0,0,0,0,0,0,0,0,0,0,0,0,0,0,0,0,0,0,0,0,0,0,0,0,0,0,0,0,0,0,0,0,0,0,0,0,0,0,0,0,0,0,0,0,0,0,0,0,0,0,0,0,0,0,0,0,0,0,0,0,29,218,255,119,0,0,0,0,0,0,0,0,0,0,0,0,0,0,0,0,0,0,0,0,0,0,0,28,213,253,224,37,0,0,0,0,0,0,0,0,0,0,0,0,0,0,0,0,0,0,0,0,0,0,27,211,253,252,61,0,0,0,0,0,0,0,0,0,0,0,0,0,0,0,0,0,0,0,0,0,0,29,217,253,157,79,0,0,0,0,0,0,0,0,0,0,0,0,0,0,0,0,0,0,0,0,0,0,63,212,253,150,4,0,0,0,0,0,0,0,0,0,0,0,0,0,0,0,0,0,0,0,0,0,0,28,222,253,200,6,0,5,0,0,0,0,0,0,0,0,0,0,0,0,0,0,0,0,0,0,0,0,7,217,253,253,192,157,157,198,157,157,84,30,0,0,0,0,0,0,0,0,0,0,0,0,0,0,0,0,131,253,253,253,253,253,253,253,253,253,253,230,87,0,0,0,0,0,0,0,0,0,0,0,0,0,0,82,251,253,253,245,129,44,21,93,129,129,156,251,214,5,0,0,0,0,0,0,0,0,0,0,0,0,28,230,253,230,253,221,39,0,0,0,0,0,0,211,253,75,0,0,0,0,0,0,0,0,0,0,0,0,129,253,245,31,54,28,0,0,0,0,0,0,0,211,228,16,0,0,0,0,0,0,0,0,0,0,0,3,204,253,131,0,0,0,0,0,0,0,0,3,124,251,120,0,0,0,0,0,0,0,0,0,0,0,0,31,253,200,9,0,0,0,0,0,0,0,0,53,253,229,40,0,0,0,0,0,0,0,0,0,0,0,0,155,253,130,0,0,0,0,0,0,0,0,38,227,253,63,0,0,0,0,0,0,0,0,0,0,0,0,9,225,249,58,0,0,0,0,0,0,3,100,227,251,171,2,0,0,0,0,0,0,0,0,0,0,0,0,76,253,210,0,0,0,0,0,0,24,173,253,228,123,0,0,0,0,0,0,0,0,0,0,0,0,0,0,76,253,210,0,0,0,0,7,127,226,253,229,47,0,0,0,0,0,0,0,0,0,0,0,0,0,0,0,2,222,253,133,33,100,178,249,253,253,167,40,0,0,0,0,0,0,0,0,0,0,0,0,0,0,0,0,0,162,253,253,253,253,253,253,208,98,5,0,0,0,0,0,0,0,0,0,0,0,0,0,0,0,0,0,0,1,102,180,249,145,62,37,14,0,0,0,0,0,0,0,0,0,0,0,0,0,0,0,0,0,0,0,0,0,0,0,0,0,0,0,0,0,0,0,0,0,0,0,0,0,0,0,0,0,0,0,0,0,0,0,0,0,0,0,0,0,0,0,0,0,0,0,0,0,0,0,0,0,0,0,0,0,0,0,0,0,0,0,0,0,0,0,0,0,0,0,0,0,0,0,0,0,0,0,0,0,0,0,0,0,0,0,0,0,0,0,0,0,0,0,0,0,0,0,0,0,0,0,0,0,0,0,0,0,0,0,0,0
9,0,0,0,0,0,0,0,0,0,0,0,0,0,0,0,0,0,0,0,0,0,0,0,0,0,0,0,0,0,0,0,0,0,0,0,0,0,0,0,0,0,0,0,0,0,0,0,0,0,0,0,0,0,0,0,0,0,0,0,0,0,0,0,0,0,0,0,0,0,0,0,0,0,0,0,0,0,0,0,0,0,0,0,0,0,0,0,0,0,0,0,0,0,0,0,0,0,0,0,0,0,0,0,0,0,0,0,0,0,0,0,0,0,0,0,0,0,0,0,0,0,0,0,0,0,0,0,0,0,0,0,0,0,0,0,0,0,0,0,0,0,0,0,0,0,0,0,0,0,0,0,0,0,0,0,0,0,0,0,0,0,0,0,0,0,0,0,0,0,0,0,0,0,0,0,0,0,0,0,0,0,0,0,0,0,0,0,0,0,0,0,0,0,0,0,0,0,0,0,0,0,0,0,0,0,0,50,128,154,192,254,254,254,254,227,79,0,0,0,0,0,0,0,0,0,0,0,0,0,0,0,0,1,109,249,253,248,243,184,143,167,244,253,222,36,0,0,0,0,0,0,0,0,0,0,0,0,0,0,0,21,253,253,206,46,0,0,0,0,6,199,253,173,0,0,0,0,0,0,0,0,0,0,0,0,0,0,0,21,253,253,69,0,0,0,0,0,2,137,253,173,0,0,0,0,0,0,0,0,0,0,0,0,0,0,0,13,222,253,99,0,0,0,0,0,114,253,253,173,0,0,0,0,0,0,0,0,0,0,0,0,0,0,0,2,170,253,245,174,129,66,5,229,250,253,229,46,0,0,0,0,0,0,0,0,0,0,0,0,0,0,0,0,21,236,253,253,253,220,167,253,253,230,47,0,0,0,0,0,0,0,0,0,0,0,0,0,0,0,0,0,0,25,114,114,166,253,253,253,229,44,0,0,0,0,0,0,0,0,0,0,0,0,0,0,0,0,0,0,0,0,0,0,23,174,253,253,102,0,0,0,0,0,0,0,0,0,0,0,0,0,0,0,0,0,0,0,0,0,0,0,0,209,253,253,39,0,0,0,0,0,0,0,0,0,0,0,0,0,0,0,0,0,0,0,0,0,0,0,77,253,253,229,23,0,0,0,0,0,0,0,0,0,0,0,0,0,0,0,0,0,0,0,0,0,0,0,119,253,253,131,0,0,0,0,0,0,0,0,0,0,0,0,0,0,0,0,0,0,0,0,0,0,0,40,244,253,249,15,0,0,0,0,0,0,0,0,0,0,0,0,0,0,0,0,0,0,0,0,0,0,0,139,253,253,221,0,0,0,0,0,0,0,0,0,0,0,0,0,0,0,0,0,0,0,0,0,0,0,0,189,253,253,139,0,0,0,0,0,0,0,0,0,0,0,0,0,0,0,0,0,0,0,0,0,0,0,92,249,253,238,34,0,0,0,0,0,0,0,0,0,0,0,0,0,0,0,0,0,0,0,0,0,0,0,184,253,253,203,0,0,0,0,0,0,0,0,0,0,0,0,0,0,0,0,0,0,0,0,0,0,0,0,184,253,253,129,0,0,0,0,0,0,0,0,0,0,0,0,0,0,0,0,0,0,0,0,0,0,0,24,239,253,199,6,0,0,0,0,0,0,0,0,0,0,0,0,0,0,0,0,0,0,0,0,0,0,0,0,184,253,120,0,0,0,0,0,0,0,0,0,0,0,0,0,0,0,0,0,0,0,0,0,0,0,0,0,0,0,0,0,0,0,0,0,0,0,0,0,0,0,0,0,0
1,0,0,0,0,0,0,0,0,0,0,0,0,0,0,0,0,0,0,0,0,0,0,0,0,0,0,0,0,0,0,0,0,0,0,0,0,0,0,0,0,0,0,0,0,0,0,0,0,0,0,0,0,0,0,0,0,0,0,0,0,0,0,0,0,0,0,0,0,0,0,0,0,0,0,0,0,0,0,0,0,0,0,0,0,0,0,0,0,0,0,0,0,0,0,0,0,0,0,0,0,0,0,0,0,0,0,0,0,0,0,0,0,0,0,0,0,0,0,0,0,0,0,0,0,0,0,119,196,37,0,0,0,0,0,0,0,0,0,0,0,0,0,0,0,0,0,0,0,0,0,0,0,0,0,203,254,62,0,0,0,0,0,0,0,0,0,0,0,0,0,0,0,0,0,0,0,0,0,0,0,0,29,232,254,62,0,0,0,0,0,0,0,0,0,0,0,0,0,0,0,0,0,0,0,0,0,0,0,0,53,254,254,62,0,0,0,0,0,0,0,0,0,0,0,0,0,0,0,0,0,0,0,0,0,0,0,0,53,254,254,62,0,0,0,0,0,0,0,0,0,0,0,0,0,0,0,0,0,0,0,0,0,0,0,0,53,255,254,62,0,0,0,0,0,0,0,0,0,0,0,0,0,0,0,0,0,0,0,0,0,0,0,0,53,254,254,62,0,0,0,0,0,0,0,0,0,0,0,0,0,0,0,0,0,0,0,0,0,0,0,0,78,254,254,62,0,0,0,0,0,0,0,0,0,0,0,0,0,0,0,0,0,0,0,0,0,0,0,0,156,254,254,61,0,0,0,0,0,0,0,0,0,0,0,0,0,0,0,0,0,0,0,0,0,0,0,4,217,254,191,0,0,0,0,0,0,0,0,0,0,0,0,0,0,0,0,0,0,0,0,0,0,0,0,6,254,254,109,0,0,0,0,0,0,0,0,0,0,0,0,0,0,0,0,0,0,0,0,0,0,0,0,109,254,254,109,0,0,0,0,0,0,0,0,0,0,0,0,0,0,0,0,0,0,0,0,0,0,0,0,110,254,254,73,0,0,0,0,0,0,0,0,0,0,0,0,0,0,0,0,0,0,0,0,0,0,0,0,110,254,254,5,0,0,0,0,0,0,0,0,0,0,0,0,0,0,0,0,0,0,0,0,0,0,0,0,141,254,183,2,0,0,0,0,0,0,0,0,0,0,0,0,0,0,0,0,0,0,0,0,0,0,0,31,234,254,105,0,0,0,0,0,0,0,0,0,0,0,0,0,0,0,0,0,0,0,0,0,0,0,0,91,254,219,17,0,0,0,0,0,0,0,0,0,0,0,0,0,0,0,0,0,0,0,0,0,0,0,0,167,254,202,0,0,0,0,0,0,0,0,0,0,0,0,0,0,0,0,0,0,0,0,0,0,0,0,0,143,254,159,0,0,0,0,0,0,0,0,0,0,0,0,0,0,0,0,0,0,0,0,0,0,0,0,0,38,236,120,0,0,0,0,0,0,0,0,0,0,0,0,0,0,0,0,0,0,0,0,0,0,0,0,0,0,0,0,0,0,0,0,0,0,0,0,0,0,0,0,0,0,0,0,0,0,0,0,0,0,0,0,0,0,0,0,0,0,0,0,0,0,0,0,0,0,0,0,0,0,0,0,0,0,0,0,0,0,0,0,0,0,0,0,0,0,0,0,0,0,0,0,0,0,0,0,0,0,0,0,0,0,0,0,0,0,0,0,0,0,0,0,0,0,0,0,0,0,0,0,0,0,0,0,0,0
4,0,0,0,0,0,0,0,0,0,0,0,0,0,0,0,0,0,0,0,0,0,0,0,0,0,0,0,0,0,0,0,0,0,0,0,0,0,0,0,0,0,0,0,0,0,0,0,0,0,0,0,0,0,0,0,0,0,0,0,0,0,0,0,0,0,0,0,0,0,0,0,0,0,0,0,0,0,0,0,0,0,0,0,0,0,0,0,0,0,0,0,0,0,0,0,0,0,0,0,0,0,0,0,0,0,0,0,0,0,0,0,0,0,0,0,0,0,0,0,0,0,0,30,237,254,26,0,0,0,0,0,0,0,0,0,0,0,0,0,0,0,0,0,0,0,0,0,0,0,0,130,253,253,93,0,0,0,0,0,0,0,0,0,0,0,0,0,0,0,0,0,0,0,0,0,0,0,0,138,253,211,17,0,0,0,0,0,0,0,0,0,0,0,0,0,0,0,0,0,0,0,0,0,0,0,0,138,253,160,0,0,0,0,0,0,0,0,0,0,0,0,0,0,0,0,0,0,0,0,0,0,0,0,0,164,254,161,0,0,0,0,45,7,0,0,0,0,0,0,0,0,0,0,0,0,0,0,0,0,0,0,0,230,253,160,0,0,0,0,245,216,25,0,0,0,0,0,0,0,0,0,0,0,0,0,0,0,0,0,0,230,253,160,0,0,0,0,254,253,46,0,0,0,0,0,0,0,0,0,0,0,0,0,0,0,0,0,0,230,253,160,0,0,0,68,254,253,46,0,0,0,0,0,0,0,0,0,0,0,0,0,0,0,0,0,0,231,254,161,0,0,7,204,254,207,0,0,0,0,0,0,0,0,0,0,0,0,0,0,0,0,0,0,0,230,253,177,47,5,24,253,254,190,0,0,0,0,0,0,0,0,0,0,0,0,0,0,0,0,0,0,0,230,253,253,254,194,195,253,254,211,30,0,0,0,0,0,0,0,0,0,0,0,0,0,0,0,0,0,0,163,253,253,254,253,253,253,254,253,205,0,0,0,0,0,0,0,0,0,0,0,0,0,0,0,0,0,0,17,127,93,93,93,225,254,254,190,134,0,0,0,0,0,0,0,0,0,0,0,0,0,0,0,0,0,0,0,0,0,0,0,207,253,216,11,0,0,0,0,0,0,0,0,0,0,0,0,0,0,0,0,0,0,0,0,0,0,0,38,245,253,184,0,0,0,0,0,0,0,0,0,0,0,0,0,0,0,0,0,0,0,0,0,0,0,0,47,253,253,210,9,0,0,0,0,0,0,0,0,0,0,0,0,0,0,0,0,0,0,0,0,0,0,0,17,225,254,255,56,0,0,0,0,0,0,0,0,0,0,0,0,0,0,0,0,0,0,0,0,0,0,0,0,157,253,254,107,0,0,0,0,0,0,0,0,0,0,0,0,0,0,0,0,0,0,0,0,0,0,0,0,74,253,254,190,0,0,0,0,0,0,0,0,0,0,0,0,0,0,0,0,0,0,0,0,0,0,0,0,15,194,254,106,0,0,0,0,0,0,0,0,0,0,0,0,0,0,0,0,0,0,0,0,0,0,0,0,0,0,0,0,0,0,0,0,0,0,0,0,0,0,0,0,0,0,0,0,0,0,0,0,0,0,0,0,0,0,0,0,0,0,0,0,0,0,0,0,0,0,0,0,0,0,0,0,0,0,0,0,0,0,0,0,0,0,0,0,0,0,0,0,0,0,0,0,0,0,0,0,0,0,0,0,0,0,0,0,0,0,0,0,0,0,0,0,0,0,0,0,0,0,0,0,0
4,0,0,0,0,0,0,0,0,0,0,0,0,0,0,0,0,0,0,0,0,0,0,0,0,0,0,0,0,0,0,0,0,0,0,0,0,0,0,0,0,0,0,0,0,0,0,0,0,0,0,0,0,0,0,0,0,0,0,0,0,0,0,0,0,0,0,0,0,0,0,0,0,0,0,0,0,0,0,0,0,0,0,0,0,0,0,0,0,0,0,0,0,0,0,0,0,0,0,0,0,0,0,0,0,0,0,0,0,0,0,0,0,0,0,0,0,0,0,0,0,0,0,0,0,0,0,0,0,0,0,0,0,0,0,0,0,0,0,0,0,0,0,0,0,0,0,0,0,0,0,0,1,49,202,0,0,0,0,0,0,0,0,0,0,0,0,0,0,0,0,0,0,0,0,0,0,0,0,0,80,240,60,0,0,0,0,0,0,0,0,0,0,0,0,0,0,0,0,0,0,0,0,0,0,0,0,83,236,35,0,0,0,0,0,0,0,0,0,20,158,73,0,0,0,0,0,0,0,0,0,0,0,10,165,222,60,0,0,0,0,0,0,0,0,0,9,186,254,78,0,0,0,0,0,0,0,0,0,0,29,201,221,51,0,0,0,0,0,0,0,0,0,0,71,254,238,9,0,0,0,0,0,0,0,0,0,39,200,202,45,0,0,0,0,0,0,0,0,0,0,10,182,220,48,0,0,0,0,0,0,0,0,0,36,228,203,44,0,0,0,0,0,0,0,0,0,0,1,114,254,118,0,0,0,0,0,0,0,0,0,0,94,253,103,0,0,0,0,0,7,17,17,89,98,44,62,254,179,0,0,0,0,0,0,0,0,0,0,0,145,181,7,6,29,29,109,190,218,254,240,226,226,227,254,251,64,0,0,0,0,0,0,0,0,0,0,0,53,244,214,212,254,255,241,183,73,52,25,0,0,60,254,170,0,0,0,0,0,0,0,0,0,0,0,0,0,71,202,202,156,46,27,0,0,0,0,0,0,239,221,10,0,0,0,0,0,0,0,0,0,0,0,0,0,0,0,0,0,0,0,0,0,0,0,0,187,252,63,0,0,0,0,0,0,0,0,0,0,0,0,0,0,0,0,0,0,0,0,0,0,0,0,136,254,171,0,0,0,0,0,0,0,0,0,0,0,0,0,0,0,0,0,0,0,0,0,0,0,0,38,245,225,4,0,0,0,0,0,0,0,0,0,0,0,0,0,0,0,0,0,0,0,0,0,0,0,4,195,229,33,0,0,0,0,0,0,0,0,0,0,0,0,0,0,0,0,0,0,0,0,0,0,0,0,138,254,92,0,0,0,0,0,0,0,0,0,0,0,0,0,0,0,0,0,0,0,0,0,0,0,0,38,245,228,14,0,0,0,0,0,0,0,0,0,0,0,0,0,0,0,0,0,0,0,0,0,0,0,0,179,254,89,0,0,0,0,0,0,0,0,0,0,0,0,0,0,0,0,0,0,0,0,0,0,0,0,15,249,148,4,0,0,0,0,0,0,0,0,0,0,0,0,0,0,0,0,0,0,0,0,0,0,0,0,12,190,19,0,0,0,0,0,0,0,0,0,0,0,0,0,0,0,0,0,0,0,0,0,0,0,0,0,0,0,0,0,0,0,0,0,0,0,0,0,0,0,0,0,0,0,0,0,0,0,0,0,0,0,0,0,0,0,0,0,0,0,0,0,0,0,0,0,0,0,0,0,0,0,0,0,0,0,0,0,0,0,0,0,0,0,0,0,0,0,0,0,0,0,0,0,0,0,0,0
5,0,0,0,0,0,0,0,0,0,0,0,0,0,0,0,0,0,0,0,0,0,0,0,0,0,0,0,0,0,0,0,0,0,0,0,0,0,0,0,0,0,0,0,0,0,0,0,0,0,0,0,0,0,0,0,0,0,0,0,0,0,0,0,0,0,0,0,0,0,0,0,0,0,0,0,0,0,0,0,0,0,0,0,0,0,0,0,0,0,0,0,0,0,0,0,0,0,0,0,0,0,0,0,0,0,0,0,0,0,0,0,0,0,0,0,0,0,0,0,0,0,0,0,0,0,0,0,0,0,0,0,0,0,0,0,0,0,0,0,0,0,0,0,0,0,0,0,0,0,0,0,0,13,45,146,146,202,254,254,254,255,151,0,0,0,0,0,0,0,0,0,0,0,0,0,0,0,0,0,68,208,253,253,253,253,253,224,218,253,150,0,0,0,0,0,0,0,0,0,0,0,0,0,0,0,0,61,241,253,253,248,77,32,32,20,29,66,19,0,0,0,0,0,0,0,0,0,0,0,0,0,0,0,14,232,245,173,96,0,0,0,0,0,0,0,0,0,0,0,0,0,0,0,0,0,0,0,0,0,0,0,117,253,170,0,0,0,0,0,0,0,0,0,0,0,0,0,0,0,0,0,0,0,0,0,0,0,0,26,219,193,10,0,0,0,0,0,0,0,0,0,0,0,0,0,0,0,0,0,0,0,0,0,0,0,4,215,253,68,0,0,0,0,0,0,0,0,0,0,0,0,0,0,0,0,0,0,0,0,0,0,0,0,6,253,226,18,0,0,0,0,0,0,0,0,0,0,0,0,0,0,0,0,0,0,0,0,0,0,0,0,6,253,247,31,0,0,0,0,0,0,0,0,0,0,0,0,0,0,0,0,0,0,0,0,0,0,0,0,2,165,253,211,162,162,64,55,55,27,0,0,0,0,0,0,0,0,0,0,0,0,0,0,0,0,0,0,0,10,163,253,253,253,253,253,253,226,128,18,0,0,0,0,0,0,0,0,0,0,0,0,0,0,0,0,0,0,5,16,83,124,124,193,232,243,253,241,75,0,0,0,0,0,0,0,0,0,0,0,0,0,0,0,0,0,0,0,0,0,0,0,0,44,171,253,244,54,0,0,0,0,0,0,0,0,0,0,0,0,0,0,0,0,0,0,0,0,0,0,0,0,12,173,253,168,0,0,0,0,0,0,0,0,0,0,0,0,0,0,0,0,0,0,0,0,0,0,0,0,0,155,253,177,0,0,0,0,0,0,0,0,0,0,0,0,0,0,0,0,0,0,0,0,0,0,0,6,136,238,246,60,0,0,0,0,0,0,0,0,0,0,0,0,0,0,0,0,0,0,0,0,0,0,82,208,253,253,93,0,0,0,0,0,0,0,0,0,0,0,0,0,0,0,0,0,0,0,0,26,132,210,253,253,206,25,1,0,0,0,0,0,0,0,0,0,0,0,0,0,0,0,0,0,0,8,179,236,253,253,228,128,26,0,0,0,0,0,0,0,0,0,0,0,0,0,0,0,0,0,0,0,0,58,253,253,154,76,24,0,0,0,0,0,0,0,0,0,0,0,0,0,0,0,0,0,0,0,0,0,0,0,0,0,0,0,0,0,0,0,0,0,0,0,0,0,0,0,0,0,0,0,0,0,0,0,0,0,0,0,0,0,0,0,0,0,0,0,0,0,0,0,0,0,0,0,0,0,0,0,0,0,0,0,0,0,0,0,0,0,0,0,0,0,0,0,0,0,0,0,0,0,0,0,0
4,0,0,0,0,0,0,0,0,0,0,0,0,0,0,0,0,0,0,0,0,0,0,0,0,0,0,0,0,0,0,0,0,0,0,0,0,0,0,0,0,0,0,0,0,0,0,0,0,0,0,0,0,0,0,0,0,0,0,0,0,0,0,0,0,0,0,0,0,0,0,0,0,0,0,0,0,0,0,0,0,0,0,0,0,0,0,0,0,0,0,0,0,0,0,0,0,0,0,0,0,0,0,0,0,0,0,0,0,0,0,0,0,0,0,0,0,0,0,0,0,0,0,0,0,0,0,0,0,0,0,0,0,0,0,0,0,0,0,0,0,0,0,0,0,0,0,0,89,228,90,0,0,0,0,0,0,0,15,81,47,0,0,0,0,0,0,0,0,0,0,0,0,0,0,0,152,254,135,0,0,0,0,0,0,0,177,225,159,0,0,0,0,0,0,0,0,0,0,0,0,0,0,5,242,254,137,0,0,0,0,0,0,0,207,254,144,1,0,0,0,0,0,0,0,0,0,0,0,0,0,6,254,254,244,0,0,0,0,0,0,0,207,254,254,43,0,0,0,0,0,0,0,0,0,0,0,0,0,4,211,254,252,73,0,0,0,0,0,0,207,254,254,78,0,0,0,0,0,0,0,0,0,0,0,0,0,6,250,254,254,93,0,0,0,0,0,0,207,254,254,101,0,0,0,0,0,0,0,0,0,0,0,0,0,0,152,254,250,82,0,0,0,0,0,0,207,254,227,25,0,0,0,0,0,0,0,0,0,0,0,0,0,0,69,254,254,222,21,0,0,0,0,0,207,254,204,10,0,0,0,0,0,0,0,0,0,0,0,0,0,0,41,250,254,254,239,20,0,0,2,68,251,254,189,0,0,0,0,0,0,0,0,0,0,0,0,0,0,0,0,167,254,254,254,163,55,95,171,254,254,254,189,0,0,0,0,0,0,0,0,0,0,0,0,0,0,0,0,18,234,254,254,254,254,254,254,254,254,254,104,0,0,0,0,0,0,0,0,0,0,0,0,0,0,0,0,0,70,246,254,254,254,254,254,254,254,254,81,0,0,0,0,0,0,0,0,0,0,0,0,0,0,0,0,0,0,75,215,254,254,254,240,197,254,254,81,0,0,0,0,0,0,0,0,0,0,0,0,0,0,0,0,0,0,0,17,48,95,48,62,238,254,254,81,0,0,0,0,0,0,0,0,0,0,0,0,0,0,0,0,0,0,0,0,0,0,0,20,245,254,254,93,0,0,0,0,0,0,0,0,0,0,0,0,0,0,0,0,0,0,0,0,0,0,0,0,168,254,254,189,0,0,0,0,0,0,0,0,0,0,0,0,0,0,0,0,0,0,0,0,0,0,0,0,168,254,254,244,36,0,0,0,0,0,0,0,0,0,0,0,0,0,0,0,0,0,0,0,0,0,0,0,168,254,254,254,43,0,0,0,0,0,0,0,0,0,0,0,0,0,0,0,0,0,0,0,0,0,0,0,168,254,254,208,13,0,0,0,0,0,0,0,0,0,0,0,0,0,0,0,0,0,0,0,0,0,0,0,51,234,231,28,0,0,0,0,0,0,0,0,0,0,0,0,0,0,0,0,0,0,0,0,0,0,0,0,0,0,0,0,0,0,0,0,0,0,0,0,0,0,0,0,0,0,0,0,0,0,0,0,0,0,0,0,0,0,0,0,0,0,0,0,0,0,0,0,0,0,0,0,0,0,0,0,0,0,0,0,0,0,0,0,0,0,0,0,0,0,0,0,0,0,0,0
0,0,0,0,0,0,0,0,0,0,0,0,0,0,0,0,0,0,0,0,0,0,0,0,0,0,0,0,0,0,0,0,0,0,0,0,0,0,0,0,0,0,0,0,0,0,0,0,0,0,0,0,0,0,0,0,0,0,0,0,0,0,0,0,0,0,0,0,0,0,0,0,0,0,0,0,0,0,0,0,0,0,0,0,0,0,0,0,0,0,0,0,0,0,0,0,0,0,0,0,0,0,0,0,0,0,0,0,0,0,0,0,0,0,0,0,0,0,0,0,0,0,0,0,0,0,0,0,0,0,0,0,0,0,0,0,0,0,0,0,0,0,0,0,0,0,0,0,0,0,0,0,0,0,107,253,255,253,253,253,253,135,0,0,0,0,0,0,0,0,0,0,0,0,0,0,0,0,0,0,32,200,242,252,253,252,252,252,252,246,208,47,0,0,0,0,0,0,0,0,0,0,0,0,0,0,0,117,210,252,252,252,238,114,88,158,250,252,252,220,137,7,0,0,0,0,0,0,0,0,0,0,0,0,36,213,252,252,230,132,0,0,0,0,118,217,252,252,252,103,0,0,0,0,0,0,0,0,0,0,0,106,232,252,252,181,58,0,0,0,0,0,0,47,252,252,252,147,0,0,0,0,0,0,0,0,0,0,11,213,252,252,236,12,0,0,0,0,0,0,0,9,152,250,252,252,0,0,0,0,0,0,0,0,0,0,95,252,252,156,56,0,0,0,0,0,0,0,0,0,0,238,252,252,0,0,0,0,0,0,0,0,0,57,247,252,225,48,0,0,0,0,0,0,0,0,0,0,0,238,252,199,0,0,0,0,0,0,0,0,0,174,252,230,58,0,0,0,0,0,0,0,0,0,0,0,24,240,252,103,0,0,0,0,0,0,0,0,0,208,252,132,0,0,0,0,0,0,0,0,0,0,0,0,134,252,252,103,0,0,0,0,0,0,0,0,106,253,253,133,0,0,0,0,0,0,0,0,0,0,0,31,253,253,208,0,0,0,0,0,0,0,0,0,227,252,252,132,0,0,0,0,0,0,0,0,0,0,18,170,252,252,84,0,0,0,0,0,0,0,0,0,253,252,252,132,0,0,0,0,0,0,0,0,0,0,171,252,252,184,21,0,0,0,0,0,0,0,0,0,253,252,252,132,0,0,0,0,0,0,0,0,0,57,237,252,188,8,0,0,0,0,0,0,0,0,0,0,253,252,252,132,0,0,0,0,0,0,0,0,58,237,252,225,14,0,0,0,0,0,0,0,0,0,0,0,147,252,252,146,21,0,0,0,0,18,31,153,226,252,225,108,0,0,0,0,0,0,0,0,0,0,0,0,49,228,252,252,217,119,0,0,104,203,253,252,252,188,14,0,0,0,0,0,0,0,0,0,0,0,0,0,0,68,252,252,252,250,238,238,248,252,253,230,66,8,0,0,0,0,0,0,0,0,0,0,0,0,0,0,0,14,67,207,246,252,252,252,217,207,59,45,0,0,0,0,0,0,0,0,0,0,0,0,0,0,0,0,0,0,0,0,92,103,103,103,24,0,0,0,0,0,0,0,0,0,0,0,0,0,0,0,0,0,0,0,0,0,0,0,0,0,0,0,0,0,0,0,0,0,0,0,0,0,0,0,0,0,0,0,0,0,0,0,0,0,0,0,0,0,0,0,0,0,0,0,0,0,0,0,0,0,0,0,0,0,0,0,0,0,0,0,0,0,0,0,0,0,0,0,0,0,0,0,0,0,0,0,0,0,0,0,0,0,0
6,0,0,0,0,0,0,0,0,0,0,0,0,0,0,0,0,0,0,0,0,0,0,0,0,0,0,0,0,0,0,0,0,0,0,0,0,0,0,0,0,0,0,0,0,0,0,0,0,0,0,0,0,0,0,0,0,0,0,0,0,0,0,0,0,0,0,0,172,222,65,0,0,0,0,0,0,0,0,0,0,0,0,0,0,0,0,0,0,0,0,0,0,0,0,42,248,253,103,0,0,0,0,0,0,0,0,0,0,0,0,0,0,0,0,0,0,0,0,0,0,0,0,125,253,253,103,0,0,0,0,0,0,0,0,0,0,0,0,0,0,0,0,0,0,0,0,0,0,0,0,235,253,196,34,0,0,0,0,0,0,0,0,0,0,0,0,0,0,0,0,0,0,0,0,0,0,0,60,245,253,116,0,0,0,0,0,0,0,0,0,0,0,0,0,0,0,0,0,0,0,0,0,0,0,1,175,253,230,14,0,0,0,0,0,0,0,0,0,0,0,0,0,0,0,0,0,0,0,0,0,0,0,41,253,253,109,0,0,0,0,0,0,0,0,0,0,0,0,0,0,0,0,0,0,0,0,0,0,0,0,159,253,242,36,0,0,0,0,0,0,0,0,0,0,0,0,0,0,0,0,0,0,0,0,0,0,0,0,197,253,126,0,0,0,0,0,8,78,192,185,198,123,47,0,0,0,0,0,0,0,0,0,0,0,0,0,197,253,112,0,0,0,0,35,205,253,253,253,253,253,231,112,0,0,0,0,0,0,0,0,0,0,0,38,254,254,18,0,0,0,53,254,255,195,115,95,95,171,234,233,24,0,0,0,0,0,0,0,0,0,0,38,253,253,18,0,0,30,225,253,132,3,0,0,0,0,95,253,121,0,0,0,0,0,0,0,0,0,0,112,253,222,11,0,0,60,253,214,0,0,0,0,0,0,89,253,130,0,0,0,0,0,0,0,0,0,0,131,253,200,6,0,0,178,253,131,0,0,0,0,0,0,178,236,57,0,0,0,0,0,0,0,0,0,0,115,253,253,36,0,0,192,253,152,0,0,0,0,0,28,220,196,0,0,0,0,0,0,0,0,0,0,0,35,248,253,112,0,0,70,250,235,49,0,0,6,72,210,246,78,0,0,0,0,0,0,0,0,0,0,0,0,197,253,143,0,0,0,84,253,234,178,178,200,253,253,136,0,0,0,0,0,0,0,0,0,0,0,0,0,49,234,251,160,57,78,161,253,254,253,253,253,221,78,3,0,0,0,0,0,0,0,0,0,0,0,0,0,0,116,251,253,253,253,253,253,254,238,151,68,17,0,0,0,0,0,0,0,0,0,0,0,0,0,0,0,0,0,113,200,253,197,159,159,101,32,0,0,0,0,0,0,0,0,0,0,0,0,0,0,0,0,0,0,0,0,0,0,0,0,0,0,0,0,0,0,0,0,0,0,0,0,0,0,0,0,0,0,0,0,0,0,0,0,0,0,0,0,0,0,0,0,0,0,0,0,0,0,0,0,0,0,0,0,0,0,0,0,0,0,0,0,0,0,0,0,0,0,0,0,0,0,0,0,0,0,0,0,0,0,0,0,0,0,0,0,0,0,0,0,0,0,0,0,0,0,0,0,0,0,0,0,0,0,0,0,0,0,0,0,0,0,0,0,0,0,0,0,0,0,0,0,0,0,0,0,0,0,0,0,0,0,0,0,0,0,0,0,0,0,0,0,0,0,0,0,0,0,0,0,0,0,0,0,0,0,0,0,0,0,0,0,0,0
2,0,0,0,0,0,0,0,0,0,0,0,0,0,0,0,0,0,0,0,0,0,0,0,0,0,0,0,0,0,0,0,0,0,0,0,0,0,0,0,0,0,0,0,0,0,0,0,0,0,0,0,0,0,0,0,0,0,0,0,0,0,0,0,0,0,0,0,0,0,0,0,0,0,0,0,0,0,0,0,0,0,0,0,0,0,0,0,0,0,0,0,0,0,0,0,0,0,0,0,0,0,0,0,0,0,0,0,0,0,0,0,0,0,0,0,0,0,0,0,0,0,0,0,71,118,118,77,0,0,0,0,0,0,0,0,0,0,0,0,0,0,0,0,0,0,0,0,0,0,104,235,247,254,254,248,235,133,34,0,0,0,0,0,0,0,0,0,0,0,0,0,0,0,0,0,0,180,245,254,254,254,254,254,254,254,205,0,0,0,0,0,0,0,0,0,0,0,0,0,0,0,0,90,194,245,254,254,221,199,199,199,244,254,248,114,0,0,0,0,0,0,0,0,0,0,0,0,0,0,0,211,254,254,198,82,33,0,0,0,105,245,254,248,0,0,0,0,0,0,0,0,0,0,0,0,0,0,0,173,254,254,61,0,0,0,0,0,0,187,254,248,0,0,0,0,0,0,0,0,0,0,0,0,0,0,0,57,124,234,61,0,0,0,0,0,0,187,254,248,0,0,0,0,0,0,0,0,0,0,0,0,0,0,0,0,0,5,2,0,0,0,0,0,31,216,254,248,0,0,0,0,0,0,0,0,0,0,0,0,0,0,0,0,0,0,0,0,0,0,0,0,119,254,245,86,0,0,0,0,0,0,0,0,0,0,0,0,0,0,0,0,0,0,0,0,0,0,0,112,246,254,227,0,0,0,0,0,0,0,0,0,0,0,0,0,0,0,0,0,0,0,0,0,0,0,48,233,254,245,109,0,0,0,0,0,0,0,0,0,0,0,0,0,0,0,0,0,0,0,0,0,0,15,250,254,255,117,0,0,0,0,0,0,0,0,0,0,0,0,0,0,0,0,0,0,0,0,0,0,87,202,254,254,211,30,0,0,0,0,0,0,0,0,0,0,0,0,0,0,0,0,0,0,0,0,0,17,202,254,254,210,25,0,0,0,0,0,0,0,0,0,0,0,0,0,0,0,0,0,0,0,0,0,23,199,254,254,153,23,0,0,0,0,0,0,0,0,0,0,0,0,0,0,0,0,0,0,0,0,0,25,195,254,254,254,87,84,84,84,84,84,84,214,221,221,221,221,221,0,0,0,0,0,0,0,0,0,0,77,254,254,254,254,254,254,254,254,254,254,254,254,254,254,254,254,254,0,0,0,0,0,0,0,0,0,0,23,189,254,254,254,254,254,254,254,254,254,254,215,213,213,213,127,75,0,0,0,0,0,0,0,0,0,0,0,21,96,178,234,234,234,234,207,170,96,96,5,0,0,0,0,0,0,0,0,0,0,0,0,0,0,0,0,0,0,0,0,0,0,0,0,0,0,0,0,0,0,0,0,0,0,0,0,0,0,0,0,0,0,0,0,0,0,0,0,0,0,0,0,0,0,0,0,0,0,0,0,0,0,0,0,0,0,0,0,0,0,0,0,0,0,0,0,0,0,0,0,0,0,0,0,0,0,0,0,0,0,0,0,0,0,0,0,0,0,0,0,0,0,0,0,0,0,0,0,0,0,0,0,0,0,0,0,0,0,0,0,0,0,0,0,0,0,0,0,0,0,0,0,0,0,0,0,0,0,0,0,0,0,0,0,0,0,0
2,0,0,0,0,0,0,0,0,0,0,0,0,0,0,0,0,0,0,0,0,0,0,0,0,0,0,0,0,0,0,0,0,0,0,0,0,0,0,0,0,0,0,0,0,0,0,0,0,0,0,0,0,0,0,0,0,0,0,0,0,0,0,0,0,0,0,0,0,0,0,0,0,0,0,0,0,0,0,0,0,0,0,0,0,0,0,0,0,0,0,0,0,0,0,0,0,0,0,0,0,0,0,0,0,0,0,0,0,0,0,0,0,0,0,0,0,0,0,0,41,112,156,156,74,41,0,0,0,0,0,0,0,0,0,0,0,0,0,0,0,0,0,0,0,0,5,147,241,253,253,254,253,241,199,118,16,0,0,0,0,0,0,0,0,0,0,0,0,0,0,0,0,0,156,247,144,78,78,78,160,199,253,253,236,125,0,0,0,0,0,0,0,0,0,0,0,0,0,0,0,0,254,91,0,0,0,0,0,6,34,191,254,251,174,3,0,0,0,0,0,0,0,0,0,0,0,0,0,0,254,39,0,0,0,0,0,0,0,0,140,253,253,131,0,0,0,0,0,0,0,0,0,0,0,0,0,0,99,15,0,0,0,0,0,0,0,0,0,132,254,238,59,0,0,0,0,0,0,0,0,0,0,0,0,0,0,0,0,0,0,0,0,0,0,0,0,3,142,253,200,0,0,0,0,0,0,0,0,0,0,0,0,0,0,0,0,0,0,0,0,0,0,0,0,0,79,253,253,0,0,0,0,0,0,0,0,0,0,0,0,0,0,0,0,0,0,0,0,0,7,40,40,77,45,238,253,16,0,0,0,0,0,0,0,0,0,0,0,0,0,0,0,0,0,0,0,68,197,253,254,253,253,253,253,195,15,0,0,0,0,0,0,0,0,0,0,0,0,0,0,0,0,59,239,254,254,254,196,222,254,254,254,255,254,186,57,0,0,0,0,0,0,0,0,0,0,0,0,0,8,239,253,239,142,61,0,18,105,253,253,158,233,247,247,139,0,0,0,0,0,0,0,0,0,0,0,0,128,254,209,24,0,0,0,0,109,253,222,0,0,54,78,78,0,0,0,0,0,0,0,0,0,0,0,90,248,222,25,0,0,0,0,124,247,253,140,0,0,0,0,0,0,0,0,0,0,0,0,0,0,0,0,174,253,195,0,0,0,0,83,244,253,222,14,0,0,0,0,0,0,0,0,0,0,0,0,0,0,0,0,235,254,99,0,0,0,46,217,254,235,53,0,0,0,0,0,0,0,0,0,0,0,0,0,0,0,0,0,189,253,142,0,0,71,222,254,191,57,0,0,0,0,0,0,0,0,0,0,0,0,0,0,0,0,0,0,136,253,213,79,109,247,253,145,12,0,0,0,0,0,0,0,0,0,0,0,0,0,0,0,0,0,0,0,26,206,254,253,253,231,138,8,0,0,0,0,0,0,0,0,0,0,0,0,0,0,0,0,0,0,0,0,0,23,155,147,96,27,0,0,0,0,0,0,0,0,0,0,0,0,0,0,0,0,0,0,0,0,0,0,0,0,0,0,0,0,0,0,0,0,0,0,0,0,0,0,0,0,0,0,0,0,0,0,0,0,0,0,0,0,0,0,0,0,0,0,0,0,0,0,0,0,0,0,0,0,0,0,0,0,0,0,0,0,0,0,0,0,0,0,0,0,0,0,0,0,0,0,0,0,0,0,0,0,0,0,0,0,0,0,0,0,0,0,0,0,0,0,0,0,0,0,0,0,0,0,0,0,0,0,0,0,0,0
3,0,0,0,0,0,0,0,0,0,0,0,0,0,0,0,0,0,0,0,0,0,0,0,0,0,0,0,0,0,0,0,0,0,0,0,0,0,0,0,0,0,0,0,0,0,0,0,0,0,0,0,0,0,0,0,0,0,0,0,0,0,0,0,0,0,0,0,0,0,0,0,0,0,0,0,0,0,0,0,0,0,0,0,0,0,0,0,0,0,0,0,0,0,0,0,0,0,0,0,0,0,0,0,0,0,0,0,0,0,0,0,0,0,0,0,0,0,0,0,0,0,0,0,0,0,0,0,0,0,0,0,0,0,0,0,0,0,0,0,0,0,0,0,0,0,0,0,0,0,0,13,98,223,254,149,129,19,0,0,0,0,0,0,0,0,0,0,0,0,0,0,0,0,0,0,0,0,0,213,253,253,253,253,254,215,13,0,0,0,0,0,0,0,0,0,0,0,0,0,0,0,0,0,0,0,117,254,253,203,184,184,254,253,153,0,0,0,0,0,0,0,0,0,0,0,0,0,0,0,0,0,0,77,249,254,121,13,0,0,159,253,241,38,0,0,0,0,0,0,0,0,0,0,0,0,0,0,0,0,0,93,253,180,8,0,0,0,139,253,253,46,0,0,0,0,0,0,0,0,0,0,0,0,0,0,0,0,0,0,232,179,0,0,0,0,139,254,248,42,0,0,0,0,0,0,0,0,0,0,0,0,0,0,0,0,0,0,84,189,0,0,0,0,87,253,216,21,0,0,0,0,0,0,0,0,0,0,0,0,0,0,0,0,0,0,0,0,0,0,0,85,223,253,152,0,0,0,0,0,0,0,0,0,0,0,0,0,0,0,0,0,0,0,0,0,39,208,208,229,246,139,13,0,0,0,0,0,0,0,0,0,0,0,0,0,0,0,0,0,0,0,0,0,47,253,253,253,126,0,0,0,0,0,0,0,0,0,0,0,0,0,0,0,0,0,0,0,0,0,0,0,22,200,250,202,75,0,0,0,0,0,0,0,0,0,0,0,0,0,0,0,0,0,0,0,0,0,0,0,0,0,118,228,246,162,65,0,0,0,0,0,0,0,0,0,0,0,0,0,0,0,0,0,0,0,0,0,0,0,0,85,223,253,235,143,7,0,0,0,0,0,0,0,0,0,0,0,0,0,0,0,0,0,0,0,0,0,0,0,36,178,253,253,159,0,0,0,0,0,0,0,0,0,0,0,0,0,0,0,0,0,0,0,0,0,0,0,0,5,138,253,253,53,0,0,0,0,0,0,0,0,0,0,0,0,0,0,0,0,0,0,0,0,0,0,0,0,0,156,254,232,0,0,0,0,0,0,0,0,0,0,0,0,0,0,0,0,0,0,0,0,0,22,47,68,162,237,253,136,0,0,0,0,0,0,0,0,0,0,0,0,0,0,0,0,0,7,143,185,185,216,255,253,253,253,222,0,0,0,0,0,0,0,0,0,0,0,0,0,0,0,0,0,0,24,253,253,253,253,254,253,228,119,25,0,0,0,0,0,0,0,0,0,0,0,0,0,0,0,0,0,0,3,97,190,137,137,138,117,16,0,0,0,0,0,0,0,0,0,0,0,0,0,0,0,0,0,0,0,0,0,0,0,0,0,0,0,0,0,0,0,0,0,0,0,0,0,0,0,0,0,0,0,0,0,0,0,0,0,0,0,0,0,0,0,0,0,0,0,0,0,0,0,0,0,0,0,0,0,0,0,0,0,0,0,0,0,0,0,0,0,0,0,0,0,0,0,0,0,0,0,0,0,0
1,0,0,0,0,0,0,0,0,0,0,0,0,0,0,0,0,0,0,0,0,0,0,0,0,0,0,0,0,0,0,0,0,0,0,0,0,0,0,0,0,0,0,0,0,0,0,0,0,0,0,0,0,0,0,0,0,0,0,0,0,0,0,0,0,0,0,0,0,0,0,0,0,0,0,0,0,0,0,0,0,0,0,0,0,0,0,0,0,0,0,0,0,0,0,0,0,0,0,0,0,29,197,0,0,0,0,0,0,0,0,0,0,0,0,0,0,0,0,0,0,0,0,0,0,0,0,0,0,85,251,0,0,0,0,0,0,0,0,0,0,0,0,0,0,0,0,0,0,0,0,0,0,0,0,0,57,255,253,0,0,0,0,0,0,0,0,0,0,0,0,0,0,0,0,0,0,0,0,0,0,0,0,0,168,253,251,0,0,0,0,0,0,0,0,0,0,0,0,0,0,0,0,0,0,0,0,0,0,0,0,85,253,255,253,0,0,0,0,0,0,0,0,0,0,0,0,0,0,0,0,0,0,0,0,0,0,0,0,85,251,253,251,0,0,0,0,0,0,0,0,0,0,0,0,0,0,0,0,0,0,0,0,0,0,0,57,255,253,255,253,0,0,0,0,0,0,0,0,0,0,0,0,0,0,0,0,0,0,0,0,0,0,0,168,253,251,253,251,0,0,0,0,0,0,0,0,0,0,0,0,0,0,0,0,0,0,0,0,0,0,57,225,254,253,254,253,0,0,0,0,0,0,0,0,0,0,0,0,0,0,0,0,0,0,0,0,0,0,0,168,253,251,253,251,0,0,0,0,0,0,0,0,0,0,0,0,0,0,0,0,0,0,0,0,0,0,141,253,254,253,254,84,0,0,0,0,0,0,0,0,0,0,0,0,0,0,0,0,0,0,0,0,0,0,253,251,253,251,253,83,0,0,0,0,0,0,0,0,0,0,0,0,0,0,0,0,0,0,0,0,0,169,254,253,254,253,226,56,0,0,0,0,0,0,0,0,0,0,0,0,0,0,0,0,0,0,0,0,0,168,253,251,253,251,56,0,0,0,0,0,0,0,0,0,0,0,0,0,0,0,0,0,0,0,0,0,29,197,254,253,254,84,0,0,0,0,0,0,0,0,0,0,0,0,0,0,0,0,0,0,0,0,0,0,85,251,253,251,253,83,0,0,0,0,0,0,0,0,0,0,0,0,0,0,0,0,0,0,0,0,0,0,141,253,254,253,226,56,0,0,0,0,0,0,0,0,0,0,0,0,0,0,0,0,0,0,0,0,0,114,253,251,253,251,168,0,0,0,0,0,0,0,0,0,0,0,0,0,0,0,0,0,0,0,0,0,0,169,254,253,254,253,0,0,0,0,0,0,0,0,0,0,0,0,0,0,0,0,0,0,0,0,0,0,0,168,253,251,253,138,0,0,0,0,0,0,0,0,0,0,0,0,0,0,0,0,0,0,0,0,0,0,0,0,0,0,0,0,0,0,0,0,0,0,0,0,0,0,0,0,0,0,0,0,0,0,0,0,0,0,0,0,0,0,0,0,0,0,0,0,0,0,0,0,0,0,0,0,0,0,0,0,0,0,0,0,0,0,0,0,0,0,0,0,0,0,0,0,0,0,0,0,0,0,0,0,0,0,0,0,0,0,0,0,0,0,0,0,0,0,0,0,0,0,0,0,0,0,0,0,0,0,0,0,0,0,0,0,0,0,0,0,0,0,0,0,0,0,0,0,0,0,0,0,0,0,0,0,0,0,0,0,0,0
5,0,0,0,0,0,0,0,0,0,0,0,0,0,0,0,0,0,0,0,0,0,0,0,0,0,0,0,0,0,0,0,0,0,0,0,0,0,0,0,0,0,0,0,0,0,0,0,0,0,0,0,0,0,0,0,0,0,0,0,0,0,0,0,0,0,0,0,0,0,0,0,0,0,0,0,0,0,0,0,0,0,0,0,0,0,0,0,0,0,0,0,0,0,0,0,0,0,0,0,0,0,0,0,0,0,0,0,0,0,0,0,0,0,0,0,0,0,0,0,0,0,0,0,0,0,0,0,0,0,0,0,0,0,0,0,0,0,0,0,0,0,0,0,0,0,0,0,0,0,0,0,128,255,255,255,255,128,128,128,0,0,0,0,0,0,0,0,0,0,0,0,0,0,0,0,0,0,0,191,255,255,255,255,255,255,255,255,255,255,128,64,0,0,0,0,0,0,0,0,0,0,0,0,0,64,191,255,255,255,191,64,64,128,128,255,255,255,255,255,191,0,0,0,0,0,0,0,0,0,0,0,0,191,255,191,64,64,0,0,0,0,0,0,64,128,191,255,255,0,0,0,0,0,0,0,0,0,0,0,64,255,255,0,0,0,0,0,0,0,0,0,0,0,0,0,64,0,0,0,0,0,0,0,0,0,0,0,128,255,255,0,0,0,0,0,0,0,0,0,0,0,0,0,0,0,0,0,0,0,0,0,0,0,0,0,64,255,255,255,128,0,0,0,0,0,0,0,0,0,0,0,0,0,0,0,0,0,0,0,0,0,0,0,0,128,255,255,255,255,255,128,0,0,0,0,0,0,0,0,0,0,0,0,0,0,0,0,0,0,0,0,0,0,64,128,255,255,255,255,255,128,0,0,0,0,0,0,0,0,0,0,0,0,0,0,0,0,0,0,0,0,0,0,0,64,128,255,255,255,191,0,0,0,0,0,0,0,0,0,0,0,0,0,0,0,0,0,0,0,0,0,0,0,0,64,191,255,255,128,0,0,0,0,0,0,0,0,0,0,0,0,0,0,0,0,0,0,0,0,0,0,0,0,0,191,255,255,0,0,0,0,0,0,0,0,0,0,0,0,0,0,0,0,0,0,0,0,0,0,0,0,0,0,191,255,128,0,0,0,0,0,0,0,0,0,0,0,0,0,0,0,0,0,0,0,0,0,0,0,0,0,128,255,128,0,0,0,0,0,0,0,0,0,0,0,0,0,0,0,0,0,0,0,0,0,0,0,0,0,128,255,128,0,0,0,0,0,0,0,0,0,0,0,0,0,0,0,64,255,0,0,0,0,0,0,0,0,255,255,128,0,0,0,0,0,0,0,0,0,0,0,0,0,0,0,128,255,64,0,0,0,0,0,64,191,255,255,128,0,0,0,0,0,0,0,0,0,0,0,0,0,0,0,128,255,255,191,128,128,128,255,255,255,255,191,0,0,0,0,0,0,0,0,0,0,0,0,0,0,0,0,0,191,255,255,255,255,255,255,255,255,128,0,0,0,0,0,0,0,0,0,0,0,0,0,0,0,0,0,0,0,64,191,255,255,255,255,128,64,0,0,0,0,0,0,0,0,0,0,0,0,0,0,0,0,0,0,0,0,0,0,0,0,0,0,0,0,0,0,0,0,0,0,0,0,0,0,0,0,0,0,0,0,0,0,0,0,0,0,0,0,0,0,0,0,0,0,0,0,0,0,0,0,0,0,0,0,0,0,0,0,0,0,0,0,0,0,0,0,0,0,0,0,0,0,0,0,0,0,0,0,0,0,0
1,0,0,0,0,0,0,0,0,0,0,0,0,0,0,0,0,0,0,0,0,0,0,0,0,0,0,0,0,0,0,0,0,0,0,0,0,0,0,0,0,0,0,0,0,0,0,0,0,0,0,0,0,0,0,0,0,0,0,0,0,0,0,0,0,0,0,0,0,0,0,0,0,0,0,0,0,0,0,0,0,0,0,0,0,0,0,0,0,0,0,0,0,0,0,0,0,0,0,0,0,0,0,0,0,0,0,0,0,0,0,0,0,0,0,0,0,0,0,0,0,0,0,23,215,255,131,0,0,0,0,0,0,0,0,0,0,0,0,0,0,0,0,0,0,0,0,0,0,0,0,42,243,253,225,33,0,0,0,0,0,0,0,0,0,0,0,0,0,0,0,0,0,0,0,0,0,0,0,0,47,248,253,76,5,0,0,0,0,0,0,0,0,0,0,0,0,0,0,0,0,0,0,0,0,0,0,0,0,180,253,253,55,0,0,0,0,0,0,0,0,0,0,0,0,0,0,0,0,0,0,0,0,0,0,0,0,105,253,253,130,0,0,0,0,0,0,0,0,0,0,0,0,0,0,0,0,0,0,0,0,0,0,0,0,56,253,253,179,0,0,0,0,0,0,0,0,0,0,0,0,0,0,0,0,0,0,0,0,0,0,0,0,56,253,253,179,0,0,0,0,0,0,0,0,0,0,0,0,0,0,0,0,0,0,0,0,0,0,0,0,56,253,253,179,0,0,0,0,0,0,0,0,0,0,0,0,0,0,0,0,0,0,0,0,0,0,0,0,56,253,253,179,0,0,0,0,0,0,0,0,0,0,0,0,0,0,0,0,0,0,0,0,0,0,0,0,56,253,253,179,0,0,0,0,0,0,0,0,0,0,0,0,0,0,0,0,0,0,0,0,0,0,0,0,56,253,253,179,0,0,0,0,0,0,0,0,0,0,0,0,0,0,0,0,0,0,0,0,0,0,0,0,56,253,253,201,15,0,0,0,0,0,0,0,0,0,0,0,0,0,0,0,0,0,0,0,0,0,0,0,56,253,253,253,49,0,0,0,0,0,0,0,0,0,0,0,0,0,0,0,0,0,0,0,0,0,0,0,56,253,253,253,49,0,0,0,0,0,0,0,0,0,0,0,0,0,0,0,0,0,0,0,0,0,0,0,56,253,253,253,49,0,0,0,0,0,0,0,0,0,0,0,0,0,0,0,0,0,0,0,0,0,0,0,56,253,253,253,158,0,0,0,0,0,0,0,0,0,0,0,0,0,0,0,0,0,0,0,0,0,0,0,6,192,253,253,206,18,0,0,0,0,0,0,0,0,0,0,0,0,0,0,0,0,0,0,0,0,0,0,0,131,253,253,253,43,0,0,0,0,0,0,0,0,0,0,0,0,0,0,0,0,0,0,0,0,0,0,0,34,225,253,253,43,0,0,0,0,0,0,0,0,0,0,0,0,0,0,0,0,0,0,0,0,0,0,0,0,192,253,214,22,0,0,0,0,0,0,0,0,0,0,0,0,0,0,0,0,0,0,0,0,0,0,0,0,0,0,0,0,0,0,0,0,0,0,0,0,0,0,0,0,0,0,0,0,0,0,0,0,0,0,0,0,0,0,0,0,0,0,0,0,0,0,0,0,0,0,0,0,0,0,0,0,0,0,0,0,0,0,0,0,0,0,0,0,0,0,0,0,0,0,0,0,0,0,0,0,0,0,0,0,0,0,0,0,0,0,0,0,0,0,0,0,0,0,0,0,0,0,0,0,0,0
2,0,0,0,0,0,0,0,0,0,0,0,0,0,0,0,0,0,0,0,0,0,0,0,0,0,0,0,0,0,0,0,0,0,0,0,0,0,0,0,0,0,0,0,0,0,0,0,0,0,0,0,0,0,0,0,0,0,0,0,0,0,0,0,0,0,0,0,0,0,0,0,0,0,0,0,0,0,0,0,0,0,0,0,0,0,0,0,0,0,0,0,41,112,231,255,254,254,201,59,0,0,0,0,0,0,0,0,0,0,0,0,0,0,0,0,0,0,0,16,227,250,195,196,150,203,251,238,53,0,0,0,0,0,0,0,0,0,0,0,0,0,0,0,0,0,0,0,24,66,0,0,0,0,99,253,236,27,0,0,0,0,0,0,0,0,0,0,0,0,0,0,0,0,0,0,0,0,0,0,0,0,3,57,254,184,12,0,0,0,0,0,0,0,0,0,0,0,0,0,0,0,0,0,0,0,0,0,0,0,0,0,140,253,115,0,0,0,0,0,0,0,0,0,0,0,0,0,0,0,0,0,0,0,0,0,0,0,0,0,23,230,223,12,0,0,0,0,0,0,0,0,0,0,0,0,0,0,0,0,0,0,0,0,0,0,0,0,0,207,253,64,0,0,0,0,0,0,0,0,0,0,0,0,0,0,0,0,0,0,0,0,0,0,0,0,0,118,253,117,0,0,0,0,0,0,0,0,0,0,0,0,0,0,0,0,0,0,0,0,0,0,0,0,0,80,253,117,0,0,0,0,0,0,0,0,0,0,0,0,0,0,0,0,0,0,0,0,0,0,0,0,0,80,253,117,0,0,0,0,0,0,0,0,0,0,0,0,0,0,0,0,0,0,0,0,0,0,0,0,0,118,254,117,0,0,0,0,0,0,0,0,0,0,0,0,0,0,0,0,0,0,0,0,0,0,0,0,0,162,253,109,0,0,0,0,0,0,0,0,0,0,0,0,0,0,0,0,0,0,0,49,79,79,36,0,19,226,168,6,0,0,0,0,0,0,0,0,0,0,0,0,0,0,0,0,0,0,143,246,253,253,243,159,127,253,78,0,0,0,0,0,0,0,0,0,0,0,0,0,0,0,0,0,0,68,239,193,73,88,208,253,254,253,78,0,0,0,0,0,0,0,0,0,0,0,0,0,0,0,0,0,0,235,254,0,0,0,10,209,255,254,223,95,0,0,0,0,0,0,0,0,0,0,0,0,0,0,0,0,0,234,170,0,0,7,131,253,219,143,247,247,177,8,0,0,0,0,0,0,0,0,0,0,0,0,0,0,0,234,223,31,37,132,253,222,30,0,54,142,253,165,0,0,0,0,0,0,0,0,0,0,0,0,0,0,0,219,253,242,243,240,198,34,0,0,0,3,131,249,140,0,0,0,0,0,0,0,0,0,0,0,0,0,0,32,133,216,207,70,0,0,0,0,0,0,0,104,248,128,8,0,0,0,0,0,0,0,0,0,0,0,0,0,0,0,0,0,0,0,0,0,0,0,0,0,0,0,0,0,0,0,0,0,0,0,0,0,0,0,0,0,0,0,0,0,0,0,0,0,0,0,0,0,0,0,0,0,0,0,0,0,0,0,0,0,0,0,0,0,0,0,0,0,0,0,0,0,0,0,0,0,0,0,0,0,0,0,0,0,0,0,0,0,0,0,0,0,0,0,0,0,0,0,0,0,0,0,0,0,0,0,0,0,0,0,0,0,0,0,0,0,0,0,0,0,0,0,0,0,0,0,0,0,0,0,0,0,0,0,0,0,0,0,0
0,0,0,0,0,0,0,0,0,0,0,0,0,0,0,0,0,0,0,0,0,0,0,0,0,0,0,0,0,0,0,0,0,0,0,0,0,0,0,0,0,0,0,0,0,0,0,0,0,0,0,0,0,0,0,0,0,0,0,0,0,0,0,0,0,0,0,0,0,0,0,0,0,0,0,0,0,0,0,0,0,0,0,0,0,0,0,0,0,0,0,0,0,0,0,0,0,0,0,0,0,0,0,0,0,0,0,0,0,0,0,0,0,0,0,0,0,0,0,0,0,0,0,0,0,0,0,0,0,36,107,254,255,169,12,0,0,0,0,0,0,0,0,0,0,0,0,0,0,0,0,0,0,58,180,180,180,202,236,244,242,253,148,0,0,0,0,0,0,0,0,0,0,0,0,0,0,0,0,21,107,240,253,218,149,154,0,67,69,253,195,0,0,0,0,0,0,0,0,0,0,0,0,0,0,0,0,71,253,244,220,43,2,35,0,0,36,237,195,0,0,0,0,0,0,0,0,0,0,0,0,0,0,0,0,213,253,108,0,0,0,0,0,0,0,131,223,52,0,0,0,0,0,0,0,0,0,0,0,0,0,7,129,247,253,24,0,0,0,0,0,0,0,131,253,230,13,0,0,0,0,0,0,0,0,0,0,0,0,33,253,253,176,11,0,0,0,0,0,0,0,131,253,253,15,0,0,0,0,0,0,0,0,0,0,0,0,182,253,208,11,0,0,0,0,0,0,0,0,131,253,253,58,0,0,0,0,0,0,0,0,0,0,0,66,231,253,203,0,0,0,0,0,0,0,0,0,131,253,253,78,0,0,0,0,0,0,0,0,0,0,0,107,253,253,44,0,0,0,0,0,0,0,0,0,131,253,205,10,0,0,0,0,0,0,0,0,0,0,12,206,253,249,39,0,0,0,0,0,0,0,0,0,131,253,106,0,0,0,0,0,0,0,0,0,0,0,17,253,253,129,0,0,0,0,0,0,0,0,0,0,131,253,106,0,0,0,0,0,0,0,0,0,0,0,124,253,253,129,0,0,0,0,0,0,0,0,0,47,222,210,27,0,0,0,0,0,0,0,0,0,0,0,17,253,253,129,0,0,0,0,0,0,0,0,53,227,253,121,0,0,0,0,0,0,0,0,0,0,0,0,17,253,253,129,0,0,0,0,0,0,0,5,137,253,146,6,0,0,0,0,0,0,0,0,0,0,0,0,17,253,253,194,21,0,0,0,0,0,52,143,253,253,122,0,0,0,0,0,0,0,0,0,0,0,0,0,13,220,253,253,194,58,58,58,58,169,234,253,253,244,95,0,0,0,0,0,0,0,0,0,0,0,0,0,0,45,220,253,253,253,253,253,253,253,253,253,186,89,0,0,0,0,0,0,0,0,0,0,0,0,0,0,0,0,33,215,253,253,253,253,253,253,253,182,9,0,0,0,0,0,0,0,0,0,0,0,0,0,0,0,0,0,0,44,89,89,131,253,199,89,89,23,0,0,0,0,0,0,0,0,0,0,0,0,0,0,0,0,0,0,0,0,0,0,0,0,0,0,0,0,0,0,0,0,0,0,0,0,0,0,0,0,0,0,0,0,0,0,0,0,0,0,0,0,0,0,0,0,0,0,0,0,0,0,0,0,0,0,0,0,0,0,0,0,0,0,0,0,0,0,0,0,0,0,0,0,0,0,0,0,0,0,0,0,0,0,0,0,0,0,0,0,0,0,0,0,0,0,0,0,0,0,0,0,0,0,0,0,0,0,0,0,0,0
3,0,0,0,0,0,0,0,0,0,0,0,0,0,0,0,0,0,0,0,0,0,0,0,0,0,0,0,0,0,0,0,0,0,0,0,0,0,0,0,0,0,0,0,0,0,0,0,0,0,0,0,0,0,0,0,0,0,0,0,0,0,0,0,0,0,0,0,0,0,0,0,0,0,0,0,0,0,0,0,0,0,0,0,0,0,0,0,0,0,0,0,0,0,0,0,0,0,0,0,0,0,0,0,0,0,0,0,0,0,0,0,0,0,0,0,0,0,0,0,0,0,0,0,0,0,0,0,0,0,0,0,0,0,0,0,0,0,0,0,0,0,0,0,0,0,0,0,0,0,7,188,254,254,255,228,118,51,0,0,0,0,0,0,0,0,0,0,0,0,0,0,0,0,0,0,0,32,235,253,253,253,253,253,253,242,166,5,0,0,0,0,0,0,0,0,0,0,0,0,0,0,0,0,0,25,223,253,253,226,198,253,253,253,253,13,0,0,0,0,0,0,0,0,0,0,0,0,0,0,0,0,0,0,47,253,253,90,17,87,204,253,253,139,8,0,0,0,0,0,0,0,0,0,0,0,0,0,0,0,0,0,5,82,82,53,0,0,9,179,253,253,34,0,0,0,0,0,0,0,0,0,0,0,0,0,0,0,0,0,0,0,0,0,0,0,17,209,253,248,32,0,0,0,0,0,0,0,0,0,0,0,0,0,0,0,0,0,0,0,0,0,0,25,144,253,253,80,0,0,0,0,0,0,0,0,0,0,0,0,0,0,0,0,0,0,0,0,0,0,30,137,253,253,253,13,0,0,0,0,0,0,0,0,0,0,0,0,0,0,0,0,0,0,0,0,0,81,209,253,253,198,27,2,0,0,0,0,0,0,0,0,0,0,0,0,0,0,0,0,0,0,0,36,203,248,253,240,169,21,0,0,0,0,0,0,0,0,0,0,0,0,0,0,0,0,0,0,0,0,11,220,253,253,240,92,0,0,0,0,0,0,0,0,0,0,0,0,0,0,0,0,0,0,0,0,0,0,14,253,253,253,110,0,0,0,0,0,0,0,0,0,0,0,0,0,0,0,0,0,0,0,0,0,0,0,6,180,253,253,224,43,0,0,0,0,0,0,0,0,0,0,0,0,0,0,0,0,0,0,0,0,0,0,0,0,180,253,253,228,111,0,0,0,0,0,0,0,0,0,0,0,0,0,0,0,0,0,0,0,0,0,0,0,66,186,253,253,252,162,53,0,0,0,0,0,0,0,0,0,0,0,0,0,0,0,0,0,0,0,0,0,0,12,145,231,253,253,237,56,0,0,0,0,0,0,0,0,0,0,0,0,0,0,0,0,0,0,0,0,0,0,0,78,253,253,253,231,27,0,0,0,0,0,0,0,0,0,0,0,0,0,0,0,0,0,3,42,117,164,179,193,253,253,253,253,34,0,0,0,0,0,0,0,0,0,0,0,0,0,0,0,0,0,14,253,253,253,253,253,253,253,232,102,13,0,0,0,0,0,0,0,0,0,0,0,0,0,0,0,0,0,14,253,253,253,253,227,116,113,0,0,0,0,0,0,0,0,0,0,0,0,0,0,0,0,0,0,0,0,0,0,0,0,0,0,0,0,0,0,0,0,0,0,0,0,0,0,0,0,0,0,0,0,0,0,0,0,0,0,0,0,0,0,0,0,0,0,0,0,0,0,0,0,0,0,0,0,0,0,0,0,0,0,0,0,0,0,0,0,0,0,0,0,0,0,0,0,0,0,0,0,0,0,0
8,0,0,0,0,0,0,0,0,0,0,0,0,0,0,0,0,0,0,0,0,0,0,0,0,0,0,0,0,0,0,0,0,0,0,0,0,0,0,0,0,0,0,0,0,0,0,0,0,0,0,0,0,0,0,0,0,0,0,0,0,0,0,0,0,0,0,0,0,0,0,0,0,0,0,0,0,0,0,0,0,0,0,0,0,0,0,0,0,0,0,0,0,0,0,0,0,0,0,0,0,0,0,0,0,0,0,0,0,0,0,0,0,0,0,0,0,0,0,0,0,0,0,0,0,0,1,111,234,255,176,53,14,0,0,0,0,0,0,0,0,0,0,0,0,0,0,0,0,0,0,0,0,0,167,253,179,175,253,253,111,0,0,0,0,0,0,0,0,0,0,0,0,0,0,0,0,0,0,0,0,93,235,210,23,2,10,182,251,139,0,0,0,0,0,0,0,0,0,0,0,0,0,0,0,0,0,0,6,195,215,26,0,0,0,36,200,233,0,0,0,0,0,0,0,0,0,0,0,0,0,0,0,0,0,0,123,247,88,0,0,0,0,4,189,233,0,0,0,0,0,0,0,0,0,0,0,0,0,0,0,0,0,0,223,161,0,0,0,0,0,62,253,233,0,0,0,0,0,0,0,0,0,0,0,0,0,0,0,0,0,65,250,88,0,0,0,0,6,185,253,135,0,0,0,0,0,0,0,0,0,0,0,0,0,0,0,0,0,73,253,88,0,0,0,11,171,253,202,9,0,0,0,0,0,0,0,0,0,0,0,0,0,0,0,0,0,12,228,90,179,192,110,218,253,182,29,0,0,0,0,0,0,0,0,0,0,0,0,0,0,0,0,0,0,0,223,229,238,253,253,245,124,46,0,0,0,0,0,0,0,0,0,0,0,0,0,0,0,0,0,0,0,0,223,253,253,253,253,228,24,0,0,0,0,0,0,0,0,0,0,0,0,0,0,0,0,0,0,0,5,72,241,253,253,207,109,49,2,0,0,0,0,0,0,0,0,0,0,0,0,0,0,0,0,0,0,0,63,253,248,187,253,176,0,0,0,0,0,0,0,0,0,0,0,0,0,0,0,0,0,0,0,0,0,45,238,245,82,4,160,250,61,0,0,0,0,0,0,0,0,0,0,0,0,0,0,0,0,0,0,0,0,84,253,107,0,0,78,253,185,2,0,0,0,0,0,0,0,0,0,0,0,0,0,0,0,0,0,0,0,84,230,8,0,0,6,253,253,5,0,0,0,0,0,0,0,0,0,0,0,0,0,0,0,0,0,0,0,84,227,0,0,0,33,253,227,4,0,0,0,0,0,0,0,0,0,0,0,0,0,0,0,0,0,0,0,84,250,146,23,0,114,253,155,0,0,0,0,0,0,0,0,0,0,0,0,0,0,0,0,0,0,0,0,31,194,253,248,161,239,253,131,0,0,0,0,0,0,0,0,0,0,0,0,0,0,0,0,0,0,0,0,0,5,119,241,253,253,168,10,0,0,0,0,0,0,0,0,0,0,0,0,0,0,0,0,0,0,0,0,0,0,0,0,0,0,0,0,0,0,0,0,0,0,0,0,0,0,0,0,0,0,0,0,0,0,0,0,0,0,0,0,0,0,0,0,0,0,0,0,0,0,0,0,0,0,0,0,0,0,0,0,0,0,0,0,0,0,0,0,0,0,0,0,0,0,0,0,0,0,0,0,0,0,0,0,0,0,0,0,0,0,0,0,0,0,0,0,0,0,0,0,0,0,0,0,0,0,0,0,0,0,0,0
1,0,0,0,0,0,0,0,0,0,0,0,0,0,0,0,0,0,0,0,0,0,0,0,0,0,0,0,0,0,0,0,0,0,0,0,0,0,0,0,0,0,0,0,0,0,0,0,0,0,0,0,0,0,0,0,0,0,0,0,0,0,0,0,0,0,0,0,0,0,0,0,0,0,0,0,0,0,0,0,0,0,0,0,0,0,0,0,0,0,0,0,0,0,0,0,0,0,0,0,0,0,0,0,0,0,0,0,0,0,0,0,0,0,0,0,0,0,0,0,0,0,0,0,0,0,0,0,0,0,0,0,0,0,0,0,0,0,0,0,0,0,0,0,0,0,0,0,0,0,0,0,0,0,0,78,238,119,0,0,0,0,0,0,0,0,0,0,0,0,0,0,0,0,0,0,0,0,0,0,0,0,0,241,242,11,0,0,0,0,0,0,0,0,0,0,0,0,0,0,0,0,0,0,0,0,0,0,0,0,0,241,169,0,0,0,0,0,0,0,0,0,0,0,0,0,0,0,0,0,0,0,0,0,0,0,0,0,63,251,239,0,0,0,0,0,0,0,0,0,0,0,0,0,0,0,0,0,0,0,0,0,0,0,0,0,8,242,194,0,0,0,0,0,0,0,0,0,0,0,0,0,0,0,0,0,0,0,0,0,0,0,0,0,83,254,143,0,0,0,0,0,0,0,0,0,0,0,0,0,0,0,0,0,0,0,0,0,0,0,0,0,175,254,143,0,0,0,0,0,0,0,0,0,0,0,0,0,0,0,0,0,0,0,0,0,0,0,0,0,99,254,224,0,0,0,0,0,0,0,0,0,0,0,0,0,0,0,0,0,0,0,0,0,0,0,0,0,114,254,209,0,0,0,0,0,0,0,0,0,0,0,0,0,0,0,0,0,0,0,0,0,0,0,0,0,178,254,143,0,0,0,0,0,0,0,0,0,0,0,0,0,0,0,0,0,0,0,0,0,0,0,0,0,178,254,143,0,0,0,0,0,0,0,0,0,0,0,0,0,0,0,0,0,0,0,0,0,0,0,0,0,149,254,143,0,0,0,0,0,0,0,0,0,0,0,0,0,0,0,0,0,0,0,0,0,0,0,0,0,155,254,143,0,0,0,0,0,0,0,0,0,0,0,0,0,0,0,0,0,0,0,0,0,0,0,0,0,155,254,143,0,0,0,0,0,0,0,0,0,0,0,0,0,0,0,0,0,0,0,0,0,0,0,0,0,83,254,143,0,0,0,0,0,0,0,0,0,0,0,0,0,0,0,0,0,0,0,0,0,0,0,0,0,70,252,143,0,0,0,0,0,0,0,0,0,0,0,0,0,0,0,0,0,0,0,0,0,0,0,0,0,0,241,143,0,0,0,0,0,0,0,0,0,0,0,0,0,0,0,0,0,0,0,0,0,0,0,0,0,0,179,143,0,0,0,0,0,0,0,0,0,0,0,0,0,0,0,0,0,0,0,0,0,0,0,0,0,0,144,143,0,0,0,0,0,0,0,0,0,0,0,0,0,0,0,0,0,0,0,0,0,0,0,0,0,0,109,143,0,0,0,0,0,0,0,0,0,0,0,0,0,0,0,0,0,0,0,0,0,0,0,0,0,0,0,0,0,0,0,0,0,0,0,0,0,0,0,0,0,0,0,0,0,0,0,0,0,0,0,0,0,0,0,0,0,0,0,0,0,0,0,0,0,0,0,0,0,0,0,0,0,0,0,0,0,0,0,0,0,0,0,0,0,0,0,0,0,0,0,0,0,0,0,0
2,0,0,0,0,0,0,0,0,0,0,0,0,0,0,0,0,0,0,0,0,0,0,0,0,0,0,0,0,0,0,0,0,0,0,0,0,0,0,0,0,0,0,0,0,0,0,0,0,0,0,0,0,0,0,0,0,0,0,0,0,0,0,0,0,0,0,0,0,0,0,0,0,0,0,0,0,0,0,0,0,0,0,0,0,0,0,0,0,0,0,0,0,0,0,0,0,0,0,0,0,0,0,0,0,0,0,0,0,0,0,0,0,0,0,0,0,0,0,0,0,0,0,0,0,0,76,113,114,238,253,253,253,255,90,0,0,0,0,0,0,0,0,0,0,0,0,0,0,0,0,86,131,225,243,252,253,252,252,252,252,253,243,50,0,0,0,0,0,0,0,0,0,0,0,0,0,38,135,253,252,252,252,220,196,195,86,71,227,253,252,87,0,0,0,0,0,0,0,0,0,0,0,10,138,224,252,253,226,114,84,37,0,0,0,4,153,253,252,102,0,0,0,0,0,0,0,0,0,0,63,178,252,252,252,112,12,0,0,0,0,0,0,107,252,253,204,25,0,0,0,0,0,0,0,0,0,0,114,253,228,47,0,0,0,0,0,0,0,0,0,169,253,255,168,0,0,0,0,0,0,0,0,0,0,0,75,243,246,225,146,0,0,0,0,0,0,0,98,243,252,215,33,0,0,0,0,0,0,0,0,0,0,0,0,50,55,55,55,0,0,0,0,0,0,67,240,252,252,31,0,0,0,0,0,0,0,0,0,0,0,0,0,0,0,0,0,0,0,0,0,0,13,181,252,249,223,0,0,0,0,0,0,0,0,0,0,0,0,0,0,0,0,0,0,0,0,0,0,0,191,252,252,223,0,0,0,0,0,0,0,0,0,0,0,0,0,0,0,0,0,0,0,0,0,0,76,113,255,253,228,47,0,0,0,0,0,0,0,0,0,0,0,0,0,0,0,0,0,0,0,0,0,19,196,252,253,223,130,0,0,0,0,0,0,0,0,0,0,0,0,0,0,0,0,0,0,0,0,0,98,209,252,252,196,52,0,0,0,0,0,0,0,0,0,0,0,0,0,0,0,0,0,0,0,0,0,92,243,252,233,145,0,0,0,0,0,0,0,0,0,0,0,0,0,0,0,0,0,0,0,0,0,16,140,253,252,252,84,0,0,0,0,0,0,0,0,0,0,0,0,0,0,0,0,0,0,0,0,0,0,170,253,255,253,133,0,0,0,0,26,113,113,114,113,113,38,0,0,0,0,0,0,0,0,0,0,29,194,243,252,253,176,6,57,85,85,131,231,252,252,253,252,252,130,0,0,0,0,0,0,0,0,0,0,85,252,252,252,253,233,197,234,252,253,252,252,252,252,253,252,252,114,0,0,0,0,0,0,0,0,0,0,85,252,252,252,253,252,252,252,252,253,252,230,223,223,84,84,84,28,0,0,0,0,0,0,0,0,0,0,38,142,252,252,253,252,252,252,252,112,112,25,0,0,0,0,0,0,0,0,0,0,0,0,0,0,0,0,0,0,0,0,0,0,0,0,0,0,0,0,0,0,0,0,0,0,0,0,0,0,0,0,0,0,0,0,0,0,0,0,0,0,0,0,0,0,0,0,0,0,0,0,0,0,0,0,0,0,0,0,0,0,0,0,0,0,0,0,0,0,0,0,0,0,0,0,0,0,0,0,0,0,0,0,0,0,0,0,0,0,0,0,0,0,0,0,0,0,0,0,0,0,0,0,0,0,0,0,0,0,0,0,0,0
6,0,0,0,0,0,0,0,0,0,0,0,0,0,0,0,0,0,0,0,0,0,0,0,0,0,0,0,0,0,0,0,0,0,0,0,0,0,0,0,0,0,0,0,0,0,0,0,0,0,0,0,0,0,0,0,0,0,0,0,0,0,0,0,0,0,0,0,0,0,0,0,0,0,0,0,0,0,0,0,0,0,0,0,0,0,0,0,0,0,0,0,0,0,0,0,0,0,0,0,0,0,7,105,238,136,0,0,0,0,0,0,0,0,0,0,0,0,0,0,0,0,0,0,0,0,0,0,61,184,212,253,253,223,0,0,0,0,0,0,0,0,0,0,0,0,0,0,0,0,0,0,0,0,0,9,254,253,243,238,149,122,0,0,0,0,0,0,0,0,0,0,0,0,0,0,0,0,0,0,0,0,22,198,254,253,89,0,0,0,0,0,0,0,0,0,0,0,0,0,0,0,0,0,0,0,0,0,0,125,230,253,223,142,10,0,0,0,0,0,0,0,0,0,0,0,0,0,0,0,0,0,0,0,0,4,110,249,253,253,132,0,0,0,0,0,0,0,0,0,0,0,0,0,0,0,0,0,0,0,0,0,0,110,253,253,253,173,0,0,0,0,0,0,0,0,0,0,0,0,0,0,0,0,0,0,0,0,0,0,27,206,253,253,157,6,0,0,0,0,0,0,0,0,0,0,0,0,0,0,0,0,0,0,0,0,0,0,102,253,253,157,14,0,0,0,0,0,0,0,0,0,0,0,0,0,0,0,0,0,0,0,0,0,0,0,224,253,253,14,0,0,0,0,0,0,0,0,0,0,0,0,0,0,0,0,0,0,0,0,0,0,0,121,254,254,254,14,0,63,167,254,90,0,0,0,0,0,0,0,0,0,0,0,0,0,0,0,0,0,0,120,253,253,221,32,175,235,254,253,225,138,7,0,0,0,0,0,0,0,0,0,0,0,0,0,0,0,0,120,253,253,206,196,253,253,248,250,253,253,29,0,0,0,0,0,0,0,0,0,0,0,0,0,0,0,0,120,253,253,253,253,232,133,79,111,211,253,100,0,0,0,0,0,0,0,0,0,0,0,0,0,0,0,0,120,253,253,253,253,208,0,0,0,164,253,178,0,0,0,0,0,0,0,0,0,0,0,0,0,0,0,0,120,253,253,253,242,183,0,0,61,227,253,178,0,0,0,0,0,0,0,0,0,0,0,0,0,0,0,0,57,238,253,253,211,32,0,56,233,253,253,178,0,0,0,0,0,0,0,0,0,0,0,0,0,0,0,0,0,57,227,253,253,243,239,247,253,253,253,37,0,0,0,0,0,0,0,0,0,0,0,0,0,0,0,0,0,0,153,253,253,253,253,254,253,215,59,7,0,0,0,0,0,0,0,0,0,0,0,0,0,0,0,0,0,0,13,104,245,253,253,255,217,37,0,0,0,0,0,0,0,0,0,0,0,0,0,0,0,0,0,0,0,0,0,0,0,0,0,0,0,0,0,0,0,0,0,0,0,0,0,0,0,0,0,0,0,0,0,0,0,0,0,0,0,0,0,0,0,0,0,0,0,0,0,0,0,0,0,0,0,0,0,0,0,0,0,0,0,0,0,0,0,0,0,0,0,0,0,0,0,0,0,0,0,0,0,0,0,0,0,0,0,0,0,0,0,0,0,0,0,0,0,0,0,0,0,0,0,0,0,0,0,0,0,0,0,0,0,0,0,0,0,0,0,0,0,0,0,0,0,0,0,0,0,0,0,0,0,0,0,0,0,0
7,0,0,0,0,0,0,0,0,0,0,0,0,0,0,0,0,0,0,0,0,0,0,0,0,0,0,0,0,0,0,0,0,0,0,0,0,0,0,0,0,0,0,0,0,0,0,0,0,0,0,0,0,0,0,0,0,0,0,0,0,0,0,0,0,0,0,0,0,0,0,0,0,0,0,0,0,0,0,0,0,0,0,0,0,0,0,0,0,0,0,0,0,0,0,0,0,0,0,0,0,0,0,0,0,0,0,0,0,0,0,0,0,0,0,0,0,0,0,0,0,0,0,0,0,0,0,0,0,0,0,0,0,0,0,0,0,0,0,0,0,0,0,0,0,0,0,0,0,0,0,0,0,0,0,0,0,0,0,0,0,0,0,0,0,0,0,0,0,0,0,0,0,0,0,0,0,0,0,0,0,0,0,0,0,0,0,0,0,0,0,0,0,0,0,0,0,0,0,0,0,0,0,0,55,195,3,0,0,0,0,0,0,0,0,0,0,0,0,0,0,0,0,0,0,0,0,0,0,0,0,0,157,252,170,145,145,145,145,83,25,25,25,111,88,39,0,0,0,0,0,0,0,0,0,0,0,0,0,0,42,242,252,252,252,252,252,253,252,252,252,252,252,167,0,0,0,0,0,0,0,0,0,0,0,0,0,0,0,181,252,213,204,152,141,205,204,211,252,252,238,79,0,0,0,0,0,0,0,0,0,0,0,0,0,0,0,181,252,48,0,0,0,0,0,123,252,180,51,0,0,0,0,0,0,0,0,0,0,0,0,0,0,0,0,181,252,48,0,0,0,0,54,230,252,72,0,0,0,0,0,0,0,0,0,0,0,0,0,0,0,0,0,181,228,32,0,0,0,0,145,252,172,14,0,0,0,0,0,0,0,0,0,0,0,0,0,0,0,0,0,26,25,0,0,0,0,11,237,221,12,0,0,0,0,0,0,0,0,0,0,0,0,0,0,0,0,0,0,0,0,0,0,0,0,122,252,216,0,0,0,0,0,0,0,0,0,0,0,0,0,0,0,0,0,0,0,0,0,0,0,0,0,248,252,216,0,0,0,0,0,0,0,0,0,0,0,0,0,0,0,0,0,0,0,0,0,0,0,172,253,255,253,236,132,44,0,0,0,0,0,0,0,0,0,0,0,0,0,0,0,0,0,0,0,0,0,149,228,253,252,252,252,180,0,0,0,0,0,0,0,0,0,0,0,0,0,0,0,0,0,0,0,0,0,0,0,178,252,230,96,27,0,0,0,0,0,0,0,0,0,0,0,0,0,0,0,0,0,0,0,0,0,0,0,132,252,135,0,0,0,0,0,0,0,0,0,0,0,0,0,0,0,0,0,0,0,0,0,0,0,0,0,132,252,96,0,0,0,0,0,0,0,0,0,0,0,0,0,0,0,0,0,0,0,0,0,0,0,0,0,132,252,96,0,0,0,0,0,0,0,0,0,0,0,0,0,0,0,0,0,0,0,0,0,0,0,0,0,132,252,96,0,0,0,0,0,0,0,0,0,0,0,0,0,0,0,0,0,0,0,0,0,0,0,0,0,132,252,96,0,0,0,0,0,0,0,0,0,0,0,0,0,0,0,0,0,0,0,0,0,0,0,0,0,132,252,96,0,0,0,0,0,0,0,0,0,0,0,0,0,0,0,0,0,0,0,0,0,0,0,0,0,76,252,96,0,0,0,0,0,0,0,0,0,0,0,0,0,0,0,0,0,0,0,0,0,0,0,0,0,0,0,0,0,0,0,0,0,0,0,0,0,0,0
1,0,0,0,0,0,0,0,0,0,0,0,0,0,0,0,0,0,0,0,0,0,0,0,0,0,0,0,0,0,0,0,0,0,0,0,0,0,0,0,0,0,0,0,0,0,0,0,0,0,0,0,0,0,0,0,0,0,0,0,0,0,0,0,0,0,0,0,0,0,0,0,0,0,0,0,0,0,0,0,0,0,0,0,0,0,0,0,0,0,0,0,0,0,0,0,0,0,0,0,0,0,0,0,0,0,0,0,0,0,0,0,0,0,0,0,0,0,0,0,0,0,0,0,0,0,0,0,0,0,0,0,0,0,0,0,0,0,0,0,0,0,0,0,0,0,0,0,0,0,0,0,163,154,0,0,0,0,0,0,0,0,0,0,0,0,0,0,0,0,0,0,0,0,0,0,0,0,0,0,168,249,49,0,0,0,0,0,0,0,0,0,0,0,0,0,0,0,0,0,0,0,0,0,0,0,0,0,106,253,129,0,0,0,0,0,0,0,0,0,0,0,0,0,0,0,0,0,0,0,0,0,0,0,0,0,47,214,214,49,0,0,0,0,0,0,0,0,0,0,0,0,0,0,0,0,0,0,0,0,0,0,0,0,0,138,253,103,0,0,0,0,0,0,0,0,0,0,0,0,0,0,0,0,0,0,0,0,0,0,0,0,0,54,253,175,0,0,0,0,0,0,0,0,0,0,0,0,0,0,0,0,0,0,0,0,0,0,0,0,0,9,253,238,7,0,0,0,0,0,0,0,0,0,0,0,0,0,0,0,0,0,0,0,0,0,0,0,0,9,247,254,8,0,0,0,0,0,0,0,0,0,0,0,0,0,0,0,0,0,0,0,0,0,0,0,0,0,175,254,8,0,0,0,0,0,0,0,0,0,0,0,0,0,0,0,0,0,0,0,0,0,0,0,0,0,175,254,8,0,0,0,0,0,0,0,0,0,0,0,0,0,0,0,0,0,0,0,0,0,0,0,0,0,88,255,96,0,0,0,0,0,0,0,0,0,0,0,0,0,0,0,0,0,0,0,0,0,0,0,0,0,88,254,96,0,0,0,0,0,0,0,0,0,0,0,0,0,0,0,0,0,0,0,0,0,0,0,0,0,88,254,96,0,0,0,0,0,0,0,0,0,0,0,0,0,0,0,0,0,0,0,0,0,0,0,0,0,88,254,96,0,0,0,0,0,0,0,0,0,0,0,0,0,0,0,0,0,0,0,0,0,0,0,0,0,88,254,126,0,0,0,0,0,0,0,0,0,0,0,0,0,0,0,0,0,0,0,0,0,0,0,0,0,15,254,96,0,0,0,0,0,0,0,0,0,0,0,0,0,0,0,0,0,0,0,0,0,0,0,0,0,0,254,134,0,0,0,0,0,0,0,0,0,0,0,0,0,0,0,0,0,0,0,0,0,0,0,0,0,0,254,212,7,0,0,0,0,0,0,0,0,0,0,0,0,0,0,0,0,0,0,0,0,0,0,0,0,0,157,253,20,0,0,0,0,0,0,0,0,0,0,0,0,0,0,0,0,0,0,0,0,0,0,0,0,0,25,217,74,0,0,0,0,0,0,0,0,0,0,0,0,0,0,0,0,0,0,0,0,0,0,0,0,0,0,0,0,0,0,0,0,0,0,0,0,0,0,0,0,0,0,0,0,0,0,0,0,0,0,0,0,0,0,0,0,0,0,0,0,0,0,0,0,0,0,0,0,0,0,0,0,0,0,0,0,0,0,0,0,0,0,0,0,0,0,0,0,0,0,0,0,0,0,0
6,0,0,0,0,0,0,0,0,0,0,0,0,0,0,0,0,0,0,0,0,0,0,0,0,0,0,0,0,0,0,0,0,0,0,0,0,0,0,0,0,0,0,0,0,0,0,0,0,0,0,0,0,0,0,0,0,0,0,0,0,0,0,0,0,0,0,0,0,0,0,0,0,0,0,0,0,0,0,0,0,0,0,0,0,0,0,0,0,0,0,0,0,0,0,0,0,8,130,249,195,24,0,0,0,0,0,0,0,0,0,0,0,0,0,0,0,0,0,0,0,0,0,0,24,207,253,253,254,98,0,0,0,0,0,0,0,0,0,0,0,0,0,0,0,0,0,0,0,0,0,0,175,253,226,131,254,182,0,0,0,0,0,0,0,0,0,0,0,0,0,0,0,0,0,0,0,0,0,34,245,206,24,0,254,221,0,0,0,0,0,0,0,0,0,0,0,0,0,0,0,0,0,0,0,0,0,194,253,52,0,0,254,196,0,0,0,0,0,0,0,0,0,0,0,0,0,0,0,0,0,0,0,0,110,255,192,0,0,0,175,167,0,0,0,0,0,0,0,0,0,0,0,0,0,0,0,0,0,0,0,0,218,254,108,0,0,0,149,182,0,0,0,0,0,0,0,0,0,0,0,0,0,0,0,0,0,0,0,52,250,226,12,0,0,0,63,32,0,0,0,0,0,0,0,0,0,0,0,0,0,0,0,0,0,0,0,133,253,158,0,0,0,0,0,0,0,0,0,0,0,0,0,0,0,0,0,0,0,0,0,0,0,0,0,142,253,85,0,0,0,0,0,0,0,0,0,0,0,0,0,0,0,0,0,0,0,0,0,0,0,0,0,173,254,80,0,0,0,0,0,0,8,36,21,10,0,0,0,0,0,0,0,0,0,0,0,0,0,0,0,222,253,80,0,0,0,0,17,146,222,253,253,225,38,0,0,0,0,0,0,0,0,0,0,0,0,0,0,222,253,40,0,0,0,55,224,253,253,253,253,254,142,0,0,0,0,0,0,0,0,0,0,0,0,0,0,222,253,20,0,0,0,228,254,215,96,31,101,254,142,0,0,0,0,0,0,0,0,0,0,0,0,0,0,172,253,80,0,0,20,243,239,9,0,0,105,254,68,0,0,0,0,0,0,0,0,0,0,0,0,0,0,138,254,165,4,0,69,254,184,0,28,46,244,209,20,0,0,0,0,0,0,0,0,0,0,0,0,0,0,16,242,254,112,6,142,253,218,34,241,253,193,20,0,0,0,0,0,0,0,0,0,0,0,0,0,0,0,0,158,254,253,215,208,253,251,227,253,241,117,0,0,0,0,0,0,0,0,0,0,0,0,0,0,0,0,0,10,144,233,253,253,253,254,253,146,24,0,0,0,0,0,0,0,0,0,0,0,0,0,0,0,0,0,0,0,1,46,110,193,228,169,35,3,0,0,0,0,0,0,0,0,0,0,0,0,0,0,0,0,0,0,0,0,0,0,0,0,0,0,0,0,0,0,0,0,0,0,0,0,0,0,0,0,0,0,0,0,0,0,0,0,0,0,0,0,0,0,0,0,0,0,0,0,0,0,0,0,0,0,0,0,0,0,0,0,0,0,0,0,0,0,0,0,0,0,0,0,0,0,0,0,0,0,0,0,0,0,0,0,0,0,0,0,0,0,0,0,0,0,0,0,0,0,0,0,0,0,0,0,0,0,0,0,0,0,0,0,0,0,0,0,0,0,0,0,0,0,0,0,0,0,0,0,0,0,0,0,0,0,0,0,0,0
2,0,0,0,0,0,0,0,0,0,0,0,0,0,0,0,0,0,0,0,0,0,0,0,0,0,0,0,0,0,0,0,0,0,0,0,0,0,0,0,0,0,0,0,0,0,0,0,0,0,0,0,0,0,0,0,0,0,0,0,0,0,0,0,0,0,0,0,0,0,0,0,0,0,0,0,0,0,0,0,0,0,0,0,0,0,0,0,0,0,0,0,0,0,0,0,0,0,0,0,0,0,0,0,0,0,0,0,0,0,0,0,0,0,0,0,0,0,0,0,0,0,90,161,253,253,253,143,76,6,0,0,0,0,0,0,0,0,0,0,0,0,0,0,0,0,0,0,0,0,96,228,193,108,153,250,252,191,11,0,0,0,0,0,0,0,0,0,0,0,0,0,0,0,0,0,0,0,0,0,0,0,0,212,252,253,125,0,0,0,0,0,0,0,0,0,0,0,0,0,0,0,0,0,0,0,0,0,0,0,0,88,250,253,228,0,0,0,0,0,0,0,0,0,0,0,0,0,0,0,0,0,0,0,0,0,0,0,0,0,241,253,228,0,0,0,0,0,0,0,0,0,0,0,0,0,0,0,0,0,0,0,0,0,0,0,0,0,241,253,235,28,0,0,0,0,0,0,0,0,0,0,0,0,0,0,0,0,0,0,0,0,0,0,0,0,241,253,252,96,0,0,0,0,0,0,0,0,0,0,0,0,0,0,0,0,0,0,0,0,0,0,0,0,241,253,252,96,0,0,0,0,0,0,0,0,0,0,0,0,0,0,0,0,0,0,0,0,0,0,0,0,241,253,242,55,0,0,0,0,0,0,0,0,0,0,0,0,0,0,0,0,0,0,0,0,0,0,0,0,241,253,228,0,0,0,0,0,0,0,0,0,0,0,0,0,0,0,0,0,2,30,132,132,132,132,87,65,248,255,229,0,0,0,0,0,0,0,0,0,0,0,0,0,0,0,0,0,25,252,247,228,228,248,252,252,252,253,242,70,20,0,0,0,0,0,0,0,0,0,0,0,0,0,0,0,100,252,129,0,0,78,96,238,252,253,252,252,234,157,65,25,0,0,0,0,0,0,0,0,0,0,0,3,165,205,28,0,0,0,19,234,252,251,134,84,164,215,252,224,123,49,3,0,0,0,0,0,0,0,0,7,183,27,0,0,0,0,97,252,252,154,0,0,0,18,106,192,192,192,9,0,0,0,0,0,0,0,0,13,228,0,0,0,0,0,189,252,252,121,0,0,0,0,0,0,0,0,0,0,0,0,0,0,0,0,0,13,228,0,0,0,0,69,246,252,252,23,0,0,0,0,0,0,0,0,0,0,0,0,0,0,0,0,0,13,237,37,0,0,28,206,252,252,103,0,0,0,0,0,0,0,0,0,0,0,0,0,0,0,0,0,0,13,252,238,76,27,207,252,252,205,7,0,0,0,0,0,0,0,0,0,0,0,0,0,0,0,0,0,0,1,81,149,245,244,252,212,86,7,0,0,0,0,0,0,0,0,0,0,0,0,0,0,0,0,0,0,0,0,0,0,0,0,0,0,0,0,0,0,0,0,0,0,0,0,0,0,0,0,0,0,0,0,0,0,0,0,0,0,0,0,0,0,0,0,0,0,0,0,0,0,0,0,0,0,0,0,0,0,0,0,0,0,0,0,0,0,0,0,0,0,0,0,0,0,0,0,0,0,0,0,0,0,0,0,0,0,0,0,0,0,0,0,0,0,0,0,0,0,0,0,0,0,0,0,0,0,0,0,0,0,0,0,0
3,0,0,0,0,0,0,0,0,0,0,0,0,0,0,0,0,0,0,0,0,0,0,0,0,0,0,0,0,0,0,0,0,0,0,0,0,0,0,0,0,0,0,0,0,0,0,0,0,0,0,0,0,0,0,0,0,0,0,0,0,0,0,0,0,0,0,0,0,0,0,0,0,0,0,0,0,0,0,0,0,0,0,0,0,0,0,0,0,0,0,0,0,0,0,0,0,0,0,0,0,0,0,0,0,0,0,0,0,0,0,0,0,0,0,0,0,0,0,0,0,0,0,0,0,0,0,0,0,0,0,0,0,0,0,0,0,0,0,0,0,0,0,0,0,0,0,0,0,0,0,0,0,0,0,0,0,0,0,0,0,0,0,0,0,0,0,0,0,0,0,0,0,0,0,0,0,16,101,152,254,255,254,254,179,101,101,101,76,0,0,0,0,0,0,0,0,0,0,0,0,0,66,200,200,208,253,253,253,253,253,253,253,253,253,253,240,200,134,9,0,0,0,0,0,0,0,0,0,0,200,253,253,253,253,204,107,107,151,163,253,253,253,253,253,253,253,45,0,0,0,0,0,0,0,0,0,0,100,96,251,215,7,5,0,0,2,3,52,235,253,253,253,253,213,29,0,0,0,0,0,0,0,0,0,0,0,0,153,52,0,0,0,0,12,147,222,253,253,253,182,61,35,0,0,0,0,0,0,0,0,0,0,0,0,0,0,0,0,0,0,73,173,253,253,253,244,115,17,0,0,0,0,0,0,0,0,0,0,0,0,0,0,0,0,0,0,0,63,172,253,253,253,135,14,0,0,0,0,0,0,0,0,0,0,0,0,0,0,0,0,0,0,0,0,63,235,253,253,217,68,8,0,0,0,0,0,0,0,0,0,0,0,0,0,0,0,0,0,0,0,0,0,85,253,253,213,37,0,0,0,0,0,0,0,0,0,0,0,0,0,0,0,0,0,0,0,0,0,0,128,239,253,253,106,78,40,0,0,0,0,0,0,0,0,0,0,0,0,0,0,0,0,0,0,0,0,0,139,253,253,253,253,253,216,135,22,0,0,0,0,0,0,0,0,0,0,0,0,0,0,0,0,0,0,0,72,246,253,253,253,253,253,253,245,68,0,0,0,0,0,0,0,0,0,0,0,0,0,0,0,0,0,0,0,28,30,30,77,183,217,253,253,240,76,0,0,0,0,0,0,0,0,0,0,0,0,0,0,0,0,0,0,0,0,0,0,0,41,224,253,253,191,0,0,0,0,0,0,0,0,0,0,0,0,0,0,0,0,0,0,0,0,0,0,0,0,70,253,253,191,0,0,0,0,0,0,0,0,0,0,0,0,0,0,0,0,0,0,0,0,0,0,0,31,208,253,253,191,0,0,0,0,0,0,0,0,0,0,0,0,0,0,0,5,0,0,3,8,88,162,162,206,253,253,253,186,0,0,0,0,0,0,0,0,0,0,0,0,0,0,63,196,26,0,85,253,253,253,253,253,253,246,145,22,0,0,0,0,0,0,0,0,0,0,0,0,0,0,146,253,219,208,223,253,253,253,215,199,63,43,0,0,0,0,0,0,0,0,0,0,0,0,0,0,0,0,58,249,253,253,201,99,99,99,30,0,0,0,0,0,0,0,0,0,0,0,0,0,0,0,0,0,0,0,0,0,0,0,0,0,0,0,0,0,0,0,0,0,0,0,0,0,0,0,0,0,0,0,0,0,0,0,0,0,0,0,0,0,0,0,0,0,0,0,0,0,0,0,0,0,0,0,0,0
9,0,0,0,0,0,0,0,0,0,0,0,0,0,0,0,0,0,0,0,0,0,0,0,0,0,0,0,0,0,0,0,0,0,0,0,0,0,0,0,0,0,0,0,0,0,0,0,0,0,0,0,0,0,0,0,0,0,0,0,0,0,0,0,0,0,0,0,0,0,0,0,0,0,0,0,0,0,0,0,0,0,0,0,0,0,0,0,0,0,0,0,0,0,0,0,0,0,0,0,0,0,0,0,0,0,0,0,0,0,0,0,0,0,0,0,0,0,0,0,0,0,0,0,0,0,0,0,0,0,0,0,0,0,0,0,0,0,0,0,0,0,0,0,0,0,0,0,0,0,0,67,199,255,255,143,13,0,0,0,0,0,0,0,0,0,0,0,0,0,0,0,0,0,0,0,0,4,143,237,253,237,238,253,182,15,0,0,0,0,0,0,0,0,0,0,0,0,0,0,0,0,0,0,0,109,253,252,188,25,25,238,253,144,4,5,0,0,0,0,0,0,0,0,0,0,0,0,0,0,0,0,49,243,253,103,0,0,0,62,239,253,210,227,26,0,0,0,0,0,0,0,0,0,0,0,0,0,0,0,82,253,182,15,0,0,0,0,168,253,253,253,43,0,0,0,0,0,0,0,0,0,0,0,0,0,0,2,181,253,97,0,0,0,0,0,115,251,253,251,41,0,0,0,0,0,0,0,0,0,0,0,0,0,0,44,253,253,97,0,0,0,0,0,0,138,253,188,0,0,0,0,0,0,0,0,0,0,0,0,0,0,0,29,232,253,133,0,0,0,0,0,0,181,253,188,0,0,0,0,0,0,0,0,0,0,0,0,0,0,0,0,85,252,249,61,0,0,0,0,62,250,253,192,3,0,0,0,0,0,0,0,0,0,0,0,0,0,0,0,0,135,253,222,155,43,0,0,168,253,253,253,43,0,0,0,0,0,0,0,0,0,0,0,0,0,0,0,0,7,179,253,253,242,200,200,235,253,253,230,27,0,0,0,0,0,0,0,0,0,0,0,0,0,0,0,0,0,3,99,124,146,232,187,253,253,253,244,37,0,0,0,0,0,0,0,0,0,0,0,0,0,0,0,0,0,0,0,0,0,0,48,253,253,253,188,0,0,0,0,0,0,0,0,0,0,0,0,0,0,0,0,0,0,0,0,0,0,0,130,253,253,253,147,0,0,0,0,0,0,0,0,0,0,0,0,0,0,0,0,0,0,0,0,0,0,0,234,253,253,251,72,0,0,0,0,0,0,0,0,0,0,0,0,0,0,0,0,0,0,0,0,0,0,0,238,253,253,226,0,0,0,0,0,0,0,0,0,0,0,0,0,0,0,0,0,0,0,0,0,0,0,0,238,253,253,182,0,0,0,0,0,0,0,0,0,0,0,0,0,0,0,0,0,0,0,0,0,0,0,0,238,253,253,58,0,0,0,0,0,0,0,0,0,0,0,0,0,0,0,0,0,0,0,0,0,0,0,0,238,253,185,3,0,0,0,0,0,0,0,0,0,0,0,0,0,0,0,0,0,0,0,0,0,0,0,0,238,253,156,0,0,0,0,0,0,0,0,0,0,0,0,0,0,0,0,0,0,0,0,0,0,0,0,0,0,0,0,0,0,0,0,0,0,0,0,0,0,0,0,0,0,0,0,0,0,0,0,0,0,0,0,0,0,0,0,0,0,0,0,0,0,0,0,0,0,0,0,0,0,0,0,0,0,0,0,0,0,0,0,0,0,0,0,0,0,0,0,0,0,0,0,0,0,0
0,0,0,0,0,0,0,0,0,0,0,0,0,0,0,0,0,0,0,0,0,0,0,0,0,0,0,0,0,0,0,0,0,0,0,0,0,0,0,0,0,0,0,0,0,0,0,0,0,0,0,0,0,0,0,0,0,0,0,0,0,0,0,0,0,0,0,0,0,0,0,0,0,0,0,0,0,0,0,0,0,0,0,0,0,0,0,0,0,0,0,0,0,0,0,0,0,0,0,0,0,0,0,0,0,0,0,0,0,0,0,0,0,0,0,0,0,0,0,0,0,0,0,0,0,0,0,0,0,0,0,0,0,0,0,0,0,0,0,0,0,0,0,0,0,0,0,0,0,0,0,0,0,0,10,59,217,249,60,32,36,0,0,0,0,0,0,0,0,0,0,0,0,0,0,0,0,0,0,0,0,0,55,253,254,197,20,183,238,193,26,0,0,0,0,0,0,0,0,0,0,0,0,0,0,0,0,0,0,55,247,253,254,253,253,253,253,254,203,0,0,0,0,0,0,0,0,0,0,0,0,0,0,0,0,0,26,210,253,253,254,219,241,253,215,201,233,0,0,0,0,0,0,0,0,0,0,0,0,0,0,0,0,0,118,253,253,215,58,9,71,245,253,231,233,0,0,0,0,0,0,0,0,0,0,0,0,0,0,0,0,59,239,254,207,23,0,0,0,115,254,255,174,0,0,0,0,0,0,0,0,0,0,0,0,0,0,0,0,201,253,216,25,0,0,0,0,21,226,254,53,0,0,0,0,0,0,0,0,0,0,0,0,0,0,0,99,254,247,84,0,0,0,0,0,13,213,235,27,0,0,0,0,0,0,0,0,0,0,0,0,0,0,0,195,254,128,0,0,0,0,0,0,92,253,195,0,0,0,0,0,0,0,0,0,0,0,0,0,0,0,31,239,171,9,0,0,0,0,0,0,136,253,120,0,0,0,0,0,0,0,0,0,0,0,0,0,0,0,137,254,99,0,0,0,0,0,0,0,197,254,76,0,0,0,0,0,0,0,0,0,0,0,0,0,0,0,219,245,15,0,0,0,0,0,0,112,250,207,0,0,0,0,0,0,0,0,0,0,0,0,0,0,0,0,234,155,0,0,0,0,0,0,44,229,253,126,0,0,0,0,0,0,0,0,0,0,0,0,0,0,0,0,234,155,0,0,0,0,0,10,213,253,148,5,0,0,0,0,0,0,0,0,0,0,0,0,0,0,0,61,248,155,0,0,0,0,76,209,253,154,5,0,0,0,0,0,0,0,0,0,0,0,0,0,0,0,0,61,249,254,97,59,59,127,254,255,196,30,0,0,0,0,0,0,0,0,0,0,0,0,0,0,0,0,0,0,189,253,254,253,253,253,253,196,6,0,0,0,0,0,0,0,0,0,0,0,0,0,0,0,0,0,0,0,136,253,108,78,78,240,253,68,0,0,0,0,0,0,0,0,0,0,0,0,0,0,0,0,0,0,0,0,41,229,219,144,234,215,41,0,0,0,0,0,0,0,0,0,0,0,0,0,0,0,0,0,0,0,0,0,0,60,254,253,185,34,0,0,0,0,0,0,0,0,0,0,0,0,0,0,0,0,0,0,0,0,0,0,0,0,0,0,0,0,0,0,0,0,0,0,0,0,0,0,0,0,0,0,0,0,0,0,0,0,0,0,0,0,0,0,0,0,0,0,0,0,0,0,0,0,0,0,0,0,0,0,0,0,0,0,0,0,0,0,0,0,0,0,0,0,0,0,0,0,0,0,0,0,0,0,0,0,0,0
1,0,0,0,0,0,0,0,0,0,0,0,0,0,0,0,0,0,0,0,0,0,0,0,0,0,0,0,0,0,0,0,0,0,0,0,0,0,0,0,0,0,0,0,0,0,0,0,0,0,0,0,0,0,0,0,0,0,0,0,0,0,0,0,0,0,0,0,0,0,0,0,0,0,0,0,0,0,0,0,0,0,0,0,0,0,0,0,0,0,0,0,0,0,0,0,0,0,0,0,0,0,0,0,0,0,0,0,0,0,0,0,0,0,0,0,0,0,0,0,0,0,32,212,253,110,15,0,0,0,0,0,0,0,0,0,0,0,0,0,0,0,0,0,0,0,0,0,0,0,197,252,252,253,77,0,0,0,0,0,0,0,0,0,0,0,0,0,0,0,0,0,0,0,0,0,0,0,217,252,252,253,231,51,0,0,0,0,0,0,0,0,0,0,0,0,0,0,0,0,0,0,0,0,0,0,134,252,252,253,252,71,0,0,0,0,0,0,0,0,0,0,0,0,0,0,0,0,0,0,0,0,0,0,0,181,252,253,252,71,0,0,0,0,0,0,0,0,0,0,0,0,0,0,0,0,0,0,0,0,0,0,0,46,221,253,252,113,0,0,0,0,0,0,0,0,0,0,0,0,0,0,0,0,0,0,0,0,0,0,0,0,144,253,252,221,16,0,0,0,0,0,0,0,0,0,0,0,0,0,0,0,0,0,0,0,0,0,0,0,62,253,252,252,108,0,0,0,0,0,0,0,0,0,0,0,0,0,0,0,0,0,0,0,0,0,0,0,0,255,253,253,108,0,0,0,0,0,0,0,0,0,0,0,0,0,0,0,0,0,0,0,0,0,0,0,0,128,252,252,232,0,0,0,0,0,0,0,0,0,0,0,0,0,0,0,0,0,0,0,0,0,0,0,0,94,247,252,252,0,0,0,0,0,0,0,0,0,0,0,0,0,0,0,0,0,0,0,0,0,0,0,0,0,217,252,252,84,0,0,0,0,0,0,0,0,0,0,0,0,0,0,0,0,0,0,0,0,0,0,0,0,218,253,253,255,35,0,0,0,0,0,0,0,0,0,0,0,0,0,0,0,0,0,0,0,0,0,0,0,93,252,252,253,77,0,0,0,0,0,0,0,0,0,0,0,0,0,0,0,0,0,0,0,0,0,0,0,73,252,252,253,231,51,0,0,0,0,0,0,0,0,0,0,0,0,0,0,0,0,0,0,0,0,0,0,73,252,252,253,252,71,0,0,0,0,0,0,0,0,0,0,0,0,0,0,0,0,0,0,0,0,0,0,73,253,253,255,253,217,0,0,0,0,0,0,0,0,0,0,0,0,0,0,0,0,0,0,0,0,0,0,73,252,252,253,252,215,0,0,0,0,0,0,0,0,0,0,0,0,0,0,0,0,0,0,0,0,0,0,63,241,252,253,252,195,0,0,0,0,0,0,0,0,0,0,0,0,0,0,0,0,0,0,0,0,0,0,0,78,190,253,128,31,0,0,0,0,0,0,0,0,0,0,0,0,0,0,0,0,0,0,0,0,0,0,0,0,0,0,0,0,0,0,0,0,0,0,0,0,0,0,0,0,0,0,0,0,0,0,0,0,0,0,0,0,0,0,0,0,0,0,0,0,0,0,0,0,0,0,0,0,0,0,0,0,0,0,0,0,0,0,0,0,0,0,0,0,0,0,0,0,0,0,0,0,0,0,0,0,0,0,0,0,0,0,0,0,0,0,0,0,0,0,0,0,0,0,0,0,0,0,0,0,0
2,0,0,0,0,0,0,0,0,0,0,0,0,0,0,0,0,0,0,0,0,0,0,0,0,0,0,0,0,0,0,0,0,0,0,0,0,0,0,0,0,0,0,0,0,0,0,0,0,0,0,0,0,0,0,0,0,0,0,0,0,0,0,0,0,0,0,0,0,0,0,0,0,0,0,0,0,0,0,0,0,0,0,0,0,0,0,0,0,0,0,0,0,0,0,0,63,255,253,232,109,0,0,0,0,0,0,0,0,0,0,0,0,0,0,0,0,0,0,0,0,0,0,0,144,253,252,252,252,156,10,0,0,0,0,0,0,0,0,0,0,0,0,0,0,0,0,0,0,0,0,6,160,253,252,252,252,253,190,51,0,0,0,0,0,0,0,0,0,0,0,0,0,0,0,0,0,0,0,37,252,253,252,252,252,253,252,154,1,0,0,0,0,0,0,0,0,0,0,0,0,0,0,0,0,0,0,37,252,253,35,21,205,253,252,252,252,0,0,0,0,0,0,0,0,0,0,0,0,0,0,0,0,0,0,37,252,253,35,0,104,211,252,252,252,156,10,0,0,0,0,0,0,0,0,0,0,0,0,0,0,0,0,11,154,72,10,0,0,31,206,252,252,253,138,0,0,0,0,0,0,0,0,0,0,0,0,0,0,0,0,0,0,0,0,0,0,0,31,211,252,253,179,0,0,0,0,0,0,0,0,0,0,0,0,0,0,0,0,0,0,0,0,0,0,0,0,120,253,255,211,31,0,0,0,0,0,0,0,0,0,0,0,0,0,0,0,0,0,0,0,0,0,0,0,37,252,253,252,71,0,0,0,0,0,0,0,0,0,0,0,0,0,0,0,0,0,0,0,0,0,0,0,37,252,253,241,61,0,0,0,0,0,0,0,0,0,0,42,62,144,0,0,0,0,0,0,0,0,0,0,120,252,253,179,0,0,0,0,0,0,0,0,0,0,0,218,253,253,191,78,0,0,0,0,0,0,0,32,212,253,255,180,0,0,0,0,0,0,0,0,0,0,94,247,252,252,252,242,217,134,0,0,0,0,32,207,252,252,253,200,63,0,0,0,0,0,0,0,0,0,109,252,252,252,252,252,252,252,182,181,78,37,212,252,252,252,253,252,221,16,0,0,0,0,0,0,0,0,109,252,252,252,169,252,252,252,253,252,252,252,253,252,252,252,253,252,231,46,0,0,0,0,0,0,0,0,110,253,253,253,109,150,253,253,255,253,253,253,255,253,253,253,255,253,154,0,0,0,0,0,0,0,0,0,78,242,252,252,252,252,252,252,253,252,252,252,253,252,252,252,180,138,10,0,0,0,0,0,0,0,0,0,0,62,201,252,252,252,252,252,253,220,195,71,72,71,71,71,0,0,0,0,0,0,0,0,0,0,0,0,0,0,78,108,252,210,108,108,108,15,0,0,0,0,0,0,0,0,0,0,0,0,0,0,0,0,0,0,0,0,0,0,0,0,0,0,0,0,0,0,0,0,0,0,0,0,0,0,0,0,0,0,0,0,0,0,0,0,0,0,0,0,0,0,0,0,0,0,0,0,0,0,0,0,0,0,0,0,0,0,0,0,0,0,0,0,0,0,0,0,0,0,0,0,0,0,0,0,0,0,0,0,0,0,0,0,0,0,0,0,0,0,0,0,0,0,0,0,0,0,0,0,0,0,0,0,0,0,0,0,0,0,0,0,0,0,0,0,0,0,0,0,0,0,0,0,0,0,0,0,0,0,0,0,0,0,0,0,0,0,0,0,0,0
2,0,0,0,0,0,0,0,0,0,0,0,0,0,0,0,0,0,0,0,0,0,0,0,0,0,0,0,0,0,0,0,0,0,0,0,0,0,0,0,0,0,0,0,0,0,0,0,0,0,0,0,0,0,0,0,0,0,0,0,0,0,0,0,0,0,0,0,0,0,0,0,0,0,0,0,0,0,0,0,0,0,0,0,0,0,0,0,0,0,0,0,0,0,0,156,193,147,147,140,14,0,0,0,0,0,0,0,0,0,0,0,0,0,0,0,0,0,0,0,0,0,0,190,254,254,254,254,210,185,175,77,15,0,0,0,0,0,0,0,0,0,0,0,0,0,0,0,0,0,0,24,83,140,177,249,253,252,254,254,99,3,0,0,0,0,0,0,0,0,0,0,0,0,0,0,0,0,0,0,0,0,0,0,66,59,112,221,254,119,0,0,0,0,0,0,0,0,0,0,0,0,0,0,0,0,0,0,0,0,0,0,0,0,0,60,254,119,0,0,0,0,0,0,0,0,0,0,0,0,0,0,0,0,0,0,0,0,0,0,0,0,15,198,254,119,0,0,0,0,0,0,0,0,0,0,0,0,0,0,0,0,0,0,0,0,0,0,0,79,207,254,254,165,0,0,0,0,0,0,0,0,0,0,0,0,0,0,0,0,0,0,0,0,0,0,80,242,254,254,254,119,0,0,0,0,0,0,0,0,0,0,0,0,0,0,0,0,0,0,0,0,0,16,208,254,254,251,109,10,0,0,0,0,0,0,0,0,0,0,0,0,0,0,0,0,0,0,0,0,0,195,254,235,108,107,0,0,0,0,0,0,0,0,0,0,0,0,0,0,0,0,0,0,0,0,0,18,129,250,254,162,0,0,0,0,0,0,0,0,0,0,0,0,0,0,0,0,0,0,0,0,0,0,71,201,254,254,241,102,0,0,0,0,0,0,0,0,0,0,0,0,0,0,0,0,0,0,0,0,0,45,234,254,254,254,92,0,0,0,0,0,0,0,0,0,0,0,0,0,0,0,0,0,0,0,0,3,117,242,254,254,254,65,18,0,0,0,0,0,0,0,0,0,0,0,0,0,0,0,0,0,0,0,9,171,254,254,253,206,35,1,0,0,0,0,0,0,0,0,0,0,0,0,0,0,0,0,0,0,0,38,168,255,254,254,246,87,174,75,66,66,75,103,13,0,17,11,0,0,0,0,0,0,0,0,0,0,0,147,254,254,254,254,254,254,254,254,254,254,254,254,220,212,223,128,2,0,0,0,0,0,0,0,0,0,0,147,254,254,254,254,254,254,254,238,222,234,252,229,254,254,254,254,236,42,0,0,0,0,0,0,0,0,0,117,254,253,196,232,184,117,76,39,0,28,69,18,76,76,104,212,254,76,0,0,0,0,0,0,0,0,0,6,38,37,7,26,0,0,0,0,0,0,0,0,0,0,0,16,144,120,63,0,0,0,0,0,0,0,0,0,0,0,0,0,0,0,0,0,0,0,0,0,0,0,0,0,0,0,0,0,0,0,0,0,0,0,0,0,0,0,0,0,0,0,0,0,0,0,0,0,0,0,0,0,0,0,0,0,0,0,0,0,0,0,0,0,0,0,0,0,0,0,0,0,0,0,0,0,0,0,0,0,0,0,0,0,0,0,0,0,0,0,0,0,0,0,0,0,0,0,0,0,0,0,0,0,0,0,0,0,0,0,0,0,0,0,0,0,0,0,0,0,0,0,0,0,0,0,0,0,0,0,0,0,0,0,0,0,0,0,0,0,0
0,0,0,0,0,0,0,0,0,0,0,0,0,0,0,0,0,0,0,0,0,0,0,0,0,0,0,0,0,0,0,0,0,0,0,0,0,0,0,0,0,0,0,0,0,0,0,0,0,0,0,0,0,0,0,0,0,0,0,0,0,0,0,0,0,0,0,0,0,0,0,0,0,0,0,0,0,0,0,0,0,0,0,0,0,0,0,0,0,0,0,0,0,0,0,0,0,0,0,0,0,0,0,0,0,0,0,0,0,0,0,0,0,0,0,0,0,0,0,0,0,0,0,0,0,0,0,0,0,0,0,84,96,195,96,48,0,0,0,0,0,0,0,0,0,0,0,0,0,0,0,0,0,0,0,20,191,190,190,244,251,253,251,220,142,0,0,0,0,0,0,0,0,0,0,0,0,0,0,0,0,0,112,205,253,251,251,251,251,253,251,251,220,48,0,0,0,0,0,0,0,0,0,0,0,0,0,0,68,221,248,251,253,251,251,251,251,253,251,251,235,70,0,0,0,0,0,0,0,0,0,0,0,0,0,60,228,251,251,251,253,251,251,251,251,253,251,172,70,0,0,0,0,0,0,0,0,0,0,0,0,0,60,255,253,253,253,253,100,0,0,64,253,255,253,126,0,0,0,0,0,0,0,0,0,0,0,0,0,8,170,253,251,251,251,251,131,8,0,56,240,253,251,141,4,0,0,0,0,0,0,0,0,0,0,0,64,158,251,253,251,251,251,251,126,31,0,0,79,253,251,251,31,0,0,0,0,0,0,0,0,0,0,8,158,251,251,253,184,31,31,31,0,0,0,0,0,253,251,251,31,0,0,0,0,0,0,0,0,0,0,131,251,251,251,253,62,0,0,0,0,0,0,0,0,253,251,251,129,0,0,0,0,0,0,0,0,0,36,214,253,253,253,100,0,0,0,0,0,0,0,0,0,195,253,253,189,0,0,0,0,0,0,0,0,0,115,251,251,251,132,0,0,0,0,0,0,0,0,0,0,214,251,251,69,0,0,0,0,0,0,0,0,0,253,251,251,251,94,0,0,0,0,0,0,0,0,0,80,253,251,251,31,0,0,0,0,0,0,0,0,0,253,251,251,196,12,0,0,0,0,0,0,0,0,16,181,253,251,219,23,0,0,0,0,0,0,0,0,0,253,251,251,188,0,0,0,0,0,0,0,0,0,162,251,253,251,126,0,0,0,0,0,0,0,0,0,0,255,253,253,189,0,0,0,0,0,0,0,92,253,253,253,219,138,0,0,0,0,0,0,0,0,0,0,0,233,251,251,236,190,32,32,112,91,190,191,236,251,251,231,138,0,0,0,0,0,0,0,0,0,0,0,0,96,251,251,251,251,253,251,251,251,251,253,251,251,219,47,0,0,0,0,0,0,0,0,0,0,0,0,0,12,149,220,251,251,253,251,251,251,251,253,223,31,23,0,0,0,0,0,0,0,0,0,0,0,0,0,0,0,0,48,232,251,253,251,251,251,251,95,82,0,0,0,0,0,0,0,0,0,0,0,0,0,0,0,0,0,0,0,0,0,0,0,0,0,0,0,0,0,0,0,0,0,0,0,0,0,0,0,0,0,0,0,0,0,0,0,0,0,0,0,0,0,0,0,0,0,0,0,0,0,0,0,0,0,0,0,0,0,0,0,0,0,0,0,0,0,0,0,0,0,0,0,0,0,0,0,0,0,0,0,0,0,0,0,0,0,0,0,0,0,0,0,0,0,0,0,0,0,0,0,0,0,0,0,0,0,0,0,0,0,0,0
8,0,0,0,0,0,0,0,0,0,0,0,0,0,0,0,0,0,0,0,0,0,0,0,0,0,0,0,0,0,0,0,0,0,0,0,0,0,0,0,0,0,0,0,0,0,0,0,0,0,0,0,0,0,0,0,0,0,0,0,0,0,0,0,0,0,0,0,0,0,0,0,0,0,0,0,0,0,0,0,0,0,0,0,0,0,0,0,0,0,0,0,0,0,0,0,0,0,0,0,0,0,0,0,0,0,0,0,0,0,0,0,0,0,0,0,0,0,0,0,0,0,0,0,0,0,0,0,0,0,0,0,0,0,0,0,0,0,0,0,0,0,0,0,0,0,0,0,0,0,0,0,0,0,0,0,0,0,0,0,0,0,0,0,0,0,0,0,0,0,0,0,0,0,0,0,0,0,0,0,0,0,32,19,45,57,0,0,0,0,0,0,0,0,0,0,0,0,0,0,0,0,0,0,0,0,0,19,85,134,229,215,240,252,198,197,197,59,0,0,0,0,0,0,0,0,0,0,0,0,0,0,38,113,226,231,252,252,253,252,252,252,253,252,252,190,0,0,0,0,0,0,0,0,0,0,0,0,92,253,253,253,255,253,253,253,254,253,253,253,254,253,253,241,16,104,141,141,0,0,0,0,0,0,0,0,216,252,252,252,253,252,252,252,247,196,196,196,197,196,240,215,216,252,252,252,0,0,0,0,0,0,0,0,253,252,252,252,253,252,252,177,50,0,0,0,0,82,240,252,253,252,224,118,0,0,0,0,0,0,0,0,203,252,252,252,253,252,252,228,114,38,0,0,176,243,252,252,253,151,19,0,0,0,0,0,0,0,0,0,0,101,235,253,254,253,253,253,254,253,165,241,254,253,253,253,163,38,0,0,0,0,0,0,0,0,0,0,0,0,28,133,253,252,252,252,253,252,252,252,253,252,233,96,0,0,0,0,0,0,0,0,0,0,0,0,0,0,0,0,69,168,196,252,253,252,252,252,253,252,234,59,0,0,0,0,0,0,0,0,0,0,0,0,0,0,0,0,0,0,47,240,253,252,252,252,253,252,252,240,51,0,0,0,0,0,0,0,0,0,0,0,0,0,0,0,0,7,154,253,254,253,253,228,226,244,253,253,226,0,0,0,0,0,0,0,0,0,0,0,0,0,0,0,0,131,252,252,253,252,196,35,57,187,252,252,200,0,0,0,0,0,0,0,0,0,0,0,0,0,0,0,10,197,252,252,253,252,234,222,253,252,252,252,113,0,0,0,0,0,0,0,0,0,0,0,0,0,0,0,128,252,252,252,253,252,252,252,253,252,252,252,13,0,0,0,0,0,0,0,0,0,0,0,0,0,0,0,29,253,253,253,254,253,253,253,254,247,225,125,0,0,0,0,0,0,0,0,0,0,0,0,0,0,0,0,10,196,252,252,253,252,252,202,84,65,0,0,0,0,0,0,0,0,0,0,0,0,0,0,0,0,0,0,0,38,56,56,56,56,56,6,0,0,0,0,0,0,0,0,0,0,0,0,0,0,0,0,0,0,0,0,0,0,0,0,0,0,0,0,0,0,0,0,0,0,0,0,0,0,0,0,0,0,0,0,0,0,0,0,0,0,0,0,0,0,0,0,0,0,0,0,0,0,0,0,0,0,0,0,0,0,0,0,0,0,0,0,0,0,0,0,0,0,0,0,0,0,0,0,0,0,0,0,0,0,0,0,0,0,0,0,0,0,0,0,0,0,0,0,0,0,0,0,0,0,0,0,0,0,0,0,0,0,0
9,0,0,0,0,0,0,0,0,0,0,0,0,0,0,0,0,0,0,0,0,0,0,0,0,0,0,0,0,0,0,0,0,0,0,0,0,0,0,0,0,0,0,0,0,0,0,0,0,0,0,0,0,0,0,0,0,0,0,0,0,0,0,0,0,0,0,0,0,0,0,0,0,0,0,0,0,0,0,0,0,0,0,0,0,0,0,0,0,0,0,0,0,0,0,0,0,0,0,0,0,0,0,0,0,0,0,0,0,0,0,0,0,0,0,0,0,0,0,0,0,0,0,0,0,0,0,0,0,0,0,0,0,0,0,0,0,0,0,0,0,0,0,0,0,0,0,0,0,0,0,0,0,0,0,0,0,0,0,0,0,0,0,0,0,0,0,0,0,0,0,0,0,0,0,0,0,0,6,130,240,254,230,170,34,0,0,0,0,0,0,0,0,0,0,0,0,0,0,0,0,0,0,0,0,10,121,254,213,142,192,245,246,56,0,0,0,0,0,0,0,0,0,0,0,0,0,0,0,0,0,0,0,120,255,173,9,0,0,68,242,245,41,0,0,0,0,0,0,0,0,0,0,0,0,0,0,0,0,0,16,233,221,8,0,0,0,0,69,242,216,119,0,0,0,0,0,0,0,0,0,0,0,0,0,0,0,0,64,254,110,0,0,0,0,0,0,157,254,254,0,0,0,0,0,0,0,0,0,0,0,0,0,0,0,0,119,250,25,0,0,0,0,0,0,128,254,200,0,0,0,0,0,0,0,0,0,0,0,0,0,0,0,0,203,174,0,0,0,0,0,0,0,128,254,174,0,0,0,0,0,0,0,0,0,0,0,0,0,0,0,0,183,189,15,0,0,0,0,0,0,128,254,110,0,0,0,0,0,0,0,0,0,0,0,0,0,0,0,0,58,250,203,81,0,0,0,0,0,128,254,95,9,126,0,0,0,0,0,0,0,0,0,0,0,0,0,0,0,115,254,237,80,0,0,0,0,128,254,144,215,147,0,0,0,0,0,0,0,0,0,0,0,0,0,0,0,0,110,226,254,140,21,15,2,210,254,254,209,20,0,0,0,0,0,0,0,0,0,0,0,0,0,0,0,0,0,28,118,240,254,251,199,254,254,199,20,0,0,0,0,0,0,0,0,0,0,0,0,0,0,0,0,0,0,0,0,27,122,128,127,230,254,16,0,0,0,0,0,0,0,0,0,0,0,0,0,0,0,0,0,0,0,0,0,0,0,0,0,207,238,12,0,0,0,0,0,0,0,0,0,0,0,0,0,0,0,0,0,0,0,0,0,0,0,0,0,207,190,0,0,0,0,0,0,0,0,0,0,0,0,0,0,0,0,0,0,0,0,0,0,0,0,0,62,254,107,0,0,0,0,0,0,0,0,0,0,0,0,0,0,0,0,0,0,0,0,0,0,0,0,0,171,254,32,0,0,0,0,0,0,0,0,0,0,0,0,0,0,0,0,0,0,0,0,0,0,0,0,8,222,230,16,0,0,0,0,0,0,0,0,0,0,0,0,0,0,0,0,0,0,0,0,0,0,0,0,61,254,117,0,0,0,0,0,0,0,0,0,0,0,0,0,0,0,0,0,0,0,0,0,0,0,0,0,71,244,33,0,0,0,0,0,0,0,0,0,0,0,0,0,0,0,0,0,0,0,0,0,0,0,0,0,0,0,0,0,0,0,0,0,0,0,0,0,0,0,0,0,0,0,0,0,0,0,0,0,0,0,0,0,0,0,0,0,0,0,0,0,0,0,0,0,0,0
9,0,0,0,0,0,0,0,0,0,0,0,0,0,0,0,0,0,0,0,0,0,0,0,0,0,0,0,0,0,0,0,0,0,0,0,0,0,0,0,0,0,0,0,0,0,0,0,0,0,0,0,0,0,0,0,0,0,0,0,0,0,0,0,0,0,0,0,0,0,0,0,0,0,0,0,0,0,0,0,0,0,0,0,0,0,0,0,0,0,0,0,0,0,0,0,0,0,0,0,0,0,0,0,0,0,0,0,0,0,0,0,0,0,0,0,0,0,0,0,0,0,0,0,0,0,0,0,0,0,0,0,0,0,0,0,0,0,0,0,0,0,0,0,0,0,0,0,0,0,0,0,0,0,0,0,0,0,0,0,0,0,0,0,0,0,0,0,0,0,0,0,0,0,0,0,0,0,0,0,0,0,0,0,0,0,0,0,0,0,0,0,0,0,0,0,0,0,0,0,0,0,0,0,0,0,0,0,0,0,41,88,234,255,254,156,0,0,0,0,0,0,0,0,0,0,0,0,0,0,0,0,0,0,0,0,0,0,219,254,254,254,254,250,106,0,0,0,0,0,0,0,0,0,0,0,0,0,0,0,0,0,0,0,0,181,250,254,254,254,254,254,111,0,0,0,0,0,0,0,0,0,0,0,0,0,0,0,0,0,0,0,0,237,247,102,40,162,254,254,111,0,0,0,0,0,0,0,0,0,0,0,0,0,0,0,0,0,0,0,40,244,177,0,2,189,254,254,111,0,0,0,0,0,0,0,0,0,0,0,0,0,0,0,0,0,0,0,161,254,242,40,121,254,254,254,142,0,0,0,0,0,0,0,0,0,0,0,0,0,0,0,0,0,0,0,131,254,254,254,254,254,254,254,111,0,0,0,0,0,0,0,0,0,0,0,0,0,0,0,0,0,0,0,27,243,254,254,254,254,254,254,111,0,0,0,0,0,0,0,0,0,0,0,0,0,0,0,0,0,0,0,0,120,195,236,100,229,254,215,15,0,0,0,0,0,0,0,0,0,0,0,0,0,0,0,0,0,0,0,0,0,0,22,143,254,254,93,0,0,0,0,0,0,0,0,0,0,0,0,0,0,0,0,0,0,0,0,0,0,0,80,244,254,176,2,0,0,0,0,0,0,0,0,0,0,0,0,0,0,0,0,0,0,0,0,0,0,16,213,254,245,49,0,0,0,0,0,0,0,0,0,0,0,0,0,0,0,0,0,0,0,0,0,0,22,234,254,252,95,0,0,0,0,0,0,0,0,0,0,0,0,0,0,0,0,0,0,0,0,0,0,0,177,254,254,87,0,0,0,0,0,0,0,0,0,0,0,0,0,0,0,0,0,0,0,0,0,0,0,148,253,218,39,2,0,0,0,0,0,0,0,0,0,0,0,0,0,0,0,0,0,0,0,0,0,2,114,253,241,64,0,0,0,0,0,0,0,0,0,0,0,0,0,0,0,0,0,0,0,0,0,0,0,69,254,254,74,0,0,0,0,0,0,0,0,0,0,0,0,0,0,0,0,0,0,0,0,0,0,0,19,241,254,145,4,0,0,0,0,0,0,0,0,0,0,0,0,0,0,0,0,0,0,0,0,0,0,0,95,254,153,1,0,0,0,0,0,0,0,0,0,0,0,0,0,0,0,0,0,0,0,0,0,0,0,0,169,216,24,0,0,0,0,0,0,0,0,0,0,0,0,0,0,0,0,0,0,0,0,0,0,0,0,0,0,0,0,0,0,0,0,0,0,0,0,0,0,0,0,0,0,0,0,0
0,0,0,0,0,0,0,0,0,0,0,0,0,0,0,0,0,0,0,0,0,0,0,0,0,0,0,0,0,0,0,0,0,0,0,0,0,0,0,0,0,0,0,0,0,0,0,0,0,0,0,0,0,0,0,0,0,0,0,0,0,0,0,0,0,0,0,0,0,0,0,0,0,0,0,0,0,0,0,0,0,0,0,0,0,0,0,0,0,0,0,0,0,0,0,0,0,0,0,0,0,0,0,0,0,0,0,0,0,0,0,0,0,0,0,0,0,0,0,0,0,0,0,0,0,0,11,82,255,176,88,0,0,0,0,0,0,0,0,0,0,0,0,0,0,0,0,0,0,0,0,0,0,0,107,252,253,252,222,113,0,0,0,0,0,0,0,0,0,0,0,0,0,0,0,0,0,0,0,0,48,166,241,252,253,252,252,230,0,0,0,0,0,0,0,0,0,0,0,0,0,0,0,0,0,0,0,0,131,252,252,252,169,73,172,230,0,0,0,0,0,0,0,0,0,0,0,0,0,0,0,0,0,0,0,20,236,252,252,156,0,0,100,235,20,0,0,0,0,0,0,0,0,0,0,0,0,0,0,0,0,0,0,175,252,252,192,7,0,0,65,249,193,19,0,0,0,0,0,0,0,0,0,0,0,0,0,0,0,0,27,224,252,226,44,0,0,0,0,238,252,55,0,0,0,0,0,0,0,0,0,0,0,0,0,0,0,0,75,252,250,82,0,0,0,0,0,132,252,122,0,0,0,0,0,0,0,0,0,0,0,0,0,0,0,7,192,252,208,0,0,0,0,0,0,99,252,191,7,0,0,0,0,0,0,0,0,0,0,0,0,0,0,23,252,252,84,0,0,0,0,0,0,23,252,252,21,0,0,0,0,0,0,0,0,0,0,0,0,0,0,133,253,242,19,0,0,0,0,0,0,23,253,253,22,0,0,0,0,0,0,0,0,0,0,0,0,0,0,132,252,164,0,0,0,0,0,0,0,52,252,252,21,0,0,0,0,0,0,0,0,0,0,0,0,0,0,132,252,164,0,0,0,0,0,0,0,132,252,218,13,0,0,0,0,0,0,0,0,0,0,0,0,0,0,132,252,172,2,0,0,0,0,0,0,190,252,164,0,0,0,0,0,0,0,0,0,0,0,0,0,0,0,61,252,252,46,0,0,0,0,0,66,249,252,164,0,0,0,0,0,0,0,0,0,0,0,0,0,0,0,15,222,252,226,78,0,0,0,0,137,252,252,78,0,0,0,0,0,0,0,0,0,0,0,0,0,0,0,0,65,252,252,239,198,122,122,198,249,242,131,29,0,0,0,0,0,0,0,0,0,0,0,0,0,0,0,0,46,224,252,252,252,252,253,252,252,230,0,0,0,0,0,0,0,0,0,0,0,0,0,0,0,0,0,0,0,23,169,219,252,252,253,252,252,196,0,0,0,0,0,0,0,0,0,0,0,0,0,0,0,0,0,0,0,0,2,38,224,252,253,175,190,20,0,0,0,0,0,0,0,0,0,0,0,0,0,0,0,0,0,0,0,0,0,0,0,0,0,0,0,0,0,0,0,0,0,0,0,0,0,0,0,0,0,0,0,0,0,0,0,0,0,0,0,0,0,0,0,0,0,0,0,0,0,0,0,0,0,0,0,0,0,0,0,0,0,0,0,0,0,0,0,0,0,0,0,0,0,0,0,0,0,0,0,0,0,0,0,0,0,0,0,0,0,0,0,0,0,0,0,0,0,0,0,0,0,0,0,0,0,0,0,0,0
2,0,0,0,0,0,0,0,0,0,0,0,0,0,0,0,0,0,0,0,0,0,0,0,0,0,0,0,0,0,0,0,0,0,0,0,0,0,0,0,0,0,0,0,0,0,0,0,0,0,0,0,0,0,0,0,0,0,0,0,0,0,0,0,0,0,0,0,0,0,0,0,0,0,0,0,0,0,0,0,0,0,0,0,0,0,0,0,0,0,0,0,0,0,0,0,0,0,0,0,0,0,0,0,0,0,0,0,0,0,0,0,0,0,0,0,0,0,0,0,0,0,0,0,26,113,113,255,253,253,253,253,63,0,0,0,0,0,0,0,0,0,0,0,0,0,0,0,0,0,0,76,231,252,252,253,252,252,252,252,241,149,0,0,0,0,0,0,0,0,0,0,0,0,0,0,0,0,0,66,239,252,252,253,201,195,202,252,253,233,43,0,0,0,0,0,0,0,0,0,0,0,0,0,0,0,0,0,66,84,84,84,9,0,29,252,253,252,55,0,0,0,0,0,0,0,0,0,0,0,0,0,0,0,0,0,0,0,0,0,0,0,13,189,253,252,55,0,0,0,0,0,0,0,0,0,0,0,0,0,0,0,0,0,0,0,0,0,0,0,92,253,255,253,56,0,0,0,0,0,0,0,0,0,0,0,0,0,0,0,0,0,0,0,0,0,0,98,243,252,253,129,6,0,0,0,0,0,0,0,0,0,0,0,0,0,0,0,0,0,0,0,0,0,67,240,252,252,165,6,0,0,0,0,0,0,0,0,0,0,0,0,0,0,0,0,0,0,0,0,0,76,196,252,252,252,126,0,0,0,0,0,0,0,0,0,0,0,0,0,0,0,0,0,0,0,0,0,0,191,252,252,252,173,0,0,0,0,0,0,0,0,0,0,0,0,0,0,0,0,0,0,0,0,0,13,191,255,253,253,162,0,0,0,0,0,0,0,0,0,0,0,0,0,0,0,0,0,0,0,0,0,0,76,252,253,252,154,9,0,0,0,0,0,0,0,0,0,0,0,0,0,0,0,0,0,0,0,0,0,76,234,252,253,154,12,0,0,0,0,0,0,0,0,0,0,0,0,0,0,0,0,0,0,0,0,13,29,203,252,252,178,9,0,0,0,0,0,0,0,0,0,0,0,0,0,0,0,0,0,0,0,0,0,113,252,252,252,252,63,0,0,0,0,0,0,0,0,0,0,0,0,0,0,0,0,0,0,0,0,13,113,255,253,253,240,63,0,0,89,113,113,141,0,0,0,0,0,0,0,0,0,0,0,0,0,0,0,76,252,253,252,252,233,85,147,225,246,242,167,94,0,0,0,0,0,0,0,0,0,0,0,0,0,0,45,234,252,253,252,252,252,252,253,233,195,96,0,0,0,0,0,0,0,0,0,0,0,0,0,0,0,0,19,177,223,253,252,252,249,223,225,71,0,0,0,0,0,0,0,0,0,0,0,0,0,0,0,0,0,0,0,0,0,112,112,189,99,0,0,0,0,0,0,0,0,0,0,0,0,0,0,0,0,0,0,0,0,0,0,0,0,0,0,0,0,0,0,0,0,0,0,0,0,0,0,0,0,0,0,0,0,0,0,0,0,0,0,0,0,0,0,0,0,0,0,0,0,0,0,0,0,0,0,0,0,0,0,0,0,0,0,0,0,0,0,0,0,0,0,0,0,0,0,0,0,0,0,0,0,0,0,0,0,0,0,0,0,0,0,0,0,0,0,0,0,0,0,0,0,0,0,0,0,0,0,0,0,0,0,0,0,0,0,0
5,0,0,0,0,0,0,0,0,0,0,0,0,0,0,0,0,0,0,0,0,0,0,0,0,0,0,0,0,0,0,0,0,0,0,0,0,0,0,0,0,0,0,0,0,0,0,0,0,0,0,0,0,0,0,0,0,0,0,0,0,0,0,0,0,0,0,0,0,0,0,0,0,0,0,0,0,0,0,0,0,0,0,0,0,0,0,0,0,0,0,0,0,0,0,0,0,0,0,0,0,0,0,0,0,0,0,0,0,0,0,0,0,0,0,0,0,0,0,0,0,0,0,0,0,0,0,0,0,0,0,0,0,0,0,0,0,0,0,0,0,0,0,0,0,0,0,0,0,0,0,128,255,255,255,255,255,255,255,255,255,128,0,0,0,0,0,0,0,0,0,0,0,0,0,0,0,0,191,255,255,255,255,255,255,255,255,255,255,255,64,0,0,0,0,0,0,0,0,0,0,0,0,0,0,0,255,255,255,255,255,255,255,255,255,255,255,255,128,0,0,0,0,0,0,0,0,0,0,0,0,0,0,0,255,255,255,255,255,255,255,255,255,255,255,255,0,0,0,0,0,0,0,0,0,0,0,0,0,0,0,0,255,255,255,255,64,128,128,255,255,255,255,255,0,0,0,0,0,0,0,0,0,0,0,0,0,0,0,0,191,255,255,191,0,0,0,0,0,64,128,64,0,0,0,0,0,0,0,0,0,0,0,0,0,0,0,0,128,255,255,255,128,128,128,128,0,0,0,0,0,0,0,0,0,0,0,0,0,0,0,0,0,0,0,0,0,255,255,255,255,255,255,255,255,128,0,0,0,0,0,0,0,0,0,0,0,0,0,0,0,0,0,0,0,255,255,255,255,255,255,255,255,255,191,0,0,0,0,0,0,0,0,0,0,0,0,0,0,0,0,0,0,255,255,255,255,255,255,255,255,255,255,191,0,0,0,0,0,0,0,0,0,0,0,0,0,0,0,0,0,128,255,255,255,255,255,255,255,255,255,255,0,0,0,0,0,0,0,0,0,0,0,0,0,0,0,0,0,0,128,128,64,0,0,64,191,255,255,255,191,0,0,0,0,0,0,0,0,0,0,0,0,0,0,0,0,0,0,0,0,0,0,0,0,191,255,255,255,0,0,0,0,0,0,0,0,0,0,0,0,64,64,0,0,0,0,0,0,0,0,0,0,0,255,255,255,0,0,0,0,0,0,0,0,0,0,0,64,255,255,255,128,64,0,0,0,0,0,0,0,64,255,255,255,0,0,0,0,0,0,0,0,0,0,0,0,255,255,255,255,255,255,128,64,0,0,0,128,255,255,255,128,0,0,0,0,0,0,0,0,0,0,0,0,64,191,255,255,255,255,255,255,255,255,255,255,255,255,255,0,0,0,0,0,0,0,0,0,0,0,0,0,0,64,191,255,255,255,255,255,255,255,255,255,255,255,191,0,0,0,0,0,0,0,0,0,0,0,0,0,0,0,0,128,255,255,255,255,255,255,255,255,255,64,0,0,0,0,0,0,0,0,0,0,0,0,0,0,0,0,0,0,0,64,128,255,255,255,255,128,64,0,0,0,0,0,0,0,0,0,0,0,0,0,0,0,0,0,0,0,0,0,0,0,0,0,0,0,0,0,0,0,0,0,0,0,0,0,0,0,0,0,0,0,0,0,0,0,0,0,0,0,0,0,0,0,0,0,0,0,0,0,0,0,0,0,0,0,0,0,0,0,0,0,0,0,0,0,0,0,0,0,0,0,0,0,0,0,0,0,0,0,0,0
1,0,0,0,0,0,0,0,0,0,0,0,0,0,0,0,0,0,0,0,0,0,0,0,0,0,0,0,0,0,0,0,0,0,0,0,0,0,0,0,0,0,0,0,0,0,0,0,0,0,0,0,0,0,0,0,0,0,0,0,0,0,0,0,0,0,0,0,0,0,0,0,0,0,0,0,0,0,0,0,0,0,0,0,0,0,0,0,0,0,0,0,0,0,0,0,0,0,0,0,0,0,0,0,0,0,0,0,0,0,0,0,0,0,0,0,0,0,0,0,0,0,0,0,0,0,0,0,0,0,0,0,0,0,0,0,0,0,0,0,0,0,0,0,0,0,0,0,0,0,0,0,145,255,98,0,0,0,0,0,0,0,0,0,0,0,0,0,0,0,0,0,0,0,0,0,0,0,0,73,237,253,179,0,0,0,0,0,0,0,0,0,0,0,0,0,0,0,0,0,0,0,0,0,0,0,0,72,236,253,179,0,0,0,0,0,0,0,0,0,0,0,0,0,0,0,0,0,0,0,0,0,0,0,0,0,62,253,221,41,0,0,0,0,0,0,0,0,0,0,0,0,0,0,0,0,0,0,0,0,0,0,0,0,0,253,252,71,0,0,0,0,0,0,0,0,0,0,0,0,0,0,0,0,0,0,0,0,0,0,0,0,0,253,252,195,0,0,0,0,0,0,0,0,0,0,0,0,0,0,0,0,0,0,0,0,0,0,0,0,0,253,252,241,78,0,0,0,0,0,0,0,0,0,0,0,0,0,0,0,0,0,0,0,0,0,0,0,0,253,252,252,108,0,0,0,0,0,0,0,0,0,0,0,0,0,0,0,0,0,0,0,0,0,0,0,0,110,253,253,108,0,0,0,0,0,0,0,0,0,0,0,0,0,0,0,0,0,0,0,0,0,0,0,0,109,252,252,108,0,0,0,0,0,0,0,0,0,0,0,0,0,0,0,0,0,0,0,0,0,0,0,0,31,227,252,128,0,0,0,0,0,0,0,0,0,0,0,0,0,0,0,0,0,0,0,0,0,0,0,0,0,217,252,252,0,0,0,0,0,0,0,0,0,0,0,0,0,0,0,0,0,0,0,0,0,0,0,0,0,73,253,253,63,0,0,0,0,0,0,0,0,0,0,0,0,0,0,0,0,0,0,0,0,0,0,0,0,73,252,252,144,0,0,0,0,0,0,0,0,0,0,0,0,0,0,0,0,0,0,0,0,0,0,0,0,73,252,252,144,0,0,0,0,0,0,0,0,0,0,0,0,0,0,0,0,0,0,0,0,0,0,0,0,73,252,252,144,0,0,0,0,0,0,0,0,0,0,0,0,0,0,0,0,0,0,0,0,0,0,0,0,42,222,253,255,35,0,0,0,0,0,0,0,0,0,0,0,0,0,0,0,0,0,0,0,0,0,0,0,0,139,252,253,35,0,0,0,0,0,0,0,0,0,0,0,0,0,0,0,0,0,0,0,0,0,0,0,0,37,252,253,35,0,0,0,0,0,0,0,0,0,0,0,0,0,0,0,0,0,0,0,0,0,0,0,0,16,190,108,15,0,0,0,0,0,0,0,0,0,0,0,0,0,0,0,0,0,0,0,0,0,0,0,0,0,0,0,0,0,0,0,0,0,0,0,0,0,0,0,0,0,0,0,0,0,0,0,0,0,0,0,0,0,0,0,0,0,0,0,0,0,0,0,0,0,0,0,0,0,0,0,0,0,0,0,0,0,0,0,0,0,0,0,0,0,0,0,0,0,0,0,0,0,0
9,0,0,0,0,0,0,0,0,0,0,0,0,0,0,0,0,0,0,0,0,0,0,0,0,0,0,0,0,0,0,0,0,0,0,0,0,0,0,0,0,0,0,0,0,0,0,0,0,0,0,0,0,0,0,0,0,0,0,0,0,0,0,0,0,0,0,0,0,0,0,0,0,0,0,0,0,0,0,0,0,0,0,0,0,0,0,0,0,0,0,0,0,0,0,0,0,0,0,0,0,0,0,0,0,0,0,0,0,0,0,0,0,0,0,0,0,0,0,0,0,0,0,0,0,0,0,0,0,0,0,0,0,0,0,0,0,0,0,0,0,0,0,0,0,0,0,0,0,0,0,0,0,0,0,0,0,0,0,0,0,0,0,0,0,0,0,0,0,0,0,0,0,0,0,0,0,0,0,0,0,0,38,115,217,156,48,0,0,0,0,0,0,0,0,0,0,0,0,0,0,0,0,0,0,0,0,0,30,140,233,254,254,254,246,44,0,0,0,0,0,0,0,0,0,0,0,0,0,0,0,0,0,0,0,28,236,254,254,199,108,152,252,182,0,0,0,0,0,0,0,0,0,0,0,0,0,0,0,0,0,0,28,240,254,229,68,3,0,0,172,229,14,0,0,0,0,0,0,0,0,0,0,0,0,0,0,0,0,0,139,254,183,30,0,0,8,107,208,254,38,0,0,0,0,0,0,0,0,0,0,0,0,0,0,0,0,0,204,247,11,0,0,0,130,254,254,202,6,0,0,0,0,0,0,0,0,0,0,0,0,0,0,0,0,12,227,171,0,0,0,18,234,254,254,113,0,0,0,0,0,0,0,0,0,0,0,0,0,0,0,0,0,0,216,102,0,0,10,189,254,254,252,54,0,0,0,0,0,0,0,0,0,0,0,0,0,0,0,0,0,0,199,209,0,12,138,254,254,254,198,0,0,0,0,0,0,0,0,0,0,0,0,0,0,0,0,0,0,0,93,253,231,236,254,247,191,254,161,0,0,0,0,0,0,0,0,0,0,0,0,0,0,0,0,0,0,0,0,172,255,254,247,118,131,255,131,0,0,0,0,0,0,0,0,0,0,0,0,0,0,0,0,0,0,0,0,2,63,130,44,0,200,254,85,0,0,0,0,0,0,0,0,0,0,0,0,0,0,0,0,0,0,0,0,0,0,0,0,0,200,254,85,0,0,0,0,0,0,0,0,0,0,0,0,0,0,0,0,0,0,0,0,0,0,0,0,9,220,254,85,0,0,0,0,0,0,0,0,0,0,0,0,0,0,0,0,0,0,0,0,0,0,0,0,35,254,254,85,0,0,0,0,0,0,0,0,0,0,0,0,0,0,0,0,0,0,0,0,0,0,0,0,101,254,254,19,0,0,0,0,0,0,0,0,0,0,0,0,0,0,0,0,0,0,0,0,0,0,0,0,54,254,254,7,0,0,0,0,0,0,0,0,0,0,0,0,0,0,0,0,0,0,0,0,0,0,0,0,101,254,254,7,0,0,0,0,0,0,0,0,0,0,0,0,0,0,0,0,0,0,0,0,0,0,0,0,85,254,254,7,0,0,0,0,0,0,0,0,0,0,0,0,0,0,0,0,0,0,0,0,0,0,0,0,3,205,143,1,0,0,0,0,0,0,0,0,0,0,0,0,0,0,0,0,0,0,0,0,0,0,0,0,0,0,0,0,0,0,0,0,0,0,0,0,0,0,0,0,0,0,0,0,0,0,0,0,0,0,0,0,0,0,0,0,0,0,0,0,0,0,0,0,0,0
7,0,0,0,0,0,0,0,0,0,0,0,0,0,0,0,0,0,0,0,0,0,0,0,0,0,0,0,0,0,0,0,0,0,0,0,0,0,0,0,0,0,0,0,0,0,0,0,0,0,0,0,0,0,0,0,0,0,0,0,0,0,0,0,0,0,0,0,0,0,0,0,0,0,0,0,0,0,0,0,0,0,0,0,0,0,0,0,0,0,0,0,0,0,0,0,0,0,0,0,0,0,0,0,0,0,0,0,0,0,0,0,0,0,0,0,0,0,0,0,0,0,0,0,0,0,0,0,0,0,0,0,0,0,0,0,0,0,0,0,0,0,0,0,0,0,0,0,0,0,0,0,0,0,0,0,0,0,0,0,0,0,0,0,0,0,0,0,0,0,0,0,0,0,0,0,0,0,0,0,0,0,0,0,0,0,0,0,0,0,0,0,0,0,0,0,0,0,0,0,0,0,0,0,0,0,31,34,34,130,207,225,236,196,120,8,0,0,0,0,0,0,0,0,0,0,0,0,0,0,0,0,15,153,247,253,253,253,254,253,253,253,253,55,0,0,0,0,0,0,0,0,0,0,0,0,0,0,0,0,100,253,253,253,253,253,254,253,253,253,253,55,0,0,0,0,0,0,0,0,0,0,0,0,0,0,0,0,60,253,253,253,253,253,254,253,253,253,253,65,0,0,0,0,0,0,0,0,0,0,0,0,0,0,0,0,44,242,251,198,198,198,199,121,88,223,253,165,0,0,0,0,0,0,0,0,0,0,0,0,0,0,0,0,0,43,52,0,0,0,0,0,0,133,253,79,0,0,0,0,0,0,0,0,0,0,0,0,0,0,0,0,0,0,0,0,0,0,0,0,0,234,253,108,0,0,0,0,0,0,0,0,0,0,0,0,0,0,0,0,0,0,0,0,0,0,0,0,18,245,253,98,0,0,0,0,0,0,0,0,0,0,0,0,0,0,0,0,0,0,0,0,0,0,0,0,100,253,253,55,0,0,0,0,0,0,0,0,0,0,0,0,0,0,0,0,0,0,0,0,0,0,0,0,100,253,253,55,0,0,0,0,0,0,0,0,0,0,0,0,0,0,0,0,0,0,0,0,0,0,0,0,115,255,254,55,0,0,0,0,0,0,0,0,0,0,0,0,0,0,0,0,0,0,0,0,0,0,0,0,210,253,186,17,0,0,0,0,0,0,0,0,0,0,0,0,0,0,0,0,0,0,0,0,0,0,0,27,227,253,88,0,0,0,0,0,0,0,0,0,0,0,0,0,0,0,0,0,0,0,0,0,0,0,0,67,253,251,80,0,0,0,0,0,0,0,0,0,0,0,0,0,0,0,0,0,0,0,0,0,0,0,0,67,253,231,0,0,0,0,0,0,0,0,0,0,0,0,0,0,0,0,0,0,0,0,0,0,0,0,0,67,253,231,0,0,0,0,0,0,0,0,0,0,0,0,0,0,0,0,0,0,0,0,0,0,0,0,0,168,253,231,0,0,0,0,0,0,0,0,0,0,0,0,0,0,0,0,0,0,0,0,0,0,0,0,0,177,253,245,122,0,0,0,0,0,0,0,0,0,0,0,0,0,0,0,0,0,0,0,0,0,0,0,0,75,240,253,117,0,0,0,0,0,0,0,0,0,0,0,0,0,0,0,0,0,0,0,0,0,0,0,0,0,71,239,98,0,0,0,0,0,0,0,0,0,0,0,0,0,0,0,0,0,0,0,0,0,0,0,0,0,0,0,0,0,0,0,0,0,0,0,0,0,0
8,0,0,0,0,0,0,0,0,0,0,0,0,0,0,0,0,0,0,0,0,0,0,0,0,0,0,0,0,0,0,0,0,0,0,0,0,0,0,0,0,0,0,0,0,0,0,0,0,0,0,0,0,0,0,0,0,0,0,0,0,0,0,0,0,0,0,0,0,0,0,0,0,0,0,0,0,0,0,0,0,0,0,0,0,0,0,0,0,0,0,0,0,0,0,0,0,0,0,0,0,0,0,0,0,0,0,0,0,0,0,0,0,0,0,0,0,0,0,0,0,0,0,0,0,0,0,0,0,0,0,0,0,0,0,0,0,0,0,0,0,0,0,0,0,0,0,0,0,0,0,0,0,21,132,255,128,0,0,0,0,0,0,0,0,0,0,0,0,0,0,0,0,0,0,0,0,0,0,0,88,221,253,253,244,48,0,0,0,0,0,0,0,0,0,0,0,0,0,0,0,0,0,0,0,0,0,73,250,253,153,126,253,210,81,0,0,0,0,0,0,0,0,0,0,0,0,0,0,0,0,0,0,0,0,196,253,137,0,67,252,219,245,53,0,0,0,0,0,0,0,0,0,0,0,0,0,0,0,0,0,0,68,251,253,41,0,0,105,94,253,72,0,0,0,0,0,0,0,0,0,0,0,0,0,0,0,0,0,0,73,253,236,29,0,0,0,160,253,72,0,0,0,0,0,0,0,0,0,0,0,0,0,0,0,0,0,0,73,253,220,20,0,0,37,246,239,38,0,0,0,0,0,0,0,0,0,0,0,0,0,0,0,0,0,0,55,246,253,135,25,0,110,253,197,0,0,0,0,0,0,0,0,0,0,0,0,0,0,0,0,0,0,0,0,92,253,253,165,67,234,253,32,0,0,0,0,0,0,0,0,0,0,0,0,0,0,0,0,0,0,0,0,7,178,253,253,253,253,199,6,0,0,0,0,0,0,0,0,0,0,0,0,0,0,0,0,0,0,0,0,0,13,221,253,253,253,83,0,0,0,0,0,0,0,0,0,0,0,0,0,0,0,0,0,0,0,0,0,0,0,9,253,253,253,122,0,0,0,0,0,0,0,0,0,0,0,0,0,0,0,0,0,0,0,0,0,0,0,42,253,253,253,232,12,0,0,0,0,0,0,0,0,0,0,0,0,0,0,0,0,0,0,0,0,0,0,207,253,188,238,253,71,0,0,0,0,0,0,0,0,0,0,0,0,0,0,0,0,0,0,0,0,0,45,242,216,15,72,253,193,0,0,0,0,0,0,0,0,0,0,0,0,0,0,0,0,0,0,0,0,8,156,253,109,0,42,253,171,0,0,0,0,0,0,0,0,0,0,0,0,0,0,0,0,0,0,0,0,16,253,253,98,27,140,253,119,0,0,0,0,0,0,0,0,0,0,0,0,0,0,0,0,0,0,0,0,106,253,251,149,232,253,209,23,0,0,0,0,0,0,0,0,0,0,0,0,0,0,0,0,0,0,0,0,120,253,253,253,231,179,23,0,0,0,0,0,0,0,0,0,0,0,0,0,0,0,0,0,0,0,0,0,78,211,166,149,49,0,0,0,0,0,0,0,0,0,0,0,0,0,0,0,0,0,0,0,0,0,0,0,0,0,0,0,0,0,0,0,0,0,0,0,0,0,0,0,0,0,0,0,0,0,0,0,0,0,0,0,0,0,0,0,0,0,0,0,0,0,0,0,0,0,0,0,0,0,0,0,0,0,0,0,0,0,0,0,0,0,0,0,0,0,0,0,0,0,0,0,0,0,0,0,0,0
1,0,0,0,0,0,0,0,0,0,0,0,0,0,0,0,0,0,0,0,0,0,0,0,0,0,0,0,0,0,0,0,0,0,0,0,0,0,0,0,0,0,0,0,0,0,0,0,0,0,0,0,0,0,0,0,0,0,0,0,0,0,0,0,0,0,0,0,0,0,0,0,0,0,0,0,0,0,0,0,0,0,0,0,0,0,0,0,0,0,0,0,0,0,0,0,0,0,0,0,0,0,0,0,0,0,0,0,0,0,0,0,0,0,0,0,0,0,0,0,0,0,0,0,0,2,94,192,40,0,0,0,0,0,0,0,0,0,0,0,0,0,0,0,0,0,0,0,0,0,0,0,0,24,254,254,177,0,0,0,0,0,0,0,0,0,0,0,0,0,0,0,0,0,0,0,0,0,0,0,0,24,254,254,177,0,0,0,0,0,0,0,0,0,0,0,0,0,0,0,0,0,0,0,0,0,0,0,0,24,254,254,177,0,0,0,0,0,0,0,0,0,0,0,0,0,0,0,0,0,0,0,0,0,0,0,0,66,254,254,177,0,0,0,0,0,0,0,0,0,0,0,0,0,0,0,0,0,0,0,0,0,0,0,0,93,254,254,72,0,0,0,0,0,0,0,0,0,0,0,0,0,0,0,0,0,0,0,0,0,0,0,0,137,254,254,169,0,0,0,0,0,0,0,0,0,0,0,0,0,0,0,0,0,0,0,0,0,0,0,0,142,254,254,59,0,0,0,0,0,0,0,0,0,0,0,0,0,0,0,0,0,0,0,0,0,0,0,0,142,254,254,59,0,0,0,0,0,0,0,0,0,0,0,0,0,0,0,0,0,0,0,0,0,0,0,0,142,254,255,59,0,0,0,0,0,0,0,0,0,0,0,0,0,0,0,0,0,0,0,0,0,0,0,0,142,254,254,95,0,0,0,0,0,0,0,0,0,0,0,0,0,0,0,0,0,0,0,0,0,0,0,0,142,254,255,133,0,0,0,0,0,0,0,0,0,0,0,0,0,0,0,0,0,0,0,0,0,0,0,0,142,254,254,112,0,0,0,0,0,0,0,0,0,0,0,0,0,0,0,0,0,0,0,0,0,0,0,0,142,254,254,177,0,0,0,0,0,0,0,0,0,0,0,0,0,0,0,0,0,0,0,0,0,0,0,0,74,254,255,177,0,0,0,0,0,0,0,0,0,0,0,0,0,0,0,0,0,0,0,0,0,0,0,0,9,193,254,228,27,0,0,0,0,0,0,0,0,0,0,0,0,0,0,0,0,0,0,0,0,0,0,0,0,160,254,254,41,0,0,0,0,0,0,0,0,0,0,0,0,0,0,0,0,0,0,0,0,0,0,0,0,122,254,254,80,0,0,0,0,0,0,0,0,0,0,0,0,0,0,0,0,0,0,0,0,0,0,0,0,23,219,254,197,9,0,0,0,0,0,0,0,0,0,0,0,0,0,0,0,0,0,0,0,0,0,0,0,23,219,254,111,2,0,0,0,0,0,0,0,0,0,0,0,0,0,0,0,0,0,0,0,0,0,0,0,0,0,0,0,0,0,0,0,0,0,0,0,0,0,0,0,0,0,0,0,0,0,0,0,0,0,0,0,0,0,0,0,0,0,0,0,0,0,0,0,0,0,0,0,0,0,0,0,0,0,0,0,0,0,0,0,0,0,0,0,0,0,0,0,0,0,0,0,0,0,0,0,0,0,0,0,0,0,0,0,0,0,0,0,0,0,0,0,0,0,0,0,0,0,0,0,0,0,0
0,0,0,0,0,0,0,0,0,0,0,0,0,0,0,0,0,0,0,0,0,0,0,0,0,0,0,0,0,0,0,0,0,0,0,0,0,0,0,0,0,0,0,0,0,0,0,0,0,0,0,0,0,0,0,0,0,0,0,0,0,0,0,0,0,0,0,0,0,0,0,0,0,0,0,0,0,0,0,0,0,0,0,0,0,0,0,0,0,0,0,0,0,0,0,0,0,0,0,0,0,0,0,0,0,0,0,0,0,0,0,0,0,0,0,0,0,0,0,0,0,0,0,12,139,254,254,254,193,44,0,0,0,0,0,0,0,0,0,0,0,0,0,0,0,0,0,0,0,0,39,204,253,213,106,173,254,200,60,0,0,0,0,0,0,0,0,0,0,0,0,0,0,0,0,0,0,62,220,253,157,17,0,0,115,253,236,52,0,0,0,0,0,0,0,0,0,0,0,0,0,0,0,0,9,192,253,197,11,0,0,0,134,253,253,130,0,0,0,0,0,0,0,0,0,0,0,0,0,0,0,0,124,253,217,19,0,0,0,0,12,165,244,246,94,12,0,0,0,0,0,0,0,0,0,0,0,0,0,0,210,253,112,0,0,0,0,0,0,0,89,250,253,94,0,0,0,0,0,0,0,0,0,0,0,0,0,32,231,180,8,0,0,0,0,0,0,0,0,40,250,246,73,0,0,0,0,0,0,0,0,0,0,0,0,86,253,121,0,0,0,0,0,0,0,0,0,0,89,244,201,18,0,0,0,0,0,0,0,0,0,0,11,200,253,39,0,0,0,0,0,0,0,0,0,0,0,165,253,180,0,0,0,0,0,0,0,0,0,0,34,253,253,10,0,0,0,0,0,0,0,0,0,0,0,12,187,209,0,0,0,0,0,0,0,0,0,0,34,254,154,0,0,0,0,0,0,0,0,0,0,0,0,0,123,255,81,0,0,0,0,0,0,0,0,0,34,253,154,0,0,0,0,0,0,0,0,0,0,0,0,0,93,253,230,23,0,0,0,0,0,0,0,0,34,253,154,0,0,0,0,0,0,0,0,0,0,0,0,0,2,172,253,33,0,0,0,0,0,0,0,0,31,247,249,10,0,0,0,0,0,0,0,0,0,0,0,0,1,163,253,33,0,0,0,0,0,0,0,0,0,177,253,35,0,0,0,0,0,0,0,0,0,0,0,0,36,253,203,12,0,0,0,0,0,0,0,0,0,138,253,121,0,0,0,0,0,0,0,0,0,0,0,31,168,253,137,0,0,0,0,0,0,0,0,0,0,64,252,233,96,0,0,0,0,0,0,0,10,21,122,216,243,113,6,0,0,0,0,0,0,0,0,0,0,0,126,252,232,117,45,25,45,45,155,155,237,253,253,219,61,0,0,0,0,0,0,0,0,0,0,0,0,0,0,121,227,253,253,225,253,253,254,253,223,166,66,14,0,0,0,0,0,0,0,0,0,0,0,0,0,0,0,0,46,143,244,186,143,143,81,33,20,0,0,0,0,0,0,0,0,0,0,0,0,0,0,0,0,0,0,0,0,0,0,0,0,0,0,0,0,0,0,0,0,0,0,0,0,0,0,0,0,0,0,0,0,0,0,0,0,0,0,0,0,0,0,0,0,0,0,0,0,0,0,0,0,0,0,0,0,0,0,0,0,0,0,0,0,0,0,0,0,0,0,0,0,0,0,0,0,0,0,0,0,0,0,0,0,0,0,0,0,0,0,0,0,0,0,0,0,0,0,0,0,0,0,0,0,0,0,0,0,0,0
4,0,0,0,0,0,0,0,0,0,0,0,0,0,0,0,0,0,0,0,0,0,0,0,0,0,0,0,0,0,0,0,0,0,0,0,0,0,0,0,0,0,0,0,0,0,0,0,0,0,0,0,0,0,0,0,0,0,0,0,0,0,0,0,0,0,0,0,0,0,0,0,0,0,0,0,0,0,0,0,0,0,0,0,0,0,0,0,0,0,0,0,0,0,0,0,0,0,0,0,0,0,0,0,0,0,0,0,0,0,0,0,0,0,0,0,0,0,0,0,0,0,0,0,0,0,0,0,0,0,0,0,0,0,0,0,0,0,0,0,0,0,0,0,0,0,0,0,0,0,0,0,0,0,0,0,0,0,0,0,0,0,0,0,0,0,0,0,0,0,0,0,0,0,0,0,0,101,254,255,69,0,0,0,0,0,0,0,0,65,101,18,0,0,0,0,0,0,0,0,0,0,0,0,102,240,253,253,68,0,0,0,0,0,0,0,12,178,253,74,0,0,0,0,0,0,0,0,0,0,27,146,250,253,253,204,29,0,0,0,0,0,0,0,62,253,253,199,0,0,0,0,0,0,0,0,0,0,103,253,253,253,202,13,0,0,0,0,0,0,0,43,226,253,253,142,0,0,0,0,0,0,0,0,0,16,208,253,253,247,97,0,0,0,0,0,0,0,0,116,253,253,253,45,0,0,0,0,0,0,0,0,0,101,253,253,253,236,63,0,0,0,0,0,0,0,9,191,253,253,253,45,0,0,0,0,0,0,0,0,0,67,235,253,253,253,245,94,85,86,8,0,0,0,68,253,253,250,103,3,0,0,0,0,0,0,0,0,0,0,182,253,253,253,253,253,253,253,191,185,185,185,231,253,253,132,0,0,0,0,0,0,0,0,0,0,0,0,23,123,170,253,253,253,253,253,253,253,253,253,253,253,253,92,0,0,0,0,0,0,0,0,0,0,0,0,0,0,8,22,22,22,41,176,176,183,253,253,253,253,253,92,0,0,0,0,0,0,0,0,0,0,0,0,0,0,0,0,0,0,0,0,0,24,253,253,253,253,195,28,0,0,0,0,0,0,0,0,0,0,0,0,0,0,0,0,0,0,0,0,0,24,253,253,253,253,38,0,0,0,0,0,0,0,0,0,0,0,0,0,0,0,0,0,0,0,0,0,0,66,253,253,253,150,5,0,0,0,0,0,0,0,0,0,0,0,0,0,0,0,0,0,0,0,0,0,5,182,253,253,233,46,0,0,0,0,0,0,0,0,0,0,0,0,0,0,0,0,0,0,0,0,0,0,147,253,253,253,84,0,0,0,0,0,0,0,0,0,0,0,0,0,0,0,0,0,0,0,0,0,0,33,237,253,253,194,13,0,0,0,0,0,0,0,0,0,0,0,0,0,0,0,0,0,0,0,0,0,0,131,253,253,253,179,0,0,0,0,0,0,0,0,0,0,0,0,0,0,0,0,0,0,0,0,0,0,14,183,253,253,253,30,0,0,0,0,0,0,0,0,0,0,0,0,0,0,0,0,0,0,0,0,0,0,6,152,253,253,253,30,0,0,0,0,0,0,0,0,0,0,0,0,0,0,0,0,0,0,0,0,0,0,0,52,240,239,99,12,0,0,0,0,0,0,0,0,0,0,0,0,0,0,0,0,0,0,0,0,0,0,0,0,0,0,0,0,0,0,0,0,0,0,0,0,0,0,0,0,0,0,0,0,0,0,0,0,0,0,0,0,0,0,0,0,0,0,0,0,0,0,0,0,0,0,0
1,0,0,0,0,0,0,0,0,0,0,0,0,0,0,0,0,0,0,0,0,0,0,0,0,0,0,0,0,0,0,0,0,0,0,0,0,0,0,0,0,0,0,0,0,0,0,0,0,0,0,0,0,0,0,0,0,0,0,0,0,0,0,0,0,0,0,0,0,0,0,0,0,0,0,0,0,0,0,0,0,0,0,0,0,0,0,0,0,0,0,0,0,0,0,0,0,0,0,0,0,0,0,0,0,0,0,0,0,0,0,0,0,0,0,0,0,0,0,0,0,0,0,0,0,0,242,255,171,0,0,0,0,0,0,0,0,0,0,0,0,0,0,0,0,0,0,0,0,0,0,0,0,0,241,253,228,0,0,0,0,0,0,0,0,0,0,0,0,0,0,0,0,0,0,0,0,0,0,0,0,16,243,253,228,0,0,0,0,0,0,0,0,0,0,0,0,0,0,0,0,0,0,0,0,0,0,0,0,109,252,253,228,0,0,0,0,0,0,0,0,0,0,0,0,0,0,0,0,0,0,0,0,0,0,0,0,109,252,253,228,0,0,0,0,0,0,0,0,0,0,0,0,0,0,0,0,0,0,0,0,0,0,0,0,78,249,253,228,0,0,0,0,0,0,0,0,0,0,0,0,0,0,0,0,0,0,0,0,0,0,0,0,89,250,253,228,0,0,0,0,0,0,0,0,0,0,0,0,0,0,0,0,0,0,0,0,0,0,0,0,109,252,253,228,0,0,0,0,0,0,0,0,0,0,0,0,0,0,0,0,0,0,0,0,0,0,0,0,109,252,253,228,0,0,0,0,0,0,0,0,0,0,0,0,0,0,0,0,0,0,0,0,0,0,0,0,109,252,253,228,0,0,0,0,0,0,0,0,0,0,0,0,0,0,0,0,0,0,0,0,0,0,0,0,110,253,255,229,0,0,0,0,0,0,0,0,0,0,0,0,0,0,0,0,0,0,0,0,0,0,0,0,178,252,253,228,0,0,0,0,0,0,0,0,0,0,0,0,0,0,0,0,0,0,0,0,0,0,0,0,229,252,253,228,0,0,0,0,0,0,0,0,0,0,0,0,0,0,0,0,0,0,0,0,0,0,0,0,229,252,253,228,0,0,0,0,0,0,0,0,0,0,0,0,0,0,0,0,0,0,0,0,0,0,0,70,246,252,253,228,0,0,0,0,0,0,0,0,0,0,0,0,0,0,0,0,0,0,0,0,0,0,0,23,234,252,253,235,28,0,0,0,0,0,0,0,0,0,0,0,0,0,0,0,0,0,0,0,0,0,0,0,229,252,253,252,96,0,0,0,0,0,0,0,0,0,0,0,0,0,0,0,0,0,0,0,0,0,0,0,229,252,253,252,96,0,0,0,0,0,0,0,0,0,0,0,0,0,0,0,0,0,0,0,0,0,0,0,120,252,253,230,9,0,0,0,0,0,0,0,0,0,0,0,0,0,0,0,0,0,0,0,0,0,0,0,57,247,248,120,0,0,0,0,0,0,0,0,0,0,0,0,0,0,0,0,0,0,0,0,0,0,0,0,0,0,0,0,0,0,0,0,0,0,0,0,0,0,0,0,0,0,0,0,0,0,0,0,0,0,0,0,0,0,0,0,0,0,0,0,0,0,0,0,0,0,0,0,0,0,0,0,0,0,0,0,0,0,0,0,0,0,0,0,0,0,0,0,0,0,0,0,0,0,0,0,0,0,0,0,0,0,0,0,0,0,0,0,0,0,0,0,0,0,0,0,0,0,0,0,0,0,0,0
7,0,0,0,0,0,0,0,0,0,0,0,0,0,0,0,0,0,0,0,0,0,0,0,0,0,0,0,0,0,0,0,0,0,0,0,0,0,0,0,0,0,0,0,0,0,0,0,0,0,0,0,0,0,0,0,0,0,0,0,0,0,0,0,0,0,0,0,0,0,0,0,0,0,0,0,0,0,0,0,0,0,0,0,0,0,0,0,0,0,0,0,0,0,0,0,0,0,0,0,0,0,0,0,0,0,0,0,0,0,0,0,0,0,0,0,0,0,0,0,0,0,0,0,0,0,0,0,0,0,0,0,0,0,0,0,0,0,0,0,0,0,0,0,0,0,0,0,0,0,0,0,0,0,0,0,0,0,0,0,0,0,0,0,0,0,0,0,0,0,0,0,0,0,0,0,0,0,0,0,0,0,0,0,0,0,0,0,0,0,0,0,0,0,0,0,0,0,0,0,0,0,0,0,0,0,0,0,49,148,237,238,184,144,0,0,0,0,0,0,0,0,0,0,0,0,0,0,0,0,0,0,0,36,192,191,248,253,253,254,253,232,0,0,0,0,0,0,0,0,0,0,0,0,0,0,0,0,0,0,0,204,254,253,252,232,143,127,222,232,0,0,0,0,0,0,0,0,0,0,0,0,0,0,0,0,0,0,0,115,190,154,77,0,0,0,191,232,0,0,0,0,0,0,0,0,0,0,0,0,0,0,0,0,0,0,0,0,0,0,0,0,0,0,103,250,71,0,0,0,0,0,0,0,0,0,0,0,0,0,0,0,0,0,0,0,0,0,0,0,0,0,86,254,85,0,0,0,0,0,0,0,0,0,0,0,0,0,0,0,0,0,0,0,0,0,0,0,0,0,85,253,84,0,0,0,0,0,0,0,0,0,0,0,0,0,0,0,0,0,0,0,84,128,75,22,22,22,143,253,84,0,0,0,0,0,0,0,0,0,0,0,0,0,0,0,0,0,0,45,254,253,253,253,253,254,253,253,111,0,0,0,0,0,0,0,0,0,0,0,0,0,0,0,0,0,0,0,104,147,245,253,253,254,253,253,243,212,89,0,0,0,0,0,0,0,0,0,0,0,0,0,0,0,0,0,0,0,0,72,107,220,254,255,226,212,177,0,0,0,0,0,0,0,0,0,0,0,0,0,0,0,0,0,0,0,0,0,0,43,253,202,21,0,0,0,0,0,0,0,0,0,0,0,0,0,0,0,0,0,0,0,0,0,0,0,0,43,253,127,0,0,0,0,0,0,0,0,0,0,0,0,0,0,0,0,0,0,0,0,0,0,0,0,0,43,253,56,0,0,0,0,0,0,0,0,0,0,0,0,0,0,0,0,0,0,0,0,0,0,0,0,0,87,253,21,0,0,0,0,0,0,0,0,0,0,0,0,0,0,0,0,0,0,0,0,0,0,0,0,0,149,254,21,0,0,0,0,0,0,0,0,0,0,0,0,0,0,0,0,0,0,0,0,0,0,0,0,0,148,253,21,0,0,0,0,0,0,0,0,0,0,0,0,0,0,0,0,0,0,0,0,0,0,0,0,0,105,253,21,0,0,0,0,0,0,0,0,0,0,0,0,0,0,0,0,0,0,0,0,0,0,0,0,0,78,253,21,0,0,0,0,0,0,0,0,0,0,0,0,0,0,0,0,0,0,0,0,0,0,0,0,0,43,218,12,0,0,0,0,0,0,0,0,0,0,0,0,0,0,0,0,0,0,0,0,0,0,0,0,0,0,0,0,0,0,0,0,0,0,0,0,0,0,0
9,0,0,0,0,0,0,0,0,0,0,0,0,0,0,0,0,0,0,0,0,0,0,0,0,0,0,0,0,0,0,0,0,0,0,0,0,0,0,0,0,0,0,0,0,0,0,0,0,0,0,0,0,0,0,0,0,0,0,0,0,0,0,0,0,0,0,0,0,0,0,0,0,0,0,0,0,0,0,0,0,0,0,0,0,0,0,0,0,0,0,0,0,0,0,0,0,0,0,0,0,0,0,0,0,0,0,0,0,0,0,0,0,0,0,0,0,0,0,0,0,0,0,0,0,0,0,0,0,0,0,0,0,0,0,0,0,0,0,0,0,0,0,0,0,0,0,0,0,0,0,0,0,0,0,0,0,0,0,0,0,0,0,0,0,0,0,0,0,0,0,0,0,0,0,0,0,0,0,0,0,0,10,173,84,0,0,0,0,0,0,0,0,0,0,0,0,0,0,0,0,0,0,0,0,0,0,0,0,2,128,254,245,129,0,0,0,0,0,0,0,0,0,0,0,0,0,0,0,0,0,0,0,0,0,0,9,212,254,240,239,215,56,40,0,0,0,0,0,0,0,0,0,0,0,0,0,0,0,0,0,0,0,6,168,254,237,62,146,254,254,149,0,0,0,0,0,0,0,0,0,0,0,0,0,0,0,0,0,0,8,168,254,239,16,0,157,254,254,216,13,0,0,0,0,0,0,0,0,0,0,0,0,0,0,0,0,0,145,255,237,61,0,0,250,254,254,232,18,0,0,0,0,0,0,0,0,0,0,0,0,0,0,0,0,30,245,254,95,0,4,139,254,254,254,213,12,0,0,0,0,0,0,0,0,0,0,0,0,0,0,0,0,130,254,170,0,2,144,254,254,254,254,235,19,0,0,0,0,0,0,0,0,0,0,0,0,0,0,0,0,130,255,137,31,155,254,254,234,228,254,176,0,0,0,0,0,0,0,0,0,0,0,0,0,0,0,0,0,110,254,254,254,254,254,213,87,193,254,176,0,0,0,0,0,0,0,0,0,0,0,0,0,0,0,0,0,6,125,243,254,252,155,32,34,242,254,135,0,0,0,0,0,0,0,0,0,0,0,0,0,0,0,0,0,0,0,4,5,5,0,0,102,254,254,73,0,0,0,0,0,0,0,0,0,0,0,0,0,0,0,0,0,0,0,0,0,0,0,0,146,254,254,73,0,0,0,0,0,0,0,0,0,0,0,0,0,0,0,0,0,0,0,0,0,0,0,0,159,254,225,5,0,0,0,0,0,0,0,0,0,0,0,0,0,0,0,0,0,0,0,0,0,0,0,0,250,254,223,0,0,0,0,0,0,0,0,0,0,0,0,0,0,0,0,0,0,0,0,0,0,0,0,49,252,254,172,0,0,0,0,0,0,0,0,0,0,0,0,0,0,0,0,0,0,0,0,0,0,0,0,169,254,254,120,0,0,0,0,0,0,0,0,0,0,0,0,0,0,0,0,0,0,0,0,0,0,0,0,203,254,254,120,0,0,0,0,0,0,0,0,0,0,0,0,0,0,0,0,0,0,0,0,0,0,0,0,203,254,254,96,0,0,0,0,0,0,0,0,0,0,0,0,0,0,0,0,0,0,0,0,0,0,0,0,78,210,139,3,0,0,0,0,0,0,0,0,0,0,0,0,0,0,0,0,0,0,0,0,0,0,0,0,0,0,0,0,0,0,0,0,0,0,0,0,0,0,0,0,0,0,0,0,0,0,0,0,0,0,0,0,0,0,0,0,0,0,0,0,0,0,0,0,0,0
6,0,0,0,0,0,0,0,0,0,0,0,0,0,0,0,0,0,0,0,0,0,0,0,0,0,0,0,0,0,0,0,0,0,0,0,0,0,0,0,0,0,0,0,0,0,0,0,0,0,0,0,0,0,0,0,0,0,0,0,0,0,0,0,0,0,0,0,0,0,0,0,0,0,0,0,0,0,0,0,0,0,0,0,0,0,0,0,0,0,0,0,0,0,0,0,0,0,0,0,0,0,0,0,0,0,0,0,0,0,0,0,0,0,0,0,0,0,0,0,0,0,0,0,0,0,0,0,0,0,0,0,0,0,0,0,0,0,0,0,0,0,0,0,0,0,0,0,0,0,0,0,0,0,0,0,0,0,0,0,0,0,0,0,0,0,0,0,0,0,0,0,0,0,0,0,0,0,0,0,0,0,0,0,0,0,0,0,0,0,0,0,0,0,0,0,0,0,0,0,0,0,0,0,0,0,0,0,0,0,0,0,0,0,0,19,29,29,53,115,96,5,0,0,0,0,0,0,0,0,0,0,0,0,0,0,0,0,0,60,103,165,212,240,254,254,254,254,254,121,0,0,0,0,0,0,0,0,0,0,0,0,0,8,67,148,231,243,201,137,71,24,0,0,0,0,49,255,0,0,0,0,0,0,0,0,0,0,0,0,32,172,249,204,95,20,0,0,0,0,0,0,0,0,138,183,0,0,0,0,0,0,0,0,0,0,13,131,245,154,38,0,0,0,0,0,0,0,0,0,0,96,205,21,0,0,0,0,0,0,0,0,0,14,192,227,77,0,0,0,0,0,0,0,0,0,0,0,61,170,5,0,0,0,0,0,0,0,0,0,24,199,183,18,0,0,0,0,0,0,0,0,0,0,0,0,14,21,0,0,0,0,0,0,0,0,0,0,94,213,16,0,0,0,15,34,0,0,0,0,0,0,0,0,0,0,0,0,0,0,0,0,0,0,0,0,180,129,0,0,0,0,178,241,179,97,15,2,0,0,0,0,0,0,0,0,0,0,0,0,0,0,0,0,203,204,0,0,0,0,0,29,104,201,254,176,29,0,0,0,0,0,0,0,0,0,0,0,0,0,0,0,42,250,150,22,0,0,0,0,0,4,77,178,241,68,0,0,0,0,0,0,0,0,0,0,0,0,0,0,0,105,238,237,153,60,0,0,0,0,0,0,139,230,24,0,0,0,0,0,0,0,0,0,0,0,0,0,0,0,0,115,181,243,251,184,184,184,184,207,254,151,0,0,0,0,0,0,0,0,0,0,0,0,0,0,0,0,0,0,0,21,52,99,99,157,99,99,44,2,0,0,0,0,0,0,0,0,0,0,0,0,0,0,0,0,0,0,0,0,0,0,0,0,0,0,0,0,0,0,0,0,0,0,0,0,0,0,0,0,0,0,0,0,0,0,0,0,0,0,0,0,0,0,0,0,0,0,0,0,0,0,0,0,0,0,0,0,0,0,0,0,0,0,0,0,0,0,0,0,0,0,0,0,0,0,0,0,0,0,0,0,0,0,0,0,0,0,0,0,0,0,0,0,0,0,0,0,0,0,0,0,0,0,0,0,0,0,0,0,0,0,0,0,0,0,0,0,0,0,0,0,0,0,0,0,0,0,0,0,0,0,0,0,0,0,0,0,0,0,0,0,0,0,0,0,0,0,0,0,0,0,0,0,0,0,0,0,0,0,0,0,0,0,0,0,0,0,0,0,0,0,0,0,0,0,0,0,0,0,0,0,0,0,0,0,0,0,0,0,0,0,0,0,0
4,0,0,0,0,0,0,0,0,0,0,0,0,0,0,0,0,0,0,0,0,0,0,0,0,0,0,0,0,0,0,0,0,0,0,0,0,0,0,0,0,0,0,0,0,0,0,0,0,0,0,0,0,0,0,0,0,0,0,0,0,0,0,0,0,0,0,0,0,0,0,0,0,0,0,0,0,0,0,0,0,0,0,0,0,0,0,0,0,0,0,0,0,0,0,0,0,0,0,0,0,0,0,0,0,0,0,0,0,0,0,0,0,0,0,0,0,0,0,0,0,0,0,0,0,0,0,0,0,0,0,0,0,0,0,0,0,0,0,0,0,0,0,0,0,0,0,0,0,0,0,0,0,0,0,0,0,0,0,137,120,0,0,0,0,0,0,0,0,0,0,0,0,0,0,0,0,0,0,0,0,0,0,0,0,0,84,252,154,0,0,0,0,0,0,0,0,0,0,0,0,0,0,0,0,0,0,0,43,0,0,0,0,0,200,253,122,0,0,0,0,0,0,0,0,0,0,0,0,0,0,0,0,0,0,99,245,55,0,0,0,15,240,253,74,0,0,0,0,0,0,0,0,0,0,0,0,0,0,0,0,0,0,210,253,61,0,0,0,116,253,192,5,0,0,0,0,0,0,0,0,0,0,0,0,0,0,0,0,0,49,245,253,61,0,0,0,169,253,114,7,6,0,0,0,0,0,0,0,0,0,0,0,0,0,0,0,0,93,253,253,61,0,0,9,246,253,116,125,9,0,0,0,0,0,0,0,0,0,0,0,0,0,0,0,0,26,235,253,105,11,7,116,253,253,195,41,0,0,0,0,0,0,0,0,0,0,0,0,0,0,0,0,0,0,173,253,253,226,207,230,253,175,31,0,0,0,0,0,0,0,0,0,0,0,0,0,0,0,0,0,0,0,11,147,232,253,253,254,253,74,0,0,0,0,0,0,0,0,0,0,0,0,0,0,0,0,0,0,0,0,0,0,0,0,88,255,208,6,0,0,0,0,0,0,0,0,0,0,0,0,0,0,0,0,0,0,0,0,0,0,0,0,172,254,128,0,0,0,0,0,0,0,0,0,0,0,0,0,0,0,0,0,0,0,0,0,0,0,0,3,194,254,96,0,0,0,0,0,0,0,0,0,0,0,0,0,0,0,0,0,0,0,0,0,0,0,0,88,253,254,17,0,0,0,0,0,0,0,0,0,0,0,0,0,0,0,0,0,0,0,0,0,0,0,0,172,253,140,2,0,0,0,0,0,0,0,0,0,0,0,0,0,0,0,0,0,0,0,0,0,0,0,27,241,253,76,0,0,0,0,0,0,0,0,0,0,0,0,0,0,0,0,0,0,0,0,0,0,0,0,106,253,244,0,0,0,0,0,0,0,0,0,0,0,0,0,0,0,0,0,0,0,0,0,0,0,0,0,112,253,165,0,0,0,0,0,0,0,0,0,0,0,0,0,0,0,0,0,0,0,0,0,0,0,0,11,215,249,73,0,0,0,0,0,0,0,0,0,0,0,0,0,0,0,0,0,0,0,0,0,0,0,0,18,195,129,0,0,0,0,0,0,0,0,0,0,0,0,0,0,0,0,0,0,0,0,0,0,0,0,0,0,0,0,0,0,0,0,0,0,0,0,0,0,0,0,0,0,0,0,0,0,0,0,0,0,0,0,0,0,0,0,0,0,0,0,0,0,0,0,0,0,0,0,0,0,0,0,0,0,0,0,0,0,0,0,0,0,0,0,0,0,0,0,0,0,0,0,0,0,0,0,0,0
2,0,0,0,0,0,0,0,0,0,0,0,0,0,0,0,0,0,0,0,0,0,0,0,0,0,0,0,0,0,0,0,0,0,0,0,0,0,0,0,0,0,0,0,0,0,0,0,0,0,0,0,0,0,0,0,0,0,0,0,0,0,0,0,0,0,0,0,0,0,0,0,0,0,0,0,0,0,0,0,0,0,0,0,0,0,0,0,0,0,0,0,0,0,0,0,0,0,0,35,101,221,255,184,155,40,0,0,0,0,0,0,0,0,0,0,0,0,0,0,0,0,0,0,0,2,93,237,249,204,243,247,253,150,1,0,0,0,0,0,0,0,0,0,0,0,0,0,0,0,0,0,25,180,253,189,49,0,0,29,241,253,9,0,0,0,0,0,0,0,0,0,0,0,0,0,0,0,0,43,232,253,155,13,0,0,0,0,234,253,17,0,0,0,0,0,0,0,0,0,0,0,0,0,0,0,26,173,253,122,16,0,0,0,0,0,234,253,109,0,0,0,0,0,0,0,0,0,0,0,0,0,0,0,85,233,48,1,0,0,0,0,0,0,234,253,58,0,0,0,0,0,0,0,0,0,0,0,0,0,0,0,157,69,0,0,0,0,0,0,0,0,234,188,3,0,0,0,0,0,0,0,0,0,0,0,0,0,0,0,11,1,0,0,0,0,0,0,0,130,252,70,0,0,0,0,0,0,0,0,0,0,0,0,0,0,0,0,0,0,0,0,0,0,0,0,20,236,253,64,0,0,0,0,0,0,0,0,0,0,0,0,0,0,0,0,0,0,0,0,0,0,0,0,11,210,219,2,0,0,0,0,0,0,0,0,0,0,0,0,0,0,0,0,0,0,0,0,0,0,0,0,21,239,177,0,0,0,0,0,0,0,0,0,0,0,0,0,0,0,0,0,0,0,0,0,0,0,0,0,112,253,96,0,0,0,0,0,0,0,0,0,0,0,0,0,0,0,0,0,0,0,0,0,0,0,0,32,238,180,3,0,0,0,0,0,0,0,0,0,0,0,0,0,0,0,0,0,0,0,54,70,42,0,5,160,253,74,0,0,0,0,0,0,0,0,0,0,0,0,0,0,0,0,18,37,158,224,247,253,242,224,226,253,244,63,2,0,0,0,0,0,0,0,0,0,0,0,0,0,21,128,230,253,253,253,192,173,173,192,253,253,253,253,171,52,0,0,0,0,0,0,0,0,0,0,0,6,204,251,218,156,20,20,5,0,31,163,251,125,118,243,254,234,164,0,0,0,0,0,0,0,0,0,0,121,253,201,28,0,0,15,91,188,241,253,203,0,0,46,64,42,0,0,0,0,0,0,0,0,0,0,0,133,238,253,247,244,244,246,253,253,217,123,5,0,0,0,0,0,0,0,0,0,0,0,0,0,0,0,0,0,61,153,153,244,253,214,177,95,11,0,0,0,0,0,0,0,0,0,0,0,0,0,0,0,0,0,0,0,0,0,0,0,0,0,0,0,0,0,0,0,0,0,0,0,0,0,0,0,0,0,0,0,0,0,0,0,0,0,0,0,0,0,0,0,0,0,0,0,0,0,0,0,0,0,0,0,0,0,0,0,0,0,0,0,0,0,0,0,0,0,0,0,0,0,0,0,0,0,0,0,0,0,0,0,0,0,0,0,0,0,0,0,0,0,0,0,0,0,0,0,0,0,0,0,0,0,0,0,0,0,0,0,0,0,0,0,0,0,0,0,0,0,0,0,0,0,0,0,0,0,0,0,0,0,0,0,0,0,0,0,0,0,0
6,0,0,0,0,0,0,0,0,0,0,0,0,0,0,0,0,0,0,0,0,0,0,0,0,0,0,0,0,0,0,0,0,0,0,0,0,0,0,0,0,0,0,0,0,0,0,0,0,0,0,0,0,0,0,0,0,0,0,0,0,0,0,0,0,0,0,128,128,128,255,191,0,0,0,0,0,0,0,0,0,0,0,0,0,0,0,0,0,0,0,0,0,64,255,255,255,255,255,191,0,0,0,0,0,0,0,0,0,0,0,0,0,0,0,0,0,0,0,0,64,255,255,191,128,64,0,0,0,0,0,0,0,0,0,0,0,0,0,0,0,0,0,0,0,0,0,0,255,255,191,0,0,0,0,0,0,0,0,0,0,0,0,0,0,0,0,0,0,0,0,0,0,0,0,64,255,255,0,0,0,0,0,0,0,0,0,0,0,0,0,0,0,0,0,0,0,0,0,0,0,0,0,128,255,128,0,0,0,0,0,0,0,0,0,0,0,0,0,0,0,0,0,0,0,0,0,0,0,0,0,191,255,128,0,0,0,0,0,0,0,0,0,0,0,0,0,0,0,0,0,0,0,0,0,0,0,0,0,255,255,128,0,0,0,0,0,0,0,0,0,0,0,0,0,0,0,0,0,0,0,0,0,0,0,0,0,191,255,128,0,0,0,0,0,0,0,0,0,0,0,0,0,0,0,0,0,0,0,0,0,0,0,0,0,128,255,128,0,0,0,0,0,0,0,0,0,0,0,0,0,0,0,0,0,0,0,0,0,0,0,0,0,0,255,255,0,0,0,0,0,0,0,0,0,0,0,0,0,0,0,0,0,0,0,0,0,0,0,0,0,0,255,255,128,0,0,0,0,0,0,0,0,0,64,128,64,0,0,0,0,0,0,0,0,0,0,0,0,0,128,255,255,0,0,0,0,0,0,0,64,255,255,255,255,255,64,0,0,0,0,0,0,0,0,0,0,0,0,191,255,191,0,0,0,0,0,64,255,255,255,191,128,255,255,64,0,0,0,0,0,0,0,0,0,0,0,0,255,255,128,0,0,0,0,255,255,255,0,0,0,64,255,255,0,0,0,0,0,0,0,0,0,0,0,0,64,255,255,191,0,0,128,255,255,64,0,0,0,0,191,255,64,0,0,0,0,0,0,0,0,0,0,0,0,64,191,255,255,128,0,255,255,128,0,0,0,0,128,255,128,0,0,0,0,0,0,0,0,0,0,0,0,0,0,128,191,255,255,255,255,255,64,0,0,64,255,255,0,0,0,0,0,0,0,0,0,0,0,0,0,0,0,0,0,64,255,255,255,255,255,255,255,255,255,255,0,0,0,0,0,0,0,0,0,0,0,0,0,0,0,0,0,0,0,0,64,128,128,128,191,191,128,0,0,0,0,0,0,0,0,0,0,0,0,0,0,0,0,0,0,0,0,0,0,0,0,0,0,0,0,0,0,0,0,0,0,0,0,0,0,0,0,0,0,0,0,0,0,0,0,0,0,0,0,0,0,0,0,0,0,0,0,0,0,0,0,0,0,0,0,0,0,0,0,0,0,0,0,0,0,0,0,0,0,0,0,0,0,0,0,0,0,0,0,0,0,0,0,0,0,0,0,0,0,0,0,0,0,0,0,0,0,0,0,0,0,0,0,0,0,0,0,0,0,0,0,0,0,0,0,0,0,0,0,0,0,0,0,0,0,0,0,0,0,0,0,0,0,0,0,0,0,0,0,0,0,0,0,0,0,0,0,0,0,0,0,0,0,0,0,0,0,0,0
8,0,0,0,0,0,0,0,0,0,0,0,0,0,0,0,0,0,0,0,0,0,0,0,0,0,0,0,0,0,0,0,0,0,0,0,0,0,0,0,0,0,0,0,0,0,0,0,0,0,0,0,0,0,0,0,0,0,0,0,0,0,0,0,0,0,0,0,0,0,0,0,0,0,0,0,0,0,0,0,0,0,0,0,0,0,0,0,0,0,0,0,0,0,0,0,0,0,0,0,0,0,0,0,0,0,0,0,0,0,0,0,0,0,0,0,0,0,0,0,0,0,0,0,0,0,0,0,0,0,0,0,0,0,0,0,0,0,0,0,0,0,0,0,0,0,0,0,0,0,0,0,0,19,120,203,254,255,254,254,220,85,0,0,0,0,0,0,0,0,0,0,0,0,0,0,0,0,0,22,80,237,253,253,253,207,123,190,240,248,105,0,0,0,0,0,0,0,0,0,0,0,0,0,0,0,30,212,253,254,240,154,104,0,0,11,215,254,107,0,0,0,0,0,0,0,0,0,0,0,0,0,0,60,214,253,253,136,31,0,0,0,0,91,253,203,6,0,0,0,0,0,0,0,0,0,0,0,0,0,85,221,254,214,59,0,0,0,0,0,13,221,254,68,0,0,0,0,0,0,0,0,0,0,0,0,0,47,222,254,211,29,0,0,0,0,0,0,181,253,119,0,0,0,0,0,0,0,0,0,0,0,0,0,0,207,253,254,86,13,0,0,0,0,9,141,249,217,13,0,0,0,0,0,0,0,0,0,0,0,0,0,0,107,253,254,228,221,184,127,9,9,184,254,236,29,0,0,0,0,0,0,0,0,0,0,0,0,0,0,0,0,134,254,254,254,254,254,254,254,254,254,90,0,0,0,0,0,0,0,0,0,0,0,0,0,0,0,0,0,0,23,107,115,148,220,253,253,253,254,216,42,0,0,0,0,0,0,0,0,0,0,0,0,0,0,0,0,0,0,0,0,0,78,253,251,230,254,253,224,32,0,0,0,0,0,0,0,0,0,0,0,0,0,0,0,0,0,0,0,68,229,253,196,0,94,245,253,103,0,0,0,0,0,0,0,0,0,0,0,0,0,0,0,0,0,0,41,229,254,199,17,0,0,172,254,161,0,0,0,0,0,0,0,0,0,0,0,0,0,0,0,0,0,9,174,253,199,19,0,0,0,189,253,143,0,0,0,0,0,0,0,0,0,0,0,0,0,0,0,0,0,89,253,244,51,0,0,0,41,241,253,69,0,0,0,0,0,0,0,0,0,0,0,0,0,0,0,0,0,172,253,160,0,0,0,0,229,253,244,44,0,0,0,0,0,0,0,0,0,0,0,0,0,0,0,0,0,231,254,161,0,0,7,170,255,254,146,0,0,0,0,0,0,0,0,0,0,0,0,0,0,0,0,0,0,180,253,245,139,138,182,253,254,194,21,0,0,0,0,0,0,0,0,0,0,0,0,0,0,0,0,0,0,59,173,253,254,253,253,253,205,13,0,0,0,0,0,0,0,0,0,0,0,0,0,0,0,0,0,0,0,0,32,169,254,253,244,128,0,0,0,0,0,0,0,0,0,0,0,0,0,0,0,0,0,0,0,0,0,0,0,0,0,0,0,0,0,0,0,0,0,0,0,0,0,0,0,0,0,0,0,0,0,0,0,0,0,0,0,0,0,0,0,0,0,0,0,0,0,0,0,0,0,0,0,0,0,0,0,0,0,0,0,0,0,0,0,0,0,0,0,0,0,0,0,0,0,0,0,0,0,0,0,0
1,0,0,0,0,0,0,0,0,0,0,0,0,0,0,0,0,0,0,0,0,0,0,0,0,0,0,0,0,0,0,0,0,0,0,0,0,0,0,0,0,0,0,0,0,0,0,0,0,0,0,0,0,0,0,0,0,0,0,0,0,0,0,0,0,0,0,0,0,0,0,0,0,0,0,0,0,0,0,0,0,0,0,0,0,0,0,0,0,0,0,0,0,0,0,0,0,0,0,0,0,0,0,0,0,0,0,0,0,0,0,0,0,0,0,0,0,0,0,0,0,0,0,0,0,0,0,0,0,0,0,0,0,0,0,0,0,0,0,0,0,0,0,0,0,0,0,0,0,0,0,0,0,0,0,0,0,0,0,0,84,141,162,0,0,0,0,0,0,0,0,0,0,0,0,0,0,0,0,0,0,0,0,0,0,0,0,107,253,254,242,54,0,0,0,0,0,0,0,0,0,0,0,0,0,0,0,0,0,0,0,0,0,0,24,211,254,183,61,0,0,0,0,0,0,0,0,0,0,0,0,0,0,0,0,0,0,0,0,0,0,55,240,254,218,7,0,0,0,0,0,0,0,0,0,0,0,0,0,0,0,0,0,0,0,0,0,0,0,110,254,162,22,0,0,0,0,0,0,0,0,0,0,0,0,0,0,0,0,0,0,0,0,0,0,0,106,247,254,78,0,0,0,0,0,0,0,0,0,0,0,0,0,0,0,0,0,0,0,0,0,0,0,0,197,254,166,12,0,0,0,0,0,0,0,0,0,0,0,0,0,0,0,0,0,0,0,0,0,0,0,101,244,206,13,0,0,0,0,0,0,0,0,0,0,0,0,0,0,0,0,0,0,0,0,0,0,0,64,244,254,195,0,0,0,0,0,0,0,0,0,0,0,0,0,0,0,0,0,0,0,0,0,0,0,0,180,254,238,78,0,0,0,0,0,0,0,0,0,0,0,0,0,0,0,0,0,0,0,0,0,0,0,64,243,254,158,0,0,0,0,0,0,0,0,0,0,0,0,0,0,0,0,0,0,0,0,0,0,0,0,180,254,254,58,0,0,0,0,0,0,0,0,0,0,0,0,0,0,0,0,0,0,0,0,0,0,0,17,223,254,180,18,0,0,0,0,0,0,0,0,0,0,0,0,0,0,0,0,0,0,0,0,0,0,0,180,254,242,44,0,0,0,0,0,0,0,0,0,0,0,0,0,0,0,0,0,0,0,0,0,0,0,64,243,254,159,0,0,0,0,0,0,0,0,0,0,0,0,0,0,0,0,0,0,0,0,0,0,0,0,113,254,255,45,0,0,0,0,0,0,0,0,0,0,0,0,0,0,0,0,0,0,0,0,0,0,0,9,231,254,194,19,0,0,0,0,0,0,0,0,0,0,0,0,0,0,0,0,0,0,0,0,0,0,0,106,254,254,39,0,0,0,0,0,0,0,0,0,0,0,0,0,0,0,0,0,0,0,0,0,0,0,0,49,241,254,39,0,0,0,0,0,0,0,0,0,0,0,0,0,0,0,0,0,0,0,0,0,0,0,0,0,162,207,19,0,0,0,0,0,0,0,0,0,0,0,0,0,0,0,0,0,0,0,0,0,0,0,0,0,0,0,0,0,0,0,0,0,0,0,0,0,0,0,0,0,0,0,0,0,0,0,0,0,0,0,0,0,0,0,0,0,0,0,0,0,0,0,0,0,0,0,0,0,0,0,0,0,0,0,0,0,0,0,0,0,0,0,0,0,0,0,0,0,0,0,0,0,0,0,0,0,0,0
3,0,0,0,0,0,0,0,0,0,0,0,0,0,0,0,0,0,0,0,0,0,0,0,0,0,0,0,0,0,0,0,0,0,0,0,0,0,0,0,0,0,0,0,0,0,0,0,0,0,0,0,0,0,0,0,0,0,0,0,0,0,0,0,0,0,0,0,0,0,0,0,0,0,0,0,0,0,0,0,0,0,0,0,0,0,0,0,0,0,0,0,0,0,0,0,0,0,0,0,0,0,0,0,0,0,0,0,0,0,0,0,0,0,0,0,0,0,0,0,0,0,0,0,0,0,0,0,0,0,0,0,0,0,0,0,0,0,0,0,0,0,0,0,0,0,0,0,9,77,150,254,254,254,254,75,0,0,0,0,0,0,0,0,0,0,0,0,0,0,0,0,0,0,0,13,175,253,254,224,207,207,228,246,162,65,0,0,0,0,0,0,0,0,0,0,0,0,0,0,0,0,0,154,253,222,69,25,0,0,32,132,228,184,0,0,0,0,0,0,0,0,0,0,0,0,0,0,0,0,0,65,237,180,0,0,0,0,0,0,162,209,17,0,0,0,0,0,0,0,0,0,0,0,0,0,0,0,0,0,19,23,0,0,0,0,0,0,162,253,46,0,0,0,0,0,0,0,0,0,0,0,0,0,0,0,0,0,0,0,0,0,0,0,0,0,163,254,46,0,0,0,0,0,0,0,0,0,0,0,0,0,0,0,0,0,0,0,0,0,0,0,0,5,178,209,17,0,0,0,0,0,0,0,0,0,0,0,0,0,0,0,0,0,0,0,0,0,0,0,0,192,253,152,0,0,0,0,0,0,0,0,0,0,0,0,0,0,0,0,0,0,0,0,0,0,0,0,137,254,253,69,0,0,0,0,0,0,0,0,0,0,0,0,0,0,0,0,0,0,0,0,0,0,32,158,251,254,253,237,231,21,0,0,0,0,0,0,0,0,0,0,0,0,0,0,0,0,0,0,0,111,254,254,254,232,231,238,254,254,139,61,0,0,0,0,0,0,0,0,0,0,0,0,0,0,0,0,0,141,241,165,92,0,0,26,92,218,254,207,0,0,0,0,0,0,0,0,0,0,0,0,0,0,0,0,0,13,50,0,0,0,0,0,0,32,170,220,19,0,0,0,0,0,0,0,0,0,0,0,0,0,0,0,0,0,0,0,0,0,0,0,0,0,139,253,69,0,0,0,0,0,0,0,0,0,0,0,0,0,0,0,0,0,0,0,0,0,0,0,0,0,139,253,69,0,0,0,0,0,0,0,0,0,0,0,0,0,0,0,0,0,0,0,0,0,0,0,0,0,203,208,0,0,0,0,0,0,0,0,0,0,0,0,0,0,0,0,0,0,0,0,0,0,0,0,0,148,250,117,0,0,0,0,0,0,0,0,0,0,0,0,0,0,0,0,0,45,51,0,0,0,0,51,164,247,200,0,0,0,0,0,0,0,0,0,0,0,0,0,0,0,0,0,0,162,241,208,208,209,208,241,253,169,74,0,0,0,0,0,0,0,0,0,0,0,0,0,0,0,0,0,0,36,222,253,253,254,253,222,137,12,0,0,0,0,0,0,0,0,0,0,0,0,0,0,0,0,0,0,0,0,0,0,0,0,0,0,0,0,0,0,0,0,0,0,0,0,0,0,0,0,0,0,0,0,0,0,0,0,0,0,0,0,0,0,0,0,0,0,0,0,0,0,0,0,0,0,0,0,0,0,0,0,0,0,0,0,0,0,0,0,0,0,0,0,0,0,0,0,0,0,0,0,0
7,0,0,0,0,0,0,0,0,0,0,0,0,0,0,0,0,0,0,0,0,0,0,0,0,0,0,0,0,0,0,0,0,0,0,0,0,0,0,0,0,0,0,0,0,0,0,0,0,0,0,0,0,0,0,0,0,0,0,0,0,0,0,0,0,0,0,0,0,0,0,0,0,0,0,0,0,0,0,0,0,0,0,0,0,0,0,0,0,0,0,0,0,0,0,0,0,0,0,0,0,0,0,0,0,0,0,0,0,0,0,0,0,0,0,0,0,0,0,0,0,0,0,0,0,0,0,0,0,0,0,0,0,0,0,0,0,0,0,0,0,0,0,0,0,0,0,0,0,0,0,0,0,0,0,0,0,0,0,0,0,0,0,0,0,0,0,0,0,0,0,0,0,0,0,0,0,0,0,0,0,0,0,0,0,0,0,0,0,0,0,0,0,0,0,0,0,0,0,0,0,0,0,0,0,0,0,0,0,0,0,0,0,0,0,0,0,0,0,0,0,0,0,0,0,0,0,0,0,73,73,73,73,73,73,73,73,42,0,0,0,0,0,0,0,0,0,0,0,0,0,0,0,0,0,0,0,253,252,252,252,252,252,252,252,222,181,181,181,120,37,37,37,37,37,37,16,0,0,0,0,0,0,0,0,170,210,108,190,189,232,252,252,253,252,252,252,253,252,252,252,253,252,252,190,0,0,0,0,0,0,0,0,0,0,0,0,0,0,0,0,0,0,21,143,144,143,221,252,253,252,252,252,0,0,0,0,0,0,0,0,0,0,0,0,0,0,0,0,0,0,0,0,0,0,98,252,253,252,200,97,0,0,0,0,0,0,0,0,0,0,0,0,0,0,0,0,0,0,0,0,0,73,232,252,237,174,20,0,0,0,0,0,0,0,0,0,0,0,0,0,0,0,0,0,0,0,0,0,63,237,252,252,62,0,0,0,0,0,0,0,0,0,0,0,0,0,0,0,0,0,0,0,0,0,16,109,255,253,237,62,0,0,0,0,0,0,0,0,0,0,0,0,0,0,0,0,0,0,0,0,0,21,181,252,253,231,71,0,0,0,0,0,0,0,0,0,0,0,0,0,0,0,0,0,0,0,0,0,37,181,252,252,154,51,0,0,0,0,0,0,0,0,0,0,0,0,0,0,0,0,0,0,0,0,0,84,253,252,231,108,0,0,0,0,0,0,0,0,0,0,0,0,0,0,0,0,0,0,0,0,0,0,16,191,255,222,41,0,0,0,0,0,0,0,0,0,0,0,0,0,0,0,0,0,0,0,0,0,0,21,181,252,222,45,0,0,0,0,0,0,0,0,0,0,0,0,0,0,0,0,0,0,0,0,0,0,0,94,252,231,41,0,0,0,0,0,0,0,0,0,0,0,0,0,0,0,0,0,0,0,0,0,0,0,0,217,252,190,145,144,125,0,0,0,0,0,0,0,0,0,0,0,0,0,0,0,0,0,0,0,0,0,0,218,253,253,255,159,125,0,0,0,0,0,0,0,0,0,0,0,0,0,0,0,0,0,0,0,0,0,0,72,179,179,119,5,0,0,0,0,0,0,0,0,0,0,0,0,0,0,0,0,0,0,0,0,0,0,0,0,0,0,0,0,0,0,0,0,0,0,0,0,0,0,0,0,0,0,0,0,0,0,0,0,0,0,0,0,0,0,0,0,0,0,0,0,0,0,0,0,0,0,0,0,0,0,0,0,0,0,0,0,0,0,0,0,0,0,0,0,0,0,0,0,0,0,0,0,0,0,0,0,0,0
5,0,0,0,0,0,0,0,0,0,0,0,0,0,0,0,0,0,0,0,0,0,0,0,0,0,0,0,0,0,0,0,0,0,0,0,0,0,0,0,0,0,0,0,0,0,0,0,0,0,0,0,0,0,0,0,0,0,0,0,0,0,0,0,0,0,0,0,0,0,0,0,0,0,0,0,0,0,0,0,0,0,0,0,0,0,0,0,0,0,0,0,0,0,0,0,0,0,0,0,0,0,0,0,0,0,0,0,0,0,0,0,0,0,0,0,0,0,0,0,0,0,0,0,0,0,0,0,0,0,0,0,0,0,0,0,0,0,0,0,0,0,0,0,0,0,0,0,0,0,0,0,0,0,0,0,0,0,0,0,0,0,0,0,0,0,0,0,0,0,0,0,0,0,0,0,0,0,0,0,0,0,0,25,78,146,171,254,254,255,210,3,0,0,0,0,0,0,0,0,0,0,0,0,0,0,57,76,76,114,184,228,253,253,253,253,253,253,253,84,0,0,0,0,0,0,0,0,0,0,0,0,0,1,191,253,253,253,253,253,253,253,250,248,251,253,253,18,0,0,0,0,0,0,0,0,0,0,0,0,0,44,253,253,253,253,232,210,171,94,44,0,135,242,166,2,0,0,0,0,0,0,0,0,0,0,0,0,5,200,253,253,253,154,33,0,0,0,0,0,35,48,0,0,0,0,0,0,0,0,0,0,0,0,0,0,6,253,253,244,114,7,6,11,51,110,0,0,0,0,0,0,0,0,0,0,0,0,0,0,0,0,0,0,27,253,253,203,70,157,204,253,253,245,131,10,0,0,0,0,0,0,0,0,0,0,0,0,0,0,0,0,114,253,253,253,253,253,253,253,253,253,253,206,45,0,0,0,0,0,0,0,0,0,0,0,0,0,0,0,107,253,253,253,253,253,238,191,237,245,253,253,119,0,0,0,0,0,0,0,0,0,0,0,0,0,0,0,6,253,253,228,132,92,8,0,0,61,253,253,141,0,0,0,0,0,0,0,0,0,0,0,0,0,0,0,2,54,54,29,0,0,0,0,0,22,253,253,226,0,0,0,0,0,0,0,0,0,0,0,0,0,0,0,0,0,0,0,0,0,0,0,0,22,253,253,226,0,0,0,0,0,0,0,0,0,0,0,0,0,0,0,0,0,0,0,0,0,0,0,0,22,253,253,154,0,0,0,0,0,0,0,0,0,0,0,0,0,0,0,0,0,0,0,0,0,0,0,0,64,253,253,119,0,0,0,0,0,0,0,0,0,0,0,0,0,0,0,0,0,0,0,0,0,0,0,0,188,253,253,61,0,0,0,0,0,0,0,0,0,0,0,0,0,0,0,0,0,0,0,0,0,0,0,64,249,253,159,4,0,0,0,0,0,0,0,0,0,0,0,0,0,0,0,0,0,0,5,84,0,0,23,204,253,253,48,0,0,0,0,0,0,0,0,0,0,0,0,0,0,0,0,0,0,0,118,253,212,141,211,253,251,124,1,0,0,0,0,0,0,0,0,0,0,0,0,0,0,0,0,0,0,0,120,253,253,253,253,253,171,0,0,0,0,0,0,0,0,0,0,0,0,0,0,0,0,0,0,0,0,0,22,166,253,207,253,128,3,0,0,0,0,0,0,0,0,0,0,0,0,0,0,0,0,0,0,0,0,0,0,0,0,0,0,0,0,0,0,0,0,0,0,0,0,0,0,0,0,0,0,0,0,0,0,0,0,0,0,0,0,0,0,0,0,0,0,0,0,0,0,0,0,0,0,0
4,0,0,0,0,0,0,0,0,0,0,0,0,0,0,0,0,0,0,0,0,0,0,0,0,0,0,0,0,0,0,0,0,0,0,0,0,0,0,0,0,0,0,0,0,0,0,0,0,0,0,0,0,0,0,0,0,0,0,0,0,0,0,0,0,0,0,0,0,0,0,0,0,0,0,0,0,0,0,0,0,0,0,0,0,0,0,0,0,0,0,0,0,0,0,0,0,0,0,0,0,0,0,0,0,0,0,0,0,0,0,0,0,0,0,0,0,0,0,0,0,0,0,0,0,0,0,0,0,0,0,0,0,0,0,0,0,0,0,0,0,0,0,0,0,0,0,0,0,0,191,255,64,0,0,0,0,128,64,0,0,0,0,0,0,0,0,0,0,0,0,0,0,0,0,0,0,64,255,255,191,0,0,0,128,255,255,0,0,0,0,0,0,0,0,0,0,0,0,0,0,0,0,0,0,255,255,255,191,0,0,0,128,255,255,0,0,0,0,0,0,0,0,0,0,0,0,0,0,0,0,0,0,255,255,191,0,0,0,0,128,255,255,0,0,0,0,0,0,0,0,0,0,0,0,0,0,0,0,0,64,255,255,128,0,0,0,0,128,255,255,0,0,0,0,0,0,0,0,0,0,0,0,0,0,0,0,0,128,255,255,128,0,0,0,0,128,255,255,0,0,0,0,0,0,0,0,0,0,0,0,0,0,0,0,0,128,255,255,128,0,0,0,0,128,255,255,0,0,0,0,0,0,0,0,0,0,0,0,0,0,0,0,0,128,255,255,128,0,0,0,0,128,255,255,128,0,0,0,0,0,0,0,0,0,0,0,0,0,0,0,0,128,255,255,128,0,0,0,0,0,255,255,128,0,0,0,0,0,0,0,0,0,0,0,0,0,0,0,0,128,255,255,128,0,0,0,0,0,255,255,128,0,0,0,0,0,0,0,0,0,0,0,0,0,0,0,0,128,255,255,128,0,0,0,0,0,255,255,191,0,128,128,191,64,0,0,0,0,0,0,0,0,0,0,0,64,255,255,255,128,0,0,0,128,255,255,255,255,255,255,255,255,0,0,0,0,0,0,0,0,0,0,0,0,191,255,255,255,255,255,255,255,255,255,255,255,255,255,255,255,0,0,0,0,0,0,0,0,0,0,0,0,0,191,255,255,255,255,255,255,255,255,255,191,128,255,255,191,0,0,0,0,0,0,0,0,0,0,0,0,0,0,64,128,128,128,128,191,255,255,128,0,0,64,128,0,0,0,0,0,0,0,0,0,0,0,0,0,0,0,0,0,0,0,0,128,255,255,128,0,0,0,0,0,0,0,0,0,0,0,0,0,0,0,0,0,0,0,0,0,0,0,0,128,255,255,128,0,0,0,0,0,0,0,0,0,0,0,0,0,0,0,0,0,0,0,0,0,0,0,0,191,255,255,191,0,0,0,0,0,0,0,0,0,0,0,0,0,0,0,0,0,0,0,0,0,0,0,0,191,255,255,255,0,0,0,0,0,0,0,0,0,0,0,0,0,0,0,0,0,0,0,0,0,0,0,0,64,128,128,191,0,0,0,0,0,0,0,0,0,0,0,0,0,0,0,0,0,0,0,0,0,0,0,0,0,0,0,0,0,0,0,0,0,0,0,0,0,0,0,0,0,0,0,0,0,0,0,0,0,0,0,0,0,0,0,0,0,0,0,0,0,0,0,0,0,0,0,0,0,0,0,0,0,0,0,0,0,0,0,0,0,0,0,0,0,0,0,0,0,0,0,0,0
4,0,0,0,0,0,0,0,0,0,0,0,0,0,0,0,0,0,0,0,0,0,0,0,0,0,0,0,0,0,0,0,0,0,0,0,0,0,0,0,0,0,0,0,0,0,0,0,0,0,0,0,0,0,0,0,0,0,0,0,0,0,0,0,0,0,0,0,0,0,0,0,0,0,0,0,0,0,0,0,0,0,0,0,0,0,0,0,0,0,0,0,0,0,0,0,0,0,0,0,0,0,0,0,0,0,0,0,0,0,0,0,0,0,0,0,0,0,0,0,0,0,0,0,0,0,0,0,0,0,0,0,0,0,0,0,0,0,0,0,0,0,0,0,0,0,0,0,0,0,0,11,34,118,24,5,0,0,0,0,0,0,255,196,0,0,0,0,0,0,0,0,0,0,0,0,0,0,0,189,253,244,174,17,0,0,0,0,0,95,249,75,0,0,0,0,0,0,0,0,0,0,0,0,0,0,0,230,253,174,0,0,0,0,0,0,68,246,199,0,0,0,0,0,0,0,0,0,0,0,0,0,0,0,0,230,253,92,0,0,0,0,0,26,203,252,21,0,0,0,0,0,0,0,0,0,0,0,0,0,0,0,0,230,243,50,0,0,0,0,0,174,252,200,0,0,0,0,0,0,0,0,0,0,0,0,0,0,0,0,0,231,231,0,0,0,0,0,110,253,203,11,0,0,0,0,0,0,0,0,0,0,0,0,0,0,0,0,0,230,230,0,0,0,0,36,219,252,139,0,0,0,0,0,0,0,0,0,0,0,0,0,0,0,0,0,0,230,230,0,0,0,0,170,252,202,70,38,0,0,0,0,0,0,0,0,0,0,0,0,0,0,0,0,0,230,249,75,0,0,95,253,252,240,210,35,0,0,0,0,0,0,0,0,0,0,0,0,0,0,0,0,0,178,253,217,32,43,230,253,252,221,88,0,0,0,0,0,0,0,0,0,0,0,0,0,0,0,0,0,0,53,244,253,253,253,253,252,209,32,0,0,0,0,0,0,0,0,0,0,0,0,0,0,0,0,0,0,0,0,50,173,252,252,231,84,0,0,0,0,0,0,0,0,0,0,0,0,0,0,0,0,0,0,0,0,0,0,0,78,252,227,100,0,0,0,0,0,0,0,0,0,0,0,0,0,0,0,0,0,0,0,0,0,0,0,62,236,252,66,0,0,0,0,0,0,0,0,0,0,0,0,0,0,0,0,0,0,0,0,0,0,0,0,191,252,221,25,0,0,0,0,0,0,0,0,0,0,0,0,0,0,0,0,0,0,0,0,0,0,0,64,255,249,115,0,0,0,0,0,0,0,0,0,0,0,0,0,0,0,0,0,0,0,0,0,0,0,17,193,253,185,0,0,0,0,0,0,0,0,0,0,0,0,0,0,0,0,0,0,0,0,0,0,0,0,176,252,253,209,165,21,0,0,0,0,0,0,0,0,0,0,0,0,0,0,0,0,0,0,0,0,0,26,224,252,253,235,64,0,0,0,0,0,0,0,0,0,0,0,0,0,0,0,0,0,0,0,0,0,0,7,211,252,180,18,0,0,0,0,0,0,0,0,0,0,0,0,0,0,0,0,0,0,0,0,0,0,0,0,0,0,0,0,0,0,0,0,0,0,0,0,0,0,0,0,0,0,0,0,0,0,0,0,0,0,0,0,0,0,0,0,0,0,0,0,0,0,0,0,0,0,0,0,0,0,0,0,0,0,0,0,0,0,0,0,0,0,0,0,0,0,0,0,0,0,0,0,0,0,0,0,0,0,0
1,0,0,0,0,0,0,0,0,0,0,0,0,0,0,0,0,0,0,0,0,0,0,0,0,0,0,0,0,0,0,0,0,0,0,0,0,0,0,0,0,0,0,0,0,0,0,0,0,0,0,0,0,0,0,0,0,0,0,0,0,0,0,0,0,0,0,0,0,0,0,0,0,0,0,0,0,0,0,0,0,0,0,0,0,0,0,0,0,0,0,0,0,0,0,0,0,0,0,0,0,0,0,0,0,0,0,0,0,0,0,0,0,0,0,0,0,0,0,0,0,0,0,0,0,0,0,0,0,114,255,107,0,0,0,0,0,0,0,0,0,0,0,0,0,0,0,0,0,0,0,0,0,0,0,0,0,184,253,106,0,0,0,0,0,0,0,0,0,0,0,0,0,0,0,0,0,0,0,0,0,0,0,0,65,246,253,106,0,0,0,0,0,0,0,0,0,0,0,0,0,0,0,0,0,0,0,0,0,0,0,0,183,253,250,76,0,0,0,0,0,0,0,0,0,0,0,0,0,0,0,0,0,0,0,0,0,0,0,0,213,253,200,0,0,0,0,0,0,0,0,0,0,0,0,0,0,0,0,0,0,0,0,0,0,0,0,69,249,253,74,0,0,0,0,0,0,0,0,0,0,0,0,0,0,0,0,0,0,0,0,0,0,0,2,192,253,145,1,0,0,0,0,0,0,0,0,0,0,0,0,0,0,0,0,0,0,0,0,0,0,0,60,253,253,141,0,0,0,0,0,0,0,0,0,0,0,0,0,0,0,0,0,0,0,0,0,0,0,0,134,253,253,67,0,0,0,0,0,0,0,0,0,0,0,0,0,0,0,0,0,0,0,0,0,0,0,10,195,253,231,18,0,0,0,0,0,0,0,0,0,0,0,0,0,0,0,0,0,0,0,0,0,0,0,42,253,253,123,0,0,0,0,0,0,0,0,0,0,0,0,0,0,0,0,0,0,0,0,0,0,0,0,141,253,253,41,0,0,0,0,0,0,0,0,0,0,0,0,0,0,0,0,0,0,0,0,0,0,0,0,160,253,219,23,0,0,0,0,0,0,0,0,0,0,0,0,0,0,0,0,0,0,0,0,0,0,0,13,208,253,176,0,0,0,0,0,0,0,0,0,0,0,0,0,0,0,0,0,0,0,0,0,0,0,0,38,253,253,108,0,0,0,0,0,0,0,0,0,0,0,0,0,0,0,0,0,0,0,0,0,0,0,4,215,253,215,21,0,0,0,0,0,0,0,0,0,0,0,0,0,0,0,0,0,0,0,0,0,0,0,6,253,253,194,0,0,0,0,0,0,0,0,0,0,0,0,0,0,0,0,0,0,0,0,0,0,0,0,101,253,253,155,0,0,0,0,0,0,0,0,0,0,0,0,0,0,0,0,0,0,0,0,0,0,0,0,171,253,170,11,0,0,0,0,0,0,0,0,0,0,0,0,0,0,0,0,0,0,0,0,0,0,0,100,253,242,50,0,0,0,0,0,0,0,0,0,0,0,0,0,0,0,0,0,0,0,0,0,0,0,0,0,0,0,0,0,0,0,0,0,0,0,0,0,0,0,0,0,0,0,0,0,0,0,0,0,0,0,0,0,0,0,0,0,0,0,0,0,0,0,0,0,0,0,0,0,0,0,0,0,0,0,0,0,0,0,0,0,0,0,0,0,0,0,0,0,0,0,0,0,0,0,0,0,0,0,0,0,0,0,0,0,0,0,0,0,0,0,0,0,0,0,0,0,0,0,0,0,0,0,0,0,0,0
8,0,0,0,0,0,0,0,0,0,0,0,0,0,0,0,0,0,0,0,0,0,0,0,0,0,0,0,0,0,0,0,0,0,0,0,0,0,0,0,0,0,0,0,0,0,0,0,0,0,0,0,0,0,0,0,0,0,0,0,0,0,0,0,0,0,0,0,0,0,0,0,0,0,0,0,0,0,0,0,0,0,0,0,0,0,0,0,0,0,0,0,0,0,0,0,0,0,0,0,0,0,0,0,0,0,0,0,0,0,0,0,0,0,0,0,0,0,0,0,0,0,0,0,0,0,0,0,0,0,0,0,0,0,0,0,0,0,0,0,0,0,0,0,0,0,0,0,0,0,0,0,0,0,78,160,196,174,210,0,0,0,0,0,0,0,0,0,0,0,0,0,0,0,0,0,0,0,0,0,13,185,239,254,245,235,253,145,0,0,0,0,0,0,0,0,0,0,0,0,0,0,0,0,0,0,0,1,127,254,253,139,42,44,146,19,0,0,0,0,0,0,0,0,0,0,0,0,0,0,0,0,0,0,0,111,254,254,134,0,0,0,0,0,0,0,0,0,0,0,0,0,0,0,0,0,0,0,0,0,0,0,44,233,254,97,3,0,0,0,2,16,0,0,0,0,0,0,0,0,0,0,0,0,0,0,0,0,0,0,183,254,177,2,0,0,0,67,153,223,121,0,0,0,0,0,0,0,0,0,0,0,0,0,0,0,0,0,236,254,75,0,0,0,79,246,250,140,6,0,0,0,0,0,0,0,0,0,0,0,0,0,0,0,0,0,236,254,149,23,28,92,251,254,246,19,0,0,0,0,0,0,0,0,0,0,0,0,0,0,0,0,0,0,174,248,254,232,235,254,254,254,254,229,107,0,0,0,0,0,0,0,0,0,0,0,0,0,0,0,0,0,0,130,159,194,205,254,254,169,198,254,206,0,0,0,0,0,0,0,0,0,0,0,0,0,0,0,0,0,0,0,0,0,147,255,189,0,10,254,254,107,0,0,0,0,0,0,0,0,0,0,0,0,0,0,0,0,0,0,0,148,250,240,56,0,10,254,254,57,0,0,0,0,0,0,0,0,0,0,0,0,0,0,0,0,0,0,0,245,254,156,0,0,10,254,252,45,0,0,0,0,0,0,0,0,0,0,0,0,0,0,0,0,0,0,0,245,207,22,0,0,73,254,224,18,0,0,0,0,0,0,0,0,0,0,0,0,0,0,0,0,0,0,131,253,131,0,0,0,122,254,154,0,0,0,0,0,0,0,0,0,0,0,0,0,0,0,0,0,0,2,184,254,90,0,0,31,239,203,34,0,0,0,0,0,0,0,0,0,0,0,0,0,0,0,0,0,0,13,229,232,24,0,79,58,251,60,0,0,0,0,0,0,0,0,0,0,0,0,0,0,0,0,0,0,0,0,179,232,128,57,230,108,223,3,0,0,0,0,0,0,0,0,0,0,0,0,0,0,0,0,0,0,0,0,27,197,225,206,146,225,43,0,0,0,0,0,0,0,0,0,0,0,0,0,0,0,0,0,0,0,0,0,0,175,254,254,230,135,0,0,0,0,0,0,0,0,0,0,0,0,0,0,0,0,0,0,0,0,0,0,0,0,0,0,0,0,0,0,0,0,0,0,0,0,0,0,0,0,0,0,0,0,0,0,0,0,0,0,0,0,0,0,0,0,0,0,0,0,0,0,0,0,0,0,0,0,0,0,0,0,0,0,0,0,0,0,0,0,0,0,0,0,0,0,0,0,0,0,0,0,0,0,0
1,0,0,0,0,0,0,0,0,0,0,0,0,0,0,0,0,0,0,0,0,0,0,0,0,0,0,0,0,0,0,0,0,0,0,0,0,0,0,0,0,0,0,0,0,0,0,0,0,0,0,0,0,0,0,0,0,0,0,0,0,0,0,0,0,0,0,0,0,0,0,0,0,0,0,0,0,0,0,0,0,0,0,0,0,0,0,0,0,0,0,0,0,0,0,0,0,0,0,0,0,0,0,0,0,0,0,0,0,0,0,0,0,0,0,0,0,0,0,0,0,0,0,0,0,0,0,0,0,0,0,0,0,0,0,0,0,0,0,0,0,0,0,0,0,0,0,0,0,0,0,0,0,0,0,176,128,25,0,0,0,0,0,0,0,0,0,0,0,0,0,0,0,0,0,0,0,0,0,0,0,0,0,253,252,180,0,0,0,0,0,0,0,0,0,0,0,0,0,0,0,0,0,0,0,0,0,0,0,0,0,253,252,195,0,0,0,0,0,0,0,0,0,0,0,0,0,0,0,0,0,0,0,0,0,0,0,0,0,253,252,195,0,0,0,0,0,0,0,0,0,0,0,0,0,0,0,0,0,0,0,0,0,0,0,0,0,253,252,195,0,0,0,0,0,0,0,0,0,0,0,0,0,0,0,0,0,0,0,0,0,0,0,0,0,255,253,196,0,0,0,0,0,0,0,0,0,0,0,0,0,0,0,0,0,0,0,0,0,0,0,0,126,253,252,195,0,0,0,0,0,0,0,0,0,0,0,0,0,0,0,0,0,0,0,0,0,0,0,0,140,253,252,195,0,0,0,0,0,0,0,0,0,0,0,0,0,0,0,0,0,0,0,0,0,0,0,0,140,253,252,180,0,0,0,0,0,0,0,0,0,0,0,0,0,0,0,0,0,0,0,0,0,0,0,16,203,253,252,133,0,0,0,0,0,0,0,0,0,0,0,0,0,0,0,0,0,0,0,0,0,0,0,29,253,255,253,56,0,0,0,0,0,0,0,0,0,0,0,0,0,0,0,0,0,0,0,0,0,0,0,29,252,253,176,6,0,0,0,0,0,0,0,0,0,0,0,0,0,0,0,0,0,0,0,0,0,0,0,138,252,253,58,0,0,0,0,0,0,0,0,0,0,0,0,0,0,0,0,0,0,0,0,0,0,0,38,224,252,253,27,0,0,0,0,0,0,0,0,0,0,0,0,0,0,0,0,0,0,0,0,0,0,0,57,252,252,190,12,0,0,0,0,0,0,0,0,0,0,0,0,0,0,0,0,0,0,0,0,0,0,0,57,253,253,141,0,0,0,0,0,0,0,0,0,0,0,0,0,0,0,0,0,0,0,0,0,0,0,0,57,252,204,15,0,0,0,0,0,0,0,0,0,0,0,0,0,0,0,0,0,0,0,0,0,0,0,0,57,252,112,0,0,0,0,0,0,0,0,0,0,0,0,0,0,0,0,0,0,0,0,0,0,0,0,0,73,252,112,0,0,0,0,0,0,0,0,0,0,0,0,0,0,0,0,0,0,0,0,0,0,0,0,0,197,252,112,0,0,0,0,0,0,0,0,0,0,0,0,0,0,0,0,0,0,0,0,0,0,0,0,0,0,0,0,0,0,0,0,0,0,0,0,0,0,0,0,0,0,0,0,0,0,0,0,0,0,0,0,0,0,0,0,0,0,0,0,0,0,0,0,0,0,0,0,0,0,0,0,0,0,0,0,0,0,0,0,0,0,0,0,0,0,0,0,0,0,0,0,0,0,0,0,0,0
3,0,0,0,0,0,0,0,0,0,0,0,0,0,0,0,0,0,0,0,0,0,0,0,0,0,0,0,0,0,0,0,0,0,0,0,0,0,0,0,0,0,0,0,0,0,0,0,0,0,0,0,0,0,0,0,0,0,0,0,0,0,0,0,0,0,0,0,0,0,0,0,0,0,0,0,0,0,0,0,0,0,0,0,0,0,0,0,0,0,0,0,0,0,0,0,0,0,0,0,0,0,0,0,0,0,0,0,0,0,0,0,0,0,0,0,0,0,0,0,0,13,0,0,0,0,0,0,0,0,0,0,0,0,0,0,0,0,0,0,0,0,0,0,0,0,0,82,169,207,169,169,169,170,94,57,7,0,0,0,0,0,0,0,0,0,0,0,0,0,0,0,0,0,82,240,252,253,252,252,252,253,252,252,203,76,0,0,0,0,0,0,0,0,0,0,0,0,0,0,0,0,169,214,139,140,139,177,252,253,252,252,252,250,75,0,0,0,0,0,0,0,0,0,0,0,0,0,0,0,0,0,0,0,0,0,0,0,76,160,253,255,84,0,0,0,0,0,0,0,0,0,0,0,0,0,0,0,0,0,0,0,0,0,0,0,13,172,252,253,84,0,0,0,0,0,0,0,0,0,0,0,0,0,0,0,0,0,0,0,0,0,0,98,209,252,252,231,19,0,0,0,0,0,0,0,0,0,0,0,0,0,0,0,26,113,113,163,113,150,225,253,252,252,252,125,0,0,0,0,0,0,0,0,0,0,0,0,0,0,0,204,253,253,253,254,253,253,253,254,253,253,253,254,178,104,16,0,0,0,0,0,0,0,0,0,0,0,0,253,252,252,227,228,252,233,196,197,196,215,252,253,252,252,215,51,0,0,0,0,0,0,0,0,0,0,0,69,93,56,31,31,56,37,0,0,0,19,56,119,224,252,252,247,172,19,0,0,0,0,0,0,0,0,0,0,0,0,0,0,0,0,0,0,0,0,0,0,19,103,252,253,252,156,0,0,0,0,0,0,0,0,0,0,0,0,0,0,0,0,0,0,0,0,0,0,0,0,0,179,253,253,103,0,0,0,0,0,0,0,0,0,0,0,0,0,0,0,0,0,0,0,0,0,0,0,0,10,196,252,252,0,0,0,0,0,0,0,0,0,0,104,197,126,0,0,0,0,0,0,0,0,0,0,0,0,169,252,252,0,0,0,0,0,0,0,0,0,0,197,252,250,125,0,0,0,0,0,0,0,0,0,51,126,243,252,252,0,0,0,0,0,0,0,0,0,0,126,250,254,253,253,203,141,141,104,29,41,216,253,253,254,253,244,175,0,0,0,0,0,0,0,0,0,0,0,75,203,252,252,252,253,252,252,252,253,252,252,252,253,214,130,0,0,0,0,0,0,0,0,0,0,0,0,0,7,56,94,168,168,224,224,168,253,252,224,168,56,19,0,0,0,0,0,0,0,0,0,0,0,0,0,0,0,0,0,0,0,19,19,0,28,28,19,0,0,0,0,0,0,0,0,0,0,0,0,0,0,0,0,0,0,0,0,0,0,0,0,0,0,0,0,0,0,0,0,0,0,0,0,0,0,0,0,0,0,0,0,0,0,0,0,0,0,0,0,0,0,0,0,0,0,0,0,0,0,0,0,0,0,0,0,0,0,0,0,0,0,0,0,0,0,0,0,0,0,0,0,0,0,0,0,0,0,0,0,0,0,0,0,0,0,0,0,0,0,0,0,0,0,0,0,0,0,0,0,0,0,0,0,0,0,0,0,0
8,0,0,0,0,0,0,0,0,0,0,0,0,0,0,0,0,0,0,0,0,0,0,0,0,0,0,0,0,0,0,0,0,0,0,0,0,0,0,0,0,0,0,0,0,0,0,0,0,0,0,0,0,0,0,0,0,0,0,0,0,0,0,0,0,0,0,0,0,0,0,0,0,0,0,0,0,0,0,0,0,0,0,0,0,0,0,0,0,0,0,0,0,0,0,0,0,0,0,0,0,0,0,0,0,0,0,0,0,0,0,0,0,0,0,0,0,0,0,0,0,0,0,0,0,0,0,0,0,0,0,0,0,0,0,0,0,0,0,0,0,0,0,0,0,0,0,0,0,0,0,0,0,0,0,0,0,0,0,0,0,0,0,0,0,0,0,0,0,0,0,0,0,0,0,0,0,0,0,0,36,170,211,138,24,24,24,66,138,11,0,0,0,0,0,0,0,0,0,0,0,0,0,0,0,0,0,36,219,252,252,252,253,252,252,252,252,116,0,0,0,0,0,0,0,0,0,0,0,0,0,0,0,0,0,138,252,233,89,69,253,252,252,252,252,32,0,0,0,0,0,0,0,0,0,0,0,0,0,0,0,0,0,138,252,130,0,0,117,252,252,252,210,0,0,0,0,0,0,0,0,0,0,0,0,0,0,0,0,0,0,34,252,215,21,0,76,252,252,210,22,0,0,0,0,0,0,0,0,0,0,0,0,0,0,0,0,0,0,11,193,253,169,24,255,253,215,21,0,0,0,0,0,0,0,0,0,0,0,0,0,0,0,0,0,0,0,0,38,240,252,252,253,223,98,0,0,0,0,0,0,0,0,0,0,0,0,0,0,0,0,0,0,0,0,0,0,184,252,252,247,67,0,0,0,0,0,0,0,0,0,0,0,0,0,0,0,0,0,0,0,0,0,0,0,184,252,252,135,0,0,0,0,0,0,0,0,0,0,0,0,0,0,0,0,0,0,0,0,0,0,0,95,246,252,252,231,42,0,0,0,0,0,0,0,0,0,0,0,0,0,0,0,0,0,0,0,0,0,34,253,253,140,231,255,92,0,0,0,0,0,0,0,0,0,0,0,0,0,0,0,0,0,0,0,0,22,159,252,187,17,42,253,113,0,0,0,0,0,0,0,0,0,0,0,0,0,0,0,0,0,0,0,0,116,253,240,50,0,0,253,206,0,0,0,0,0,0,0,0,0,0,0,0,0,0,0,0,0,0,0,0,157,253,164,0,0,43,253,164,0,0,0,0,0,0,0,0,0,0,0,0,0,0,0,0,0,0,0,0,230,243,50,0,0,116,253,92,0,0,0,0,0,0,0,0,0,0,0,0,0,0,0,0,0,0,0,0,231,231,0,0,51,243,252,84,0,0,0,0,0,0,0,0,0,0,0,0,0,0,0,0,0,0,0,0,209,230,0,13,174,252,209,0,0,0,0,0,0,0,0,0,0,0,0,0,0,0,0,0,0,0,0,0,116,247,111,172,252,252,32,0,0,0,0,0,0,0,0,0,0,0,0,0,0,0,0,0,0,0,0,0,116,253,252,252,252,116,0,0,0,0,0,0,0,0,0,0,0,0,0,0,0,0,0,0,0,0,0,0,11,86,158,168,43,2,0,0,0,0,0,0,0,0,0,0,0,0,0,0,0,0,0,0,0,0,0,0,0,0,0,0,0,0,0,0,0,0,0,0,0,0,0,0,0,0,0,0,0,0,0,0,0,0,0,0,0,0,0,0,0,0,0,0,0,0,0,0,0,0,0,0,0,0,0
1,0,0,0,0,0,0,0,0,0,0,0,0,0,0,0,0,0,0,0,0,0,0,0,0,0,0,0,0,0,0,0,0,0,0,0,0,0,0,0,0,0,0,0,0,0,0,0,0,0,0,0,0,0,0,0,0,0,0,0,0,0,0,0,0,0,0,0,0,0,0,0,0,0,0,0,0,0,0,0,0,0,0,0,0,0,0,0,0,0,0,0,0,0,0,0,0,0,0,0,0,0,0,0,0,0,0,0,0,0,0,0,0,0,0,0,0,0,0,0,0,0,0,0,0,0,0,0,0,0,0,0,0,0,0,0,0,0,0,0,0,0,0,0,0,0,0,0,0,0,0,0,0,0,0,6,193,29,0,0,0,0,0,0,0,0,0,0,0,0,0,0,0,0,0,0,0,0,0,0,0,0,0,99,253,228,0,0,0,0,0,0,0,0,0,0,0,0,0,0,0,0,0,0,0,0,0,0,0,0,0,172,253,228,0,0,0,0,0,0,0,0,0,0,0,0,0,0,0,0,0,0,0,0,0,0,0,0,0,172,253,228,0,0,0,0,0,0,0,0,0,0,0,0,0,0,0,0,0,0,0,0,0,0,0,0,0,185,253,149,0,0,0,0,0,0,0,0,0,0,0,0,0,0,0,0,0,0,0,0,0,0,0,0,0,254,253,65,0,0,0,0,0,0,0,0,0,0,0,0,0,0,0,0,0,0,0,0,0,0,0,0,0,254,253,65,0,0,0,0,0,0,0,0,0,0,0,0,0,0,0,0,0,0,0,0,0,0,0,0,75,254,238,7,0,0,0,0,0,0,0,0,0,0,0,0,0,0,0,0,0,0,0,0,0,0,0,0,159,254,237,0,0,0,0,0,0,0,0,0,0,0,0,0,0,0,0,0,0,0,0,0,0,0,0,0,164,254,184,0,0,0,0,0,0,0,0,0,0,0,0,0,0,0,0,0,0,0,0,0,0,0,0,0,193,255,150,0,0,0,0,0,0,0,0,0,0,0,0,0,0,0,0,0,0,0,0,0,0,0,0,34,249,249,29,0,0,0,0,0,0,0,0,0,0,0,0,0,0,0,0,0,0,0,0,0,0,0,0,155,253,254,74,0,0,0,0,0,0,0,0,0,0,0,0,0,0,0,0,0,0,0,0,0,0,0,0,193,253,240,40,0,0,0,0,0,0,0,0,0,0,0,0,0,0,0,0,0,0,0,0,0,0,0,11,240,253,98,0,0,0,0,0,0,0,0,0,0,0,0,0,0,0,0,0,0,0,0,0,0,0,0,82,253,253,67,0,0,0,0,0,0,0,0,0,0,0,0,0,0,0,0,0,0,0,0,0,0,0,0,147,253,136,0,0,0,0,0,0,0,0,0,0,0,0,0,0,0,0,0,0,0,0,0,0,0,0,0,147,253,42,0,0,0,0,0,0,0,0,0,0,0,0,0,0,0,0,0,0,0,0,0,0,0,0,0,171,184,1,0,0,0,0,0,0,0,0,0,0,0,0,0,0,0,0,0,0,0,0,0,0,0,0,0,150,124,3,0,0,0,0,0,0,0,0,0,0,0,0,0,0,0,0,0,0,0,0,0,0,0,0,0,0,0,0,0,0,0,0,0,0,0,0,0,0,0,0,0,0,0,0,0,0,0,0,0,0,0,0,0,0,0,0,0,0,0,0,0,0,0,0,0,0,0,0,0,0,0,0,0,0,0,0,0,0,0,0,0,0,0,0,0,0,0,0,0,0,0,0,0,0,0,0,0,0
2,0,0,0,0,0,0,0,0,0,0,0,0,0,0,0,0,0,0,0,0,0,0,0,0,0,0,0,0,0,0,0,0,0,0,0,0,0,0,0,0,0,0,0,0,0,0,0,0,0,0,0,0,0,0,0,0,0,0,0,0,0,0,0,0,0,0,0,0,0,0,0,0,0,0,0,0,0,0,0,0,0,0,0,0,0,0,0,0,0,0,0,0,0,0,0,0,0,0,0,0,0,0,0,0,0,0,0,0,0,0,0,0,0,0,0,0,0,0,0,0,0,0,0,0,0,0,0,0,0,0,0,0,0,0,0,0,0,0,0,0,0,0,0,0,0,0,0,0,0,0,0,0,0,0,0,0,0,0,0,0,0,0,0,0,0,0,0,0,0,0,0,0,0,0,0,0,0,0,0,0,14,37,37,29,0,0,0,0,0,0,0,0,0,0,0,0,0,0,0,0,0,0,0,0,0,0,38,182,227,254,254,245,164,24,0,0,0,0,0,0,0,0,0,0,0,0,0,0,0,0,0,0,0,0,93,254,254,254,254,254,254,116,0,0,0,0,0,0,0,0,0,0,0,0,0,0,0,0,0,0,0,0,130,254,226,181,216,230,254,223,26,0,0,0,0,0,0,0,0,0,0,0,0,0,0,0,0,0,0,0,3,35,29,0,4,22,236,254,85,0,0,0,0,0,0,0,0,0,0,0,0,0,0,0,0,0,0,0,0,0,0,0,0,21,237,254,85,0,0,0,0,0,0,0,0,0,0,0,0,0,0,0,0,0,0,0,0,0,0,0,5,152,254,254,76,0,0,0,0,0,0,0,0,0,0,0,0,0,0,0,0,0,0,0,0,0,0,18,127,254,254,204,2,0,0,0,0,0,0,0,0,0,0,0,0,0,0,0,0,0,0,0,0,0,68,211,254,254,254,97,17,0,0,0,0,0,0,0,0,0,0,0,0,0,0,0,0,0,0,0,40,170,245,254,254,254,254,237,235,226,226,226,226,204,145,0,0,0,0,0,0,0,0,0,0,36,93,202,248,254,254,254,254,254,254,254,254,254,254,254,254,254,254,0,0,0,0,0,0,0,0,7,156,252,254,254,254,254,254,254,254,252,248,254,254,254,248,246,194,246,142,0,0,0,0,0,0,0,0,157,254,254,254,254,254,254,246,173,152,96,19,73,73,73,17,0,0,0,0,0,0,0,0,0,0,0,0,255,254,254,254,236,172,63,38,0,0,0,0,0,0,0,0,0,0,0,0,0,0,0,0,0,0,0,0,200,249,198,114,22,0,0,0,0,0,0,0,0,0,0,0,0,0,0,0,0,0,0,0,0,0,0,0,14,33,0,0,0,0,0,0,0,0,0,0,0,0,0,0,0,0,0,0,0,0,0,0,0,0,0,0,0,0,0,0,0,0,0,0,0,0,0,0,0,0,0,0,0,0,0,0,0,0,0,0,0,0,0,0,0,0,0,0,0,0,0,0,0,0,0,0,0,0,0,0,0,0,0,0,0,0,0,0,0,0,0,0,0,0,0,0,0,0,0,0,0,0,0,0,0,0,0,0,0,0,0,0,0,0,0,0,0,0,0,0,0,0,0,0,0,0,0,0,0,0,0,0,0,0,0,0,0,0,0,0,0,0,0,0,0,0,0,0,0,0,0,0,0,0,0,0,0,0,0,0,0,0,0,0,0,0,0,0,0,0,0,0,0,0,0,0,0,0,0,0,0,0,0,0,0,0,0,0,0,0,0,0,0,0,0,0,0,0,0
5,0,0,0,0,0,0,0,0,0,0,0,0,0,0,0,0,0,0,0,0,0,0,0,0,0,0,0,0,0,0,0,0,0,0,0,0,0,0,0,0,0,0,0,0,0,0,0,0,0,0,0,0,0,0,0,0,0,0,0,0,0,0,0,0,0,0,0,0,0,0,0,0,0,0,0,0,0,0,0,0,0,0,0,0,0,0,0,0,0,0,0,0,0,0,0,0,0,0,0,0,0,0,0,0,0,0,0,0,0,0,0,0,0,0,0,0,0,0,0,0,0,0,0,0,0,0,0,0,0,0,0,0,0,0,0,0,0,0,0,0,0,0,0,0,0,0,0,0,0,0,23,133,189,254,255,254,254,241,156,45,0,0,0,0,0,0,0,0,0,0,0,0,0,0,0,0,0,101,247,254,254,254,254,254,254,254,254,252,183,121,0,0,0,0,0,0,0,0,0,0,0,0,0,0,76,253,254,254,170,8,8,8,8,80,135,239,254,253,211,93,0,0,0,0,0,0,0,0,0,0,0,0,78,254,254,254,108,0,0,0,0,0,0,10,89,184,189,253,204,0,0,0,0,0,0,0,0,0,0,0,78,254,254,254,27,0,0,0,0,0,0,0,0,0,7,40,16,0,0,0,0,0,0,0,0,0,0,0,7,246,254,254,21,0,0,0,0,0,0,0,0,0,0,0,0,0,0,0,0,0,0,0,0,0,0,0,0,246,254,254,21,0,0,0,0,0,0,0,0,0,0,0,0,0,0,0,0,0,0,0,0,0,0,0,0,246,254,196,3,0,0,0,0,0,0,0,0,0,0,0,0,0,0,0,0,0,0,0,0,0,0,0,0,246,254,189,0,0,0,0,0,0,0,0,0,0,0,0,0,0,0,0,0,0,0,0,0,0,0,0,0,246,254,189,0,0,0,0,0,0,0,0,0,0,0,0,0,0,0,0,0,0,0,0,0,0,0,0,0,246,254,189,10,107,211,211,117,0,0,0,0,0,0,0,0,0,0,0,0,0,0,0,0,0,0,0,64,252,254,220,182,254,254,254,246,76,0,0,0,0,0,0,0,0,0,0,0,0,0,0,0,0,0,0,78,254,254,254,254,254,220,228,254,202,6,0,0,0,0,0,0,0,0,0,0,0,0,0,0,0,0,0,70,253,254,254,254,201,26,67,254,254,85,0,0,0,0,0,0,0,0,0,0,0,0,0,0,0,0,0,0,231,254,219,146,43,0,12,217,254,140,0,0,0,0,0,0,0,0,0,0,0,0,0,0,0,0,0,0,19,64,26,0,91,77,9,124,254,219,0,0,0,0,0,0,0,0,0,0,0,0,0,0,0,0,0,0,0,0,0,0,58,242,201,63,254,221,3,0,0,0,0,0,0,0,0,0,0,0,0,0,0,0,0,0,0,0,0,0,0,128,252,229,254,254,84,0,0,0,0,0,0,0,0,0,0,0,0,0,0,0,0,0,0,0,0,0,0,0,129,254,254,254,135,0,0,0,0,0,0,0,0,0,0,0,0,0,0,0,0,0,0,0,0,0,0,0,16,126,239,242,34,0,0,0,0,0,0,0,0,0,0,0,0,0,0,0,0,0,0,0,0,0,0,0,0,0,0,0,0,0,0,0,0,0,0,0,0,0,0,0,0,0,0,0,0,0,0,0,0,0,0,0,0,0,0,0,0,0,0,0,0,0,0,0,0,0,0,0,0,0,0,0,0,0,0,0,0,0,0,0,0,0,0,0,0,0,0,0,0,0,0,0,0
8,0,0,0,0,0,0,0,0,0,0,0,0,0,0,0,0,0,0,0,0,0,0,0,0,0,0,0,0,0,0,0,0,0,0,0,0,0,0,0,0,0,0,0,0,0,0,0,0,0,0,0,0,0,0,0,0,0,0,0,0,0,0,0,0,0,0,0,0,0,0,0,0,0,0,0,0,0,0,0,0,0,0,0,0,0,0,0,0,0,0,0,0,0,0,0,0,0,0,0,0,0,0,0,0,0,0,0,0,0,0,0,0,0,0,0,0,0,0,0,0,0,0,0,0,0,0,0,2,164,255,236,77,0,0,0,0,0,0,0,0,0,0,0,0,0,0,0,0,0,0,0,0,0,0,27,160,254,254,254,213,0,0,0,0,0,0,0,0,0,0,0,0,0,0,0,0,0,0,0,0,0,0,156,254,254,254,254,249,44,0,0,0,0,0,0,0,0,0,0,0,0,0,0,0,0,0,0,0,0,71,245,254,242,221,254,254,124,0,0,0,0,0,0,0,0,0,0,0,0,0,0,0,0,0,0,0,4,164,254,253,138,249,254,254,137,0,0,0,0,0,0,0,0,0,0,0,0,0,0,0,0,0,0,0,80,254,254,185,202,254,254,254,137,0,0,0,0,0,0,0,0,0,0,0,0,0,0,0,0,0,0,0,134,254,254,226,254,254,254,254,77,0,0,0,0,0,0,0,0,0,0,0,0,0,0,0,0,0,0,0,222,254,254,254,254,254,254,228,18,0,0,0,0,0,0,0,0,0,0,0,0,0,0,0,0,0,0,14,230,254,254,254,254,254,254,141,0,0,0,0,0,0,0,0,0,0,0,0,0,0,0,0,0,0,13,125,254,254,254,254,254,254,191,5,0,0,0,0,0,0,0,0,0,0,0,0,0,0,0,0,0,11,157,254,254,254,254,254,254,114,20,0,0,0,0,0,0,0,0,0,0,0,0,0,0,0,0,0,11,187,254,254,197,235,254,254,254,9,0,0,0,0,0,0,0,0,0,0,0,0,0,0,0,0,0,1,164,254,254,251,55,208,254,254,254,75,0,0,0,0,0,0,0,0,0,0,0,0,0,0,0,0,0,111,254,254,254,107,0,72,155,254,254,186,0,0,0,0,0,0,0,0,0,0,0,0,0,0,0,0,10,215,254,254,254,20,0,0,108,254,254,101,0,0,0,0,0,0,0,0,0,0,0,0,0,0,0,0,106,254,254,254,138,2,0,0,108,254,254,48,0,0,0,0,0,0,0,0,0,0,0,0,0,0,0,26,234,254,254,240,16,0,0,31,213,254,212,4,0,0,0,0,0,0,0,0,0,0,0,0,0,0,0,59,254,254,254,159,0,0,0,161,254,254,164,0,0,0,0,0,0,0,0,0,0,0,0,0,0,0,0,138,254,254,254,80,0,0,75,243,254,245,21,0,0,0,0,0,0,0,0,0,0,0,0,0,0,0,0,108,254,254,250,52,0,21,234,254,254,160,0,0,0,0,0,0,0,0,0,0,0,0,0,0,0,0,0,0,0,0,0,0,0,0,0,0,0,0,0,0,0,0,0,0,0,0,0,0,0,0,0,0,0,0,0,0,0,0,0,0,0,0,0,0,0,0,0,0,0,0,0,0,0,0,0,0,0,0,0,0,0,0,0,0,0,0,0,0,0,0,0,0,0,0,0,0,0,0,0,0,0,0,0,0,0,0,0,0,0,0,0,0,0,0,0,0,0,0,0,0,0,0,0,0,0,0,0,0,0,0,0,0,0,0
0,0,0,0,0,0,0,0,0,0,0,0,0,0,0,0,0,0,0,0,0,0,0,0,0,0,0,0,0,0,0,0,0,0,0,0,0,0,0,0,0,0,0,0,0,0,0,0,0,0,0,0,0,0,0,0,0,0,0,0,0,0,0,0,0,0,0,0,0,0,0,0,0,0,0,0,0,0,0,0,0,0,0,0,0,0,0,0,0,0,0,0,0,0,0,0,0,0,0,0,0,0,0,0,0,0,0,0,0,0,0,0,0,0,0,0,0,0,0,0,0,0,0,0,0,0,0,0,0,0,0,0,0,0,0,0,0,0,0,0,0,0,0,0,0,0,0,0,0,0,0,0,0,0,0,0,81,254,96,225,255,227,22,0,0,0,0,0,0,0,0,0,0,0,0,0,0,0,0,0,0,0,20,134,253,253,230,253,253,253,74,0,0,0,0,0,0,0,0,0,0,0,0,0,0,0,0,0,0,33,206,253,247,60,65,199,253,253,202,52,0,0,0,0,0,0,0,0,0,0,0,0,0,0,0,0,81,243,253,221,101,0,0,21,235,253,253,93,0,0,0,0,0,0,0,0,0,0,0,0,0,0,0,68,247,253,248,54,0,0,0,0,38,253,248,46,0,0,0,0,0,0,0,0,0,0,0,0,0,0,21,200,253,250,62,0,0,0,0,0,21,253,243,0,0,0,0,0,0,0,0,0,0,0,0,0,0,2,169,253,250,106,0,0,0,0,0,0,28,253,237,0,0,0,0,0,0,0,0,0,0,0,0,0,0,52,253,250,102,0,0,0,0,0,0,0,125,253,139,0,0,0,0,0,0,0,0,0,0,0,0,0,0,217,253,148,0,0,0,0,0,0,0,0,212,253,139,0,0,0,0,0,0,0,0,0,0,0,0,0,73,246,209,12,0,0,0,0,0,0,0,48,244,253,76,0,0,0,0,0,0,0,0,0,0,0,0,30,240,253,98,0,0,0,0,0,0,0,0,119,253,199,8,0,0,0,0,0,0,0,0,0,0,0,0,54,253,221,33,0,0,0,0,0,0,0,18,223,253,84,0,0,0,0,0,0,0,0,0,0,0,0,0,176,253,88,0,0,0,0,0,0,0,0,111,253,201,20,0,0,0,0,0,0,0,0,0,0,0,0,50,249,253,20,0,0,0,0,0,0,0,48,241,253,31,0,0,0,0,0,0,0,0,0,0,0,0,0,94,253,253,20,0,0,0,0,0,0,0,163,253,165,8,0,0,0,0,0,0,0,0,0,0,0,0,0,10,236,253,29,0,0,0,0,0,0,72,222,238,37,0,0,0,0,0,0,0,0,0,0,0,0,0,0,0,113,253,201,21,0,0,0,14,109,218,230,121,0,0,0,0,0,0,0,0,0,0,0,0,0,0,0,0,21,219,253,156,23,11,58,225,253,247,74,0,0,0,0,0,0,0,0,0,0,0,0,0,0,0,0,0,0,31,241,253,253,253,253,253,208,42,0,0,0,0,0,0,0,0,0,0,0,0,0,0,0,0,0,0,0,0,53,179,253,185,149,86,10,0,0,0,0,0,0,0,0,0,0,0,0,0,0,0,0,0,0,0,0,0,0,0,0,0,0,0,0,0,0,0,0,0,0,0,0,0,0,0,0,0,0,0,0,0,0,0,0,0,0,0,0,0,0,0,0,0,0,0,0,0,0,0,0,0,0,0,0,0,0,0,0,0,0,0,0,0,0,0,0,0,0,0,0,0,0,0,0,0,0,0,0,0,0,0,0,0
6,0,0,0,0,0,0,0,0,0,0,0,0,0,0,0,0,0,0,0,0,0,0,0,0,0,0,0,0,0,0,0,0,0,0,0,0,0,0,0,0,220,235,20,0,0,0,0,0,0,0,0,0,0,0,0,0,0,0,0,0,0,0,0,0,0,0,0,52,253,254,31,0,0,0,0,0,0,0,0,0,0,0,0,0,0,0,0,0,0,0,0,0,0,0,0,134,254,185,4,0,0,0,0,0,0,0,0,0,0,0,0,0,0,0,0,0,0,0,0,0,0,0,14,186,254,95,0,0,0,0,0,0,0,0,0,0,0,0,0,0,0,0,0,0,0,0,0,0,0,0,169,254,158,4,0,0,0,0,0,0,0,0,0,0,0,0,0,0,0,0,0,0,0,0,0,0,0,16,214,254,59,0,0,0,0,0,0,0,0,0,0,0,0,0,0,0,0,0,0,0,0,0,0,0,0,202,254,196,3,0,0,0,0,0,0,0,0,0,0,0,0,0,0,0,0,0,0,0,0,0,0,0,93,254,252,58,0,0,0,0,0,0,0,0,0,0,0,0,0,0,0,0,0,0,0,0,0,0,0,0,209,254,111,0,0,0,0,0,0,0,0,0,0,0,0,0,0,0,0,0,0,0,0,0,0,0,0,60,250,227,32,0,0,0,0,0,0,0,0,0,0,0,0,0,0,0,0,0,0,0,0,0,0,0,0,181,254,101,0,0,0,0,0,0,0,0,0,9,32,27,0,0,0,0,0,0,0,0,0,0,0,0,0,228,254,53,0,0,0,0,0,0,0,0,35,178,254,245,44,0,0,0,0,0,0,0,0,0,0,0,0,228,254,53,0,0,0,0,0,0,2,38,176,254,254,254,203,0,0,0,0,0,0,0,0,0,0,0,0,228,254,53,0,0,0,0,0,0,108,254,254,254,254,254,167,0,0,0,0,0,0,0,0,0,0,0,0,228,254,77,0,0,0,0,0,86,250,254,233,252,254,244,71,0,0,0,0,0,0,0,0,0,0,0,0,228,254,237,38,0,0,0,0,122,254,220,126,254,254,195,0,0,0,0,0,0,0,0,0,0,0,0,0,75,254,254,225,56,0,0,0,198,254,254,254,254,194,18,0,0,0,0,0,0,0,0,0,0,0,0,0,10,168,239,254,238,181,117,117,231,254,254,246,204,29,0,0,0,0,0,0,0,0,0,0,0,0,0,0,0,0,170,254,254,254,254,254,254,254,254,174,0,0,0,0,0,0,0,0,0,0,0,0,0,0,0,0,0,0,7,108,137,253,234,165,165,165,166,231,69,0,0,0,0,0,0,0,0,0,0,0,0,0,0,0,0,0,0,0,0,0,0,0,0,0,0,0,0,0,0,0,0,0,0,0,0,0,0,0,0,0,0,0,0,0,0,0,0,0,0,0,0,0,0,0,0,0,0,0,0,0,0,0,0,0,0,0,0,0,0,0,0,0,0,0,0,0,0,0,0,0,0,0,0,0,0,0,0,0,0,0,0,0,0,0,0,0,0,0,0,0,0,0,0,0,0,0,0,0,0,0,0,0,0,0,0,0,0,0,0,0,0,0,0,0,0,0,0,0,0,0,0,0,0,0,0,0,0,0,0,0,0,0,0,0,0,0,0,0,0,0,0,0,0,0,0,0,0,0,0,0,0,0,0,0,0,0,0,0,0,0,0,0,0,0,0,0,0,0,0,0,0,0,0,0,0,0,0,0,0,0,0,0,0,0,0,0,0,0,0,0,0,0,0
2,0,0,0,0,0,0,0,0,0,0,0,0,0,0,0,0,0,0,0,0,0,0,0,0,0,0,0,0,0,0,0,0,0,0,0,0,0,0,0,0,0,0,0,0,0,0,0,0,0,0,0,0,0,0,0,0,0,0,0,0,0,0,0,0,0,0,0,0,0,0,0,0,0,0,0,0,0,0,0,0,0,0,0,0,0,0,0,0,0,0,0,0,0,0,0,0,0,0,0,0,0,0,0,0,0,0,0,0,0,0,0,0,0,0,0,0,0,0,0,0,0,51,92,173,253,152,112,51,10,0,0,0,0,0,0,0,0,0,0,0,0,0,0,0,0,0,0,123,203,253,252,253,252,253,252,253,212,82,0,0,0,0,0,0,0,0,0,0,0,0,0,0,0,0,0,234,253,255,253,254,253,254,253,254,253,234,51,0,0,0,0,0,0,0,0,0,0,0,0,0,0,0,0,51,232,253,252,253,171,71,151,151,232,253,192,0,0,0,0,0,0,0,0,0,0,0,0,0,0,0,0,0,41,142,61,0,0,0,0,0,102,254,253,0,0,0,0,0,0,0,0,0,0,0,0,0,0,0,0,0,0,0,0,0,0,0,0,0,102,253,252,0,0,0,0,0,0,0,0,0,0,0,0,0,0,0,0,0,0,0,0,0,0,0,0,11,213,254,253,41,0,0,0,0,0,0,0,0,0,0,0,0,0,0,0,0,0,0,0,0,0,0,0,132,252,253,252,0,0,0,0,0,0,0,0,0,0,0,0,0,0,0,0,0,0,0,0,0,0,0,21,254,253,254,91,0,0,0,0,0,0,0,0,0,0,0,0,0,0,0,0,0,0,0,0,0,0,0,183,253,252,233,30,0,0,0,0,0,0,0,0,0,0,0,0,0,0,0,0,0,0,0,0,0,0,132,253,254,233,41,0,0,0,0,0,0,0,0,0,0,0,0,0,0,0,0,0,0,0,0,0,0,41,253,252,253,151,0,0,0,0,0,0,0,0,0,0,0,0,0,0,0,0,0,0,0,0,0,0,31,233,254,253,163,20,0,0,0,0,0,0,0,0,0,0,0,0,0,0,0,0,0,0,0,0,0,0,92,252,253,171,20,0,0,0,0,0,0,0,0,0,0,0,0,0,0,0,0,0,0,0,0,0,0,0,214,253,183,0,0,0,0,0,0,0,0,0,0,0,0,0,0,0,0,0,0,0,0,0,0,0,0,82,253,252,20,0,0,0,0,0,62,102,41,0,0,0,0,0,0,0,0,0,0,0,0,0,0,0,0,103,255,172,52,51,72,152,173,253,255,253,234,51,0,0,0,0,0,0,0,0,0,0,0,0,0,0,0,102,253,252,253,252,253,252,253,252,253,252,253,151,0,0,0,0,0,0,0,0,0,0,0,0,0,0,0,0,173,253,255,253,255,253,244,203,203,203,204,122,0,0,0,0,0,0,0,0,0,0,0,0,0,0,0,0,10,131,192,151,151,151,40,0,0,0,0,0,0,0,0,0,0,0,0,0,0,0,0,0,0,0,0,0,0,0,0,0,0,0,0,0,0,0,0,0,0,0,0,0,0,0,0,0,0,0,0,0,0,0,0,0,0,0,0,0,0,0,0,0,0,0,0,0,0,0,0,0,0,0,0,0,0,0,0,0,0,0,0,0,0,0,0,0,0,0,0,0,0,0,0,0,0,0,0,0,0,0,0,0,0,0,0,0,0,0,0,0,0,0,0,0,0,0,0,0,0,0,0,0,0,0,0,0,0
1,0,0,0,0,0,0,0,0,0,0,0,0,0,0,0,0,0,0,0,0,0,0,0,0,0,0,0,0,0,0,0,0,0,0,0,0,0,0,0,0,0,0,0,0,0,0,0,0,0,0,0,0,0,0,0,0,0,0,0,0,0,0,0,0,0,0,0,0,0,0,0,0,0,0,0,0,0,0,0,0,0,0,0,0,0,0,0,0,0,0,0,0,0,0,0,0,0,0,0,0,0,0,0,0,0,0,0,0,0,0,0,0,0,0,0,0,0,0,0,0,0,0,0,0,234,172,21,0,0,0,0,0,0,0,0,0,0,0,0,0,0,0,0,0,0,0,0,0,0,0,0,0,92,232,203,61,0,0,0,0,0,0,0,0,0,0,0,0,0,0,0,0,0,0,0,0,0,0,0,0,0,203,254,151,0,0,0,0,0,0,0,0,0,0,0,0,0,0,0,0,0,0,0,0,0,0,0,0,0,203,253,232,0,0,0,0,0,0,0,0,0,0,0,0,0,0,0,0,0,0,0,0,0,0,0,0,0,102,254,253,0,0,0,0,0,0,0,0,0,0,0,0,0,0,0,0,0,0,0,0,0,0,0,0,0,142,253,252,0,0,0,0,0,0,0,0,0,0,0,0,0,0,0,0,0,0,0,0,0,0,0,0,0,203,254,253,0,0,0,0,0,0,0,0,0,0,0,0,0,0,0,0,0,0,0,0,0,0,0,0,0,203,253,252,0,0,0,0,0,0,0,0,0,0,0,0,0,0,0,0,0,0,0,0,0,0,0,0,0,203,254,253,0,0,0,0,0,0,0,0,0,0,0,0,0,0,0,0,0,0,0,0,0,0,0,0,0,203,253,171,0,0,0,0,0,0,0,0,0,0,0,0,0,0,0,0,0,0,0,0,0,0,0,0,31,233,254,151,0,0,0,0,0,0,0,0,0,0,0,0,0,0,0,0,0,0,0,0,0,0,0,0,51,252,253,151,0,0,0,0,0,0,0,0,0,0,0,0,0,0,0,0,0,0,0,0,0,0,0,0,152,253,254,131,0,0,0,0,0,0,0,0,0,0,0,0,0,0,0,0,0,0,0,0,0,0,0,0,152,252,253,50,0,0,0,0,0,0,0,0,0,0,0,0,0,0,0,0,0,0,0,0,0,0,0,0,152,253,254,50,0,0,0,0,0,0,0,0,0,0,0,0,0,0,0,0,0,0,0,0,0,0,0,0,152,252,253,50,0,0,0,0,0,0,0,0,0,0,0,0,0,0,0,0,0,0,0,0,0,0,0,0,255,253,224,20,0,0,0,0,0,0,0,0,0,0,0,0,0,0,0,0,0,0,0,0,0,0,0,0,253,252,203,0,0,0,0,0,0,0,0,0,0,0,0,0,0,0,0,0,0,0,0,0,0,0,0,0,234,253,204,0,0,0,0,0,0,0,0,0,0,0,0,0,0,0,0,0,0,0,0,0,0,0,0,0,51,232,122,0,0,0,0,0,0,0,0,0,0,0,0,0,0,0,0,0,0,0,0,0,0,0,0,0,0,0,0,0,0,0,0,0,0,0,0,0,0,0,0,0,0,0,0,0,0,0,0,0,0,0,0,0,0,0,0,0,0,0,0,0,0,0,0,0,0,0,0,0,0,0,0,0,0,0,0,0,0,0,0,0,0,0,0,0,0,0,0,0,0,0,0,0,0,0,0,0,0,0,0,0,0,0,0,0,0,0,0,0,0,0,0,0,0,0,0,0,0,0,0,0,0,0,0,0
1,0,0,0,0,0,0,0,0,0,0,0,0,0,0,0,0,0,0,0,0,0,0,0,0,0,0,0,0,0,0,0,0,0,0,0,0,0,0,0,0,0,0,0,0,0,0,0,0,0,0,0,0,0,0,0,0,0,0,0,0,0,0,0,0,0,0,0,0,0,0,0,0,0,0,0,0,0,0,0,0,0,0,0,0,0,0,0,0,0,0,0,0,0,0,0,0,0,0,0,0,0,0,0,0,0,0,0,0,0,0,0,0,0,0,0,0,0,0,0,0,0,0,0,0,0,0,0,0,0,0,0,0,0,0,0,0,0,0,0,0,0,0,0,0,0,0,0,0,0,0,0,0,0,172,11,0,0,0,0,0,0,0,0,0,0,0,0,0,0,0,0,0,0,0,0,0,0,0,0,0,4,251,136,0,0,0,0,0,0,0,0,0,0,0,0,0,0,0,0,0,0,0,0,0,0,0,0,0,71,253,249,0,0,0,0,0,0,0,0,0,0,0,0,0,0,0,0,0,0,0,0,0,0,0,0,0,0,250,249,0,0,0,0,0,0,0,0,0,0,0,0,0,0,0,0,0,0,0,0,0,0,0,0,0,0,250,249,0,0,0,0,0,0,0,0,0,0,0,0,0,0,0,0,0,0,0,0,0,0,0,0,0,0,250,249,0,0,0,0,0,0,0,0,0,0,0,0,0,0,0,0,0,0,0,0,0,0,0,0,0,0,250,249,0,0,0,0,0,0,0,0,0,0,0,0,0,0,0,0,0,0,0,0,0,0,0,0,0,0,250,249,0,0,0,0,0,0,0,0,0,0,0,0,0,0,0,0,0,0,0,0,0,0,0,0,0,0,250,249,0,0,0,0,0,0,0,0,0,0,0,0,0,0,0,0,0,0,0,0,0,0,0,0,0,0,250,249,0,0,0,0,0,0,0,0,0,0,0,0,0,0,0,0,0,0,0,0,0,0,0,0,0,0,250,249,0,0,0,0,0,0,0,0,0,0,0,0,0,0,0,0,0,0,0,0,0,0,0,0,0,0,250,226,0,0,0,0,0,0,0,0,0,0,0,0,0,0,0,0,0,0,0,0,0,0,0,0,0,0,250,149,0,0,0,0,0,0,0,0,0,0,0,0,0,0,0,0,0,0,0,0,0,0,0,0,0,0,250,177,0,0,0,0,0,0,0,0,0,0,0,0,0,0,0,0,0,0,0,0,0,0,0,0,0,0,250,249,0,0,0,0,0,0,0,0,0,0,0,0,0,0,0,0,0,0,0,0,0,0,0,0,0,0,250,249,0,0,0,0,0,0,0,0,0,0,0,0,0,0,0,0,0,0,0,0,0,0,0,0,0,0,250,252,51,0,0,0,0,0,0,0,0,0,0,0,0,0,0,0,0,0,0,0,0,0,0,0,0,0,175,255,95,0,0,0,0,0,0,0,0,0,0,0,0,0,0,0,0,0,0,0,0,0,0,0,0,0,45,246,95,0,0,0,0,0,0,0,0,0,0,0,0,0,0,0,0,0,0,0,0,0,0,0,0,0,0,164,58,0,0,0,0,0,0,0,0,0,0,0,0,0,0,0,0,0,0,0,0,0,0,0,0,0,0,0,0,0,0,0,0,0,0,0,0,0,0,0,0,0,0,0,0,0,0,0,0,0,0,0,0,0,0,0,0,0,0,0,0,0,0,0,0,0,0,0,0,0,0,0,0,0,0,0,0,0,0,0,0,0,0,0,0,0,0,0,0,0,0,0,0,0,0,0,0
7,0,0,0,0,0,0,0,0,0,0,0,0,0,0,0,0,0,0,0,0,0,0,0,0,0,0,0,0,0,0,0,0,0,0,0,0,0,0,0,0,0,0,0,0,0,0,0,0,0,0,0,0,0,0,0,0,0,0,0,0,0,0,0,0,0,0,0,0,0,0,0,0,0,0,0,0,0,0,0,0,0,0,0,0,0,0,0,0,0,0,0,0,0,0,0,0,0,0,0,0,0,0,0,0,0,0,0,0,0,0,0,0,0,0,0,0,0,0,0,0,0,0,0,0,0,0,0,0,0,0,0,0,0,0,0,0,0,0,0,0,0,0,0,0,0,0,0,0,0,0,0,0,0,0,0,0,0,0,0,0,0,0,0,0,0,0,0,0,0,0,0,0,0,0,0,0,0,0,0,0,0,0,41,247,202,2,0,0,0,0,0,0,0,0,0,0,0,0,0,0,0,0,0,0,0,0,0,0,0,25,209,241,84,0,0,0,0,0,0,0,0,0,0,0,0,0,0,0,0,0,0,0,0,0,0,0,63,183,254,83,0,0,0,0,0,0,0,0,0,0,0,0,0,0,0,0,0,0,0,0,16,0,1,111,238,128,222,109,0,0,0,0,0,0,0,0,0,0,0,0,0,0,0,0,0,0,0,20,160,68,193,226,75,0,195,109,0,0,0,0,0,0,0,0,0,0,0,0,0,0,0,0,0,0,0,127,252,255,180,37,0,0,133,109,0,0,0,0,0,0,0,0,0,0,0,0,0,0,0,0,0,0,0,46,115,40,3,0,0,0,133,111,0,0,0,0,0,0,0,0,0,0,0,0,0,0,0,0,0,0,0,0,0,0,0,0,0,0,78,194,1,0,0,0,0,0,0,0,0,0,0,0,0,0,0,0,0,0,0,0,0,0,0,0,0,0,14,234,16,0,0,0,0,0,0,0,0,0,0,0,0,0,0,0,0,0,0,0,0,0,0,0,0,0,0,227,81,0,0,0,0,0,0,0,0,0,0,0,0,0,0,0,0,0,0,0,0,0,0,0,0,0,0,142,205,2,0,0,0,0,0,0,0,0,0,0,0,0,0,0,0,0,0,0,0,0,0,0,49,129,146,173,254,227,65,0,0,0,0,0,0,0,0,0,0,0,0,0,0,0,0,0,0,0,0,92,251,254,254,186,250,249,28,0,0,0,0,0,0,0,0,0,0,0,0,0,0,0,0,0,0,0,0,7,85,85,16,1,128,247,3,0,0,0,0,0,0,0,0,0,0,0,0,0,0,0,0,0,0,0,0,0,0,0,0,0,0,251,79,0,0,0,0,0,0,0,0,0,0,0,0,0,0,0,0,0,0,0,0,0,0,0,0,0,0,153,215,0,0,0,0,0,0,0,0,0,0,0,0,0,0,0,0,0,0,0,0,0,0,0,0,0,0,24,244,44,0,0,0,0,0,0,0,0,0,0,0,0,0,0,0,0,0,0,0,0,0,0,0,0,0,4,197,185,0,0,0,0,0,0,0,0,0,0,0,0,0,0,0,0,0,0,0,0,0,0,0,0,0,0,23,225,29,0,0,0,0,0,0,0,0,0,0,0,0,0,0,0,0,0,0,0,0,0,0,0,0,0,0,148,18,0,0,0,0,0,0,0,0,0,0,0,0,0,0,0,0,0,0,0,0,0,0,0,0,0,0,0,0,0,0,0,0,0,0,0,0,0,0,0,0,0,0,0,0,0,0,0,0,0,0,0,0,0,0,0,0,0,0,0,0,0,0,0
1,0,0,0,0,0,0,0,0,0,0,0,0,0,0,0,0,0,0,0,0,0,0,0,0,0,0,0,0,0,0,0,0,0,0,0,0,0,0,0,0,0,0,0,0,0,0,0,0,0,0,0,0,0,0,0,0,0,0,0,0,0,0,0,0,0,0,0,0,0,0,0,0,0,0,0,0,0,0,0,0,0,0,0,0,0,0,0,0,0,0,0,0,0,0,0,0,0,0,0,0,0,0,0,0,0,0,0,0,0,0,0,0,0,0,0,0,0,0,0,0,0,0,0,0,0,60,255,41,0,0,0,0,0,0,0,0,0,0,0,0,0,0,0,0,0,0,0,0,0,0,0,0,0,60,253,41,0,0,0,0,0,0,0,0,0,0,0,0,0,0,0,0,0,0,0,0,0,0,0,0,0,60,253,41,0,0,0,0,0,0,0,0,0,0,0,0,0,0,0,0,0,0,0,0,0,0,0,0,0,60,253,74,0,0,0,0,0,0,0,0,0,0,0,0,0,0,0,0,0,0,0,0,0,0,0,0,0,60,253,62,0,0,0,0,0,0,0,0,0,0,0,0,0,0,0,0,0,0,0,0,0,0,0,0,0,60,253,41,0,0,0,0,0,0,0,0,0,0,0,0,0,0,0,0,0,0,0,0,0,0,0,0,0,172,253,41,0,0,0,0,0,0,0,0,0,0,0,0,0,0,0,0,0,0,0,0,0,0,0,0,0,177,253,41,0,0,0,0,0,0,0,0,0,0,0,0,0,0,0,0,0,0,0,0,0,0,0,0,0,177,253,41,0,0,0,0,0,0,0,0,0,0,0,0,0,0,0,0,0,0,0,0,0,0,0,0,0,177,253,41,0,0,0,0,0,0,0,0,0,0,0,0,0,0,0,0,0,0,0,0,0,0,0,0,0,177,253,41,0,0,0,0,0,0,0,0,0,0,0,0,0,0,0,0,0,0,0,0,0,0,0,0,0,177,253,41,0,0,0,0,0,0,0,0,0,0,0,0,0,0,0,0,0,0,0,0,0,0,0,0,38,247,253,41,0,0,0,0,0,0,0,0,0,0,0,0,0,0,0,0,0,0,0,0,0,0,0,0,42,253,253,41,0,0,0,0,0,0,0,0,0,0,0,0,0,0,0,0,0,0,0,0,0,0,0,0,42,253,253,41,0,0,0,0,0,0,0,0,0,0,0,0,0,0,0,0,0,0,0,0,0,0,0,0,120,253,253,41,0,0,0,0,0,0,0,0,0,0,0,0,0,0,0,0,0,0,0,0,0,0,0,0,160,253,197,12,0,0,0,0,0,0,0,0,0,0,0,0,0,0,0,0,0,0,0,0,0,0,0,0,160,253,176,0,0,0,0,0,0,0,0,0,0,0,0,0,0,0,0,0,0,0,0,0,0,0,0,0,160,253,75,0,0,0,0,0,0,0,0,0,0,0,0,0,0,0,0,0,0,0,0,0,0,0,0,0,160,226,31,0,0,0,0,0,0,0,0,0,0,0,0,0,0,0,0,0,0,0,0,0,0,0,0,0,0,0,0,0,0,0,0,0,0,0,0,0,0,0,0,0,0,0,0,0,0,0,0,0,0,0,0,0,0,0,0,0,0,0,0,0,0,0,0,0,0,0,0,0,0,0,0,0,0,0,0,0,0,0,0,0,0,0,0,0,0,0,0,0,0,0,0,0,0,0,0,0,0,0,0,0,0,0,0,0,0,0,0,0,0,0,0,0,0,0,0,0,0,0,0,0,0,0,0,0
5,0,0,0,0,0,0,0,0,0,0,0,0,0,0,0,0,0,0,0,0,0,0,0,0,0,0,0,0,0,0,0,0,0,0,0,0,0,0,0,0,0,0,0,0,0,0,0,0,0,0,0,0,0,0,0,0,0,0,0,0,0,0,0,0,0,0,0,0,0,0,0,0,0,0,0,0,0,0,0,0,0,0,0,0,0,0,0,0,0,0,0,0,0,0,0,0,0,0,0,0,0,0,0,0,0,0,0,0,0,0,0,0,0,0,0,0,0,0,0,0,0,0,0,0,0,0,0,0,0,0,0,0,0,0,0,0,0,0,0,0,0,0,0,0,0,0,0,0,0,0,0,0,0,0,0,16,79,7,0,29,29,117,141,141,141,141,91,0,0,0,0,0,0,0,0,0,0,0,0,0,0,19,107,216,252,187,169,253,252,252,252,253,214,196,196,0,0,0,0,0,0,0,0,0,0,0,0,60,197,215,252,253,252,252,252,253,233,168,68,56,19,0,0,0,0,0,0,0,0,0,0,0,0,0,0,241,252,252,252,190,139,139,139,78,22,0,0,0,0,0,0,0,0,0,0,0,0,0,0,0,0,0,26,255,253,244,75,0,0,0,0,0,0,0,0,0,0,0,0,0,0,0,0,0,0,0,0,0,0,19,231,253,214,56,0,0,0,0,0,0,0,0,0,0,0,0,0,0,0,0,0,0,0,0,0,0,19,191,252,206,81,0,0,0,0,0,0,0,0,0,0,0,0,0,0,0,0,0,0,0,0,0,0,0,57,252,252,63,0,0,0,0,0,0,0,0,0,0,0,0,0,0,0,0,0,0,0,0,0,0,0,0,57,253,253,79,10,0,0,0,0,0,0,0,0,0,0,0,0,0,0,0,0,0,0,0,0,0,0,0,19,190,252,253,196,131,57,0,0,0,0,0,0,0,0,0,0,0,0,0,0,0,0,0,0,0,0,0,0,19,193,253,252,252,252,185,85,19,0,0,0,0,0,0,0,0,0,0,0,0,0,0,0,0,0,0,0,0,13,91,165,252,252,253,252,193,13,0,0,0,0,0,0,0,0,0,0,0,0,0,0,0,0,0,0,0,0,0,0,0,0,176,244,253,103,0,0,0,0,0,0,0,0,0,0,0,0,0,0,0,0,0,0,0,0,0,0,0,0,0,169,252,252,0,0,0,0,0,0,0,0,0,0,0,0,0,0,0,0,0,0,0,0,0,0,0,0,60,234,252,164,0,0,0,0,0,0,0,0,0,0,0,0,0,0,0,0,226,75,0,0,0,0,38,213,241,252,252,40,0,0,0,0,0,0,0,0,0,0,0,0,0,0,0,0,254,228,141,141,141,166,253,253,254,247,137,13,0,0,0,0,0,0,0,0,0,0,0,0,0,0,0,0,153,252,252,252,253,252,252,227,134,65,0,0,0,0,0,0,0,0,0,0,0,0,0,0,0,0,0,0,7,130,168,205,168,168,80,31,0,0,0,0,0,0,0,0,0,0,0,0,0,0,0,0,0,0,0,0,0,0,0,13,0,0,0,0,0,0,0,0,0,0,0,0,0,0,0,0,0,0,0,0,0,0,0,0,0,0,0,0,0,0,0,0,0,0,0,0,0,0,0,0,0,0,0,0,0,0,0,0,0,0,0,0,0,0,0,0,0,0,0,0,0,0,0,0,0,0,0,0,0,0,0,0,0,0,0,0,0,0,0,0,0,0,0,0,0,0,0,0,0,0,0,0,0,0,0,0,0,0,0,0,0
3,0,0,0,0,0,0,0,0,0,0,0,0,0,0,0,0,0,0,0,0,0,0,0,0,0,0,0,0,0,0,0,0,0,0,0,0,0,0,0,0,0,0,0,0,0,0,0,0,0,0,0,0,0,0,0,0,0,0,0,0,0,0,0,0,0,0,0,0,0,0,0,0,0,0,0,0,0,0,0,0,0,0,0,0,0,0,0,0,0,0,0,0,0,0,0,0,0,0,0,0,0,0,0,0,0,0,0,0,0,0,0,0,0,0,0,0,0,0,0,0,0,0,0,0,0,0,0,0,0,0,0,0,0,0,0,0,0,0,0,0,0,0,0,0,0,0,53,67,67,81,192,67,67,67,25,0,0,0,0,0,0,0,0,0,0,0,0,0,0,0,0,0,0,0,199,254,254,254,254,254,254,254,177,14,0,0,0,0,0,0,0,0,0,0,0,0,0,0,0,0,0,0,199,254,254,254,254,254,254,254,254,177,6,0,0,0,0,0,0,0,0,0,0,0,0,0,0,0,0,0,199,254,254,254,254,254,254,254,254,254,150,0,0,0,0,0,0,0,0,0,0,0,0,0,0,0,0,0,88,113,113,113,113,113,128,254,254,254,150,0,0,0,0,0,0,0,0,0,0,0,0,0,0,0,0,0,0,0,0,0,7,20,187,254,254,254,150,0,0,0,0,0,0,0,0,0,0,0,0,0,0,0,0,0,0,0,0,0,86,254,254,254,254,254,150,0,0,0,0,0,0,0,0,0,0,0,0,0,0,0,0,0,0,0,0,0,86,254,254,254,254,254,212,50,0,0,0,0,0,0,0,0,0,0,0,0,0,0,0,0,0,0,0,0,86,254,254,254,254,254,254,230,183,16,0,0,0,0,0,0,0,0,0,0,0,0,0,0,0,0,0,0,86,254,254,254,254,254,254,254,254,183,28,0,0,0,0,0,0,0,0,0,0,0,0,0,0,0,0,0,32,94,94,153,152,238,254,254,254,254,75,0,0,0,0,0,0,0,0,0,0,0,0,0,0,0,0,0,0,0,0,10,10,24,105,242,254,254,236,7,0,0,0,0,0,0,0,0,0,0,0,0,0,0,0,0,0,0,0,0,0,0,0,101,247,254,254,8,0,0,0,0,0,0,0,0,0,0,0,0,0,0,0,0,0,0,0,0,0,0,0,116,249,254,254,8,0,0,0,0,0,0,0,0,0,0,0,0,0,0,0,0,0,0,0,0,0,8,48,186,254,254,221,7,0,0,0,0,0,0,0,0,0,0,0,0,0,0,0,9,115,115,115,115,115,135,254,254,254,203,41,0,0,0,0,0,0,0,0,0,0,0,0,0,0,0,0,20,254,254,254,254,254,254,254,254,254,140,0,0,0,0,0,0,0,0,0,0,0,0,0,0,0,0,0,15,217,254,254,254,254,254,254,216,21,5,0,0,0,0,0,0,0,0,0,0,0,0,0,0,0,0,0,0,86,254,254,254,254,254,254,84,0,0,0,0,0,0,0,0,0,0,0,0,0,0,0,0,0,0,0,0,22,65,87,254,254,85,65,22,0,0,0,0,0,0,0,0,0,0,0,0,0,0,0,0,0,0,0,0,0,0,0,0,0,0,0,0,0,0,0,0,0,0,0,0,0,0,0,0,0,0,0,0,0,0,0,0,0,0,0,0,0,0,0,0,0,0,0,0,0,0,0,0,0,0,0,0,0,0,0,0,0,0,0,0,0,0,0,0,0,0,0,0,0,0,0,0,0,0,0,0,0,0
4,0,0,0,0,0,0,0,0,0,0,0,0,0,0,0,0,0,0,0,0,0,0,0,0,0,0,0,0,0,0,0,0,0,0,0,0,0,0,0,0,0,0,0,0,0,0,0,0,0,0,0,0,0,0,0,0,0,0,0,0,0,0,0,0,0,0,0,0,0,0,0,0,0,0,0,0,0,0,0,0,0,0,0,0,0,0,0,0,0,0,0,0,0,0,0,0,0,0,0,0,0,0,0,0,0,0,0,0,0,0,0,0,0,0,0,0,0,0,0,0,0,0,0,0,0,0,0,0,0,0,0,0,0,0,0,0,0,0,0,0,0,0,0,0,0,0,0,0,0,0,0,0,0,0,0,0,0,0,0,0,0,0,0,0,0,0,0,0,0,0,0,0,0,0,48,241,179,10,0,0,0,0,0,0,0,0,0,0,0,0,0,0,0,0,0,0,0,0,0,0,0,0,28,209,253,171,13,0,0,0,0,0,0,0,82,169,151,0,0,0,0,0,0,0,0,0,0,0,0,0,0,25,253,252,56,0,0,0,0,0,0,0,197,252,100,0,0,0,0,0,0,0,0,0,0,0,0,0,0,0,253,252,56,0,0,0,0,0,0,26,222,151,0,0,0,0,0,0,0,0,0,0,0,0,0,0,0,63,255,197,0,0,0,0,0,0,0,120,253,140,0,0,0,0,0,0,0,0,0,0,0,0,0,0,0,113,253,196,0,0,0,0,0,0,0,169,252,139,0,0,0,0,0,0,0,0,0,0,0,0,0,0,0,113,253,215,19,0,0,0,0,38,98,234,252,228,76,0,0,0,0,0,0,0,0,0,0,0,0,0,0,63,253,252,231,125,114,138,225,237,253,252,252,202,75,0,0,0,0,0,0,0,0,0,0,0,0,0,0,0,126,231,253,253,254,253,253,228,242,253,244,25,0,0,0,0,0,0,0,0,0,0,0,0,0,0,0,0,0,19,84,133,134,84,84,9,141,252,168,0,0,0,0,0,0,0,0,0,0,0,0,0,0,0,0,0,0,0,0,0,0,0,0,0,178,252,130,0,0,0,0,0,0,0,0,0,0,0,0,0,0,0,0,0,0,0,0,0,0,0,0,0,253,252,56,0,0,0,0,0,0,0,0,0,0,0,0,0,0,0,0,0,0,0,0,0,0,0,0,0,254,253,56,0,0,0,0,0,0,0,0,0,0,0,0,0,0,0,0,0,0,0,0,0,0,0,0,76,253,252,56,0,0,0,0,0,0,0,0,0,0,0,0,0,0,0,0,0,0,0,0,0,0,0,0,113,253,252,56,0,0,0,0,0,0,0,0,0,0,0,0,0,0,0,0,0,0,0,0,0,0,0,0,113,253,252,56,0,0,0,0,0,0,0,0,0,0,0,0,0,0,0,0,0,0,0,0,0,0,0,0,114,254,197,0,0,0,0,0,0,0,0,0,0,0,0,0,0,0,0,0,0,0,0,0,0,0,0,0,113,253,196,0,0,0,0,0,0,0,0,0,0,0,0,0,0,0,0,0,0,0,0,0,0,0,0,0,113,253,196,0,0,0,0,0,0,0,0,0,0,0,0,0,0,0,0,0,0,0,0,0,0,0,0,0,13,153,145,0,0,0,0,0,0,0,0,0,0,0,0,0,0,0,0,0,0,0,0,0,0,0,0,0,0,0,0,0,0,0,0,0,0,0,0,0,0,0,0,0,0,0,0,0,0,0,0,0,0,0,0,0,0,0,0,0,0,0,0,0,0,0,0,0,0
6,0,0,0,0,0,0,0,0,0,0,0,0,0,0,0,0,0,0,0,0,0,0,0,0,0,0,0,0,0,0,0,0,0,0,0,0,0,0,0,0,0,0,0,0,0,0,0,0,0,0,0,0,0,0,0,0,0,0,0,0,0,0,0,0,0,0,0,0,0,0,0,0,0,0,0,0,0,0,0,0,0,0,0,0,0,0,0,0,0,0,0,0,0,0,0,0,0,6,128,255,223,0,0,0,0,0,0,0,0,0,0,0,0,0,0,0,0,0,0,0,0,0,0,0,0,178,252,223,46,0,0,0,0,0,0,0,0,0,0,0,0,0,0,0,0,0,0,0,0,0,0,0,14,232,235,0,0,0,0,0,0,0,0,0,0,0,0,0,0,0,0,0,0,0,0,0,0,0,0,0,177,252,51,0,0,0,0,0,0,0,0,0,0,0,0,0,0,0,0,0,0,0,0,0,0,0,0,90,242,174,4,0,0,0,0,0,0,0,0,0,0,0,0,0,0,0,0,0,0,0,0,0,0,0,21,218,252,52,0,0,0,63,193,193,81,0,0,0,0,0,0,0,0,0,0,0,0,0,0,0,0,0,73,252,173,5,0,5,153,234,252,252,180,0,0,0,0,0,0,0,0,0,0,0,0,0,0,0,0,0,176,252,52,0,0,162,252,221,54,218,180,0,0,0,0,0,0,0,0,0,0,0,0,0,0,0,0,0,193,252,36,0,161,253,178,20,101,252,128,0,0,0,0,0,0,0,0,0,0,0,0,0,0,0,0,58,250,252,36,105,252,248,57,18,209,223,31,0,0,0,0,0,0,0,0,0,0,0,0,0,0,0,0,32,225,253,87,242,253,58,7,47,253,72,0,0,0,0,0,0,0,0,0,0,0,0,0,0,0,0,0,61,252,252,143,252,171,2,155,249,205,31,0,0,0,0,0,0,0,0,0,0,0,0,0,0,0,0,0,78,252,252,252,236,10,88,252,198,0,0,0,0,0,0,0,0,0,0,0,0,0,0,0,0,0,0,0,181,252,252,252,164,49,213,213,32,0,0,0,0,0,0,0,0,0,0,0,0,0,0,0,0,0,0,0,181,252,252,252,252,252,221,82,0,0,0,0,0,0,0,0,0,0,0,0,0,0,0,0,0,0,0,0,181,252,252,252,252,252,29,0,0,0,0,0,0,0,0,0,0,0,0,0,0,0,0,0,0,0,0,0,140,252,252,252,252,114,0,0,0,0,0,0,0,0,0,0,0,0,0,0,0,0,0,0,0,0,0,0,38,183,252,252,252,104,0,0,0,65,51,69,0,0,0,0,0,0,0,0,0,0,0,0,0,0,0,0,0,7,23,168,252,252,230,229,229,244,215,103,0,0,0,0,0,0,0,0,0,0,0,0,0,0,0,0,0,0,0,5,121,131,195,183,131,109,9,0,0,0,0,0,0,0,0,0,0,0,0,0,0,0,0,0,0,0,0,0,0,0,0,0,0,0,0,0,0,0,0,0,0,0,0,0,0,0,0,0,0,0,0,0,0,0,0,0,0,0,0,0,0,0,0,0,0,0,0,0,0,0,0,0,0,0,0,0,0,0,0,0,0,0,0,0,0,0,0,0,0,0,0,0,0,0,0,0,0,0,0,0,0,0,0,0,0,0,0,0,0,0,0,0,0,0,0,0,0,0,0,0,0,0,0,0,0,0,0,0,0,0,0,0,0,0,0,0,0,0,0,0,0,0,0,0,0,0,0,0,0,0,0,0,0,0,0
9,0,0,0,0,0,0,0,0,0,0,0,0,0,0,0,0,0,0,0,0,0,0,0,0,0,0,0,0,0,0,0,0,0,0,0,0,0,0,0,0,0,0,0,0,0,0,0,0,0,0,0,0,0,0,0,0,0,0,0,0,0,0,0,0,0,0,0,0,0,0,0,0,0,0,0,0,0,0,0,0,0,0,0,0,0,0,0,0,0,0,0,0,0,0,0,0,0,0,0,0,0,0,0,0,0,0,0,0,0,0,0,0,0,0,0,0,0,0,0,0,0,0,0,0,0,0,0,0,0,0,0,0,0,0,0,0,0,0,0,0,0,0,0,0,0,0,0,0,0,0,0,0,0,0,0,0,0,0,0,0,0,0,0,0,0,0,0,0,0,0,0,0,0,0,0,0,0,0,0,6,116,143,254,224,101,2,0,0,0,0,0,0,0,0,0,0,0,0,0,0,0,0,0,0,0,0,3,147,252,252,253,252,252,116,0,0,0,0,0,0,0,0,0,0,0,0,0,0,0,0,0,0,0,0,55,252,252,252,253,252,252,230,0,0,0,0,0,0,0,0,0,0,0,0,0,0,0,0,0,0,0,8,229,252,252,252,253,252,252,230,0,0,0,0,0,0,0,0,0,0,0,0,0,0,0,0,0,0,0,70,248,252,252,252,253,252,252,230,0,0,0,0,0,0,0,0,0,0,0,0,0,0,0,0,0,0,0,0,231,252,252,252,253,252,252,230,0,0,0,0,0,0,0,0,0,0,0,0,0,0,0,0,0,0,0,0,231,252,252,252,253,252,252,225,0,0,0,0,0,0,0,0,0,0,0,0,0,0,0,0,0,0,0,0,145,252,252,252,253,252,252,121,0,0,0,0,0,0,0,0,0,0,0,0,0,0,0,0,0,0,0,0,3,179,252,252,253,252,252,121,0,0,0,0,0,0,0,0,0,0,0,0,0,0,0,0,0,0,0,0,0,20,114,190,253,252,252,121,0,0,0,0,0,0,0,0,0,0,0,0,0,0,0,0,0,0,0,0,0,0,0,0,255,253,253,121,0,0,0,0,0,0,0,0,0,0,0,0,0,0,0,0,0,0,0,0,0,0,0,0,253,252,252,121,0,0,0,0,0,0,0,0,0,0,0,0,0,0,0,0,0,0,0,0,0,0,0,0,253,252,252,121,0,0,0,0,0,0,0,0,0,0,0,0,0,0,0,0,0,0,0,0,0,0,0,0,147,252,252,226,0,0,0,0,0,0,0,0,0,0,0,0,0,0,0,0,0,0,0,0,0,0,0,0,143,252,252,235,20,0,0,0,0,0,0,0,0,0,0,0,0,0,0,0,0,0,0,0,0,0,0,0,143,252,252,252,88,0,0,0,0,0,0,0,0,0,0,0,0,0,0,0,0,0,0,0,0,0,0,0,143,252,252,252,88,0,0,0,0,0,0,0,0,0,0,0,0,0,0,0,0,0,0,0,0,0,0,0,125,252,252,252,88,0,0,0,0,0,0,0,0,0,0,0,0,0,0,0,0,0,0,0,0,0,0,0,23,229,252,252,88,0,0,0,0,0,0,0,0,0,0,0,0,0,0,0,0,0,0,0,0,0,0,0,0,81,252,137,12,0,0,0,0,0,0,0,0,0,0,0,0,0,0,0,0,0,0,0,0,0,0,0,0,0,0,0,0,0,0,0,0,0,0,0,0,0,0,0,0,0,0,0,0,0,0,0,0,0,0,0,0,0,0,0,0,0,0,0,0,0,0,0,0,0
5,0,0,0,0,0,0,0,0,0,0,0,0,0,0,0,0,0,0,0,0,0,0,0,0,0,0,0,0,0,0,0,0,0,0,0,0,0,0,0,0,0,0,0,0,0,0,0,0,0,0,0,0,0,0,0,0,0,0,0,0,0,0,0,0,0,0,0,0,0,0,0,0,0,0,0,0,0,0,0,0,0,0,0,0,0,0,0,0,0,0,0,0,0,0,0,0,0,0,0,0,0,0,0,0,0,0,0,0,0,0,0,0,0,0,0,0,0,0,0,0,0,0,0,0,0,0,0,0,0,0,0,0,0,0,0,0,0,0,0,0,0,0,0,0,0,0,0,0,0,0,131,55,0,0,0,43,43,43,69,148,62,0,0,0,0,0,0,0,0,0,0,0,0,0,0,0,0,0,148,168,0,22,173,253,252,252,231,124,27,0,0,0,0,0,0,0,0,0,0,0,0,0,0,0,0,0,201,246,144,237,252,241,196,73,16,0,0,0,0,0,0,0,0,0,0,0,0,0,0,0,0,0,0,0,253,252,252,236,101,35,0,0,0,0,0,0,0,0,0,0,0,0,0,0,0,0,0,0,0,0,0,89,253,252,146,31,0,0,0,0,0,0,0,0,0,0,0,0,0,0,0,0,0,0,0,0,0,0,0,107,255,183,4,0,0,0,0,0,0,0,0,0,0,0,0,0,0,0,0,0,0,0,0,0,0,0,0,27,253,252,135,0,0,0,0,0,0,0,0,0,0,0,0,0,0,0,0,0,0,0,0,0,0,0,0,0,144,247,251,206,83,9,0,0,0,0,0,0,0,0,0,0,0,0,0,0,0,0,0,0,0,0,0,0,0,99,194,252,252,204,69,0,0,0,0,0,0,0,0,0,0,0,0,0,0,0,0,0,0,0,0,0,0,0,4,113,235,253,239,62,0,0,0,0,0,0,0,0,0,0,0,0,0,0,0,0,0,0,0,0,0,0,0,0,45,193,253,232,0,0,0,0,0,0,0,0,0,0,0,0,0,0,0,0,0,0,0,0,0,0,0,0,0,37,205,247,63,0,0,0,0,0,0,0,0,0,0,0,0,0,0,0,0,0,0,0,0,0,0,0,0,0,94,252,180,0,0,0,0,0,0,0,0,0,0,0,0,0,0,0,0,0,0,0,0,0,0,0,0,0,85,252,189,0,0,0,0,0,0,0,0,0,0,0,0,0,0,0,0,0,0,0,0,0,0,0,0,0,128,252,189,0,0,0,0,0,0,0,0,0,0,0,0,0,0,0,0,0,0,0,0,0,0,0,0,43,227,250,70,0,0,0,0,0,0,0,0,0,0,0,0,0,0,0,0,0,0,0,0,0,0,0,36,227,252,196,0,0,0,0,0,0,0,0,0,0,0,0,0,0,0,0,0,0,0,107,18,8,31,127,223,253,245,72,0,0,0,0,0,0,0,0,0,0,0,0,0,0,0,0,0,0,0,185,239,197,252,252,252,199,56,0,0,0,0,0,0,0,0,0,0,0,0,0,0,0,0,0,0,0,0,18,209,252,252,182,103,18,0,0,0,0,0,0,0,0,0,0,0,0,0,0,0,0,0,0,0,0,0,0,0,0,0,0,0,0,0,0,0,0,0,0,0,0,0,0,0,0,0,0,0,0,0,0,0,0,0,0,0,0,0,0,0,0,0,0,0,0,0,0,0,0,0,0,0,0,0,0,0,0,0,0,0,0,0,0,0,0,0,0,0,0,0,0,0,0,0,0,0,0,0,0,0,0
0,0,0,0,0,0,0,0,0,0,0,0,0,0,0,0,0,0,0,0,0,0,0,0,0,0,0,0,0,0,0,0,0,0,0,0,0,0,0,0,0,0,0,0,0,0,0,0,0,0,0,0,0,0,0,0,0,0,0,0,0,0,0,0,0,0,0,0,0,0,0,0,0,0,0,0,0,0,0,0,0,0,0,0,0,0,0,0,0,0,0,0,0,0,0,0,0,0,0,0,0,0,0,0,0,0,0,0,0,0,0,0,0,0,0,0,0,0,0,0,0,0,0,0,0,0,0,0,0,0,0,0,0,0,0,0,0,0,0,0,0,0,0,0,0,0,0,0,0,0,0,0,0,0,0,0,0,0,0,0,0,0,0,0,0,0,0,0,0,0,0,0,0,0,0,0,0,0,0,0,0,0,0,0,0,19,164,184,185,111,51,0,0,0,0,0,0,0,0,0,0,0,0,0,0,0,0,0,0,0,85,155,155,220,252,252,253,252,240,131,0,0,0,0,0,0,0,0,0,0,0,0,0,0,0,0,32,210,250,253,252,252,210,189,253,252,252,202,11,0,0,0,0,0,0,0,0,0,0,0,0,0,13,97,170,253,253,255,228,32,0,0,0,95,247,253,137,0,0,0,0,0,0,0,0,0,0,0,17,47,212,252,252,214,206,144,75,0,0,0,0,0,184,252,211,0,0,0,0,0,0,0,0,0,0,51,188,252,253,240,151,13,0,0,0,0,0,0,0,0,184,252,252,0,0,0,0,0,0,0,0,0,0,184,252,252,253,112,0,0,0,0,0,0,0,0,0,0,142,252,252,0,0,0,0,0,0,0,0,0,95,246,252,200,128,8,0,0,0,0,0,0,0,0,0,0,70,252,252,0,0,0,0,0,0,0,0,24,253,253,192,11,0,0,0,0,0,0,0,0,0,0,0,0,0,208,253,0,0,0,0,0,0,0,0,97,252,240,37,0,0,0,0,0,0,0,0,0,0,0,0,0,0,207,252,0,0,0,0,0,0,0,0,138,252,100,0,0,0,0,0,0,0,0,0,0,0,0,0,0,0,207,252,0,0,0,0,0,0,0,0,233,252,69,0,0,0,0,0,0,0,0,0,0,0,0,0,17,176,244,252,0,0,0,0,0,0,0,0,253,252,236,135,63,0,0,0,0,0,0,0,0,0,53,127,234,252,252,252,0,0,0,0,0,0,0,0,74,234,253,253,253,255,180,138,138,138,139,138,222,253,253,255,253,247,188,11,0,0,0,0,0,0,0,0,0,17,175,206,227,253,252,252,252,252,253,252,252,231,231,207,185,67,0,0,0,0,0,0,0,0,0,0,0,0,0,0,32,131,183,183,183,183,184,183,151,37,37,0,0,0,0,0,0,0,0,0,0,0,0,0,0,0,0,0,0,0,0,0,0,0,0,0,0,0,0,0,0,0,0,0,0,0,0,0,0,0,0,0,0,0,0,0,0,0,0,0,0,0,0,0,0,0,0,0,0,0,0,0,0,0,0,0,0,0,0,0,0,0,0,0,0,0,0,0,0,0,0,0,0,0,0,0,0,0,0,0,0,0,0,0,0,0,0,0,0,0,0,0,0,0,0,0,0,0,0,0,0,0,0,0,0,0,0,0,0,0,0,0,0,0,0,0,0,0,0,0,0,0,0,0,0,0,0,0,0,0,0,0,0,0,0,0,0,0,0,0,0,0,0,0,0,0,0,0,0,0,0,0,0,0,0,0,0,0,0,0,0,0,0,0,0,0,0,0
9,0,0,0,0,0,0,0,0,0,0,0,0,0,0,0,0,0,0,0,0,0,0,0,0,0,0,0,0,0,0,0,0,0,0,0,0,0,0,0,0,0,0,0,0,0,0,0,0,0,0,0,0,0,0,0,0,0,0,0,0,0,0,0,0,0,0,0,0,0,0,0,0,0,0,0,0,0,0,0,0,0,0,0,0,0,0,0,0,0,0,0,0,0,0,0,0,0,0,0,0,0,0,0,0,0,0,0,0,0,0,0,0,0,0,0,0,0,0,0,0,0,0,0,0,0,0,0,0,0,0,0,0,0,0,0,0,0,0,0,0,0,0,0,0,0,0,0,0,0,0,0,0,0,0,0,0,0,0,0,0,0,0,0,0,0,0,0,0,0,0,0,0,0,0,0,0,0,0,0,0,0,0,0,0,0,0,0,0,0,0,0,0,0,0,0,0,0,0,0,0,0,0,0,0,0,0,0,0,55,134,255,254,254,201,156,23,0,0,0,0,0,0,0,0,0,0,0,0,0,0,0,0,0,0,17,185,250,253,254,236,239,253,253,230,33,0,0,0,0,0,0,0,0,0,0,0,0,0,0,0,0,41,211,253,253,192,78,12,24,93,174,186,107,0,0,0,0,0,0,0,0,0,0,0,0,0,0,0,53,201,253,240,109,5,0,0,0,0,0,81,173,0,0,0,0,0,0,0,0,0,0,0,0,0,0,16,195,254,245,70,0,0,0,0,0,0,0,52,91,0,0,0,0,0,0,0,0,0,0,0,0,0,79,254,254,255,39,0,0,0,0,0,0,123,254,255,39,0,0,0,0,0,0,0,0,0,0,0,0,0,18,238,253,114,6,0,0,0,0,2,118,209,248,254,39,0,0,0,0,0,0,0,0,0,0,0,0,0,79,253,185,0,0,0,0,0,0,50,253,213,195,254,39,0,0,0,0,0,0,0,0,0,0,0,0,0,79,253,155,0,0,0,0,16,137,228,195,29,204,254,39,0,0,0,0,0,0,0,0,0,0,0,0,0,48,245,193,0,0,0,91,195,254,200,18,40,253,231,24,0,0,0,0,0,0,0,0,0,0,0,0,0,0,212,254,232,239,254,254,254,158,15,0,40,254,196,0,0,0,0,0,0,0,0,0,0,0,0,0,0,0,36,181,254,251,241,233,83,15,0,0,123,253,68,0,0,0,0,0,0,0,0,0,0,0,0,0,0,0,0,30,78,72,30,0,0,0,0,0,136,253,0,0,0,0,0,0,0,0,0,0,0,0,0,0,0,0,0,0,0,0,0,0,0,0,0,0,227,253,0,0,0,0,0,0,0,0,0,0,0,0,0,0,0,0,0,0,0,0,0,0,0,0,0,61,248,253,0,0,0,0,0,0,0,0,0,0,0,0,0,0,0,0,0,0,0,0,0,0,0,0,0,79,254,193,0,0,0,0,0,0,0,0,0,0,0,0,0,0,0,0,0,0,0,0,0,0,0,0,0,86,253,155,0,0,0,0,0,0,0,0,0,0,0,0,0,0,0,0,0,0,0,0,0,0,0,0,0,175,210,70,0,0,0,0,0,0,0,0,0,0,0,0,0,0,0,0,0,0,0,0,0,0,0,0,0,124,169,0,0,0,0,0,0,0,0,0,0,0,0,0,0,0,0,0,0,0,0,0,0,0,0,0,0,48,169,0,0,0,0,0,0,0,0,0,0,0,0,0,0,0,0,0,0,0,0,0,0,0,0,0,0,0,0,0,0,0,0,0,0,0,0,0,0
2,0,0,0,0,0,0,0,0,0,0,0,0,0,0,0,0,0,0,0,0,0,0,0,0,0,0,0,0,0,0,0,0,0,0,0,0,0,0,0,0,0,0,0,0,0,0,0,0,0,0,0,0,0,0,0,0,0,0,0,0,0,0,0,5,34,126,153,182,106,18,0,0,0,0,0,0,0,0,0,0,0,0,0,0,0,0,0,0,0,0,0,34,253,253,253,253,253,217,98,0,0,0,0,0,0,0,0,0,0,0,0,0,0,0,0,0,0,0,0,34,253,253,253,253,253,253,246,98,0,0,0,0,0,0,0,0,0,0,0,0,0,0,0,0,0,0,0,16,121,121,169,145,231,252,253,250,195,0,0,0,0,0,0,0,0,0,0,0,0,0,0,0,0,0,0,0,0,0,0,0,0,86,232,253,253,152,17,0,0,0,0,0,0,0,0,0,0,0,0,0,0,0,0,0,0,0,0,0,0,0,53,192,253,254,77,0,0,0,0,0,0,0,0,0,0,0,0,0,0,0,0,0,0,0,0,0,0,0,0,7,166,254,210,26,0,0,0,0,0,0,0,0,0,0,0,0,0,0,0,0,0,0,0,0,0,0,0,0,0,254,253,154,0,0,0,0,0,0,0,0,0,0,0,0,0,0,0,0,0,0,0,0,0,0,0,0,0,138,253,184,4,0,0,0,0,0,0,0,0,0,0,0,0,0,0,0,0,0,0,0,0,0,0,0,0,5,187,253,59,0,0,0,0,0,0,0,0,0,0,0,0,0,0,0,0,0,0,0,0,0,0,0,0,0,178,254,122,0,0,0,0,0,0,0,0,0,0,0,0,0,0,0,0,0,0,0,0,0,0,0,0,0,100,253,121,0,0,0,0,0,0,0,0,0,0,0,0,0,0,72,210,210,105,100,100,52,0,0,0,0,158,253,121,0,0,0,0,0,0,0,0,0,0,0,0,0,0,250,253,253,253,253,253,249,243,243,147,133,217,253,130,0,0,0,0,0,0,0,0,0,0,0,0,0,0,254,253,253,253,253,253,253,253,253,253,255,253,253,246,142,37,0,0,0,0,0,0,0,0,0,0,0,0,254,253,219,165,165,203,246,253,253,253,254,253,253,253,253,234,199,199,165,89,0,0,0,0,0,0,0,0,153,253,158,6,3,21,84,210,253,253,254,246,242,248,222,227,248,223,131,84,0,0,0,0,0,0,0,0,77,253,253,202,176,253,253,253,253,253,215,30,0,52,35,78,52,0,0,0,0,0,0,0,0,0,0,0,9,197,253,253,253,253,253,253,253,220,29,0,0,0,0,0,0,0,0,0,0,0,0,0,0,0,0,0,0,23,125,143,167,215,191,76,33,19,0,0,0,0,0,0,0,0,0,0,0,0,0,0,0,0,0,0,0,0,0,0,0,0,0,0,0,0,0,0,0,0,0,0,0,0,0,0,0,0,0,0,0,0,0,0,0,0,0,0,0,0,0,0,0,0,0,0,0,0,0,0,0,0,0,0,0,0,0,0,0,0,0,0,0,0,0,0,0,0,0,0,0,0,0,0,0,0,0,0,0,0,0,0,0,0,0,0,0,0,0,0,0,0,0,0,0,0,0,0,0,0,0,0,0,0,0,0,0,0,0,0,0,0,0,0,0,0,0,0,0,0,0,0,0,0,0,0,0,0,0,0,0,0,0,0,0,0,0,0,0,0,0,0,0,0,0,0,0,0,0,0,0,0,0,0,0,0,0,0,0,0,0,0,0,0,0,0,0
2,0,0,0,0,0,0,0,0,0,0,0,0,0,0,0,0,0,0,0,0,0,0,0,0,0,0,0,0,0,0,0,0,0,0,0,0,0,0,0,0,0,0,0,0,0,0,0,0,0,0,0,0,0,0,0,0,0,0,0,0,0,0,0,0,0,0,0,0,0,0,0,0,0,0,0,0,0,0,0,0,0,0,0,0,0,0,0,0,0,0,0,0,0,0,0,0,36,123,222,212,212,230,238,114,4,0,0,0,0,0,0,0,0,0,0,0,0,0,0,0,0,0,0,84,208,63,16,0,0,27,139,253,135,0,0,0,0,0,0,0,0,0,0,0,0,0,0,0,0,0,9,94,12,0,0,0,0,0,4,135,250,87,0,0,0,0,0,0,0,0,0,0,0,0,0,0,0,0,0,0,0,0,0,0,0,0,0,0,233,206,11,0,0,0,0,0,0,0,0,0,0,0,0,0,0,0,0,0,0,0,0,0,0,0,0,0,144,253,42,0,0,0,0,0,0,0,0,0,0,0,0,0,0,0,0,0,0,0,0,0,0,0,0,0,22,254,104,0,0,0,0,0,0,0,0,0,0,0,0,0,0,0,0,0,0,0,0,0,0,0,0,0,15,225,68,0,0,0,0,0,0,0,0,0,0,0,0,0,0,0,0,0,0,0,0,0,0,0,0,0,2,177,139,0,0,0,0,0,0,0,0,0,0,0,0,0,0,0,0,0,0,0,0,0,0,0,0,0,22,253,147,0,0,0,0,0,0,0,0,0,0,0,0,0,0,0,0,0,0,0,0,0,0,0,0,0,66,253,59,0,0,0,0,0,0,0,0,0,0,0,0,0,0,0,0,0,0,0,0,0,0,0,0,0,145,199,18,0,0,0,0,0,0,0,0,0,0,8,50,129,147,191,191,191,191,192,112,43,0,0,0,29,240,84,0,0,0,0,0,0,0,0,0,0,17,174,231,188,110,21,21,21,21,127,127,117,80,18,22,143,225,7,0,0,0,0,0,0,0,0,0,29,233,186,28,0,0,0,0,0,0,0,0,0,0,185,254,253,56,0,0,0,0,0,0,0,0,0,0,175,94,4,0,0,0,0,0,0,0,0,0,0,0,107,255,253,21,0,0,0,0,0,0,0,0,0,0,213,0,0,0,0,0,0,0,0,0,0,0,22,114,237,213,27,0,0,0,0,0,0,0,0,0,0,0,146,21,0,0,0,0,0,0,0,0,15,121,222,253,138,27,0,0,0,0,0,0,0,0,0,0,0,0,96,203,75,8,0,0,0,0,6,66,149,253,225,56,4,0,0,0,0,0,0,0,0,0,0,0,0,0,15,163,248,197,126,65,100,169,191,253,244,111,7,0,0,0,0,0,0,0,0,0,0,0,0,0,0,0,0,0,39,113,192,254,253,200,147,59,35,0,0,0,0,0,0,0,0,0,0,0,0,0,0,0,0,0,0,0,0,0,0,0,0,0,0,0,0,0,0,0,0,0,0,0,0,0,0,0,0,0,0,0,0,0,0,0,0,0,0,0,0,0,0,0,0,0,0,0,0,0,0,0,0,0,0,0,0,0,0,0,0,0,0,0,0,0,0,0,0,0,0,0,0,0,0,0,0,0,0,0,0,0,0,0,0,0,0,0,0,0,0,0,0,0,0,0,0,0,0,0,0,0,0,0,0,0,0,0,0,0,0,0,0,0,0,0,0,0,0,0,0,0,0,0,0,0,0,0,0,0,0,0,0,0,0,0,0,0,0,0,0,0,0
4,0,0,0,0,0,0,0,0,0,0,0,0,0,0,0,0,0,0,0,0,0,0,0,0,0,0,0,0,0,0,0,0,0,0,0,0,0,0,0,0,0,0,0,0,0,0,0,0,0,0,0,0,0,0,0,0,0,0,0,0,0,0,0,0,0,0,0,0,0,0,0,0,0,0,0,0,0,0,0,0,0,0,0,0,0,0,0,0,0,0,0,0,0,0,0,0,0,0,0,0,0,0,0,0,0,0,0,0,0,0,0,0,0,0,0,0,0,0,0,0,0,0,0,0,0,0,0,0,0,0,0,0,0,0,0,0,0,0,0,0,0,0,0,0,0,0,0,0,0,0,0,136,65,0,0,0,0,0,0,0,0,0,0,0,0,0,0,0,0,0,0,0,0,0,0,0,0,179,242,250,163,11,0,0,0,0,0,0,0,83,16,0,0,0,0,0,0,0,0,0,0,0,0,0,79,224,254,166,98,0,0,0,0,0,0,0,37,250,97,0,0,0,0,0,0,0,0,0,0,0,0,31,246,254,254,81,46,0,0,0,0,0,0,0,41,245,113,0,0,0,0,0,0,0,0,0,0,0,5,150,254,239,191,4,0,0,0,0,0,0,0,0,120,254,143,0,0,0,0,0,0,0,0,0,0,0,150,254,254,156,46,1,0,0,0,0,0,0,0,21,233,254,62,0,0,0,0,0,0,0,0,0,0,22,237,254,247,73,0,0,0,0,0,0,0,0,0,54,254,245,42,0,0,0,0,0,0,0,0,0,0,208,254,254,150,0,0,0,0,0,0,0,0,0,0,167,254,245,90,0,0,0,0,0,0,0,0,0,0,242,254,234,23,0,0,0,0,0,0,0,21,40,83,245,254,254,127,0,0,0,0,0,0,0,0,0,0,242,255,250,153,134,196,167,186,208,208,224,235,244,254,254,194,206,40,0,0,0,0,0,0,0,0,0,0,118,245,218,254,254,254,254,254,254,240,234,190,130,254,254,161,89,0,0,0,0,0,0,0,0,0,0,0,0,41,93,218,237,114,58,58,58,31,21,0,35,250,254,125,0,0,0,0,0,0,0,0,0,0,0,0,0,0,0,0,0,0,0,0,0,0,0,0,83,254,254,60,0,0,0,0,0,0,0,0,0,0,0,0,0,0,0,0,0,0,0,0,0,0,0,2,197,254,237,24,0,0,0,0,0,0,0,0,0,0,0,0,0,0,0,0,0,0,0,0,0,0,0,92,254,254,201,0,0,0,0,0,0,0,0,0,0,0,0,0,0,0,0,0,0,0,0,0,0,0,4,191,254,254,100,0,0,0,0,0,0,0,0,0,0,0,0,0,0,0,0,0,0,0,0,0,0,0,64,254,254,182,3,0,0,0,0,0,0,0,0,0,0,0,0,0,0,0,0,0,0,0,0,0,0,0,118,254,226,23,0,0,0,0,0,0,0,0,0,0,0,0,0,0,0,0,0,0,0,0,0,0,0,0,197,250,217,5,0,0,0,0,0,0,0,0,0,0,0,0,0,0,0,0,0,0,0,0,0,0,0,0,134,160,27,0,0,0,0,0,0,0,0,0,0,0,0,0,0,0,0,0,0,0,0,0,0,0,0,0,0,0,0,0,0,0,0,0,0,0,0,0,0,0,0,0,0,0,0,0,0,0,0,0,0,0,0,0,0,0,0,0,0,0,0,0,0,0,0,0,0,0,0,0,0,0,0,0,0,0,0,0,0,0,0,0,0,0,0,0,0,0,0,0,0,0,0,0,0
8,0,0,0,0,0,0,0,0,0,0,0,0,0,0,0,0,0,0,0,0,0,0,0,0,0,0,0,0,0,0,0,0,0,0,0,0,0,0,0,0,0,0,0,0,0,0,0,0,0,0,0,0,0,0,0,0,0,0,0,0,0,0,0,0,0,0,0,0,0,0,0,0,0,0,0,0,0,0,0,0,0,0,0,0,0,0,0,0,0,0,0,0,0,0,0,0,0,0,0,0,0,0,0,0,0,0,0,0,0,0,0,0,0,0,0,0,0,0,0,0,0,0,0,0,0,0,0,0,0,0,0,0,0,0,0,0,0,0,0,0,0,0,0,0,0,0,0,0,0,0,0,0,0,0,0,0,0,0,0,0,0,0,0,0,0,0,0,0,0,0,0,0,0,0,0,0,0,0,0,0,0,33,125,191,215,255,238,112,0,0,0,0,0,0,0,0,0,0,0,0,0,0,0,0,0,0,40,118,222,249,253,253,253,253,253,253,102,0,0,0,0,0,0,0,0,0,0,0,0,0,0,0,0,98,226,253,253,253,253,230,142,217,253,253,236,112,51,0,0,0,0,0,0,0,0,0,0,0,0,44,222,251,253,221,149,48,19,15,0,103,253,253,253,253,237,0,0,0,0,0,0,0,0,0,0,0,150,239,253,253,60,18,0,0,74,192,228,245,253,253,253,253,247,0,0,0,0,0,0,0,0,0,0,150,252,253,171,48,5,0,26,92,212,253,253,253,241,162,85,111,199,0,0,0,0,0,0,0,0,0,0,248,253,199,56,0,73,86,200,253,253,253,194,82,34,0,0,2,18,0,0,0,0,0,0,0,0,0,0,248,253,253,236,209,247,253,253,253,253,226,38,0,0,0,0,0,0,0,0,0,0,0,0,0,0,0,0,178,250,253,253,253,253,253,253,253,253,253,218,104,0,0,0,0,0,0,0,0,0,0,0,0,0,0,0,0,55,112,71,195,253,253,201,238,253,253,253,244,104,0,0,0,0,0,0,0,0,0,0,0,0,0,0,0,0,0,0,24,225,253,51,50,65,170,253,253,228,23,0,0,0,0,0,0,0,0,0,0,0,0,0,0,0,0,0,0,215,253,78,0,0,15,171,253,253,97,0,0,0,0,0,0,0,0,0,0,0,0,0,0,0,0,0,0,215,253,181,0,0,0,14,195,253,97,0,0,0,0,0,0,0,0,0,0,0,0,0,0,0,0,0,0,215,253,192,9,0,0,0,169,248,82,0,0,0,0,0,0,0,0,0,0,0,0,0,0,0,0,0,0,131,253,253,150,9,0,6,180,221,0,0,0,0,0,0,0,0,0,0,0,0,0,0,0,0,0,0,0,33,226,253,253,78,0,60,253,207,0,0,0,0,0,0,0,0,0,0,0,0,0,0,0,0,0,0,0,0,193,249,253,229,150,222,250,84,0,0,0,0,0,0,0,0,0,0,0,0,0,0,0,0,0,0,0,0,0,128,253,253,253,253,207,0,0,0,0,0,0,0,0,0,0,0,0,0,0,0,0,0,0,0,0,0,0,33,217,252,253,249,82,0,0,0,0,0,0,0,0,0,0,0,0,0,0,0,0,0,0,0,0,0,0,0,0,92,149,78,0,0,0,0,0,0,0,0,0,0,0,0,0,0,0,0,0,0,0,0,0,0,0,0,0,0,0,0,0,0,0,0,0,0,0,0,0,0,0,0,0,0,0,0,0,0,0,0,0,0,0,0,0,0,0,0,0,0,0,0,0,0,0,0,0,0,0
2,0,0,0,0,0,0,0,0,0,0,0,0,0,0,0,0,0,0,0,0,0,0,0,0,0,0,0,0,0,0,0,0,0,0,0,0,0,0,0,0,0,0,0,0,0,0,0,0,0,0,0,0,0,0,0,0,0,0,0,0,0,0,0,0,0,0,0,0,0,0,0,0,0,0,0,0,0,0,0,0,0,0,0,0,0,0,0,0,0,0,0,0,0,0,0,3,46,172,255,202,75,0,0,0,0,0,0,0,0,0,0,0,0,0,0,0,0,0,0,0,0,0,4,127,253,253,253,253,249,140,13,0,0,0,0,0,0,0,0,0,0,0,0,0,0,0,0,0,0,0,24,253,253,253,253,253,253,253,168,0,0,0,0,0,0,0,0,0,0,0,0,0,0,0,0,0,0,0,24,253,253,232,182,247,253,253,241,53,0,0,0,0,0,0,0,0,0,0,0,0,0,0,0,0,0,0,24,253,191,60,0,95,252,253,253,166,0,0,0,0,0,0,0,0,0,0,0,0,0,0,0,0,0,0,3,84,9,0,0,0,94,253,253,246,97,0,0,0,0,0,0,0,0,0,0,0,0,0,0,0,0,0,0,0,0,0,0,0,1,152,253,253,170,0,0,0,0,0,0,0,0,0,0,0,0,0,0,0,0,0,0,0,0,0,0,0,0,148,253,253,170,0,0,0,0,0,0,0,0,0,0,0,0,0,0,0,0,0,0,0,0,0,0,0,0,148,253,253,170,0,0,0,0,0,0,0,0,0,0,0,0,0,0,0,0,0,0,0,0,0,0,0,0,148,253,253,170,0,0,0,0,0,0,0,0,0,0,0,0,0,0,0,0,38,78,78,24,0,0,0,0,148,253,253,170,0,0,0,0,0,0,0,0,0,0,0,0,0,27,95,200,233,253,253,225,123,60,0,0,148,253,253,127,0,0,0,0,0,0,0,0,0,0,0,0,77,207,253,253,253,253,253,253,253,245,74,64,244,253,253,53,0,0,0,0,0,0,0,0,0,0,0,0,171,253,253,253,247,241,249,253,253,253,251,251,253,253,220,26,0,0,0,0,0,0,0,0,0,0,0,0,171,253,253,177,54,0,67,133,233,253,253,253,253,253,120,0,0,0,0,0,0,0,0,0,0,0,0,0,171,253,253,127,25,0,0,0,100,253,253,253,253,253,93,0,0,0,0,0,0,0,0,0,0,0,0,0,141,253,253,253,219,183,183,183,237,253,253,253,253,253,235,38,0,0,0,0,0,0,0,0,0,0,0,0,36,194,253,253,253,253,253,253,253,253,253,253,253,253,253,53,0,0,0,0,0,0,0,0,0,0,0,0,0,10,131,242,253,253,253,253,253,253,161,37,49,152,68,8,0,0,0,0,0,0,0,0,0,0,0,0,0,0,0,121,135,201,253,170,100,17,2,0,0,0,0,0,0,0,0,0,0,0,0,0,0,0,0,0,0,0,0,0,0,0,0,0,0,0,0,0,0,0,0,0,0,0,0,0,0,0,0,0,0,0,0,0,0,0,0,0,0,0,0,0,0,0,0,0,0,0,0,0,0,0,0,0,0,0,0,0,0,0,0,0,0,0,0,0,0,0,0,0,0,0,0,0,0,0,0,0,0,0,0,0,0,0,0,0,0,0,0,0,0,0,0,0,0,0,0,0,0,0,0,0,0,0,0,0,0,0,0,0,0,0,0,0,0,0,0,0,0,0,0,0,0,0,0,0,0,0,0,0,0,0,0,0,0,0,0,0,0,0,0
1,0,0,0,0,0,0,0,0,0,0,0,0,0,0,0,0,0,0,0,0,0,0,0,0,0,0,0,0,0,0,0,0,0,0,0,0,0,0,0,0,0,0,0,0,0,0,0,0,0,0,0,0,0,0,0,0,0,0,0,0,0,0,0,0,0,0,0,0,0,0,0,0,0,0,0,0,0,0,0,0,0,0,0,0,0,0,0,0,0,0,0,0,0,0,0,0,0,0,0,0,0,0,0,0,0,0,0,0,0,0,0,0,0,0,0,0,0,0,0,0,0,0,0,0,0,0,0,0,0,0,0,0,0,0,0,0,0,0,0,0,0,0,0,0,0,0,0,0,0,0,0,0,0,0,169,207,33,0,0,0,0,0,0,0,0,0,0,0,0,0,0,0,0,0,0,0,0,0,0,0,0,0,168,254,105,0,0,0,0,0,0,0,0,0,0,0,0,0,0,0,0,0,0,0,0,0,0,0,0,84,249,254,105,0,0,0,0,0,0,0,0,0,0,0,0,0,0,0,0,0,0,0,0,0,0,0,0,89,254,254,105,0,0,0,0,0,0,0,0,0,0,0,0,0,0,0,0,0,0,0,0,0,0,0,0,89,254,193,14,0,0,0,0,0,0,0,0,0,0,0,0,0,0,0,0,0,0,0,0,0,0,0,0,89,254,184,0,0,0,0,0,0,0,0,0,0,0,0,0,0,0,0,0,0,0,0,0,0,0,0,7,204,254,184,0,0,0,0,0,0,0,0,0,0,0,0,0,0,0,0,0,0,0,0,0,0,0,0,0,89,254,184,0,0,0,0,0,0,0,0,0,0,0,0,0,0,0,0,0,0,0,0,0,0,0,0,13,209,254,178,0,0,0,0,0,0,0,0,0,0,0,0,0,0,0,0,0,0,0,0,0,0,0,37,209,254,254,69,0,0,0,0,0,0,0,0,0,0,0,0,0,0,0,0,0,0,0,0,0,0,0,107,254,254,254,184,0,0,0,0,0,0,0,0,0,0,0,0,0,0,0,0,0,0,0,0,0,0,0,3,187,254,254,134,0,0,0,0,0,0,0,0,0,0,0,0,0,0,0,0,0,0,0,0,0,0,0,0,185,254,155,3,0,0,0,0,0,0,0,0,0,0,0,0,0,0,0,0,0,0,0,0,0,0,0,0,185,254,238,7,0,0,0,0,0,0,0,0,0,0,0,0,0,0,0,0,0,0,0,0,0,0,0,0,185,254,254,8,0,0,0,0,0,0,0,0,0,0,0,0,0,0,0,0,0,0,0,0,0,0,0,0,185,254,231,7,0,0,0,0,0,0,0,0,0,0,0,0,0,0,0,0,0,0,0,0,0,0,0,0,185,255,87,0,0,0,0,0,0,0,0,0,0,0,0,0,0,0,0,0,0,0,0,0,0,0,0,0,173,254,87,0,0,0,0,0,0,0,0,0,0,0,0,0,0,0,0,0,0,0,0,0,0,0,0,0,9,254,87,0,0,0,0,0,0,0,0,0,0,0,0,0,0,0,0,0,0,0,0,0,0,0,0,0,9,254,87,0,0,0,0,0,0,0,0,0,0,0,0,0,0,0,0,0,0,0,0,0,0,0,0,0,0,0,0,0,0,0,0,0,0,0,0,0,0,0,0,0,0,0,0,0,0,0,0,0,0,0,0,0,0,0,0,0,0,0,0,0,0,0,0,0,0,0,0,0,0,0,0,0,0,0,0,0,0,0,0,0,0,0,0,0,0,0,0,0,0,0,0,0,0,0,0,0
7,0,0,0,0,0,0,0,0,0,0,0,0,0,0,0,0,0,0,0,0,0,0,0,0,0,0,0,0,0,0,0,0,0,0,0,0,0,0,0,0,0,0,0,0,0,0,0,0,0,0,0,0,0,0,0,0,0,0,0,0,0,0,0,0,0,0,0,0,0,0,0,0,0,0,0,0,0,0,0,0,0,0,0,0,0,0,0,0,0,0,0,0,0,0,0,0,0,0,0,0,0,0,0,0,0,0,0,0,0,0,0,0,0,0,0,0,0,0,0,0,0,0,0,0,0,0,0,0,0,0,0,0,0,0,0,0,0,0,0,0,0,0,0,0,0,0,0,0,0,0,0,0,0,0,0,0,0,0,0,0,0,0,0,0,0,0,0,0,0,0,0,0,0,0,0,0,0,0,138,216,254,156,156,156,156,119,46,0,0,0,0,0,0,0,0,0,0,0,0,0,0,0,0,0,0,25,241,204,39,136,61,68,91,218,222,63,0,0,0,0,0,0,0,0,0,0,0,0,0,0,0,0,138,211,198,6,0,0,0,0,0,98,254,203,0,0,0,0,0,0,0,0,0,0,0,0,0,0,0,106,254,242,43,0,0,0,0,0,0,150,254,180,0,0,0,0,0,0,0,0,0,0,0,0,0,0,0,195,254,158,0,0,0,0,0,0,16,217,254,135,0,0,0,0,0,0,0,0,0,0,0,0,0,0,100,254,255,136,0,0,0,0,0,0,40,254,255,136,0,0,0,0,0,0,0,0,0,0,0,0,0,0,182,253,219,36,0,0,0,0,0,0,123,253,254,91,0,0,0,0,0,0,0,0,0,0,0,0,0,0,234,253,98,0,0,0,0,0,0,0,136,253,213,12,0,0,0,0,0,0,0,0,0,0,0,0,0,0,234,237,45,0,0,0,0,0,0,0,189,253,195,0,0,0,0,0,0,0,0,0,0,0,0,0,0,0,54,36,0,0,0,0,0,0,0,0,234,253,195,0,0,0,0,0,0,0,0,0,0,0,0,0,0,0,0,0,0,0,0,0,0,0,0,102,254,254,99,0,0,0,0,0,0,0,0,0,0,0,0,0,0,0,0,0,0,0,0,0,0,0,0,175,253,207,15,0,0,0,0,0,0,0,0,0,0,0,0,0,0,0,0,0,0,0,0,0,0,0,7,199,253,155,0,0,0,0,0,0,0,0,0,0,0,0,0,0,0,0,0,0,0,0,0,0,0,0,73,253,253,103,0,0,0,0,0,0,0,0,0,0,0,0,0,0,0,0,0,0,0,0,0,0,0,0,154,253,237,36,0,0,0,0,0,0,0,0,0,0,0,0,0,0,0,0,0,0,0,0,0,0,0,0,215,254,154,0,0,0,0,0,0,0,0,0,0,0,0,0,0,0,0,0,0,0,0,0,0,0,0,58,247,253,117,0,0,0,0,0,0,0,0,0,0,0,0,0,0,0,0,0,0,0,0,0,0,0,0,156,253,253,117,0,0,0,0,0,0,0,0,0,0,0,0,0,0,0,0,0,0,0,0,0,0,0,0,231,253,253,64,0,0,0,0,0,0,0,0,0,0,0,0,0,0,0,0,0,0,0,0,0,0,0,0,59,238,118,5,0,0,0,0,0,0,0,0,0,0,0,0,0,0,0,0,0,0,0,0,0,0,0,0,0,0,0,0,0,0,0,0,0,0,0,0,0,0,0,0,0,0,0,0,0,0,0,0,0,0,0,0,0,0,0,0,0,0,0,0,0,0,0,0,0,0,0
2,0,0,0,0,0,0,0,0,0,0,0,0,0,0,0,0,0,0,0,0,0,0,0,0,0,0,0,0,0,0,0,0,0,0,0,0,0,0,0,0,0,0,0,0,0,0,0,0,0,0,0,0,0,0,0,0,0,0,0,0,0,0,0,0,0,0,0,0,0,0,0,0,0,0,0,0,0,0,0,0,0,0,0,0,0,0,0,0,0,0,31,193,41,0,0,0,0,0,0,0,0,0,0,0,0,0,0,0,0,0,0,0,0,0,0,0,0,0,10,91,243,122,102,61,0,0,0,0,0,0,0,0,0,0,0,0,0,0,0,0,0,0,0,0,0,0,0,0,203,243,254,253,254,172,132,51,21,0,0,0,0,0,0,0,0,0,0,0,0,0,0,0,0,0,0,0,0,122,131,252,253,212,253,252,223,40,0,0,0,0,0,0,0,0,0,0,0,0,0,0,0,0,0,0,0,0,0,41,62,142,123,223,234,213,21,0,0,0,0,0,0,0,0,0,0,0,0,0,0,0,0,0,0,0,0,0,0,0,0,20,71,252,203,20,0,0,0,0,0,0,0,0,0,0,0,0,0,0,0,0,0,0,0,0,0,0,0,0,51,253,254,50,0,0,0,0,0,0,0,0,0,0,0,0,0,0,0,0,0,0,0,0,0,0,0,0,92,252,253,50,0,0,0,0,0,0,0,0,0,0,0,0,0,0,0,0,0,0,0,0,0,0,0,41,152,253,224,20,0,0,0,0,0,0,0,0,0,0,0,0,0,0,0,0,0,0,0,0,0,0,21,223,233,252,122,0,0,0,0,0,0,0,0,0,0,0,0,0,0,0,0,0,0,0,0,0,0,0,51,253,254,172,0,0,0,0,0,0,0,0,0,0,0,0,0,0,0,0,0,0,0,0,0,0,0,41,213,252,192,30,0,0,0,0,0,0,0,0,0,0,0,0,0,0,0,0,0,0,0,0,0,0,152,253,254,233,41,0,0,0,0,0,0,0,0,0,0,0,0,0,0,0,0,0,0,0,0,0,62,142,233,252,233,50,0,0,0,0,0,0,0,0,0,0,0,0,0,0,0,0,0,0,0,0,0,82,254,253,254,131,82,0,0,0,0,0,0,0,0,0,0,0,0,0,0,0,0,0,0,0,0,0,41,243,253,252,172,10,0,0,0,0,0,0,0,0,0,0,0,0,0,0,0,0,0,0,0,0,0,0,52,253,244,81,0,0,0,0,0,21,31,112,11,10,0,0,0,0,0,0,0,0,0,0,0,0,0,0,51,252,243,162,203,162,183,183,142,122,51,171,173,50,0,0,0,0,0,0,0,0,0,0,0,0,0,0,0,163,255,253,244,203,193,253,214,132,224,61,0,0,0,0,0,0,0,0,0,0,0,0,0,0,0,0,0,0,112,151,40,82,172,151,151,111,40,0,0,0,0,0,0,0,0,0,0,0,0,0,0,0,0,0,0,0,0,0,0,0,0,0,0,0,0,0,0,0,0,0,0,0,0,0,0,0,0,0,0,0,0,0,0,0,0,0,0,0,0,0,0,0,0,0,0,0,0,0,0,0,0,0,0,0,0,0,0,0,0,0,0,0,0,0,0,0,0,0,0,0,0,0,0,0,0,0,0,0,0,0,0,0,0,0,0,0,0,0,0,0,0,0,0,0,0,0,0,0,0,0,0,0,0,0,0,0,0,0,0,0,0,0,0,0,0,0,0,0,0,0,0,0,0,0,0,0,0,0,0,0,0,0,0,0,0,0
4,0,0,0,0,0,0,0,0,0,0,0,0,0,0,0,0,0,0,0,0,0,0,0,0,0,0,0,0,0,0,0,0,0,0,0,0,0,0,0,0,0,0,0,0,0,0,0,0,0,0,0,0,0,0,0,0,0,0,0,0,0,0,0,0,0,0,0,0,0,0,0,0,0,0,0,0,0,0,0,0,0,0,0,0,0,0,0,0,0,0,0,0,0,0,0,0,0,0,0,0,0,0,0,0,0,0,0,0,0,0,0,0,0,0,0,0,0,0,0,0,0,0,0,0,0,0,0,0,0,0,0,0,0,0,0,0,0,0,0,0,0,0,0,0,0,0,0,0,0,0,0,0,0,0,0,0,0,0,0,0,100,216,35,0,0,0,0,0,0,0,0,0,0,0,0,0,0,0,0,7,110,86,0,0,0,0,0,0,219,250,0,0,0,0,0,0,0,0,0,0,0,0,0,0,0,0,0,54,254,203,6,0,0,0,0,54,248,215,0,0,0,0,0,0,0,0,0,0,0,0,0,0,0,0,0,170,254,150,0,0,0,0,0,130,255,131,0,0,0,0,0,0,0,0,0,0,0,0,0,0,0,0,75,253,238,12,0,0,0,0,18,242,236,31,0,0,0,0,0,0,0,0,0,0,0,0,0,0,0,9,180,254,202,0,0,0,0,0,107,254,183,0,0,0,0,0,0,0,0,0,0,0,0,0,0,0,0,81,254,223,21,0,0,0,0,26,230,239,22,0,0,0,0,0,0,0,0,0,0,0,0,0,0,0,0,128,254,165,0,0,0,0,0,131,254,215,55,0,0,0,0,0,0,0,0,0,0,0,0,0,0,0,19,229,254,104,0,0,0,67,147,249,254,200,45,0,0,0,0,0,0,0,0,0,0,0,0,0,0,0,113,254,205,4,4,49,194,252,254,254,190,5,0,0,0,0,0,0,0,0,0,0,0,0,0,0,0,6,196,253,122,71,158,254,254,254,254,230,48,0,0,0,0,0,0,0,0,0,0,0,0,0,0,0,0,30,252,247,105,248,254,200,159,186,254,151,0,0,0,0,0,0,0,0,0,0,0,0,0,0,0,0,0,35,252,254,254,245,167,35,62,251,241,59,0,0,0,0,0,0,0,0,0,0,0,0,0,0,0,0,0,0,131,163,116,42,0,0,148,254,174,0,0,0,0,0,0,0,0,0,0,0,0,0,0,0,0,0,0,0,0,0,0,0,0,24,245,223,59,0,0,0,0,0,0,0,0,0,0,0,0,0,0,0,0,0,0,0,0,0,0,0,0,133,254,129,0,0,0,0,0,0,0,0,0,0,0,0,0,0,0,0,0,0,0,0,0,0,0,0,0,178,233,29,0,0,0,0,0,0,0,0,0,0,0,0,0,0,0,0,0,0,0,0,0,0,0,0,6,198,111,0,0,0,0,0,0,0,0,0,0,0,0,0,0,0,0,0,0,0,0,0,0,0,0,0,119,254,61,0,0,0,0,0,0,0,0,0,0,0,0,0,0,0,0,0,0,0,0,0,0,0,0,0,212,187,9,0,0,0,0,0,0,0,0,0,0,0,0,0,0,0,0,0,0,0,0,0,0,0,0,0,0,0,0,0,0,0,0,0,0,0,0,0,0,0,0,0,0,0,0,0,0,0,0,0,0,0,0,0,0,0,0,0,0,0,0,0,0,0,0,0,0,0,0,0,0,0,0,0,0,0,0,0,0,0,0,0,0,0,0,0,0,0,0,0,0,0,0,0,0,0,0,0
9,0,0,0,0,0,0,0,0,0,0,0,0,0,0,0,0,0,0,0,0,0,0,0,0,0,0,0,0,0,0,0,0,0,0,0,0,0,0,0,0,0,0,0,0,0,0,0,0,0,0,0,0,0,0,0,0,0,0,0,0,0,0,0,0,0,0,0,0,0,0,0,0,0,0,0,0,0,0,0,0,0,0,0,0,0,0,0,0,0,0,0,0,0,0,0,0,0,0,0,0,0,0,0,0,0,0,0,0,0,0,0,0,0,0,0,0,0,0,0,0,0,0,0,0,0,0,0,0,0,0,0,0,0,0,0,0,0,0,0,0,0,0,0,0,0,0,0,0,0,0,0,0,0,0,0,0,0,0,0,0,0,0,0,0,0,0,0,0,0,0,0,0,0,0,0,0,0,0,0,0,0,29,141,198,170,29,0,0,0,0,0,0,0,0,0,0,0,0,0,0,0,0,0,0,0,0,0,29,141,255,255,255,255,198,0,0,0,0,0,0,0,0,0,0,0,0,0,0,0,0,0,0,0,0,57,226,255,255,141,114,226,255,114,0,0,0,0,0,0,0,0,0,0,0,0,0,0,0,0,0,0,29,198,255,226,29,0,0,86,255,141,0,0,0,0,0,0,0,0,0,0,0,0,0,0,0,0,0,0,86,255,198,0,0,0,0,86,255,57,0,0,0,0,0,0,0,0,0,0,0,0,0,0,0,0,0,29,226,226,0,0,0,0,0,29,255,86,0,0,0,0,0,0,0,0,0,0,0,0,0,0,0,0,0,86,255,170,0,0,0,0,0,114,255,198,0,0,0,0,0,0,0,0,0,0,0,0,0,0,0,0,0,29,255,198,0,0,0,0,114,255,255,114,0,0,0,0,0,0,0,0,0,0,0,0,0,0,0,0,0,0,114,255,226,170,198,255,255,255,198,0,0,0,0,0,0,0,0,0,0,0,0,0,0,0,0,0,0,0,0,170,255,255,255,255,255,255,141,0,0,0,0,0,0,0,0,0,0,0,0,0,0,0,0,0,0,0,0,0,0,0,29,86,255,226,0,0,0,0,0,0,0,0,0,0,0,0,0,0,0,0,0,0,0,0,0,0,0,0,0,114,255,170,0,0,0,0,0,0,0,0,0,0,0,0,0,0,0,0,0,0,0,0,0,0,0,0,0,226,255,86,0,0,0,0,0,0,0,0,0,0,0,0,0,0,0,0,0,0,0,0,0,0,0,0,86,255,198,0,0,0,0,0,0,0,0,0,0,0,0,0,0,0,0,0,0,0,0,0,0,0,0,29,226,255,141,0,0,0,0,0,0,0,0,0,0,0,0,0,0,0,0,0,0,0,0,0,0,0,0,114,255,198,0,0,0,0,0,0,0,0,0,0,0,0,0,0,0,0,0,0,0,0,0,0,0,0,0,226,255,114,0,0,0,0,0,0,0,0,0,0,0,0,0,0,0,0,0,0,0,0,0,0,0,0,86,255,198,0,0,0,0,0,0,0,0,0,0,0,0,0,0,0,0,0,0,0,0,0,0,0,0,0,114,255,170,0,0,0,0,0,0,0,0,0,0,0,0,0,0,0,0,0,0,0,0,0,0,0,0,0,141,226,57,0,0,0,0,0,0,0,0,0,0,0,0,0,0,0,0,0,0,0,0,0,0,0,0,0,0,0,0,0,0,0,0,0,0,0,0,0,0,0,0,0,0,0,0,0,0,0,0,0,0,0,0,0,0,0,0,0,0,0,0,0,0,0,0,0,0,0,0,0,0
4,0,0,0,0,0,0,0,0,0,0,0,0,0,0,0,0,0,0,0,0,0,0,0,0,0,0,0,0,0,0,0,0,0,0,0,0,0,0,0,0,0,0,0,0,0,0,0,0,0,0,0,0,0,0,0,0,0,0,0,0,0,0,0,0,0,0,0,0,0,0,0,0,0,0,0,0,0,0,0,0,0,0,0,0,0,0,0,0,0,0,0,0,0,0,0,0,0,0,0,0,0,0,0,0,0,0,0,0,0,0,0,0,0,0,0,0,0,0,0,0,0,0,0,0,0,0,0,0,0,0,0,0,0,0,0,0,0,0,0,0,0,0,0,0,0,0,0,0,0,0,0,0,103,195,136,8,0,0,0,0,0,0,0,0,0,0,0,0,0,0,0,0,0,0,0,0,0,0,0,79,250,254,231,24,0,0,0,17,38,2,0,0,0,0,0,0,0,0,0,0,0,0,0,0,0,0,4,245,254,250,56,0,0,0,0,151,254,200,29,0,0,0,0,0,0,0,0,0,0,0,0,0,0,6,170,254,254,131,0,0,0,0,15,221,254,254,37,0,0,0,0,0,0,0,0,0,0,0,0,0,9,167,254,254,220,29,0,0,0,0,48,254,254,254,37,0,0,0,0,0,0,0,0,0,0,0,0,0,90,254,254,254,90,0,0,0,0,0,125,254,254,200,7,0,0,0,0,0,0,0,0,0,0,0,0,26,214,254,254,182,11,0,0,0,0,0,208,254,254,103,0,0,0,0,0,0,0,0,0,0,0,0,0,76,254,254,235,10,0,0,0,0,0,74,253,254,254,12,0,0,0,0,0,0,0,0,0,0,0,0,12,165,254,251,116,0,0,0,0,0,0,122,254,254,244,8,0,0,0,0,0,0,0,0,0,0,0,0,174,254,254,235,0,0,0,0,0,0,8,232,254,254,169,0,0,0,0,0,0,0,0,0,0,0,0,98,254,254,254,151,0,0,0,0,0,0,105,254,255,254,75,0,0,0,0,0,0,0,0,0,0,0,0,119,254,254,254,189,132,132,132,132,132,132,217,254,254,237,9,0,0,0,0,0,0,0,0,0,0,0,0,9,168,244,253,254,254,254,254,254,254,254,254,254,254,235,0,0,0,0,0,0,0,0,0,0,0,0,0,0,0,0,79,161,178,178,243,254,179,217,254,254,254,171,0,0,0,0,0,0,0,0,0,0,0,0,0,0,0,0,0,0,0,0,16,18,0,132,254,254,254,53,0,0,0,0,0,0,0,0,0,0,0,0,0,0,0,0,0,0,0,0,0,0,30,221,254,254,225,26,0,0,0,0,0,0,0,0,0,0,0,0,0,0,0,0,0,0,0,0,0,0,67,254,254,254,113,0,0,0,0,0,0,0,0,0,0,0,0,0,0,0,0,0,0,0,0,0,0,0,123,254,254,254,22,0,0,0,0,0,0,0,0,0,0,0,0,0,0,0,0,0,0,0,0,0,0,0,160,254,254,245,16,0,0,0,0,0,0,0,0,0,0,0,0,0,0,0,0,0,0,0,0,0,0,0,91,254,250,78,0,0,0,0,0,0,0,0,0,0,0,0,0,0,0,0,0,0,0,0,0,0,0,0,0,0,0,0,0,0,0,0,0,0,0,0,0,0,0,0,0,0,0,0,0,0,0,0,0,0,0,0,0,0,0,0,0,0,0,0,0,0,0,0,0,0,0,0,0,0,0,0,0,0,0,0,0,0,0,0,0,0,0,0,0,0,0,0,0,0,0,0,0,0
4,0,0,0,0,0,0,0,0,0,0,0,0,0,0,0,0,0,0,0,0,0,0,0,0,0,0,0,0,0,0,0,0,0,0,0,0,0,0,0,0,0,0,0,0,0,0,0,0,0,0,0,0,0,0,0,0,0,0,0,0,0,0,0,0,0,0,0,0,0,0,0,0,0,0,0,0,0,0,0,0,0,0,0,0,0,0,0,0,0,0,0,0,0,0,0,0,0,0,0,0,0,0,0,0,0,0,0,0,0,0,0,0,0,0,0,0,0,0,0,0,0,0,0,0,0,0,0,0,0,0,96,253,173,12,0,0,0,0,0,0,0,0,0,0,0,0,0,0,0,0,0,0,0,0,0,0,0,0,214,251,251,157,12,0,0,0,0,0,0,0,0,0,0,0,0,0,0,0,0,0,0,0,0,0,0,0,253,251,251,251,94,0,0,0,0,0,0,0,0,0,0,0,96,221,223,55,0,0,0,0,0,0,0,139,253,251,251,251,94,0,0,0,0,0,0,0,0,0,0,80,240,251,253,62,0,0,0,0,0,0,0,158,253,251,251,251,94,0,0,0,0,0,0,0,0,0,0,128,253,253,255,63,0,0,0,0,0,0,0,159,255,253,253,253,95,0,0,0,0,0,0,0,0,0,0,127,251,251,253,62,0,0,0,0,0,0,0,158,253,251,251,251,94,0,0,0,0,0,0,0,0,0,0,127,251,251,253,62,0,0,0,0,0,0,0,158,253,251,251,251,94,0,0,0,0,0,0,0,0,0,0,127,251,251,229,47,0,0,0,64,84,221,221,240,253,251,251,251,94,0,0,0,0,0,0,0,0,0,20,205,251,251,158,0,0,139,158,253,251,251,251,251,253,251,251,251,94,0,0,0,0,0,0,0,0,0,191,253,253,253,255,253,253,253,253,255,253,253,253,253,255,253,253,253,95,0,0,0,0,0,0,0,0,72,236,251,251,251,253,251,251,251,251,253,247,220,228,251,253,251,251,251,94,0,0,0,0,0,0,0,0,96,251,251,251,251,253,251,251,251,251,126,110,0,64,251,253,251,251,251,94,0,0,0,0,0,0,0,0,72,236,251,251,251,253,204,109,31,31,0,0,0,64,251,253,251,251,235,70,0,0,0,0,0,0,0,0,0,91,251,251,251,193,23,0,0,0,0,0,0,64,251,253,251,251,188,0,0,0,0,0,0,0,0,0,0,0,0,100,0,0,0,0,0,0,0,0,0,64,253,255,253,253,189,0,0,0,0,0,0,0,0,0,0,0,0,0,0,0,0,0,0,0,0,0,0,64,251,253,251,251,188,0,0,0,0,0,0,0,0,0,0,0,0,0,0,0,0,0,0,0,0,0,0,64,251,253,251,251,109,0,0,0,0,0,0,0,0,0,0,0,0,0,0,0,0,0,0,0,0,0,0,202,251,189,69,31,4,0,0,0,0,0,0,0,0,0,0,0,0,0,0,0,0,0,0,0,0,0,0,221,152,0,0,0,0,0,0,0,0,0,0,0,0,0,0,0,0,0,0,0,0,0,0,0,0,0,0,0,0,0,0,0,0,0,0,0,0,0,0,0,0,0,0,0,0,0,0,0,0,0,0,0,0,0,0,0,0,0,0,0,0,0,0,0,0,0,0,0,0,0,0,0,0,0,0,0,0,0,0,0,0,0,0,0,0,0,0,0,0,0,0,0,0,0,0,0,0,0,0,0,0,0,0,0,0,0,0,0,0,0,0,0,0,0,0,0,0,0,0,0,0,0,0
0,0,0,0,0,0,0,0,0,0,0,0,0,0,0,0,0,0,0,0,0,0,0,0,0,0,0,0,0,0,0,0,0,0,0,0,0,0,0,0,0,0,0,0,0,0,0,0,0,0,0,0,0,0,0,0,0,0,0,0,0,0,0,0,0,0,0,0,0,0,0,0,0,0,0,0,0,0,0,0,0,0,0,0,0,0,0,0,0,0,0,0,0,0,0,0,0,0,0,0,0,0,0,0,0,0,0,0,0,0,0,0,0,0,0,0,0,0,0,0,0,0,0,0,0,15,105,253,253,148,99,0,0,0,0,0,0,0,0,0,0,0,0,0,0,0,0,0,0,0,0,36,146,211,252,252,252,222,42,0,0,0,0,0,0,0,0,0,0,0,0,0,0,0,0,0,0,0,41,223,253,252,233,126,126,167,27,54,0,0,0,0,0,0,0,0,0,0,0,0,0,0,0,0,0,15,225,252,253,205,56,64,64,64,64,108,56,0,0,0,0,0,0,0,0,0,0,0,0,0,0,0,0,153,252,208,86,46,162,252,252,253,252,252,225,124,45,0,0,0,0,0,0,0,0,0,0,0,0,0,50,245,253,86,87,227,253,243,229,212,225,253,253,253,254,138,4,0,0,0,0,0,0,0,0,0,0,0,121,252,231,99,227,252,201,47,27,0,21,63,133,239,253,252,135,0,0,0,0,0,0,0,0,0,0,4,195,252,221,232,250,160,11,0,0,0,0,0,0,62,191,252,251,130,0,0,0,0,0,0,0,0,0,43,252,252,252,252,140,0,0,0,0,0,0,0,0,0,14,184,252,231,28,0,0,0,0,0,0,0,0,43,252,252,252,208,62,0,0,0,0,0,0,0,0,0,0,50,244,252,42,0,0,0,0,0,0,0,0,43,253,241,187,86,0,0,0,0,0,0,0,0,0,0,0,0,216,253,42,0,0,0,0,0,0,0,0,43,252,231,16,11,0,0,0,0,0,0,0,0,0,0,0,0,162,252,42,0,0,0,0,0,0,0,0,43,252,231,0,0,0,0,0,0,0,0,0,0,0,0,0,43,242,252,42,0,0,0,0,0,0,0,0,43,252,231,0,0,0,0,0,0,0,0,0,0,0,0,11,171,252,183,14,0,0,0,0,0,0,0,0,43,252,249,70,0,0,0,0,0,0,0,0,0,0,0,130,252,244,49,0,0,0,0,0,0,0,0,0,0,173,253,227,25,0,0,0,0,0,0,0,0,29,175,255,253,152,0,0,0,0,0,0,0,0,0,0,0,85,252,252,156,36,0,0,0,0,50,85,137,232,252,239,132,5,0,0,0,0,0,0,0,0,0,0,0,7,128,252,252,242,197,180,232,232,245,252,252,252,235,62,0,0,0,0,0,0,0,0,0,0,0,0,0,0,7,111,242,253,252,252,252,252,253,252,221,119,14,0,0,0,0,0,0,0,0,0,0,0,0,0,0,0,0,0,79,165,252,190,113,147,147,68,21,0,0,0,0,0,0,0,0,0,0,0,0,0,0,0,0,0,0,0,0,0,0,0,0,0,0,0,0,0,0,0,0,0,0,0,0,0,0,0,0,0,0,0,0,0,0,0,0,0,0,0,0,0,0,0,0,0,0,0,0,0,0,0,0,0,0,0,0,0,0,0,0,0,0,0,0,0,0,0,0,0,0,0,0,0,0,0,0,0,0,0,0,0,0,0,0,0,0,0,0,0,0,0,0,0,0,0,0,0,0,0,0,0,0,0,0,0,0,0,0,0
3,0,0,0,0,0,0,0,0,0,0,0,0,0,0,0,0,0,0,0,0,0,0,0,0,0,0,0,0,0,0,0,0,0,0,0,0,0,0,0,0,0,0,0,0,0,0,0,0,0,0,0,0,0,0,0,0,0,0,0,0,0,0,0,0,0,0,0,0,0,0,0,0,0,0,0,0,0,0,0,0,0,0,0,0,0,0,0,0,0,0,0,0,0,0,0,0,0,0,0,0,0,0,0,0,0,0,0,0,0,0,0,0,0,0,0,0,0,0,0,0,0,0,0,0,0,0,0,0,0,0,0,0,0,0,0,0,0,0,0,0,0,0,0,0,0,0,0,0,0,0,0,0,0,0,0,0,0,0,0,0,0,0,0,0,0,0,0,0,0,0,0,0,0,0,0,0,0,0,0,0,0,0,0,0,0,0,0,0,0,0,0,0,0,0,0,0,0,0,0,0,0,0,0,0,0,66,161,221,254,178,161,136,57,0,0,0,0,0,0,0,0,0,0,0,0,0,0,0,0,0,0,0,110,249,253,254,253,253,253,254,249,222,55,0,0,0,0,0,0,0,0,0,0,0,0,0,0,0,0,15,228,145,46,46,46,54,137,163,234,253,202,0,0,0,0,0,0,0,0,0,0,0,0,0,0,0,0,136,64,0,0,0,0,0,0,0,47,253,253,0,0,0,0,0,0,0,0,0,0,0,0,0,0,0,0,0,0,0,0,0,0,0,0,0,47,254,195,0,0,0,0,0,0,0,0,0,0,0,0,0,0,0,0,0,0,0,0,0,0,0,0,0,114,253,77,0,0,0,0,0,0,0,0,0,0,0,0,0,0,0,0,0,13,24,7,0,0,0,0,15,232,225,13,0,0,0,0,0,0,0,0,0,0,0,0,0,0,0,0,0,206,253,203,185,101,93,93,229,253,104,0,0,0,0,0,0,0,0,0,0,0,0,0,0,0,0,0,0,147,254,254,254,254,254,254,236,84,0,0,0,0,0,0,0,0,0,0,0,0,0,0,0,0,0,0,0,5,23,56,115,131,244,253,151,0,0,0,0,0,0,0,0,0,0,0,0,0,0,0,0,0,0,0,0,0,0,0,0,0,55,246,241,19,0,0,0,0,0,0,0,0,0,0,0,0,0,0,0,0,0,0,0,0,0,0,0,0,0,118,254,90,0,0,0,0,0,0,0,0,0,0,0,0,0,0,0,0,0,0,0,0,0,0,0,0,0,0,254,207,0,0,0,0,0,0,0,0,0,0,0,0,0,0,0,0,0,0,0,0,0,0,0,0,0,0,254,206,0,0,0,0,0,0,0,0,0,0,0,0,0,0,0,0,0,0,0,0,0,0,0,0,0,0,254,206,0,0,0,0,0,0,0,0,0,0,0,0,0,0,0,0,0,0,0,0,0,0,0,0,0,0,254,206,0,0,0,0,0,0,0,0,0,0,0,0,0,0,0,0,0,0,0,0,0,0,0,0,0,119,255,90,0,0,0,0,0,0,0,0,0,0,0,0,0,0,0,0,0,0,0,0,0,0,0,0,22,247,199,11,0,0,0,0,0,0,0,0,0,0,0,0,0,0,0,0,0,0,0,0,43,110,24,74,195,244,51,0,0,0,0,0,0,0,0,0,0,0,0,0,0,0,0,0,0,0,0,0,0,84,161,211,168,44,0,0,0,0,0,0,0,0,0,0,0,0,0,0,0,0,0,0,0,0,0,0,0,0,0,0,0,0,0,0,0,0,0,0,0,0,0,0,0,0,0
9,0,0,0,0,0,0,0,0,0,0,0,0,0,0,0,0,0,0,0,0,0,0,0,0,0,0,0,0,0,0,0,0,0,0,0,0,0,0,0,0,0,0,0,0,0,0,0,0,0,0,0,0,0,0,0,0,0,0,0,0,0,0,0,0,0,0,0,0,0,0,0,0,0,0,0,0,0,0,0,0,0,0,0,0,0,0,0,0,0,0,0,0,0,0,0,0,0,0,0,0,0,0,0,0,0,0,0,0,0,0,0,0,0,0,0,0,0,0,0,0,0,0,0,0,0,0,0,0,0,0,0,0,0,0,0,0,0,0,0,0,0,0,0,0,0,0,0,0,0,0,0,0,0,0,0,0,0,0,0,0,0,0,0,0,0,0,0,0,0,0,0,0,0,0,0,0,0,0,0,0,0,0,0,19,63,236,245,120,22,0,0,0,0,0,0,0,0,0,0,0,0,0,0,0,0,0,0,0,0,21,115,221,253,253,253,253,188,6,0,0,0,0,0,0,0,0,0,0,0,0,0,0,0,0,0,5,167,223,253,254,253,214,249,253,219,13,0,0,0,0,0,0,0,0,0,0,0,0,0,0,0,0,47,235,253,253,234,107,16,163,253,253,59,0,0,0,0,0,0,0,0,0,0,0,0,0,0,0,0,37,196,253,220,164,12,0,139,253,253,144,19,0,0,0,0,0,0,0,0,0,0,0,0,0,0,0,8,173,253,250,65,0,0,0,177,210,249,174,0,0,0,0,0,0,0,0,0,0,0,0,0,0,0,0,124,253,253,88,0,0,10,26,214,253,253,193,0,0,0,0,0,0,0,0,0,0,0,0,0,0,0,0,133,253,253,22,28,127,241,254,253,253,253,88,0,0,0,0,0,0,0,0,0,0,0,0,0,0,0,0,133,253,253,193,228,253,253,115,197,253,237,23,0,0,0,0,0,0,0,0,0,0,0,0,0,0,0,0,85,253,253,253,253,220,47,15,210,253,87,0,0,0,0,0,0,0,0,0,0,0,0,0,0,0,0,0,0,25,111,111,44,0,15,207,255,198,5,0,0,0,0,0,0,0,0,0,0,0,0,0,0,0,0,0,0,0,0,0,0,21,196,255,236,66,0,0,0,0,0,0,0,0,0,0,0,0,0,0,0,0,0,0,0,0,0,0,18,146,253,254,96,0,0,0,0,0,0,0,0,0,0,0,0,0,0,0,0,0,0,0,0,0,0,1,159,253,253,107,4,0,0,0,0,0,0,0,0,0,0,0,0,0,0,0,0,0,0,0,0,0,0,108,253,236,102,0,0,0,0,0,0,0,0,0,0,0,0,0,0,0,0,0,0,0,0,0,0,0,31,240,253,137,0,0,0,0,0,0,0,0,0,0,0,0,0,0,0,0,0,0,0,0,0,0,0,51,240,253,227,34,0,0,0,0,0,0,0,0,0,0,0,0,0,0,0,0,0,0,0,0,0,0,4,138,253,227,39,0,0,0,0,0,0,0,0,0,0,0,0,0,0,0,0,0,0,0,0,0,0,0,105,253,253,50,0,0,0,0,0,0,0,0,0,0,0,0,0,0,0,0,0,0,0,0,0,0,0,0,27,191,105,3,0,0,0,0,0,0,0,0,0,0,0,0,0,0,0,0,0,0,0,0,0,0,0,0,0,0,0,0,0,0,0,0,0,0,0,0,0,0,0,0,0,0,0,0,0,0,0,0,0,0,0,0,0,0,0,0,0,0,0,0,0,0,0,0,0,0,0,0,0,0,0,0
2,0,0,0,0,0,0,0,0,0,0,0,0,0,0,0,0,0,0,0,0,0,0,0,0,0,0,0,0,0,0,0,0,0,0,0,0,0,0,0,0,0,0,0,0,0,0,0,0,0,0,0,0,0,0,0,0,0,0,0,0,0,0,0,0,0,0,0,0,0,0,0,0,0,0,0,0,0,0,0,0,0,0,0,0,0,0,0,0,0,0,0,0,0,0,0,0,0,0,0,0,0,0,0,0,0,0,0,0,0,0,0,0,0,0,0,0,0,0,0,0,0,0,0,0,0,3,29,13,0,0,0,0,0,0,0,0,0,0,0,0,0,0,0,0,0,0,0,0,0,56,58,125,188,193,254,217,182,92,7,0,0,0,0,0,0,0,0,0,0,0,0,0,0,0,0,51,164,253,253,254,242,233,168,197,222,254,135,0,0,0,0,0,0,0,0,0,0,0,0,0,0,0,144,250,254,249,185,102,30,29,0,0,17,185,248,45,0,0,0,0,0,0,0,0,0,0,0,0,0,0,186,254,223,57,0,0,0,0,0,0,0,173,254,86,0,0,0,0,0,0,0,0,0,0,0,0,0,0,6,46,6,0,0,0,0,0,0,0,0,173,254,128,0,0,0,0,0,0,0,0,0,0,0,0,0,0,0,0,0,0,0,0,0,0,0,0,20,241,211,9,0,0,0,0,0,0,0,0,0,0,0,0,0,0,0,0,0,0,0,0,0,0,0,0,178,254,115,0,0,0,0,0,0,0,0,0,0,0,0,0,0,0,0,0,0,0,0,0,0,0,0,119,252,254,61,0,0,0,0,0,0,0,0,0,0,0,0,0,0,0,0,0,0,0,0,0,0,2,114,252,254,179,11,0,0,0,0,0,0,0,0,0,0,0,0,0,0,0,0,0,0,0,0,0,0,49,254,254,186,26,0,0,0,0,0,0,0,0,0,0,0,0,0,0,0,0,0,0,0,0,0,0,99,228,254,121,4,0,0,0,0,0,0,0,0,0,0,0,0,0,0,0,0,0,0,0,0,0,54,139,253,246,118,23,0,0,0,0,0,0,0,0,0,0,0,0,0,0,0,0,0,0,0,0,27,130,242,254,239,96,24,73,41,22,33,58,52,55,0,0,0,0,0,0,0,0,0,0,0,0,100,219,240,254,254,254,230,215,239,254,244,238,242,250,248,249,231,206,135,33,0,0,0,0,0,0,0,0,254,254,254,254,254,254,254,254,251,250,171,219,176,213,222,153,155,253,254,208,0,0,0,0,0,0,0,0,57,174,187,187,150,154,111,180,28,0,0,0,0,0,0,0,0,85,187,46,0,0,0,0,0,0,0,0,0,0,0,0,0,0,0,0,0,0,0,0,0,0,0,0,0,0,0,0,0,0,0,0,0,0,0,0,0,0,0,0,0,0,0,0,0,0,0,0,0,0,0,0,0,0,0,0,0,0,0,0,0,0,0,0,0,0,0,0,0,0,0,0,0,0,0,0,0,0,0,0,0,0,0,0,0,0,0,0,0,0,0,0,0,0,0,0,0,0,0,0,0,0,0,0,0,0,0,0,0,0,0,0,0,0,0,0,0,0,0,0,0,0,0,0,0,0,0,0,0,0,0,0,0,0,0,0,0,0,0,0,0,0,0,0,0,0,0,0,0,0,0,0,0,0,0,0,0,0,0,0,0,0,0,0,0,0,0,0,0,0,0,0,0,0,0,0,0,0,0,0,0,0,0,0,0,0,0,0,0,0,0,0,0,0,0,0,0,0
2,0,0,0,0,0,0,0,0,0,0,0,0,0,0,0,0,0,0,0,0,0,0,0,0,0,0,0,0,0,0,0,0,0,0,0,0,0,0,0,0,0,0,0,0,0,0,0,0,0,0,0,0,0,0,0,0,0,0,0,0,0,0,0,0,0,0,0,0,0,0,0,0,0,0,0,0,0,0,0,0,0,0,0,0,0,0,0,0,0,0,0,0,0,0,0,0,0,0,0,0,0,0,0,0,0,0,0,0,0,0,0,0,0,0,0,0,0,0,0,0,0,0,96,121,57,134,253,183,121,121,13,0,0,0,0,0,0,0,0,0,0,0,0,0,0,0,0,0,90,240,249,252,245,252,252,252,253,252,192,17,0,0,0,0,0,0,0,0,0,0,0,0,0,0,0,0,164,252,252,252,252,252,252,252,253,252,252,158,0,0,0,0,0,0,0,0,0,0,0,0,0,0,0,0,94,252,252,252,252,252,248,172,253,252,252,172,0,0,0,0,0,0,0,0,0,0,0,0,0,0,0,0,94,252,252,252,206,101,50,0,183,252,252,235,42,0,0,0,0,0,0,0,0,0,0,0,0,0,0,0,25,66,171,170,21,0,3,54,253,252,252,235,42,0,0,0,0,0,0,0,0,0,0,0,0,0,0,0,0,0,0,0,0,0,14,252,253,252,252,172,0,0,0,0,0,0,0,0,0,0,0,0,0,0,0,0,0,0,0,0,0,0,99,252,253,252,252,172,0,0,0,0,0,0,0,0,0,0,0,0,0,0,0,0,0,0,0,0,0,94,208,252,253,252,240,170,0,0,0,0,0,0,0,0,0,0,0,0,0,0,0,0,0,0,0,0,22,208,252,252,253,252,26,63,0,0,0,0,0,0,0,0,0,0,0,0,0,0,0,0,0,0,0,26,211,253,253,253,255,202,14,0,0,0,0,0,0,0,0,0,0,0,0,0,0,0,0,0,0,0,29,137,252,252,252,252,253,90,0,0,0,0,0,0,0,0,0,0,0,0,0,0,0,0,0,0,0,0,186,252,252,252,252,252,75,2,0,0,0,0,0,0,0,0,0,0,0,0,0,0,0,0,0,0,30,123,244,252,252,252,252,252,21,0,0,0,0,0,0,0,0,0,0,0,0,0,0,0,0,0,0,0,128,252,252,252,252,252,241,53,0,0,0,0,0,0,0,0,0,0,0,0,0,0,0,0,0,0,0,80,245,252,252,252,252,252,248,117,54,54,54,166,186,89,17,0,0,0,0,0,0,0,0,0,0,0,0,107,252,252,252,252,252,252,252,252,253,252,252,252,252,252,170,0,0,0,0,0,0,0,0,0,0,0,0,96,249,252,252,252,252,252,252,252,253,252,252,252,252,252,237,73,0,0,0,0,0,0,0,0,0,0,0,0,95,106,211,238,241,229,183,252,253,252,252,252,252,245,252,225,0,0,0,0,0,0,0,0,0,0,0,0,0,0,0,0,19,44,7,119,190,245,202,161,217,56,119,107,0,0,0,0,0,0,0,0,0,0,0,0,0,0,0,0,0,0,0,0,0,0,0,0,0,0,0,0,0,0,0,0,0,0,0,0,0,0,0,0,0,0,0,0,0,0,0,0,0,0,0,0,0,0,0,0,0,0,0,0,0,0,0,0,0,0,0,0,0,0,0,0,0,0,0,0,0,0,0,0,0,0,0,0,0,0,0,0,0,0,0,0,0,0,0,0,0,0,0,0,0,0,0,0,0,0,0,0,0,0,0,0,0,0,0,0
3,0,0,0,0,0,0,0,0,0,0,0,0,0,0,0,0,0,0,0,0,0,0,0,0,0,0,0,0,0,0,0,0,0,0,0,0,0,0,0,0,0,0,0,0,0,0,0,0,0,0,0,0,0,0,0,0,0,0,0,0,0,0,0,0,0,0,0,0,0,0,0,0,0,0,0,0,0,0,0,0,0,0,0,0,0,0,0,0,0,0,0,0,0,0,0,0,0,0,0,0,0,0,0,0,0,0,0,0,0,0,0,0,0,0,0,0,0,0,0,0,0,0,0,0,0,0,0,0,0,0,0,0,0,0,0,0,0,0,0,0,0,0,0,0,0,0,0,13,39,106,147,193,147,61,19,0,0,0,0,0,0,0,0,0,0,0,0,0,0,0,0,0,0,0,0,160,254,254,254,184,178,239,219,185,97,3,0,0,0,0,0,0,0,0,0,0,0,0,0,0,0,3,130,247,254,209,32,3,0,25,143,254,254,154,2,0,0,0,0,0,0,0,0,0,0,0,0,0,0,0,80,244,250,56,0,0,0,0,9,203,254,254,81,0,0,0,0,0,0,0,0,0,0,0,0,0,0,0,0,84,123,25,0,0,0,0,7,196,254,254,81,0,0,0,0,0,0,0,0,0,0,0,0,0,0,0,0,0,0,0,0,0,0,0,22,254,254,254,81,0,0,0,0,0,0,0,0,0,0,0,0,0,0,0,0,0,0,0,0,0,0,0,43,254,254,249,66,0,0,0,0,0,0,0,0,0,0,0,0,0,0,0,0,0,0,0,0,0,0,0,214,254,254,190,0,0,0,0,0,0,0,0,0,0,0,0,0,0,0,0,0,0,0,0,0,0,0,46,247,254,254,112,0,0,0,0,0,0,0,0,0,0,0,0,0,0,0,0,0,0,0,0,0,0,35,173,254,254,234,8,0,0,0,0,0,0,0,0,0,0,0,0,0,0,0,0,0,0,0,0,0,0,163,254,254,254,71,0,0,0,0,0,0,0,0,0,0,0,0,0,0,0,0,0,0,0,0,0,0,0,10,55,226,247,242,181,103,4,0,0,0,0,0,0,0,0,0,0,0,0,0,0,0,0,0,0,0,0,0,0,0,129,243,254,254,93,2,0,0,0,0,0,0,0,0,0,0,0,0,0,0,0,0,0,0,0,0,0,0,0,207,254,254,254,5,0,0,0,0,0,0,0,0,0,0,0,0,0,0,0,0,0,0,0,0,0,0,44,232,254,254,254,5,0,0,0,0,0,0,0,0,0,0,0,0,0,0,0,0,0,0,0,0,0,15,227,254,254,255,184,2,0,0,0,0,0,0,0,0,0,0,0,0,0,0,0,0,0,0,0,0,0,156,254,254,254,228,44,0,0,0,0,0,0,0,0,0,0,0,0,0,0,0,0,0,0,0,0,0,106,254,254,254,122,4,0,0,0,0,0,0,0,0,0,0,0,0,0,0,0,0,0,0,0,0,0,116,239,254,254,197,40,0,0,0,0,0,0,0,0,0,0,0,0,0,0,0,0,0,0,0,0,0,153,241,254,254,229,28,0,0,0,0,0,0,0,0,0,0,0,0,0,0,0,0,0,0,0,0,0,0,0,0,0,0,0,0,0,0,0,0,0,0,0,0,0,0,0,0,0,0,0,0,0,0,0,0,0,0,0,0,0,0,0,0,0,0,0,0,0,0,0,0,0,0,0,0,0,0,0,0,0,0,0,0,0,0,0,0,0,0,0,0,0,0,0,0,0,0,0,0,0,0,0
3,0,0,0,0,0,0,0,0,0,0,0,0,0,0,0,0,0,0,0,0,0,0,0,0,0,0,0,0,0,0,0,0,0,0,0,0,0,0,0,0,0,0,0,0,0,0,0,0,0,0,0,0,0,0,0,0,0,0,0,0,0,0,0,0,0,0,0,0,0,0,0,0,0,0,0,0,0,0,0,0,0,0,0,0,0,0,0,0,0,0,0,0,0,0,0,0,0,0,0,0,0,0,0,0,0,0,0,0,0,0,0,0,0,0,0,0,0,0,0,0,0,0,0,0,0,0,0,0,0,0,0,0,0,0,0,0,0,0,0,0,0,0,0,0,0,0,0,0,0,0,73,85,211,254,254,255,254,78,8,0,0,0,0,0,0,0,0,0,0,0,0,0,0,0,0,0,0,82,249,253,253,228,218,218,250,253,181,13,0,0,0,0,0,0,0,0,0,0,0,0,0,0,0,0,19,231,224,82,82,25,0,0,75,225,253,168,0,0,0,0,0,0,0,0,0,0,0,0,0,0,0,0,89,253,129,0,0,0,0,0,65,220,253,206,0,0,0,0,0,0,0,0,0,0,0,0,0,0,0,0,17,151,84,0,0,0,28,133,249,253,243,79,0,0,0,0,0,0,0,0,0,0,0,0,0,0,0,0,0,0,0,0,0,75,206,253,253,248,129,0,0,0,0,0,0,0,0,0,0,0,0,0,0,0,0,0,0,0,0,12,199,250,252,148,22,11,0,0,0,0,0,0,0,0,0,0,0,0,0,0,0,0,0,0,0,0,0,91,253,154,78,0,0,0,0,0,0,0,0,0,0,0,0,0,0,0,0,0,0,0,0,0,0,0,1,160,253,76,0,0,0,0,0,0,0,0,0,0,0,0,0,0,0,0,0,0,0,0,0,0,0,0,2,147,253,200,87,10,0,0,0,0,0,0,0,0,0,0,0,0,0,0,0,0,0,0,0,0,0,0,0,17,225,253,253,204,143,2,0,0,0,0,0,0,0,0,0,0,0,0,0,0,0,0,0,0,0,0,0,0,26,145,253,253,253,148,0,0,0,0,0,0,0,0,0,0,0,0,0,0,0,0,0,0,0,0,0,0,0,6,23,164,253,252,148,0,0,0,0,0,0,0,0,0,0,0,0,0,0,0,0,0,0,0,0,0,0,0,0,2,165,253,224,0,0,0,0,0,0,0,0,0,0,0,0,0,0,0,0,0,0,0,0,0,0,0,0,0,0,249,224,0,0,0,0,0,0,0,0,0,0,0,0,0,0,0,0,0,0,0,0,0,0,0,0,0,96,252,224,0,0,0,0,0,0,0,0,0,0,0,0,0,0,0,0,0,0,0,0,0,0,0,0,25,237,250,112,0,0,0,0,0,0,0,0,0,0,0,0,0,0,0,0,0,0,74,82,0,0,0,101,221,253,203,0,0,0,0,0,0,0,0,0,0,0,0,0,0,0,0,0,0,125,249,253,219,219,219,245,253,209,75,0,0,0,0,0,0,0,0,0,0,0,0,0,0,0,0,0,0,207,253,140,201,253,253,217,36,10,0,0,0,0,0,0,0,0,0,0,0,0,0,0,0,0,0,0,0,0,0,0,0,0,0,0,0,0,0,0,0,0,0,0,0,0,0,0,0,0,0,0,0,0,0,0,0,0,0,0,0,0,0,0,0,0,0,0,0,0,0,0,0,0,0,0,0,0,0,0,0,0,0,0,0,0,0,0,0,0,0,0,0,0,0,0,0,0,0,0,0,0,0,0,0
8,0,0,0,0,0,0,0,0,0,0,0,0,0,0,0,0,0,0,0,0,0,0,0,0,0,0,0,0,0,0,0,0,0,0,0,0,0,0,0,0,0,0,0,0,0,0,0,0,0,0,0,0,0,0,0,0,0,0,0,0,0,0,0,0,0,0,0,0,0,0,0,0,0,0,0,0,0,0,0,0,0,0,0,0,0,0,0,0,0,0,0,0,0,0,0,0,0,0,0,0,0,0,0,0,0,0,0,0,0,0,0,0,0,0,0,0,0,0,0,0,0,0,0,0,0,0,0,0,0,0,0,5,180,180,5,0,0,0,0,0,0,0,0,0,0,0,0,0,0,0,0,0,0,0,2,7,0,0,0,100,253,188,3,0,0,0,0,0,0,0,0,0,0,0,0,0,0,0,0,0,0,0,115,202,0,0,29,246,237,36,0,0,0,0,0,0,0,0,0,0,0,0,0,0,0,0,0,0,2,115,252,218,0,6,192,253,89,0,0,0,0,0,0,0,0,0,0,0,0,0,0,0,0,0,0,0,113,253,198,31,0,34,253,190,7,0,0,0,0,0,0,0,0,0,0,0,0,0,0,0,0,0,0,136,251,160,4,0,8,211,229,28,0,0,0,0,0,0,0,0,0,0,0,0,0,0,0,0,0,0,107,254,168,0,0,0,110,253,130,0,0,0,0,0,0,0,0,0,0,0,0,0,0,0,0,0,0,15,217,233,14,0,0,16,219,242,13,0,0,0,0,0,0,0,0,0,0,0,0,0,0,0,0,0,0,29,253,145,0,0,0,126,254,137,0,0,0,0,0,0,0,0,0,0,0,0,0,0,0,0,0,0,0,21,241,192,8,0,24,246,242,20,0,0,0,0,0,0,0,0,0,0,0,0,0,0,0,0,0,0,0,0,161,255,167,37,130,254,129,0,0,0,0,0,0,0,0,0,0,0,0,0,0,0,0,0,0,0,0,0,36,181,252,239,244,249,48,0,0,0,0,0,0,0,0,0,0,0,0,0,0,0,0,0,0,0,0,0,0,0,61,253,253,182,0,0,0,0,0,0,0,0,0,0,0,0,0,0,0,0,0,0,0,0,0,0,0,0,22,253,253,249,95,0,0,0,0,0,0,0,0,0,0,0,0,0,0,0,0,0,0,0,0,0,0,0,105,253,226,241,204,16,0,0,0,0,0,0,0,0,0,0,0,0,0,0,0,0,0,0,0,0,0,0,155,254,34,129,254,28,0,0,0,0,0,0,0,0,0,0,0,0,0,0,0,0,0,0,0,0,0,0,218,253,14,95,254,48,0,0,0,0,0,0,0,0,0,0,0,0,0,0,0,0,0,0,0,0,0,0,226,253,95,217,217,14,0,0,0,0,0,0,0,0,0,0,0,0,0,0,0,0,0,0,0,0,0,0,226,253,253,245,67,0,0,0,0,0,0,0,0,0,0,0,0,0,0,0,0,0,0,0,0,0,0,0,186,253,218,62,0,0,0,0,0,0,0,0,0,0,0,0,0,0,0,0,0,0,0,0,0,0,0,0,0,0,0,0,0,0,0,0,0,0,0,0,0,0,0,0,0,0,0,0,0,0,0,0,0,0,0,0,0,0,0,0,0,0,0,0,0,0,0,0,0,0,0,0,0,0,0,0,0,0,0,0,0,0,0,0,0,0,0,0,0,0,0,0,0,0,0,0,0,0,0,0,0,0,0,0,0,0,0,0,0,0,0,0,0,0,0,0,0,0,0,0,0,0,0,0,0,0,0,0
3,0,0,0,0,0,0,0,0,0,0,0,0,0,0,0,0,0,0,0,0,0,0,0,0,0,0,0,0,0,0,0,0,0,0,0,0,0,0,0,0,0,0,0,0,0,0,0,0,0,0,0,0,0,0,0,0,0,0,0,0,0,0,0,0,0,0,0,0,0,0,0,0,0,0,0,0,0,0,0,0,0,0,0,0,0,0,0,0,0,0,0,0,0,0,0,0,0,0,0,0,0,0,0,0,0,0,0,0,0,0,0,0,0,0,0,0,0,0,0,0,0,0,0,0,0,0,0,0,0,0,0,0,0,0,0,0,0,0,0,0,0,0,0,0,0,0,119,125,174,187,255,255,217,125,125,35,0,0,0,0,0,0,0,0,0,0,0,0,0,0,0,0,0,175,253,253,253,253,253,253,253,253,253,222,97,0,0,0,0,0,0,0,0,0,0,0,0,0,0,0,119,253,253,253,253,253,253,253,253,253,253,253,251,221,40,0,0,0,0,0,0,0,0,0,0,0,0,0,125,253,253,253,253,253,218,235,253,253,253,253,253,253,91,0,0,0,0,0,0,0,0,0,0,0,0,0,77,251,253,213,106,25,17,21,62,155,228,253,253,253,140,0,0,0,0,0,0,0,0,0,0,0,0,0,0,31,99,19,36,206,222,115,92,126,245,253,253,253,220,0,0,0,0,0,0,0,0,0,0,0,0,0,0,0,0,36,217,253,253,253,253,253,253,253,253,253,177,0,0,0,0,0,0,0,0,0,0,0,0,0,0,0,0,73,246,253,253,253,253,253,253,253,253,253,208,71,0,0,0,0,0,0,0,0,0,0,0,0,0,0,0,0,228,253,253,253,253,253,253,253,253,253,253,248,187,0,0,0,0,0,0,0,0,0,0,0,0,0,0,0,103,211,253,253,253,253,253,253,253,253,253,253,249,85,0,0,0,0,0,0,0,0,0,0,0,0,0,0,0,24,175,128,91,65,65,92,194,234,253,253,253,210,27,0,0,0,0,0,0,0,0,0,0,0,0,0,0,0,0,0,0,0,0,0,0,48,188,253,253,253,143,0,0,0,0,0,0,0,0,0,0,0,0,0,0,0,0,0,0,0,0,0,0,0,67,236,253,253,247,0,0,0,0,0,0,0,0,0,0,0,0,0,0,35,27,0,0,0,0,0,0,0,0,156,253,253,247,0,0,0,0,0,0,0,0,0,0,0,0,0,13,226,223,124,7,0,0,0,0,6,117,219,253,253,230,0,0,0,0,0,0,0,0,0,0,0,0,0,48,237,253,253,176,124,27,27,27,62,253,253,253,253,183,0,0,0,0,0,0,0,0,0,0,0,0,0,91,251,253,253,253,253,253,253,253,253,253,253,253,252,108,0,0,0,0,0,0,0,0,0,0,0,0,0,0,143,251,253,253,253,253,253,253,253,253,253,253,233,0,0,0,0,0,0,0,0,0,0,0,0,0,0,0,0,142,247,252,253,253,253,253,253,253,249,169,51,0,0,0,0,0,0,0,0,0,0,0,0,0,0,0,0,0,0,99,123,220,253,253,166,123,47,0,0,0,0,0,0,0,0,0,0,0,0,0,0,0,0,0,0,0,0,0,0,0,0,0,0,0,0,0,0,0,0,0,0,0,0,0,0,0,0,0,0,0,0,0,0,0,0,0,0,0,0,0,0,0,0,0,0,0,0,0,0,0,0,0,0,0,0,0,0,0,0,0,0,0,0,0,0,0,0,0,0,0,0,0,0,0,0,0,0,0,0
5,0,0,0,0,0,0,0,0,0,0,0,0,0,0,0,0,0,0,0,0,0,0,0,0,0,0,0,0,0,0,0,0,0,0,0,0,0,0,0,0,0,0,0,0,0,0,0,0,0,0,0,0,0,0,0,0,0,0,0,0,0,0,0,0,0,0,0,0,0,0,0,0,0,0,0,0,0,0,0,0,0,0,0,0,0,0,0,0,0,0,0,0,0,0,0,0,0,0,0,0,0,0,0,0,0,0,0,0,0,0,0,0,0,0,0,0,0,0,0,0,0,0,0,0,0,0,0,0,0,0,0,0,0,0,0,0,0,0,0,0,0,0,0,0,0,0,0,0,0,0,0,0,0,0,0,0,0,0,0,0,0,0,0,0,0,0,0,0,0,0,0,0,0,0,0,0,0,0,0,53,155,218,217,217,217,218,217,217,217,218,217,217,217,0,0,0,0,0,0,0,0,0,11,37,37,79,181,232,252,253,252,252,252,253,252,252,252,237,215,215,132,0,0,0,0,0,0,0,0,0,155,252,252,191,252,252,252,253,252,252,168,108,108,108,108,62,0,0,0,0,0,0,0,0,0,0,0,47,232,252,252,252,220,143,143,0,0,0,0,0,0,0,0,0,0,0,0,0,0,0,0,0,0,0,0,109,252,252,210,35,25,0,0,0,0,0,0,0,0,0,0,0,0,0,0,0,0,0,0,0,0,0,0,31,227,252,211,181,181,181,181,37,26,0,0,0,0,0,0,0,0,0,0,0,0,0,0,0,0,0,0,0,217,252,252,252,252,252,252,253,221,144,144,0,0,0,0,0,0,0,0,0,0,0,0,0,0,0,0,0,42,144,144,253,253,253,253,255,253,253,253,255,253,149,47,0,0,0,0,0,0,0,0,0,0,0,0,0,0,0,1,35,35,35,119,180,200,252,252,253,252,252,232,156,52,0,0,0,0,0,0,0,0,0,0,0,0,0,0,0,0,0,0,0,21,71,154,217,226,252,252,253,231,72,0,0,0,0,0,0,0,0,0,63,20,0,0,0,0,0,0,0,0,0,0,0,31,128,252,253,252,215,0,0,0,0,0,0,0,0,0,255,211,31,0,0,0,0,0,0,0,0,0,0,0,0,0,192,253,253,108,0,0,0,0,0,0,0,0,211,252,206,73,0,0,0,0,0,0,0,0,0,0,0,42,233,252,252,108,0,0,0,0,0,0,0,0,31,227,252,252,181,57,11,0,0,0,0,0,0,11,58,221,253,252,205,31,0,0,0,0,0,0,0,0,0,93,211,252,252,252,175,144,0,0,0,84,145,175,252,252,253,210,31,0,0,0,0,0,0,0,0,0,0,0,21,144,253,253,253,253,255,253,253,253,255,253,253,253,208,20,0,0,0,0,0,0,0,0,0,0,0,0,0,1,35,159,231,252,253,252,252,252,253,252,241,179,20,0,0,0,0,0,0,0,0,0,0,0,0,0,0,0,0,0,52,71,133,215,215,215,72,71,61,0,0,0,0,0,0,0,0,0,0,0,0,0,0,0,0,0,0,0,0,0,0,0,0,0,0,0,0,0,0,0,0,0,0,0,0,0,0,0,0,0,0,0,0,0,0,0,0,0,0,0,0,0,0,0,0,0,0,0,0,0,0,0,0,0,0,0,0,0,0,0,0,0,0,0,0,0,0,0,0,0,0,0,0,0,0,0,0,0,0,0,0,0,0,0,0,0,0,0,0,0,0,0,0,0,0,0,0,0,0,0,0,0,0,0,0,0,0,0,0
7,0,0,0,0,0,0,0,0,0,0,0,0,0,0,0,0,0,0,0,0,0,0,0,0,0,0,0,0,0,0,0,0,0,0,0,0,0,0,0,0,0,0,0,0,0,0,0,0,0,0,0,0,0,0,0,0,0,0,0,0,0,0,0,0,0,0,0,0,0,0,0,0,0,0,0,0,0,0,0,0,0,0,0,0,0,0,0,0,0,0,0,0,0,0,0,0,0,0,0,0,0,0,0,0,0,0,0,0,0,0,0,0,0,0,0,0,0,0,0,0,0,0,0,0,0,0,0,0,0,0,0,0,0,0,0,0,0,0,0,0,0,0,0,0,0,0,0,0,0,0,0,0,0,0,0,0,0,0,0,0,0,0,0,0,0,0,0,0,0,0,0,0,0,0,0,0,0,0,0,0,0,0,0,0,0,0,0,0,0,0,0,0,0,0,0,0,0,0,0,0,0,0,0,0,0,0,0,0,0,0,89,232,155,89,29,0,0,0,0,0,0,0,0,0,0,0,0,0,0,0,0,0,0,10,156,210,133,149,227,254,254,254,173,7,0,0,0,0,0,0,0,0,0,0,0,0,0,0,0,0,20,237,254,254,254,254,254,254,254,254,254,174,0,0,0,0,0,0,0,0,0,0,0,0,0,0,0,10,199,254,254,254,254,254,238,234,195,248,255,212,10,0,0,0,0,0,0,0,0,0,0,0,0,0,0,15,231,254,254,254,254,180,35,0,0,170,254,199,6,0,0,0,0,0,0,0,0,0,0,0,0,0,0,0,116,224,191,70,25,1,0,0,2,180,254,174,0,0,0,0,0,0,0,0,0,0,0,0,0,0,0,0,0,0,0,0,0,0,0,0,122,254,254,174,0,0,0,0,0,0,0,0,0,0,0,0,0,0,0,0,0,0,0,0,0,0,0,0,215,254,251,69,0,0,0,0,0,0,0,0,0,0,0,0,0,0,0,0,0,0,0,0,0,0,0,47,245,254,192,0,0,0,0,0,0,0,0,0,0,0,0,0,0,0,0,0,0,0,0,0,0,0,1,177,254,254,129,0,0,0,0,0,0,0,0,0,0,0,0,0,0,0,0,0,0,0,0,0,0,0,47,254,254,253,48,0,0,0,0,0,0,0,0,0,0,0,0,0,0,0,0,0,0,0,0,0,0,0,168,254,254,122,0,0,0,0,0,0,0,0,0,0,0,0,0,0,0,0,0,0,0,0,0,0,0,23,228,254,236,13,0,0,0,0,0,0,0,0,0,0,0,0,0,0,0,0,0,0,0,0,0,0,0,51,254,254,112,0,0,0,0,0,0,0,0,0,0,0,0,0,0,0,0,0,0,0,0,0,0,0,0,139,254,249,36,0,0,0,0,0,0,0,0,0,0,0,0,0,0,0,0,0,0,0,0,0,0,0,0,182,254,163,0,0,0,0,0,0,0,0,0,0,0,0,0,0,0,0,0,0,0,0,0,0,0,0,0,250,254,82,0,0,0,0,0,0,0,0,0,0,0,0,0,0,0,0,0,0,0,0,0,0,0,0,0,250,249,0,0,0,0,0,0,0,0,0,0,0,0,0,0,0,0,0,0,0,0,0,0,0,0,0,0,193,249,0,0,0,0,0,0,0,0,0,0,0,0,0,0,0,0,0,0,0,0,0,0,0,0,0,0,72,92,0,0,0,0,0,0,0,0,0,0,0,0,0,0,0,0,0,0,0,0,0,0,0,0,0,0,0,0,0,0,0,0,0,0,0,0,0,0,0,0,0
3,0,0,0,0,0,0,0,0,0,0,0,0,0,0,0,0,0,0,0,0,0,0,0,0,0,0,0,0,0,0,0,0,0,0,0,0,0,0,0,0,0,0,0,0,0,0,0,0,0,0,0,0,0,0,0,0,0,0,0,0,0,0,0,0,0,0,0,0,0,0,0,0,0,0,0,0,0,0,0,0,0,0,0,0,0,0,0,0,0,0,0,0,0,0,0,0,0,0,0,0,0,0,0,0,0,0,0,0,0,0,0,0,0,0,0,0,0,0,0,0,0,0,0,0,0,0,0,0,0,0,0,0,0,0,0,0,0,0,0,0,0,0,0,0,0,0,0,0,0,0,0,0,0,0,0,0,0,0,0,0,0,0,0,0,0,0,0,0,0,0,0,0,0,0,0,0,0,0,149,254,254,255,254,189,142,61,0,0,0,0,0,0,0,0,0,0,0,0,0,0,0,0,0,0,0,0,149,237,101,183,237,254,254,252,221,120,7,0,0,0,0,0,0,0,0,0,0,0,0,0,0,0,0,0,60,192,29,0,29,124,254,254,254,254,57,0,0,0,0,0,0,0,0,0,0,0,0,0,0,0,0,0,0,2,0,73,159,251,254,251,196,95,1,0,0,0,0,0,0,0,0,0,0,0,0,0,0,0,0,0,0,11,123,252,254,237,140,56,0,0,0,0,0,0,0,0,0,0,0,0,0,0,0,0,0,0,0,0,0,184,254,254,178,23,0,0,0,0,0,0,0,0,0,0,0,0,0,0,0,0,0,0,0,0,0,0,0,211,254,171,2,0,0,0,0,0,0,0,0,0,0,0,0,0,0,0,0,0,0,0,0,0,0,0,0,123,248,246,128,7,0,0,0,0,0,0,0,0,0,0,0,0,0,0,0,0,0,0,0,0,0,0,0,0,85,249,254,173,6,0,0,0,0,0,0,0,0,0,0,0,0,0,0,0,0,0,0,0,0,0,0,0,0,86,226,254,135,10,0,0,0,0,0,0,0,0,0,0,0,0,0,0,0,0,0,0,0,0,0,0,0,0,32,249,254,52,0,0,0,0,0,0,0,0,0,0,0,0,0,0,0,0,0,0,0,0,0,0,0,0,0,173,254,52,0,0,0,0,0,0,0,0,0,0,0,0,0,0,0,0,0,0,0,0,0,0,0,0,3,186,254,52,0,0,0,0,0,0,0,0,0,0,0,0,0,0,0,0,0,0,0,0,0,0,0,0,19,254,235,31,0,0,0,0,0,0,0,0,0,0,0,0,0,0,0,0,0,0,0,0,0,0,0,0,174,254,183,0,0,0,0,0,0,0,0,0,0,0,0,0,0,0,0,0,0,0,0,0,0,0,0,110,249,254,28,0,0,0,0,0,0,0,0,0,0,0,0,0,0,0,0,0,0,0,5,2,0,1,104,251,253,154,5,0,0,0,0,0,0,0,0,0,0,0,0,0,0,0,0,0,0,38,240,72,40,118,254,241,139,0,0,0,0,0,0,0,0,0,0,0,0,0,0,0,0,0,0,0,0,29,234,233,242,254,243,142,0,0,0,0,0,0,0,0,0,0,0,0,0,0,0,0,0,0,0,0,0,0,143,254,254,210,71,0,0,0,0,0,0,0,0,0,0,0,0,0,0,0,0,0,0,0,0,0,0,0,0,0,0,0,0,0,0,0,0,0,0,0,0,0,0,0,0,0,0,0,0,0,0,0,0,0,0,0,0,0,0,0,0,0,0,0,0,0,0,0,0,0,0,0,0,0,0,0
5,0,0,0,0,0,0,0,0,0,0,0,0,0,0,0,0,0,0,0,0,0,0,0,0,0,0,0,0,0,0,0,0,0,0,0,0,0,0,0,0,0,0,0,0,0,0,0,0,0,0,0,0,0,0,0,0,0,0,0,0,0,0,0,0,0,0,0,0,0,0,0,0,0,0,0,0,0,0,0,0,0,0,0,0,0,0,0,0,0,0,0,0,0,0,0,0,0,0,0,0,0,0,0,0,0,0,0,0,0,0,0,0,0,0,0,0,0,0,0,0,0,0,0,0,0,0,0,0,0,0,0,0,0,0,0,0,0,0,0,0,0,0,0,0,0,0,0,0,0,0,0,0,0,0,0,0,0,0,0,0,0,0,0,0,0,0,0,0,0,0,0,0,0,0,0,0,0,0,0,0,0,0,0,0,0,0,0,0,0,0,0,0,0,0,0,0,0,0,0,0,0,0,0,0,0,1,11,151,209,59,0,0,0,0,0,0,0,0,0,0,0,0,0,0,0,0,0,0,0,0,0,0,43,158,253,253,253,239,126,126,164,141,65,40,65,45,0,0,0,0,0,0,0,0,0,0,0,0,82,163,242,254,253,253,253,253,254,253,253,254,253,240,254,211,67,13,20,5,0,0,0,0,0,0,0,0,255,253,253,253,253,253,253,253,253,253,253,253,253,253,254,253,254,226,251,152,0,0,0,0,0,0,0,0,243,253,253,253,253,113,54,93,161,184,223,223,223,223,223,233,249,246,225,235,0,0,0,0,0,0,0,0,104,239,253,253,253,253,253,200,54,0,0,0,0,0,0,22,60,52,3,28,0,0,0,0,0,0,0,0,0,55,139,248,253,253,253,253,211,74,0,0,0,0,0,0,0,0,0,0,0,0,0,0,0,0,0,0,0,0,0,52,128,245,253,253,254,242,151,0,0,0,0,0,0,0,0,0,0,0,0,0,0,0,0,0,0,0,0,0,0,4,77,159,242,253,251,76,0,0,0,0,0,0,0,0,0,0,0,0,0,0,0,0,0,0,0,0,0,0,0,0,76,250,253,242,32,0,0,0,0,0,0,0,0,0,0,0,0,0,0,0,0,0,0,0,0,0,0,0,0,127,253,254,126,0,0,0,0,0,0,0,0,0,0,0,0,0,0,0,0,0,0,0,0,0,0,0,0,50,253,253,245,39,0,0,0,0,0,0,0,0,0,0,0,0,0,0,0,0,0,0,0,0,0,0,0,78,253,253,253,84,0,0,0,0,0,0,0,0,0,0,0,0,0,0,98,128,0,0,0,0,0,4,63,240,253,254,226,43,0,0,0,0,0,0,0,0,0,0,0,0,0,0,107,208,179,172,80,80,114,191,253,253,253,203,27,0,0,0,0,0,0,0,0,0,0,0,0,0,0,0,0,60,167,254,254,253,254,253,254,253,235,8,0,0,0,0,0,0,0,0,0,0,0,0,0,0,0,0,0,0,68,125,190,253,253,204,233,145,38,0,0,0,0,0,0,0,0,0,0,0,0,0,0,0,0,0,0,0,0,0,3,100,37,5,7,1,0,0,0,0,0,0,0,0,0,0,0,0,0,0,0,0,0,0,0,0,0,0,0,0,0,0,0,0,0,0,0,0,0,0,0,0,0,0,0,0,0,0,0,0,0,0,0,0,0,0,0,0,0,0,0,0,0,0,0,0,0,0,0,0,0,0,0,0,0,0,0,0,0,0,0,0,0,0,0,0,0,0,0,0,0,0,0,0,0,0,0,0,0,0,0,0
8,0,0,0,0,0,0,0,0,0,0,0,0,0,0,0,0,0,0,0,0,0,0,0,0,0,0,0,0,0,0,0,0,0,0,0,0,0,0,0,0,0,0,0,0,0,0,0,0,0,0,0,0,0,0,0,0,0,0,0,0,0,0,0,0,0,0,0,0,0,0,0,0,0,0,0,0,0,0,0,0,0,0,0,0,0,0,0,0,0,0,0,0,0,0,0,0,0,0,0,0,0,0,0,0,0,0,0,0,0,0,0,0,0,0,0,0,0,0,0,0,0,0,0,0,0,0,0,0,0,0,0,0,0,0,0,0,0,0,0,0,0,0,0,0,0,0,0,0,0,0,0,0,0,0,0,0,0,0,218,255,91,4,0,0,0,0,0,0,0,0,0,0,0,0,0,8,28,136,136,136,136,136,136,101,13,3,101,237,253,147,1,0,0,0,0,0,0,0,0,0,0,1,28,208,253,253,253,250,235,248,253,253,253,119,12,153,253,253,12,0,0,0,0,0,0,0,0,0,0,13,253,253,250,149,105,85,0,77,105,105,213,253,215,129,253,242,11,0,0,0,0,0,0,0,0,0,0,13,253,250,195,0,0,0,0,0,0,0,32,212,253,253,253,127,0,0,0,0,0,0,0,0,0,0,0,13,253,244,63,0,0,0,0,0,0,0,0,88,253,253,186,7,0,0,0,0,0,0,0,0,0,0,0,5,159,253,185,38,0,0,0,0,0,0,0,88,253,253,66,0,0,0,0,0,0,0,0,0,0,0,0,0,6,152,234,242,92,16,0,0,0,0,80,201,253,185,8,0,0,0,0,0,0,0,0,0,0,0,0,0,0,0,61,233,253,179,44,0,0,81,239,234,197,60,0,0,0,0,0,0,0,0,0,0,0,0,0,0,0,0,0,43,190,253,238,96,96,239,253,136,0,0,0,0,0,0,0,0,0,0,0,0,0,0,0,0,0,0,0,0,41,86,233,253,253,253,192,11,0,0,0,0,0,0,0,0,0,0,0,0,0,0,0,0,0,0,0,0,0,0,180,253,253,253,196,13,0,0,0,0,0,0,0,0,0,0,0,0,0,0,0,0,0,0,0,0,14,166,239,233,172,236,253,170,12,0,0,0,0,0,0,0,0,0,0,0,0,0,0,0,0,0,0,56,176,253,191,65,0,34,170,253,171,11,0,0,0,0,0,0,0,0,0,0,0,0,0,0,0,0,73,240,253,165,11,0,0,0,12,139,240,136,0,0,0,0,0,0,0,0,0,0,0,0,0,0,0,22,242,253,166,10,0,0,0,0,0,0,217,242,21,0,0,0,0,0,0,0,0,0,0,0,0,0,0,137,253,108,8,0,0,0,0,0,0,0,217,253,24,0,0,0,0,0,0,0,0,0,0,0,0,0,0,149,253,163,112,112,112,112,112,25,91,154,251,209,14,0,0,0,0,0,0,0,0,0,0,0,0,0,0,19,150,253,253,253,253,253,253,244,251,253,210,83,0,0,0,0,0,0,0,0,0,0,0,0,0,0,0,0,1,5,5,91,129,190,129,129,129,87,4,0,0,0,0,0,0,0,0,0,0,0,0,0,0,0,0,0,0,0,0,0,0,0,0,0,0,0,0,0,0,0,0,0,0,0,0,0,0,0,0,0,0,0,0,0,0,0,0,0,0,0,0,0,0,0,0,0,0,0,0,0,0,0,0,0,0,0,0,0,0,0,0,0,0,0,0,0,0,0,0,0,0,0,0,0,0,0,0,0,0,0,0,0
1,0,0,0,0,0,0,0,0,0,0,0,0,0,0,0,0,0,0,0,0,0,0,0,0,0,0,0,0,0,0,0,0,0,0,0,0,0,0,0,0,0,0,0,0,0,0,0,0,0,0,0,0,0,0,0,0,0,0,0,0,0,0,0,0,0,0,0,0,0,0,0,0,0,0,0,0,0,0,0,0,0,0,0,0,0,0,0,0,0,0,0,0,0,0,0,0,0,0,0,0,0,0,0,0,0,0,0,0,0,0,0,0,0,0,0,0,0,0,0,0,0,0,0,0,0,0,0,0,0,0,0,0,0,0,0,0,0,0,0,0,0,0,0,0,0,0,0,0,0,0,0,0,0,0,72,213,65,0,0,0,0,0,0,0,0,0,0,0,0,0,0,0,0,0,0,0,0,0,0,0,0,0,134,254,94,0,0,0,0,0,0,0,0,0,0,0,0,0,0,0,0,0,0,0,0,0,0,0,0,0,134,248,47,0,0,0,0,0,0,0,0,0,0,0,0,0,0,0,0,0,0,0,0,0,0,0,0,0,210,223,0,0,0,0,0,0,0,0,0,0,0,0,0,0,0,0,0,0,0,0,0,0,0,0,0,26,237,152,0,0,0,0,0,0,0,0,0,0,0,0,0,0,0,0,0,0,0,0,0,0,0,0,0,59,254,133,0,0,0,0,0,0,0,0,0,0,0,0,0,0,0,0,0,0,0,0,0,0,0,0,0,59,254,133,0,0,0,0,0,0,0,0,0,0,0,0,0,0,0,0,0,0,0,0,0,0,0,0,0,59,255,133,0,0,0,0,0,0,0,0,0,0,0,0,0,0,0,0,0,0,0,0,0,0,0,0,0,79,254,114,0,0,0,0,0,0,0,0,0,0,0,0,0,0,0,0,0,0,0,0,0,0,0,0,0,148,255,44,0,0,0,0,0,0,0,0,0,0,0,0,0,0,0,0,0,0,0,0,0,0,0,0,0,148,254,44,0,0,0,0,0,0,0,0,0,0,0,0,0,0,0,0,0,0,0,0,0,0,0,0,0,148,236,26,0,0,0,0,0,0,0,0,0,0,0,0,0,0,0,0,0,0,0,0,0,0,0,0,0,148,210,0,0,0,0,0,0,0,0,0,0,0,0,0,0,0,0,0,0,0,0,0,0,0,0,0,0,148,210,0,0,0,0,0,0,0,0,0,0,0,0,0,0,0,0,0,0,0,0,0,0,0,0,0,0,148,210,0,0,0,0,0,0,0,0,0,0,0,0,0,0,0,0,0,0,0,0,0,0,0,0,0,0,148,210,0,0,0,0,0,0,0,0,0,0,0,0,0,0,0,0,0,0,0,0,0,0,0,0,0,0,148,210,0,0,0,0,0,0,0,0,0,0,0,0,0,0,0,0,0,0,0,0,0,0,0,0,0,0,138,230,21,0,0,0,0,0,0,0,0,0,0,0,0,0,0,0,0,0,0,0,0,0,0,0,0,0,59,255,44,0,0,0,0,0,0,0,0,0,0,0,0,0,0,0,0,0,0,0,0,0,0,0,0,0,18,233,44,0,0,0,0,0,0,0,0,0,0,0,0,0,0,0,0,0,0,0,0,0,0,0,0,0,0,0,0,0,0,0,0,0,0,0,0,0,0,0,0,0,0,0,0,0,0,0,0,0,0,0,0,0,0,0,0,0,0,0,0,0,0,0,0,0,0,0,0,0,0,0,0,0,0,0,0,0,0,0,0,0,0,0,0,0,0,0,0,0,0,0,0,0,0,0,0
2,0,0,0,0,0,0,0,0,0,0,0,0,0,0,0,0,0,0,0,0,0,0,0,0,0,0,0,0,0,0,0,0,0,0,0,0,0,0,0,0,0,0,0,0,0,0,0,0,0,0,0,0,0,0,0,0,0,0,0,0,0,0,0,0,0,0,0,0,0,0,0,0,0,0,0,0,0,0,0,0,0,0,0,0,0,0,0,0,0,0,0,0,0,0,0,0,0,0,0,0,0,0,0,0,0,0,0,0,0,0,0,0,0,0,0,0,0,0,0,0,0,0,0,0,0,0,0,0,0,0,0,0,0,0,0,0,0,0,0,0,0,0,0,0,0,0,0,0,0,0,0,0,0,0,0,0,0,0,0,0,0,0,0,0,0,0,0,0,0,0,0,0,0,0,0,113,118,118,118,118,118,118,118,118,118,36,0,0,0,0,0,0,0,0,0,0,0,0,0,0,0,112,171,253,253,253,253,253,253,253,253,253,253,221,94,0,0,0,0,0,0,0,0,0,0,0,0,0,0,254,253,253,253,253,215,149,149,149,149,149,149,221,250,137,0,0,0,0,0,0,0,0,0,0,0,0,0,156,251,253,109,25,16,0,0,0,0,0,0,59,253,250,88,0,0,0,0,0,0,0,0,0,0,0,0,0,92,162,12,0,0,0,0,0,0,0,0,46,253,253,97,0,0,0,0,0,0,0,0,0,0,0,0,0,0,0,0,0,0,0,0,0,0,0,0,156,253,225,15,0,0,0,0,0,0,0,0,0,0,0,0,0,0,0,0,0,0,0,0,0,0,0,84,240,241,86,0,0,0,0,0,0,0,0,0,0,0,0,0,0,0,0,0,0,0,0,0,0,0,48,239,253,214,0,0,0,0,0,0,0,0,0,0,0,0,0,0,0,0,0,0,0,0,0,0,0,51,176,253,208,92,0,0,0,0,0,0,0,0,0,0,0,0,0,0,0,0,0,0,0,0,0,0,85,239,240,101,20,0,0,0,0,0,0,0,0,0,0,0,0,0,0,0,0,0,0,0,0,0,0,84,239,213,88,0,0,0,0,0,0,0,0,0,0,0,0,0,0,0,0,0,0,0,0,0,0,0,83,240,253,58,0,0,0,0,0,0,0,0,0,0,0,0,0,0,0,0,0,0,0,0,0,0,36,87,241,201,84,19,0,0,0,0,0,0,0,0,0,0,0,0,0,0,0,0,0,0,0,0,0,85,244,253,253,91,0,0,8,33,33,33,50,163,163,163,163,163,0,0,0,0,0,0,0,0,0,0,0,235,253,253,253,173,156,156,179,253,253,253,253,237,217,170,156,97,0,0,0,0,0,0,0,0,0,0,0,235,253,253,253,253,253,248,234,234,234,234,217,40,0,0,0,0,0,0,0,0,0,0,0,0,0,0,0,223,245,253,242,132,110,82,0,0,0,0,0,0,0,0,0,0,0,0,0,0,0,0,0,0,0,0,0,0,45,117,18,0,0,0,0,0,0,0,0,0,0,0,0,0,0,0,0,0,0,0,0,0,0,0,0,0,0,0,0,0,0,0,0,0,0,0,0,0,0,0,0,0,0,0,0,0,0,0,0,0,0,0,0,0,0,0,0,0,0,0,0,0,0,0,0,0,0,0,0,0,0,0,0,0,0,0,0,0,0,0,0,0,0,0,0,0,0,0,0,0,0,0,0,0,0,0,0,0,0,0,0,0,0,0,0,0,0,0,0,0,0,0,0,0,0,0,0,0,0,0,0,0,0,0,0,0,0,0,0
4,0,0,0,0,0,0,0,0,0,0,0,0,0,0,0,0,0,0,0,0,0,0,0,0,0,0,0,0,0,0,0,0,0,0,0,0,0,0,0,0,0,0,0,0,0,0,0,0,0,0,0,0,0,0,0,0,0,0,0,0,0,0,0,0,0,0,0,0,0,0,0,0,0,0,0,0,0,0,0,0,0,0,0,0,0,0,0,0,0,0,0,0,0,0,0,0,0,0,0,0,0,0,0,0,0,0,0,0,0,0,0,0,0,0,0,0,0,0,0,0,0,0,0,0,0,0,0,0,0,0,0,0,0,0,0,0,0,0,0,0,0,0,0,0,0,0,0,0,0,0,0,0,0,0,0,0,0,0,0,0,0,0,0,0,0,0,0,0,0,0,0,0,0,0,0,0,0,0,142,206,0,0,0,0,0,0,0,0,0,0,0,0,0,0,0,0,0,0,0,0,0,0,0,0,0,89,252,212,0,0,0,0,0,39,34,0,0,0,0,0,0,0,0,0,0,0,0,0,0,0,0,0,0,205,254,97,0,0,0,0,88,237,123,0,0,0,0,0,0,0,0,0,0,0,0,0,0,0,0,0,0,211,254,61,0,0,0,0,149,254,44,0,0,0,0,0,0,0,0,0,0,0,0,0,0,0,0,0,0,211,254,61,0,0,0,0,149,254,35,0,0,0,0,0,0,0,0,0,0,0,0,0,0,0,0,0,0,211,254,61,0,0,0,0,192,246,30,0,0,0,0,0,0,0,0,0,0,0,0,0,0,0,0,0,0,211,254,79,0,0,0,0,237,201,0,0,0,0,0,0,0,0,0,0,0,0,0,0,0,0,0,0,0,211,254,249,193,193,106,160,250,223,51,0,0,0,0,0,0,0,0,0,0,0,0,0,0,0,0,0,0,130,157,224,245,245,246,250,254,249,148,0,0,0,0,0,0,0,0,0,0,0,0,0,0,0,0,0,0,0,0,0,0,0,0,158,254,114,0,0,0,0,0,0,0,0,0,0,0,0,0,0,0,0,0,0,0,0,0,0,0,0,0,158,255,114,0,0,0,0,0,0,0,0,0,0,0,0,0,0,0,0,0,0,0,0,0,0,0,0,0,158,254,114,0,0,0,0,0,0,0,0,0,0,0,0,0,0,0,0,0,0,0,0,0,0,0,0,0,179,254,114,0,0,0,0,0,0,0,0,0,0,0,0,0,0,0,0,0,0,0,0,0,0,0,0,0,246,254,35,0,0,0,0,0,0,0,0,0,0,0,0,0,0,0,0,0,0,0,0,0,0,0,0,69,253,200,4,0,0,0,0,0,0,0,0,0,0,0,0,0,0,0,0,0,0,0,0,0,0,0,0,92,254,180,0,0,0,0,0,0,0,0,0,0,0,0,0,0,0,0,0,0,0,0,0,0,0,0,0,98,254,174,0,0,0,0,0,0,0,0,0,0,0,0,0,0,0,0,0,0,0,0,0,0,0,0,0,74,253,196,2,0,0,0,0,0,0,0,0,0,0,0,0,0,0,0,0,0,0,0,0,0,0,0,0,0,246,254,26,0,0,0,0,0,0,0,0,0,0,0,0,0,0,0,0,0,0,0,0,0,0,0,0,0,185,181,8,0,0,0,0,0,0,0,0,0,0,0,0,0,0,0,0,0,0,0,0,0,0,0,0,0,0,0,0,0,0,0,0,0,0,0,0,0,0,0,0,0,0,0,0,0,0,0,0,0,0,0,0,0,0,0,0,0,0,0,0,0,0,0,0,0,0
4,0,0,0,0,0,0,0,0,0,0,0,0,0,0,0,0,0,0,0,0,0,0,0,0,0,0,0,0,0,0,0,0,0,0,0,0,0,0,0,0,0,0,0,0,0,0,0,0,0,0,0,0,0,0,0,0,0,0,0,0,0,0,0,0,0,0,0,0,0,0,0,0,0,0,0,0,0,0,0,0,0,0,0,0,0,0,0,0,0,0,0,0,0,0,0,0,0,0,0,7,136,136,7,0,0,0,0,0,0,0,0,0,0,0,0,0,0,0,0,0,0,0,0,0,0,0,0,24,253,224,19,0,0,0,0,0,0,0,0,0,0,0,0,0,0,0,0,0,0,0,0,0,0,0,0,91,253,101,0,0,0,0,0,0,0,0,0,0,0,0,0,0,0,0,0,0,0,0,0,0,0,0,0,7,203,184,0,0,0,0,0,0,0,0,0,0,0,0,0,0,0,0,0,0,0,0,114,114,0,0,0,15,229,204,7,0,0,0,0,0,0,0,0,0,0,0,0,0,0,0,0,0,0,0,180,230,0,0,0,15,228,254,23,0,0,0,0,0,0,0,0,0,0,0,0,0,0,0,0,0,0,0,138,230,0,0,0,24,253,254,23,0,0,0,0,0,0,0,0,0,0,0,0,0,0,0,0,0,0,0,172,230,0,0,0,24,253,254,23,0,0,0,0,0,0,0,0,0,0,0,0,0,0,0,0,0,0,0,231,230,0,0,0,24,254,254,23,0,0,0,0,0,0,0,0,0,0,0,0,0,0,0,0,0,0,38,243,230,0,0,0,19,240,254,23,0,0,0,0,0,0,0,0,0,0,0,0,0,0,0,0,0,0,78,253,221,0,0,0,0,184,254,23,0,0,0,0,0,0,0,0,0,0,0,0,0,0,0,0,0,0,161,253,104,0,0,0,17,234,254,23,0,0,0,0,0,0,0,0,0,0,0,0,0,0,0,0,0,0,255,224,17,0,0,0,24,254,229,15,74,128,0,0,0,0,0,0,0,0,0,0,0,0,0,0,0,51,254,206,0,0,47,64,182,253,254,232,241,253,0,0,0,0,0,0,0,0,0,0,0,0,0,0,0,93,254,228,124,207,254,253,253,253,247,179,137,104,0,0,0,0,0,0,0,0,0,0,0,0,0,0,0,93,254,253,253,253,228,160,135,253,118,0,0,0,0,0,0,0,0,0,0,0,0,0,0,0,0,0,0,34,151,210,176,93,0,0,24,254,93,0,0,0,0,0,0,0,0,0,0,0,0,0,0,0,0,0,0,0,0,9,0,0,0,0,24,253,93,0,0,0,0,0,0,0,0,0,0,0,0,0,0,0,0,0,0,0,0,0,0,0,0,0,99,253,93,0,0,0,0,0,0,0,0,0,0,0,0,0,0,0,0,0,0,0,0,0,0,0,0,0,82,253,93,0,0,0,0,0,0,0,0,0,0,0,0,0,0,0,0,0,0,0,0,0,0,0,0,0,0,0,0,0,0,0,0,0,0,0,0,0,0,0,0,0,0,0,0,0,0,0,0,0,0,0,0,0,0,0,0,0,0,0,0,0,0,0,0,0,0,0,0,0,0,0,0,0,0,0,0,0,0,0,0,0,0,0,0,0,0,0,0,0,0,0,0,0,0,0,0,0,0,0,0,0,0,0,0,0,0,0,0,0,0,0,0,0,0,0,0,0,0,0,0,0,0,0,0,0,0,0,0,0,0,0,0,0,0,0,0,0,0,0,0,0,0,0,0,0,0,0,0,0,0
6,0,0,0,0,0,0,0,0,0,0,0,0,0,0,0,0,0,0,0,0,0,0,0,0,0,0,0,0,0,0,0,0,0,0,0,0,0,0,0,0,0,0,0,0,0,0,0,0,0,0,0,0,0,0,0,0,0,0,0,0,0,0,0,0,0,0,0,0,0,0,0,0,0,0,0,0,0,0,0,0,0,0,0,0,0,0,0,0,0,0,0,0,0,0,0,0,0,0,0,0,0,48,218,253,62,0,0,0,0,0,0,0,0,0,0,0,0,0,0,0,0,0,0,0,0,0,0,15,121,247,252,173,27,0,0,0,0,0,0,0,0,0,0,0,0,0,0,0,0,0,0,0,0,0,0,105,252,251,160,29,0,0,0,0,0,0,0,0,0,0,0,0,0,0,0,0,0,0,0,0,0,16,108,253,252,134,0,0,0,0,0,0,0,0,0,0,0,0,0,0,0,0,0,0,0,0,0,0,0,152,252,253,137,4,0,0,0,0,0,0,0,0,0,0,0,0,0,0,0,0,0,0,0,0,0,0,189,253,253,132,0,0,0,0,0,0,0,0,0,0,0,0,0,0,0,0,0,0,0,0,0,0,15,164,247,252,137,0,0,0,0,0,0,0,0,0,0,0,0,0,0,0,0,0,0,0,0,0,0,0,105,252,242,134,4,0,0,20,92,215,233,118,2,0,0,0,0,0,0,0,0,0,0,0,0,0,0,71,253,252,100,0,0,11,143,246,252,252,253,252,79,48,0,0,0,0,0,0,0,0,0,0,0,0,27,211,253,217,12,0,0,130,252,252,252,252,253,252,155,66,0,0,0,0,0,0,0,0,0,0,0,4,183,253,212,27,0,0,18,255,253,253,253,253,255,239,17,0,0,0,0,0,0,0,0,0,0,0,0,57,252,252,71,0,0,0,141,253,252,166,145,252,253,132,0,0,0,0,0,0,0,0,0,0,0,0,0,224,252,146,0,0,0,59,249,232,91,13,211,252,232,32,0,0,0,0,0,0,0,0,0,0,0,0,57,246,252,42,0,0,0,134,252,185,0,119,252,252,115,0,0,0,0,0,0,0,0,0,0,0,0,0,173,252,252,42,0,0,0,169,252,150,36,241,252,208,0,0,0,0,0,0,0,0,0,0,0,0,0,0,173,253,253,42,0,0,0,64,253,255,253,253,225,79,0,0,0,0,0,0,0,0,0,0,0,0,0,0,57,246,252,156,0,0,0,99,252,253,252,252,140,85,0,0,0,0,0,0,0,0,0,0,0,0,0,0,0,215,252,252,233,232,232,246,252,241,247,252,238,187,0,0,0,0,0,0,0,0,0,0,0,0,0,0,0,7,154,242,253,252,252,252,226,35,63,84,28,0,0,0,0,0,0,0,0,0,0,0,0,0,0,0,0,0,0,35,165,252,155,77,24,0,0,0,0,0,0,0,0,0,0,0,0,0,0,0,0,0,0,0,0,0,0,0,0,0,0,0,0,0,0,0,0,0,0,0,0,0,0,0,0,0,0,0,0,0,0,0,0,0,0,0,0,0,0,0,0,0,0,0,0,0,0,0,0,0,0,0,0,0,0,0,0,0,0,0,0,0,0,0,0,0,0,0,0,0,0,0,0,0,0,0,0,0,0,0,0,0,0,0,0,0,0,0,0,0,0,0,0,0,0,0,0,0,0,0,0,0,0,0,0,0,0,0,0,0,0,0,0,0,0,0,0,0,0,0,0,0,0,0,0,0,0,0,0,0,0,0,0,0,0,0,0,0
4,0,0,0,0,0,0,0,0,0,0,0,0,0,0,0,0,0,0,0,0,0,0,0,0,0,0,0,0,0,0,0,0,0,0,0,0,0,0,0,0,0,0,0,0,0,0,0,0,0,0,0,0,0,0,0,0,0,0,0,0,0,0,0,0,0,0,0,0,0,0,0,0,0,0,0,0,0,0,0,0,0,0,0,0,0,0,0,0,0,0,0,0,0,0,0,0,0,0,0,0,0,0,0,0,0,0,0,0,0,0,0,0,0,0,0,0,0,0,0,0,0,0,0,0,0,0,0,0,0,0,0,0,0,0,0,0,0,0,0,0,0,0,0,0,0,0,0,0,0,0,0,0,0,0,0,0,0,120,160,0,0,0,0,0,0,0,0,0,0,0,0,0,0,0,0,0,0,0,0,0,0,0,0,0,0,177,187,0,0,0,0,0,0,0,0,0,0,0,0,0,0,0,0,0,2,7,0,0,0,0,0,0,0,230,128,0,0,0,0,0,0,0,0,0,0,0,0,0,0,0,0,2,124,212,18,0,0,0,0,0,0,230,105,0,0,0,0,0,0,0,0,0,0,0,0,0,0,0,0,118,254,218,0,0,0,0,0,0,20,238,105,0,0,0,0,0,0,0,0,0,0,0,0,0,0,0,0,76,214,106,0,0,0,0,0,0,26,241,105,0,0,0,0,0,0,0,0,0,0,0,0,0,0,0,0,59,254,58,0,0,0,0,0,0,40,246,40,0,0,0,0,0,0,0,0,0,0,0,0,0,0,0,0,171,243,32,0,0,0,0,0,0,70,254,21,0,0,0,0,0,0,0,0,0,0,0,0,0,0,0,0,188,162,0,0,0,0,0,33,38,159,254,21,0,0,0,0,0,0,0,0,0,0,0,0,0,0,0,0,188,145,0,0,47,126,168,248,254,254,244,17,0,0,0,0,0,0,0,0,0,0,0,0,0,0,0,0,130,229,130,196,247,217,193,109,42,175,192,0,0,0,0,0,0,0,0,0,0,0,0,0,0,0,0,0,4,136,204,166,81,7,0,0,0,226,192,0,0,0,0,0,0,0,0,0,0,0,0,0,0,0,0,0,0,0,0,0,0,0,0,0,0,226,192,0,0,0,0,0,0,0,0,0,0,0,0,0,0,0,0,0,0,0,0,0,0,0,0,0,0,226,192,0,0,0,0,0,0,0,0,0,0,0,0,0,0,0,0,0,0,0,0,0,0,0,0,0,0,226,192,0,0,0,0,0,0,0,0,0,0,0,0,0,0,0,0,0,0,0,0,0,0,0,0,0,0,226,115,0,0,0,0,0,0,0,0,0,0,0,0,0,0,0,0,0,0,0,0,0,0,0,0,0,34,243,58,0,0,0,0,0,0,0,0,0,0,0,0,0,0,0,0,0,0,0,0,0,0,0,0,0,55,255,50,0,0,0,0,0,0,0,0,0,0,0,0,0,0,0,0,0,0,0,0,0,0,0,0,0,2,201,109,0,0,0,0,0,0,0,0,0,0,0,0,0,0,0,0,0,0,0,0,0,0,0,0,0,0,88,190,0,0,0,0,0,0,0,0,0,0,0,0,0,0,0,0,0,0,0,0,0,0,0,0,0,0,0,0,0,0,0,0,0,0,0,0,0,0,0,0,0,0,0,0,0,0,0,0,0,0,0,0,0,0,0,0,0,0,0,0,0,0,0,0,0,0,0,0,0,0,0,0,0,0,0,0,0,0,0,0,0,0,0,0,0,0,0,0,0,0,0,0,0,0
9,0,0,0,0,0,0,0,0,0,0,0,0,0,0,0,0,0,0,0,0,0,0,0,0,0,0,0,0,0,0,0,0,0,0,0,0,0,0,0,0,0,0,0,0,0,0,0,0,0,0,0,0,0,0,0,0,0,0,0,0,0,0,0,0,0,0,0,0,0,0,0,0,0,0,0,0,0,0,0,0,0,0,0,0,0,0,0,0,0,0,0,0,0,0,0,0,0,0,0,0,0,0,0,0,0,0,0,0,0,0,0,0,0,0,0,0,0,0,0,0,0,0,0,0,0,0,0,0,0,0,0,0,0,0,0,0,0,0,0,0,0,0,0,0,0,0,0,0,0,0,0,0,0,0,0,0,0,0,0,0,0,0,0,0,0,0,0,0,0,0,0,0,0,0,0,0,0,22,175,255,255,236,158,129,5,0,0,0,0,0,0,0,0,0,0,0,0,0,0,0,0,0,0,0,14,178,254,254,254,254,254,254,19,0,0,0,0,0,0,0,0,0,0,0,0,0,0,0,0,0,0,0,121,254,180,111,131,85,127,133,5,0,0,0,0,0,0,0,0,0,0,0,0,0,0,0,0,0,0,0,215,111,2,0,0,0,0,0,0,0,0,0,0,0,0,0,0,0,0,0,0,0,0,0,0,0,0,0,216,72,0,0,0,0,0,0,112,25,0,0,0,0,0,0,0,0,0,0,0,0,0,0,0,0,0,42,243,72,0,0,0,0,0,0,235,122,0,0,0,0,0,0,0,0,0,0,0,0,0,0,0,0,0,2,217,182,2,0,0,0,0,75,253,241,0,0,0,0,0,0,0,0,0,0,0,0,0,0,0,0,0,0,165,254,101,11,0,0,2,127,254,244,0,0,0,0,0,0,0,0,0,0,0,0,0,0,0,0,0,0,8,145,251,219,111,82,128,254,254,244,0,0,0,0,0,0,0,0,0,0,0,0,0,0,0,0,0,0,0,0,70,153,239,244,245,235,254,249,49,0,0,0,0,0,0,0,0,0,0,0,0,0,0,0,0,0,0,0,0,0,34,39,39,88,252,254,86,0,0,0,0,0,0,0,0,0,0,0,0,0,0,0,0,0,0,0,0,0,0,0,0,0,235,254,86,0,0,0,0,0,0,0,0,0,0,0,0,0,0,0,0,0,0,0,0,0,0,0,0,0,235,254,86,0,0,0,0,0,0,0,0,0,0,0,0,0,0,0,0,0,0,0,0,0,0,0,0,0,235,254,192,10,0,0,0,0,0,0,0,0,0,0,0,0,0,0,0,0,0,0,0,0,0,0,0,0,208,254,254,24,0,0,0,0,0,0,0,0,0,0,0,0,0,0,0,0,0,0,0,0,0,0,0,0,89,254,254,38,0,0,0,0,0,0,0,0,0,0,0,0,0,0,0,0,0,0,0,0,0,0,0,0,27,233,254,122,0,0,0,0,0,0,0,0,0,0,0,0,0,0,0,0,0,0,0,0,0,0,0,0,0,202,254,215,0,0,0,0,0,0,0,0,0,0,0,0,0,0,0,0,0,0,0,0,0,0,0,0,0,202,254,202,0,0,0,0,0,0,0,0,0,0,0,0,0,0,0,0,0,0,0,0,0,0,0,0,0,161,157,75,0,0,0,0,0,0,0,0,0,0,0,0,0,0,0,0,0,0,0,0,0,0,0,0,0,0,0,0,0,0,0,0,0,0,0,0,0,0,0,0,0,0,0,0,0,0,0,0,0,0,0,0,0,0,0,0,0,0,0,0,0,0,0,0
5,0,0,0,0,0,0,0,0,0,0,0,0,0,0,0,0,0,0,0,0,0,0,0,0,0,0,0,0,0,0,0,0,0,0,0,0,0,0,0,0,0,0,0,0,0,0,0,0,0,0,0,0,0,0,0,0,0,0,0,0,0,0,0,0,0,0,0,0,0,0,0,0,0,0,0,0,0,0,0,0,0,0,0,0,0,0,0,0,0,0,0,0,0,0,0,0,0,0,0,0,0,0,0,0,0,0,0,0,0,0,0,0,0,0,0,0,0,0,0,0,0,0,0,0,0,16,216,253,253,192,66,7,0,0,0,0,0,0,0,0,0,0,0,0,0,0,0,0,0,0,0,0,0,29,252,252,252,253,252,187,169,108,19,0,0,0,0,0,0,0,0,0,0,0,0,0,0,0,0,0,0,29,252,252,252,106,130,168,243,253,133,0,0,0,0,0,0,0,0,0,0,0,0,0,0,0,0,0,0,179,252,252,151,0,0,0,25,28,9,0,0,0,0,0,0,0,0,0,0,0,0,0,0,0,0,0,13,255,253,253,78,0,0,0,0,0,0,0,0,0,0,0,0,0,0,0,0,0,0,0,0,0,0,0,113,253,252,233,22,0,0,0,0,0,0,0,0,0,0,0,0,0,0,0,0,0,0,0,0,0,0,0,113,253,252,80,0,0,0,0,0,0,0,0,0,0,0,0,0,0,0,0,0,0,0,0,0,0,0,0,113,253,252,56,0,0,0,0,0,0,0,0,0,0,0,0,0,0,0,0,0,0,0,0,0,0,0,0,101,254,253,128,4,0,0,0,0,0,0,0,0,0,0,0,0,0,0,0,0,0,0,0,0,0,0,0,0,153,252,252,128,0,0,0,0,0,0,0,0,0,0,0,0,0,0,0,0,0,0,0,0,0,0,0,0,7,149,252,252,126,0,0,0,0,0,0,0,0,0,0,0,0,0,0,0,0,0,0,0,0,0,0,0,0,7,153,252,238,38,0,0,0,0,0,0,0,0,0,0,0,0,0,0,0,0,0,0,0,0,0,0,0,0,0,226,254,197,0,0,0,0,0,0,0,0,0,0,0,0,0,0,0,0,0,0,0,0,0,0,0,0,0,225,253,196,0,0,0,0,0,0,0,0,0,0,0,0,0,0,0,0,0,0,10,85,85,10,0,0,0,225,253,196,0,0,0,0,0,0,0,0,0,0,0,0,0,0,0,0,0,51,229,252,77,3,0,0,38,237,253,196,0,0,0,0,0,0,0,0,0,0,0,0,0,0,0,0,111,241,254,134,0,0,0,45,229,253,254,84,0,0,0,0,0,0,0,0,0,0,0,0,0,0,0,0,172,252,253,159,0,26,70,225,252,252,209,28,0,0,0,0,0,0,0,0,0,0,0,0,0,0,0,0,19,156,253,240,197,222,253,252,252,177,25,0,0,0,0,0,0,0,0,0,0,0,0,0,0,0,0,0,0,0,40,165,252,252,253,252,164,15,0,0,0,0,0,0,0,0,0,0,0,0,0,0,0,0,0,0,0,0,0,0,0,0,0,0,0,0,0,0,0,0,0,0,0,0,0,0,0,0,0,0,0,0,0,0,0,0,0,0,0,0,0,0,0,0,0,0,0,0,0,0,0,0,0,0,0,0,0,0,0,0,0,0,0,0,0,0,0,0,0,0,0,0,0,0,0,0,0,0,0,0,0,0,0,0,0,0,0,0,0,0,0,0,0,0,0,0,0,0,0,0,0,0,0,0,0,0,0,0,0,0,0
1,0,0,0,0,0,0,0,0,0,0,0,0,0,0,0,0,0,0,0,0,0,0,0,0,0,0,0,0,0,0,0,0,0,0,0,0,0,0,0,0,0,0,0,0,0,0,0,0,0,0,0,0,0,0,0,0,0,0,0,0,0,0,0,0,0,0,0,0,0,0,0,0,0,0,0,0,0,0,0,0,0,0,0,0,0,0,0,0,0,0,0,0,0,0,0,0,0,0,0,0,0,0,0,0,0,0,0,0,0,0,0,0,0,0,0,0,0,0,0,0,0,0,0,0,93,214,124,0,0,0,0,0,0,0,0,0,0,0,0,0,0,0,0,0,0,0,0,0,0,0,0,0,138,254,97,0,0,0,0,0,0,0,0,0,0,0,0,0,0,0,0,0,0,0,0,0,0,0,0,0,70,245,125,0,0,0,0,0,0,0,0,0,0,0,0,0,0,0,0,0,0,0,0,0,0,0,0,0,0,221,219,12,0,0,0,0,0,0,0,0,0,0,0,0,0,0,0,0,0,0,0,0,0,0,0,0,0,221,254,43,0,0,0,0,0,0,0,0,0,0,0,0,0,0,0,0,0,0,0,0,0,0,0,0,0,200,254,43,0,0,0,0,0,0,0,0,0,0,0,0,0,0,0,0,0,0,0,0,0,0,0,0,0,134,254,43,0,0,0,0,0,0,0,0,0,0,0,0,0,0,0,0,0,0,0,0,0,0,0,0,0,134,255,61,0,0,0,0,0,0,0,0,0,0,0,0,0,0,0,0,0,0,0,0,0,0,0,0,0,134,254,129,0,0,0,0,0,0,0,0,0,0,0,0,0,0,0,0,0,0,0,0,0,0,0,0,0,134,255,100,0,0,0,0,0,0,0,0,0,0,0,0,0,0,0,0,0,0,0,0,0,0,0,0,0,134,254,129,0,0,0,0,0,0,0,0,0,0,0,0,0,0,0,0,0,0,0,0,0,0,0,0,0,134,255,141,0,0,0,0,0,0,0,0,0,0,0,0,0,0,0,0,0,0,0,0,0,0,0,0,0,66,254,205,0,0,0,0,0,0,0,0,0,0,0,0,0,0,0,0,0,0,0,0,0,0,0,0,0,11,225,129,0,0,0,0,0,0,0,0,0,0,0,0,0,0,0,0,0,0,0,0,0,0,0,0,0,0,216,166,0,0,0,0,0,0,0,0,0,0,0,0,0,0,0,0,0,0,0,0,0,0,0,0,0,0,216,215,0,0,0,0,0,0,0,0,0,0,0,0,0,0,0,0,0,0,0,0,0,0,0,0,0,0,216,217,3,0,0,0,0,0,0,0,0,0,0,0,0,0,0,0,0,0,0,0,0,0,0,0,0,0,213,255,166,37,0,0,0,0,0,0,0,0,0,0,0,0,0,0,0,0,0,0,0,0,0,0,0,0,128,255,254,51,0,0,0,0,0,0,0,0,0,0,0,0,0,0,0,0,0,0,0,0,0,0,0,0,29,211,190,0,0,0,0,0,0,0,0,0,0,0,0,0,0,0,0,0,0,0,0,0,0,0,0,0,0,0,0,0,0,0,0,0,0,0,0,0,0,0,0,0,0,0,0,0,0,0,0,0,0,0,0,0,0,0,0,0,0,0,0,0,0,0,0,0,0,0,0,0,0,0,0,0,0,0,0,0,0,0,0,0,0,0,0,0,0,0,0,0,0,0,0,0,0,0,0,0,0,0,0,0,0,0,0,0,0,0,0,0,0,0,0,0,0,0,0,0,0,0,0,0,0,0
0,0,0,0,0,0,0,0,0,0,0,0,0,0,0,0,0,0,0,0,0,0,0,0,0,0,0,0,0,0,0,0,0,0,0,0,0,0,0,0,0,0,0,0,0,0,0,0,0,0,0,0,0,0,0,0,0,0,0,0,0,0,0,0,0,0,0,0,0,0,0,0,0,0,0,0,0,0,0,0,0,0,0,0,0,0,0,0,0,0,0,0,0,0,0,0,0,0,0,0,0,0,0,0,0,0,0,0,0,0,0,0,0,0,0,0,0,0,0,0,0,0,0,0,0,0,0,0,0,0,0,0,0,0,0,0,0,0,0,0,0,0,0,0,0,0,0,0,0,0,0,0,0,0,0,0,0,0,0,0,0,0,0,0,0,0,0,0,0,0,0,0,0,0,0,0,0,0,0,0,0,41,102,183,142,102,41,0,0,0,0,0,0,0,0,0,0,0,0,0,0,0,0,0,0,0,11,92,254,253,254,253,254,253,254,172,52,10,0,0,0,0,0,0,0,0,0,0,0,0,0,0,0,0,132,252,253,252,253,252,253,252,253,252,253,212,41,0,0,0,0,0,0,0,0,0,0,0,0,0,0,163,254,253,254,253,254,253,254,253,234,253,254,253,234,51,0,0,0,0,0,0,0,0,0,0,0,0,163,243,253,252,253,212,50,50,71,111,30,50,253,252,253,232,41,0,0,0,0,0,0,0,0,0,0,62,254,253,244,162,41,0,0,0,0,0,0,0,163,243,254,253,214,10,0,0,0,0,0,0,0,0,21,203,253,252,122,0,0,0,0,0,0,0,0,0,0,81,213,252,253,131,0,0,0,0,0,0,0,0,51,253,254,192,0,0,0,0,0,0,0,0,0,0,0,0,82,243,254,253,0,0,0,0,0,0,0,0,132,252,253,70,0,0,0,0,0,0,0,0,0,0,0,0,0,162,253,252,0,0,0,0,0,0,0,0,254,253,244,40,0,0,0,0,0,0,0,0,0,0,0,0,0,102,254,253,0,0,0,0,0,0,0,0,253,252,203,0,0,0,0,0,0,0,0,0,0,0,0,0,0,102,253,252,0,0,0,0,0,0,0,0,254,253,203,0,0,0,0,0,0,0,0,0,0,0,0,0,52,233,254,233,0,0,0,0,0,0,0,0,253,252,223,20,0,0,0,0,0,0,0,0,0,0,21,142,233,252,233,50,0,0,0,0,0,0,0,0,234,253,254,71,0,0,0,0,0,0,0,21,72,152,254,253,254,233,82,0,0,0,0,0,0,0,0,0,71,252,253,232,142,102,102,102,102,102,163,223,253,252,253,252,172,30,0,0,0,0,0,0,0,0,0,0,21,183,255,253,255,253,254,253,254,253,254,253,254,233,142,20,0,0,0,0,0,0,0,0,0,0,0,0,0,0,112,232,253,252,253,252,253,252,253,171,131,30,0,0,0,0,0,0,0,0,0,0,0,0,0,0,0,0,0,0,62,102,102,102,102,20,0,0,0,0,0,0,0,0,0,0,0,0,0,0,0,0,0,0,0,0,0,0,0,0,0,0,0,0,0,0,0,0,0,0,0,0,0,0,0,0,0,0,0,0,0,0,0,0,0,0,0,0,0,0,0,0,0,0,0,0,0,0,0,0,0,0,0,0,0,0,0,0,0,0,0,0,0,0,0,0,0,0,0,0,0,0,0,0,0,0,0,0,0,0,0,0,0,0,0,0,0,0,0,0,0,0,0,0,0,0,0,0,0,0,0,0,0,0,0,0,0,0,0,0,0
6,0,0,0,0,0,0,0,0,0,0,0,0,0,0,0,0,0,0,0,0,0,0,0,0,0,0,0,0,0,0,0,0,0,0,0,0,0,0,0,0,0,0,0,0,0,0,0,0,0,0,0,0,0,0,0,0,0,0,0,0,0,0,0,0,0,0,0,0,0,0,0,130,197,0,0,0,0,0,0,0,0,0,0,0,0,0,0,0,0,0,0,0,0,0,0,0,0,0,111,231,38,0,0,0,0,0,0,0,0,0,0,0,0,0,0,0,0,0,0,0,0,0,0,0,0,162,241,75,0,0,0,0,0,0,0,0,0,0,0,0,0,0,0,0,0,0,0,0,0,0,0,2,98,253,77,0,0,0,0,0,0,0,0,0,0,0,0,0,0,0,0,0,0,0,0,0,0,0,0,17,254,150,4,0,0,0,0,0,0,0,0,0,0,0,0,0,0,0,0,0,0,0,0,0,0,0,0,133,251,4,0,0,0,0,0,0,0,0,0,0,0,0,0,0,0,0,0,0,0,0,0,0,0,0,0,188,139,0,0,0,0,0,0,0,0,0,0,0,0,0,0,0,0,0,0,0,0,0,0,0,0,0,48,251,58,0,0,0,0,0,0,0,0,0,0,0,0,0,0,0,0,0,0,0,0,0,0,0,0,0,164,113,121,3,0,0,0,0,0,0,0,0,0,0,0,0,0,0,0,0,0,0,0,0,0,0,0,7,211,154,164,1,0,0,0,0,0,0,0,0,0,0,0,0,0,0,0,0,0,0,0,0,0,0,0,36,247,216,80,0,0,0,0,0,23,22,0,0,0,0,0,0,0,0,0,0,0,0,0,0,0,0,0,21,232,248,19,0,0,0,9,126,239,236,114,0,0,0,0,0,0,0,0,0,0,0,0,0,0,0,0,0,202,244,0,0,0,1,186,215,128,128,236,49,0,0,0,0,0,0,0,0,0,0,0,0,0,0,0,0,202,156,0,0,0,105,205,49,0,0,186,171,0,0,0,0,0,0,0,0,0,0,0,0,0,0,0,0,202,101,0,0,16,186,36,0,0,0,71,215,10,0,0,0,0,0,0,0,0,0,0,0,0,0,0,0,202,67,0,0,140,128,0,0,0,0,68,255,36,0,0,0,0,0,0,0,0,0,0,0,0,0,0,0,202,113,0,12,198,28,0,0,0,0,68,246,30,0,0,0,0,0,0,0,0,0,0,0,0,0,0,0,192,236,115,92,196,10,0,0,20,56,216,182,0,0,0,0,0,0,0,0,0,0,0,0,0,0,0,0,28,163,250,254,240,183,193,193,237,245,130,6,0,0,0,0,0,0,0,0,0,0,0,0,0,0,0,0,0,0,52,157,255,207,165,158,76,25,0,0,0,0,0,0,0,0,0,0,0,0,0,0,0,0,0,0,0,0,0,0,0,0,0,0,0,0,0,0,0,0,0,0,0,0,0,0,0,0,0,0,0,0,0,0,0,0,0,0,0,0,0,0,0,0,0,0,0,0,0,0,0,0,0,0,0,0,0,0,0,0,0,0,0,0,0,0,0,0,0,0,0,0,0,0,0,0,0,0,0,0,0,0,0,0,0,0,0,0,0,0,0,0,0,0,0,0,0,0,0,0,0,0,0,0,0,0,0,0,0,0,0,0,0,0,0,0,0,0,0,0,0,0,0,0,0,0,0,0,0,0,0,0,0,0,0,0,0,0,0,0,0,0,0,0,0,0,0,0,0,0,0,0,0,0,0,0,0,0,0,0,0,0,0,0
9,0,0,0,0,0,0,0,0,0,0,0,0,0,0,0,0,0,0,0,0,0,0,0,0,0,0,0,0,0,0,0,0,0,0,0,0,0,0,0,0,0,0,0,0,0,0,0,0,0,0,0,0,0,0,0,0,0,0,0,0,0,0,0,0,0,0,0,0,0,0,0,0,0,0,0,0,0,0,0,0,0,0,0,0,0,0,0,0,0,0,0,0,0,0,0,0,0,0,0,0,0,0,0,0,0,0,0,0,0,0,0,0,0,0,0,0,0,0,0,0,0,0,0,0,0,0,0,0,0,0,0,0,0,0,0,0,0,0,0,0,0,0,0,0,0,0,0,0,0,0,0,0,0,0,0,0,0,0,0,0,0,0,0,0,0,0,0,0,0,0,0,0,0,0,0,0,0,0,15,55,138,191,139,114,0,0,0,0,0,0,0,0,0,0,0,0,0,0,0,0,0,0,0,0,0,110,219,252,252,252,253,236,161,50,0,0,0,0,0,0,0,0,0,0,0,0,0,0,0,0,0,0,64,253,252,170,69,69,69,90,202,227,17,0,0,0,0,0,0,0,0,0,0,0,0,0,0,0,0,76,248,253,120,13,0,0,0,0,13,173,211,43,0,0,0,0,0,0,0,0,0,0,0,0,0,0,0,144,252,180,8,0,0,0,0,0,0,9,75,11,0,0,0,0,0,0,0,0,0,0,0,0,0,0,38,233,253,0,0,0,0,0,0,0,0,0,64,255,159,7,0,0,0,0,0,0,0,0,0,0,0,0,25,223,252,0,0,0,0,0,0,0,0,0,116,253,252,69,0,0,0,0,0,0,0,0,0,0,0,0,0,207,252,32,0,0,0,0,0,0,0,26,205,253,187,19,0,0,0,0,0,0,0,0,0,0,0,0,0,113,252,229,133,93,17,0,0,17,93,203,252,234,17,0,0,0,0,0,0,0,0,0,0,0,0,0,0,9,128,253,252,252,234,230,231,234,252,252,252,178,0,0,0,0,0,0,0,0,0,0,0,0,0,0,0,0,0,116,189,230,230,251,255,249,247,253,190,0,0,0,0,0,0,0,0,0,0,0,0,0,0,0,0,0,0,0,0,0,0,84,92,75,111,252,137,0,0,0,0,0,0,0,0,0,0,0,0,0,0,0,0,0,0,0,0,0,0,0,0,0,70,252,189,0,0,0,0,0,0,0,0,0,0,0,0,0,0,0,0,0,0,0,0,0,0,0,0,0,70,252,232,0,0,0,0,0,0,0,0,0,0,0,0,0,0,0,0,0,0,0,0,0,0,0,0,0,70,252,252,0,0,0,0,0,0,0,0,0,0,0,0,0,0,0,0,0,0,0,0,0,0,0,0,0,70,253,253,0,0,0,0,0,0,0,0,0,0,0,0,0,0,0,0,0,0,0,0,0,0,0,0,0,25,223,252,22,0,0,0,0,0,0,0,0,0,0,0,0,0,0,0,0,0,0,0,0,0,0,0,0,0,207,252,216,150,0,0,0,0,0,0,0,0,0,0,0,0,0,0,0,0,0,0,0,0,0,0,0,0,80,244,253,227,32,0,0,0,0,0,0,0,0,0,0,0,0,0,0,0,0,0,0,0,0,0,0,0,0,126,253,153,0,0,0,0,0,0,0,0,0,0,0,0,0,0,0,0,0,0,0,0,0,0,0,0,0,0,0,0,0,0,0,0,0,0,0,0,0,0,0,0,0,0,0,0,0,0,0,0,0,0,0,0,0,0,0,0,0,0,0,0,0,0,0
5,0,0,0,0,0,0,0,0,0,0,0,0,0,0,0,0,0,0,0,0,0,0,0,0,0,0,0,0,0,0,0,0,0,0,0,0,0,0,0,0,0,0,0,0,0,0,0,0,0,0,0,0,0,0,0,0,0,0,0,0,0,0,0,0,0,0,0,0,0,0,0,0,0,0,0,0,0,0,0,0,0,0,0,0,0,0,0,0,0,0,0,0,0,0,0,0,0,0,0,0,0,0,0,0,0,0,0,0,0,0,0,0,0,0,0,0,0,0,0,0,0,0,0,0,0,0,0,0,0,0,0,0,0,0,0,0,0,0,0,0,0,0,0,0,0,0,0,0,0,0,0,0,0,0,0,0,15,55,138,138,139,159,169,25,0,0,0,0,0,0,0,0,0,0,0,0,0,0,0,0,34,89,109,162,219,252,252,252,249,236,240,37,0,0,0,0,0,0,0,0,0,0,0,0,0,0,0,0,184,252,252,253,252,252,252,252,247,228,151,0,0,0,0,0,0,0,0,0,0,0,0,0,76,207,43,0,142,252,252,253,252,252,218,108,46,45,13,0,0,0,0,0,0,0,0,0,0,0,0,0,51,242,231,42,70,252,252,253,157,22,14,0,0,0,0,0,0,0,0,0,0,0,0,0,0,0,0,0,0,231,255,103,0,0,0,0,0,0,0,0,0,0,0,0,0,0,0,0,0,0,0,0,0,0,0,0,0,84,253,236,65,0,0,0,0,0,0,0,0,0,0,0,0,0,0,0,0,0,0,0,0,0,0,0,0,0,222,252,202,13,0,0,0,0,0,0,0,0,0,0,0,0,0,0,0,0,0,0,0,0,0,0,0,0,97,252,252,139,0,0,0,0,0,0,0,0,0,0,0,0,0,0,0,0,0,0,0,0,0,0,0,0,3,169,252,202,11,0,0,0,0,0,0,0,0,0,0,0,0,0,0,0,0,0,0,0,0,0,0,0,0,47,253,253,148,0,0,0,0,0,0,0,0,0,0,0,0,0,0,0,0,0,0,0,0,0,0,0,0,17,188,252,252,22,0,0,0,0,0,0,0,0,0,0,0,0,0,0,0,0,0,0,0,0,0,0,0,0,51,240,252,199,0,0,0,0,0,0,0,0,0,0,0,0,0,0,0,0,0,0,0,0,0,0,0,0,0,207,252,230,0,0,0,0,0,0,0,0,0,0,0,0,0,0,0,0,0,0,0,0,0,0,0,0,0,155,252,251,84,0,0,0,0,0,0,0,0,0,0,0,0,0,0,0,0,0,0,11,0,0,0,0,0,104,253,255,92,0,0,0,0,0,0,0,0,0,0,0,0,0,0,0,0,0,22,190,161,57,43,9,26,215,252,253,92,0,0,0,0,0,0,0,0,0,0,0,0,0,0,0,0,0,0,82,183,246,247,197,221,252,252,253,92,0,0,0,0,0,0,0,0,0,0,0,0,0,0,0,0,0,0,0,0,230,253,252,252,252,252,245,58,0,0,0,0,0,0,0,0,0,0,0,0,0,0,0,0,0,0,0,0,126,148,231,221,252,147,21,0,0,0,0,0,0,0,0,0,0,0,0,0,0,0,0,0,0,0,0,0,0,0,0,0,0,0,0,0,0,0,0,0,0,0,0,0,0,0,0,0,0,0,0,0,0,0,0,0,0,0,0,0,0,0,0,0,0,0,0,0,0,0,0,0,0,0,0,0,0,0,0,0,0,0,0,0,0,0,0,0,0,0,0,0,0,0,0,0,0,0,0,0,0,0,0
9,0,0,0,0,0,0,0,0,0,0,0,0,0,0,0,0,0,0,0,0,0,0,0,0,0,0,0,0,0,0,0,0,0,0,0,0,0,0,0,0,0,0,0,0,0,0,0,0,0,0,0,0,0,0,0,0,0,0,0,0,0,0,0,0,0,0,0,0,0,0,0,0,0,0,0,0,0,0,0,0,0,0,0,0,0,0,0,0,0,0,0,0,0,0,0,0,0,0,0,0,0,0,0,0,0,0,0,0,0,0,0,0,0,0,0,0,0,0,0,0,0,0,0,0,0,0,0,0,0,0,0,0,0,0,0,0,0,0,0,0,0,0,0,0,0,0,0,0,0,0,0,0,0,0,0,0,0,0,0,0,0,0,0,0,0,0,0,0,0,0,0,0,0,0,0,0,0,0,0,0,0,0,0,0,0,0,0,0,0,0,0,0,0,0,0,0,0,0,0,0,0,0,0,0,0,0,0,0,0,0,0,0,0,0,0,0,0,0,0,0,0,0,0,0,0,0,0,0,0,0,0,0,0,0,10,128,154,253,253,253,242,47,0,0,0,0,0,0,0,0,0,0,0,0,0,0,0,0,0,0,32,131,197,252,253,252,208,196,253,84,0,101,170,56,0,0,0,0,0,0,0,0,0,0,0,0,29,85,229,252,252,177,56,56,13,0,56,75,123,246,253,84,0,0,0,0,0,0,0,0,0,0,0,0,134,252,253,227,103,3,0,0,0,0,76,243,252,252,178,9,0,0,0,0,0,0,0,0,0,0,0,0,135,253,251,75,0,0,0,0,0,26,255,253,253,253,51,0,0,0,0,0,0,0,0,0,0,0,0,0,85,252,244,82,0,0,7,57,144,243,253,252,252,151,0,0,0,0,0,0,0,0,0,0,0,0,0,0,19,231,253,240,197,147,204,252,252,177,216,252,252,28,0,0,0,0,0,0,0,0,0,0,0,0,0,0,0,75,203,252,252,252,253,227,103,3,141,252,214,15,0,0,0,0,0,0,0,0,0,0,0,0,0,0,0,0,0,26,113,113,51,0,0,63,254,247,50,0,0,0,0,0,0,0,0,0,0,0,0,0,0,0,0,0,0,0,0,0,0,0,0,138,253,196,0,0,0,0,0,0,0,0,0,0,0,0,0,0,0,0,0,0,0,0,0,0,0,0,0,225,253,109,0,0,0,0,0,0,0,0,0,0,0,0,0,0,0,0,0,0,0,0,0,0,0,0,0,225,228,9,0,0,0,0,0,0,0,0,0,0,0,0,0,0,0,0,0,0,0,0,0,0,0,0,60,241,114,0,0,0,0,0,0,0,0,0,0,0,0,0,0,0,0,0,0,0,0,0,0,0,0,13,209,252,113,0,0,0,0,0,0,0,0,0,0,0,0,0,0,0,0,0,0,0,0,0,0,0,0,57,252,252,25,0,0,0,0,0,0,0,0,0,0,0,0,0,0,0,0,0,0,0,0,0,0,0,0,107,252,151,0,0,0,0,0,0,0,0,0,0,0,0,0,0,0,0,0,0,0,0,0,0,0,0,16,216,253,28,0,0,0,0,0,0,0,0,0,0,0,0,0,0,0,0,0,0,0,0,0,0,0,0,54,252,196,9,0,0,0,0,0,0,0,0,0,0,0,0,0,0,0,0,0,0,0,0,0,0,0,0,104,252,130,0,0,0,0,0,0,0,0,0,0,0,0,0,0,0,0,0,0,0,0,0,0,0,0,0,29,227,31,0,0,0,0,0,0,0,0,0,0,0,0,0
5,0,0,0,0,0,0,0,0,0,0,0,0,0,0,0,0,0,0,0,0,0,0,0,0,0,0,0,0,0,0,0,0,0,0,0,0,0,0,0,0,0,0,0,0,0,0,0,0,0,0,0,0,0,0,0,0,0,0,0,0,0,0,0,0,0,0,0,0,0,0,0,0,0,0,0,0,0,0,0,0,0,0,0,0,0,0,0,0,0,0,0,0,0,0,0,0,0,0,0,0,0,0,0,0,0,0,0,0,0,0,0,0,0,0,0,0,0,0,0,0,0,0,0,0,0,0,0,0,11,51,132,112,0,0,0,0,0,0,0,0,0,0,0,0,0,0,0,0,0,0,21,102,62,102,163,203,213,252,253,151,0,0,0,0,0,0,0,0,0,0,0,0,0,0,0,0,0,21,214,253,254,253,254,253,254,253,244,81,0,0,0,0,0,0,0,0,0,0,0,0,0,0,0,0,0,102,253,252,253,252,253,252,253,252,162,0,0,0,0,0,0,0,0,0,0,0,0,0,0,0,0,0,0,102,254,253,244,243,203,102,82,41,0,0,0,0,0,0,0,0,0,0,0,0,0,0,0,0,0,0,0,102,253,252,182,141,122,20,0,0,0,0,0,0,0,0,0,0,0,0,0,0,0,0,0,0,0,0,0,123,254,253,254,253,254,213,152,71,0,0,0,0,0,0,0,0,0,0,0,0,0,0,0,0,0,0,0,162,253,252,253,252,253,252,253,252,183,20,0,0,0,0,0,0,0,0,0,0,0,0,0,0,0,0,31,193,254,253,254,213,234,253,254,253,254,112,0,0,0,0,0,0,0,0,0,0,0,0,0,0,0,0,31,232,253,212,50,10,30,91,213,252,253,232,41,0,0,0,0,0,0,0,0,0,0,0,0,0,0,0,0,41,102,20,0,0,0,0,41,223,254,253,102,0,0,0,0,0,0,0,0,0,0,0,0,0,0,0,0,0,0,0,0,0,0,0,0,61,253,252,102,0,0,0,0,0,0,0,0,0,0,0,0,0,0,41,21,0,0,0,0,0,0,0,0,41,254,253,102,0,0,0,0,0,0,0,0,0,0,0,0,0,0,203,223,162,41,0,0,0,0,0,0,0,253,212,61,0,0,0,0,0,0,0,0,0,0,0,0,0,0,142,173,253,234,71,0,0,0,0,31,193,254,131,0,0,0,0,0,0,0,0,0,0,0,0,0,0,0,20,213,252,253,252,142,20,0,41,213,252,253,50,0,0,0,0,0,0,0,0,0,0,0,0,0,0,0,0,123,243,255,253,255,253,255,253,255,253,82,0,0,0,0,0,0,0,0,0,0,0,0,0,0,0,0,0,0,81,253,252,253,252,253,252,253,212,0,0,0,0,0,0,0,0,0,0,0,0,0,0,0,0,0,0,0,0,41,223,255,253,255,253,224,61,0,0,0,0,0,0,0,0,0,0,0,0,0,0,0,0,0,0,0,0,0,20,172,252,253,212,40,0,0,0,0,0,0,0,0,0,0,0,0,0,0,0,0,0,0,0,0,0,0,0,0,0,0,0,0,0,0,0,0,0,0,0,0,0,0,0,0,0,0,0,0,0,0,0,0,0,0,0,0,0,0,0,0,0,0,0,0,0,0,0,0,0,0,0,0,0,0,0,0,0,0,0,0,0,0,0,0,0,0,0,0,0,0,0,0,0,0,0,0,0,0,0,0,0,0,0,0,0,0,0,0,0,0,0,0,0,0,0,0,0,0,0,0,0,0,0,0,0,0,0
9,0,0,0,0,0,0,0,0,0,0,0,0,0,0,0,0,0,0,0,0,0,0,0,0,0,0,0,0,0,0,0,0,0,0,0,0,0,0,0,0,0,0,0,0,0,0,0,0,0,0,0,0,0,0,0,0,0,0,0,0,0,0,0,0,0,0,0,0,0,0,0,0,0,0,0,0,0,0,0,0,0,0,0,0,0,0,0,0,0,0,0,0,0,0,0,0,0,0,0,0,0,0,0,0,0,0,0,0,0,0,0,0,0,0,0,0,0,0,0,0,0,0,0,0,0,0,0,0,0,0,0,0,0,0,0,0,0,0,0,0,0,0,0,0,0,0,0,0,0,0,0,0,0,0,0,0,0,0,0,0,0,0,0,0,0,0,0,0,0,0,0,0,0,0,0,0,0,0,0,29,141,226,255,255,170,29,0,0,0,0,0,0,0,0,0,0,0,0,0,0,0,0,0,0,0,0,57,226,255,255,255,255,255,198,29,0,0,0,0,0,0,0,0,0,0,0,0,0,0,0,0,0,0,0,226,255,198,57,0,57,198,255,170,0,0,0,0,0,0,0,0,0,0,0,0,0,0,0,0,0,0,141,255,226,29,0,0,0,29,226,255,86,0,0,0,0,0,0,0,0,0,0,0,0,0,0,0,0,0,198,255,86,0,0,0,0,0,255,255,86,0,0,0,0,0,0,0,0,0,0,0,0,0,0,0,0,57,255,255,57,0,0,0,0,29,255,255,86,0,0,0,0,0,0,0,0,0,0,0,0,0,0,0,0,86,255,226,0,0,0,0,0,114,255,170,29,0,0,0,0,0,0,0,0,0,0,0,0,0,0,0,0,170,255,170,0,0,0,0,0,170,255,86,0,0,0,0,0,0,0,0,0,0,0,0,0,0,0,0,0,170,255,198,0,0,0,0,0,226,255,86,0,0,0,0,0,0,0,0,0,0,0,0,0,0,0,0,0,57,255,255,57,0,0,0,86,255,255,86,0,0,0,0,0,0,0,0,0,0,0,0,0,0,0,0,0,0,198,255,170,0,0,0,170,255,255,86,0,0,0,0,0,0,0,0,0,0,0,0,0,0,0,0,0,0,29,255,255,170,86,114,255,255,255,86,0,0,0,0,0,0,0,0,0,0,0,0,0,0,0,0,0,0,0,86,226,255,255,255,198,198,255,170,0,0,0,0,0,0,0,0,0,0,0,0,0,0,0,0,0,0,0,0,0,141,170,170,57,170,255,170,0,0,0,0,0,0,0,0,0,0,0,0,0,0,0,0,0,0,0,0,0,0,0,0,0,86,255,198,0,0,0,0,0,0,0,0,0,0,0,0,0,0,0,0,0,0,0,0,0,0,0,0,0,0,170,255,0,0,0,0,0,0,0,0,0,0,0,0,0,0,0,0,0,0,0,0,0,0,0,0,0,0,170,226,0,0,0,0,0,0,0,0,0,0,0,0,0,0,0,0,0,0,0,0,0,0,0,0,0,0,170,170,0,0,0,0,0,0,0,0,0,0,0,0,0,0,0,0,0,0,0,0,0,0,0,0,0,0,198,141,0,0,0,0,0,0,0,0,0,0,0,0,0,0,0,0,0,0,0,0,0,0,0,0,0,0,198,29,0,0,0,0,0,0,0,0,0,0,0,0,0,0,0,0,0,0,0,0,0,0,0,0,0,0,0,0,0,0,0,0,0,0,0,0,0,0,0,0,0,0,0,0,0,0,0,0,0,0,0,0,0,0,0,0,0,0,0,0,0,0,0,0,0
7,0,0,0,0,0,0,0,0,0,0,0,0,0,0,0,0,0,0,0,0,0,0,0,0,0,0,0,0,0,0,0,0,0,0,0,0,0,0,0,0,0,0,0,0,0,0,0,0,0,0,0,0,0,0,0,0,0,0,0,0,0,0,0,0,0,0,0,0,0,0,0,0,0,0,0,0,0,0,0,0,0,0,0,0,0,0,0,0,0,0,0,0,0,0,0,0,0,0,0,0,0,0,0,0,0,0,0,0,0,0,0,0,0,0,0,0,0,0,0,0,0,0,0,0,0,0,0,0,0,0,0,0,0,0,0,0,0,0,0,0,0,0,0,0,0,0,0,0,0,0,0,0,0,0,0,0,0,0,0,0,0,0,0,0,0,0,0,0,0,0,0,0,0,0,0,1,19,130,113,89,130,219,254,254,254,49,0,0,0,0,0,0,0,0,0,0,0,0,0,0,0,0,0,80,253,253,253,253,253,253,253,253,253,49,0,0,0,0,0,0,0,0,0,0,0,0,0,0,0,0,0,9,183,246,251,235,235,207,206,253,253,49,0,0,0,0,0,0,0,0,0,0,0,0,0,0,0,0,0,0,0,65,90,0,0,0,63,253,253,49,0,0,0,0,0,0,0,0,0,0,0,0,0,0,0,0,0,0,0,0,0,0,0,0,78,253,244,43,0,0,0,0,0,0,0,0,0,0,0,0,0,0,0,0,0,0,0,0,0,0,0,0,186,253,179,0,0,0,0,0,0,0,0,0,0,0,0,0,0,0,0,0,0,0,0,0,0,0,0,0,186,253,179,0,0,0,0,0,0,0,0,0,0,0,0,0,0,0,0,0,0,0,0,0,0,0,0,0,186,253,179,0,0,0,0,0,0,0,0,0,0,0,0,0,0,0,0,0,0,0,0,0,0,0,0,0,186,253,195,56,99,120,180,180,40,0,0,0,0,0,0,0,0,0,0,0,0,0,0,0,0,0,0,45,203,253,253,253,253,253,253,253,112,0,0,0,0,0,0,0,0,0,0,0,0,0,41,69,69,150,192,236,253,253,253,253,253,195,185,133,5,0,0,0,0,0,0,0,0,0,0,0,4,144,231,253,253,253,253,253,253,253,195,79,55,8,0,0,0,0,0,0,0,0,0,0,0,0,0,0,13,253,253,243,172,151,73,190,253,198,11,0,0,0,0,0,0,0,0,0,0,0,0,0,0,0,0,0,3,113,94,38,0,0,0,56,253,185,0,0,0,0,0,0,0,0,0,0,0,0,0,0,0,0,0,0,0,0,0,0,0,0,0,56,253,185,0,0,0,0,0,0,0,0,0,0,0,0,0,0,0,0,0,0,0,0,0,0,0,0,0,105,253,185,0,0,0,0,0,0,0,0,0,0,0,0,0,0,0,0,0,0,0,0,0,0,0,0,0,180,253,185,0,0,0,0,0,0,0,0,0,0,0,0,0,0,0,0,0,0,0,0,0,0,0,0,0,180,253,185,0,0,0,0,0,0,0,0,0,0,0,0,0,0,0,0,0,0,0,0,0,0,0,0,0,180,253,185,0,0,0,0,0,0,0,0,0,0,0,0,0,0,0,0,0,0,0,0,0,0,0,0,0,59,253,125,0,0,0,0,0,0,0,0,0,0,0,0,0,0,0,0,0,0,0,0,0,0,0,0,0,0,0,0,0,0,0,0,0,0,0,0,0,0,0,0,0,0,0,0,0,0,0,0,0,0,0,0,0,0,0,0,0,0,0,0,0,0,0,0,0,0,0,0
3,0,0,0,0,0,0,0,0,0,0,0,0,0,0,0,0,0,0,0,0,0,0,0,0,0,0,0,0,0,0,0,0,0,0,0,0,0,0,0,0,0,0,0,0,0,0,0,0,0,0,0,0,0,0,0,0,0,0,0,0,0,0,0,0,0,0,0,0,0,0,0,0,0,0,0,0,0,0,0,0,0,0,0,0,0,0,0,0,0,0,0,0,0,0,0,0,0,0,0,0,0,0,0,0,0,0,0,0,0,0,0,0,0,0,0,0,0,0,0,0,0,0,0,0,21,113,233,254,253,234,92,0,0,0,0,0,0,0,0,0,0,0,0,0,0,0,0,0,0,0,0,0,183,253,252,253,252,253,192,0,0,0,0,0,0,0,0,0,0,0,0,0,0,0,0,0,0,0,0,0,82,0,0,0,21,254,233,0,0,0,0,0,0,0,0,0,0,0,0,0,0,0,0,0,0,0,0,0,0,0,0,0,183,253,151,0,0,0,0,0,0,0,0,0,0,0,0,0,0,0,0,0,0,0,0,0,0,0,0,72,253,254,91,0,0,0,0,0,0,0,0,0,0,0,0,0,0,0,0,0,0,0,0,0,0,0,0,193,252,172,10,0,0,0,0,0,0,0,0,0,0,0,0,0,0,0,0,0,0,0,0,0,0,11,213,254,172,0,0,0,0,0,0,0,0,0,0,0,0,0,0,0,0,0,0,0,0,0,0,0,0,173,252,172,10,0,0,0,0,0,0,0,0,0,0,0,0,0,0,0,0,0,0,0,0,0,0,72,233,254,172,0,0,0,0,0,0,0,0,0,0,0,0,0,0,0,0,0,0,0,0,0,0,0,41,253,252,131,10,0,0,0,0,0,0,0,0,0,0,0,0,0,0,0,0,0,0,0,0,0,0,113,253,254,253,254,253,234,112,41,0,0,0,0,0,0,0,0,0,0,0,0,0,0,0,0,0,0,0,30,131,172,252,253,252,253,252,223,20,0,0,0,0,0,0,0,0,0,0,0,0,0,0,0,0,0,0,0,0,0,0,0,0,193,253,254,50,0,0,0,0,0,0,0,0,0,0,0,0,0,0,0,0,0,0,0,0,0,0,0,0,193,252,172,10,0,0,0,0,0,0,0,0,0,0,0,0,0,0,0,0,0,0,0,0,0,0,51,193,254,192,0,0,0,0,0,0,0,0,0,0,0,0,0,0,0,0,0,0,0,0,0,0,0,82,233,252,172,30,0,0,0,0,0,0,0,0,0,0,0,0,0,0,0,0,0,0,11,132,0,0,132,253,254,172,41,0,0,0,0,0,0,0,0,0,0,0,0,0,0,0,0,0,0,0,173,171,0,123,253,252,131,10,0,0,0,0,0,0,0,0,0,0,0,0,0,0,0,0,0,0,0,0,255,253,254,253,224,61,0,0,0,0,0,0,0,0,0,0,0,0,0,0,0,0,0,0,0,0,0,0,213,252,131,50,40,0,0,0,0,0,0,0,0,0,0,0,0,0,0,0,0,0,0,0,0,0,0,0,0,0,0,0,0,0,0,0,0,0,0,0,0,0,0,0,0,0,0,0,0,0,0,0,0,0,0,0,0,0,0,0,0,0,0,0,0,0,0,0,0,0,0,0,0,0,0,0,0,0,0,0,0,0,0,0,0,0,0,0,0,0,0,0,0,0,0,0,0,0,0,0,0,0,0,0,0,0,0,0,0,0,0,0,0,0,0,0,0,0,0,0,0,0,0,0,0,0,0,0,0,0,0,0,0
8,0,0,0,0,0,0,0,0,0,0,0,0,0,0,0,0,0,0,0,0,0,0,0,0,0,0,0,0,0,0,0,0,0,0,0,0,0,0,0,0,0,0,0,0,0,0,0,0,0,0,0,0,0,0,0,0,0,0,0,0,0,0,0,0,0,0,0,0,0,0,0,0,0,0,0,0,0,0,0,0,0,0,0,0,0,0,0,0,0,0,0,0,0,0,0,0,0,0,0,0,0,0,0,0,0,0,0,0,0,0,0,0,0,0,0,0,0,0,0,0,0,0,0,7,162,205,205,78,9,6,0,0,0,0,0,0,0,0,0,0,0,0,0,0,0,0,0,0,0,0,24,123,252,252,252,243,196,99,3,0,0,0,0,0,0,0,0,0,0,0,0,0,0,0,0,0,0,22,201,252,252,252,166,167,252,252,102,0,0,0,0,0,0,0,0,0,0,0,0,0,0,0,0,0,0,161,252,251,163,39,2,2,39,230,237,56,0,0,0,0,0,0,0,0,0,0,0,0,0,0,0,0,0,141,252,241,0,0,0,0,0,161,252,197,0,0,0,0,0,0,0,0,0,0,0,0,0,0,0,0,0,12,171,245,35,0,0,0,0,209,252,197,0,0,0,0,0,0,0,0,0,0,0,0,0,0,0,0,0,0,46,237,201,3,0,0,8,211,252,200,3,0,0,0,0,0,0,0,0,0,0,0,0,0,0,0,0,0,0,54,252,85,20,21,223,252,252,243,45,0,0,0,0,0,0,0,0,0,0,0,0,0,0,0,0,0,0,3,146,232,216,197,252,252,246,89,0,0,0,0,0,0,0,0,0,0,0,0,0,0,0,0,0,0,0,0,93,252,252,253,252,252,87,0,0,0,0,0,0,0,0,0,0,0,0,0,0,0,0,0,0,0,0,41,253,253,253,255,216,68,0,0,0,0,0,0,0,0,0,0,0,0,0,0,0,0,0,0,0,0,91,246,252,252,252,253,203,41,0,0,0,0,0,0,0,0,0,0,0,0,0,0,0,0,0,0,0,22,219,252,252,252,209,167,252,235,9,0,0,0,0,0,0,0,0,0,0,0,0,0,0,0,0,0,0,56,252,252,252,121,6,34,252,252,116,0,0,0,0,0,0,0,0,0,0,0,0,0,0,0,0,0,0,80,252,252,252,66,0,34,252,252,121,0,0,0,0,0,0,0,0,0,0,0,0,0,0,0,0,0,0,165,252,252,218,14,126,158,252,252,121,0,0,0,0,0,0,0,0,0,0,0,0,0,0,0,0,0,0,165,252,252,210,174,250,253,252,248,67,0,0,0,0,0,0,0,0,0,0,0,0,0,0,0,0,0,0,146,252,252,252,252,252,253,241,79,0,0,0,0,0,0,0,0,0,0,0,0,0,0,0,0,0,0,0,39,236,252,252,252,219,114,49,0,0,0,0,0,0,0,0,0,0,0,0,0,0,0,0,0,0,0,0,0,64,147,233,109,19,0,0,0,0,0,0,0,0,0,0,0,0,0,0,0,0,0,0,0,0,0,0,0,0,0,0,0,0,0,0,0,0,0,0,0,0,0,0,0,0,0,0,0,0,0,0,0,0,0,0,0,0,0,0,0,0,0,0,0,0,0,0,0,0,0,0,0,0,0,0,0,0,0,0,0,0,0,0,0,0,0,0,0,0,0,0,0,0,0,0,0,0,0,0,0,0,0,0,0,0,0,0,0,0,0,0,0,0,0,0,0,0,0,0,0,0,0,0,0,0,0,0,0,0,0
0,0,0,0,0,0,0,0,0,0,0,0,0,0,0,0,0,0,0,0,0,0,0,0,0,0,0,0,0,0,0,0,0,0,0,0,0,0,0,0,0,0,0,0,0,0,0,0,0,0,0,0,0,0,0,0,0,0,0,0,0,0,0,0,0,0,0,0,0,0,0,0,0,0,0,0,0,0,0,0,0,0,0,0,0,0,0,0,0,0,0,0,0,0,0,0,0,0,0,0,0,0,0,0,0,0,0,0,0,0,0,0,0,0,0,0,0,0,0,0,0,0,0,0,0,93,255,254,77,0,0,0,0,0,0,0,0,0,0,0,0,0,0,0,0,0,0,0,0,0,0,0,68,239,253,253,216,126,34,0,0,0,0,0,0,0,0,0,0,0,0,0,0,0,0,0,0,0,0,0,85,253,253,253,253,253,224,137,0,0,0,0,0,0,0,0,0,0,0,0,0,0,0,0,0,0,0,0,141,253,253,253,253,253,253,243,51,0,0,0,0,0,0,0,0,0,0,0,0,0,0,0,0,0,0,22,241,253,233,167,75,233,253,253,225,146,0,0,0,0,0,0,0,0,0,0,0,0,0,0,0,0,0,139,253,253,123,0,0,56,237,253,253,191,0,0,0,0,0,0,0,0,0,0,0,0,0,0,0,0,37,247,253,253,123,0,0,0,55,225,253,212,31,0,0,0,0,0,0,0,0,0,0,0,0,0,0,0,39,253,253,253,123,0,0,0,0,57,253,253,92,0,0,0,0,0,0,0,0,0,0,0,0,0,0,0,39,253,253,253,123,0,0,0,0,16,253,253,92,0,0,0,0,0,0,0,0,0,0,0,0,0,0,0,179,253,253,225,11,0,0,0,0,16,253,253,92,0,0,0,0,0,0,0,0,0,0,0,0,0,0,9,198,253,253,115,0,0,0,0,0,16,253,253,92,0,0,0,0,0,0,0,0,0,0,0,0,0,0,93,253,253,211,35,0,0,0,0,0,16,253,223,47,0,0,0,0,0,0,0,0,0,0,0,0,0,0,93,253,253,168,0,0,0,0,0,20,174,253,191,0,0,0,0,0,0,0,0,0,0,0,0,0,0,0,88,249,253,168,0,0,0,0,0,79,253,253,191,0,0,0,0,0,0,0,0,0,0,0,0,0,0,0,0,193,253,207,32,0,0,0,0,224,253,253,121,0,0,0,0,0,0,0,0,0,0,0,0,0,0,0,0,155,253,253,114,30,0,58,216,249,253,225,29,0,0,0,0,0,0,0,0,0,0,0,0,0,0,0,0,39,253,253,253,206,162,226,253,253,243,50,0,0,0,0,0,0,0,0,0,0,0,0,0,0,0,0,0,23,204,253,253,253,253,253,253,253,172,0,0,0,0,0,0,0,0,0,0,0,0,0,0,0,0,0,0,0,25,190,238,253,253,253,253,163,15,0,0,0,0,0,0,0,0,0,0,0,0,0,0,0,0,0,0,0,0,0,73,179,253,145,99,12,0,0,0,0,0,0,0,0,0,0,0,0,0,0,0,0,0,0,0,0,0,0,0,0,0,0,0,0,0,0,0,0,0,0,0,0,0,0,0,0,0,0,0,0,0,0,0,0,0,0,0,0,0,0,0,0,0,0,0,0,0,0,0,0,0,0,0,0,0,0,0,0,0,0,0,0,0,0,0,0,0,0,0,0,0,0,0,0,0,0,0,0,0,0,0,0,0,0,0,0,0,0,0,0,0,0,0,0,0,0,0,0,0,0,0,0,0,0,0,0,0,0
3,0,0,0,0,0,0,0,0,0,0,0,0,0,0,0,0,0,0,0,0,0,0,0,0,0,0,0,0,0,0,0,0,0,0,0,0,0,0,0,0,0,0,0,0,0,0,0,0,0,0,0,0,0,0,0,0,0,0,0,0,0,0,0,0,0,0,0,0,0,0,0,0,0,0,0,0,0,0,0,0,0,0,0,0,0,0,0,0,0,0,0,0,0,0,0,0,0,0,0,0,0,0,0,0,0,0,0,0,0,0,0,0,0,0,0,0,0,0,0,23,254,254,254,254,172,96,15,0,0,0,0,0,0,0,0,0,0,0,0,0,0,0,0,0,0,0,0,23,253,253,253,253,253,253,139,0,0,0,0,0,0,0,0,0,0,0,0,0,0,0,0,0,0,0,0,14,154,232,253,253,253,253,249,108,0,0,0,0,0,0,0,0,0,0,0,0,0,0,0,0,0,0,0,0,0,8,10,10,10,164,254,193,4,0,0,0,0,0,0,0,0,0,0,0,0,0,0,0,0,0,0,0,0,0,0,0,0,183,254,253,44,0,0,0,0,0,0,0,0,0,0,0,0,0,0,0,0,0,0,0,0,0,0,0,100,247,254,230,29,0,0,0,0,0,0,0,0,0,0,0,0,0,0,0,0,0,0,0,0,0,6,99,248,253,253,130,0,0,0,0,0,0,0,0,0,0,0,0,0,0,0,0,0,0,0,0,0,0,122,253,253,253,242,127,27,0,0,0,0,0,0,0,0,0,0,0,0,0,0,0,0,0,0,0,0,0,170,253,253,253,254,253,228,42,0,0,0,0,0,0,0,0,0,0,0,0,0,0,0,0,0,0,0,0,69,210,253,253,254,253,253,227,39,0,0,0,0,0,0,0,0,0,0,0,0,0,0,0,0,0,0,0,0,0,0,0,15,111,215,254,150,0,0,0,0,0,0,0,0,0,0,0,0,0,0,0,0,0,0,0,0,0,0,0,0,0,31,246,237,38,0,0,0,0,0,0,0,0,0,0,0,0,0,0,0,0,0,0,0,0,0,0,0,0,0,243,253,146,0,0,0,0,0,0,0,0,0,0,0,0,0,0,0,0,0,0,0,0,0,0,0,0,0,243,253,165,0,0,0,0,0,0,0,0,0,0,0,0,0,0,0,0,0,0,0,0,0,0,0,0,0,243,253,140,0,0,0,0,0,0,0,0,0,0,0,0,0,0,0,0,0,0,0,0,0,0,0,0,118,251,253,55,0,0,0,0,0,0,0,0,0,0,0,0,0,0,0,0,0,9,60,12,12,12,75,151,250,253,222,29,0,0,0,0,0,0,0,0,0,0,0,0,0,0,0,0,0,199,253,253,253,253,255,253,253,250,73,0,0,0,0,0,0,0,0,0,0,0,0,0,0,0,0,0,0,165,253,253,253,253,254,253,253,116,0,0,0,0,0,0,0,0,0,0,0,0,0,0,0,0,0,0,0,12,133,162,253,157,143,114,33,2,0,0,0,0,0,0,0,0,0,0,0,0,0,0,0,0,0,0,0,0,0,0,0,0,0,0,0,0,0,0,0,0,0,0,0,0,0,0,0,0,0,0,0,0,0,0,0,0,0,0,0,0,0,0,0,0,0,0,0,0,0,0,0,0,0,0,0,0,0,0,0,0,0,0,0,0,0,0,0,0,0,0,0,0,0,0,0,0,0,0,0,0,0,0,0,0,0,0,0,0,0,0,0,0,0,0,0,0,0,0,0,0,0,0,0,0,0,0,0,0,0,0
7,0,0,0,0,0,0,0,0,0,0,0,0,0,0,0,0,0,0,0,0,0,0,0,0,0,0,0,0,0,0,0,0,0,0,0,0,0,0,0,0,0,0,0,0,0,0,0,0,0,0,0,0,0,0,0,0,0,0,0,0,0,0,0,0,0,0,0,0,0,0,0,0,0,0,0,0,0,0,0,0,0,0,0,0,0,0,0,0,0,0,0,0,0,0,0,0,0,0,0,0,0,0,0,0,0,0,0,0,0,0,0,0,0,0,0,0,0,0,0,0,0,0,0,0,0,0,0,0,0,0,0,0,0,0,0,0,0,0,0,0,0,0,0,0,0,0,0,0,0,0,0,0,0,0,0,0,0,0,0,0,0,0,0,0,0,0,0,0,0,0,0,0,0,0,0,0,0,0,0,0,0,0,0,0,0,0,0,0,0,0,0,0,0,0,0,0,0,0,0,0,0,0,0,0,14,18,18,76,136,136,136,136,236,254,255,185,111,0,0,0,0,0,0,0,0,0,0,0,0,0,0,33,228,253,253,253,253,253,245,229,223,234,253,253,235,60,0,0,0,0,0,0,0,0,0,0,0,0,0,54,253,253,253,199,82,82,63,25,14,37,82,182,253,188,0,0,0,0,0,0,0,0,0,0,0,0,0,54,253,253,253,11,0,0,0,0,0,0,0,148,253,206,15,0,0,0,0,0,0,0,0,0,0,0,0,95,253,253,253,11,0,0,0,0,0,0,0,148,253,253,53,0,0,0,0,0,0,0,0,0,0,0,0,171,253,253,253,11,0,0,0,0,0,0,5,192,253,195,6,0,0,0,0,0,0,0,0,0,0,0,0,171,253,253,253,11,0,0,0,0,0,0,15,253,253,185,0,0,0,0,0,0,0,0,0,0,0,0,0,171,253,253,253,11,0,0,0,0,0,0,141,253,249,64,0,0,0,0,0,0,0,0,0,0,0,0,0,171,253,253,253,11,0,0,0,0,0,0,249,253,206,0,0,0,0,0,0,0,0,0,0,0,0,0,0,89,253,253,201,9,0,0,0,0,0,107,252,253,178,0,0,0,0,0,0,0,0,0,0,0,0,0,0,13,146,176,20,0,0,0,0,0,29,238,253,244,62,0,0,0,0,0,0,0,0,0,0,0,0,0,0,0,0,0,0,0,0,0,0,0,95,253,253,179,0,0,0,0,0,0,0,0,0,0,0,0,0,0,0,0,0,0,0,0,0,0,0,0,202,253,248,59,0,0,0,0,0,0,0,0,0,0,0,0,0,0,0,0,0,0,0,0,0,0,0,46,234,253,65,0,0,0,0,0,0,0,0,0,0,0,0,0,0,0,0,0,0,0,0,0,0,0,7,202,253,240,5,0,0,0,0,0,0,0,0,0,0,0,0,0,0,0,0,0,0,0,0,0,0,0,82,253,236,115,0,0,0,0,0,0,0,0,0,0,0,0,0,0,0,0,0,0,0,0,0,0,0,0,177,253,158,0,0,0,0,0,0,0,0,0,0,0,0,0,0,0,0,0,0,0,0,0,0,0,0,33,238,253,158,0,0,0,0,0,0,0,0,0,0,0,0,0,0,0,0,0,0,0,0,0,0,0,0,89,253,253,57,0,0,0,0,0,0,0,0,0,0,0,0,0,0,0,0,0,0,0,0,0,0,0,0,105,253,127,3,0,0,0,0,0,0,0,0,0,0,0,0,0,0,0,0,0,0,0,0,0,0,0,0,0,0,0,0,0,0,0,0,0,0,0,0,0,0,0
1,0,0,0,0,0,0,0,0,0,0,0,0,0,0,0,0,0,0,0,0,0,0,0,0,0,0,0,0,0,0,0,0,0,0,0,0,0,0,0,0,0,0,0,0,0,0,0,0,0,0,0,0,0,0,0,0,0,0,0,0,0,0,0,0,0,0,0,0,0,0,0,0,0,0,0,0,0,0,0,0,0,0,0,0,0,0,0,0,0,0,0,0,0,0,0,0,0,0,0,0,0,0,0,0,0,0,0,0,0,0,0,0,0,0,0,0,0,0,0,0,0,0,0,0,0,0,0,83,128,0,0,0,0,0,0,0,0,0,0,0,0,0,0,0,0,0,0,0,0,0,0,0,0,0,9,107,194,0,0,0,0,0,0,0,0,0,0,0,0,0,0,0,0,0,0,0,0,0,0,0,0,0,55,253,152,0,0,0,0,0,0,0,0,0,0,0,0,0,0,0,0,0,0,0,0,0,0,0,0,0,172,244,44,0,0,0,0,0,0,0,0,0,0,0,0,0,0,0,0,0,0,0,0,0,0,0,0,70,254,230,0,0,0,0,0,0,0,0,0,0,0,0,0,0,0,0,0,0,0,0,0,0,0,0,0,87,253,213,0,0,0,0,0,0,0,0,0,0,0,0,0,0,0,0,0,0,0,0,0,0,0,0,0,161,253,96,0,0,0,0,0,0,0,0,0,0,0,0,0,0,0,0,0,0,0,0,0,0,0,0,0,161,253,46,0,0,0,0,0,0,0,0,0,0,0,0,0,0,0,0,0,0,0,0,0,0,0,0,0,254,224,17,0,0,0,0,0,0,0,0,0,0,0,0,0,0,0,0,0,0,0,0,0,0,0,0,51,254,206,0,0,0,0,0,0,0,0,0,0,0,0,0,0,0,0,0,0,0,0,0,0,0,0,0,25,254,206,0,0,0,0,0,0,0,0,0,0,0,0,0,0,0,0,0,0,0,0,0,0,0,0,0,93,254,173,0,0,0,0,0,0,0,0,0,0,0,0,0,0,0,0,0,0,0,0,0,0,0,0,0,93,254,115,0,0,0,0,0,0,0,0,0,0,0,0,0,0,0,0,0,0,0,0,0,0,0,0,0,93,254,198,0,0,0,0,0,0,0,0,0,0,0,0,0,0,0,0,0,0,0,0,0,0,0,0,0,93,254,206,0,0,0,0,0,0,0,0,0,0,0,0,0,0,0,0,0,0,0,0,0,0,0,0,0,93,254,206,0,0,0,0,0,0,0,0,0,0,0,0,0,0,0,0,0,0,0,0,0,0,0,0,0,93,255,207,0,0,0,0,0,0,0,0,0,0,0,0,0,0,0,0,0,0,0,0,0,0,0,0,0,93,254,206,0,0,0,0,0,0,0,0,0,0,0,0,0,0,0,0,0,0,0,0,0,0,0,0,0,93,254,131,0,0,0,0,0,0,0,0,0,0,0,0,0,0,0,0,0,0,0,0,0,0,0,0,0,59,228,73,0,0,0,0,0,0,0,0,0,0,0,0,0,0,0,0,0,0,0,0,0,0,0,0,0,0,0,0,0,0,0,0,0,0,0,0,0,0,0,0,0,0,0,0,0,0,0,0,0,0,0,0,0,0,0,0,0,0,0,0,0,0,0,0,0,0,0,0,0,0,0,0,0,0,0,0,0,0,0,0,0,0,0,0,0,0,0,0,0,0,0,0,0,0,0,0,0,0,0,0,0,0,0,0,0,0,0,0,0,0,0,0,0,0,0,0,0,0,0,0,0,0,0,0,0
3,0,0,0,0,0,0,0,0,0,0,0,0,0,0,0,0,0,0,0,0,0,0,0,0,0,0,0,0,0,0,0,0,0,0,0,0,0,0,0,0,0,0,0,0,0,0,0,0,0,0,0,0,0,0,0,0,0,0,0,0,0,0,0,0,0,0,0,0,0,0,0,0,0,0,0,0,0,0,0,0,0,0,0,0,0,0,0,0,0,0,0,0,0,0,0,0,0,0,0,0,0,0,0,0,0,0,0,0,0,0,0,0,0,0,0,0,0,0,0,0,0,0,0,0,0,0,60,174,167,108,7,0,0,0,0,0,0,0,0,0,0,0,0,0,0,0,0,0,0,0,0,0,72,163,203,160,234,254,107,0,0,0,0,0,0,0,0,0,0,0,0,0,0,0,0,0,0,0,0,99,199,105,6,0,122,254,112,0,0,0,0,0,0,0,0,0,0,0,0,0,0,0,0,0,0,0,180,210,30,0,0,0,53,252,112,0,0,0,0,0,0,0,0,0,0,0,0,0,0,0,0,0,0,70,215,35,0,0,0,0,89,254,41,0,0,0,0,0,0,0,0,0,0,0,0,0,0,0,0,0,0,23,48,0,0,0,0,4,173,194,14,0,0,0,0,0,0,0,0,0,0,0,0,0,0,0,0,0,0,0,0,0,0,0,0,155,254,37,0,0,0,0,0,0,0,0,0,0,0,0,0,0,0,0,0,0,0,0,0,0,0,35,179,254,198,28,0,0,0,0,0,0,0,0,0,0,0,0,0,0,0,0,0,0,0,0,0,14,106,230,254,254,254,220,34,0,0,0,0,0,0,0,0,0,0,0,0,0,0,0,0,0,0,0,102,225,231,135,51,64,210,254,128,0,0,0,0,0,0,0,0,0,0,0,0,0,0,0,0,0,0,0,188,120,21,0,0,0,159,254,201,0,0,0,0,0,0,0,0,0,0,0,0,0,0,0,0,0,0,0,0,0,0,0,0,0,81,254,242,28,0,0,0,0,0,0,0,0,0,0,0,0,0,0,0,0,0,0,0,0,0,0,0,0,81,254,236,23,0,0,0,0,0,0,0,0,0,0,0,0,0,0,0,0,0,0,0,0,0,0,0,0,81,254,218,12,0,0,0,0,0,0,0,0,0,0,0,0,0,0,0,0,0,0,0,0,0,0,0,0,105,254,115,0,0,0,0,0,0,0,0,0,0,0,0,0,0,0,0,0,0,0,0,0,0,0,0,1,156,254,112,0,0,0,0,0,0,0,0,0,0,0,0,0,0,0,31,106,0,0,0,0,0,0,3,108,254,182,16,0,0,0,0,0,0,0,0,0,0,0,0,0,0,0,64,245,74,9,0,0,0,10,131,245,199,22,0,0,0,0,0,0,0,0,0,0,0,0,0,0,0,0,13,215,254,212,193,110,182,214,229,96,0,0,0,0,0,0,0,0,0,0,0,0,0,0,0,0,0,0,0,34,208,223,223,254,239,123,44,0,0,0,0,0,0,0,0,0,0,0,0,0,0,0,0,0,0,0,0,0,0,0,0,0,0,0,0,0,0,0,0,0,0,0,0,0,0,0,0,0,0,0,0,0,0,0,0,0,0,0,0,0,0,0,0,0,0,0,0,0,0,0,0,0,0,0,0,0,0,0,0,0,0,0,0,0,0,0,0,0,0,0,0,0,0,0,0,0,0,0,0,0,0,0,0,0,0,0,0,0,0,0,0,0,0,0,0,0,0,0,0,0,0,0,0,0,0,0,0,0,0,0,0,0
6,0,0,0,0,0,0,0,0,0,0,0,0,0,0,0,0,0,0,0,0,0,0,0,0,0,0,0,0,0,0,0,0,0,0,0,0,0,0,0,0,0,0,0,0,0,0,0,0,0,0,0,0,0,0,0,0,0,0,0,0,0,0,0,0,0,0,0,0,0,0,0,0,0,0,0,124,18,0,0,0,0,0,0,0,0,0,0,0,0,0,0,0,0,0,0,0,0,0,0,0,0,0,54,216,98,0,0,0,0,0,0,0,0,0,0,0,0,0,0,0,0,0,0,0,0,0,0,0,0,27,215,225,10,0,0,0,0,0,0,0,0,0,0,0,0,0,0,0,0,0,0,0,0,0,0,0,4,177,250,70,0,0,0,0,0,0,0,0,0,0,0,0,0,0,0,0,0,0,0,0,0,0,0,0,124,254,124,0,0,0,0,0,0,0,0,0,0,0,0,0,0,0,0,0,0,0,0,0,0,0,0,74,247,174,6,0,0,0,0,0,0,0,0,0,0,0,0,0,0,0,0,0,0,0,0,0,0,0,58,215,248,72,0,0,0,0,0,0,0,0,0,0,0,0,0,0,0,0,0,0,0,0,0,0,0,6,174,254,124,0,0,0,0,0,0,0,0,0,0,0,0,0,0,0,0,0,0,0,0,0,0,0,6,156,254,146,7,0,0,0,0,0,0,0,0,0,0,0,0,0,0,0,0,0,0,0,0,0,0,0,121,254,218,34,0,0,0,0,0,0,0,0,0,0,0,0,0,0,0,0,0,0,0,0,0,0,0,44,247,218,34,0,0,0,0,0,0,0,0,0,0,0,0,0,0,0,0,0,0,0,0,0,0,0,60,217,247,101,121,91,51,51,5,0,0,0,0,0,0,0,0,0,0,0,0,0,0,0,0,0,0,6,171,254,127,108,254,254,254,254,184,5,0,0,0,0,0,0,0,0,0,0,0,0,0,0,0,0,0,119,254,216,22,5,29,73,113,172,254,156,4,0,0,0,0,0,0,0,0,0,0,0,0,0,0,0,33,228,247,77,0,0,0,0,0,6,157,254,92,0,0,0,0,0,0,0,0,0,0,0,0,0,0,0,154,254,148,0,0,0,0,0,0,57,210,237,46,0,0,0,0,0,0,0,0,0,0,0,0,0,0,40,250,247,47,0,0,0,13,116,200,247,169,46,0,0,0,0,0,0,0,0,0,0,0,0,0,0,0,101,254,149,0,0,61,117,231,254,171,49,2,0,0,0,0,0,0,0,0,0,0,0,0,0,0,0,0,20,254,251,247,247,253,241,132,48,1,0,0,0,0,0,0,0,0,0,0,0,0,0,0,0,0,0,0,1,100,234,254,216,131,46,0,0,0,0,0,0,0,0,0,0,0,0,0,0,0,0,0,0,0,0,0,0,0,0,0,0,0,0,0,0,0,0,0,0,0,0,0,0,0,0,0,0,0,0,0,0,0,0,0,0,0,0,0,0,0,0,0,0,0,0,0,0,0,0,0,0,0,0,0,0,0,0,0,0,0,0,0,0,0,0,0,0,0,0,0,0,0,0,0,0,0,0,0,0,0,0,0,0,0,0,0,0,0,0,0,0,0,0,0,0,0,0,0,0,0,0,0,0,0,0,0,0,0,0,0,0,0,0,0,0,0,0,0,0,0,0,0,0,0,0,0,0,0,0,0,0,0,0,0,0,0,0,0,0,0,0,0,0,0,0,0,0,0,0,0,0,0,0,0,0,0,0,0,0,0,0,0,0,0,0,0,0
7,0,0,0,0,0,0,0,0,0,0,0,0,0,0,0,0,0,0,0,0,0,0,0,0,0,0,0,0,0,0,0,0,0,0,0,0,0,0,0,0,0,0,0,0,0,0,0,0,0,0,0,0,0,0,0,0,0,0,0,0,0,0,0,0,0,0,0,0,0,0,0,0,0,0,0,0,0,0,0,0,0,0,0,0,0,0,0,0,0,0,0,0,0,0,0,0,0,0,0,0,0,0,0,0,0,0,0,0,0,0,0,0,0,0,0,0,0,0,0,0,0,0,0,0,0,0,0,0,0,0,0,0,0,0,0,0,0,0,0,0,0,0,0,0,0,0,0,0,0,0,0,0,0,0,0,0,0,0,0,0,0,0,0,0,0,0,0,0,0,0,0,0,0,0,0,0,0,0,0,0,0,0,0,0,0,0,0,0,0,0,0,0,0,0,0,0,0,0,0,0,0,0,41,59,59,23,0,0,0,0,0,28,59,59,133,253,233,0,0,0,0,0,0,0,0,0,0,0,0,55,210,251,251,167,117,117,117,117,118,179,251,251,251,251,240,81,0,0,0,0,0,0,0,0,0,0,0,36,198,251,251,251,251,251,251,251,253,251,251,251,251,251,251,173,0,0,0,0,0,0,0,0,0,0,0,0,148,218,251,251,251,251,251,251,253,251,251,251,251,251,232,13,0,0,0,0,0,0,0,0,0,0,0,0,0,24,153,153,153,183,251,251,253,251,251,251,251,251,156,0,0,0,0,0,0,0,0,0,0,0,0,0,0,0,0,0,0,30,96,96,97,96,204,251,251,251,37,0,0,0,0,0,0,0,0,0,0,0,0,0,0,0,0,0,0,0,0,0,5,110,239,251,251,119,6,0,0,0,0,0,0,0,0,0,0,0,0,0,0,0,0,0,0,0,0,0,59,251,251,251,251,96,0,0,0,0,0,0,0,0,0,0,0,0,0,0,0,0,0,0,0,0,0,0,164,251,251,251,198,44,0,0,0,0,0,0,0,0,0,0,0,0,0,0,0,0,0,0,0,0,0,0,253,251,251,251,153,0,0,0,0,0,0,0,0,0,0,0,0,0,0,0,0,0,0,0,0,0,0,46,255,253,253,213,0,0,0,0,0,0,0,0,0,0,0,0,0,0,0,0,0,0,0,0,0,0,64,220,253,251,251,122,0,0,0,0,0,0,0,0,0,0,0,0,0,0,0,0,0,0,0,0,0,55,216,251,253,251,128,6,0,0,0,0,0,0,0,0,0,0,0,0,0,0,0,0,0,0,0,0,0,78,251,251,253,251,76,0,0,0,0,0,0,0,0,0,0,0,0,0,0,0,0,0,0,0,0,0,8,145,251,251,253,205,47,0,0,0,0,0,0,0,0,0,0,0,0,0,0,0,0,0,0,0,0,0,20,251,251,251,253,134,0,0,0,0,0,0,0,0,0,0,0,0,0,0,0,0,0,0,0,0,0,0,35,251,251,251,253,134,0,0,0,0,0,0,0,0,0,0,0,0,0,0,0,0,0,0,0,0,0,0,214,251,251,251,253,134,0,0,0,0,0,0,0,0,0,0,0,0,0,0,0,0,0,0,0,0,0,0,109,251,251,251,221,62,0,0,0,0,0,0,0,0,0,0,0,0,0,0,0,0,0,0,0,0,0,0,5,117,251,251,44,0,0,0,0,0,0,0,0,0,0,0,0,0,0,0,0,0,0,0,0,0,0,0,0,0,0,0,0,0,0,0,0,0,0,0,0,0,0,0,0,0
8,0,0,0,0,0,0,0,0,0,0,0,0,0,0,0,0,0,0,0,0,0,0,0,0,0,0,0,0,0,0,0,0,0,0,0,0,0,0,0,0,0,0,0,0,0,0,0,0,0,0,0,0,0,0,0,0,0,0,0,0,0,0,0,0,0,0,0,0,0,0,0,0,0,0,0,0,0,0,0,0,0,0,0,0,0,0,0,0,0,0,0,0,0,0,0,0,0,0,0,0,0,0,0,0,0,0,0,0,0,0,0,0,0,0,0,0,0,0,0,4,4,83,130,49,92,41,0,0,0,0,0,0,0,0,0,0,0,0,0,0,0,0,0,0,0,0,13,194,205,238,208,253,253,200,104,39,0,0,0,0,0,0,0,0,0,0,0,0,0,0,0,0,0,83,202,253,253,253,253,253,253,253,249,176,14,0,0,0,0,0,0,0,0,0,0,0,0,0,0,0,0,255,253,253,253,253,253,253,253,253,228,110,217,29,0,0,0,0,0,0,0,0,0,0,0,0,0,0,0,239,253,253,253,253,253,253,253,253,238,110,199,49,11,32,4,0,0,0,0,0,0,0,0,0,0,0,0,130,253,253,231,201,111,216,192,93,47,33,207,67,106,253,30,0,0,0,0,0,0,0,0,0,0,0,0,49,253,253,203,152,44,15,0,0,33,101,253,226,239,253,30,0,0,0,0,0,0,0,0,0,0,0,0,2,173,253,253,253,253,119,50,78,232,253,253,253,151,98,10,0,0,0,0,0,0,0,0,0,0,0,0,0,46,229,253,253,253,253,253,253,253,253,253,196,13,0,0,0,0,0,0,0,0,0,0,0,0,0,0,0,0,113,253,253,253,253,253,253,253,253,253,142,0,0,0,0,0,0,0,0,0,0,0,0,0,0,0,0,0,5,140,253,253,253,253,253,253,253,253,104,45,0,0,0,0,0,0,0,0,0,0,0,0,0,0,0,0,0,6,176,253,253,253,253,253,253,253,253,234,199,90,44,0,0,0,0,0,0,0,0,0,0,0,0,0,0,0,116,253,253,253,226,121,253,214,253,253,253,253,181,6,0,0,0,0,0,0,0,0,0,0,0,0,0,0,21,179,253,253,253,172,196,59,128,175,253,211,253,214,153,2,0,0,0,0,0,0,0,0,0,0,0,0,0,6,180,253,253,253,244,217,118,71,240,236,253,253,253,51,0,0,0,0,0,0,0,0,0,0,0,0,0,0,120,253,253,253,253,253,253,228,249,253,253,253,253,178,0,0,0,0,0,0,0,0,0,0,0,0,0,0,5,24,135,253,253,253,253,253,253,253,253,253,253,253,0,0,0,0,0,0,0,0,0,0,0,0,0,0,0,0,4,136,253,253,253,253,253,253,253,253,253,198,0,0,0,0,0,0,0,0,0,0,0,0,0,0,0,0,0,3,137,218,135,234,253,253,253,253,253,72,0,0,0,0,0,0,0,0,0,0,0,0,0,0,0,0,0,0,2,4,0,47,129,69,129,129,11,1,0,0,0,0,0,0,0,0,0,0,0,0,0,0,0,0,0,0,0,0,0,0,0,0,0,0,0,0,0,0,0,0,0,0,0,0,0,0,0,0,0,0,0,0,0,0,0,0,0,0,0,0,0,0,0,0,0,0,0,0,0,0,0,0,0,0,0,0,0,0,0,0,0,0,0,0,0,0,0,0,0,0,0,0,0,0,0,0,0,0,0,0,0,0,0,0,0,0,0,0,0,0,0,0,0,0,0,0,0,0,0,0,0,0,0
5,0,0,0,0,0,0,0,0,0,0,0,0,0,0,0,0,0,0,0,0,0,0,0,0,0,0,0,0,0,0,0,0,0,0,0,0,0,0,0,0,0,0,0,0,0,0,0,0,0,0,0,0,0,0,0,0,0,0,0,0,0,0,0,0,0,0,0,0,0,0,0,0,0,0,0,0,0,0,0,0,0,0,0,0,0,0,0,0,0,0,0,0,0,0,0,0,0,0,0,0,0,0,0,0,0,0,0,0,0,0,0,0,0,0,0,0,0,0,0,0,0,0,0,0,0,0,0,0,0,0,0,0,0,0,0,0,0,0,0,0,0,0,0,0,0,0,0,0,0,0,0,128,0,128,128,128,128,128,128,128,191,255,255,255,191,0,0,0,0,0,0,0,0,0,0,0,0,0,255,255,255,255,255,255,255,255,255,255,255,255,255,255,255,0,0,0,0,0,0,0,0,0,0,0,0,128,255,255,255,255,255,255,255,255,255,255,255,255,255,255,255,0,0,0,0,0,0,0,0,0,0,0,0,191,255,255,255,255,255,255,191,128,128,128,128,0,128,128,64,0,0,0,0,0,0,0,0,0,0,0,128,255,255,255,255,128,0,0,0,0,0,0,0,0,0,0,0,0,0,0,0,0,0,0,0,0,0,0,191,255,255,191,64,0,0,0,0,0,0,0,0,0,0,0,0,0,0,0,0,0,0,0,0,0,0,191,255,255,255,128,0,0,0,0,0,0,0,0,0,0,0,0,0,0,0,0,0,0,0,0,0,0,0,255,255,255,255,255,255,255,255,255,255,128,128,0,0,0,0,0,0,0,0,0,0,0,0,0,0,0,64,255,255,255,255,255,255,255,255,255,255,255,255,255,64,0,0,0,0,0,0,0,0,0,0,0,0,0,128,255,255,255,255,255,255,255,255,255,255,255,255,255,255,191,0,0,0,0,0,0,0,0,0,0,0,64,255,255,255,255,255,191,128,128,64,0,0,128,191,255,255,255,0,0,0,0,0,0,0,0,0,0,0,128,255,255,255,255,191,64,0,0,0,0,0,0,0,255,255,255,64,0,0,0,0,0,0,0,0,0,0,0,128,255,191,128,0,0,0,0,0,0,0,0,0,255,255,255,128,0,0,0,0,0,0,0,0,0,0,0,0,0,0,0,0,0,0,0,0,0,0,0,64,255,255,255,64,0,0,0,0,0,0,0,0,0,0,0,0,0,0,0,0,0,0,0,0,0,0,64,255,255,255,191,0,0,0,0,0,0,0,0,0,0,0,0,0,0,0,0,0,0,0,0,0,64,191,255,255,255,191,0,0,0,0,0,0,0,0,0,0,0,0,0,0,0,0,0,0,0,64,128,255,255,255,255,255,191,0,0,0,0,0,0,0,0,0,0,0,0,0,128,255,255,191,255,255,255,255,255,255,255,255,255,191,0,0,0,0,0,0,0,0,0,0,0,0,0,0,191,255,255,255,255,255,255,255,255,128,128,128,0,0,0,0,0,0,0,0,0,0,0,0,0,0,0,0,0,128,128,128,128,128,64,0,0,0,0,0,0,0,0,0,0,0,0,0,0,0,0,0,0,0,0,0,0,0,0,0,0,0,0,0,0,0,0,0,0,0,0,0,0,0,0,0,0,0,0,0,0,0,0,0,0,0,0,0,0,0,0,0,0,0,0,0,0,0,0,0,0,0,0,0,0,0,0,0,0,0,0,0,0,0,0,0,0,0,0,0,0,0,0,0,0,0,0,0,0,0,0,0,0,0,0
9,0,0,0,0,0,0,0,0,0,0,0,0,0,0,0,0,0,0,0,0,0,0,0,0,0,0,0,0,0,0,0,0,0,0,0,0,0,0,0,0,0,0,0,0,0,0,0,0,0,0,0,0,0,0,0,0,0,0,0,0,0,0,0,0,0,0,0,0,0,0,0,0,0,0,0,0,0,0,0,0,0,0,0,0,0,0,0,0,0,0,0,0,0,0,0,0,0,0,0,0,0,0,0,0,0,0,0,0,0,0,0,0,0,0,0,0,0,0,0,0,0,0,0,0,0,0,0,0,0,0,0,0,0,0,0,0,0,0,0,0,0,0,0,0,0,0,0,0,0,0,0,0,0,0,0,0,0,0,0,0,0,0,0,0,0,0,0,0,0,0,0,0,0,0,0,0,0,11,51,152,193,254,253,92,31,0,0,0,0,0,0,0,0,0,0,0,0,0,0,0,0,0,0,0,0,213,252,253,252,253,252,253,232,41,0,0,0,0,0,0,0,0,0,0,0,0,0,0,0,0,0,0,102,255,253,254,253,183,102,203,203,163,0,0,0,0,0,0,0,0,0,0,0,0,0,0,0,0,0,0,102,253,252,172,50,0,0,0,0,40,0,0,0,0,0,0,0,0,0,0,0,0,0,0,0,0,0,0,102,255,253,0,0,0,0,0,0,0,0,0,0,0,0,0,0,0,0,0,0,0,0,0,0,0,0,0,102,253,252,0,0,0,0,0,0,183,61,0,0,0,0,0,0,0,0,0,0,0,0,0,0,0,0,0,0,254,253,21,0,0,0,0,123,254,213,0,0,0,0,0,0,0,0,0,0,0,0,0,0,0,0,0,0,213,252,142,0,0,0,21,223,253,252,0,0,0,0,0,0,0,0,0,0,0,0,0,0,0,0,0,0,92,253,254,172,72,193,254,253,254,253,0,0,0,0,0,0,0,0,0,0,0,0,0,0,0,0,0,0,10,131,253,252,253,252,253,252,253,252,0,0,0,0,0,0,0,0,0,0,0,0,0,0,0,0,0,0,0,0,62,203,224,223,41,82,254,253,21,0,0,0,0,0,0,0,0,0,0,0,0,0,0,0,0,0,0,0,0,20,20,20,0,0,253,252,61,0,0,0,0,0,0,0,0,0,0,0,0,0,0,0,0,0,0,0,0,0,0,0,0,102,254,253,0,0,0,0,0,0,0,0,0,0,0,0,0,0,0,0,0,0,0,0,0,0,0,0,0,102,253,252,0,0,0,0,0,0,0,0,0,0,0,0,0,0,0,0,0,0,0,0,0,0,0,0,0,102,254,253,0,0,0,0,0,0,0,0,0,0,0,0,0,0,0,0,0,0,0,0,0,0,0,0,0,61,253,252,0,0,0,0,0,0,0,0,0,0,0,0,0,0,0,0,0,0,0,0,0,0,0,0,0,0,255,253,0,0,0,0,0,0,0,0,0,0,0,0,0,0,0,0,0,0,0,0,0,0,0,0,0,0,213,252,0,0,0,0,0,0,0,0,0,0,0,0,0,0,0,0,0,0,0,0,0,0,0,0,0,0,152,253,255,172,0,0,0,0,0,0,0,0,0,0,0,0,0,0,0,0,0,0,0,0,0,0,0,0,30,212,131,10,0,0,0,0,0,0,0,0,0,0,0,0,0,0,0,0,0,0,0,0,0,0,0,0,0,0,0,0,0,0,0,0,0,0,0,0,0,0,0,0,0,0,0,0,0,0,0,0,0,0,0,0,0,0,0,0,0,0,0,0,0,0,0
7,0,0,0,0,0,0,0,0,0,0,0,0,0,0,0,0,0,0,0,0,0,0,0,0,0,0,0,0,0,0,0,0,0,0,0,0,0,0,0,0,0,0,0,0,0,0,0,0,0,0,0,0,0,0,0,0,0,0,0,0,0,0,0,0,0,0,0,0,0,0,0,0,0,0,0,0,0,0,0,0,0,0,0,0,0,0,0,0,0,0,0,0,0,0,0,0,0,0,0,0,0,0,0,0,0,0,0,0,0,0,0,0,0,0,0,0,0,0,0,0,0,0,0,0,0,0,0,0,0,0,0,0,0,0,0,0,0,0,0,0,0,0,0,0,0,0,0,0,0,0,0,0,0,0,0,0,0,0,0,0,0,0,0,0,0,0,0,0,0,0,0,0,0,0,0,0,0,0,0,0,0,0,0,0,0,0,0,0,0,0,0,0,0,0,0,0,0,0,0,0,0,0,24,156,73,73,73,73,73,137,131,215,254,254,254,255,134,0,0,0,0,0,0,0,0,0,0,0,0,0,37,253,253,254,253,253,253,253,218,198,198,159,192,254,198,0,0,0,0,0,0,0,0,0,0,0,0,0,6,49,216,69,36,68,36,36,13,0,0,0,168,254,140,0,0,0,0,0,0,0,0,0,0,0,0,0,0,0,0,0,0,0,0,0,0,0,0,54,238,222,10,0,0,0,0,0,0,0,0,0,0,0,0,0,0,0,0,0,0,0,0,0,0,0,0,109,253,148,0,0,0,0,0,0,0,0,0,0,0,0,0,0,0,0,0,0,0,0,0,0,0,0,50,234,228,0,0,0,0,0,0,0,0,0,0,0,0,0,0,0,0,0,0,0,0,0,0,0,0,0,146,253,162,0,0,0,0,0,0,0,0,0,0,0,0,0,0,0,0,0,0,0,0,0,0,0,0,93,248,244,49,0,0,0,0,0,0,0,0,0,0,0,0,0,0,0,0,0,0,0,0,0,0,0,0,184,253,163,0,0,0,0,0,0,0,0,0,0,0,0,0,0,0,0,0,0,0,0,0,0,0,0,27,242,240,61,0,0,0,0,0,0,0,0,0,0,0,0,0,0,0,0,0,0,0,0,0,0,0,0,131,254,127,0,0,0,0,0,0,0,0,0,0,0,0,0,0,0,0,0,0,0,0,0,0,0,0,20,247,241,67,0,0,0,0,0,0,0,0,0,0,0,0,0,0,0,0,0,0,0,0,0,0,0,0,168,254,153,0,0,0,0,0,0,0,0,0,0,0,0,0,0,0,0,0,0,0,0,0,0,0,0,21,238,254,102,0,0,0,0,0,0,0,0,0,0,0,0,0,0,0,0,0,0,0,0,0,0,0,0,173,253,169,5,0,0,0,0,0,0,0,0,0,0,0,0,0,0,0,0,0,0,0,0,0,0,0,50,234,228,33,0,0,0,0,0,0,0,0,0,0,0,0,0,0,0,0,0,0,0,0,0,0,0,12,219,253,111,0,0,0,0,0,0,0,0,0,0,0,0,0,0,0,0,0,0,0,0,0,0,0,0,113,253,253,105,0,0,0,0,0,0,0,0,0,0,0,0,0,0,0,0,0,0,0,0,0,0,0,0,235,253,232,41,0,0,0,0,0,0,0,0,0,0,0,0,0,0,0,0,0,0,0,0,0,0,0,0,170,129,16,0,0,0,0,0,0,0,0,0,0,0,0,0,0,0,0,0,0,0,0,0,0,0,0,0,0,0,0,0,0,0,0,0,0,0,0,0,0,0,0,0,0,0
9,0,0,0,0,0,0,0,0,0,0,0,0,0,0,0,0,0,0,0,0,0,0,0,0,0,0,0,0,0,0,0,0,0,0,0,0,0,0,0,0,0,0,0,0,0,0,0,0,0,0,0,0,0,0,0,0,0,0,0,0,0,0,0,0,0,0,0,0,0,0,0,0,0,0,0,0,0,0,0,0,0,0,0,0,0,0,0,0,0,0,0,0,0,0,0,0,0,0,0,0,0,0,0,0,0,0,0,0,0,0,0,0,0,0,0,0,0,0,0,0,0,0,0,0,0,0,0,0,0,0,0,0,0,0,0,0,0,0,0,0,0,0,0,0,0,0,0,0,0,0,0,0,0,0,0,0,0,0,0,0,0,0,0,0,0,0,0,0,0,0,0,0,0,0,0,0,0,0,0,0,0,0,0,0,0,0,0,0,0,0,0,0,0,0,0,0,0,0,0,0,0,0,0,0,0,0,0,0,0,0,18,112,156,227,148,0,0,0,0,0,0,0,0,0,0,0,0,0,0,0,0,0,0,0,0,78,128,14,217,237,252,252,252,173,57,0,0,0,0,0,0,0,0,0,0,0,0,0,0,0,0,31,206,251,252,236,253,252,252,252,252,253,246,116,0,0,0,0,0,0,0,0,0,0,0,0,0,16,108,148,252,252,252,182,84,84,84,84,154,253,252,126,0,0,0,0,0,0,0,0,0,0,0,0,0,64,252,236,173,50,42,24,0,0,0,27,167,253,252,126,0,0,0,0,0,0,0,0,0,0,0,0,0,126,253,177,0,0,0,0,0,50,113,209,253,254,253,109,0,0,0,0,0,0,0,0,0,0,0,0,16,232,137,0,0,0,0,36,103,211,252,252,252,253,224,14,0,0,0,0,0,0,0,0,0,0,0,0,119,252,138,13,22,75,171,223,253,252,252,252,252,250,110,0,0,0,0,0,0,0,0,0,0,0,0,0,127,252,217,218,252,252,252,252,253,252,252,252,252,115,0,0,0,0,0,0,0,0,0,0,0,0,0,0,83,252,252,253,252,252,252,252,147,226,252,252,252,0,0,0,0,0,0,0,0,0,0,0,0,0,0,0,9,132,211,194,141,149,0,0,8,201,253,253,86,0,0,0,0,0,0,0,0,0,0,0,0,0,0,0,0,0,0,0,0,0,0,0,78,252,252,205,11,0,0,0,0,0,0,0,0,0,0,0,0,0,0,0,0,0,0,0,0,0,0,0,245,252,251,86,0,0,0,0,0,0,0,0,0,0,0,0,0,0,0,0,0,0,0,0,0,0,0,0,253,252,160,0,0,0,0,0,0,0,0,0,0,0,0,0,0,0,0,0,0,0,0,0,0,0,0,0,253,252,82,0,0,0,0,0,0,0,0,0,0,0,0,0,0,0,0,0,0,0,0,0,0,0,0,62,255,239,17,0,0,0,0,0,0,0,0,0,0,0,0,0,0,0,0,0,0,0,0,0,0,0,22,199,253,89,0,0,0,0,0,0,0,0,0,0,0,0,0,0,0,0,0,0,0,0,0,0,0,0,108,252,223,32,0,0,0,0,0,0,0,0,0,0,0,0,0,0,0,0,0,0,0,0,0,0,0,0,91,252,35,0,0,0,0,0,0,0,0,0,0,0,0,0,0,0,0,0,0,0,0,0,0,0,0,0,169,208,0,0,0,0,0,0,0,0,0,0,0,0,0,0,0,0,0,0,0,0,0,0,0,0,0,0,0,0,0,0,0,0,0,0,0,0,0,0,0,0,0,0
6,0,0,0,0,0,0,0,0,0,0,0,0,0,0,0,0,0,0,0,0,0,0,0,0,0,0,0,0,0,0,0,0,0,0,0,0,0,0,0,0,0,0,0,0,0,0,0,0,0,0,0,0,0,0,0,0,0,0,0,0,0,0,0,0,0,0,198,232,6,0,0,0,0,0,0,0,0,0,0,0,0,0,0,0,0,0,0,0,0,0,0,0,0,21,236,255,67,0,0,0,0,0,0,0,0,0,0,0,0,0,0,0,0,0,0,0,0,0,0,0,0,113,254,255,26,0,0,0,0,0,0,0,0,0,0,0,0,0,0,0,0,0,0,0,0,0,0,0,0,197,254,241,6,0,0,0,0,0,0,0,0,0,0,0,0,0,0,0,0,0,0,0,0,0,0,0,9,221,254,136,0,0,0,0,0,0,0,0,0,0,0,0,0,0,0,0,0,0,0,0,0,0,0,0,86,255,255,52,0,0,0,0,0,0,0,0,0,0,0,0,0,0,0,0,0,0,0,0,0,0,0,0,120,254,254,20,0,0,0,0,0,0,0,0,0,0,0,0,0,0,0,0,0,0,0,0,0,0,0,0,198,254,254,20,0,0,0,0,0,0,0,0,0,0,0,0,0,0,0,0,0,0,0,0,0,0,0,0,198,254,228,12,0,0,0,0,0,8,105,110,110,44,0,0,0,0,0,0,0,0,0,0,0,0,0,0,198,255,194,0,0,0,0,7,126,216,254,254,254,248,116,0,0,0,0,0,0,0,0,0,0,0,0,0,182,254,194,0,0,0,6,162,254,254,254,236,223,254,248,73,0,0,0,0,0,0,0,0,0,0,0,0,138,254,248,18,0,21,138,238,254,238,90,18,23,235,254,117,0,0,0,0,0,0,0,0,0,0,0,0,174,254,254,20,3,220,251,254,197,47,0,0,97,254,254,117,0,0,0,0,0,0,0,0,0,0,0,0,63,253,254,130,167,254,254,183,2,0,0,63,230,254,236,51,0,0,0,0,0,0,0,0,0,0,0,0,0,211,254,254,254,254,169,15,0,0,38,230,254,235,78,0,0,0,0,0,0,0,0,0,0,0,0,0,0,211,254,254,254,242,16,6,33,80,227,254,252,124,0,0,0,0,0,0,0,0,0,0,0,0,0,0,0,71,249,254,254,251,172,172,254,254,254,239,116,0,0,0,0,0,0,0,0,0,0,0,0,0,0,0,0,0,122,250,254,254,254,254,254,254,195,51,0,0,0,0,0,0,0,0,0,0,0,0,0,0,0,0,0,0,0,165,254,254,254,200,143,33,9,0,0,0,0,0,0,0,0,0,0,0,0,0,0,0,0,0,0,0,0,4,118,199,234,155,0,0,0,0,0,0,0,0,0,0,0,0,0,0,0,0,0,0,0,0,0,0,0,0,0,0,0,0,0,0,0,0,0,0,0,0,0,0,0,0,0,0,0,0,0,0,0,0,0,0,0,0,0,0,0,0,0,0,0,0,0,0,0,0,0,0,0,0,0,0,0,0,0,0,0,0,0,0,0,0,0,0,0,0,0,0,0,0,0,0,0,0,0,0,0,0,0,0,0,0,0,0,0,0,0,0,0,0,0,0,0,0,0,0,0,0,0,0,0,0,0,0,0,0,0,0,0,0,0,0,0,0,0,0,0,0,0,0,0,0,0,0,0,0,0,0,0,0,0,0,0,0,0,0,0,0,0,0,0,0,0,0,0,0,0,0,0,0,0,0,0,0,0,0,0,0,0,0,0,0
9,0,0,0,0,0,0,0,0,0,0,0,0,0,0,0,0,0,0,0,0,0,0,0,0,0,0,0,0,0,0,0,0,0,0,0,0,0,0,0,0,0,0,0,0,0,0,0,0,0,0,0,0,0,0,0,0,0,0,0,0,0,0,0,0,0,0,0,0,0,0,0,0,0,0,0,0,0,0,0,0,0,0,0,0,0,0,0,0,0,0,0,0,0,0,0,0,0,0,0,0,0,0,0,0,0,0,0,0,0,0,0,0,0,0,0,0,0,0,0,0,0,0,0,1,85,137,137,192,137,21,0,0,0,0,0,0,0,0,0,0,0,0,0,0,0,0,0,0,0,0,32,97,254,254,254,254,254,210,3,0,0,0,0,0,0,0,0,0,0,0,0,0,0,0,0,0,0,61,245,254,254,221,118,134,254,254,30,0,0,0,0,0,0,0,0,0,0,0,0,0,0,0,0,0,21,135,254,253,117,24,0,78,254,254,157,0,0,0,0,0,0,0,0,0,0,0,0,0,0,0,0,0,168,254,254,110,0,0,0,120,254,254,187,0,0,0,0,0,0,0,0,0,0,0,0,0,0,0,0,98,247,254,254,11,0,0,0,196,254,254,248,45,0,0,0,0,0,0,0,0,0,0,0,0,0,0,1,174,254,252,94,1,0,0,30,225,254,254,254,109,0,0,0,0,0,0,0,0,0,0,0,0,0,0,36,254,254,165,0,0,0,0,60,254,254,254,254,241,50,0,0,0,0,0,0,0,0,0,0,0,0,0,36,254,254,165,0,0,0,7,147,254,254,236,159,254,163,0,0,0,0,0,0,0,0,0,0,0,0,0,36,254,254,186,7,0,0,70,255,254,160,43,10,230,240,50,0,0,0,0,0,0,0,0,0,0,0,0,9,155,254,254,203,83,144,233,254,159,10,0,0,148,254,162,0,0,0,0,0,0,0,0,0,0,0,0,0,9,200,254,254,254,254,239,131,10,0,0,0,148,254,244,45,0,0,0,0,0,0,0,0,0,0,0,0,0,17,65,141,141,130,19,0,0,0,0,0,148,254,254,53,0,0,0,0,0,0,0,0,0,0,0,0,0,0,0,0,0,0,0,0,0,0,0,0,148,254,254,169,0,0,0,0,0,0,0,0,0,0,0,0,0,0,0,0,0,0,0,0,0,0,0,0,148,254,254,171,0,0,0,0,0,0,0,0,0,0,0,0,0,0,0,0,0,0,0,0,0,0,0,3,168,254,254,94,0,0,0,0,0,0,0,0,0,0,0,26,159,66,35,38,0,0,0,0,0,0,60,185,254,254,254,53,0,0,0,0,0,0,0,0,0,0,0,8,150,254,230,232,202,135,84,84,139,183,250,254,254,254,163,11,0,0,0,0,0,0,0,0,0,0,0,0,8,124,189,254,254,254,254,254,254,254,254,254,243,131,10,0,0,0,0,0,0,0,0,0,0,0,0,0,0,0,6,67,135,135,135,219,163,135,135,75,15,0,0,0,0,0,0,0,0,0,0,0,0,0,0,0,0,0,0,0,0,0,0,0,0,0,0,0,0,0,0,0,0,0,0,0,0,0,0,0,0,0,0,0,0,0,0,0,0,0,0,0,0,0,0,0,0,0,0,0,0,0,0,0,0,0,0,0,0,0,0,0,0,0,0,0,0,0,0,0,0,0,0,0,0,0,0,0,0,0,0,0,0,0,0,0,0,0,0,0,0,0,0,0,0,0,0,0,0,0,0,0,0,0,0,0,0,0,0,0,0
6,0,0,0,0,0,0,0,0,0,0,0,0,0,0,0,0,0,0,0,0,0,0,0,0,0,0,0,0,0,0,0,0,0,0,0,0,0,0,0,0,0,0,0,0,0,0,0,0,0,0,0,0,0,0,0,0,0,0,0,0,0,0,0,0,0,0,0,0,0,0,0,0,0,0,0,0,0,0,0,0,0,0,0,0,0,0,0,0,0,0,0,0,0,0,0,0,0,0,0,19,166,255,201,10,0,0,0,0,0,0,0,0,0,0,0,0,0,0,0,0,0,0,0,0,0,0,113,236,254,254,176,55,0,0,0,0,0,0,0,0,0,0,0,0,0,0,0,0,0,0,0,0,5,200,237,175,95,7,5,2,0,0,0,0,0,0,0,0,0,0,0,0,0,0,0,0,0,0,0,0,84,231,177,11,0,0,0,0,0,0,0,0,0,0,0,0,0,0,0,0,0,0,0,0,0,0,0,10,167,250,0,0,0,0,0,0,0,0,0,0,0,0,0,0,0,0,0,0,0,0,0,0,0,0,0,179,254,99,0,0,0,0,0,0,0,0,0,0,0,0,0,0,0,0,0,0,0,0,0,0,0,0,73,252,167,3,0,0,0,0,0,0,0,0,0,0,0,0,0,0,0,0,0,0,0,0,0,0,0,0,126,254,81,0,0,0,0,0,0,0,0,0,0,0,0,0,0,0,0,0,0,0,0,0,0,0,0,61,239,200,8,0,0,0,0,0,0,0,0,0,0,0,0,0,0,0,0,0,0,0,0,0,0,0,0,104,254,137,0,12,80,143,111,72,2,0,0,0,0,0,0,0,0,0,0,0,0,0,0,0,0,0,17,233,254,96,46,220,254,234,253,254,191,29,0,0,0,0,0,0,0,0,0,0,0,0,0,0,0,0,8,242,254,133,234,226,129,45,157,240,254,160,3,0,0,0,0,0,0,0,0,0,0,0,0,0,0,0,60,254,254,238,123,5,0,0,0,82,251,254,37,0,0,0,0,0,0,0,0,0,0,0,0,0,0,0,54,253,254,74,0,0,0,0,0,0,194,254,99,0,0,0,0,0,0,0,0,0,0,0,0,0,0,0,0,202,254,22,0,0,0,0,0,0,170,254,181,0,0,0,0,0,0,0,0,0,0,0,0,0,0,0,0,98,254,95,0,0,0,0,0,0,170,254,217,0,0,0,0,0,0,0,0,0,0,0,0,0,0,0,0,57,254,231,44,0,0,0,0,0,170,254,204,0,0,0,0,0,0,0,0,0,0,0,0,0,0,0,0,2,181,254,242,162,28,4,8,109,242,252,54,0,0,0,0,0,0,0,0,0,0,0,0,0,0,0,0,0,33,181,254,254,254,216,253,254,189,67,0,0,0,0,0,0,0,0,0,0,0,0,0,0,0,0,0,0,0,2,97,163,180,243,151,89,21,0,0,0,0,0,0,0,0,0,0,0,0,0,0,0,0,0,0,0,0,0,0,0,0,0,0,0,0,0,0,0,0,0,0,0,0,0,0,0,0,0,0,0,0,0,0,0,0,0,0,0,0,0,0,0,0,0,0,0,0,0,0,0,0,0,0,0,0,0,0,0,0,0,0,0,0,0,0,0,0,0,0,0,0,0,0,0,0,0,0,0,0,0,0,0,0,0,0,0,0,0,0,0,0,0,0,0,0,0,0,0,0,0,0,0,0,0,0,0,0,0,0,0,0,0,0,0,0,0,0,0,0,0,0,0,0,0,0,0,0,0,0,0,0,0,0,0,0,0
3,0,0,0,0,0,0,0,0,0,0,0,0,0,0,0,0,0,0,0,0,0,0,0,0,0,0,0,0,0,0,0,0,0,0,0,0,0,0,0,0,0,0,0,0,0,0,0,0,0,0,0,0,0,0,0,0,0,0,0,0,0,0,0,0,0,0,0,0,0,0,0,0,0,0,0,0,0,0,0,0,0,0,0,0,0,0,0,0,0,0,0,0,0,0,0,0,0,0,0,0,0,0,0,0,0,0,0,0,0,0,0,0,0,0,0,0,0,0,7,48,48,48,48,48,90,48,29,0,0,0,0,0,0,0,0,0,0,0,0,0,0,0,0,0,114,198,206,254,254,254,254,254,254,254,233,198,120,6,0,0,0,0,0,0,0,0,0,0,0,0,0,0,241,254,255,254,251,218,211,114,114,135,218,218,246,130,0,0,0,0,0,0,0,0,0,0,0,0,0,0,40,67,67,67,61,0,0,0,0,0,0,0,193,246,54,0,0,0,0,0,0,0,0,0,0,0,0,0,0,0,0,0,0,0,0,0,0,0,0,103,250,254,157,0,0,0,0,0,0,0,0,0,0,0,0,0,0,0,0,0,0,0,0,0,0,15,114,253,254,233,22,0,0,0,0,0,0,0,0,0,0,0,0,0,0,0,0,0,0,0,0,0,9,147,254,254,206,33,0,0,0,0,0,0,0,0,0,0,0,0,0,0,0,0,0,0,0,18,63,131,204,254,254,176,22,0,0,0,0,0,0,0,0,0,0,0,0,0,0,0,0,0,0,39,163,225,254,254,254,254,130,3,0,0,0,0,0,0,0,0,0,0,0,0,0,0,0,0,0,0,0,188,254,254,254,254,254,254,254,198,156,59,37,0,0,0,0,0,0,0,0,0,0,0,0,0,0,0,0,73,145,125,64,77,111,116,155,253,254,254,239,102,0,0,0,0,0,0,0,0,0,0,0,0,0,0,0,0,0,0,0,0,0,0,0,5,5,158,226,254,250,114,16,0,0,0,0,0,0,0,0,0,0,0,0,0,0,0,0,0,0,0,0,0,0,0,19,71,226,254,192,17,0,0,0,0,0,0,0,0,0,0,33,170,147,0,0,0,0,0,0,0,0,0,0,0,10,152,254,144,0,0,0,0,0,0,0,0,0,0,141,229,14,0,0,0,0,0,0,0,0,0,0,0,0,11,254,182,0,0,0,0,0,0,0,0,0,0,235,178,2,0,0,0,0,0,0,0,0,0,0,0,0,114,254,246,0,0,0,0,0,0,0,0,0,0,217,254,168,49,0,0,0,0,0,0,0,0,21,77,172,243,254,150,0,0,0,0,0,0,0,0,0,0,50,247,254,244,219,219,219,219,135,217,219,219,230,254,254,250,178,40,0,0,0,0,0,0,0,0,0,0,0,31,189,197,248,254,254,254,254,254,254,254,237,188,94,52,0,0,0,0,0,0,0,0,0,0,0,0,0,0,0,0,41,46,46,46,87,48,46,46,32,0,0,0,0,0,0,0,0,0,0,0,0,0,0,0,0,0,0,0,0,0,0,0,0,0,0,0,0,0,0,0,0,0,0,0,0,0,0,0,0,0,0,0,0,0,0,0,0,0,0,0,0,0,0,0,0,0,0,0,0,0,0,0,0,0,0,0,0,0,0,0,0,0,0,0,0,0,0,0,0,0,0,0,0,0,0,0,0,0,0,0,0,0,0,0,0,0,0,0,0,0,0,0,0,0,0,0,0,0,0,0,0,0,0,0,0,0,0,0,0,0
7,0,0,0,0,0,0,0,0,0,0,0,0,0,0,0,0,0,0,0,0,0,0,0,0,0,0,0,0,0,0,0,0,0,0,0,0,0,0,0,0,0,0,0,0,0,0,0,0,0,0,0,0,0,0,0,0,0,0,0,0,0,0,0,0,0,0,0,0,0,0,0,0,0,0,0,0,0,0,0,0,0,0,0,0,0,0,0,0,0,0,0,0,0,0,0,0,0,0,0,0,0,0,0,0,0,0,0,0,0,0,0,0,0,0,0,0,0,0,0,0,0,0,0,0,0,0,0,0,0,0,0,0,0,0,0,0,0,0,0,0,0,0,0,0,0,0,0,0,0,0,0,0,0,0,0,0,0,0,0,0,0,0,0,0,0,0,0,0,0,0,0,0,0,0,0,0,0,0,0,0,0,0,0,0,0,0,0,0,0,0,0,0,0,0,0,0,0,0,0,0,0,0,0,0,0,0,0,0,0,0,0,0,0,0,0,0,0,0,0,0,0,0,0,0,0,0,0,0,0,51,83,161,187,196,254,255,254,255,254,254,254,190,102,0,0,0,0,0,0,0,0,0,0,0,0,0,184,252,254,254,254,238,176,176,176,176,176,176,235,254,253,128,0,0,0,0,0,0,0,0,0,0,0,213,253,131,95,74,8,7,0,0,0,0,0,0,6,79,234,248,49,0,0,0,0,0,0,0,0,0,0,174,108,1,0,0,0,0,0,0,0,0,0,0,0,0,132,254,77,0,0,0,0,0,0,0,0,0,0,6,1,0,0,0,0,0,0,0,0,0,0,0,0,0,41,254,157,0,0,0,0,0,0,0,0,0,0,0,0,0,0,0,0,0,0,0,0,0,0,0,0,0,100,254,163,0,0,0,0,0,0,0,0,0,0,0,0,0,0,0,0,0,0,0,0,0,0,0,0,4,192,254,144,0,0,0,0,0,0,0,0,0,0,0,0,0,0,0,0,0,0,0,0,0,0,0,0,94,254,231,36,0,0,0,0,0,0,0,0,0,0,0,0,0,0,0,0,0,0,0,0,0,0,0,28,212,254,159,0,0,0,0,0,0,0,0,0,0,0,0,0,0,0,0,0,0,0,0,0,0,0,0,123,254,232,49,0,0,0,0,0,0,0,0,0,0,0,0,0,0,0,0,0,0,0,0,0,0,0,27,223,251,102,0,0,0,0,0,0,0,0,0,0,0,0,0,0,0,0,0,0,0,0,0,0,0,0,153,254,154,0,0,0,0,0,0,0,0,0,0,0,0,0,0,0,0,0,0,0,0,0,0,0,0,35,243,244,35,0,0,0,0,0,0,0,0,0,0,0,0,0,0,0,0,0,0,0,0,0,0,0,0,126,254,164,0,0,0,0,0,0,0,0,0,0,0,0,0,0,0,0,0,0,0,0,0,0,0,0,64,242,243,55,0,0,0,0,0,0,0,0,0,0,0,0,0,0,0,0,0,0,0,0,0,0,0,0,156,254,157,0,0,0,0,0,0,0,0,0,0,0,0,0,0,0,0,0,0,0,0,0,0,0,0,63,241,242,34,0,0,0,0,0,0,0,0,0,0,0,0,0,0,0,0,0,0,0,0,0,0,0,0,126,254,162,0,0,0,0,0,0,0,0,0,0,0,0,0,0,0,0,0,0,0,0,0,0,0,0,0,126,254,196,0,0,0,0,0,0,0,0,0,0,0,0,0,0,0,0,0,0,0,0,0,0,0,0,0,54,197,91,0,0,0,0,0,0,0,0,0,0,0,0,0
4,0,0,0,0,0,0,0,0,0,0,0,0,0,0,0,0,0,0,0,0,0,0,0,0,0,0,0,0,0,0,0,0,0,0,0,0,0,0,0,0,0,0,0,0,0,0,0,0,0,0,0,0,0,0,0,0,0,0,0,0,0,0,0,0,0,0,0,0,0,0,0,0,0,0,0,0,0,0,0,0,0,0,0,0,0,0,0,0,0,0,0,0,0,0,0,0,0,0,0,0,0,0,0,0,0,0,0,0,0,0,0,0,0,0,0,0,0,0,0,0,0,0,0,0,0,0,0,0,0,0,0,0,0,0,0,0,0,0,0,0,0,0,0,0,0,0,0,0,0,0,0,0,0,0,0,0,0,0,0,0,0,0,0,0,0,0,0,0,0,0,0,0,0,0,0,0,0,0,10,128,13,0,0,0,0,0,0,114,226,0,0,0,0,0,0,0,0,0,0,0,0,0,0,0,0,0,160,252,113,0,0,0,0,0,0,138,225,0,0,0,0,0,0,0,0,0,0,0,0,0,0,0,0,0,197,252,113,0,0,0,0,0,0,137,225,0,0,0,0,0,0,0,0,0,0,0,0,0,0,0,13,138,246,252,113,0,0,0,0,26,150,187,225,0,0,0,0,0,0,0,0,0,0,0,0,0,0,0,41,253,253,203,0,0,0,0,0,108,253,253,176,0,0,0,0,0,0,0,0,0,0,0,0,0,0,0,166,252,252,151,0,0,0,0,0,131,252,252,150,0,0,0,0,0,0,0,0,0,0,0,0,0,0,0,253,252,224,19,0,0,0,0,0,169,252,252,113,0,0,0,0,0,0,0,0,0,0,0,0,0,0,0,253,252,118,0,0,0,0,0,76,243,252,252,113,0,0,0,0,0,0,0,0,0,0,0,0,0,0,13,255,97,10,16,0,19,29,79,254,253,253,228,51,0,0,0,0,0,0,0,0,0,0,0,0,0,38,175,253,234,197,215,170,225,252,252,253,252,196,9,0,0,0,0,0,0,0,0,0,0,0,0,0,0,0,25,168,187,252,252,253,252,252,252,253,145,62,0,0,0,0,0,0,0,0,0,0,0,0,0,0,0,0,0,0,7,65,139,140,139,177,252,241,47,0,0,0,0,0,0,0,0,0,0,0,0,0,0,0,0,0,0,0,0,0,0,0,0,85,253,163,0,0,0,0,0,0,0,0,0,0,0,0,0,0,0,0,0,0,0,0,0,0,0,0,0,160,252,138,0,0,0,0,0,0,0,0,0,0,0,0,0,0,0,0,0,0,0,0,0,0,0,0,19,215,252,187,0,0,0,0,0,0,0,0,0,0,0,0,0,0,0,0,0,0,0,0,0,0,0,0,157,252,252,63,0,0,0,0,0,0,0,0,0,0,0,0,0,0,0,0,0,0,0,0,0,0,0,0,170,253,190,0,0,0,0,0,0,0,0,0,0,0,0,0,0,0,0,0,0,0,0,0,0,0,0,0,169,252,139,0,0,0,0,0,0,0,0,0,0,0,0,0,0,0,0,0,0,0,0,0,0,0,0,0,169,252,139,0,0,0,0,0,0,0,0,0,0,0,0,0,0,0,0,0,0,0,0,0,0,0,0,0,119,214,28,0,0,0,0,0,0,0,0,0,0,0,0,0,0,0,0,0,0,0,0,0,0,0,0,0,0,0,0,0,0,0,0,0,0,0,0,0,0,0,0,0,0,0,0,0,0,0,0,0,0,0,0,0,0,0,0,0,0,0,0,0,0,0,0,0,0,0,0
4,0,0,0,0,0,0,0,0,0,0,0,0,0,0,0,0,0,0,0,0,0,0,0,0,0,0,0,0,0,0,0,0,0,0,0,0,0,0,0,0,0,0,0,0,0,0,0,0,0,0,0,0,0,0,0,0,0,0,0,0,0,0,0,0,0,0,0,0,0,0,0,0,0,0,0,0,0,0,0,0,0,0,0,0,0,0,0,0,0,0,0,0,0,0,0,0,0,0,0,0,0,0,0,0,0,0,0,0,0,0,0,0,0,0,0,0,0,0,0,0,0,0,0,0,0,0,0,211,255,155,0,0,0,0,0,0,0,0,0,0,0,0,0,0,0,0,0,0,0,0,0,0,0,0,128,251,254,253,80,0,0,0,0,0,0,0,0,0,0,0,0,0,0,0,0,0,0,0,0,0,0,0,151,254,254,234,39,0,0,0,0,0,0,0,0,0,0,0,0,0,0,0,0,0,0,0,0,0,0,94,249,254,254,160,0,0,0,0,0,0,0,0,0,0,0,0,0,0,0,0,0,0,0,0,0,0,40,225,254,254,200,34,0,0,0,0,0,0,0,0,0,0,0,0,0,0,0,0,0,0,0,0,0,7,195,254,254,253,111,0,0,0,0,0,0,0,0,0,0,0,0,0,0,0,0,0,0,0,0,0,3,201,254,254,254,161,0,2,114,150,38,0,0,0,0,0,0,0,0,0,0,0,0,0,0,0,0,7,172,254,254,254,169,18,0,118,254,254,199,0,0,0,0,0,0,0,0,0,0,0,0,0,0,0,9,138,254,254,254,199,19,0,69,249,254,254,200,0,0,0,0,0,0,0,0,0,0,0,0,0,0,0,161,254,254,254,241,57,0,33,216,254,254,254,137,0,0,0,0,0,0,0,0,0,0,0,0,0,0,77,233,254,254,243,66,0,6,168,254,254,254,254,213,88,6,0,0,0,0,0,0,0,0,0,0,0,0,228,254,254,244,67,0,0,121,254,254,254,254,254,254,254,155,0,0,0,0,0,0,0,0,0,0,0,46,246,254,254,95,5,5,77,245,254,254,254,254,254,254,254,225,0,0,0,0,0,0,0,0,0,0,0,43,245,254,254,254,254,254,254,254,254,254,254,254,254,254,241,95,0,0,0,0,0,0,0,0,0,0,0,0,204,254,254,254,254,254,254,254,254,254,254,254,189,168,51,0,0,0,0,0,0,0,0,0,0,0,0,0,30,194,254,254,254,254,254,254,254,231,167,83,1,0,0,0,0,0,0,0,0,0,0,0,0,0,0,0,0,5,43,220,254,254,254,254,135,21,0,0,0,0,0,0,0,0,0,0,0,0,0,0,0,0,0,0,0,0,0,187,254,254,254,176,9,0,0,0,0,0,0,0,0,0,0,0,0,0,0,0,0,0,0,0,0,0,8,211,254,254,225,72,0,0,0,0,0,0,0,0,0,0,0,0,0,0,0,0,0,0,0,0,0,0,0,91,226,165,38,0,0,0,0,0,0,0,0,0,0,0,0,0,0,0,0,0,0,0,0,0,0,0,0,0,0,0,0,0,0,0,0,0,0,0,0,0,0,0,0,0,0,0,0,0,0,0,0,0,0,0,0,0,0,0,0,0,0,0,0,0,0,0,0,0,0,0,0,0,0,0,0,0,0,0,0,0,0,0,0,0,0,0,0,0,0,0,0,0,0,0,0,0,0,0,0,0,0,0,0,0,0,0,0,0,0,0,0,0,0,0,0,0,0,0,0,0,0,0,0,0,0,0,0,0,0
5,0,0,0,0,0,0,0,0,0,0,0,0,0,0,0,0,0,0,0,0,0,0,0,0,0,0,0,0,0,0,0,0,0,0,0,0,0,0,0,0,0,0,0,0,0,0,0,0,0,0,0,0,0,0,0,0,0,0,0,0,0,0,0,0,0,0,0,0,0,0,0,0,0,0,0,0,0,0,0,0,0,0,0,0,0,0,0,0,0,0,0,0,0,0,0,0,0,0,0,0,0,0,0,0,0,0,0,0,0,0,0,0,0,0,0,0,0,0,0,0,0,0,0,0,0,0,0,0,0,0,0,0,0,0,0,0,0,0,0,0,0,0,0,0,0,0,0,0,0,0,0,0,0,0,23,59,9,0,0,0,23,50,89,156,156,0,0,0,0,0,0,0,0,0,0,0,0,0,0,0,14,162,229,254,220,214,214,214,230,247,253,253,253,0,0,0,0,0,0,0,0,0,0,0,0,0,0,0,175,253,253,254,253,253,253,253,254,253,253,210,137,0,0,0,0,0,0,0,0,0,0,0,0,0,0,124,247,253,237,214,213,213,71,131,177,168,87,9,0,0,0,0,0,0,0,0,0,0,0,0,0,0,61,229,253,237,58,0,0,0,0,0,0,0,0,0,0,0,0,0,0,0,0,0,0,0,0,0,0,23,255,254,235,53,0,0,0,0,0,0,0,0,0,0,0,0,0,0,0,0,0,0,0,0,0,0,0,142,254,253,129,0,0,0,0,0,0,0,0,0,0,0,0,0,0,0,0,0,0,0,0,0,0,0,28,235,254,239,24,13,18,0,0,0,0,0,0,0,0,0,0,0,0,0,0,0,0,0,0,0,0,0,55,253,254,251,234,237,238,235,234,166,84,9,0,0,0,0,0,0,0,0,0,0,0,0,0,0,0,0,136,253,254,253,253,253,253,254,253,253,253,96,0,0,0,0,0,0,0,0,0,0,0,0,0,0,0,0,40,254,255,254,213,105,98,135,180,236,254,254,23,0,0,0,0,0,0,0,0,0,0,0,0,0,0,0,6,39,39,39,12,0,0,0,0,27,237,253,98,0,0,0,0,0,0,0,0,0,0,0,0,0,0,0,0,0,0,0,0,0,0,0,0,0,166,253,165,0,0,0,0,0,0,0,0,0,0,0,0,16,0,0,0,0,0,0,0,0,0,0,0,0,151,253,180,0,0,0,0,0,0,0,0,0,0,0,0,180,30,0,0,0,0,0,0,0,0,0,0,31,241,253,60,0,0,0,0,0,0,0,0,0,0,0,0,194,158,0,0,0,0,0,0,0,0,0,103,254,254,231,0,0,0,0,0,0,0,0,0,0,0,0,0,156,242,50,2,0,0,0,0,0,0,80,232,253,250,106,0,0,0,0,0,0,0,0,0,0,0,0,0,89,253,253,128,18,0,0,0,13,153,254,253,253,146,0,0,0,0,0,0,0,0,0,0,0,0,0,0,5,149,253,253,238,175,136,166,237,253,254,250,116,9,0,0,0,0,0,0,0,0,0,0,0,0,0,0,0,5,88,155,155,155,155,155,155,155,155,68,0,0,0,0,0,0,0,0,0,0,0,0,0,0,0,0,0,0,0,0,0,0,0,0,0,0,0,0,0,0,0,0,0,0,0,0,0,0,0,0,0,0,0,0,0,0,0,0,0,0,0,0,0,0,0,0,0,0,0,0,0,0,0,0,0,0,0,0,0,0,0,0,0,0,0,0,0,0,0,0,0,0,0,0,0,0,0,0,0,0,0,0,0,0,0
3,0,0,0,0,0,0,0,0,0,0,0,0,0,0,0,0,0,0,0,0,0,0,0,0,0,0,0,0,0,0,0,0,0,0,0,0,0,0,0,0,0,0,0,0,0,0,0,0,0,0,0,0,0,0,0,0,0,0,0,0,0,0,0,0,0,0,0,0,0,0,0,0,0,0,0,0,0,0,0,0,0,0,0,0,0,0,0,0,0,0,0,0,0,0,0,0,0,0,0,0,0,0,0,0,0,0,0,0,0,0,0,0,0,0,0,0,0,0,0,0,0,0,0,0,0,0,0,0,0,0,0,0,0,0,0,0,0,0,0,0,0,0,0,0,0,0,0,0,0,0,11,51,152,152,173,172,152,71,0,0,0,0,0,0,0,0,0,0,0,0,0,0,0,0,0,0,21,102,213,252,253,252,253,252,253,252,82,0,0,0,0,0,0,0,0,0,0,0,0,0,0,0,0,0,132,253,254,253,254,253,254,253,254,253,234,51,0,0,0,0,0,0,0,0,0,0,0,0,0,0,0,0,253,252,253,252,253,252,253,252,253,252,253,151,0,0,0,0,0,0,0,0,0,0,0,0,0,0,0,0,255,253,254,233,203,203,203,243,254,253,254,151,0,0,0,0,0,0,0,0,0,0,0,0,0,0,0,82,253,252,192,50,0,0,0,162,253,252,253,151,0,0,0,0,0,0,0,0,0,0,0,0,0,0,0,41,183,20,0,0,0,21,132,253,254,253,254,131,0,0,0,0,0,0,0,0,0,0,0,0,0,0,0,0,0,0,0,0,102,203,253,252,253,252,172,10,0,0,0,0,0,0,0,0,0,0,0,0,0,0,0,0,0,0,51,233,254,253,254,253,254,253,21,0,0,0,0,0,0,0,0,0,0,0,0,0,0,0,0,0,0,0,233,252,253,252,253,252,253,252,102,0,0,0,0,0,0,0,0,0,0,0,0,0,0,0,0,0,31,233,254,253,254,253,254,253,254,253,234,51,0,0,0,0,0,0,0,0,0,0,0,0,0,0,0,0,51,252,253,252,253,252,253,252,253,252,253,151,0,0,0,0,0,0,0,0,0,0,0,0,0,0,0,0,52,253,254,213,102,61,102,183,254,253,254,151,0,0,0,0,0,0,0,0,0,0,0,0,0,0,0,0,51,252,253,50,0,0,0,0,253,252,253,232,0,0,0,0,0,0,0,0,0,0,0,0,0,0,0,0,21,223,254,131,0,0,0,21,254,253,254,233,0,0,0,0,0,0,0,0,0,0,0,0,0,0,0,0,0,81,253,252,142,102,123,223,253,252,253,151,0,0,0,0,0,0,0,0,0,0,0,0,0,0,0,0,0,0,255,253,255,253,255,253,255,253,255,131,0,0,0,0,0,0,0,0,0,0,0,0,0,0,0,0,0,0,131,252,253,252,253,252,253,252,172,10,0,0,0,0,0,0,0,0,0,0,0,0,0,0,0,0,0,0,0,123,255,253,255,253,203,122,0,0,0,0,0,0,0,0,0,0,0,0,0,0,0,0,0,0,0,0,21,183,253,252,192,70,0,0,0,0,0,0,0,0,0,0,0,0,0,0,0,0,0,0,0,0,0,0,0,0,0,0,0,0,0,0,0,0,0,0,0,0,0,0,0,0,0,0,0,0,0,0,0,0,0,0,0,0,0,0,0,0,0,0,0,0,0,0,0,0,0,0,0,0,0,0,0,0,0,0,0,0,0,0,0,0,0,0,0,0,0,0,0,0,0,0,0,0,0,0,0,0
5,0,0,0,0,0,0,0,0,0,0,0,0,0,0,0,0,0,0,0,0,0,0,0,0,0,0,0,0,0,0,0,0,0,0,0,0,0,0,0,0,0,0,0,0,0,0,0,0,0,0,0,0,0,0,0,0,0,0,0,0,0,0,0,0,0,0,0,0,0,0,0,0,0,0,0,0,0,0,0,0,0,0,0,0,0,0,0,0,0,0,0,0,0,0,0,0,0,0,0,0,0,0,0,0,0,0,0,0,0,0,0,0,0,0,0,0,0,0,0,0,0,0,0,0,0,0,0,0,0,0,0,0,0,0,0,0,0,0,0,0,0,0,0,0,0,0,0,0,0,0,0,0,0,0,0,0,0,0,0,0,0,0,0,0,0,0,0,0,0,0,0,0,0,0,0,0,0,0,2,39,113,242,22,8,0,0,0,0,0,0,0,0,0,0,0,0,0,0,0,0,0,0,0,0,0,0,58,254,254,254,225,199,185,185,185,185,111,77,2,0,0,0,0,0,0,0,0,0,0,0,0,0,0,0,63,254,253,249,249,249,249,249,249,144,140,97,1,0,0,0,0,0,0,0,0,0,0,0,0,0,0,14,233,246,93,0,0,0,0,0,0,0,0,0,0,0,0,0,0,0,0,0,0,0,0,0,0,0,14,183,254,125,0,0,0,0,0,0,0,0,0,0,0,0,0,0,0,0,0,0,0,0,0,0,0,0,44,254,189,10,0,0,0,0,0,0,0,0,0,0,0,0,0,0,0,0,0,0,0,0,0,0,0,0,44,254,48,0,0,0,0,0,0,0,0,0,0,0,0,0,0,0,0,0,0,0,0,0,0,0,0,0,44,254,227,128,58,0,0,0,0,0,0,0,0,0,0,0,0,0,0,0,0,0,0,0,0,0,0,0,4,103,228,254,247,234,234,148,70,6,0,0,0,0,0,0,0,0,0,0,0,0,0,0,0,0,0,0,0,0,4,92,128,204,255,254,254,194,55,0,0,0,0,0,0,0,0,0,0,0,0,0,0,0,0,0,0,0,0,0,0,4,54,54,110,223,234,8,0,0,0,0,0,0,0,0,0,0,0,0,0,0,0,0,0,0,0,0,0,0,0,0,0,168,254,10,0,0,0,0,0,0,0,0,0,0,0,0,0,0,0,0,0,0,0,0,0,0,0,0,0,168,254,10,0,0,0,0,0,0,0,0,0,0,0,0,0,0,0,0,0,0,0,0,0,0,0,0,18,238,254,10,0,0,0,0,0,0,0,0,0,0,0,0,0,0,0,0,0,0,0,0,0,0,0,0,138,254,103,1,0,0,0,0,0,0,0,0,0,0,0,0,0,0,0,0,0,0,0,0,0,0,0,92,250,214,16,0,0,0,0,0,0,0,0,0,0,0,0,0,0,0,0,0,0,0,0,0,0,7,127,246,192,33,0,0,0,0,0,0,0,0,0,0,0,0,0,0,0,0,0,1,28,0,0,0,26,186,254,229,62,0,0,0,0,0,0,0,0,0,0,0,0,0,0,0,0,0,0,2,139,179,179,179,237,254,209,39,0,0,0,0,0,0,0,0,0,0,0,0,0,0,0,0,0,0,0,0,7,119,146,192,192,46,14,0,0,0,0,0,0,0,0,0,0,0,0,0,0,0,0,0,0,0,0,0,0,0,0,0,0,0,0,0,0,0,0,0,0,0,0,0,0,0,0,0,0,0,0,0,0,0,0,0,0,0,0,0,0,0,0,0,0,0,0,0,0,0,0,0,0,0,0,0
4,0,0,0,0,0,0,0,0,0,0,0,0,0,0,0,0,0,0,0,0,0,0,0,0,0,0,0,0,0,0,0,0,0,0,0,0,0,0,0,0,0,0,0,0,0,0,0,0,0,0,0,0,0,0,0,0,0,0,0,0,0,0,0,0,0,0,0,0,0,0,0,0,0,0,0,0,0,0,0,0,0,0,0,0,0,0,0,0,0,0,0,0,0,0,0,0,0,0,0,0,0,0,0,0,0,0,0,0,0,0,0,0,0,0,0,0,0,0,0,0,0,0,0,0,0,0,0,0,0,0,0,0,0,0,0,0,0,0,0,0,0,0,0,0,0,0,0,0,0,0,0,0,0,0,0,0,0,0,0,0,0,0,0,0,0,0,0,0,0,0,0,0,0,0,0,0,0,0,0,0,0,70,8,0,0,83,220,0,0,0,0,0,0,0,0,0,0,0,0,0,0,0,0,0,0,0,0,0,10,213,71,0,0,182,210,0,0,0,0,0,0,0,0,0,0,0,0,0,0,0,0,0,0,0,0,24,94,254,35,0,0,227,89,0,0,0,0,0,0,0,0,0,0,0,0,0,0,0,0,0,0,0,10,202,240,123,4,0,55,254,17,0,0,0,0,0,0,0,0,0,0,0,0,0,0,0,0,0,0,24,191,253,158,18,0,0,135,203,5,0,0,0,0,0,0,0,0,0,0,0,0,0,0,0,0,0,1,150,240,107,4,0,0,0,180,91,0,0,0,0,0,0,0,0,0,0,0,0,0,0,0,0,0,6,108,250,79,0,0,0,0,56,228,50,0,0,10,17,2,0,0,0,0,0,0,0,0,0,0,0,0,85,253,130,0,0,0,0,37,139,253,181,203,203,230,208,44,0,0,0,0,0,0,0,0,0,0,0,0,86,254,254,227,245,254,255,254,254,254,255,254,210,149,87,41,0,0,0,0,0,0,0,0,0,0,0,0,76,253,244,253,242,237,254,235,244,135,103,76,3,0,0,0,0,0,0,0,0,0,0,0,0,0,0,0,3,88,159,124,50,36,34,54,253,87,0,0,0,0,0,0,0,0,0,0,0,0,0,0,0,0,0,0,0,0,0,0,0,0,0,125,240,10,0,0,0,0,0,0,0,0,0,0,0,0,0,0,0,0,0,0,0,0,0,0,0,0,0,169,187,0,0,0,0,0,0,0,0,0,0,0,0,0,0,0,0,0,0,0,0,0,0,0,0,0,0,233,141,0,0,0,0,0,0,0,0,0,0,0,0,0,0,0,0,0,0,0,0,0,0,0,0,0,0,201,120,0,0,0,0,0,0,0,0,0,0,0,0,0,0,0,0,0,0,0,0,0,0,0,0,0,0,237,102,0,0,0,0,0,0,0,0,0,0,0,0,0,0,0,0,0,0,0,0,0,0,0,0,0,0,238,84,0,0,0,0,0,0,0,0,0,0,0,0,0,0,0,0,0,0,0,0,0,0,0,0,0,0,237,74,0,0,0,0,0,0,0,0,0,0,0,0,0,0,0,0,0,0,0,0,0,0,0,0,0,0,173,34,0,0,0,0,0,0,0,0,0,0,0,0,0,0,0,0,0,0,0,0,0,0,0,0,0,0,156,52,0,0,0,0,0,0,0,0,0,0,0,0,0,0,0,0,0,0,0,0,0,0,0,0,0,0,0,0,0,0,0,0,0,0,0,0,0,0,0,0,0,0,0,0,0,0,0,0,0,0,0,0,0,0,0,0,0,0,0,0,0,0,0,0,0,0,0,0
7,0,0,0,0,0,0,0,0,0,0,0,0,0,0,0,0,0,0,0,0,0,0,0,0,0,0,0,0,0,0,0,0,0,0,0,0,0,0,0,0,0,0,0,0,0,0,0,0,0,0,0,0,0,0,0,0,0,0,0,0,0,0,0,0,0,0,0,0,0,0,0,0,0,0,0,0,0,0,0,0,0,0,0,0,0,0,0,0,0,0,0,0,0,0,0,0,0,0,0,0,0,0,0,0,0,0,0,0,0,0,0,0,0,0,0,0,0,0,0,0,0,0,0,0,0,0,0,0,0,0,0,0,0,0,0,0,0,0,0,0,0,0,0,0,0,0,0,0,0,0,0,0,0,0,0,0,0,0,0,0,0,0,0,0,0,0,0,0,0,0,0,0,0,0,0,0,0,0,20,121,121,121,184,253,253,253,253,154,38,0,0,0,0,0,0,0,0,0,0,0,0,0,0,0,121,240,242,252,252,252,253,252,252,252,252,252,79,0,0,0,0,0,0,0,0,0,0,0,0,0,0,0,21,144,252,252,197,158,159,158,158,237,252,252,79,0,0,0,0,0,0,0,0,0,0,0,0,0,0,0,0,9,39,39,17,0,0,0,0,213,252,235,54,0,0,0,0,0,0,0,0,0,0,0,0,0,0,0,0,0,0,0,0,0,0,0,110,244,252,163,0,0,0,0,0,0,0,0,0,0,0,0,0,0,0,0,0,0,0,0,0,0,0,80,245,252,202,17,0,0,0,0,0,0,0,0,0,0,0,0,0,0,0,0,0,0,0,0,0,0,0,128,252,252,164,0,0,0,0,0,0,0,0,0,0,0,0,0,0,0,0,0,0,0,0,0,0,0,91,247,252,187,20,0,0,0,0,0,0,0,0,0,0,0,0,0,0,0,0,0,0,0,0,0,0,0,253,252,247,37,0,0,0,0,0,0,0,0,0,0,0,0,0,0,0,0,0,0,0,0,0,0,0,71,253,252,89,0,0,0,0,0,0,0,0,0,0,0,0,0,0,0,0,0,0,0,0,0,0,0,77,253,255,146,0,0,0,0,0,0,0,0,0,0,0,0,0,0,0,0,0,0,0,0,0,0,0,12,191,252,253,90,0,0,0,0,0,0,0,0,0,0,0,0,0,0,0,0,0,0,0,0,0,0,15,180,252,252,97,2,0,0,0,0,0,0,0,0,0,0,0,0,0,0,0,0,0,0,0,0,0,0,83,252,252,209,0,0,0,0,0,0,0,0,0,0,0,0,0,0,0,0,0,0,0,0,0,0,0,78,236,252,206,25,0,0,0,0,0,0,0,0,0,0,0,0,0,0,0,0,0,0,0,0,0,0,15,200,252,252,106,0,0,0,0,0,0,0,0,0,0,0,0,0,0,0,0,0,0,0,0,0,0,0,158,252,252,212,33,0,0,0,0,0,0,0,0,0,0,0,0,0,0,0,0,0,0,0,0,0,0,51,233,252,252,93,0,0,0,0,0,0,0,0,0,0,0,0,0,0,0,0,0,0,0,0,0,0,0,81,252,252,250,88,0,0,0,0,0,0,0,0,0,0,0,0,0,0,0,0,0,0,0,0,0,0,0,38,154,252,141,0,0,0,0,0,0,0,0,0,0,0,0,0,0,0,0,0,0,0,0,0,0,0,0,0,0,0,0,0,0,0,0,0,0,0,0,0,0,0,0,0,0,0,0,0,0,0,0,0,0,0,0,0,0,0,0,0,0,0,0,0,0,0,0,0,0,0,0,0,0,0,0,0
8,0,0,0,0,0,0,0,0,0,0,0,0,0,0,0,0,0,0,0,0,0,0,0,0,0,0,0,0,0,0,0,0,0,0,0,0,0,0,0,0,0,0,0,0,0,0,0,0,0,0,0,0,0,0,0,0,0,0,0,0,0,0,0,0,0,0,0,0,0,0,0,0,0,0,0,0,0,0,0,0,0,0,0,0,0,0,0,0,0,0,0,0,0,0,0,0,0,0,0,0,0,0,0,0,0,0,0,0,0,0,0,0,0,0,0,0,0,0,0,0,0,14,104,156,171,216,255,171,89,50,0,0,0,0,0,0,0,0,0,0,0,0,0,0,0,0,0,0,0,141,253,247,233,233,234,242,253,247,177,53,0,0,0,0,0,0,0,0,0,0,0,0,0,0,0,0,0,127,239,54,0,0,0,36,145,217,253,236,57,0,0,0,0,0,0,0,0,0,0,0,0,0,0,0,0,5,18,0,0,0,0,0,0,26,169,254,226,0,0,0,0,0,0,0,0,0,0,0,0,0,0,0,0,0,0,0,0,0,0,0,0,0,23,254,241,30,0,0,0,0,0,0,0,0,0,0,0,0,71,246,216,61,0,0,0,0,0,0,0,0,0,255,254,78,0,0,0,0,0,0,0,0,0,0,0,0,125,251,253,207,35,6,0,0,0,0,0,4,95,254,236,42,0,0,0,0,0,0,0,0,0,0,0,0,0,87,235,254,253,199,86,18,0,0,0,100,253,254,68,0,0,0,0,0,0,0,0,0,0,0,0,0,0,0,15,139,216,253,253,163,68,4,100,251,253,131,3,0,0,0,0,0,0,0,0,0,0,0,0,0,0,0,0,0,5,126,245,253,240,199,253,237,80,0,0,0,0,0,0,0,0,0,0,0,0,0,0,0,0,0,0,0,0,0,16,218,255,254,254,117,0,0,0,0,0,0,0,0,0,0,0,0,0,0,0,0,0,0,0,0,0,0,87,244,254,245,253,217,27,0,0,0,0,0,0,0,0,0,0,0,0,0,0,0,0,0,0,0,0,55,240,253,183,48,169,253,155,0,0,0,0,0,0,0,0,0,0,0,0,0,0,0,0,0,0,0,34,247,253,185,8,0,36,243,253,0,0,0,0,0,0,0,0,0,0,0,0,0,0,0,0,0,0,23,207,253,237,36,0,0,0,159,253,76,0,0,0,0,0,0,0,0,0,0,0,0,0,0,0,0,0,59,254,254,57,0,0,0,0,137,254,99,0,0,0,0,0,0,0,0,0,0,0,0,0,0,0,0,0,141,253,253,19,0,0,0,7,183,253,53,0,0,0,0,0,0,0,0,0,0,0,0,0,0,0,0,0,127,253,253,128,79,79,86,199,253,253,0,0,0,0,0,0,0,0,0,0,0,0,0,0,0,0,0,0,50,247,253,253,253,254,253,253,231,101,0,0,0,0,0,0,0,0,0,0,0,0,0,0,0,0,0,0,0,57,155,155,230,193,147,58,27,0,0,0,0,0,0,0,0,0,0,0,0,0,0,0,0,0,0,0,0,0,0,0,0,0,0,0,0,0,0,0,0,0,0,0,0,0,0,0,0,0,0,0,0,0,0,0,0,0,0,0,0,0,0,0,0,0,0,0,0,0,0,0,0,0,0,0,0,0,0,0,0,0,0,0,0,0,0,0,0,0,0,0,0,0,0,0,0,0,0,0,0,0,0,0,0,0,0,0,0,0,0,0,0,0,0,0,0,0,0,0,0,0,0,0,0,0,0,0,0,0,0
7,0,0,0,0,0,0,0,0,0,0,0,0,0,0,0,0,0,0,0,0,0,0,0,0,0,0,0,0,0,0,0,0,0,0,0,0,0,0,0,0,0,0,0,0,0,0,0,0,0,0,0,0,0,0,0,0,0,0,0,0,0,0,0,0,0,0,0,0,0,0,0,0,0,0,0,0,0,0,0,0,0,0,0,0,0,0,0,0,0,0,0,0,0,0,0,0,0,0,0,0,0,0,0,0,0,0,0,0,0,0,0,0,0,0,0,0,0,0,0,0,0,0,0,0,0,0,0,0,0,0,0,0,0,0,0,0,0,0,0,0,0,0,0,0,0,0,0,0,0,0,0,0,0,0,0,0,0,0,0,0,0,0,0,0,0,0,0,0,0,0,0,0,0,0,0,0,0,0,194,253,253,143,132,128,13,13,13,13,47,132,132,190,12,0,0,0,0,0,0,0,0,0,0,0,0,0,193,252,252,252,252,253,252,252,252,252,252,252,252,252,131,0,0,0,0,0,0,0,0,0,0,0,0,0,108,228,252,252,252,253,252,252,252,252,252,252,252,252,131,0,0,0,0,0,0,0,0,0,0,0,0,0,0,28,84,84,141,205,204,211,252,252,252,252,252,208,49,0,0,0,0,0,0,0,0,0,0,0,0,0,0,0,0,0,0,0,0,66,252,252,252,252,229,18,0,0,0,0,0,0,0,0,0,0,0,0,0,0,0,0,0,0,0,0,42,184,252,252,252,153,37,0,0,0,0,0,0,0,0,0,0,0,0,0,0,0,0,0,0,0,0,10,232,252,252,252,153,9,0,0,0,0,0,0,0,0,0,0,0,0,0,0,0,0,0,0,0,0,47,220,252,252,234,127,9,0,0,0,0,0,0,0,0,0,0,0,0,0,0,0,0,27,109,109,109,109,235,253,252,236,59,0,0,0,0,0,0,0,0,0,0,0,0,0,0,0,0,0,47,244,252,252,252,252,252,253,252,158,0,0,0,0,0,0,0,0,0,0,0,0,0,0,0,0,0,0,49,253,253,253,253,253,253,255,253,253,253,253,60,0,0,0,0,0,0,0,0,0,0,0,0,0,0,0,49,252,252,252,252,252,241,253,252,252,252,252,60,0,0,0,0,0,0,0,0,0,0,0,0,0,0,0,49,252,252,252,252,167,50,96,96,170,158,129,23,0,0,0,0,0,0,0,0,0,0,0,0,0,0,48,185,252,252,236,101,8,0,0,0,0,0,0,0,0,0,0,0,0,0,0,0,0,0,0,0,0,6,179,252,252,252,139,0,0,0,0,0,0,0,0,0,0,0,0,0,0,0,0,0,0,0,0,0,0,117,252,252,252,162,12,0,0,0,0,0,0,0,0,0,0,0,0,0,0,0,0,0,0,0,0,0,109,232,252,252,162,12,0,0,0,0,0,0,0,0,0,0,0,0,0,0,0,0,0,0,0,0,0,0,237,252,252,252,72,0,0,0,0,0,0,0,0,0,0,0,0,0,0,0,0,0,0,0,0,0,0,0,253,252,252,231,41,0,0,0,0,0,0,0,0,0,0,0,0,0,0,0,0,0,0,0,0,0,0,0,138,241,115,9,0,0,0,0,0,0,0,0,0,0,0,0,0,0,0,0,0,0,0,0,0,0,0,0,0,0,0,0,0,0,0,0,0,0,0,0,0,0,0,0,0,0,0,0,0,0,0,0,0,0,0,0,0,0,0,0,0,0,0,0,0,0,0,0,0,0,0,0,0,0,0,0,0,0,0
8,0,0,0,0,0,0,0,0,0,0,0,0,0,0,0,0,0,0,0,0,0,0,0,0,0,0,0,0,0,0,0,0,0,0,0,0,0,0,0,0,0,0,0,0,0,0,0,0,0,0,0,0,0,0,0,0,0,0,0,0,0,0,0,0,0,0,0,0,0,0,0,0,0,0,0,0,0,0,0,0,0,0,0,0,0,0,0,0,0,0,0,0,0,0,0,0,0,0,0,0,0,0,0,0,0,0,0,0,0,0,0,0,0,0,0,0,0,0,0,0,0,0,0,0,0,0,0,0,0,0,0,0,0,0,0,0,0,0,0,0,0,0,0,0,0,0,0,0,0,0,0,0,64,165,235,255,254,254,254,235,16,0,0,0,0,0,0,0,0,0,0,0,0,0,0,0,0,0,0,41,246,230,157,89,89,137,253,253,60,0,0,0,0,0,0,0,0,0,0,0,0,0,0,0,0,0,0,100,179,16,0,0,0,78,253,243,54,0,0,0,0,0,0,0,0,0,0,0,0,0,0,0,0,0,0,128,215,119,11,0,0,159,253,170,0,0,0,0,0,0,0,0,0,0,0,0,0,0,0,0,0,0,41,250,248,240,187,84,28,240,246,15,0,0,0,0,0,0,0,0,0,0,0,0,0,0,0,0,0,0,179,253,94,21,34,70,203,253,99,0,0,0,0,0,0,0,0,0,0,0,0,0,0,0,0,0,0,0,79,253,75,0,107,220,253,177,14,0,0,0,0,0,0,0,0,0,0,0,0,0,0,0,0,0,0,0,72,253,116,69,226,246,134,3,0,0,0,0,0,0,0,0,0,0,0,0,0,0,0,0,0,0,0,0,14,253,249,243,248,115,0,0,0,0,0,0,0,0,0,0,0,0,0,0,0,0,0,0,0,0,0,0,3,190,253,248,61,0,0,0,0,0,0,0,0,0,0,0,0,0,0,0,0,0,0,0,0,0,0,0,3,154,254,164,0,0,0,0,0,0,0,0,0,0,0,0,0,0,0,0,0,0,0,0,0,0,0,0,111,253,253,211,6,0,0,0,0,0,0,0,0,0,0,0,0,0,0,0,0,0,0,0,0,0,0,13,229,235,173,253,89,0,0,0,0,0,0,0,0,0,0,0,0,0,0,0,0,0,0,0,0,0,0,104,253,139,27,196,218,0,0,0,0,0,0,0,0,0,0,0,0,0,0,0,0,0,0,0,0,0,0,104,253,58,0,116,253,75,0,0,0,0,0,0,0,0,0,0,0,0,0,0,0,0,0,0,0,0,0,100,253,81,0,18,225,178,0,0,0,0,0,0,0,0,0,0,0,0,0,0,0,0,0,0,0,0,0,17,236,206,2,0,189,244,33,0,0,0,0,0,0,0,0,0,0,0,0,0,0,0,0,0,0,0,0,0,112,253,121,5,101,254,137,0,0,0,0,0,0,0,0,0,0,0,0,0,0,0,0,0,0,0,0,0,9,204,253,229,241,254,121,0,0,0,0,0,0,0,0,0,0,0,0,0,0,0,0,0,0,0,0,0,0,29,87,151,203,177,49,0,0,0,0,0,0,0,0,0,0,0,0,0,0,0,0,0,0,0,0,0,0,0,0,0,0,0,0,0,0,0,0,0,0,0,0,0,0,0,0,0,0,0,0,0,0,0,0,0,0,0,0,0,0,0,0,0,0,0,0,0,0,0,0,0,0,0,0,0,0,0,0,0,0,0,0,0,0,0,0,0,0,0,0,0,0,0,0,0,0,0,0,0,0,0
0,0,0,0,0,0,0,0,0,0,0,0,0,0,0,0,0,0,0,0,0,0,0,0,0,0,0,0,0,0,0,0,0,0,0,0,0,0,0,0,0,0,0,0,0,0,0,0,0,0,0,0,0,0,0,0,0,0,0,0,0,0,0,0,0,0,0,0,0,0,0,0,0,0,0,0,0,0,0,0,0,0,0,0,0,0,0,0,0,0,0,0,0,0,0,0,0,0,0,0,198,254,218,0,0,0,0,0,0,0,0,0,0,0,0,0,0,0,0,0,0,0,0,0,0,0,11,25,254,253,220,9,0,0,0,0,0,0,0,0,0,0,0,0,0,0,0,0,0,0,0,0,0,0,127,253,254,253,253,84,0,0,0,0,0,0,0,0,0,0,0,0,0,0,0,0,0,0,0,0,0,89,246,253,254,253,253,174,14,0,0,0,0,0,0,0,0,0,0,0,0,0,0,0,0,0,0,0,21,226,253,253,254,253,253,253,72,0,0,0,0,0,0,0,0,0,0,0,0,0,0,0,0,0,0,0,120,253,253,253,254,253,253,253,182,18,0,0,0,0,0,0,0,0,0,0,0,0,0,0,0,0,0,60,244,253,253,253,210,111,180,253,253,101,0,0,0,0,0,0,0,0,0,0,0,0,0,0,0,0,0,120,253,253,253,253,17,0,37,253,253,180,0,0,0,0,0,0,0,0,0,0,0,0,0,0,0,0,108,248,253,253,253,143,0,0,37,253,253,212,21,0,0,0,0,0,0,0,0,0,0,0,0,0,0,0,182,253,253,253,201,11,0,0,2,58,253,253,106,0,0,0,0,0,0,0,0,0,0,0,0,0,0,3,186,254,254,250,81,0,0,0,0,24,217,254,169,0,0,0,0,0,0,0,0,0,0,0,0,0,0,49,253,253,253,156,0,0,0,0,0,0,182,253,168,0,0,0,0,0,0,0,0,0,0,0,0,0,0,125,253,253,253,82,0,0,0,0,0,7,192,253,151,0,0,0,0,0,0,0,0,0,0,0,0,0,0,89,253,253,253,36,0,0,0,0,0,72,253,239,39,0,0,0,0,0,0,0,0,0,0,0,0,0,0,49,253,253,253,145,6,0,0,0,56,230,253,180,0,0,0,0,0,0,0,0,0,0,0,0,0,0,0,49,253,253,253,253,199,194,80,194,231,253,253,146,0,0,0,0,0,0,0,0,0,0,0,0,0,0,0,10,195,253,253,253,253,253,254,253,253,253,233,40,0,0,0,0,0,0,0,0,0,0,0,0,0,0,0,24,216,253,253,253,253,253,254,253,253,253,89,0,0,0,0,0,0,0,0,0,0,0,0,0,0,0,0,0,104,228,253,253,253,253,254,253,253,157,7,0,0,0,0,0,0,0,0,0,0,0,0,0,0,0,0,0,0,44,132,236,253,253,254,195,160,4,0,0,0,0,0,0,0,0,0,0,0,0,0,0,0,0,0,0,0,0,0,0,0,0,0,0,0,0,0,0,0,0,0,0,0,0,0,0,0,0,0,0,0,0,0,0,0,0,0,0,0,0,0,0,0,0,0,0,0,0,0,0,0,0,0,0,0,0,0,0,0,0,0,0,0,0,0,0,0,0,0,0,0,0,0,0,0,0,0,0,0,0,0,0,0,0,0,0,0,0,0,0,0,0,0,0,0,0,0,0,0,0,0,0,0,0,0,0,0,0,0,0,0,0,0,0,0,0,0,0,0,0,0,0,0,0,0,0,0,0,0,0,0,0,0,0,0,0,0
7,0,0,0,0,0,0,0,0,0,0,0,0,0,0,0,0,0,0,0,0,0,0,0,0,0,0,0,0,0,0,0,0,0,0,0,0,0,0,0,0,0,0,0,0,0,0,0,0,0,0,0,0,0,0,0,0,0,0,0,0,0,0,0,0,0,0,0,0,0,0,0,0,0,0,0,0,0,0,0,0,0,0,0,0,0,0,0,0,0,0,0,0,0,0,0,0,0,0,0,0,0,0,0,0,0,0,0,0,0,0,0,0,0,0,0,0,0,0,0,0,0,0,0,0,0,0,0,0,0,0,0,0,0,0,0,0,0,0,0,0,0,0,0,0,0,0,0,0,0,0,0,0,0,0,0,0,0,0,0,0,0,0,0,0,0,0,0,0,0,0,0,0,0,0,0,14,212,212,104,13,0,0,0,0,0,0,0,0,0,0,0,0,0,0,0,0,0,0,0,0,0,0,0,20,254,254,254,232,135,43,0,0,0,0,0,0,0,0,0,0,0,0,0,0,0,0,0,0,0,0,0,3,39,39,63,147,240,245,143,19,0,0,0,0,0,0,0,0,0,0,0,0,0,0,0,0,0,0,0,0,0,0,0,0,27,182,254,157,18,0,0,0,0,0,0,0,0,0,0,0,0,0,0,0,0,0,0,0,0,0,0,0,0,0,145,249,146,3,0,0,0,0,0,0,0,0,0,0,0,0,0,0,0,0,0,0,0,0,0,0,0,0,0,128,254,51,0,0,0,0,0,0,0,0,0,0,0,0,0,0,0,0,0,0,0,0,0,0,0,0,0,3,204,159,0,0,0,0,0,0,0,0,0,0,0,0,0,0,0,0,0,0,0,0,0,0,0,0,0,0,196,213,6,0,0,0,0,0,0,0,0,0,0,0,0,0,0,0,0,0,0,0,0,0,0,0,0,0,172,255,19,0,0,0,0,0,0,0,0,0,0,0,0,0,0,0,0,0,0,0,0,0,0,0,0,0,196,217,8,0,0,0,0,0,0,0,0,0,0,0,0,0,0,0,0,0,0,0,0,0,0,0,0,11,227,240,15,0,0,0,0,0,0,0,0,0,0,0,0,0,0,0,0,0,0,0,0,0,0,0,0,117,254,123,0,0,0,0,0,0,0,0,0,0,0,0,0,0,0,0,0,0,0,0,0,0,0,0,7,207,251,36,0,0,0,0,0,0,0,0,0,0,0,0,0,0,0,0,0,0,0,0,0,0,0,0,139,254,119,0,0,0,0,0,0,0,0,0,0,0,0,0,0,0,0,0,0,0,0,0,0,0,0,32,233,220,9,0,0,0,0,0,0,0,0,0,0,0,0,0,0,0,0,0,0,0,0,0,0,0,0,131,254,85,0,0,0,0,0,0,0,0,0,0,0,0,0,0,0,0,0,0,0,0,0,0,0,0,34,243,170,0,0,0,0,0,0,0,0,0,0,0,0,0,0,0,0,0,0,0,0,0,0,0,0,0,118,254,61,0,0,0,0,0,0,0,0,0,0,0,0,0,0,0,0,0,0,0,0,0,0,0,0,0,160,186,3,0,0,0,0,0,0,0,0,0,0,0,0,0,0,0,0,0,0,0,0,0,0,0,0,0,147,117,0,0,0,0,0,0,0,0,0,0,0,0,0,0,0,0,0,0,0,0,0,0,0,0,0,0,0,0,0,0,0,0,0,0,0,0,0,0,0,0,0,0,0,0,0,0,0,0,0,0,0,0,0,0,0,0,0,0,0,0,0,0,0,0,0,0,0,0,0,0
6,0,0,0,0,0,0,0,0,0,0,0,0,0,0,0,0,0,0,0,0,0,0,0,0,0,0,0,0,0,0,0,0,0,0,0,0,0,0,0,0,0,0,0,0,0,0,0,0,0,0,0,0,0,0,0,0,0,0,0,0,0,0,0,0,0,0,0,0,95,120,255,254,77,0,0,0,0,0,0,0,0,0,0,0,0,0,0,0,0,0,0,0,0,0,0,26,242,253,229,159,16,0,0,0,0,0,0,0,0,0,0,0,0,0,0,0,0,0,0,0,0,0,23,205,253,235,52,0,0,0,0,0,0,0,0,0,0,0,0,0,0,0,0,0,0,0,0,0,0,0,189,253,253,72,0,0,0,0,0,0,0,0,0,0,0,0,0,0,0,0,0,0,0,0,0,0,0,15,202,253,188,17,0,0,0,0,0,0,0,0,0,0,0,0,0,0,0,0,0,0,0,0,0,0,0,177,253,253,84,0,0,0,0,0,0,0,0,0,0,0,0,0,0,0,0,0,0,0,0,0,0,0,0,247,253,253,14,0,0,0,0,0,0,0,0,0,0,0,0,0,0,0,0,0,0,0,0,0,0,0,108,251,253,151,4,0,0,0,0,0,0,0,0,0,0,0,0,0,0,0,0,0,0,0,0,0,0,0,146,253,233,56,0,0,0,0,0,0,0,0,0,0,0,0,0,0,0,0,0,0,0,0,0,0,0,0,146,253,214,0,0,10,78,78,185,231,137,231,161,12,0,0,0,0,0,0,0,0,0,0,0,0,0,33,221,253,200,0,167,186,253,253,253,253,253,253,253,188,79,0,0,0,0,0,0,0,0,0,0,0,0,47,253,253,61,68,246,253,253,253,166,129,129,137,253,253,245,0,0,0,0,0,0,0,0,0,0,0,0,34,224,253,84,208,253,183,30,30,9,0,0,2,30,220,247,40,0,0,0,0,0,0,0,0,0,0,0,32,218,253,61,130,252,68,0,0,0,0,0,0,0,216,253,151,3,0,0,0,0,0,0,0,0,0,0,26,204,253,130,0,168,138,0,0,0,0,0,0,0,216,253,203,25,0,0,0,0,0,0,0,0,0,0,0,146,253,224,28,13,33,0,0,0,0,0,4,132,248,253,145,0,0,0,0,0,0,0,0,0,0,0,0,142,253,253,203,17,8,8,8,8,8,51,167,253,253,243,53,0,0,0,0,0,0,0,0,0,0,0,0,0,181,253,253,253,253,253,253,253,253,253,253,253,161,53,0,0,0,0,0,0,0,0,0,0,0,0,0,0,17,162,229,253,253,253,253,253,253,253,207,45,7,0,0,0,0,0,0,0,0,0,0,0,0,0,0,0,0,0,55,150,253,253,253,159,178,99,33,0,0,0,0,0,0,0,0,0,0,0,0,0,0,0,0,0,0,0,0,0,0,0,0,0,0,0,0,0,0,0,0,0,0,0,0,0,0,0,0,0,0,0,0,0,0,0,0,0,0,0,0,0,0,0,0,0,0,0,0,0,0,0,0,0,0,0,0,0,0,0,0,0,0,0,0,0,0,0,0,0,0,0,0,0,0,0,0,0,0,0,0,0,0,0,0,0,0,0,0,0,0,0,0,0,0,0,0,0,0,0,0,0,0,0,0,0,0,0,0,0,0,0,0,0,0,0,0,0,0,0,0,0,0,0,0,0,0,0,0,0,0,0,0,0,0,0,0,0,0,0,0,0,0,0,0,0,0,0,0,0,0,0,0,0,0,0,0,0,0,0,0,0,0,0,0
8,0,0,0,0,0,0,0,0,0,0,0,0,0,0,0,0,0,0,0,0,0,0,0,0,0,0,0,0,0,0,0,0,0,0,0,0,0,0,0,0,0,0,0,0,0,0,0,0,0,0,0,0,0,0,0,0,0,0,0,0,0,0,0,0,0,0,0,0,0,0,0,0,0,0,0,0,0,0,0,0,0,0,0,0,0,0,0,0,0,0,0,0,0,0,0,0,0,0,0,0,0,0,0,0,0,0,0,0,0,0,0,0,0,0,0,0,0,0,0,0,0,0,0,0,0,0,0,0,0,0,0,0,0,0,0,0,0,0,0,0,0,0,0,0,0,0,0,0,0,0,0,0,0,0,0,0,0,0,0,0,0,0,0,0,0,0,0,0,0,0,0,0,0,0,0,0,0,0,0,0,12,192,255,213,171,84,2,0,0,0,0,0,0,0,0,0,0,0,0,0,0,0,0,0,0,0,1,45,163,254,207,162,204,252,193,44,0,0,0,0,0,0,0,0,0,0,0,0,0,0,0,0,0,7,164,254,254,254,86,0,0,108,230,235,131,12,0,0,0,0,0,0,0,0,0,0,0,0,0,0,0,11,127,202,237,227,243,128,3,0,0,63,203,212,39,0,0,0,0,0,0,0,0,0,0,0,0,0,0,0,0,192,141,31,145,250,103,0,0,0,146,185,10,0,0,0,0,0,0,0,0,0,0,0,0,0,0,0,16,239,133,0,0,145,187,0,0,0,36,5,0,0,0,0,0,0,0,0,0,0,0,0,0,0,0,0,19,247,95,0,0,56,223,17,0,0,0,0,0,0,0,0,0,0,0,0,0,0,0,0,0,0,0,0,0,153,179,0,0,31,226,32,0,0,0,0,0,0,0,0,0,0,0,0,0,0,0,0,0,0,0,0,0,66,239,84,0,165,140,0,0,0,0,0,0,0,0,0,0,0,0,0,0,0,0,0,0,0,0,0,0,0,182,222,111,246,111,0,0,0,0,0,0,0,0,0,0,0,0,0,0,0,0,0,0,0,0,0,0,0,28,226,254,217,21,0,0,0,0,0,0,0,0,0,0,0,0,0,0,0,0,0,0,0,0,0,0,22,125,246,254,128,0,0,0,0,0,0,0,0,0,0,0,0,0,0,0,0,0,0,0,0,0,0,30,215,254,172,182,224,41,0,0,0,0,0,0,0,0,0,0,0,0,0,0,0,0,0,0,0,0,0,151,229,122,6,26,113,55,0,0,0,0,0,0,0,0,0,0,0,0,0,0,0,0,0,0,0,0,36,247,145,0,0,0,0,0,0,0,0,0,0,0,0,0,0,0,0,0,0,0,0,0,0,0,0,0,79,254,145,0,0,0,0,0,0,0,0,0,0,0,0,0,0,0,0,0,0,0,0,0,0,0,0,0,7,190,203,17,0,0,0,0,0,0,0,0,0,0,0,0,0,0,0,0,0,0,0,0,0,0,0,0,0,12,190,198,41,0,0,0,0,0,0,0,0,0,0,0,0,0,0,0,0,0,0,0,0,0,0,0,0,0,39,191,239,124,121,107,0,0,0,0,0,0,0,0,0,0,0,0,0,0,0,0,0,0,0,0,0,0,0,12,126,237,240,85,0,0,0,0,0,0,0,0,0,0,0,0,0,0,0,0,0,0,0,0,0,0,0,0,0,0,0,0,0,0,0,0,0,0,0,0,0,0,0,0,0,0,0,0,0,0,0,0,0,0,0,0,0,0,0,0,0,0,0,0,0,0,0,0,0,0,0
8,0,0,0,0,0,0,0,0,0,0,0,0,0,0,0,0,0,0,0,0,0,0,0,0,0,0,0,0,0,0,0,0,0,0,0,0,0,0,0,0,0,0,0,0,0,0,0,0,0,0,0,0,0,0,0,0,0,0,0,0,0,0,0,0,0,0,0,0,0,0,0,0,0,0,0,0,0,0,0,0,0,0,0,0,0,0,0,0,0,0,0,0,0,0,0,0,0,0,0,0,0,0,0,0,0,0,0,0,0,0,0,0,0,0,0,0,0,0,0,0,0,0,0,0,0,0,0,0,0,0,0,0,0,0,0,0,0,0,0,0,0,0,0,0,0,0,0,0,0,0,0,0,0,0,0,0,0,0,0,0,0,0,0,0,0,0,0,0,0,0,0,0,0,0,0,0,0,29,114,170,198,255,255,141,0,0,0,0,0,0,0,0,0,0,0,0,0,0,0,0,0,0,0,29,141,255,255,255,255,255,255,170,0,0,0,86,86,0,0,0,0,0,0,0,0,0,0,0,0,0,0,255,255,255,198,29,57,0,170,57,0,0,0,226,255,57,0,0,0,0,0,0,0,0,0,0,0,0,86,255,255,114,0,0,0,0,198,86,0,0,0,255,255,86,0,0,0,0,0,0,0,0,0,0,0,0,57,255,255,114,0,0,0,0,255,0,0,0,29,255,255,0,0,0,0,0,0,0,0,0,0,0,0,0,0,226,255,255,198,29,0,0,226,0,0,0,226,255,86,0,0,0,0,0,0,0,0,0,0,0,0,0,0,0,170,255,255,255,141,0,0,0,0,226,255,170,0,0,0,0,0,0,0,0,0,0,0,0,0,0,0,0,0,29,198,255,255,255,114,0,170,255,198,0,0,0,0,0,0,0,0,0,0,0,0,0,0,0,0,0,0,0,0,29,226,255,255,198,255,170,0,0,0,0,0,0,0,0,0,0,0,0,0,0,0,0,0,0,0,0,0,0,0,114,255,255,255,57,0,0,0,0,0,0,0,0,0,0,0,0,0,0,0,0,0,0,0,0,0,0,0,0,114,255,255,198,0,0,0,0,0,0,0,0,0,0,0,0,0,0,0,0,0,0,0,0,0,0,0,0,114,255,255,255,86,0,0,0,0,0,0,0,0,0,0,0,0,0,0,0,0,0,0,0,0,0,0,0,198,255,141,255,255,0,0,0,0,0,0,0,0,0,0,0,0,0,0,0,0,0,0,0,0,0,0,0,255,198,0,255,255,0,0,0,0,0,0,0,0,0,0,0,0,0,0,0,0,0,0,0,0,0,0,0,255,170,0,255,255,0,0,0,0,0,0,0,0,0,0,0,0,0,0,0,0,0,0,0,0,0,0,57,255,114,0,255,255,0,0,0,0,0,0,0,0,0,0,0,0,0,0,0,0,0,0,0,0,0,0,86,255,114,114,255,255,0,0,0,0,0,0,0,0,0,0,0,0,0,0,0,0,0,0,0,0,0,0,86,255,255,255,255,86,0,0,0,0,0,0,0,0,0,0,0,0,0,0,0,0,0,0,0,0,0,0,57,255,255,255,141,0,0,0,0,0,0,0,0,0,0,0,0,0,0,0,0,0,0,0,0,0,0,0,0,226,255,114,0,0,0,0,0,0,0,0,0,0,0,0,0,0,0,0,0,0,0,0,0,0,0,0,0,0,0,0,0,0,0,0,0,0,0,0,0,0,0,0,0,0,0,0,0,0,0,0,0,0,0,0,0,0,0,0,0,0,0,0,0,0,0,0,0,0,0
7,0,0,0,0,0,0,0,0,0,0,0,0,0,0,0,0,0,0,0,0,0,0,0,0,0,0,0,0,0,0,0,0,0,0,0,0,0,0,0,0,0,0,0,0,0,0,0,0,0,0,0,0,0,0,0,0,0,0,0,0,0,0,0,0,0,0,0,0,0,0,0,0,0,0,0,0,0,0,0,0,0,0,0,0,0,0,0,0,0,0,0,0,0,0,0,0,0,0,0,0,0,0,0,0,0,0,0,0,0,0,0,0,0,0,0,0,0,0,0,0,0,0,0,0,0,0,0,0,0,0,0,0,0,0,0,0,0,0,0,0,0,0,0,0,0,0,0,0,0,0,0,0,0,0,0,0,0,0,0,0,0,0,0,0,0,0,0,0,0,0,0,0,0,0,0,0,0,0,0,0,0,0,0,0,0,0,0,0,0,0,0,0,0,0,0,0,0,0,0,0,0,0,0,0,0,0,72,233,152,112,92,10,0,0,0,0,0,0,0,0,0,0,0,0,0,0,0,0,0,0,0,0,0,41,253,252,253,252,253,212,203,122,102,102,82,0,0,0,0,0,0,0,0,0,0,0,0,0,0,21,173,253,254,233,142,102,203,203,254,253,254,253,255,213,21,0,0,0,0,0,0,0,0,0,0,82,82,223,253,252,233,50,0,0,0,0,50,50,112,151,213,252,203,20,0,0,0,0,0,0,0,0,11,213,254,253,254,213,0,0,0,0,0,0,0,0,0,62,255,253,244,40,0,0,0,0,0,0,0,0,51,252,253,252,131,10,0,0,0,0,0,0,0,0,0,183,253,252,162,0,0,0,0,0,0,0,0,0,0,123,203,81,0,0,0,0,0,0,0,0,0,0,173,253,254,253,0,0,0,0,0,0,0,0,0,0,0,0,0,0,0,0,0,0,0,0,0,0,0,82,253,252,253,130,0,0,0,0,0,0,0,0,0,0,0,0,0,0,0,0,0,0,0,0,0,0,72,233,254,253,183,0,0,0,0,0,0,0,0,0,0,0,0,0,0,0,0,0,0,0,0,0,0,41,253,252,253,130,20,0,0,0,0,0,0,0,0,0,0,0,0,0,0,0,0,0,0,0,0,0,31,193,254,253,123,0,0,0,0,0,0,0,0,0,0,0,0,0,0,0,0,0,0,0,0,0,0,41,173,252,253,252,0,0,0,0,0,0,0,0,0,0,0,0,0,0,0,0,0,0,0,0,0,0,0,123,254,253,254,131,0,0,0,0,0,0,0,0,0,0,0,0,0,0,0,0,0,0,0,0,0,0,62,223,253,252,172,10,0,0,0,0,0,0,0,0,0,0,0,0,0,0,0,0,0,0,0,0,0,0,214,253,254,233,0,0,0,0,0,0,0,0,0,0,0,0,0,0,0,0,0,0,0,0,0,0,0,41,253,252,253,111,0,0,0,0,0,0,0,0,0,0,0,0,0,0,0,0,0,0,0,0,0,0,0,203,254,253,183,0,0,0,0,0,0,0,0,0,0,0,0,0,0,0,0,0,0,0,0,0,0,0,0,122,253,252,20,0,0,0,0,0,0,0,0,0,0,0,0,0,0,0,0,0,0,0,0,0,0,0,0,0,163,243,123,0,0,0,0,0,0,0,0,0,0,0,0,0,0,0,0,0,0,0,0,0,0,0,0,0,0,81,203,0,0,0,0,0,0,0,0,0,0,0,0,0,0,0,0,0,0,0,0,0,0,0,0,0,0,0,0,0,0,0,0,0,0,0,0,0,0,0,0,0
3,0,0,0,0,0,0,0,0,0,0,0,0,0,0,0,0,0,0,0,0,0,0,0,0,0,0,0,0,0,0,0,0,0,0,0,0,0,0,0,0,0,0,0,0,0,0,0,0,0,0,0,0,0,0,0,0,0,0,0,0,0,0,0,0,0,0,0,0,0,0,0,0,0,0,0,0,0,0,0,0,0,0,0,0,0,0,0,0,0,0,0,0,0,0,0,0,0,0,0,0,0,0,0,0,0,0,0,0,0,0,0,0,0,0,0,0,0,0,0,0,0,0,0,0,0,0,0,0,0,0,0,0,0,0,0,0,0,0,0,0,0,0,0,0,0,0,0,0,0,0,0,0,0,0,0,0,0,0,0,0,0,0,0,0,0,0,0,0,0,0,0,0,0,0,0,1,158,255,254,255,254,254,221,130,91,5,0,0,0,0,0,0,0,0,0,0,0,0,0,0,0,0,0,25,253,253,253,251,244,253,253,253,253,213,26,0,0,0,0,0,0,0,0,0,0,0,0,0,0,0,0,11,111,111,111,90,25,111,111,147,241,253,213,143,14,0,0,0,0,0,0,0,0,0,0,0,0,0,0,0,0,0,0,0,0,0,0,0,34,228,253,253,24,0,0,0,0,0,0,0,0,0,0,0,0,0,0,0,0,0,0,0,0,0,0,0,26,216,253,253,24,0,0,0,0,0,0,0,0,0,0,0,0,0,0,0,0,0,0,0,9,38,131,161,236,253,253,239,21,0,0,0,0,0,0,0,0,0,0,0,0,0,0,0,0,0,8,128,186,253,253,253,253,253,237,67,0,0,0,0,0,0,0,0,0,0,0,0,0,0,0,0,0,0,68,253,253,253,253,253,237,161,51,0,0,0,0,0,0,0,0,0,0,0,0,0,0,0,0,0,0,9,186,253,253,253,117,74,51,0,0,0,0,0,0,0,0,0,0,0,0,0,0,0,0,0,0,0,0,10,190,253,253,253,61,0,0,0,0,0,0,0,0,0,0,0,0,0,0,0,0,0,0,0,0,0,0,0,41,159,253,253,207,136,0,0,0,0,0,0,0,0,0,0,0,0,0,0,0,0,0,0,0,0,0,0,0,11,159,253,253,237,39,0,0,0,0,0,0,0,0,0,0,0,0,0,0,0,0,0,0,0,0,0,0,0,11,159,253,253,174,14,0,0,0,0,0,0,0,0,0,0,0,0,0,0,0,0,0,0,0,0,0,0,0,11,202,253,253,43,0,0,0,0,0,0,0,0,0,0,0,0,0,0,0,0,0,0,0,0,0,0,0,0,147,253,253,89,0,0,0,0,0,0,0,0,0,0,0,0,0,0,0,0,0,0,0,0,0,0,0,0,118,253,253,57,0,0,0,0,0,0,0,0,0,0,0,0,0,0,0,0,0,0,0,0,0,0,24,136,248,253,253,43,0,0,0,0,0,0,0,0,0,0,0,0,0,0,0,0,0,0,0,72,112,136,240,253,253,253,163,24,0,0,0,0,0,0,0,0,0,0,0,0,0,0,0,0,0,0,0,104,253,253,253,253,253,125,3,0,0,0,0,0,0,0,0,0,0,0,0,0,0,0,0,0,0,0,0,1,27,214,165,129,35,2,0,0,0,0,0,0,0,0,0,0,0,0,0,0,0,0,0,0,0,0,0,0,0,0,0,0,0,0,0,0,0,0,0,0,0,0,0,0,0,0,0,0,0,0,0,0,0,0,0,0,0,0,0,0,0,0,0,0,0,0,0,0,0,0,0,0,0,0
3,0,0,0,0,0,0,0,0,0,0,0,0,0,0,0,0,0,0,0,0,0,0,0,0,0,0,0,0,0,0,0,0,0,0,0,0,0,0,0,0,0,0,0,0,0,0,0,0,0,0,0,0,0,0,0,0,0,0,0,0,0,0,0,0,0,0,0,0,0,0,0,0,0,0,0,0,0,0,0,0,0,0,0,0,0,0,0,0,0,0,0,0,0,0,0,0,0,0,0,0,0,0,0,0,0,0,0,0,0,0,0,0,0,0,0,0,0,0,0,0,0,0,0,0,0,0,0,0,0,0,0,0,0,0,0,0,0,0,0,0,0,0,0,0,0,0,0,0,0,0,0,0,0,0,0,0,0,0,0,0,0,0,0,0,0,0,0,0,0,0,0,0,0,0,0,0,0,0,0,0,0,0,0,0,0,0,0,0,0,0,0,0,0,0,0,0,0,0,0,0,13,112,164,164,164,164,164,164,164,164,164,155,15,11,0,0,0,0,0,0,0,0,0,0,0,0,0,50,229,252,252,252,252,252,252,252,252,253,252,252,252,212,120,56,0,0,0,0,0,0,0,0,0,0,0,236,252,252,252,252,252,252,252,252,252,253,252,252,252,252,252,236,170,18,0,0,0,0,0,0,0,0,0,223,229,232,151,74,74,74,74,74,74,135,222,223,252,252,252,252,252,195,91,0,0,0,0,0,0,0,0,0,28,42,0,0,0,0,0,0,0,0,0,7,118,118,213,252,252,252,252,0,0,0,0,0,0,0,0,0,0,0,0,0,0,0,0,0,0,0,0,6,90,133,248,252,252,252,252,0,0,0,0,0,0,0,0,0,0,0,0,0,6,45,45,72,106,46,168,197,252,252,252,252,252,252,225,0,0,0,0,0,0,0,0,0,0,0,0,0,30,252,252,252,252,253,252,252,252,252,252,252,252,225,43,0,0,0,0,0,0,0,0,0,0,0,0,0,119,253,253,253,253,255,253,253,253,253,253,253,253,227,43,0,0,0,0,0,0,0,0,0,0,0,0,0,6,44,184,202,252,228,192,192,192,192,234,252,252,252,103,0,0,0,0,0,0,0,0,0,0,0,0,0,0,0,0,16,88,53,0,0,0,58,226,252,252,252,103,0,0,0,0,0,0,0,0,0,0,0,0,0,0,0,0,0,0,0,0,8,120,237,252,252,252,230,55,0,0,0,0,0,0,0,0,0,0,0,0,0,0,0,71,75,75,75,110,225,252,252,252,252,252,75,0,0,0,0,0,0,0,0,0,0,0,0,0,0,4,110,248,252,252,253,252,252,252,252,248,222,82,17,0,0,0,0,0,0,0,0,0,0,0,0,0,0,30,252,252,252,252,253,252,252,252,212,104,0,0,0,0,0,0,0,0,0,0,0,0,0,0,0,0,0,2,14,154,162,162,163,162,153,14,10,0,0,0,0,0,0,0,0,0,0,0,0,0,0,0,0,0,0,0,0,0,0,0,0,0,0,0,0,0,0,0,0,0,0,0,0,0,0,0,0,0,0,0,0,0,0,0,0,0,0,0,0,0,0,0,0,0,0,0,0,0,0,0,0,0,0,0,0,0,0,0,0,0,0,0,0,0,0,0,0,0,0,0,0,0,0,0,0,0,0,0,0,0,0,0,0,0,0,0,0,0,0,0,0,0,0,0,0,0,0,0,0,0,0,0,0,0,0,0,0,0,0,0,0,0,0,0,0,0,0,0,0,0,0,0,0,0,0,0,0,0,0,0,0,0,0,0,0,0,0
1,0,0,0,0,0,0,0,0,0,0,0,0,0,0,0,0,0,0,0,0,0,0,0,0,0,0,0,0,0,0,0,0,0,0,0,0,0,0,0,0,0,0,0,0,0,0,0,0,0,0,0,0,0,0,0,0,0,0,0,0,0,0,0,0,0,0,0,0,0,0,0,0,0,0,0,0,0,0,0,0,0,0,0,0,0,0,0,0,0,0,0,0,0,0,0,0,0,0,0,0,0,0,0,0,0,0,0,0,0,0,0,0,0,0,0,0,0,0,0,0,0,0,0,0,0,0,0,0,50,238,240,0,0,0,0,0,0,0,0,0,0,0,0,0,0,0,0,0,0,0,0,0,0,0,0,47,227,254,242,26,0,0,0,0,0,0,0,0,0,0,0,0,0,0,0,0,0,0,0,0,0,0,0,178,254,254,254,138,0,0,0,0,0,0,0,0,0,0,0,0,0,0,0,0,0,0,0,0,0,0,0,178,254,254,239,4,0,0,0,0,0,0,0,0,0,0,0,0,0,0,0,0,0,0,0,0,0,0,12,190,254,254,239,0,0,0,0,0,0,0,0,0,0,0,0,0,0,0,0,0,0,0,0,0,0,0,78,254,254,254,154,0,0,0,0,0,0,0,0,0,0,0,0,0,0,0,0,0,0,0,0,0,0,45,231,254,254,231,56,0,0,0,0,0,0,0,0,0,0,0,0,0,0,0,0,0,0,0,0,0,0,132,254,254,254,72,0,0,0,0,0,0,0,0,0,0,0,0,0,0,0,0,0,0,0,0,0,0,0,132,254,254,254,30,0,0,0,0,0,0,0,0,0,0,0,0,0,0,0,0,0,0,0,0,0,0,10,169,254,254,254,30,0,0,0,0,0,0,0,0,0,0,0,0,0,0,0,0,0,0,0,0,0,0,46,254,254,254,243,27,0,0,0,0,0,0,0,0,0,0,0,0,0,0,0,0,0,0,0,0,0,42,219,254,254,254,130,0,0,0,0,0,0,0,0,0,0,0,0,0,0,0,0,0,0,0,0,0,0,86,254,254,254,234,16,0,0,0,0,0,0,0,0,0,0,0,0,0,0,0,0,0,0,0,0,0,0,86,254,254,254,128,0,0,0,0,0,0,0,0,0,0,0,0,0,0,0,0,0,0,0,0,0,0,0,86,254,254,254,77,0,0,0,0,0,0,0,0,0,0,0,0,0,0,0,0,0,0,0,0,0,10,147,230,254,254,254,77,0,0,0,0,0,0,0,0,0,0,0,0,0,0,0,0,0,0,0,0,0,39,254,254,254,255,254,77,0,0,0,0,0,0,0,0,0,0,0,0,0,0,0,0,0,0,0,0,0,39,254,254,254,254,254,77,0,0,0,0,0,0,0,0,0,0,0,0,0,0,0,0,0,0,0,0,0,31,230,254,254,254,191,14,0,0,0,0,0,0,0,0,0,0,0,0,0,0,0,0,0,0,0,0,0,0,139,254,254,174,70,0,0,0,0,0,0,0,0,0,0,0,0,0,0,0,0,0,0,0,0,0,0,0,0,0,0,0,0,0,0,0,0,0,0,0,0,0,0,0,0,0,0,0,0,0,0,0,0,0,0,0,0,0,0,0,0,0,0,0,0,0,0,0,0,0,0,0,0,0,0,0,0,0,0,0,0,0,0,0,0,0,0,0,0,0,0,0,0,0,0,0,0,0,0,0,0,0,0,0,0,0,0,0,0,0,0,0,0,0,0,0,0,0,0,0,0,0,0,0,0,0,0,0,0,0
9,0,0,0,0,0,0,0,0,0,0,0,0,0,0,0,0,0,0,0,0,0,0,0,0,0,0,0,0,0,0,0,0,0,0,0,0,0,0,0,0,0,0,0,0,0,0,0,0,0,0,0,0,0,0,0,0,0,0,0,0,0,0,0,0,0,0,0,0,0,0,0,0,0,0,0,0,0,0,0,0,0,0,0,0,0,0,0,0,0,0,0,0,0,0,0,0,0,0,0,0,0,0,0,0,0,0,0,0,0,0,0,0,0,0,0,0,0,0,0,0,0,0,0,0,0,0,0,0,0,0,0,0,0,0,0,0,0,0,0,0,0,0,0,0,0,0,0,0,0,0,0,0,0,0,0,0,0,0,0,0,0,0,0,0,0,0,0,0,0,0,0,0,0,0,0,0,0,0,0,2,94,137,137,137,245,189,16,0,0,0,0,0,0,0,0,0,0,0,0,0,0,0,0,0,0,0,21,164,254,254,254,254,254,254,225,0,0,0,0,0,0,0,0,0,0,0,0,0,0,0,0,0,0,73,213,254,254,242,201,201,225,254,225,0,0,0,0,0,0,0,0,0,0,0,0,0,0,0,0,0,26,148,254,254,190,50,0,0,29,162,247,168,20,0,0,0,0,0,0,0,0,0,0,0,0,0,0,26,203,254,254,193,18,0,0,0,0,172,254,254,167,0,0,0,0,0,0,0,0,0,0,0,0,0,0,72,254,254,249,13,0,0,0,0,0,250,254,254,139,0,0,0,0,0,0,0,0,0,0,0,0,0,0,75,254,254,134,0,0,0,0,0,109,254,254,254,71,0,0,0,0,0,0,0,0,0,0,0,0,0,31,226,254,254,129,0,0,0,0,0,114,254,254,254,71,0,0,0,0,0,0,0,0,0,0,0,0,0,74,254,254,254,129,0,0,0,0,0,188,254,254,224,26,0,0,0,0,0,0,0,0,0,0,0,0,0,144,254,254,254,214,60,50,42,60,105,248,254,255,207,0,0,0,0,0,0,0,0,0,0,0,0,0,0,38,199,254,254,254,254,245,237,254,254,254,254,254,244,55,0,0,0,0,0,0,0,0,0,0,0,0,0,0,45,237,254,254,254,254,255,254,255,254,254,254,254,71,0,0,0,0,0,0,0,0,0,0,0,0,0,0,0,19,73,194,205,254,93,23,23,76,252,254,254,71,0,0,0,0,0,0,0,0,0,0,0,0,0,0,0,0,0,3,3,5,2,0,0,0,250,254,254,71,0,0,0,0,0,0,0,0,0,0,0,0,0,0,0,0,0,0,0,0,0,0,0,0,250,255,254,85,0,0,0,0,0,0,0,0,0,0,0,0,0,0,0,0,0,0,0,0,0,0,0,0,227,254,254,189,0,0,0,0,0,0,0,0,0,0,0,0,0,0,0,0,0,0,0,0,0,0,0,0,131,254,254,189,0,0,0,0,0,0,0,0,0,0,0,0,0,0,0,0,0,0,0,0,0,0,0,0,131,254,254,210,18,0,0,0,0,0,0,0,0,0,0,0,0,0,0,0,0,0,0,0,0,0,0,0,131,254,254,228,32,0,0,0,0,0,0,0,0,0,0,0,0,0,0,0,0,0,0,0,0,0,0,0,15,149,254,79,0,0,0,0,0,0,0,0,0,0,0,0,0,0,0,0,0,0,0,0,0,0,0,0,0,0,0,0,0,0,0,0,0,0,0,0,0,0,0,0,0,0,0,0,0,0,0,0,0,0,0,0,0,0,0,0,0,0,0,0,0,0,0
5,0,0,0,0,0,0,0,0,0,0,0,0,0,0,0,0,0,0,0,0,0,0,0,0,0,0,0,0,0,0,0,0,0,0,0,0,0,0,0,0,0,0,0,0,0,0,0,0,0,0,0,0,0,0,0,0,0,0,0,0,0,0,0,0,0,0,0,0,0,0,0,0,0,0,0,0,0,0,0,0,0,0,0,0,0,0,0,0,0,0,0,0,0,0,0,0,0,0,0,0,0,0,0,0,0,0,0,0,0,0,0,0,0,0,0,0,0,0,0,0,0,0,0,0,0,0,0,0,0,0,0,0,10,88,136,222,254,254,246,0,0,0,0,0,0,0,0,0,0,0,0,0,0,0,0,0,0,0,30,89,205,253,253,244,218,171,54,0,0,0,0,0,0,0,0,0,0,0,0,0,0,0,0,0,0,78,240,253,253,247,178,61,0,0,0,0,0,0,0,0,0,0,0,0,0,49,52,0,0,0,0,32,189,239,253,188,122,57,0,0,0,0,0,0,0,0,0,0,0,0,0,0,13,200,240,38,0,0,0,27,164,164,66,5,0,0,0,0,0,0,0,0,0,0,0,0,0,0,0,0,36,253,253,47,0,0,0,0,0,0,0,0,0,0,0,0,0,0,0,0,0,0,0,0,0,0,0,0,39,253,185,2,0,0,0,0,0,0,0,0,0,0,0,0,0,0,0,0,0,0,0,0,0,0,0,2,163,253,117,0,0,0,0,0,0,0,0,0,0,0,0,0,0,0,0,0,0,0,0,0,0,0,0,18,253,253,183,160,160,157,42,35,0,0,0,0,0,0,0,0,0,0,0,0,0,0,0,0,0,0,0,128,253,253,253,253,253,253,253,241,136,0,0,0,0,0,0,0,0,0,0,0,0,0,0,0,0,0,0,254,253,237,176,176,176,178,253,253,240,81,0,0,0,0,0,0,0,0,0,0,0,0,0,0,0,0,0,255,253,200,0,0,0,1,41,175,253,241,34,0,0,0,0,0,0,0,0,0,0,0,0,0,0,0,0,254,253,93,0,0,0,0,0,34,220,253,93,0,0,0,0,0,0,0,0,0,0,0,0,0,0,0,0,124,52,2,0,0,0,0,0,0,172,253,158,0,0,0,0,0,0,0,0,0,0,0,0,0,0,0,0,0,0,0,56,28,0,0,0,0,74,253,158,0,0,0,0,0,0,0,0,0,0,0,0,0,0,0,0,0,0,35,231,69,0,0,0,8,192,253,158,0,0,0,0,0,0,0,0,0,0,0,0,0,0,0,0,0,0,54,253,164,0,0,0,72,253,253,128,0,0,0,0,0,0,0,0,0,0,0,0,0,0,0,0,0,0,54,253,235,62,2,84,190,253,228,28,0,0,0,0,0,0,0,0,0,0,0,0,0,0,0,0,0,0,33,228,253,239,220,253,253,230,52,0,0,0,0,0,0,0,0,0,0,0,0,0,0,0,0,0,0,0,0,102,232,253,253,253,178,49,0,0,0,0,0,0,0,0,0,0,0,0,0,0,0,0,0,0,0,0,0,0,0,0,0,0,0,0,0,0,0,0,0,0,0,0,0,0,0,0,0,0,0,0,0,0,0,0,0,0,0,0,0,0,0,0,0,0,0,0,0,0,0,0,0,0,0,0,0,0,0,0,0,0,0,0,0,0,0,0,0,0,0,0,0,0,0,0,0,0,0,0,0,0,0,0,0,0,0,0,0,0,0,0,0,0,0,0,0,0,0,0,0,0,0,0,0,0,0,0,0,0,0
2,0,0,0,0,0,0,0,0,0,0,0,0,0,0,0,0,0,0,0,0,0,0,0,0,0,0,0,0,0,0,0,0,0,0,0,0,0,0,0,0,0,0,0,0,0,0,0,0,0,0,0,0,0,0,0,0,0,0,0,0,0,0,0,0,0,0,0,0,0,0,0,0,0,0,0,0,0,0,0,0,0,0,0,0,0,0,0,0,0,0,0,0,0,0,0,0,0,0,0,0,0,0,0,0,0,0,0,0,0,0,0,0,0,0,0,0,0,0,0,0,0,0,0,0,2,53,225,253,255,147,6,0,0,0,0,0,0,0,0,0,0,0,0,0,0,0,0,0,0,0,0,53,170,252,252,252,253,252,146,3,0,0,0,0,0,0,0,0,0,0,0,0,0,0,0,0,0,0,90,243,252,252,252,252,253,252,252,102,0,0,0,0,0,0,0,0,0,0,0,0,0,0,0,0,0,136,249,252,251,163,87,10,25,155,252,226,0,0,0,0,0,0,0,0,0,0,0,0,0,0,0,0,0,242,252,252,217,0,0,0,0,52,243,235,20,0,0,0,0,0,0,0,0,0,0,0,0,0,0,0,0,204,252,183,38,0,0,0,0,0,209,252,88,0,0,0,0,0,0,0,0,0,0,0,0,0,0,0,0,11,21,5,0,0,0,0,0,0,209,252,140,0,0,0,0,0,0,0,0,0,0,0,0,0,0,0,0,0,0,0,0,0,0,0,0,0,209,252,130,0,0,0,0,0,0,0,0,0,0,0,0,0,0,0,0,0,0,0,0,0,0,0,0,0,209,252,88,0,0,0,0,0,0,0,0,0,0,0,0,0,0,0,0,0,0,0,0,0,0,0,0,58,247,233,12,0,0,0,0,0,0,0,0,0,0,0,0,0,0,0,0,0,0,0,0,0,0,0,5,187,253,121,0,0,0,0,0,0,0,0,0,0,0,0,0,0,0,0,0,0,15,67,167,157,67,67,91,252,252,121,0,0,0,0,0,0,0,0,0,0,0,0,0,0,0,0,0,53,181,252,252,252,252,252,253,252,252,29,0,0,0,0,0,0,0,0,0,0,0,0,0,0,0,0,9,239,252,245,225,121,209,252,253,252,252,137,132,132,132,62,0,0,0,0,0,0,0,0,0,0,0,15,181,252,216,81,0,0,149,252,253,252,252,252,240,197,197,115,0,0,0,0,0,0,0,0,0,0,0,67,252,245,57,0,4,108,238,252,242,88,55,55,43,0,0,0,0,0,0,0,0,0,0,0,0,0,0,67,252,129,0,9,119,252,252,247,67,0,0,0,0,0,0,0,0,0,0,0,0,0,0,0,0,0,0,67,252,153,154,231,252,252,220,118,0,0,0,0,0,0,0,0,0,0,0,0,0,0,0,0,0,0,0,46,239,252,252,252,252,205,46,0,0,0,0,0,0,0,0,0,0,0,0,0,0,0,0,0,0,0,0,0,70,248,252,214,42,13,0,0,0,0,0,0,0,0,0,0,0,0,0,0,0,0,0,0,0,0,0,0,0,0,0,0,0,0,0,0,0,0,0,0,0,0,0,0,0,0,0,0,0,0,0,0,0,0,0,0,0,0,0,0,0,0,0,0,0,0,0,0,0,0,0,0,0,0,0,0,0,0,0,0,0,0,0,0,0,0,0,0,0,0,0,0,0,0,0,0,0,0,0,0,0,0,0,0,0,0,0,0,0,0,0,0,0,0,0,0,0,0,0,0,0,0,0,0,0,0,0,0,0,0,0,0
7,0,0,0,0,0,0,0,0,0,0,0,0,0,0,0,0,0,0,0,0,0,0,0,0,0,0,0,0,0,0,0,0,0,0,0,0,0,0,0,0,0,0,0,0,0,0,0,0,0,0,0,0,0,0,0,0,0,0,0,0,0,0,0,0,0,0,0,0,0,0,0,0,0,0,0,0,0,0,0,0,0,0,0,0,0,0,0,0,0,0,0,0,0,0,0,0,0,0,0,0,0,0,0,0,0,0,0,0,0,0,0,0,0,0,0,0,0,0,0,0,0,0,0,0,0,0,0,0,0,0,0,0,0,0,0,0,0,0,0,0,0,0,0,0,0,0,0,0,0,0,0,0,0,0,0,0,0,0,0,0,0,0,0,0,0,0,0,0,0,0,0,0,0,0,0,0,0,0,0,0,12,101,227,255,254,133,8,0,0,0,0,0,0,0,0,0,0,0,0,0,0,0,0,0,0,15,94,154,217,253,253,253,253,253,123,0,0,0,0,0,0,0,0,0,0,0,0,0,0,0,0,0,0,187,253,253,253,253,212,156,213,253,224,0,0,0,0,0,0,0,0,0,0,0,0,0,0,0,0,0,67,246,253,253,242,100,15,0,82,252,224,0,0,0,0,0,0,0,0,0,0,0,0,0,0,0,0,0,89,253,253,192,39,0,0,0,40,250,224,0,0,0,0,0,0,0,0,0,0,0,0,0,0,0,0,0,10,228,198,13,0,0,0,0,162,253,224,0,0,0,0,0,0,0,0,0,0,0,0,0,0,0,0,0,0,65,6,0,0,0,0,3,231,253,224,0,0,0,0,0,0,0,0,0,0,0,0,0,0,0,0,0,0,0,0,0,0,0,0,106,253,253,157,0,0,0,0,0,0,0,0,0,0,0,0,0,0,0,0,0,0,0,0,0,0,0,13,220,253,246,39,0,0,0,0,0,0,0,0,0,0,0,0,0,0,0,0,0,0,0,0,0,0,0,78,253,253,158,0,0,0,0,0,0,0,0,0,0,0,0,0,0,0,0,0,0,0,0,0,0,0,0,114,253,253,124,0,0,0,0,0,0,0,0,0,0,0,0,0,0,0,0,0,0,0,0,0,0,0,0,195,253,253,24,0,0,0,0,0,0,0,0,0,0,0,0,0,0,0,0,0,0,0,0,0,0,0,55,248,253,99,1,0,0,0,0,0,0,0,0,0,0,0,0,0,0,0,0,0,0,0,0,0,0,0,175,253,253,23,0,0,0,0,0,0,0,0,0,0,0,0,0,0,0,0,0,0,0,0,0,0,0,25,222,253,242,20,0,0,0,0,0,0,0,0,0,0,0,0,0,0,0,0,0,0,0,0,0,0,0,120,253,253,82,0,0,0,0,0,0,0,0,0,0,0,0,0,0,0,0,0,0,0,0,0,0,0,18,227,253,233,30,0,0,0,0,0,0,0,0,0,0,0,0,0,0,0,0,0,0,0,0,0,0,0,24,253,253,176,0,0,0,0,0,0,0,0,0,0,0,0,0,0,0,0,0,0,0,0,0,0,0,0,24,253,253,176,0,0,0,0,0,0,0,0,0,0,0,0,0,0,0,0,0,0,0,0,0,0,0,0,24,253,226,39,0,0,0,0,0,0,0,0,0,0,0,0,0,0,0,0,0,0,0,0,0,0,0,0,0,0,0,0,0,0,0,0,0,0,0,0,0,0,0,0,0,0,0,0,0,0,0,0,0,0,0,0,0,0,0,0,0,0,0,0,0,0,0,0,0,0,0,0,0
3,0,0,0,0,0,0,0,0,0,0,0,0,0,0,0,0,0,0,0,0,0,0,0,0,0,0,0,0,0,0,0,0,0,0,0,0,0,0,0,0,0,0,0,0,0,0,0,0,0,0,0,0,0,0,0,0,0,0,0,0,0,0,0,0,0,0,0,0,0,0,0,0,0,0,0,0,0,0,0,0,0,0,0,0,0,0,0,0,0,0,0,0,0,0,0,0,0,0,0,0,0,0,0,0,0,0,0,0,0,0,0,0,0,0,0,0,0,0,0,0,0,0,0,0,0,0,0,0,0,0,0,0,0,0,0,0,0,0,0,0,0,0,0,0,0,0,0,0,16,76,136,211,227,172,255,254,194,136,59,5,0,0,0,0,0,0,0,0,0,0,0,0,0,0,0,0,225,253,253,253,253,253,253,253,253,253,253,87,0,0,0,0,0,0,0,0,0,0,0,0,0,0,0,0,225,253,253,253,253,253,253,253,253,253,253,188,0,0,0,0,0,0,0,0,0,0,0,0,0,0,0,0,57,212,247,182,182,182,242,253,253,253,253,155,0,0,0,0,0,0,0,0,0,0,0,0,0,0,0,0,0,23,42,0,0,64,246,253,253,253,253,70,0,0,0,0,0,0,0,0,0,0,0,0,0,0,0,0,0,0,0,0,75,206,253,253,253,241,125,8,0,0,0,0,0,0,0,0,0,0,0,0,0,0,0,0,0,0,15,143,250,253,253,253,253,163,0,0,0,0,0,0,0,0,0,0,0,0,0,0,0,0,0,0,0,81,204,253,253,253,253,253,243,10,0,0,0,0,0,0,0,0,0,0,0,0,0,0,0,0,0,0,87,249,253,253,253,253,253,253,253,185,34,0,0,0,0,0,0,0,0,0,0,0,0,0,0,0,0,0,197,253,253,253,253,253,253,253,253,253,239,50,0,0,0,0,0,0,0,0,0,0,0,0,0,0,0,0,25,209,253,241,176,86,59,59,120,221,253,70,0,0,0,0,0,0,0,0,0,0,0,0,0,0,0,0,0,78,147,34,0,0,0,0,0,49,253,194,20,0,0,0,0,0,0,0,0,0,0,0,0,0,0,0,0,0,0,0,0,0,0,0,0,83,253,253,105,0,0,0,0,0,0,0,0,0,0,0,0,0,0,0,0,0,0,0,0,0,0,6,133,251,253,253,110,0,0,0,0,0,0,0,0,0,0,0,0,76,8,0,0,0,0,0,0,0,0,181,253,253,253,246,47,0,0,0,0,0,0,0,0,0,0,0,0,171,154,31,0,0,0,0,0,73,166,246,253,253,253,111,0,0,0,0,0,0,0,0,0,0,0,0,0,73,237,229,133,66,66,66,148,237,253,253,253,246,111,20,0,0,0,0,0,0,0,0,0,0,0,0,0,0,96,253,253,253,253,253,253,253,253,253,211,96,0,0,0,0,0,0,0,0,0,0,0,0,0,0,0,0,10,131,242,253,253,253,253,253,253,110,17,0,0,0,0,0,0,0,0,0,0,0,0,0,0,0,0,0,0,0,15,130,201,253,226,100,17,2,0,0,0,0,0,0,0,0,0,0,0,0,0,0,0,0,0,0,0,0,0,0,0,0,0,0,0,0,0,0,0,0,0,0,0,0,0,0,0,0,0,0,0,0,0,0,0,0,0,0,0,0,0,0,0,0,0,0,0,0,0,0,0,0,0,0,0,0,0,0,0,0,0,0,0,0,0,0,0,0,0,0,0,0,0,0,0,0,0,0,0,0,0,0,0,0
5,0,0,0,0,0,0,0,0,0,0,0,0,0,0,0,0,0,0,0,0,0,0,0,0,0,0,0,0,0,0,0,0,0,0,0,0,0,0,0,0,0,0,0,0,0,0,0,0,0,0,0,0,0,0,0,0,0,0,0,0,0,0,0,0,0,0,0,0,0,0,0,0,0,0,0,0,0,0,0,0,0,0,0,0,0,0,0,0,0,0,0,0,0,0,0,0,0,0,0,0,0,0,0,0,0,0,0,0,0,0,0,0,0,0,0,0,0,0,0,0,0,0,0,0,0,0,0,0,0,0,0,0,0,0,0,0,0,0,0,0,0,0,0,0,0,0,0,0,0,0,0,0,0,0,0,157,205,0,0,0,0,0,0,0,0,0,0,0,0,0,0,0,0,0,0,0,0,0,0,0,0,0,22,221,246,89,11,11,4,0,0,0,0,0,0,0,0,0,0,0,0,0,0,0,0,0,0,0,0,48,209,254,254,254,254,254,195,165,74,0,0,0,0,0,0,0,0,0,0,0,0,0,0,0,0,0,82,245,254,247,215,134,158,234,234,234,238,220,145,24,5,0,0,0,0,0,0,0,0,0,0,0,0,0,230,254,254,159,0,0,0,0,0,0,57,94,144,80,17,0,0,0,0,0,0,0,0,0,0,0,0,0,219,254,234,39,0,0,0,0,0,0,0,0,0,0,0,0,0,0,0,0,0,0,0,0,0,0,0,0,130,254,141,0,0,0,0,0,0,0,0,0,0,0,0,0,0,0,0,0,0,0,0,0,0,0,0,0,225,254,115,0,0,0,0,0,0,0,0,0,0,0,0,0,0,0,0,0,0,0,0,0,0,0,0,0,230,254,115,0,0,0,0,0,0,0,0,0,0,0,0,0,0,0,0,0,0,0,0,0,0,0,0,0,211,254,115,0,0,0,0,0,0,0,0,0,0,0,0,0,0,0,0,0,0,0,0,0,0,0,0,0,90,254,196,2,0,0,0,0,0,0,0,0,0,0,0,0,0,0,0,0,0,0,0,0,0,0,0,0,12,211,254,145,1,0,0,0,0,0,0,0,0,0,0,0,0,0,0,0,0,0,0,0,0,0,0,0,0,102,248,254,134,0,0,0,0,0,0,0,0,0,0,0,0,0,0,0,0,0,0,0,0,0,0,0,0,0,173,254,204,0,0,0,0,0,0,0,0,0,0,0,0,0,0,0,0,0,0,0,0,0,0,0,0,92,236,255,145,0,0,0,0,0,0,0,0,0,0,0,0,0,0,0,0,0,0,0,0,0,0,0,125,234,254,187,2,0,0,0,0,0,0,0,0,0,0,0,0,0,0,0,0,0,0,0,0,0,25,165,253,254,150,12,0,0,0,0,0,0,0,0,0,0,0,0,0,0,0,0,0,0,0,117,147,117,221,254,244,92,4,0,0,0,0,0,0,0,0,0,0,0,0,0,0,0,0,0,0,0,0,137,254,254,251,140,18,0,0,0,0,0,0,0,0,0,0,0,0,0,0,0,0,0,0,0,0,0,0,12,180,229,103,0,0,0,0,0,0,0,0,0,0,0,0,0,0,0,0,0,0,0,0,0,0,0,0,0,0,0,0,0,0,0,0,0,0,0,0,0,0,0,0,0,0,0,0,0,0,0,0,0,0,0,0,0,0,0,0,0,0,0,0,0,0,0,0,0,0,0,0,0,0,0,0,0,0,0,0,0,0,0,0,0,0,0,0,0,0,0,0,0,0,0,0,0,0,0,0,0,0,0,0,0
1,0,0,0,0,0,0,0,0,0,0,0,0,0,0,0,0,0,0,0,0,0,0,0,0,0,0,0,0,0,0,0,0,0,0,0,0,0,0,0,0,0,0,0,0,0,0,0,0,0,0,0,0,0,0,0,0,0,0,0,0,0,0,0,0,0,0,0,0,0,0,0,0,0,0,0,0,0,0,0,0,0,0,0,0,0,0,0,0,0,0,0,0,0,0,0,0,0,0,0,0,0,0,0,0,0,0,0,0,0,0,0,0,0,0,0,0,0,0,0,0,0,0,0,0,0,0,0,0,0,0,0,0,0,0,0,0,0,0,0,0,0,0,0,0,0,0,0,0,0,0,0,0,0,0,0,2,202,174,0,0,0,0,0,0,0,0,0,0,0,0,0,0,0,0,0,0,0,0,0,0,0,0,0,75,254,217,91,0,0,0,0,0,0,0,0,0,0,0,0,0,0,0,0,0,0,0,0,0,0,0,36,228,254,254,167,0,0,0,0,0,0,0,0,0,0,0,0,0,0,0,0,0,0,0,0,0,0,0,75,254,254,247,90,0,0,0,0,0,0,0,0,0,0,0,0,0,0,0,0,0,0,0,0,0,0,50,228,254,254,158,0,0,0,0,0,0,0,0,0,0,0,0,0,0,0,0,0,0,0,0,0,0,0,181,254,254,207,18,0,0,0,0,0,0,0,0,0,0,0,0,0,0,0,0,0,0,0,0,0,0,34,230,254,254,98,0,0,0,0,0,0,0,0,0,0,0,0,0,0,0,0,0,0,0,0,0,0,0,135,254,254,207,18,0,0,0,0,0,0,0,0,0,0,0,0,0,0,0,0,0,0,0,0,0,0,0,174,254,254,98,0,0,0,0,0,0,0,0,0,0,0,0,0,0,0,0,0,0,0,0,0,0,0,33,233,254,254,62,0,0,0,0,0,0,0,0,0,0,0,0,0,0,0,0,0,0,0,0,0,0,0,44,254,254,207,15,0,0,0,0,0,0,0,0,0,0,0,0,0,0,0,0,0,0,0,0,0,0,0,44,254,254,192,0,0,0,0,0,0,0,0,0,0,0,0,0,0,0,0,0,0,0,0,0,0,0,0,84,254,254,192,0,0,0,0,0,0,0,0,0,0,0,0,0,0,0,0,0,0,0,0,0,0,0,0,65,254,254,192,0,0,0,0,0,0,0,0,0,0,0,0,0,0,0,0,0,0,0,0,0,0,0,0,44,254,254,192,0,0,0,0,0,0,0,0,0,0,0,0,0,0,0,0,0,0,0,0,0,0,0,0,44,254,254,192,0,0,0,0,0,0,0,0,0,0,0,0,0,0,0,0,0,0,0,0,0,0,0,0,44,255,254,192,0,0,0,0,0,0,0,0,0,0,0,0,0,0,0,0,0,0,0,0,0,0,0,0,4,180,254,250,58,0,0,0,0,0,0,0,0,0,0,0,0,0,0,0,0,0,0,0,0,0,0,0,0,56,254,254,62,0,0,0,0,0,0,0,0,0,0,0,0,0,0,0,0,0,0,0,0,0,0,0,0,1,122,254,62,0,0,0,0,0,0,0,0,0,0,0,0,0,0,0,0,0,0,0,0,0,0,0,0,0,0,0,0,0,0,0,0,0,0,0,0,0,0,0,0,0,0,0,0,0,0,0,0,0,0,0,0,0,0,0,0,0,0,0,0,0,0,0,0,0,0,0,0,0,0,0,0,0,0,0,0,0,0,0,0,0,0,0,0,0,0,0,0,0,0,0,0,0,0,0,0
1,0,0,0,0,0,0,0,0,0,0,0,0,0,0,0,0,0,0,0,0,0,0,0,0,0,0,0,0,0,0,0,0,0,0,0,0,0,0,0,0,0,0,0,0,0,0,0,0,0,0,0,0,0,0,0,0,0,0,0,0,0,0,0,0,0,0,0,0,0,0,0,0,0,0,0,0,0,0,0,0,0,0,0,0,0,0,0,0,0,0,0,0,0,0,0,0,0,0,0,0,0,0,0,0,0,0,0,0,0,0,0,0,0,0,0,0,0,0,0,0,0,0,0,0,0,0,0,229,101,0,0,0,0,0,0,0,0,0,0,0,0,0,0,0,0,0,0,0,0,0,0,0,0,0,91,246,45,0,0,0,0,0,0,0,0,0,0,0,0,0,0,0,0,0,0,0,0,0,0,0,0,0,164,164,0,0,0,0,0,0,0,0,0,0,0,0,0,0,0,0,0,0,0,0,0,0,0,0,0,0,175,164,0,0,0,0,0,0,0,0,0,0,0,0,0,0,0,0,0,0,0,0,0,0,0,0,0,0,246,164,0,0,0,0,0,0,0,0,0,0,0,0,0,0,0,0,0,0,0,0,0,0,0,0,0,0,246,164,0,0,0,0,0,0,0,0,0,0,0,0,0,0,0,0,0,0,0,0,0,0,0,0,0,0,246,164,0,0,0,0,0,0,0,0,0,0,0,0,0,0,0,0,0,0,0,0,0,0,0,0,0,20,248,90,0,0,0,0,0,0,0,0,0,0,0,0,0,0,0,0,0,0,0,0,0,0,0,0,0,75,254,83,0,0,0,0,0,0,0,0,0,0,0,0,0,0,0,0,0,0,0,0,0,0,0,0,0,75,254,83,0,0,0,0,0,0,0,0,0,0,0,0,0,0,0,0,0,0,0,0,0,0,0,0,0,75,254,83,0,0,0,0,0,0,0,0,0,0,0,0,0,0,0,0,0,0,0,0,0,0,0,0,0,80,254,83,0,0,0,0,0,0,0,0,0,0,0,0,0,0,0,0,0,0,0,0,0,0,0,0,0,156,254,91,0,0,0,0,0,0,0,0,0,0,0,0,0,0,0,0,0,0,0,0,0,0,0,0,0,93,254,164,0,0,0,0,0,0,0,0,0,0,0,0,0,0,0,0,0,0,0,0,0,0,0,0,0,128,254,164,0,0,0,0,0,0,0,0,0,0,0,0,0,0,0,0,0,0,0,0,0,0,0,0,0,75,254,122,0,0,0,0,0,0,0,0,0,0,0,0,0,0,0,0,0,0,0,0,0,0,0,0,0,145,254,83,0,0,0,0,0,0,0,0,0,0,0,0,0,0,0,0,0,0,0,0,0,0,0,0,0,134,254,212,88,0,0,0,0,0,0,0,0,0,0,0,0,0,0,0,0,0,0,0,0,0,0,0,0,29,249,255,105,0,0,0,0,0,0,0,0,0,0,0,0,0,0,0,0,0,0,0,0,0,0,0,0,0,166,223,26,0,0,0,0,0,0,0,0,0,0,0,0,0,0,0,0,0,0,0,0,0,0,0,0,0,0,0,0,0,0,0,0,0,0,0,0,0,0,0,0,0,0,0,0,0,0,0,0,0,0,0,0,0,0,0,0,0,0,0,0,0,0,0,0,0,0,0,0,0,0,0,0,0,0,0,0,0,0,0,0,0,0,0,0,0,0,0,0,0,0,0,0,0,0,0,0,0,0,0,0,0,0,0,0,0,0,0,0,0,0,0,0,0,0,0,0,0,0,0,0,0,0,0
2,0,0,0,0,0,0,0,0,0,0,0,0,0,0,0,0,0,0,0,0,0,0,0,0,0,0,0,0,0,0,0,0,0,0,0,0,0,0,0,0,0,0,0,0,0,0,0,0,0,0,0,0,0,0,0,0,0,0,0,0,0,0,0,0,0,39,109,192,162,79,19,0,0,0,0,0,0,0,0,0,0,0,0,0,0,0,0,0,0,0,0,0,0,238,241,156,93,136,223,71,0,0,0,0,0,0,0,0,0,0,0,0,0,0,0,0,0,0,0,0,0,103,36,0,0,0,47,162,35,0,0,0,0,0,0,0,0,0,0,0,0,0,0,0,0,0,0,0,0,0,0,0,0,0,0,1,157,19,0,0,0,0,0,0,0,0,0,0,0,0,0,0,0,0,0,0,0,0,0,0,0,0,0,0,207,91,0,0,0,0,0,0,0,0,0,0,0,0,0,0,0,0,0,0,0,0,0,0,0,0,0,0,207,177,0,0,0,0,0,0,0,0,0,0,0,0,0,0,0,0,0,0,0,0,0,0,0,0,0,0,115,252,18,0,0,0,0,0,0,0,0,0,0,0,0,0,0,0,0,0,0,0,0,0,0,0,0,0,112,254,19,0,0,0,0,0,0,0,0,0,0,0,0,0,0,0,0,0,0,0,0,0,0,0,0,0,112,200,6,0,0,0,0,0,0,0,0,0,0,0,0,0,0,0,0,0,0,0,0,0,0,0,0,0,202,236,14,0,0,0,0,0,0,0,0,0,0,0,0,0,0,0,0,0,0,0,0,0,0,0,0,0,207,135,0,0,0,0,0,0,0,0,0,0,0,0,0,0,0,0,0,0,0,0,0,0,0,0,0,0,207,82,0,0,0,0,0,0,0,0,0,0,0,0,0,0,0,0,0,0,0,0,0,0,0,0,0,45,232,68,0,0,0,0,0,0,0,0,0,0,0,0,0,0,0,0,0,0,0,0,0,0,0,0,0,128,222,31,0,0,0,0,0,0,0,0,0,0,0,0,0,0,0,0,0,0,0,0,0,0,0,0,24,245,80,0,0,0,0,0,0,0,0,0,0,0,0,0,0,0,0,0,0,0,0,0,0,0,0,11,210,163,23,0,0,0,0,0,0,0,0,0,0,0,0,0,0,0,0,0,0,0,0,0,0,0,2,126,153,9,0,0,0,0,0,0,0,0,0,0,0,0,0,0,0,0,0,0,0,8,103,164,128,164,183,248,133,68,68,68,31,0,0,0,0,0,0,0,0,0,0,0,0,0,0,0,0,103,254,254,254,243,201,125,192,221,221,221,169,193,175,130,130,130,15,0,0,0,0,0,0,0,0,0,0,8,133,158,194,68,0,0,0,0,0,0,0,0,18,62,62,62,7,0,0,0,0,0,0,0,0,0,0,0,0,0,0,0,0,0,0,0,0,0,0,0,0,0,0,0,0,0,0,0,0,0,0,0,0,0,0,0,0,0,0,0,0,0,0,0,0,0,0,0,0,0,0,0,0,0,0,0,0,0,0,0,0,0,0,0,0,0,0,0,0,0,0,0,0,0,0,0,0,0,0,0,0,0,0,0,0,0,0,0,0,0,0,0,0,0,0,0,0,0,0,0,0,0,0,0,0,0,0,0,0,0,0,0,0,0,0,0,0,0,0,0,0,0,0,0,0,0,0,0,0,0,0,0,0,0,0,0,0,0,0,0,0,0,0,0,0,0,0,0,0,0,0,0,0,0,0,0,0,0,0,0,0,0,0,0,0,0,0,0
1,0,0,0,0,0,0,0,0,0,0,0,0,0,0,0,0,0,0,0,0,0,0,0,0,0,0,0,0,0,0,0,0,0,0,0,0,0,0,0,0,0,0,0,0,0,0,0,0,0,0,0,0,0,0,0,0,0,0,0,0,0,0,0,0,0,0,0,0,0,0,0,0,0,0,0,0,0,0,0,0,0,0,0,0,0,0,0,0,0,0,0,0,0,0,0,0,0,0,0,0,0,0,0,0,0,0,0,0,0,0,0,0,0,0,0,0,0,0,0,0,0,0,0,0,0,0,185,255,230,11,0,0,0,0,0,0,0,0,0,0,0,0,0,0,0,0,0,0,0,0,0,0,0,0,241,253,252,237,48,0,0,0,0,0,0,0,0,0,0,0,0,0,0,0,0,0,0,0,0,0,0,0,241,253,252,252,84,0,0,0,0,0,0,0,0,0,0,0,0,0,0,0,0,0,0,0,0,0,0,0,241,253,252,245,68,0,0,0,0,0,0,0,0,0,0,0,0,0,0,0,0,0,0,0,0,0,0,27,244,253,252,216,0,0,0,0,0,0,0,0,0,0,0,0,0,0,0,0,0,0,0,0,0,0,0,109,252,253,252,216,0,0,0,0,0,0,0,0,0,0,0,0,0,0,0,0,0,0,0,0,0,0,0,149,252,253,252,175,0,0,0,0,0,0,0,0,0,0,0,0,0,0,0,0,0,0,0,0,0,0,0,229,252,253,231,14,0,0,0,0,0,0,0,0,0,0,0,0,0,0,0,0,0,0,0,0,0,0,0,229,252,253,228,0,0,0,0,0,0,0,0,0,0,0,0,0,0,0,0,0,0,0,0,0,0,0,47,240,252,253,228,0,0,0,0,0,0,0,0,0,0,0,0,0,0,0,0,0,0,0,0,0,0,0,98,253,253,255,229,0,0,0,0,0,0,0,0,0,0,0,0,0,0,0,0,0,0,0,0,0,0,0,97,252,252,253,159,0,0,0,0,0,0,0,0,0,0,0,0,0,0,0,0,0,0,0,0,0,0,0,171,252,252,253,108,0,0,0,0,0,0,0,0,0,0,0,0,0,0,0,0,0,0,0,0,0,0,17,224,252,252,253,108,0,0,0,0,0,0,0,0,0,0,0,0,0,0,0,0,0,0,0,0,0,0,114,252,252,252,253,108,0,0,0,0,0,0,0,0,0,0,0,0,0,0,0,0,0,0,0,0,0,0,205,252,252,252,215,77,0,0,0,0,0,0,0,0,0,0,0,0,0,0,0,0,0,0,0,0,0,0,205,252,252,252,121,0,0,0,0,0,0,0,0,0,0,0,0,0,0,0,0,0,0,0,0,0,0,0,205,252,252,252,17,0,0,0,0,0,0,0,0,0,0,0,0,0,0,0,0,0,0,0,0,0,0,0,96,252,252,252,0,0,0,0,0,0,0,0,0,0,0,0,0,0,0,0,0,0,0,0,0,0,0,0,4,219,252,194,0,0,0,0,0,0,0,0,0,0,0,0,0,0,0,0,0,0,0,0,0,0,0,0,0,0,0,0,0,0,0,0,0,0,0,0,0,0,0,0,0,0,0,0,0,0,0,0,0,0,0,0,0,0,0,0,0,0,0,0,0,0,0,0,0,0,0,0,0,0,0,0,0,0,0,0,0,0,0,0,0,0,0,0,0,0,0,0,0,0,0,0,0,0,0,0,0,0,0,0,0,0,0,0,0,0,0,0,0,0,0,0,0,0,0,0,0,0,0,0,0,0,0,0,0
4,0,0,0,0,0,0,0,0,0,0,0,0,0,0,0,0,0,0,0,0,0,0,0,0,0,0,0,0,0,0,0,0,0,0,0,0,0,0,0,0,0,0,0,0,0,0,0,0,0,0,0,0,0,0,0,0,0,0,0,0,0,0,0,0,0,0,0,0,0,0,0,0,0,0,0,0,0,0,0,0,0,0,0,0,0,0,0,0,0,0,0,0,0,0,0,0,0,0,0,0,0,0,0,0,0,0,0,0,0,0,0,0,0,0,0,0,0,0,0,0,0,0,0,0,0,0,0,0,0,0,0,0,0,0,0,0,0,0,0,0,0,0,0,0,0,0,0,0,0,0,0,0,0,0,0,0,0,29,255,57,0,0,0,0,0,0,0,0,0,0,0,0,0,0,0,0,0,0,0,0,0,0,0,0,0,86,255,57,0,0,0,0,0,0,0,0,0,0,0,0,0,0,0,0,170,29,0,0,0,0,0,0,0,170,255,0,0,0,0,0,0,0,0,0,0,0,0,0,0,0,0,0,255,57,0,0,0,0,0,0,0,170,255,0,0,0,0,0,0,0,0,0,0,0,0,0,0,0,0,86,255,86,0,0,0,0,0,0,0,198,255,0,0,0,0,0,0,0,0,0,0,0,0,0,0,0,0,198,255,29,0,0,0,0,0,0,0,255,255,0,0,0,0,0,0,0,0,0,0,0,0,0,0,0,0,255,255,0,0,0,0,0,0,0,0,255,255,0,0,0,0,0,0,0,0,0,0,0,0,0,0,0,86,255,198,0,0,0,0,0,0,0,0,255,255,0,0,0,0,0,0,0,0,0,0,0,0,0,0,0,170,255,170,0,0,0,0,0,0,0,0,255,255,0,0,0,0,0,0,0,0,0,0,0,0,0,0,0,57,255,255,198,170,141,141,141,170,170,198,255,255,57,0,0,0,0,0,0,0,0,0,0,0,0,0,0,0,141,255,255,255,255,255,255,255,255,255,255,226,29,0,0,0,0,0,0,0,0,0,0,0,0,0,0,0,0,0,57,86,86,86,86,86,86,198,255,114,0,0,0,0,0,0,0,0,0,0,0,0,0,0,0,0,0,0,0,0,0,0,0,0,0,226,255,86,0,0,0,0,0,0,0,0,0,0,0,0,0,0,0,0,0,0,0,0,0,0,0,0,0,255,255,57,0,0,0,0,0,0,0,0,0,0,0,0,0,0,0,0,0,0,0,0,0,0,0,0,0,255,255,0,0,0,0,0,0,0,0,0,0,0,0,0,0,0,0,0,0,0,0,0,0,0,0,0,0,255,255,0,0,0,0,0,0,0,0,0,0,0,0,0,0,0,0,0,0,0,0,0,0,0,0,0,0,255,255,0,0,0,0,0,0,0,0,0,0,0,0,0,0,0,0,0,0,0,0,0,0,0,0,0,0,255,255,0,0,0,0,0,0,0,0,0,0,0,0,0,0,0,0,0,0,0,0,0,0,0,0,0,0,226,255,170,29,0,0,0,0,0,0,0,0,0,0,0,0,0,0,0,0,0,0,0,0,0,0,0,0,57,255,141,0,0,0,0,0,0,0,0,0,0,0,0,0,0,0,0,0,0,0,0,0,0,0,0,0,0,0,0,0,0,0,0,0,0,0,0,0,0,0,0,0,0,0,0,0,0,0,0,0,0,0,0,0,0,0,0,0,0,0,0,0,0,0,0,0,0,0,0,0,0,0,0,0,0,0,0,0,0,0,0,0,0,0,0,0,0,0,0,0,0,0,0,0
7,0,0,0,0,0,0,0,0,0,0,0,0,0,0,0,0,0,0,0,0,0,0,0,0,0,0,0,0,0,0,0,0,0,0,0,0,0,0,0,0,0,0,0,0,0,0,0,0,0,0,0,0,0,0,0,0,0,0,0,0,0,0,0,0,0,0,0,0,0,0,0,0,0,0,0,0,0,0,0,0,0,0,0,0,0,0,0,0,0,0,0,0,0,0,0,0,0,0,0,0,0,0,0,0,0,0,0,0,0,0,0,0,0,0,0,0,0,0,0,0,0,0,0,0,0,0,0,0,0,0,0,0,0,0,0,0,0,0,0,0,0,0,0,0,0,0,0,0,0,0,0,0,0,0,0,0,0,0,0,0,0,0,0,0,0,0,0,0,0,0,0,0,0,0,0,0,0,50,91,91,91,91,91,107,255,107,0,0,0,0,0,0,0,0,0,0,0,0,0,0,0,0,141,180,180,220,253,253,253,253,253,253,253,241,87,0,0,0,0,0,0,0,0,0,0,0,0,0,0,0,197,253,163,205,253,253,253,253,253,253,253,253,122,0,0,0,0,0,0,0,0,0,0,0,0,0,0,0,171,140,9,31,56,56,56,56,56,181,253,253,138,5,0,0,0,0,0,0,0,0,0,0,0,0,0,0,0,0,0,0,0,0,0,0,0,25,253,253,189,17,0,0,0,0,0,0,0,0,0,0,0,0,0,0,0,0,0,0,0,0,0,0,0,25,253,253,207,21,0,0,0,0,0,0,0,0,0,0,0,0,0,0,0,0,0,0,0,0,0,0,0,116,253,253,122,0,0,0,0,0,0,0,0,0,0,0,0,0,0,0,0,0,0,0,0,0,0,0,0,189,253,253,122,0,0,0,0,0,0,0,0,0,0,0,0,0,0,0,0,0,0,0,0,0,0,0,0,189,253,227,47,0,0,0,0,0,0,0,0,0,0,0,0,0,0,0,0,0,0,0,0,0,0,0,97,251,253,212,0,0,0,0,0,0,0,0,0,0,0,0,0,0,0,0,0,0,0,0,0,0,0,1,104,253,253,212,0,0,0,0,0,0,0,0,0,0,0,0,0,0,0,0,0,0,0,0,0,0,0,9,253,253,253,212,0,0,0,0,0,0,0,0,0,0,0,0,0,0,0,0,0,0,0,0,0,0,0,9,253,253,253,90,0,0,0,0,0,0,0,0,0,0,0,0,0,0,0,0,0,0,0,0,0,0,0,9,253,253,253,48,0,0,0,0,0,0,0,0,0,0,0,0,0,0,0,0,0,0,0,0,0,0,0,141,253,253,159,9,0,0,0,0,0,0,0,0,0,0,0,0,0,0,0,0,0,0,0,0,0,0,0,172,253,253,138,0,0,0,0,0,0,0,0,0,0,0,0,0,0,0,0,0,0,0,0,0,0,0,0,172,253,253,138,0,0,0,0,0,0,0,0,0,0,0,0,0,0,0,0,0,0,0,0,0,0,0,0,172,253,253,138,0,0,0,0,0,0,0,0,0,0,0,0,0,0,0,0,0,0,0,0,0,0,0,0,172,253,246,98,0,0,0,0,0,0,0,0,0,0,0,0,0,0,0,0,0,0,0,0,0,0,0,0,66,253,228,0,0,0,0,0,0,0,0,0,0,0,0,0,0,0,0,0,0,0,0,0,0,0,0,0,0,0,0,0,0,0,0,0,0,0,0,0,0,0,0,0,0,0,0,0,0,0,0,0,0,0,0,0,0,0,0,0,0,0,0,0,0,0,0,0,0,0,0
4,0,0,0,0,0,0,0,0,0,0,0,0,0,0,0,0,0,0,0,0,0,0,0,0,0,0,0,0,0,0,0,0,0,0,0,0,0,0,0,0,0,0,0,0,0,0,0,0,0,0,0,0,0,0,0,0,0,0,0,0,0,0,0,0,0,0,0,0,0,0,0,0,0,0,0,0,0,0,0,0,0,0,0,0,0,0,0,0,0,0,0,0,0,0,0,0,0,0,0,0,0,0,0,0,0,0,0,0,0,0,0,0,0,0,0,0,0,0,0,0,0,0,0,0,0,0,0,0,0,0,0,0,0,0,0,0,0,0,0,0,0,0,0,0,0,0,0,0,0,0,0,37,253,255,35,0,0,0,0,0,0,0,0,0,0,0,0,0,0,0,0,0,0,0,0,0,0,0,0,161,252,253,35,0,0,0,0,42,0,0,0,0,0,0,0,0,0,0,0,0,0,0,0,0,0,0,0,181,252,253,35,0,0,0,53,221,181,0,0,0,0,0,0,0,0,0,0,0,0,0,0,0,0,0,42,221,252,253,35,0,0,1,155,252,252,0,0,0,0,0,0,0,0,0,0,0,0,0,0,0,0,0,73,252,252,253,35,0,0,109,252,252,108,0,0,0,0,0,0,0,0,0,0,0,0,0,0,0,0,0,115,252,252,119,5,0,0,109,252,252,108,0,0,0,0,0,0,0,0,0,0,0,0,0,0,0,0,0,217,252,231,0,0,0,0,129,252,226,31,0,0,0,0,0,0,0,0,0,0,0,0,0,0,0,0,63,237,252,108,0,0,0,0,253,252,215,0,0,0,0,0,0,0,0,0,0,0,0,0,0,0,0,1,171,253,253,108,0,0,0,0,255,253,217,0,0,0,0,0,0,0,0,0,0,0,0,0,0,0,0,1,252,252,220,15,0,0,53,155,253,252,215,0,0,0,0,0,0,0,0,0,0,0,0,0,0,0,0,1,252,252,112,21,99,181,232,252,253,252,112,0,0,0,0,0,0,0,0,0,0,0,0,0,0,0,0,84,252,252,92,206,253,252,252,252,253,210,31,0,0,0,0,0,0,0,0,0,0,0,0,0,0,0,0,145,253,253,253,253,255,159,78,253,255,180,0,0,0,0,0,0,0,0,0,0,0,0,0,0,0,0,0,144,252,252,252,210,119,5,37,252,253,138,0,0,0,0,0,0,0,0,0,0,0,0,0,0,0,0,0,41,252,241,195,31,0,0,37,252,253,35,0,0,0,0,0,0,0,0,0,0,0,0,0,0,0,0,0,1,108,77,0,0,0,0,120,252,253,35,0,0,0,0,0,0,0,0,0,0,0,0,0,0,0,0,0,0,0,0,0,0,0,0,182,253,145,0,0,0,0,0,0,0,0,0,0,0,0,0,0,0,0,0,0,0,0,0,0,0,0,0,181,252,144,0,0,0,0,0,0,0,0,0,0,0,0,0,0,0,0,0,0,0,0,0,0,0,0,0,160,252,222,46,0,0,0,0,0,0,0,0,0,0,0,0,0,0,0,0,0,0,0,0,0,0,0,0,37,252,253,97,0,0,0,0,0,0,0,0,0,0,0,0,0,0,0,0,0,0,0,0,0,0,0,0,0,0,0,0,0,0,0,0,0,0,0,0,0,0,0,0,0,0,0,0,0,0,0,0,0,0,0,0,0,0,0,0,0,0,0,0,0,0,0,0,0,0,0,0,0,0,0,0,0,0,0,0,0,0,0,0,0,0,0,0,0,0,0,0,0,0,0,0,0
7,0,0,0,0,0,0,0,0,0,0,0,0,0,0,0,0,0,0,0,0,0,0,0,0,0,0,0,0,0,0,0,0,0,0,0,0,0,0,0,0,0,0,0,0,0,0,0,0,0,0,0,0,0,0,0,0,0,0,0,0,0,0,0,0,0,0,0,0,0,0,0,0,0,0,0,0,0,0,0,0,0,0,0,0,0,0,0,0,0,0,0,0,0,0,0,0,0,0,0,0,0,0,0,0,0,0,0,0,0,0,0,0,0,0,0,0,0,0,0,0,0,0,0,0,0,0,0,0,0,0,0,0,0,0,0,0,0,0,0,0,0,0,0,0,0,0,0,0,0,0,0,0,0,0,0,0,0,0,0,0,0,0,0,0,0,0,0,0,0,0,0,0,0,0,29,28,0,0,57,57,86,85,86,85,141,139,86,85,57,0,0,0,0,0,0,0,0,0,0,0,0,0,197,196,169,168,225,224,253,251,253,251,253,251,253,251,168,0,0,0,0,0,0,0,0,0,0,0,29,197,255,253,255,253,255,253,254,253,254,253,254,253,254,253,226,168,0,0,0,0,0,0,0,0,0,0,85,251,253,251,253,251,253,251,253,251,196,196,139,251,253,251,168,0,0,0,0,0,0,0,0,0,0,0,57,168,169,56,0,0,0,0,114,0,0,0,85,253,254,253,169,0,0,0,0,0,0,0,0,0,0,0,0,0,0,0,0,0,0,0,0,0,0,0,197,251,253,251,56,0,0,0,0,0,0,0,0,0,0,0,0,0,0,0,0,0,0,0,0,0,85,253,254,253,254,196,0,0,0,0,0,0,0,0,0,0,0,0,0,0,0,0,0,0,0,0,0,0,197,251,253,251,196,28,0,0,0,0,0,0,0,0,0,0,0,0,0,0,0,0,0,0,85,85,254,253,254,253,254,253,169,0,0,0,0,0,0,0,0,0,0,0,0,0,0,0,0,0,0,114,253,251,253,251,253,251,253,251,225,168,169,56,0,0,0,0,0,0,0,0,0,0,0,0,0,0,85,253,254,253,254,253,254,253,254,253,254,253,254,253,169,0,0,0,0,0,0,0,0,0,0,0,0,0,197,251,253,251,253,251,253,251,253,251,253,251,253,251,56,0,0,0,0,0,0,0,0,0,0,0,0,0,0,0,0,0,254,253,254,196,0,0,0,0,0,0,0,0,0,0,0,0,0,0,0,0,0,0,0,0,0,0,57,168,253,251,196,28,0,0,0,0,0,0,0,0,0,0,0,0,0,0,0,0,0,0,0,0,0,0,85,253,254,253,169,0,0,0,0,0,0,0,0,0,0,0,0,0,0,0,0,0,0,0,0,0,0,0,85,251,253,251,168,0,0,0,0,0,0,0,0,0,0,0,0,0,0,0,0,0,0,0,0,0,0,0,198,253,254,253,254,253,169,0,0,0,0,0,0,0,0,0,0,0,0,0,0,0,0,0,0,0,0,0,85,251,253,251,253,251,168,0,0,0,0,0,0,0,0,0,0,0,0,0,0,0,0,0,0,0,0,0,85,253,254,253,254,196,114,0,0,0,0,0,0,0,0,0,0,0,0,0,0,0,0,0,0,0,0,0,28,83,253,251,84,28,0,0,0,0,0,0,0,0,0,0,0,0,0,0,0,0,0,0,0,0,0,0,0,0,0,0,0,0,0,0,0,0,0,0,0,0,0,0,0,0,0,0,0,0,0,0,0,0,0,0,0,0,0,0,0,0,0,0,0,0,0,0,0,0,0,0,0,0
5,0,0,0,0,0,0,0,0,0,0,0,0,0,0,0,0,0,0,0,0,0,0,0,0,0,0,0,0,0,0,0,0,0,0,0,0,0,0,0,0,0,0,0,0,0,0,0,0,0,0,0,0,0,0,0,0,0,0,0,0,0,0,0,0,0,0,0,0,0,0,0,0,0,0,0,0,0,0,0,0,0,0,0,0,0,0,0,0,0,0,0,0,0,0,0,0,0,0,0,0,0,0,0,0,0,0,0,0,0,0,0,0,0,0,0,0,0,0,0,0,0,0,0,0,0,0,0,0,0,0,0,0,0,0,0,0,0,0,0,0,0,0,0,0,0,0,0,0,0,0,0,0,0,70,70,112,161,187,254,46,0,0,0,0,0,0,0,0,0,0,0,0,0,0,0,0,0,198,230,230,230,254,253,253,253,254,244,38,0,0,0,0,0,0,0,0,0,0,0,0,0,0,0,0,34,254,253,253,253,247,230,187,137,46,38,0,0,0,0,0,0,0,0,0,0,0,0,0,0,0,0,0,0,186,253,202,69,50,0,0,0,0,0,0,0,0,0,0,0,0,0,0,0,0,0,0,0,0,0,0,0,162,254,113,0,0,0,0,0,0,0,0,0,0,0,0,0,0,0,0,0,0,0,0,0,0,0,0,0,212,253,46,0,0,0,0,0,0,0,0,0,0,0,0,0,0,0,0,0,0,0,0,0,0,0,0,0,254,253,79,0,83,199,199,116,17,0,0,0,0,0,0,0,0,0,0,0,0,0,0,0,0,0,0,0,254,236,71,127,254,253,253,253,235,84,0,0,0,0,0,0,0,0,0,0,0,0,0,0,0,0,0,93,254,254,254,254,236,134,93,127,254,254,129,0,0,0,0,0,0,0,0,0,0,0,0,0,0,0,0,9,254,253,253,185,17,0,0,0,48,241,251,63,0,0,0,0,0,0,0,0,0,0,0,0,0,0,0,0,163,230,113,13,0,0,0,0,0,109,249,186,0,0,0,0,0,0,0,0,0,0,0,0,0,0,0,0,0,0,0,0,0,0,0,0,0,0,207,253,68,0,0,0,0,0,0,0,0,0,0,0,0,0,0,0,0,0,0,0,0,0,0,0,0,0,174,254,93,0,0,0,0,0,0,0,0,0,0,0,0,0,0,0,0,0,0,0,0,0,0,0,0,0,207,253,93,0,0,0,0,0,0,0,0,0,0,0,0,0,0,0,9,0,0,0,0,0,0,0,0,89,245,210,17,0,0,0,0,0,0,0,0,0,0,0,0,0,0,68,159,0,0,0,0,0,0,0,26,239,244,69,0,0,0,0,0,0,0,0,0,0,0,0,0,0,0,185,255,107,0,0,0,0,0,26,254,254,146,0,0,0,0,0,0,0,0,0,0,0,0,0,0,0,0,167,254,249,188,105,47,97,147,239,254,177,4,0,0,0,0,0,0,0,0,0,0,0,0,0,0,0,0,17,105,226,253,253,254,253,253,244,171,13,0,0,0,0,0,0,0,0,0,0,0,0,0,0,0,0,0,0,0,13,111,160,254,168,152,44,0,0,0,0,0,0,0,0,0,0,0,0,0,0,0,0,0,0,0,0,0,0,0,0,0,0,0,0,0,0,0,0,0,0,0,0,0,0,0,0,0,0,0,0,0,0,0,0,0,0,0,0,0,0,0,0,0,0,0,0,0,0,0,0,0,0,0,0,0,0,0,0,0,0,0,0,0,0,0,0,0,0,0,0,0,0,0,0,0,0,0,0,0,0,0
4,0,0,0,0,0,0,0,0,0,0,0,0,0,0,0,0,0,0,0,0,0,0,0,0,0,0,0,0,0,0,0,0,0,0,0,0,0,0,0,0,0,0,0,0,0,0,0,0,0,0,0,0,0,0,0,0,0,0,0,0,0,0,0,0,0,0,0,0,0,0,0,0,0,0,0,0,0,0,0,0,0,0,0,0,0,0,0,0,0,0,0,0,0,0,0,0,0,0,0,0,0,0,0,0,0,0,0,0,0,0,0,0,0,0,0,0,0,0,0,0,0,0,0,0,0,0,0,0,0,0,0,0,0,0,0,0,0,0,0,0,0,0,1,80,115,0,0,0,0,0,0,0,0,0,0,0,0,52,131,13,0,0,0,0,0,0,0,0,0,0,13,254,236,0,0,0,0,0,0,0,0,0,0,0,0,107,254,203,7,0,0,0,0,0,0,0,0,0,123,254,246,60,0,0,0,0,0,0,0,0,0,0,0,224,255,254,12,0,0,0,0,0,0,0,0,0,3,185,254,180,10,0,0,0,0,0,0,0,0,0,0,151,255,254,85,0,0,0,0,0,0,0,0,0,0,123,254,254,115,0,0,0,0,0,0,0,0,0,0,100,255,254,209,4,0,0,0,0,0,0,0,0,0,13,254,254,243,78,0,0,0,0,0,0,0,0,0,100,254,254,237,5,0,0,0,0,0,0,0,0,0,5,159,254,254,217,0,0,0,0,0,0,0,0,0,122,254,254,136,0,0,0,0,0,0,0,0,0,0,0,16,234,254,243,84,0,0,0,0,0,0,0,19,230,255,254,136,0,0,0,0,0,0,0,0,0,0,0,0,62,254,254,242,85,0,0,0,0,0,0,122,254,254,254,220,4,0,0,0,0,0,0,0,0,0,0,0,7,151,254,254,217,49,0,0,0,0,156,245,254,254,254,254,6,0,0,0,0,0,0,0,0,0,0,0,0,8,90,254,254,213,52,0,21,109,244,229,76,236,254,254,6,0,0,0,0,0,0,0,0,0,0,0,0,0,9,55,192,254,241,199,216,254,254,125,0,133,254,254,6,0,0,0,0,0,0,0,0,0,0,0,0,0,0,0,34,155,254,254,254,254,84,7,0,146,254,254,6,0,0,0,0,0,0,0,0,0,0,0,0,0,0,0,0,10,134,107,167,128,8,0,0,231,254,254,6,0,0,0,0,0,0,0,0,0,0,0,0,0,0,0,0,0,0,0,0,0,0,0,0,125,254,254,6,0,0,0,0,0,0,0,0,0,0,0,0,0,0,0,0,0,0,0,0,0,0,0,0,107,254,254,55,0,0,0,0,0,0,0,0,0,0,0,0,0,0,0,0,0,0,0,0,0,0,0,0,107,254,254,130,0,0,0,0,0,0,0,0,0,0,0,0,0,0,0,0,0,0,0,0,0,0,0,0,107,254,254,130,0,0,0,0,0,0,0,0,0,0,0,0,0,0,0,0,0,0,0,0,0,0,0,0,107,254,254,11,0,0,0,0,0,0,0,0,0,0,0,0,0,0,0,0,0,0,0,0,0,0,0,0,55,191,72,1,0,0,0,0,0,0,0,0,0,0,0,0,0,0,0,0,0,0,0,0,0,0,0,0,0,0,0,0,0,0,0,0,0,0,0,0,0,0,0,0,0,0,0,0,0,0,0,0,0,0,0,0,0,0,0,0,0,0,0,0,0,0,0,0,0,0,0,0,0,0,0,0,0,0,0,0,0,0,0,0,0,0,0,0,0,0,0,0,0,0
5,0,0,0,0,0,0,0,0,0,0,0,0,0,0,0,0,0,0,0,0,0,0,0,0,0,0,0,0,0,0,0,0,0,0,0,0,0,0,0,0,0,0,0,0,0,0,0,0,0,0,0,0,0,0,0,0,0,0,0,0,0,0,0,0,0,0,0,0,0,0,0,0,0,0,0,0,0,0,0,0,0,0,0,0,0,0,0,0,0,0,0,0,0,0,0,0,0,0,0,0,0,0,0,0,0,0,0,0,0,0,0,0,0,0,0,0,0,0,0,0,0,0,0,0,0,0,0,0,0,0,0,0,0,0,0,0,0,0,0,0,0,0,0,0,0,0,0,0,0,0,55,133,217,174,161,161,161,161,132,30,0,0,0,0,0,0,0,0,0,0,0,0,0,0,0,0,0,211,249,254,254,250,217,217,217,217,217,219,25,0,0,0,0,0,0,0,0,0,0,0,0,0,0,0,0,140,197,254,252,113,0,0,0,0,0,52,46,0,0,0,0,0,0,0,0,0,0,0,0,0,0,0,0,0,177,254,198,0,0,0,0,0,0,0,0,0,0,0,0,0,0,0,0,0,0,0,0,0,0,0,0,0,208,254,111,0,0,0,0,0,0,0,0,0,0,0,0,0,0,0,0,0,0,0,0,0,0,0,0,39,246,254,62,0,0,0,0,0,0,0,0,0,0,0,0,0,0,0,0,0,0,0,0,0,0,0,0,48,254,194,3,0,0,0,0,0,0,0,0,0,0,0,0,0,0,0,0,0,0,0,0,0,0,0,0,37,244,252,190,141,57,22,0,0,0,0,0,0,0,0,0,0,0,0,0,0,0,0,0,0,0,0,0,0,38,163,226,240,254,232,120,17,0,0,0,0,0,0,0,0,0,0,0,0,0,0,0,0,0,0,0,0,0,0,0,32,66,150,254,221,0,0,0,0,0,0,0,0,0,0,0,0,0,0,0,0,0,0,0,0,0,0,0,0,0,0,64,241,199,5,0,0,0,0,0,0,0,0,0,0,0,0,0,0,0,0,0,0,0,0,0,0,0,0,0,135,254,33,0,0,0,0,0,0,0,0,0,0,0,0,0,0,0,0,0,0,0,0,0,0,0,0,0,10,254,117,0,0,0,0,0,0,0,0,0,0,0,0,0,0,0,0,0,0,0,0,0,0,0,0,0,10,254,207,0,0,0,0,0,0,0,0,0,0,0,0,0,0,0,0,0,0,0,0,0,0,0,0,0,10,254,207,0,0,0,0,0,0,0,0,0,0,0,0,0,0,0,0,0,0,0,0,0,0,0,0,0,52,254,207,0,0,0,0,0,0,0,0,0,0,0,0,0,0,0,0,0,0,0,0,0,0,0,0,0,135,255,109,0,0,0,0,0,0,0,0,0,0,0,0,0,0,0,0,0,0,0,0,0,0,0,15,121,253,254,19,0,0,0,0,0,0,0,0,0,0,0,0,0,0,0,0,0,0,101,124,124,124,193,228,254,250,104,3,0,0,0,0,0,0,0,0,0,0,0,0,0,0,0,0,0,0,131,160,251,254,254,196,146,63,0,0,0,0,0,0,0,0,0,0,0,0,0,0,0,0,0,0,0,0,0,0,0,0,0,0,0,0,0,0,0,0,0,0,0,0,0,0,0,0,0,0,0,0,0,0,0,0,0,0,0,0,0,0,0,0,0,0,0,0,0,0,0,0,0,0,0,0,0,0,0,0,0,0,0,0,0,0,0,0,0,0,0,0,0,0,0,0,0,0,0,0,0,0
4,0,0,0,0,0,0,0,0,0,0,0,0,0,0,0,0,0,0,0,0,0,0,0,0,0,0,0,0,0,0,0,0,0,0,0,0,0,0,0,0,0,0,0,0,0,0,0,0,0,0,0,0,0,0,0,0,0,0,0,0,0,0,0,0,0,0,0,0,0,0,0,0,0,0,0,0,0,0,0,0,0,0,0,0,0,0,0,0,0,0,0,0,0,0,0,0,0,0,0,0,0,0,0,0,0,0,0,0,0,0,0,0,0,0,0,0,0,0,0,0,0,0,0,0,0,0,0,0,0,0,0,0,0,0,0,0,0,0,0,0,0,0,0,0,0,0,214,161,0,0,0,0,0,0,0,0,0,0,0,0,0,0,0,0,0,0,0,0,0,0,0,0,0,0,242,254,21,0,0,0,0,0,0,0,0,0,0,0,0,0,0,0,0,0,0,0,0,0,0,0,0,0,242,254,21,0,0,0,0,0,0,0,0,0,56,45,0,0,0,0,0,0,0,0,0,0,0,0,0,0,219,254,45,0,0,0,0,0,0,0,0,0,167,250,93,0,0,0,0,0,0,0,0,0,0,0,0,0,237,254,56,0,0,0,0,0,0,0,0,0,105,254,159,0,0,0,0,0,0,0,0,0,0,0,0,68,254,239,16,0,0,0,0,0,0,0,0,34,220,254,159,0,0,0,0,0,0,0,0,0,0,0,0,151,254,141,0,0,0,0,0,0,0,26,125,220,254,254,159,0,0,0,0,0,0,0,0,0,0,0,0,178,254,237,225,176,138,94,53,53,123,221,249,166,172,254,159,0,0,0,0,0,0,0,0,0,0,0,84,253,254,254,254,254,254,254,254,254,254,206,79,0,105,254,159,0,0,0,0,0,0,0,0,0,0,0,209,254,175,44,39,39,39,39,39,39,39,8,0,0,105,254,159,0,0,0,0,0,0,0,0,0,0,69,254,243,55,0,0,0,0,0,0,0,0,0,0,0,105,254,159,0,0,0,0,0,0,0,0,0,0,44,219,98,0,0,0,0,0,0,0,0,0,0,0,0,105,254,171,0,0,0,0,0,0,0,0,0,0,0,0,0,0,0,0,0,0,0,0,0,0,0,0,0,105,254,246,0,0,0,0,0,0,0,0,0,0,0,0,0,0,0,0,0,0,0,0,0,0,0,0,0,96,254,253,61,0,0,0,0,0,0,0,0,0,0,0,0,0,0,0,0,0,0,0,0,0,0,0,0,10,225,254,78,0,0,0,0,0,0,0,0,0,0,0,0,0,0,0,0,0,0,0,0,0,0,0,0,0,186,254,142,0,0,0,0,0,0,0,0,0,0,0,0,0,0,0,0,0,0,0,0,0,0,0,0,0,186,254,163,0,0,0,0,0,0,0,0,0,0,0,0,0,0,0,0,0,0,0,0,0,0,0,0,0,183,254,163,0,0,0,0,0,0,0,0,0,0,0,0,0,0,0,0,0,0,0,0,0,0,0,0,0,99,255,224,0,0,0,0,0,0,0,0,0,0,0,0,0,0,0,0,0,0,0,0,0,0,0,0,0,5,146,250,0,0,0,0,0,0,0,0,0,0,0,0,0,0,0,0,0,0,0,0,0,0,0,0,0,0,0,0,0,0,0,0,0,0,0,0,0,0,0,0,0,0,0,0,0,0,0,0,0,0,0,0,0,0,0,0,0,0,0,0,0,0,0,0,0,0,0,0,0,0,0,0,0,0,0,0,0,0,0,0,0,0,0,0,0,0,0,0,0,0
0,0,0,0,0,0,0,0,0,0,0,0,0,0,0,0,0,0,0,0,0,0,0,0,0,0,0,0,0,0,0,0,0,0,0,0,0,0,0,0,0,0,0,0,0,0,0,0,0,0,0,0,0,0,0,0,0,0,0,0,0,0,0,0,0,0,0,0,0,0,0,0,0,0,0,0,0,0,0,0,0,0,0,0,0,0,0,0,0,0,0,0,0,0,0,0,0,0,0,0,0,0,0,0,0,0,0,0,0,0,0,0,0,0,0,0,0,0,0,0,0,0,0,0,0,0,0,0,51,238,253,253,253,63,0,0,0,0,0,0,0,0,0,0,0,0,0,0,0,0,0,0,0,19,101,225,238,252,186,224,252,140,0,0,0,0,0,0,0,0,0,0,0,0,0,0,0,0,0,0,176,209,252,252,253,154,12,59,252,229,21,0,0,0,0,0,0,0,0,0,0,0,0,0,0,0,0,76,243,252,252,252,178,9,0,29,252,253,43,0,0,0,0,0,0,0,0,0,0,0,0,0,0,0,0,191,252,252,252,252,63,0,0,29,252,253,167,0,0,0,0,0,0,0,0,0,0,0,0,0,0,0,141,255,253,253,240,63,0,0,0,16,203,255,168,0,0,0,0,0,0,0,0,0,0,0,0,0,0,26,240,253,252,154,24,0,0,0,0,0,140,253,167,0,0,0,0,0,0,0,0,0,0,0,0,0,0,60,252,253,154,12,0,0,0,0,0,0,140,253,233,43,0,0,0,0,0,0,0,0,0,0,0,0,0,169,252,253,27,0,0,0,0,0,0,0,140,253,252,55,0,0,0,0,0,0,0,0,0,0,0,0,32,215,252,253,27,0,0,0,0,0,0,0,140,253,252,55,0,0,0,0,0,0,0,0,0,0,0,0,57,253,253,141,0,0,0,0,0,0,0,0,141,255,253,56,0,0,0,0,0,0,0,0,0,0,0,0,57,252,252,140,0,0,0,0,0,0,0,0,140,253,252,55,0,0,0,0,0,0,0,0,0,0,0,0,166,252,252,140,0,0,0,0,0,0,0,7,165,253,252,55,0,0,0,0,0,0,0,0,0,0,0,0,197,252,252,140,0,0,0,0,0,0,0,29,252,253,195,19,0,0,0,0,0,0,0,0,0,0,0,0,197,252,252,140,0,0,0,0,0,0,0,107,252,253,89,0,0,0,0,0,0,0,0,0,0,0,0,0,57,253,253,255,90,0,0,0,0,0,198,253,253,141,0,0,0,0,0,0,0,0,0,0,0,0,0,0,6,177,252,253,243,116,28,48,85,210,246,252,204,94,0,0,0,0,0,0,0,0,0,0,0,0,0,0,0,53,227,253,252,252,215,227,253,252,239,180,25,0,0,0,0,0,0,0,0,0,0,0,0,0,0,0,0,0,47,237,252,252,252,252,253,226,96,0,0,0,0,0,0,0,0,0,0,0,0,0,0,0,0,0,0,0,0,50,112,142,252,173,112,12,0,0,0,0,0,0,0,0,0,0,0,0,0,0,0,0,0,0,0,0,0,0,0,0,0,0,0,0,0,0,0,0,0,0,0,0,0,0,0,0,0,0,0,0,0,0,0,0,0,0,0,0,0,0,0,0,0,0,0,0,0,0,0,0,0,0,0,0,0,0,0,0,0,0,0,0,0,0,0,0,0,0,0,0,0,0,0,0,0,0,0,0,0,0,0,0,0,0,0,0,0,0,0,0,0,0,0,0,0,0,0,0,0,0,0,0,0,0,0,0,0,0,0
8,0,0,0,0,0,0,0,0,0,0,0,0,0,0,0,0,0,0,0,0,0,0,0,0,0,0,0,0,0,0,0,0,0,0,0,0,0,0,0,0,0,0,0,0,0,0,0,0,0,0,0,0,0,0,0,0,0,0,0,0,0,0,0,0,0,0,0,0,0,0,0,0,0,0,0,0,0,0,0,0,0,0,0,0,0,0,0,0,0,0,0,0,0,0,0,0,0,0,0,0,0,0,0,0,0,0,0,0,0,0,0,0,0,0,0,0,0,0,0,0,0,0,0,0,0,0,0,0,0,0,0,0,0,0,0,0,0,0,0,0,0,0,0,0,0,0,0,0,0,0,0,0,0,0,0,0,26,128,253,192,12,0,0,0,0,0,0,0,0,0,0,0,0,0,0,0,0,0,76,194,225,225,226,225,231,252,252,253,74,0,0,0,0,0,0,0,0,0,0,0,0,0,0,0,32,120,246,252,252,252,253,252,252,220,252,253,136,0,0,0,0,0,0,0,0,0,0,0,0,0,7,44,215,253,252,230,129,84,84,84,84,56,252,253,27,0,0,0,0,0,0,0,0,0,0,0,0,0,57,252,252,253,204,25,0,0,0,0,0,107,252,253,27,0,0,0,0,0,0,0,0,0,0,0,0,0,57,253,253,255,27,0,0,0,0,0,57,253,253,141,0,0,0,0,0,0,0,0,0,0,0,0,0,0,57,252,252,253,74,0,0,0,0,0,182,252,252,15,0,0,0,0,0,0,0,0,0,0,0,0,0,0,13,155,252,253,233,75,0,0,0,98,240,252,141,0,0,0,0,0,0,0,0,0,0,0,0,0,0,0,0,10,161,253,252,233,75,13,13,228,252,252,112,0,0,0,0,0,0,0,0,0,0,0,0,0,0,0,0,0,0,174,252,252,252,189,191,252,252,157,50,0,0,0,0,0,0,0,0,0,0,0,0,0,0,0,0,0,0,0,163,253,253,253,255,253,196,0,0,0,0,0,0,0,0,0,0,0,0,0,0,0,0,0,0,0,0,0,9,78,252,252,253,252,195,0,0,0,0,0,0,0,0,0,0,0,0,0,0,0,0,0,0,0,0,0,0,88,252,252,253,252,208,19,0,0,0,0,0,0,0,0,0,0,0,0,0,0,0,0,0,0,0,0,0,197,252,252,253,252,252,180,13,0,0,0,0,0,0,0,0,0,0,0,0,0,0,0,0,0,0,0,0,119,252,252,112,237,252,252,112,0,0,0,0,0,0,0,0,0,0,0,0,0,0,0,0,0,0,0,0,120,253,253,79,226,253,253,112,0,0,0,0,0,0,0,0,0,0,0,0,0,0,0,0,0,0,0,0,72,252,252,226,48,203,252,237,0,0,0,0,0,0,0,0,0,0,0,0,0,0,0,0,0,0,0,0,57,252,252,253,203,240,252,252,0,0,0,0,0,0,0,0,0,0,0,0,0,0,0,0,0,0,0,0,19,99,223,253,252,252,252,252,0,0,0,0,0,0,0,0,0,0,0,0,0,0,0,0,0,0,0,0,0,0,0,253,252,252,252,173,0,0,0,0,0,0,0,0,0,0,0,0,0,0,0,0,0,0,0,0,0,0,0,0,0,0,0,0,0,0,0,0,0,0,0,0,0,0,0,0,0,0,0,0,0,0,0,0,0,0,0,0,0,0,0,0,0,0,0,0,0,0,0,0,0,0,0,0,0,0,0,0,0,0,0,0,0,0,0,0,0,0,0,0,0,0,0,0,0,0,0,0,0
3,0,0,0,0,0,0,0,0,0,0,0,0,0,0,0,0,0,0,0,0,0,0,0,0,0,0,0,0,0,0,0,0,0,0,0,0,0,0,0,0,0,0,0,0,0,0,0,0,0,0,0,0,0,0,0,0,0,0,0,0,0,0,0,0,0,0,0,0,0,0,0,0,0,0,0,0,0,0,0,0,0,0,0,0,0,0,0,0,0,0,0,0,0,0,0,0,0,0,0,0,0,0,0,0,0,0,0,0,0,0,0,0,0,0,0,0,0,0,0,0,0,0,0,37,106,137,157,234,82,0,0,0,0,0,0,0,0,0,0,0,0,0,0,0,0,0,0,0,0,16,107,231,253,253,254,253,231,51,0,0,0,0,0,0,0,0,0,0,0,0,0,0,0,0,0,0,33,228,253,234,216,151,185,250,253,192,11,0,0,0,0,0,0,0,0,0,0,0,0,0,0,0,0,0,40,254,203,27,0,0,0,70,237,251,67,0,0,0,0,0,0,0,0,0,0,0,0,0,0,0,0,0,91,254,43,0,0,0,0,20,230,235,0,0,0,0,0,0,0,0,0,0,0,0,0,0,0,0,0,0,66,182,110,0,0,0,99,247,254,209,0,0,0,0,0,0,0,0,0,0,0,0,0,0,0,0,0,0,0,0,0,8,61,145,254,253,253,60,0,0,0,0,0,0,0,0,0,0,0,0,0,0,0,0,0,0,0,11,89,210,253,253,254,253,253,186,49,0,0,0,0,0,0,0,0,0,0,0,0,0,0,0,0,0,72,215,253,253,253,253,254,253,253,253,201,84,8,0,0,0,0,0,0,0,0,0,0,0,0,0,0,0,155,254,253,253,142,72,72,156,240,253,253,254,108,0,0,0,0,0,0,0,0,0,0,0,0,0,0,0,92,234,97,13,0,0,0,0,0,79,233,255,202,49,0,0,0,0,0,0,0,0,0,0,0,0,0,0,7,13,0,0,0,0,0,0,0,0,129,254,253,127,0,0,0,0,0,0,0,0,0,0,0,0,0,14,0,0,0,0,0,0,0,0,0,0,13,241,253,127,0,0,0,0,0,0,0,0,0,0,0,0,0,162,0,0,0,0,0,0,0,0,0,0,0,202,253,120,0,0,0,0,0,0,0,0,0,0,0,0,0,187,26,0,0,0,0,0,0,0,0,0,33,254,253,36,0,0,0,0,0,0,0,0,0,0,0,0,82,234,124,53,0,0,0,0,0,0,0,64,228,255,199,0,0,0,0,0,0,0,0,0,0,0,0,0,35,222,253,249,131,28,0,0,0,12,132,230,253,254,95,0,0,0,0,0,0,0,0,0,0,0,0,0,0,64,220,254,253,235,217,217,218,225,253,253,194,133,3,0,0,0,0,0,0,0,0,0,0,0,0,0,0,4,151,241,253,253,253,253,254,253,253,225,16,0,0,0,0,0,0,0,0,0,0,0,0,0,0,0,0,0,0,21,92,85,143,162,163,78,105,16,0,0,0,0,0,0,0,0,0,0,0,0,0,0,0,0,0,0,0,0,0,0,0,0,0,0,0,0,0,0,0,0,0,0,0,0,0,0,0,0,0,0,0,0,0,0,0,0,0,0,0,0,0,0,0,0,0,0,0,0,0,0,0,0,0,0,0,0,0,0,0,0,0,0,0,0,0,0,0,0,0,0,0,0,0,0,0,0,0,0,0,0,0,0,0,0,0,0,0,0,0,0,0,0,0,0,0,0,0,0,0,0,0,0,0,0,0,0,0,0,0,0
6,0,0,0,0,0,0,0,0,0,0,0,0,0,0,0,0,0,0,0,0,0,0,0,0,0,0,0,0,0,0,0,0,0,0,0,0,0,0,0,0,0,0,0,0,0,0,0,0,0,0,0,0,0,0,0,0,0,0,0,0,0,0,0,0,0,0,0,0,0,0,0,0,0,0,0,0,0,0,0,0,0,0,0,0,0,0,0,0,0,0,0,0,0,0,0,0,0,0,0,10,128,255,134,0,0,0,0,0,0,0,0,0,0,0,0,0,0,0,0,0,0,0,0,0,0,0,0,110,252,209,28,0,0,0,0,0,0,0,0,0,0,0,0,0,0,0,0,0,0,0,0,0,0,0,45,240,164,25,0,0,0,0,0,0,0,0,0,0,0,0,0,0,0,0,0,0,0,0,0,0,0,0,57,252,40,0,0,0,0,0,0,0,0,0,0,0,0,0,0,0,0,0,0,0,0,0,0,0,0,16,216,206,13,0,0,0,0,0,0,0,0,0,0,0,0,0,0,0,0,0,0,0,0,0,0,0,0,104,252,93,0,0,0,0,0,0,0,0,0,0,0,0,0,0,0,0,0,0,0,0,0,0,0,0,0,178,208,13,0,0,0,0,0,0,0,0,0,0,0,0,0,0,0,0,0,0,0,0,0,0,0,0,51,253,196,0,0,0,0,0,0,0,0,0,0,0,0,0,0,0,0,0,0,0,0,0,0,0,0,0,226,239,38,0,0,0,0,0,0,0,0,0,0,0,0,0,0,0,0,0,0,0,0,0,0,0,0,57,243,150,0,0,0,0,0,0,0,0,0,0,0,0,0,0,0,0,0,0,0,0,0,0,0,0,0,85,252,160,85,19,0,0,0,0,0,0,0,0,0,0,0,0,0,0,0,0,0,0,0,0,0,0,0,185,252,253,252,231,125,0,0,0,0,0,0,0,0,0,0,0,0,0,0,0,0,0,0,0,0,0,57,253,241,242,253,253,253,114,0,0,0,0,0,0,0,0,0,0,0,0,0,0,0,0,0,0,0,0,57,252,115,47,84,171,246,188,0,0,0,0,0,0,0,0,0,0,0,0,0,0,0,0,0,0,0,0,57,252,28,0,0,0,225,225,0,0,0,0,0,0,0,0,0,0,0,0,0,0,0,0,0,0,0,0,57,252,28,0,0,0,225,175,0,0,0,0,0,0,0,0,0,0,0,0,0,0,0,0,0,0,0,0,57,253,40,0,7,154,253,101,0,0,0,0,0,0,0,0,0,0,0,0,0,0,0,0,0,0,0,0,57,252,215,108,150,252,151,0,0,0,0,0,0,0,0,0,0,0,0,0,0,0,0,0,0,0,0,0,13,209,252,253,252,224,19,0,0,0,0,0,0,0,0,0,0,0,0,0,0,0,0,0,0,0,0,0,0,59,190,253,202,19,0,0,0,0,0,0,0,0,0,0,0,0,0,0,0,0,0,0,0,0,0,0,0,0,0,0,0,0,0,0,0,0,0,0,0,0,0,0,0,0,0,0,0,0,0,0,0,0,0,0,0,0,0,0,0,0,0,0,0,0,0,0,0,0,0,0,0,0,0,0,0,0,0,0,0,0,0,0,0,0,0,0,0,0,0,0,0,0,0,0,0,0,0,0,0,0,0,0,0,0,0,0,0,0,0,0,0,0,0,0,0,0,0,0,0,0,0,0,0,0,0,0,0,0,0,0,0,0,0,0,0,0,0,0,0,0,0,0,0,0,0,0,0,0,0,0,0,0,0,0,0,0
9,0,0,0,0,0,0,0,0,0,0,0,0,0,0,0,0,0,0,0,0,0,0,0,0,0,0,0,0,0,0,0,0,0,0,0,0,0,0,0,0,0,0,0,0,0,0,0,0,0,0,0,0,0,0,0,0,0,0,0,0,0,0,0,0,0,0,0,0,0,0,0,0,0,0,0,0,0,0,0,0,0,0,0,0,0,0,0,0,0,0,0,0,0,0,0,0,0,0,0,0,0,0,0,0,0,0,0,0,0,0,0,0,0,0,0,0,0,0,0,0,0,0,0,0,0,0,0,0,0,0,0,0,0,0,0,0,0,0,0,0,0,0,0,0,0,0,0,0,0,0,0,0,0,0,0,0,0,0,0,0,0,0,0,0,0,0,0,0,0,0,0,0,0,0,0,0,0,0,0,0,0,0,0,0,0,0,0,0,0,0,0,0,0,0,0,0,0,0,0,0,0,0,0,0,0,0,0,0,0,0,0,0,0,0,0,0,0,0,0,0,0,0,0,0,0,0,0,0,0,0,0,0,0,0,41,111,231,254,254,254,254,188,155,124,5,0,0,0,0,0,0,0,0,0,0,0,0,0,0,0,3,151,242,253,246,184,143,167,243,250,253,253,185,3,0,0,0,0,0,0,0,0,0,0,0,0,0,13,191,253,232,133,21,0,0,0,0,169,253,253,253,64,0,0,0,0,0,0,0,0,0,0,0,0,6,156,253,184,50,0,0,4,62,143,219,242,253,253,251,59,0,0,0,0,0,0,0,0,0,0,0,0,21,230,253,131,75,75,151,190,253,253,253,253,253,253,121,0,0,0,0,0,0,0,0,0,0,0,0,0,0,219,253,253,253,253,253,253,253,223,133,88,253,244,17,0,0,0,0,0,0,0,0,0,0,0,0,0,0,108,227,253,253,253,188,110,68,0,0,104,253,140,0,0,0,0,0,0,0,0,0,0,0,0,0,0,0,0,10,14,14,14,4,0,0,0,3,183,250,63,0,0,0,0,0,0,0,0,0,0,0,0,0,0,0,0,0,0,0,0,0,0,0,0,92,253,228,0,0,0,0,0,0,0,0,0,0,0,0,0,0,0,0,0,0,0,0,0,0,0,0,0,115,253,209,0,0,0,0,0,0,0,0,0,0,0,0,0,0,0,0,0,0,0,0,0,0,0,0,2,196,252,88,0,0,0,0,0,0,0,0,0,0,0,0,0,0,0,0,0,0,0,0,0,0,0,0,123,253,183,0,0,0,0,0,0,0,0,0,0,0,0,0,0,0,0,0,0,0,0,0,0,0,0,0,159,253,178,0,0,0,0,0,0,0,0,0,0,0,0,0,0,0,0,0,0,0,0,0,0,0,0,31,222,243,28,0,0,0,0,0,0,0,0,0,0,0,0,0,0,0,0,0,0,0,0,0,0,0,5,198,254,150,0,0,0,0,0,0,0,0,0,0,0,0,0,0,0,0,0,0,0,0,0,0,0,0,50,253,253,138,0,0,0,0,0,0,0,0,0,0,0,0,0,0,0,0,0,0,0,0,0,0,0,0,156,253,245,42,0,0,0,0,0,0,0,0,0,0,0,0,0,0,0,0,0,0,0,0,0,0,0,0,249,253,158,0,0,0,0,0,0,0,0,0,0,0,0,0,0,0,0,0,0,0,0,0,0,0,0,38,251,253,94,0,0,0,0,0,0,0,0,0,0,0,0,0,0,0,0,0,0,0,0,0,0,0,0,0,249,210,20,0,0,0,0,0,0,0,0,0,0,0,0
6,0,0,0,0,0,0,0,0,0,0,0,0,0,0,0,0,0,0,0,0,0,0,0,0,0,0,0,0,0,0,0,0,0,0,0,0,0,0,0,0,0,0,0,0,0,0,0,0,0,0,0,0,0,0,0,0,0,0,0,0,0,0,0,0,0,0,0,0,0,0,0,0,0,0,0,0,0,0,0,0,0,0,0,0,0,0,0,0,0,0,0,0,0,0,0,0,0,0,0,0,0,0,0,0,0,0,0,0,0,0,0,0,0,0,0,0,0,0,0,0,0,0,0,0,0,0,0,0,13,154,253,253,253,13,0,0,0,0,0,0,0,0,0,0,0,0,0,0,0,0,0,0,0,0,0,82,206,253,252,252,252,113,0,0,0,0,0,0,0,0,0,0,0,0,0,0,0,0,0,0,0,10,160,240,252,253,196,234,252,76,0,0,0,0,0,0,0,0,0,0,0,0,0,0,0,0,0,0,0,179,252,252,252,178,9,197,252,0,0,0,0,0,0,0,0,0,0,0,0,0,0,0,0,0,0,10,179,255,253,244,175,0,0,135,228,0,0,0,0,0,0,0,0,0,0,0,0,0,0,0,0,0,13,172,252,253,240,81,0,0,0,28,9,0,0,0,0,0,0,0,0,0,0,0,0,0,0,0,0,0,144,252,252,253,109,0,0,0,0,0,0,0,0,0,0,0,0,0,0,0,0,0,0,0,0,0,0,13,206,252,252,128,9,0,0,0,0,0,0,0,0,0,0,0,0,0,0,0,0,0,0,0,0,0,0,104,253,253,178,0,0,0,0,0,0,0,0,0,0,0,0,0,0,0,0,0,0,0,0,0,0,0,0,253,252,233,22,0,0,0,0,0,0,0,0,0,0,0,0,0,0,0,0,0,0,0,0,0,0,0,38,253,252,168,0,0,0,0,0,0,0,0,0,0,0,0,0,0,0,0,0,0,0,0,0,0,0,0,113,253,252,243,225,226,150,76,0,0,0,0,0,0,0,0,0,0,0,0,0,0,0,0,0,0,0,0,114,254,253,94,163,242,253,253,203,13,0,0,0,0,0,0,0,0,0,0,0,0,0,0,0,0,0,0,113,253,252,56,0,47,196,252,252,188,0,0,0,0,0,0,0,0,0,0,0,0,0,0,0,0,0,0,113,253,252,94,0,0,38,209,252,235,28,0,0,0,0,0,0,0,0,0,0,0,0,0,0,0,0,0,113,253,252,168,0,0,0,197,252,253,84,0,0,0,0,0,0,0,0,0,0,0,0,0,0,0,0,0,0,254,253,216,28,0,45,229,253,251,75,0,0,0,0,0,0,0,0,0,0,0,0,0,0,0,0,0,0,228,252,252,215,169,225,252,252,200,0,0,0,0,0,0,0,0,0,0,0,0,0,0,0,0,0,0,0,44,224,252,252,253,252,252,214,25,0,0,0,0,0,0,0,0,0,0,0,0,0,0,0,0,0,0,0,0,44,177,252,253,177,103,15,0,0,0,0,0,0,0,0,0,0,0,0,0,0,0,0,0,0,0,0,0,0,0,0,0,0,0,0,0,0,0,0,0,0,0,0,0,0,0,0,0,0,0,0,0,0,0,0,0,0,0,0,0,0,0,0,0,0,0,0,0,0,0,0,0,0,0,0,0,0,0,0,0,0,0,0,0,0,0,0,0,0,0,0,0,0,0,0,0,0,0,0,0,0,0,0,0,0,0,0,0,0,0,0,0,0,0,0,0,0,0,0,0,0,0,0,0,0,0,0,0,0,0
0,0,0,0,0,0,0,0,0,0,0,0,0,0,0,0,0,0,0,0,0,0,0,0,0,0,0,0,0,0,0,0,0,0,0,0,0,0,0,0,0,0,0,0,0,0,0,0,0,0,0,0,0,0,0,0,0,0,0,0,0,0,0,0,0,0,0,0,0,0,0,0,0,0,0,0,0,0,0,0,0,0,0,0,0,0,0,0,0,0,0,0,0,0,0,0,0,0,0,0,0,0,0,0,0,0,0,0,0,0,0,0,0,0,0,0,0,0,0,0,0,0,0,0,0,0,0,0,0,0,0,0,0,0,0,0,0,0,0,0,0,0,0,0,0,0,0,0,0,12,91,229,254,212,91,3,68,254,255,139,0,0,0,0,0,0,0,0,0,0,0,0,0,0,0,0,0,33,253,253,253,253,253,125,162,253,253,220,151,0,0,0,0,0,0,0,0,0,0,0,0,0,0,0,0,103,253,253,253,253,253,171,5,188,253,253,229,52,0,0,0,0,0,0,0,0,0,0,0,0,0,0,0,197,253,253,253,244,220,43,0,86,245,253,253,122,0,0,0,0,0,0,0,0,0,0,0,0,0,0,53,224,253,253,253,108,0,0,0,0,110,253,253,122,0,0,0,0,0,0,0,0,0,0,0,0,0,0,107,253,253,243,114,4,0,0,0,0,25,253,253,147,7,0,0,0,0,0,0,0,0,0,0,0,0,0,107,253,253,203,0,0,0,0,0,0,12,177,253,253,32,0,0,0,0,0,0,0,0,0,0,0,0,0,107,253,253,203,0,0,0,0,0,0,0,116,253,253,32,0,0,0,0,0,0,0,0,0,0,0,0,0,107,253,253,204,0,0,0,0,0,0,0,116,253,253,132,0,0,0,0,0,0,0,0,0,0,0,0,0,107,253,253,203,0,0,0,0,0,0,9,160,253,253,195,0,0,0,0,0,0,0,0,0,0,0,0,0,35,215,253,204,0,0,0,0,0,0,25,253,253,253,84,0,0,0,0,0,0,0,0,0,0,0,0,0,0,197,253,203,0,0,0,0,0,0,89,253,253,253,32,0,0,0,0,0,0,0,0,0,0,0,0,0,0,181,253,240,85,0,0,0,0,0,189,253,253,253,32,0,0,0,0,0,0,0,0,0,0,0,0,0,0,33,253,253,177,11,0,0,0,45,218,253,253,193,18,0,0,0,0,0,0,0,0,0,0,0,0,0,0,33,253,253,253,156,0,0,0,99,253,253,253,122,0,0,0,0,0,0,0,0,0,0,0,0,0,0,0,16,185,253,253,221,51,0,0,99,253,253,253,122,0,0,0,0,0,0,0,0,0,0,0,0,0,0,0,0,16,181,253,253,234,168,169,234,253,253,253,122,0,0,0,0,0,0,0,0,0,0,0,0,0,0,0,0,0,50,253,253,253,253,253,253,253,253,253,122,0,0,0,0,0,0,0,0,0,0,0,0,0,0,0,0,0,3,106,198,253,253,253,253,253,253,166,8,0,0,0,0,0,0,0,0,0,0,0,0,0,0,0,0,0,0,0,24,89,249,253,253,237,89,17,0,0,0,0,0,0,0,0,0,0,0,0,0,0,0,0,0,0,0,0,0,0,0,0,0,0,0,0,0,0,0,0,0,0,0,0,0,0,0,0,0,0,0,0,0,0,0,0,0,0,0,0,0,0,0,0,0,0,0,0,0,0,0,0,0,0,0,0,0,0,0,0,0,0,0,0,0,0,0,0,0,0,0,0,0,0,0,0,0,0,0,0
2,0,0,0,0,0,0,0,0,0,0,0,0,0,0,0,0,0,0,0,0,0,0,0,0,0,0,0,0,0,0,0,0,0,0,0,0,0,0,0,0,0,0,0,0,0,0,0,0,0,0,0,0,0,0,0,0,0,0,0,0,0,0,0,0,0,0,0,0,0,0,0,0,0,0,0,0,0,0,0,0,0,0,0,0,0,0,0,0,0,0,0,0,0,0,0,0,0,0,0,0,0,0,0,0,0,0,0,0,0,0,0,0,0,0,0,0,0,0,0,0,0,0,0,41,214,253,254,172,0,0,0,0,0,0,0,0,0,0,0,0,0,0,0,0,0,0,0,0,0,0,0,162,253,171,71,232,163,0,0,0,0,0,0,0,0,0,0,0,0,0,0,0,0,0,0,0,0,0,173,253,123,0,0,41,254,112,0,0,0,0,0,0,0,0,0,0,0,0,0,0,0,0,0,0,0,163,253,171,0,0,0,0,172,192,0,0,0,0,0,0,0,0,0,0,0,0,0,0,0,0,0,0,113,253,142,0,0,0,0,0,92,253,21,0,0,0,0,0,0,0,0,0,0,0,0,0,0,0,0,0,30,50,20,0,0,0,0,0,51,252,102,0,0,0,0,0,0,0,0,0,0,0,0,0,0,0,0,0,0,0,0,0,0,0,0,0,21,223,203,0,0,0,0,0,0,0,0,0,0,0,0,0,0,0,0,0,0,0,0,0,0,0,0,0,0,203,203,0,0,0,0,0,0,0,0,0,0,0,0,0,0,0,0,0,0,0,0,0,0,0,0,0,0,203,203,0,0,0,0,0,0,0,0,0,0,0,0,0,0,0,0,0,0,0,0,0,0,0,0,0,0,203,203,0,0,0,0,0,0,0,0,0,0,0,0,0,0,0,0,0,0,0,0,0,0,0,0,0,51,253,203,0,0,0,0,0,0,0,0,0,0,0,0,0,0,0,0,0,0,0,0,0,0,0,0,0,51,252,122,0,0,0,0,0,0,0,0,0,0,0,0,0,0,0,0,0,0,0,0,0,0,0,0,0,152,253,0,0,0,0,0,0,0,0,0,0,0,0,0,0,0,0,0,0,0,0,21,142,203,203,203,122,193,171,0,0,0,0,0,0,0,0,0,0,0,0,0,0,0,0,0,0,0,82,214,233,102,102,173,253,254,172,0,0,0,0,0,0,0,0,0,0,0,0,0,0,0,0,0,0,21,223,192,50,0,0,92,252,253,252,123,0,0,0,0,0,0,0,0,0,0,0,0,0,0,0,0,0,153,253,103,0,0,82,255,91,21,203,255,112,0,0,0,0,0,0,0,0,0,0,0,0,0,0,0,0,193,252,102,0,82,243,91,10,0,20,151,91,0,0,0,0,0,0,0,0,0,0,0,0,0,0,0,0,153,253,132,92,224,61,0,0,0,0,0,0,0,0,0,0,0,0,0,0,0,0,0,0,0,0,0,0,51,232,253,212,81,0,0,0,0,0,0,0,0,0,0,0,0,0,0,0,0,0,0,0,0,0,0,0,0,0,0,0,0,0,0,0,0,0,0,0,0,0,0,0,0,0,0,0,0,0,0,0,0,0,0,0,0,0,0,0,0,0,0,0,0,0,0,0,0,0,0,0,0,0,0,0,0,0,0,0,0,0,0,0,0,0,0,0,0,0,0,0,0,0,0,0,0,0,0,0,0,0,0,0,0,0,0,0,0,0,0,0,0,0,0,0,0,0,0,0,0,0,0,0,0,0,0,0,0,0,0,0
7,0,0,0,0,0,0,0,0,0,0,0,0,0,0,0,0,0,0,0,0,0,0,0,0,0,0,0,0,0,0,0,0,0,0,0,0,0,0,0,0,0,0,0,0,0,0,0,0,0,0,0,0,0,0,0,0,0,0,0,0,0,0,0,0,0,0,0,0,0,0,0,0,0,0,0,0,0,0,0,0,0,0,0,0,0,0,0,0,0,0,0,0,0,0,0,0,0,0,0,0,0,0,0,0,0,0,0,0,0,0,0,0,0,0,0,0,0,0,0,0,0,0,0,0,0,0,0,0,0,0,0,0,0,0,0,0,0,0,0,0,0,0,0,0,0,0,0,0,0,0,0,0,0,0,0,0,0,0,0,0,0,0,0,0,0,0,0,0,0,0,0,0,0,0,0,0,0,0,0,0,0,0,0,0,0,0,0,0,0,0,0,0,0,0,0,0,0,0,0,0,0,0,29,226,117,68,137,137,137,110,18,18,2,1,18,96,102,0,0,0,0,0,0,0,0,0,0,0,0,0,47,245,254,254,254,254,254,254,254,254,163,159,254,254,189,0,0,0,0,0,0,0,0,0,0,0,0,0,0,165,254,232,88,83,83,111,201,221,254,254,255,244,149,0,0,0,0,0,0,0,0,0,0,0,0,0,0,52,241,147,0,0,0,0,0,128,254,251,114,53,0,0,0,0,0,0,0,0,0,0,0,0,0,0,0,0,208,185,4,0,0,0,0,214,254,49,0,0,0,0,0,0,0,0,0,0,0,0,0,0,0,0,0,0,208,254,11,0,0,0,119,250,154,1,0,0,0,0,0,0,0,0,0,0,0,0,0,0,0,0,0,0,150,254,128,0,0,2,197,254,84,0,0,0,0,0,0,0,0,0,0,0,0,0,0,0,0,0,0,0,82,252,237,0,0,60,254,201,10,0,0,0,0,0,0,0,0,0,0,0,0,0,0,0,0,0,0,0,0,84,48,0,0,60,254,159,0,0,0,0,0,0,0,0,0,0,0,0,0,0,0,0,0,0,0,0,0,0,0,0,0,60,254,159,0,0,0,0,0,0,0,0,0,0,0,0,0,0,0,0,0,0,0,0,0,0,0,0,0,60,254,104,0,0,0,0,0,0,0,0,0,0,0,0,0,0,0,0,0,0,0,0,0,0,6,214,214,223,254,239,106,91,0,0,0,0,0,0,0,0,0,0,0,0,0,0,0,0,0,0,0,0,4,141,141,221,254,254,254,253,232,210,85,0,0,0,0,0,0,0,0,0,0,0,0,0,0,0,0,0,0,0,0,62,254,155,58,129,243,250,189,0,0,0,0,0,0,0,0,0,0,0,0,0,0,0,0,0,0,0,0,60,254,111,0,0,0,92,167,0,0,0,0,0,0,0,0,0,0,0,0,0,0,0,0,0,0,0,0,21,216,222,38,0,0,0,0,0,0,0,0,0,0,0,0,0,0,0,0,0,0,0,0,0,0,0,0,0,111,254,141,0,0,0,0,0,0,0,0,0,0,0,0,0,0,0,0,0,0,0,0,0,0,0,0,0,16,222,231,43,0,0,0,0,0,0,0,0,0,0,0,0,0,0,0,0,0,0,0,0,0,0,0,0,0,167,254,171,0,0,0,0,0,0,0,0,0,0,0,0,0,0,0,0,0,0,0,0,0,0,0,0,0,51,244,243,0,0,0,0,0,0,0,0,0,0,0,0,0,0,0,0,0,0,0,0,0,0,0,0,0,0,0,0,0,0,0,0,0,0,0,0,0,0
4,0,0,0,0,0,0,0,0,0,0,0,0,0,0,0,0,0,0,0,0,0,0,0,0,0,0,0,0,0,0,0,0,0,0,0,0,0,0,0,0,0,0,0,0,0,0,0,0,0,0,0,0,0,0,0,0,0,0,0,0,0,0,0,0,0,0,0,0,0,0,0,0,0,0,0,0,0,0,0,0,0,0,0,0,0,0,0,0,0,0,0,0,0,0,0,0,0,0,0,0,0,0,0,0,0,0,0,0,0,0,0,0,0,0,0,0,0,0,0,0,0,0,0,0,0,0,0,0,0,0,0,0,0,0,0,0,0,0,0,0,0,0,0,0,0,0,0,0,0,0,0,0,0,0,0,0,0,0,0,0,0,0,0,0,0,0,0,0,0,0,0,0,0,0,0,0,0,0,20,130,106,0,2,134,255,213,21,0,0,0,0,0,0,0,0,0,0,0,0,0,0,0,0,0,0,0,18,207,228,36,29,220,253,172,0,0,0,0,0,0,0,0,0,0,0,0,0,0,0,0,0,0,0,0,22,216,194,0,0,192,253,103,0,0,0,0,0,0,0,0,0,0,0,0,0,0,0,0,0,0,0,0,111,253,80,0,37,228,253,49,0,0,0,0,0,0,0,0,0,0,0,0,0,0,0,0,0,0,0,0,161,248,70,0,63,253,253,49,0,0,0,0,0,0,0,0,0,0,0,0,0,0,0,0,0,0,0,20,220,210,0,0,63,253,253,49,0,0,0,0,0,0,0,0,0,0,0,0,0,0,0,0,0,0,0,53,253,210,0,0,63,253,204,17,0,0,0,0,0,0,0,0,0,0,0,0,0,0,0,0,0,0,5,174,253,125,0,0,63,253,179,0,0,0,25,0,0,0,0,0,0,0,0,0,0,0,0,0,0,0,25,253,227,25,0,0,150,253,232,180,180,180,216,45,0,0,0,0,0,0,0,0,0,0,0,0,0,0,56,253,243,186,126,186,235,253,253,253,253,253,253,57,0,0,0,0,0,0,0,0,0,0,0,0,0,0,55,253,253,253,253,253,253,253,233,218,185,185,136,6,0,0,0,0,0,0,0,0,0,0,0,0,0,0,18,188,253,253,202,232,253,233,66,27,0,0,0,0,0,0,0,0,0,0,0,0,0,0,0,0,0,0,0,6,49,110,16,180,253,145,0,0,0,0,0,0,0,0,0,0,0,0,0,0,0,0,0,0,0,0,0,0,0,0,0,180,253,61,0,0,0,0,0,0,0,0,0,0,0,0,0,0,0,0,0,0,0,0,0,0,0,0,0,180,230,39,0,0,0,0,0,0,0,0,0,0,0,0,0,0,0,0,0,0,0,0,0,0,0,0,44,245,191,0,0,0,0,0,0,0,0,0,0,0,0,0,0,0,0,0,0,0,0,0,0,0,0,0,162,253,139,0,0,0,0,0,0,0,0,0,0,0,0,0,0,0,0,0,0,0,0,0,0,0,0,0,174,229,38,0,0,0,0,0,0,0,0,0,0,0,0,0,0,0,0,0,0,0,0,0,0,0,0,0,174,197,0,0,0,0,0,0,0,0,0,0,0,0,0,0,0,0,0,0,0,0,0,0,0,0,0,0,28,161,0,0,0,0,0,0,0,0,0,0,0,0,0,0,0,0,0,0,0,0,0,0,0,0,0,0,0,0,0,0,0,0,0,0,0,0,0,0,0,0,0,0,0,0,0,0,0,0,0,0,0,0,0,0,0,0,0,0,0,0,0,0,0,0,0,0,0,0,0,0
4,0,0,0,0,0,0,0,0,0,0,0,0,0,0,0,0,0,0,0,0,0,0,0,0,0,0,0,0,0,0,0,0,0,0,0,0,0,0,0,0,0,0,0,0,0,0,0,0,0,0,0,0,0,0,0,0,0,0,0,0,0,0,0,0,0,0,0,0,0,0,0,0,0,0,0,0,0,0,0,0,0,0,0,0,0,0,0,0,0,0,0,0,0,0,0,0,0,0,0,0,0,0,0,0,0,0,0,0,0,0,0,0,0,0,0,0,0,0,0,0,0,0,0,0,0,0,0,0,0,0,0,0,0,0,0,0,0,0,0,0,0,0,0,0,0,0,0,0,0,0,0,0,0,0,0,0,0,0,0,0,163,70,0,0,0,0,0,0,0,0,0,0,0,0,0,0,4,152,210,30,0,0,0,0,0,0,4,152,254,128,0,0,0,0,0,0,0,0,0,0,0,0,0,0,97,253,254,108,0,0,0,0,0,0,174,253,254,121,0,0,0,0,0,0,0,0,0,0,0,0,0,36,222,253,248,36,0,0,0,0,0,23,222,253,248,36,0,0,0,0,0,0,0,0,0,0,0,0,0,192,253,253,181,0,0,0,0,0,0,128,253,253,148,0,0,0,0,0,0,0,0,0,0,0,0,0,114,254,254,228,33,0,0,0,0,0,0,218,254,254,92,0,0,0,0,0,0,0,0,0,0,0,0,42,207,253,249,95,0,0,0,0,0,0,0,217,253,253,91,0,0,0,0,0,0,0,0,0,0,0,0,119,253,253,156,0,0,0,0,0,0,0,0,217,253,253,46,0,0,0,0,0,0,0,0,0,0,0,0,163,253,253,106,0,0,0,0,0,0,0,43,245,253,246,0,0,0,2,12,0,0,0,0,0,0,0,0,163,253,253,54,0,0,0,0,0,0,0,55,253,253,162,27,91,136,186,98,0,0,0,0,0,0,0,0,163,254,254,143,73,73,73,73,73,73,73,209,254,254,254,255,254,217,135,0,0,0,0,0,0,0,0,0,163,253,253,253,253,254,253,253,253,253,254,253,253,253,253,218,146,54,0,0,0,0,0,0,0,0,0,0,108,250,253,253,253,254,253,253,253,253,254,253,253,244,94,13,0,0,0,0,0,0,0,0,0,0,0,0,0,70,157,235,241,209,176,144,137,119,215,253,253,125,0,0,0,0,0,0,0,0,0,0,0,0,0,0,0,0,0,0,26,0,0,0,0,0,195,253,253,54,0,0,0,0,0,0,0,0,0,0,0,0,0,0,0,0,0,0,0,0,0,0,0,27,255,254,159,0,0,0,0,0,0,0,0,0,0,0,0,0,0,0,0,0,0,0,0,0,0,0,0,142,254,253,75,0,0,0,0,0,0,0,0,0,0,0,0,0,0,0,0,0,0,0,0,0,0,0,16,243,254,225,18,0,0,0,0,0,0,0,0,0,0,0,0,0,0,0,0,0,0,0,0,0,0,0,19,253,254,89,0,0,0,0,0,0,0,0,0,0,0,0,0,0,0,0,0,0,0,0,0,0,0,0,6,105,254,18,0,0,0,0,0,0,0,0,0,0,0,0,0,0,0,0,0,0,0,0,0,0,0,0,0,0,0,0,0,0,0,0,0,0,0,0,0,0,0,0,0,0,0,0,0,0,0,0,0,0,0,0,0,0,0,0,0,0,0,0,0,0,0,0,0,0,0,0,0,0,0,0,0,0,0,0,0,0,0,0,0,0,0,0,0,0,0,0,0,0,0,0,0,0,0
4,0,0,0,0,0,0,0,0,0,0,0,0,0,0,0,0,0,0,0,0,0,0,0,0,0,0,0,0,0,0,0,0,0,0,0,0,0,0,0,0,0,0,0,0,0,0,0,0,0,0,0,0,0,0,0,0,0,0,0,0,0,0,0,0,0,0,0,0,0,0,0,0,0,0,0,0,0,0,0,0,0,0,0,0,0,0,0,0,0,0,0,0,0,0,0,0,0,0,0,0,0,0,0,0,0,0,0,0,0,0,0,0,0,0,0,0,0,0,0,0,0,0,0,0,0,0,0,0,0,0,0,0,0,0,0,0,0,0,0,0,0,0,0,0,0,0,0,0,0,0,0,0,0,0,0,37,239,175,0,0,0,0,0,0,0,0,0,0,0,0,0,0,0,0,0,0,0,0,0,0,0,0,8,149,236,94,0,0,43,26,0,0,0,0,0,0,0,0,0,0,0,0,0,0,0,0,0,0,0,0,165,254,135,0,0,31,254,135,0,0,0,0,0,0,0,0,0,0,0,0,0,0,0,0,0,0,0,105,248,244,78,0,37,241,254,121,0,0,0,0,0,0,0,0,0,0,0,0,0,0,0,0,0,0,31,241,253,83,0,0,152,253,254,39,0,0,0,0,0,0,0,0,0,0,0,0,0,0,0,0,0,0,79,254,133,0,0,71,246,254,150,0,0,0,0,0,0,0,0,0,0,0,0,0,0,0,0,0,0,62,226,234,31,0,100,241,250,158,0,0,0,0,0,0,0,0,0,0,0,0,0,0,0,0,0,0,19,196,253,153,0,19,196,253,213,0,0,0,0,0,0,0,0,0,0,0,0,0,0,0,0,0,0,0,112,253,253,19,0,112,253,210,99,0,0,0,0,0,0,0,0,0,0,0,0,0,0,0,0,0,0,76,231,253,154,5,76,231,253,205,98,98,0,0,0,0,0,0,0,0,0,0,0,0,0,0,0,0,32,171,255,246,156,246,254,255,254,254,254,254,99,0,0,0,0,0,0,0,0,0,0,0,0,0,0,0,144,253,254,253,253,253,253,254,253,253,242,233,15,0,0,0,0,0,0,0,0,0,0,0,0,0,0,0,204,253,254,253,253,253,253,205,167,78,36,0,0,0,0,0,0,0,0,0,0,0,0,0,0,0,0,0,116,244,254,253,253,253,237,45,0,0,0,0,0,0,0,0,0,0,0,0,0,0,0,0,0,0,0,0,0,45,104,253,253,237,58,0,0,0,0,0,0,0,0,0,0,0,0,0,0,0,0,0,0,0,0,0,0,23,141,254,254,57,0,0,0,0,0,0,0,0,0,0,0,0,0,0,0,0,0,0,0,0,0,0,0,106,254,251,203,10,0,0,0,0,0,0,0,0,0,0,0,0,0,0,0,0,0,0,0,0,0,0,43,213,254,203,0,0,0,0,0,0,0,0,0,0,0,0,0,0,0,0,0,0,0,0,0,0,0,0,136,253,222,25,0,0,0,0,0,0,0,0,0,0,0,0,0,0,0,0,0,0,0,0,0,0,0,0,136,253,157,0,0,0,0,0,0,0,0,0,0,0,0,0,0,0,0,0,0,0,0,0,0,0,0,0,0,0,0,0,0,0,0,0,0,0,0,0,0,0,0,0,0,0,0,0,0,0,0,0,0,0,0,0,0,0,0,0,0,0,0,0,0,0,0,0,0,0,0,0,0,0,0,0,0,0,0,0,0,0,0,0,0,0,0,0,0,0,0,0,0,0,0,0,0,0,0,0,0,0,0,0
4,0,0,0,0,0,0,0,0,0,0,0,0,0,0,0,0,0,0,0,0,0,0,0,0,0,0,0,0,0,0,0,0,0,0,0,0,0,0,0,0,0,0,0,0,0,0,0,0,0,0,0,0,0,0,0,0,0,0,0,0,0,0,0,0,0,0,0,0,0,0,0,0,0,0,0,0,0,0,0,0,0,0,0,0,0,0,0,0,0,0,0,0,0,0,0,0,0,0,0,0,0,0,0,0,0,0,0,0,0,0,0,0,0,0,0,0,0,0,0,0,0,0,0,22,170,0,0,0,0,0,0,0,0,0,0,0,0,0,0,0,0,0,0,0,0,0,0,0,0,0,4,211,219,11,0,0,0,0,0,0,0,0,0,0,0,0,0,0,0,0,0,0,0,0,0,0,0,0,6,254,246,61,0,0,0,0,0,0,0,0,0,0,0,0,0,0,0,0,0,0,0,0,0,0,0,0,6,254,213,0,0,0,0,0,0,0,0,0,0,0,0,0,0,0,0,0,0,0,0,0,0,0,0,0,6,254,213,0,0,0,0,0,0,0,0,0,0,0,0,0,0,0,0,0,0,0,0,0,0,0,0,0,112,254,163,0,0,0,0,6,108,38,0,0,0,0,0,0,0,0,0,0,0,0,0,0,0,0,0,53,244,254,92,0,0,0,0,15,254,89,0,0,0,0,0,0,0,0,0,0,0,0,0,0,0,0,0,119,254,153,0,0,0,0,0,197,254,154,0,0,0,0,0,0,0,0,0,0,0,0,0,0,0,0,57,244,249,0,0,0,0,0,0,250,254,207,0,0,0,0,0,0,0,0,0,0,0,0,0,0,0,0,172,254,137,0,0,0,0,0,80,253,255,124,0,0,0,0,0,0,0,0,0,0,0,0,0,0,0,22,222,172,3,0,0,0,0,0,114,254,254,89,0,0,0,0,0,0,0,0,0,0,0,0,0,0,0,171,254,237,99,0,0,0,0,0,114,254,254,89,0,0,0,0,0,0,0,0,0,0,0,0,0,0,0,190,254,254,254,232,212,114,149,232,242,254,254,89,0,0,0,0,0,0,0,0,0,0,0,0,0,0,0,37,165,243,243,254,254,254,254,250,243,254,254,89,0,0,0,0,0,0,0,0,0,0,0,0,0,0,0,0,0,0,3,107,107,107,107,67,0,250,255,103,0,0,0,0,0,0,0,0,0,0,0,0,0,0,0,0,0,0,0,0,0,0,0,0,0,172,254,207,0,0,0,0,0,0,0,0,0,0,0,0,0,0,0,0,0,0,0,0,0,0,0,0,0,131,254,219,19,0,0,0,0,0,0,0,0,0,0,0,0,0,0,0,0,0,0,0,0,0,0,0,0,131,254,239,48,0,0,0,0,0,0,0,0,0,0,0,0,0,0,0,0,0,0,0,0,0,0,0,0,131,254,207,0,0,0,0,0,0,0,0,0,0,0,0,0,0,0,0,0,0,0,0,0,0,0,0,0,76,185,55,0,0,0,0,0,0,0,0,0,0,0,0,0,0,0,0,0,0,0,0,0,0,0,0,0,0,0,0,0,0,0,0,0,0,0,0,0,0,0,0,0,0,0,0,0,0,0,0,0,0,0,0,0,0,0,0,0,0,0,0,0,0,0,0,0,0,0,0,0,0,0,0,0,0,0,0,0,0,0,0,0,0,0,0,0,0,0,0,0,0,0,0,0,0,0,0,0,0,0,0,0,0,0,0,0,0,0,0,0,0,0,0,0,0,0,0,0,0,0,0
6,0,0,0,0,0,0,0,0,0,0,0,0,0,0,0,0,0,0,0,0,0,0,0,0,0,0,0,0,0,0,0,0,0,0,0,0,0,0,0,0,0,0,0,0,0,0,0,0,0,0,0,0,0,0,0,0,0,0,0,0,0,0,0,0,0,0,0,0,0,0,0,0,0,0,0,0,0,0,0,0,0,0,0,0,0,0,0,0,0,0,0,0,0,0,0,0,0,0,0,0,64,255,64,0,0,0,0,0,0,0,0,0,0,0,0,0,0,0,0,0,0,0,0,0,0,0,0,128,255,255,128,0,0,0,0,0,0,0,0,0,0,0,0,0,0,0,0,0,0,0,0,0,0,0,128,255,255,255,0,0,0,0,0,0,0,0,0,0,0,0,0,0,0,0,0,0,0,0,0,0,0,191,255,255,255,191,0,0,0,0,0,0,0,0,0,0,0,0,0,0,0,0,0,0,0,0,0,0,128,255,255,255,191,0,0,0,0,0,0,0,0,0,0,0,0,0,0,0,0,0,0,0,0,0,0,128,255,255,255,128,64,0,0,0,0,0,0,0,0,0,0,0,0,0,0,0,0,0,0,0,0,0,64,255,255,255,64,0,0,0,0,0,0,0,0,0,0,0,0,0,0,0,0,0,0,0,0,0,0,0,255,255,255,191,0,0,0,0,0,0,0,0,0,0,0,0,0,0,0,0,0,0,0,0,0,0,0,128,255,255,191,0,0,128,64,0,0,0,0,0,0,0,0,0,0,0,0,0,0,0,0,0,0,0,0,255,255,191,64,0,191,255,255,255,64,0,0,0,0,0,0,0,0,0,0,0,0,0,0,0,0,0,191,255,255,64,0,0,255,255,255,255,255,191,0,0,0,0,0,0,0,0,0,0,0,0,0,0,0,0,255,255,255,0,0,0,0,255,255,255,255,255,0,0,0,0,0,0,0,0,0,0,0,0,0,0,0,0,255,255,255,0,0,0,0,64,128,255,255,255,0,0,0,0,0,0,0,0,0,0,0,0,0,0,0,0,255,255,255,0,0,0,0,0,0,128,255,255,128,0,0,0,0,0,0,0,0,0,0,0,0,0,0,0,64,255,255,191,128,0,0,0,0,0,0,255,255,191,0,0,0,0,0,0,0,0,0,0,0,0,0,0,0,191,255,255,255,255,128,128,64,128,128,255,255,128,0,0,0,0,0,0,0,0,0,0,0,0,0,0,0,0,255,255,255,255,255,255,255,255,255,255,255,64,0,0,0,0,0,0,0,0,0,0,0,0,0,0,0,0,0,191,255,255,255,255,255,255,255,255,128,0,0,0,0,0,0,0,0,0,0,0,0,0,0,0,0,0,0,0,64,191,255,255,255,255,255,191,0,0,0,0,0,0,0,0,0,0,0,0,0,0,0,0,0,0,0,0,0,0,128,128,191,128,64,0,0,0,0,0,0,0,0,0,0,0,0,0,0,0,0,0,0,0,0,0,0,0,0,0,0,0,0,0,0,0,0,0,0,0,0,0,0,0,0,0,0,0,0,0,0,0,0,0,0,0,0,0,0,0,0,0,0,0,0,0,0,0,0,0,0,0,0,0,0,0,0,0,0,0,0,0,0,0,0,0,0,0,0,0,0,0,0,0,0,0,0,0,0,0,0,0,0,0,0,0,0,0,0,0,0,0,0,0,0,0,0,0,0,0,0,0,0,0,0,0,0,0,0,0,0,0,0,0,0,0,0,0,0,0,0,0,0,0,0,0,0,0,0,0,0,0,0,0
6,0,0,0,0,0,0,0,0,0,0,0,0,0,0,0,0,0,0,0,0,0,0,0,0,0,0,0,0,0,0,0,0,0,0,0,0,0,0,0,0,0,0,0,0,0,0,0,0,0,0,0,0,0,0,0,0,0,0,0,0,0,0,0,0,0,0,0,0,0,0,0,0,0,0,0,0,0,0,0,0,0,0,0,0,0,0,0,0,0,0,0,0,0,12,91,15,0,0,0,0,0,0,0,0,0,0,0,0,0,0,0,0,0,0,0,0,0,0,0,2,86,190,253,156,0,0,0,0,0,0,0,0,0,0,0,0,0,0,0,0,0,0,0,0,0,0,0,86,253,253,253,203,0,0,0,0,0,0,0,0,0,0,0,0,0,0,0,0,0,0,0,0,0,0,71,237,253,253,253,182,0,0,0,0,0,0,0,0,0,0,0,0,0,0,0,0,0,0,0,0,0,0,91,253,253,253,193,21,0,0,0,0,0,0,0,0,0,0,0,0,0,0,0,0,0,0,0,0,0,0,229,253,253,246,105,0,0,0,0,0,0,0,0,0,0,0,0,0,0,0,0,0,0,0,0,0,0,0,254,253,253,220,0,0,0,0,0,0,0,0,0,0,0,0,0,0,0,0,0,0,0,0,0,0,0,0,254,253,225,57,0,0,0,0,0,0,0,0,50,66,66,66,172,66,66,24,0,0,0,0,0,0,0,0,255,253,146,0,0,0,0,0,0,0,0,61,228,253,253,253,253,253,253,89,0,0,0,0,0,0,0,0,254,253,146,0,0,0,0,0,51,135,246,249,253,253,253,253,253,253,253,249,0,0,0,0,0,0,0,0,254,253,146,0,0,0,5,51,222,253,253,253,253,253,253,253,253,253,253,248,0,0,0,0,0,0,0,0,254,253,188,22,0,0,139,253,253,253,253,253,253,253,253,253,253,253,253,89,0,0,0,0,0,0,0,0,132,253,253,181,13,0,139,253,253,245,117,65,65,76,222,253,253,253,182,23,0,0,0,0,0,0,0,0,91,253,253,253,186,116,191,253,253,171,0,0,86,177,253,253,227,138,9,0,0,0,0,0,0,0,0,0,18,194,253,253,253,253,253,253,253,237,205,205,241,253,253,253,63,0,0,0,0,0,0,0,0,0,0,0,0,96,253,253,253,253,253,253,253,253,253,253,253,253,231,122,16,0,0,0,0,0,0,0,0,0,0,0,0,3,32,166,253,253,253,253,253,253,253,253,210,195,58,0,0,0,0,0,0,0,0,0,0,0,0,0,0,0,0,14,106,230,253,253,253,253,248,106,27,0,0,0,0,0,0,0,0,0,0,0,0,0,0,0,0,0,0,0,0,13,106,73,78,15,15,0,0,0,0,0,0,0,0,0,0,0,0,0,0,0,0,0,0,0,0,0,0,0,0,0,0,0,0,0,0,0,0,0,0,0,0,0,0,0,0,0,0,0,0,0,0,0,0,0,0,0,0,0,0,0,0,0,0,0,0,0,0,0,0,0,0,0,0,0,0,0,0,0,0,0,0,0,0,0,0,0,0,0,0,0,0,0,0,0,0,0,0,0,0,0,0,0,0,0,0,0,0,0,0,0,0,0,0,0,0,0,0,0,0,0,0,0,0,0,0,0,0,0,0,0,0,0,0,0,0,0,0,0,0,0,0,0,0,0,0,0,0,0,0,0,0,0,0,0,0,0,0,0,0,0,0,0,0,0,0,0,0,0,0,0,0,0,0,0,0,0,0,0,0,0,0,0,0,0
4,0,0,0,0,0,0,0,0,0,0,0,0,0,0,0,0,0,0,0,0,0,0,0,0,0,0,0,0,0,0,0,0,0,0,0,0,0,0,0,0,0,0,0,0,0,0,0,0,0,0,0,0,0,0,0,0,0,0,0,0,0,0,0,0,0,0,0,0,0,0,0,0,0,0,0,0,0,0,0,0,0,0,0,0,0,0,0,0,0,0,0,0,0,0,0,0,0,0,0,0,0,0,0,0,0,0,0,0,0,0,0,0,0,0,0,0,0,0,0,0,0,0,0,0,0,0,0,0,0,0,0,0,0,0,0,0,0,0,0,0,0,0,0,0,0,0,0,0,0,0,0,0,0,0,0,0,0,0,0,0,0,0,0,0,0,0,0,0,0,0,0,0,0,0,0,0,0,0,0,0,0,0,0,0,0,0,0,0,196,254,57,0,0,0,0,0,0,0,0,0,0,0,0,0,0,25,9,0,0,0,0,0,0,0,2,121,252,252,47,0,0,0,0,0,0,0,0,0,0,0,0,0,43,245,142,0,0,0,0,0,0,0,45,254,254,144,0,0,0,0,0,0,0,0,0,0,0,0,0,0,117,254,253,9,0,0,0,0,0,10,213,254,209,23,0,0,0,0,0,0,0,0,0,0,0,0,0,0,236,254,254,9,0,0,0,0,0,99,254,248,72,0,0,0,0,0,0,0,0,0,0,0,0,0,0,0,251,254,192,3,0,0,0,0,56,249,254,149,0,0,0,0,0,0,0,0,0,0,0,0,0,0,0,54,253,254,112,0,0,0,0,0,133,254,245,3,0,0,0,0,0,0,0,0,0,0,0,0,0,0,0,16,244,254,191,19,0,0,0,20,241,254,121,0,0,0,0,0,0,0,0,0,0,0,0,0,0,0,0,0,87,254,254,239,171,83,83,194,254,224,16,0,0,0,0,0,0,0,0,0,0,0,0,0,0,0,0,0,4,23,143,206,246,254,254,254,254,211,2,17,0,0,0,0,0,0,0,0,0,0,0,0,0,0,0,0,0,0,0,0,40,116,212,254,254,246,209,168,2,0,0,0,0,0,0,0,0,0,0,0,0,0,0,0,0,0,0,0,0,56,250,254,173,134,239,254,24,0,0,0,0,0,0,0,0,0,0,0,0,0,0,0,0,0,0,0,0,171,254,188,6,0,15,19,2,0,0,0,0,0,0,0,0,0,0,0,0,0,0,0,0,0,0,0,9,210,254,140,0,0,0,0,0,0,0,0,0,0,0,0,0,0,0,0,0,0,0,0,0,0,0,0,111,254,222,16,0,0,0,0,0,0,0,0,0,0,0,0,0,0,0,0,0,0,0,0,0,0,0,0,212,255,155,0,0,0,0,0,0,0,0,0,0,0,0,0,0,0,0,0,0,0,0,0,0,0,0,0,212,254,72,0,0,0,0,0,0,0,0,0,0,0,0,0,0,0,0,0,0,0,0,0,0,0,0,35,239,176,5,0,0,0,0,0,0,0,0,0,0,0,0,0,0,0,0,0,0,0,0,0,0,0,0,66,255,77,0,0,0,0,0,0,0,0,0,0,0,0,0,0,0,0,0,0,0,0,0,0,0,0,0,149,174,48,0,0,0,0,0,0,0,0,0,0,0,0,0,0,0,0,0,0,0,0,0,0,0,0,0,0,0,0,0,0,0,0,0,0,0,0,0,0,0,0,0,0,0,0,0,0,0,0,0,0,0,0,0,0,0,0,0,0,0,0,0,0,0,0,0,0,0,0,0,0
7,0,0,0,0,0,0,0,0,0,0,0,0,0,0,0,0,0,0,0,0,0,0,0,0,0,0,0,0,0,0,0,0,0,0,0,0,0,0,0,0,0,0,0,0,0,0,0,0,0,0,0,0,0,0,0,0,0,0,0,0,0,0,0,0,0,0,0,0,0,0,0,0,0,0,0,0,0,0,0,0,0,0,0,0,0,0,0,0,0,0,0,0,0,0,0,0,0,0,0,0,0,0,0,0,0,0,0,0,0,0,0,0,0,0,0,0,0,0,0,0,0,0,0,0,0,0,0,0,0,0,0,0,0,0,0,0,0,0,0,0,0,0,0,0,0,0,0,0,0,0,0,0,0,0,0,0,0,0,0,0,0,0,0,0,0,0,0,0,0,0,0,0,0,0,36,147,255,172,57,0,0,0,0,0,0,0,0,0,0,0,0,0,0,0,0,0,0,0,0,0,0,0,76,253,253,253,243,174,97,97,97,86,0,48,5,0,0,0,0,0,0,0,0,0,0,0,0,0,0,0,54,235,253,253,253,253,253,253,253,249,213,233,85,52,0,0,0,0,0,0,0,0,0,0,0,0,0,0,0,192,253,253,153,61,110,198,198,198,198,225,253,233,145,0,0,0,0,0,0,0,0,0,0,0,0,0,0,174,253,253,140,1,0,0,0,0,0,125,253,253,191,0,0,0,0,0,0,0,0,0,0,0,0,0,0,56,253,253,253,6,0,0,0,0,0,125,253,253,191,0,0,0,0,0,0,0,0,0,0,0,0,0,0,56,253,253,253,6,0,0,0,0,0,125,253,253,191,0,0,0,0,0,0,0,0,0,0,0,0,0,0,56,253,253,253,140,0,0,0,0,0,125,253,253,191,0,0,0,0,0,0,0,0,0,0,0,0,0,0,6,45,217,253,182,10,0,0,0,7,240,253,253,142,0,0,0,0,0,0,0,0,0,0,0,0,0,0,0,0,115,253,253,138,0,0,0,45,253,253,253,54,0,0,0,0,0,0,0,0,0,0,0,0,0,0,0,0,4,68,68,44,0,0,6,165,253,253,237,44,0,0,0,0,0,0,0,0,0,0,0,0,0,0,0,0,0,0,0,0,0,0,28,253,253,253,155,0,0,0,0,0,0,0,0,0,0,0,0,0,0,0,0,0,0,0,0,0,0,0,107,253,253,253,34,0,0,0,0,0,0,0,0,0,0,0,0,0,0,0,0,0,0,0,0,0,0,0,165,253,253,253,34,0,0,0,0,0,0,0,0,0,0,0,0,0,0,0,0,0,0,0,0,0,0,46,249,253,253,211,20,0,0,0,0,0,0,0,0,0,0,0,0,0,0,0,0,0,0,0,0,0,0,94,253,253,253,106,0,0,0,0,0,0,0,0,0,0,0,0,0,0,0,0,0,0,0,0,0,0,0,186,253,251,125,3,0,0,0,0,0,0,0,0,0,0,0,0,0,0,0,0,0,0,0,0,0,0,0,186,253,251,92,0,0,0,0,0,0,0,0,0,0,0,0,0,0,0,0,0,0,0,0,0,0,0,0,186,253,253,129,0,0,0,0,0,0,0,0,0,0,0,0,0,0,0,0,0,0,0,0,0,0,0,0,85,205,253,129,0,0,0,0,0,0,0,0,0,0,0,0,0,0,0,0,0,0,0,0,0,0,0,0,0,0,0,0,0,0,0,0,0,0,0,0,0,0,0,0,0,0,0,0,0,0,0,0,0,0,0,0,0,0,0,0,0,0,0,0,0,0,0,0,0,0
9,0,0,0,0,0,0,0,0,0,0,0,0,0,0,0,0,0,0,0,0,0,0,0,0,0,0,0,0,0,0,0,0,0,0,0,0,0,0,0,0,0,0,0,0,0,0,0,0,0,0,0,0,0,0,0,0,0,0,0,0,0,0,0,0,0,0,0,0,0,0,0,0,0,0,0,0,0,0,0,0,0,0,0,0,0,0,0,0,0,0,0,0,0,0,0,0,0,0,0,0,0,0,0,0,0,0,0,0,0,0,0,0,0,0,0,0,0,0,0,0,0,0,0,0,0,0,0,0,0,0,0,0,0,0,0,0,0,0,0,0,0,0,0,0,0,0,0,0,0,0,0,0,0,0,0,0,0,0,0,0,0,0,0,0,0,0,0,0,0,0,0,0,0,0,0,0,0,0,0,0,42,151,235,196,56,0,0,0,0,0,0,0,0,0,0,0,0,0,0,0,0,0,0,0,0,0,6,120,245,254,254,254,166,0,0,0,0,0,0,0,0,0,0,0,0,0,0,0,0,0,0,0,0,11,178,254,222,114,154,239,251,72,27,4,0,0,0,0,0,0,0,0,0,0,0,0,0,0,0,0,0,108,254,174,11,0,0,146,254,176,236,68,0,0,0,0,0,0,0,0,0,0,0,0,0,0,0,0,78,248,144,7,0,0,0,135,254,254,254,79,0,0,0,0,0,0,0,0,0,0,0,0,0,0,0,0,203,255,63,0,0,0,0,13,182,254,254,100,0,0,0,0,0,0,0,0,0,0,0,0,0,0,0,0,235,195,6,0,0,0,0,0,89,254,211,14,0,0,0,0,0,0,0,0,0,0,0,0,0,0,0,0,235,254,128,63,62,0,0,54,154,254,73,0,0,0,0,0,0,0,0,0,0,0,0,0,0,0,0,0,190,254,254,254,254,214,130,232,253,254,115,0,0,0,0,0,0,0,0,0,0,0,0,0,0,0,0,0,51,128,224,215,211,138,138,44,193,254,73,0,0,0,0,0,0,0,0,0,0,0,0,0,0,0,0,0,0,0,21,13,9,0,0,0,193,254,73,0,0,0,0,0,0,0,0,0,0,0,0,0,0,0,0,0,0,0,0,0,0,0,0,0,193,254,73,0,0,0,0,0,0,0,0,0,0,0,0,0,0,0,0,0,0,0,0,0,0,0,0,32,240,254,73,0,0,0,0,0,0,0,0,0,0,0,0,0,0,0,0,0,0,0,0,0,0,0,0,42,254,254,73,0,0,0,0,0,0,0,0,0,0,0,0,0,0,0,0,0,0,0,0,0,0,0,0,117,254,254,73,0,0,0,0,0,0,0,0,0,0,0,0,0,0,0,0,0,0,0,0,0,0,0,0,146,254,252,67,0,0,0,0,0,0,0,0,0,0,0,0,0,0,0,0,0,0,0,0,0,0,0,0,146,254,223,0,0,0,0,0,0,0,0,0,0,0,0,0,0,0,0,0,0,0,0,0,0,0,0,0,146,254,223,0,0,0,0,0,0,0,0,0,0,0,0,0,0,0,0,0,0,0,0,0,0,0,0,0,146,254,223,0,0,0,0,0,0,0,0,0,0,0,0,0,0,0,0,0,0,0,0,0,0,0,0,0,146,218,90,0,0,0,0,0,0,0,0,0,0,0,0,0,0,0,0,0,0,0,0,0,0,0,0,0,0,0,0,0,0,0,0,0,0,0,0,0,0,0,0,0,0,0,0,0,0,0,0,0,0,0,0,0,0,0,0,0,0,0,0,0,0,0,0,0,0
3,0,0,0,0,0,0,0,0,0,0,0,0,0,0,0,0,0,0,0,0,0,0,0,0,0,0,0,0,0,0,0,0,0,0,0,0,0,0,0,0,0,0,0,0,0,0,0,0,0,0,0,0,0,0,0,0,0,0,0,0,0,0,0,0,0,0,0,0,0,0,0,0,0,0,0,0,0,0,0,0,0,0,0,0,0,0,0,0,0,0,0,0,0,0,0,0,0,0,0,0,0,0,0,0,0,0,0,0,0,0,0,0,0,0,0,0,0,0,0,0,0,0,0,0,0,10,48,149,194,96,14,0,0,0,0,0,0,0,0,0,0,0,0,0,0,0,0,0,0,0,0,0,41,169,254,254,254,254,73,0,0,0,0,0,0,0,0,0,0,0,0,0,0,0,0,0,0,0,0,93,232,254,225,116,220,254,157,0,0,0,0,0,0,0,0,0,0,0,0,0,0,0,0,0,0,0,12,231,254,182,14,14,213,254,73,0,0,0,0,0,0,0,0,0,0,0,0,0,0,0,0,0,0,8,211,254,196,8,0,191,254,215,6,0,0,0,0,0,0,0,0,0,0,0,0,0,0,0,0,0,8,168,255,237,61,0,0,250,254,120,0,0,0,0,0,0,0,0,0,0,0,0,0,0,0,0,0,0,25,243,254,95,0,0,47,252,249,27,0,0,0,0,0,0,0,0,0,0,0,0,0,0,0,0,0,0,0,26,83,0,0,0,100,254,188,4,0,0,0,0,0,0,0,0,0,0,0,0,0,0,0,0,0,0,0,0,0,0,0,0,57,253,254,60,0,0,0,0,0,0,0,0,0,0,0,0,0,0,0,0,0,0,0,0,0,0,0,0,0,207,254,146,15,0,0,0,0,0,0,0,0,0,0,0,0,0,0,0,0,0,0,0,0,0,0,0,0,9,205,254,155,0,0,0,0,0,0,0,0,0,0,0,0,0,0,0,0,0,0,0,0,0,0,0,0,0,119,252,253,85,0,0,0,0,0,0,0,0,0,0,0,0,0,0,0,0,0,0,0,0,0,0,0,0,0,161,254,208,0,0,0,0,0,0,0,0,0,0,0,0,0,0,0,0,0,0,2,11,0,0,0,0,0,124,254,234,0,0,0,0,0,0,0,0,0,0,0,0,0,0,0,0,0,23,174,207,30,0,0,0,0,9,203,249,60,0,0,0,0,0,0,0,0,0,0,0,0,0,0,0,41,237,245,139,5,0,0,0,0,3,188,254,83,0,0,0,0,0,0,0,0,0,0,0,0,0,0,0,235,254,65,0,0,0,0,0,52,133,254,249,61,0,0,0,0,0,0,0,0,0,0,0,0,0,0,72,252,254,40,11,11,32,115,174,246,254,251,181,0,0,0,0,0,0,0,0,0,0,0,0,0,0,0,65,226,254,254,254,254,254,254,254,254,224,94,0,0,0,0,0,0,0,0,0,0,0,0,0,0,0,0,0,35,150,199,254,212,233,150,91,46,22,0,0,0,0,0,0,0,0,0,0,0,0,0,0,0,0,0,0,0,0,0,0,0,0,0,0,0,0,0,0,0,0,0,0,0,0,0,0,0,0,0,0,0,0,0,0,0,0,0,0,0,0,0,0,0,0,0,0,0,0,0,0,0,0,0,0,0,0,0,0,0,0,0,0,0,0,0,0,0,0,0,0,0,0,0,0,0,0,0,0,0,0,0,0,0,0,0,0,0,0,0,0,0,0,0,0,0,0,0,0,0,0,0,0,0,0,0,0,0,0,0,0
4,0,0,0,0,0,0,0,0,0,0,0,0,0,0,0,0,0,0,0,0,0,0,0,0,0,0,0,0,0,0,0,0,0,0,0,0,0,0,0,0,0,0,0,0,0,0,0,0,0,0,0,0,0,0,0,0,0,0,0,0,0,0,0,0,0,0,0,0,0,0,0,0,0,0,0,0,0,0,0,0,0,0,0,0,0,0,0,0,0,0,0,0,0,0,0,0,0,0,0,0,0,0,0,0,0,0,0,0,0,0,0,0,0,0,0,0,0,0,0,0,0,0,0,0,0,0,0,0,0,0,0,0,0,0,0,0,0,0,0,0,0,0,0,0,0,0,0,0,0,0,0,0,0,0,0,0,0,0,0,0,0,0,0,0,0,0,0,0,0,0,0,0,0,0,0,0,0,0,0,0,0,0,0,0,0,0,0,0,130,245,0,0,0,0,0,0,0,0,0,0,0,0,0,0,0,0,0,0,0,0,0,0,0,0,0,55,236,244,0,0,0,0,0,0,0,0,0,0,0,0,0,0,83,245,30,0,0,0,0,0,0,0,0,183,254,143,0,0,0,0,0,0,0,0,0,0,0,0,0,0,130,254,31,0,0,0,0,0,0,0,93,248,254,106,0,0,0,0,0,0,0,0,0,0,0,0,0,0,78,254,84,0,0,0,0,0,0,4,190,254,220,18,0,0,0,0,0,0,0,0,0,0,0,0,0,0,27,255,63,0,0,0,0,0,0,105,254,254,157,0,0,0,0,0,0,0,0,0,0,0,0,0,0,0,125,254,136,188,224,203,121,2,42,234,254,245,44,0,0,0,0,0,0,0,0,0,0,0,0,0,0,55,248,254,254,254,254,254,254,151,172,254,254,165,0,0,0,0,0,0,0,0,0,0,0,0,0,0,61,157,254,254,252,181,147,250,254,254,254,254,219,31,0,0,0,0,0,0,0,0,0,0,0,0,0,0,162,254,249,172,52,0,0,42,223,254,254,248,58,0,0,0,0,0,0,0,0,0,0,0,0,0,0,0,204,222,139,0,0,0,0,0,100,254,220,94,0,0,0,0,0,0,0,0,0,0,0,0,0,0,0,0,3,3,0,0,0,0,0,9,167,254,107,0,0,0,0,0,0,0,0,0,0,0,0,0,0,0,0,0,0,0,0,0,0,0,0,89,254,204,41,0,0,0,0,0,0,0,0,0,0,0,0,0,0,0,0,0,0,0,0,0,0,0,16,209,254,96,0,0,0,0,0,0,0,0,0,0,0,0,0,0,0,0,0,0,0,0,0,0,0,0,141,254,254,5,0,0,0,0,0,0,0,0,0,0,0,0,0,0,0,0,0,0,0,0,0,0,0,6,217,250,110,1,0,0,0,0,0,0,0,0,0,0,0,0,0,0,0,0,0,0,0,0,0,0,0,133,254,202,0,0,0,0,0,0,0,0,0,0,0,0,0,0,0,0,0,0,0,0,0,0,0,0,1,170,254,155,0,0,0,0,0,0,0,0,0,0,0,0,0,0,0,0,0,0,0,0,0,0,0,0,16,254,253,77,0,0,0,0,0,0,0,0,0,0,0,0,0,0,0,0,0,0,0,0,0,0,0,0,10,219,122,0,0,0,0,0,0,0,0,0,0,0,0,0,0,0,0,0,0,0,0,0,0,0,0,0,0,0,0,0,0,0,0,0,0,0,0,0,0,0,0,0,0,0,0,0,0,0,0,0,0,0,0,0,0,0,0,0,0,0,0,0,0,0,0,0,0,0,0,0,0,0
5,0,0,0,0,0,0,0,0,0,0,0,0,0,0,0,0,0,0,0,0,0,0,0,0,0,0,0,0,0,0,0,0,0,0,0,0,0,0,0,0,0,0,0,0,0,0,0,0,0,0,0,0,0,0,0,0,0,0,0,0,0,0,0,0,0,0,0,0,0,0,0,0,0,0,0,0,0,0,0,0,0,0,0,0,0,0,0,0,0,0,0,0,0,0,0,0,0,0,0,0,0,0,0,0,0,0,0,0,0,0,0,0,0,0,0,0,0,0,0,0,0,0,0,0,0,0,0,0,0,0,0,0,0,0,0,0,0,0,0,0,0,0,0,0,0,0,0,0,0,0,0,0,0,0,0,0,0,0,0,0,0,0,0,0,0,0,0,0,0,0,0,0,0,0,0,0,0,0,0,0,0,0,0,0,0,0,0,0,0,0,0,0,0,0,0,0,0,0,0,0,0,0,0,0,0,0,0,0,0,0,0,8,11,2,7,6,7,7,11,11,7,0,0,0,0,0,0,0,0,0,0,0,0,0,0,0,8,99,165,234,254,182,221,214,225,219,254,254,223,165,87,0,0,0,0,0,0,0,0,0,0,0,65,150,224,254,254,254,254,246,195,228,134,223,163,134,134,134,96,0,0,0,0,0,0,0,0,0,0,115,244,254,216,179,85,80,207,66,0,0,0,0,0,0,0,0,0,0,0,0,0,0,0,0,0,0,151,246,240,127,12,0,0,0,10,0,0,0,0,0,0,0,0,0,0,0,0,0,0,0,0,0,0,0,210,254,134,0,0,0,0,0,0,0,0,0,0,0,0,0,0,0,0,0,0,0,0,0,0,0,0,0,179,254,193,13,0,0,0,0,0,0,0,0,0,0,0,0,0,0,0,0,0,0,0,0,0,0,0,0,3,125,204,214,94,0,0,0,0,0,0,0,0,0,0,0,0,0,0,0,0,0,0,0,0,0,0,0,0,0,10,188,254,217,48,0,0,0,0,0,0,0,0,0,0,0,0,0,0,0,0,0,0,0,0,0,0,0,0,15,151,253,247,50,0,0,0,0,0,0,0,0,0,0,0,0,0,0,0,0,0,0,0,0,0,0,0,0,0,103,251,219,3,0,0,0,0,0,0,0,0,0,0,0,0,0,0,0,0,0,0,0,0,0,0,0,0,0,235,254,89,0,0,0,0,0,0,0,0,0,0,0,0,0,0,0,0,0,0,28,0,0,0,0,0,0,74,254,171,0,0,0,0,0,0,0,0,0,0,0,0,0,0,0,0,0,0,216,32,0,0,0,0,0,51,255,194,0,0,0,0,0,0,0,0,0,0,0,0,0,0,0,0,0,0,224,218,60,0,0,0,27,216,254,105,0,0,0,0,0,0,0,0,0,0,0,0,0,0,0,0,0,0,12,185,237,235,235,235,242,254,190,10,0,0,0,0,0,0,0,0,0,0,0,0,0,0,0,0,0,0,0,0,42,158,254,244,164,70,15,0,0,0,0,0,0,0,0,0,0,0,0,0,0,0,0,0,0,0,0,0,0,1,10,8,0,0,0,0,0,0,0,0,0,0,0,0,0,0,0,0,0,0,0,0,0,0,0,0,0,0,0,0,0,0,0,0,0,0,0,0,0,0,0,0,0,0,0,0,0,0,0,0,0,0,0,0,0,0,0,0,0,0,0,0,0,0,0,0,0,0,0,0,0,0,0,0,0,0,0,0,0,0,0,0,0,0,0,0,0,0,0,0,0,0,0,0,0,0,0,0,0,0,0
5,0,0,0,0,0,0,0,0,0,0,0,0,0,0,0,0,0,0,0,0,0,0,0,0,0,0,0,0,0,0,0,0,0,0,0,0,0,0,0,0,0,0,0,0,0,0,0,0,0,0,0,0,0,0,0,0,0,0,0,0,0,0,0,0,0,0,0,0,0,0,0,0,0,0,0,0,0,0,0,0,0,0,0,0,0,0,0,0,0,0,0,0,0,0,0,0,0,0,0,0,0,0,0,0,0,0,0,0,0,0,0,0,0,0,0,0,0,0,0,0,0,0,0,0,0,0,0,0,0,0,0,0,0,0,0,0,0,0,0,0,0,0,0,0,0,0,0,0,0,0,0,0,0,0,0,0,0,0,0,0,0,0,0,0,0,0,0,0,0,0,0,0,0,0,0,0,0,0,0,0,0,74,101,241,255,179,73,0,0,0,0,0,0,0,0,0,0,0,0,0,0,0,0,0,0,0,0,26,192,239,253,253,253,253,239,191,47,7,0,0,0,0,0,0,0,0,0,0,0,0,0,0,0,0,23,205,253,253,253,253,253,253,253,253,253,127,0,0,0,0,0,0,0,0,0,0,0,0,0,0,0,0,39,253,253,253,253,253,253,253,253,253,253,251,145,0,0,0,0,0,0,0,0,0,0,0,0,0,0,15,165,253,253,253,253,241,214,233,253,124,130,121,208,0,0,0,0,0,0,0,0,0,0,0,0,0,0,177,253,253,253,253,181,80,0,56,115,38,0,0,0,0,0,0,0,0,0,0,0,0,0,0,0,0,0,247,253,253,253,172,7,0,0,0,0,0,0,0,0,0,0,0,0,0,0,0,0,0,0,0,0,0,0,228,253,253,191,19,0,0,0,0,0,0,0,0,0,0,0,0,0,0,0,0,0,0,0,0,0,0,0,93,253,253,212,36,0,0,0,0,0,0,0,0,0,0,0,0,0,0,0,0,0,0,0,0,0,0,0,93,253,253,253,116,0,0,0,0,0,0,0,0,0,0,0,0,0,0,0,0,0,0,0,0,0,0,0,28,211,253,253,225,12,0,0,0,0,0,0,0,0,0,0,0,0,0,0,0,0,0,0,0,0,0,0,0,99,197,253,253,186,86,0,0,0,0,0,0,0,0,0,0,0,0,0,0,0,0,0,0,0,0,0,0,0,17,175,234,253,197,21,0,0,0,0,0,0,0,0,0,0,0,0,0,0,0,0,0,0,0,0,0,0,0,0,82,253,253,180,8,0,0,0,0,0,0,0,0,0,0,0,0,0,0,0,0,0,0,0,0,0,0,0,17,197,253,253,129,0,0,0,0,0,0,0,0,0,0,0,0,0,0,0,0,0,0,0,0,0,0,0,8,161,253,253,129,0,0,0,0,0,0,0,0,0,0,0,0,0,0,0,0,0,0,0,3,8,8,8,131,253,253,253,129,0,0,0,0,0,0,0,0,0,0,0,0,0,0,0,0,0,0,0,54,227,253,253,253,253,253,243,75,0,0,0,0,0,0,0,0,0,0,0,0,0,0,0,0,0,0,0,0,193,253,253,253,253,189,41,0,0,0,0,0,0,0,0,0,0,0,0,0,0,0,0,0,0,0,0,0,76,183,253,234,99,69,0,0,0,0,0,0,0,0,0,0,0,0,0,0,0,0,0,0,0,0,0,0,0,0,0,0,0,0,0,0,0,0,0,0,0,0,0,0,0,0,0,0,0,0,0,0,0,0,0,0,0,0,0,0,0,0,0,0,0,0,0,0,0,0,0,0,0,0
8,0,0,0,0,0,0,0,0,0,0,0,0,0,0,0,0,0,0,0,0,0,0,0,0,0,0,0,0,0,0,0,0,0,0,0,0,0,0,0,0,0,0,0,0,0,0,0,0,0,0,0,0,0,0,0,0,0,0,0,0,0,0,0,0,0,0,0,0,0,0,0,0,0,0,0,0,0,0,0,0,0,0,0,0,0,0,0,0,0,0,0,0,0,0,0,0,0,0,0,0,0,0,0,0,0,0,0,0,0,0,0,0,0,0,0,0,0,0,0,0,0,0,0,0,0,0,0,0,0,0,0,0,0,0,0,0,0,0,0,0,0,0,0,0,0,0,0,0,0,0,0,0,0,0,0,0,0,0,0,0,0,0,0,0,0,0,0,0,0,0,0,0,0,0,0,0,86,85,255,253,255,253,57,0,0,0,0,0,0,0,0,0,85,28,0,0,0,0,0,0,0,0,57,168,253,251,253,251,253,251,225,56,0,0,0,0,0,0,169,168,253,196,0,0,0,0,0,0,0,0,255,253,254,253,226,168,169,225,254,139,0,0,0,0,29,197,254,253,254,253,0,0,0,0,0,0,0,0,253,251,253,138,56,0,0,56,253,251,0,0,0,114,197,251,253,138,84,83,0,0,0,0,0,0,0,0,255,253,169,0,0,0,0,0,254,253,57,57,254,253,254,196,0,0,0,0,0,0,0,0,0,0,0,0,139,251,225,56,0,0,0,0,139,251,225,224,253,251,84,28,0,0,0,0,0,0,0,0,0,0,0,0,57,225,254,253,85,28,0,0,29,197,254,253,114,0,0,0,0,0,0,0,0,0,0,0,0,0,0,0,0,56,253,251,253,196,169,168,197,251,84,83,0,0,0,0,0,0,0,0,0,0,0,0,0,0,0,0,0,0,0,0,198,253,254,253,254,253,0,0,0,0,0,0,0,0,0,0,0,0,0,0,0,0,0,0,0,0,0,0,85,251,253,251,253,251,114,0,0,0,0,0,0,0,0,0,0,0,0,0,0,0,0,0,0,0,0,0,254,253,169,168,198,253,254,139,0,0,0,0,0,0,0,0,0,0,0,0,0,0,0,0,0,0,0,0,253,251,0,0,28,196,253,251,114,0,0,0,0,0,0,0,0,0,0,0,0,0,0,0,0,0,0,0,141,253,114,0,0,0,57,225,254,253,57,0,0,0,0,0,0,0,0,0,0,0,0,0,0,0,0,0,253,251,0,0,0,0,0,56,253,251,168,0,0,0,0,0,0,0,0,0,0,0,0,0,0,0,0,0,254,253,0,0,0,0,0,0,85,253,169,0,0,0,0,0,0,0,0,0,0,0,0,0,0,0,0,0,253,251,0,0,0,0,0,0,85,251,56,0,0,0,0,0,0,0,0,0,0,0,0,0,0,0,0,0,85,253,169,0,0,0,0,57,141,253,0,0,0,0,0,0,0,0,0,0,0,0,0,0,0,0,0,0,85,251,225,56,0,0,57,224,253,251,0,0,0,0,0,0,0,0,0,0,0,0,0,0,0,0,0,0,0,114,198,253,254,253,254,253,226,56,0,0,0,0,0,0,0,0,0,0,0,0,0,0,0,0,0,0,0,0,28,196,253,251,253,138,56,0,0,0,0,0,0,0,0,0,0,0,0,0,0,0,0,0,0,0,0,0,0,0,0,0,0,0,0,0,0,0,0,0,0,0,0,0,0,0,0,0,0,0,0,0,0,0,0,0,0,0,0,0,0,0,0,0,0,0,0,0,0,0,0,0
7,0,0,0,0,0,0,0,0,0,0,0,0,0,0,0,0,0,0,0,0,0,0,0,0,0,0,0,0,0,0,0,0,0,0,0,0,0,0,0,0,0,0,0,0,0,0,0,0,0,0,0,0,0,0,0,0,0,0,0,0,0,0,0,0,0,0,0,0,0,0,0,0,0,0,0,0,0,0,0,0,0,0,0,0,0,0,0,0,0,0,0,0,0,0,0,0,0,0,0,0,0,0,0,0,0,0,0,0,0,0,0,0,0,0,0,0,0,0,0,0,0,0,0,0,0,0,0,0,0,0,0,0,0,0,0,0,0,0,0,0,0,0,0,0,0,0,0,0,0,0,0,0,0,0,0,0,0,0,0,0,0,0,0,0,0,0,0,0,0,0,0,0,0,0,0,0,0,0,0,0,0,0,0,0,0,0,0,0,0,0,0,0,0,0,0,0,0,0,0,0,0,0,69,32,0,0,0,0,0,0,0,17,60,183,247,50,0,0,0,0,0,0,0,0,0,0,0,0,0,0,188,226,198,107,95,93,58,95,154,218,254,254,254,83,0,0,0,0,0,0,0,0,0,0,0,0,0,0,42,229,255,254,254,254,251,254,254,254,254,254,254,83,0,0,0,0,0,0,0,0,0,0,0,0,0,0,0,35,97,171,191,220,254,188,171,93,167,254,239,22,0,0,0,0,0,0,0,0,0,0,0,0,0,0,0,0,0,0,5,12,20,4,0,10,233,254,137,0,0,0,0,0,0,0,0,0,0,0,0,0,0,0,0,0,0,0,0,0,0,0,0,89,254,254,57,0,0,0,0,0,0,0,0,0,0,0,0,0,0,0,0,0,0,0,0,0,0,0,0,89,254,254,26,0,0,0,0,0,0,0,0,0,0,0,0,0,0,0,0,0,0,0,0,0,0,0,0,115,254,203,9,0,0,0,0,0,0,0,0,0,0,0,0,0,0,0,0,0,0,0,0,0,0,0,0,193,254,176,0,0,0,0,0,0,0,0,0,0,0,0,0,0,0,0,0,0,0,0,0,0,0,0,48,231,248,98,0,0,0,0,0,0,0,0,0,0,0,0,0,0,0,0,0,0,0,0,0,0,0,0,146,254,223,0,0,0,0,0,0,0,0,0,0,0,0,0,0,0,0,0,0,0,0,0,0,0,0,0,146,254,223,0,0,0,0,0,0,0,0,0,0,0,0,0,0,0,0,0,0,0,0,0,0,0,0,0,146,254,223,0,0,0,0,0,0,0,0,0,0,0,0,0,0,0,0,0,0,0,0,0,0,0,0,0,146,254,223,0,0,0,0,0,0,0,0,0,0,0,0,0,0,0,0,0,0,0,0,0,0,0,0,0,146,254,148,0,0,0,0,0,0,0,0,0,0,0,0,0,0,0,0,0,0,0,0,0,0,0,0,0,146,254,120,0,0,0,0,0,0,0,0,0,0,0,0,0,0,0,0,0,0,0,0,0,0,0,0,0,146,254,120,0,0,0,0,0,0,0,0,0,0,0,0,0,0,0,0,0,0,0,0,0,0,0,0,0,146,254,166,0,0,0,0,0,0,0,0,0,0,0,0,0,0,0,0,0,0,0,0,0,0,0,0,0,146,254,223,0,0,0,0,0,0,0,0,0,0,0,0,0,0,0,0,0,0,0,0,0,0,0,0,0,44,186,96,0,0,0,0,0,0,0,0,0,0,0,0,0,0,0,0,0,0,0,0,0,0,0,0,0,0,0,0,0,0,0,0,0,0,0,0,0,0,0
3,0,0,0,0,0,0,0,0,0,0,0,0,0,0,0,0,0,0,0,0,0,0,0,0,0,0,0,0,0,0,0,0,0,0,0,0,0,0,0,0,0,0,0,0,0,0,0,0,0,0,0,0,0,0,0,0,0,0,0,0,0,0,0,0,0,0,0,0,0,0,0,0,0,0,0,0,0,0,0,0,0,0,0,0,0,0,0,0,0,0,0,0,0,0,0,0,0,0,0,0,0,0,0,0,0,0,0,0,0,0,0,0,0,0,0,0,0,0,0,0,0,4,111,132,184,253,255,242,132,132,105,9,0,0,0,0,0,0,0,0,0,0,0,0,0,0,0,0,0,73,252,243,250,252,229,230,252,252,252,180,0,0,0,0,0,0,0,0,0,0,0,0,0,0,0,0,0,63,216,76,87,96,0,10,96,126,252,190,7,0,0,0,0,0,0,0,0,0,0,0,0,0,0,0,0,0,0,0,0,0,0,0,0,72,252,204,16,0,0,0,0,0,0,0,0,0,0,0,0,0,0,0,0,0,0,0,0,0,0,0,27,229,252,180,0,0,0,0,0,0,0,0,0,0,0,0,0,0,0,0,0,0,0,0,0,0,0,42,156,252,235,71,0,0,0,0,0,0,0,0,0,0,0,0,0,0,0,0,0,0,0,0,0,0,91,232,252,195,70,0,0,0,0,0,0,0,0,0,0,0,0,0,0,0,0,0,0,0,0,84,148,217,253,243,138,12,0,0,0,0,0,0,0,0,0,0,0,0,0,0,0,0,0,0,27,109,207,249,252,252,248,73,0,0,0,0,0,0,0,0,0,0,0,0,0,0,0,0,0,0,0,0,176,252,252,252,252,252,131,110,0,0,0,0,0,0,0,0,0,0,0,0,0,0,0,0,0,0,0,24,216,250,241,241,241,241,249,253,253,172,44,0,0,0,0,0,0,0,0,0,0,0,0,0,0,0,0,0,78,77,0,0,0,0,57,176,243,252,226,46,0,0,0,0,0,0,0,0,0,0,0,0,0,0,0,0,0,0,0,0,0,0,0,0,77,223,252,190,7,0,0,0,0,0,0,0,0,0,0,0,0,0,0,0,0,0,0,0,0,0,0,0,0,16,204,252,48,0,0,0,0,0,0,0,0,0,0,0,0,0,0,0,0,0,0,0,0,0,0,0,0,0,181,252,133,0,0,0,0,0,0,0,0,0,0,0,0,0,0,0,0,0,0,0,0,0,0,0,0,14,201,252,76,0,0,0,0,0,0,0,0,0,0,0,0,0,0,0,0,41,0,0,0,0,0,0,53,174,252,228,32,0,0,0,0,0,0,0,0,0,0,0,0,0,0,88,217,171,0,0,0,47,98,166,239,252,252,133,0,0,0,0,0,0,0,0,0,0,0,0,0,0,0,169,252,245,229,229,229,240,253,252,252,231,58,6,0,0,0,0,0,0,0,0,0,0,0,0,0,0,0,31,131,166,252,252,252,252,132,131,57,9,0,0,0,0,0,0,0,0,0,0,0,0,0,0,0,0,0,0,0,0,0,0,0,0,0,0,0,0,0,0,0,0,0,0,0,0,0,0,0,0,0,0,0,0,0,0,0,0,0,0,0,0,0,0,0,0,0,0,0,0,0,0,0,0,0,0,0,0,0,0,0,0,0,0,0,0,0,0,0,0,0,0,0,0,0,0,0,0,0,0,0,0,0,0,0,0,0,0,0,0,0,0,0,0,0,0,0,0,0,0,0,0,0,0,0,0,0,0,0,0,0,0
7,0,0,0,0,0,0,0,0,0,0,0,0,0,0,0,0,0,0,0,0,0,0,0,0,0,0,0,0,0,0,0,0,0,0,0,0,0,0,0,0,0,0,0,0,0,0,0,0,0,0,0,0,0,0,0,0,0,0,0,0,0,0,0,0,0,0,0,0,0,0,0,0,0,0,0,0,0,0,0,0,0,0,0,0,0,0,0,0,0,0,0,0,0,0,0,0,0,0,0,0,0,0,0,0,0,0,0,0,0,0,0,0,0,0,0,0,0,0,0,0,0,0,0,0,0,0,0,0,0,0,0,0,0,0,0,0,0,0,0,0,0,0,0,0,0,0,0,0,0,0,0,0,0,0,0,0,0,0,0,0,0,0,0,0,0,0,0,0,0,0,0,0,0,0,0,0,0,0,0,0,120,240,254,255,254,254,226,142,37,0,0,0,0,0,0,0,0,0,0,0,0,0,0,0,0,0,0,76,252,253,239,230,249,253,253,253,189,0,0,0,0,0,0,0,0,0,0,0,0,0,0,0,0,0,0,85,253,120,35,21,50,136,253,253,230,0,0,0,0,0,0,0,0,0,0,0,0,0,0,0,0,0,6,134,253,37,0,0,0,69,253,253,78,0,0,0,0,0,0,0,0,0,0,0,0,0,0,0,0,0,19,253,225,30,0,0,0,104,253,244,38,0,0,0,0,0,0,0,0,0,0,0,0,0,0,0,0,0,137,253,61,0,0,0,73,225,253,123,0,0,0,0,0,0,0,0,0,0,0,0,0,0,0,0,0,34,239,193,3,0,0,0,163,253,253,18,0,0,0,0,0,0,0,0,0,0,0,0,0,0,0,0,0,125,234,6,0,0,0,64,252,253,187,8,0,0,0,0,0,0,0,0,0,0,0,0,0,0,0,0,0,224,234,0,0,0,0,87,253,248,44,0,0,0,0,0,0,0,0,0,0,0,0,0,0,0,0,0,0,141,199,0,0,0,105,254,253,173,0,0,0,0,0,0,0,0,0,0,0,0,0,0,0,0,0,0,0,123,18,0,0,8,205,255,244,77,0,0,0,0,0,0,0,0,0,0,0,0,0,0,0,0,0,0,0,0,0,0,0,196,253,254,131,0,0,0,0,0,0,0,0,0,0,0,0,0,0,0,0,0,0,0,0,0,0,0,24,231,253,254,122,0,0,0,0,0,0,0,0,0,0,0,0,0,0,0,0,0,0,0,0,0,0,0,120,253,253,234,51,0,0,0,0,0,0,0,0,0,0,0,0,0,0,0,0,0,0,0,0,0,0,0,238,253,235,49,0,0,0,0,0,0,0,0,0,0,0,0,0,0,0,0,0,0,0,0,0,0,0,0,244,253,200,7,0,0,0,0,0,0,0,0,0,0,0,0,0,0,0,0,0,0,0,0,0,0,0,29,247,253,253,63,0,0,0,0,0,0,0,0,0,0,0,0,0,0,0,0,0,0,0,0,0,0,0,175,253,253,162,0,0,0,0,0,0,0,0,0,0,0,0,0,0,0,0,0,0,0,0,0,0,0,0,178,253,253,148,0,0,0,0,0,0,0,0,0,0,0,0,0,0,0,0,0,0,0,0,0,0,0,7,171,197,148,17,0,0,0,0,0,0,0,0,0,0,0,0,0,0,0,0,0,0,0,0,0,0,0,0,0,0,0,0,0,0,0,0,0,0,0,0,0,0,0,0,0,0,0,0,0,0,0,0,0,0,0,0,0,0,0,0,0,0,0,0,0,0,0,0,0,0,0,0,0
2,0,0,0,0,0,0,0,0,0,0,0,0,0,0,0,0,0,0,0,0,0,0,0,0,0,0,0,0,0,0,0,0,0,0,0,0,0,0,0,0,0,0,0,0,0,0,0,0,0,0,0,0,0,0,0,0,0,0,0,0,0,0,0,0,0,0,0,0,0,0,0,0,0,0,0,0,0,0,0,0,0,0,0,0,0,0,0,0,0,0,0,0,0,0,0,13,105,105,219,253,255,129,37,0,0,0,0,0,0,0,0,0,0,0,0,0,0,0,0,0,4,60,191,213,252,252,252,252,253,252,215,32,0,0,0,0,0,0,0,0,0,0,0,0,0,0,0,13,118,252,252,252,252,246,237,237,253,252,252,132,0,0,0,0,0,0,0,0,0,0,0,0,0,0,0,208,252,252,252,237,132,86,0,0,253,252,252,132,0,0,0,0,0,0,0,0,0,0,0,0,0,0,93,247,247,177,46,25,0,0,0,0,253,252,252,132,0,0,0,0,0,0,0,0,0,0,0,0,0,0,31,214,121,0,0,0,0,0,0,0,253,252,252,132,0,0,0,0,0,0,0,0,0,0,0,0,0,0,0,70,0,0,0,0,0,0,0,80,253,252,244,63,0,0,0,0,0,0,0,0,0,0,0,0,0,0,0,0,0,0,0,0,0,0,96,246,253,230,65,0,0,0,0,0,0,0,0,0,0,0,0,0,0,0,0,0,0,0,0,0,0,0,193,252,253,192,0,0,0,0,0,0,0,0,0,0,0,0,0,0,0,0,0,0,0,0,0,0,0,141,228,252,253,105,0,0,0,0,0,0,0,0,0,0,0,0,0,0,0,0,0,0,0,0,0,13,183,253,253,253,211,26,0,0,0,0,0,0,0,0,0,0,0,0,0,0,0,0,0,0,0,0,18,170,252,252,252,216,26,0,0,0,0,0,0,0,0,0,0,0,0,0,0,0,0,0,0,0,0,8,173,252,252,252,214,36,0,0,0,0,0,0,0,0,0,0,0,0,0,0,0,0,0,0,0,0,8,182,252,252,252,252,59,0,0,0,0,0,0,0,0,0,0,0,0,0,0,0,0,0,0,0,0,0,60,252,252,252,212,37,7,0,0,0,0,0,0,0,0,71,62,0,0,0,0,0,0,0,0,0,0,61,226,252,252,230,35,0,0,0,0,8,30,30,162,178,178,248,207,0,0,0,0,0,0,0,0,0,0,208,252,252,252,238,134,134,134,134,134,162,252,252,252,252,252,252,207,0,0,0,0,0,0,0,0,0,0,208,252,252,252,252,252,252,252,252,253,252,252,252,252,252,252,115,12,0,0,0,0,0,0,0,0,0,0,208,252,252,252,252,252,252,252,252,253,252,222,207,207,102,59,4,0,0,0,0,0,0,0,0,0,0,0,86,199,252,252,252,252,111,103,103,104,103,36,0,0,0,0,0,0,0,0,0,0,0,0,0,0,0,0,0,0,0,0,0,0,0,0,0,0,0,0,0,0,0,0,0,0,0,0,0,0,0,0,0,0,0,0,0,0,0,0,0,0,0,0,0,0,0,0,0,0,0,0,0,0,0,0,0,0,0,0,0,0,0,0,0,0,0,0,0,0,0,0,0,0,0,0,0,0,0,0,0,0,0,0,0,0,0,0,0,0,0,0,0,0,0,0,0,0,0,0,0,0,0,0,0,0,0,0,0,0,0,0,0,0,0,0,0,0,0,0,0,0,0,0,0,0,0,0,0,0,0,0,0,0,0,0,0,0,0,0,0
7,0,0,0,0,0,0,0,0,0,0,0,0,0,0,0,0,0,0,0,0,0,0,0,0,0,0,0,0,0,0,0,0,0,0,0,0,0,0,0,0,0,0,0,0,0,0,0,0,0,0,0,0,0,0,0,0,0,0,0,0,0,0,0,0,0,0,0,0,0,0,0,0,0,0,0,0,0,0,0,0,0,0,0,0,0,0,0,0,0,0,0,0,0,0,0,0,0,0,0,0,0,0,0,0,0,0,0,0,0,0,0,0,0,0,0,0,0,0,0,0,0,0,0,0,0,0,0,0,0,0,0,0,0,0,0,0,0,0,0,0,0,0,0,0,0,0,0,0,0,0,0,0,0,0,0,0,0,0,0,0,0,0,0,0,0,0,0,0,0,0,0,0,0,0,0,0,0,0,0,0,0,0,0,0,0,0,0,0,0,0,0,0,0,0,0,0,0,0,0,0,0,0,0,26,118,48,0,115,192,118,54,207,255,187,118,16,0,0,0,0,0,0,0,0,0,0,0,0,0,0,0,56,253,242,234,253,253,253,243,253,253,139,242,191,21,0,0,0,0,0,0,0,0,0,0,0,0,0,0,56,253,253,253,253,253,212,212,253,253,234,251,228,38,0,0,0,0,0,0,0,0,0,0,0,0,0,0,86,253,253,153,121,149,140,65,61,65,225,253,67,0,0,0,0,0,0,0,0,0,0,0,0,0,0,0,192,253,244,40,0,0,0,0,0,5,212,253,34,0,0,0,0,0,0,0,0,0,0,0,0,0,0,0,189,247,151,0,0,0,0,0,2,96,253,253,34,0,0,0,0,0,0,0,0,0,0,0,0,0,0,0,67,67,0,0,0,0,0,0,28,253,253,129,17,0,0,0,0,0,0,0,0,0,0,0,0,0,0,0,0,0,0,0,0,0,0,0,162,253,199,8,0,0,0,0,0,0,0,0,0,0,0,0,0,0,0,0,0,0,0,0,0,0,0,18,196,253,129,0,0,0,0,0,0,0,0,0,0,0,0,0,0,0,0,0,0,0,0,0,0,0,0,86,253,210,24,0,0,0,0,0,0,0,0,0,0,0,0,0,0,0,0,0,0,0,0,0,0,0,0,186,253,135,0,0,0,0,0,0,0,0,0,0,0,0,0,0,0,0,0,0,0,0,0,0,0,0,0,186,253,231,0,0,0,0,0,0,0,0,0,0,0,0,0,0,0,0,0,0,0,0,0,0,0,0,0,186,253,187,0,0,0,0,0,0,0,0,0,0,0,0,0,0,0,0,0,0,0,0,0,0,0,0,34,219,253,179,0,0,0,0,0,0,0,0,0,0,0,0,0,0,0,0,0,0,0,0,0,0,0,0,69,253,253,109,0,0,0,0,0,0,0,0,0,0,0,0,0,0,0,0,0,0,0,0,0,0,0,0,69,253,244,74,0,0,0,0,0,0,0,0,0,0,0,0,0,0,0,0,0,0,0,0,0,0,0,0,177,253,226,0,0,0,0,0,0,0,0,0,0,0,0,0,0,0,0,0,0,0,0,0,0,0,0,15,214,253,226,0,0,0,0,0,0,0,0,0,0,0,0,0,0,0,0,0,0,0,0,0,0,0,0,90,253,253,139,0,0,0,0,0,0,0,0,0,0,0,0,0,0,0,0,0,0,0,0,0,0,0,0,90,253,152,41,0,0,0,0,0,0,0,0,0,0,0,0,0,0,0,0,0,0,0,0,0,0,0,0,0,0,0,0,0,0,0,0,0,0,0,0,0,0,0,0
0,0,0,0,0,0,0,0,0,0,0,0,0,0,0,0,0,0,0,0,0,0,0,0,0,0,0,0,0,0,0,0,0,0,0,0,0,0,0,0,0,0,0,0,0,0,0,0,0,0,0,0,0,0,0,0,0,0,0,0,0,0,0,0,0,0,0,0,0,0,0,0,0,0,0,0,0,0,0,0,0,0,0,0,0,0,0,0,0,0,0,0,0,0,0,0,0,0,0,0,0,0,0,0,0,0,0,0,0,0,0,0,0,0,0,0,0,0,0,0,0,0,0,0,0,0,0,0,0,0,0,0,0,0,0,0,0,0,0,0,0,0,0,0,0,0,0,0,0,0,0,0,0,0,0,0,0,0,128,191,128,64,0,0,0,0,0,0,0,0,0,0,0,0,0,0,0,0,0,0,0,0,0,0,64,128,255,255,255,255,64,0,0,0,0,0,0,0,0,0,0,0,0,0,0,0,0,0,0,0,0,0,191,255,255,255,255,255,128,0,0,0,0,0,0,0,0,0,0,0,0,0,0,0,0,0,0,0,64,255,255,255,255,255,255,255,128,0,0,0,0,0,0,0,0,0,0,0,0,0,0,0,0,0,0,0,191,255,255,191,255,255,255,255,0,0,0,0,0,0,0,0,0,0,0,0,0,0,0,0,0,0,0,191,255,255,191,0,255,255,255,64,0,0,0,0,0,0,0,0,0,0,0,0,0,0,0,0,0,0,191,255,255,128,0,0,255,255,255,0,0,0,0,0,0,0,0,0,0,0,0,0,0,0,0,0,0,64,255,255,191,0,0,0,255,255,255,0,0,0,0,0,0,0,0,0,0,0,0,0,0,0,0,0,64,255,255,191,0,0,0,0,255,255,255,0,0,0,0,0,0,0,0,0,0,0,0,0,0,0,0,0,191,255,255,64,0,0,0,0,255,255,255,0,0,0,0,0,0,0,0,0,0,0,0,0,0,0,0,64,255,255,64,0,0,0,0,0,255,255,255,0,0,0,0,0,0,0,0,0,0,0,0,0,0,0,0,255,255,191,0,0,0,0,0,0,255,255,255,0,0,0,0,0,0,0,0,0,0,0,0,0,0,0,64,255,255,64,0,0,0,0,0,0,255,255,191,0,0,0,0,0,0,0,0,0,0,0,0,0,0,0,255,255,128,0,0,0,0,0,0,191,255,255,0,0,0,0,0,0,0,0,0,0,0,0,0,0,0,64,255,255,128,0,0,0,0,0,128,255,255,128,0,0,0,0,0,0,0,0,0,0,0,0,0,0,0,128,255,255,64,0,0,0,0,128,255,255,191,0,0,0,0,0,0,0,0,0,0,0,0,0,0,0,0,128,255,255,0,0,0,0,191,255,255,191,0,0,0,0,0,0,0,0,0,0,0,0,0,0,0,0,0,64,255,255,128,0,191,255,255,255,64,0,0,0,0,0,0,0,0,0,0,0,0,0,0,0,0,0,0,0,64,255,255,255,255,255,255,0,0,0,0,0,0,0,0,0,0,0,0,0,0,0,0,0,0,0,0,0,0,128,255,255,191,64,0,0,0,0,0,0,0,0,0,0,0,0,0,0,0,0,0,0,0,0,0,0,0,0,0,0,0,0,0,0,0,0,0,0,0,0,0,0,0,0,0,0,0,0,0,0,0,0,0,0,0,0,0,0,0,0,0,0,0,0,0,0,0,0,0,0,0,0,0,0,0,0,0,0,0,0,0,0,0,0,0,0,0,0,0,0,0,0,0,0,0,0,0,0,0,0,0,0,0
2,0,0,0,0,0,0,0,0,0,0,0,0,0,0,0,0,0,0,0,0,0,0,0,0,0,0,0,0,0,0,0,0,0,0,0,0,0,0,0,0,0,0,0,0,0,0,0,0,0,0,0,0,0,0,0,0,0,0,0,0,0,0,0,0,0,0,0,0,0,0,0,0,0,0,0,0,0,0,0,0,0,0,0,0,0,0,0,0,0,0,0,0,0,0,0,0,0,0,0,0,0,0,0,0,0,0,0,0,0,0,0,0,0,0,0,0,0,0,0,0,44,28,28,48,28,48,10,39,0,0,0,0,0,0,0,0,0,0,0,0,0,0,0,0,0,0,106,198,250,231,231,254,231,254,128,212,70,50,0,0,0,0,0,0,0,0,0,0,0,0,0,0,42,179,254,254,254,255,254,254,254,254,251,253,248,224,11,0,0,0,0,0,0,0,0,0,0,0,0,0,185,254,228,67,152,67,67,67,110,67,150,253,254,254,73,0,0,0,0,0,0,0,0,0,0,0,0,0,83,125,21,0,0,0,0,0,0,0,0,37,223,254,126,0,0,0,0,0,0,0,0,0,0,0,0,0,0,0,0,0,0,0,0,0,0,0,0,0,193,254,176,0,0,0,0,0,0,0,0,0,0,0,0,0,0,0,0,0,0,0,0,0,0,0,0,87,247,254,240,21,0,0,0,0,0,0,0,0,0,0,0,0,0,0,0,0,0,0,0,0,0,0,25,215,254,247,91,0,0,0,0,0,0,0,0,0,0,0,0,0,0,0,0,0,0,0,0,0,0,0,187,254,254,176,0,0,0,0,0,0,0,0,0,0,0,0,0,0,0,0,0,0,0,0,0,0,0,33,235,254,178,6,0,0,0,0,0,0,0,0,0,0,0,0,0,0,0,0,0,0,0,0,0,0,0,93,254,254,62,0,0,0,0,0,0,0,0,0,0,0,0,0,0,0,0,0,0,0,0,0,0,0,6,253,254,153,2,0,0,0,0,0,0,0,0,0,0,0,0,0,0,0,0,0,0,0,0,0,0,0,121,254,254,109,0,0,0,0,0,0,0,0,0,0,0,0,0,0,0,0,0,0,0,0,0,0,0,72,252,254,202,8,0,0,0,0,0,0,0,0,0,0,0,0,0,0,0,0,0,0,0,0,0,0,12,230,254,254,81,0,0,0,0,0,0,0,18,164,0,0,0,0,0,0,0,0,0,0,0,0,0,0,119,254,254,156,6,0,0,0,7,21,21,13,74,254,0,0,0,0,0,0,0,0,0,0,0,0,0,20,232,254,254,204,172,172,172,172,197,254,254,221,254,254,0,0,0,0,0,0,0,0,0,0,0,0,0,163,254,254,254,254,254,254,254,254,254,254,254,254,254,246,0,0,0,0,0,0,0,0,0,0,0,0,0,137,224,254,253,197,219,198,241,200,197,197,169,140,131,17,0,0,0,0,0,0,0,0,0,0,0,0,0,0,22,46,46,0,18,1,35,3,0,0,0,0,0,0,0,0,0,0,0,0,0,0,0,0,0,0,0,0,0,0,0,0,0,0,0,0,0,0,0,0,0,0,0,0,0,0,0,0,0,0,0,0,0,0,0,0,0,0,0,0,0,0,0,0,0,0,0,0,0,0,0,0,0,0,0,0,0,0,0,0,0,0,0,0,0,0,0,0,0,0,0,0,0,0,0,0,0,0,0,0,0,0,0,0,0,0,0,0,0,0,0,0,0,0,0,0,0,0,0,0,0,0,0,0,0,0,0,0,0,0
4,0,0,0,0,0,0,0,0,0,0,0,0,0,0,0,0,0,0,0,0,0,0,0,0,0,0,0,0,0,0,0,0,0,0,0,0,0,0,0,0,0,0,0,0,0,0,0,0,0,0,0,0,0,0,0,0,0,0,0,0,0,0,0,0,0,0,0,0,0,0,0,0,0,0,0,0,0,0,0,0,0,0,0,0,0,0,0,0,0,0,0,0,0,0,0,0,0,0,0,0,0,0,0,0,0,0,0,0,0,0,0,0,0,0,0,0,0,0,0,0,0,0,0,0,0,0,0,0,0,0,0,0,0,0,0,0,0,0,0,0,0,0,0,0,0,0,0,0,0,0,0,0,0,0,0,0,0,0,47,40,0,0,0,0,54,34,0,0,0,0,0,0,0,0,0,0,0,0,0,0,0,0,0,0,3,111,232,240,23,0,0,119,253,237,0,0,0,0,0,0,0,0,0,0,0,0,0,0,0,0,0,13,69,254,251,98,0,0,49,232,243,111,0,0,0,0,0,0,0,0,0,0,0,0,0,0,0,0,8,106,254,250,63,0,2,123,239,247,36,0,0,0,0,0,0,0,0,0,0,0,0,0,0,0,0,42,182,254,254,194,0,0,95,254,244,77,0,0,0,0,0,0,0,0,0,0,0,0,0,0,0,0,56,199,254,254,187,19,0,48,231,254,118,0,0,0,0,0,0,0,0,0,0,0,0,0,0,0,0,128,236,254,223,111,14,0,39,198,254,196,6,0,0,0,0,0,0,0,0,0,0,0,0,0,0,12,170,253,254,217,72,0,0,10,216,254,225,39,0,0,0,0,0,0,0,0,0,0,0,0,0,0,25,147,254,254,151,27,0,0,2,133,254,254,92,0,0,0,0,0,0,0,0,0,0,0,0,0,0,26,216,254,254,146,2,0,0,0,85,254,254,227,77,0,0,0,0,0,0,0,0,0,0,0,0,0,4,152,254,254,254,29,79,106,106,126,245,254,254,254,128,0,0,0,0,0,0,0,0,0,0,0,0,0,179,254,254,254,254,254,254,254,254,254,254,254,251,167,11,0,0,0,0,0,0,0,0,0,0,0,0,0,210,254,254,254,254,241,239,248,254,254,254,152,37,0,0,0,0,0,0,0,0,0,0,0,0,0,0,0,52,128,230,254,137,8,0,168,254,254,249,0,0,0,0,0,0,0,0,0,0,0,0,0,0,0,0,0,0,0,117,254,205,35,131,253,254,254,249,0,0,0,0,0,0,0,0,0,0,0,0,0,0,0,0,0,0,0,20,161,230,254,254,254,254,254,178,0,0,0,0,0,0,0,0,0,0,0,0,0,0,0,0,0,0,0,0,0,83,242,254,254,228,200,31,0,0,0,0,0,0,0,0,0,0,0,0,0,0,0,0,0,0,0,0,0,57,248,254,115,15,0,0,0,0,0,0,0,0,0,0,0,0,0,0,0,0,0,0,0,0,0,0,0,102,209,104,1,0,0,0,0,0,0,0,0,0,0,0,0,0,0,0,0,0,0,0,0,0,0,0,0,0,0,0,0,0,0,0,0,0,0,0,0,0,0,0,0,0,0,0,0,0,0,0,0,0,0,0,0,0,0,0,0,0,0,0,0,0,0,0,0,0,0,0,0,0,0,0,0,0,0,0,0,0,0,0,0,0,0,0,0,0,0,0,0,0,0,0,0,0,0,0,0,0,0,0,0,0,0,0,0,0,0,0,0,0,0,0,0,0,0,0,0,0,0,0,0,0,0,0,0,0,0
1,0,0,0,0,0,0,0,0,0,0,0,0,0,0,0,0,0,0,0,0,0,0,0,0,0,0,0,0,0,0,0,0,0,0,0,0,0,0,0,0,0,0,0,0,0,0,0,0,0,0,0,0,0,0,0,0,0,0,0,0,0,0,0,0,0,0,0,0,0,0,0,0,0,0,0,0,0,0,0,0,0,0,0,0,0,0,0,0,0,0,0,0,0,0,0,0,0,0,0,0,0,0,0,0,0,0,0,0,0,0,0,0,0,0,0,0,0,0,0,0,0,0,0,0,44,191,63,0,0,0,0,0,0,0,0,0,0,0,0,0,0,0,0,0,0,0,0,0,0,0,0,0,78,252,111,0,0,0,0,0,0,0,0,0,0,0,0,0,0,0,0,0,0,0,0,0,0,0,0,0,78,252,214,30,0,0,0,0,0,0,0,0,0,0,0,0,0,0,0,0,0,0,0,0,0,0,0,0,87,252,164,3,0,0,0,0,0,0,0,0,0,0,0,0,0,0,0,0,0,0,0,0,0,0,0,0,187,252,111,0,0,0,0,0,0,0,0,0,0,0,0,0,0,0,0,0,0,0,0,0,0,0,0,0,187,252,160,27,0,0,0,0,0,0,0,0,0,0,0,0,0,0,0,0,0,0,0,0,0,0,0,0,84,251,253,77,0,0,0,0,0,0,0,0,0,0,0,0,0,0,0,0,0,0,0,0,0,0,0,0,0,220,253,77,0,0,0,0,0,0,0,0,0,0,0,0,0,0,0,0,0,0,0,0,0,0,0,0,0,220,243,53,0,0,0,0,0,0,0,0,0,0,0,0,0,0,0,0,0,0,0,0,0,0,0,0,0,220,235,34,0,0,0,0,0,0,0,0,0,0,0,0,0,0,0,0,0,0,0,0,0,0,0,0,0,221,255,187,0,0,0,0,0,0,0,0,0,0,0,0,0,0,0,0,0,0,0,0,0,0,0,0,0,220,253,186,0,0,0,0,0,0,0,0,0,0,0,0,0,0,0,0,0,0,0,0,0,0,0,0,0,220,253,138,0,0,0,0,0,0,0,0,0,0,0,0,0,0,0,0,0,0,0,0,0,0,0,0,0,220,253,186,0,0,0,0,0,0,0,0,0,0,0,0,0,0,0,0,0,0,0,0,0,0,0,0,0,220,253,186,0,0,0,0,0,0,0,0,0,0,0,0,0,0,0,0,0,0,0,0,0,0,0,0,0,220,253,100,0,0,0,0,0,0,0,0,0,0,0,0,0,0,0,0,0,0,0,0,0,0,0,0,0,220,224,10,0,0,0,0,0,0,0,0,0,0,0,0,0,0,0,0,0,0,0,0,0,0,0,0,0,220,253,77,0,0,0,0,0,0,0,0,0,0,0,0,0,0,0,0,0,0,0,0,0,0,0,0,0,138,253,158,0,0,0,0,0,0,0,0,0,0,0,0,0,0,0,0,0,0,0,0,0,0,0,0,0,14,191,106,0,0,0,0,0,0,0,0,0,0,0,0,0,0,0,0,0,0,0,0,0,0,0,0,0,0,0,0,0,0,0,0,0,0,0,0,0,0,0,0,0,0,0,0,0,0,0,0,0,0,0,0,0,0,0,0,0,0,0,0,0,0,0,0,0,0,0,0,0,0,0,0,0,0,0,0,0,0,0,0,0,0,0,0,0,0,0,0,0,0,0,0,0,0,0,0,0,0,0,0,0,0,0,0,0,0,0,0,0,0,0,0,0,0,0,0,0,0,0,0,0,0,0,0
1,0,0,0,0,0,0,0,0,0,0,0,0,0,0,0,0,0,0,0,0,0,0,0,0,0,0,0,0,0,0,0,0,0,0,0,0,0,0,0,0,0,0,0,0,0,0,0,0,0,0,0,0,0,0,0,0,0,0,0,0,0,0,0,0,0,0,0,0,0,0,0,0,0,0,0,0,0,0,0,0,0,0,0,0,0,0,0,0,0,0,0,0,0,0,0,0,0,0,0,0,0,0,0,0,0,0,0,0,0,0,0,0,0,0,0,0,0,0,0,0,0,0,0,0,39,229,222,96,0,0,0,0,0,0,0,0,0,0,0,0,0,0,0,0,0,0,0,0,0,0,0,0,79,254,255,223,33,0,0,0,0,0,0,0,0,0,0,0,0,0,0,0,0,0,0,0,0,0,0,0,79,254,254,254,71,0,0,0,0,0,0,0,0,0,0,0,0,0,0,0,0,0,0,0,0,0,0,0,47,233,254,254,71,0,0,0,0,0,0,0,0,0,0,0,0,0,0,0,0,0,0,0,0,0,0,0,72,249,254,254,71,0,0,0,0,0,0,0,0,0,0,0,0,0,0,0,0,0,0,0,0,0,0,0,79,254,254,233,46,0,0,0,0,0,0,0,0,0,0,0,0,0,0,0,0,0,0,0,0,0,0,0,79,254,254,195,0,0,0,0,0,0,0,0,0,0,0,0,0,0,0,0,0,0,0,0,0,0,0,0,79,254,254,244,59,0,0,0,0,0,0,0,0,0,0,0,0,0,0,0,0,0,0,0,0,0,0,0,79,254,254,224,35,0,0,0,0,0,0,0,0,0,0,0,0,0,0,0,0,0,0,0,0,0,0,0,79,254,254,254,71,0,0,0,0,0,0,0,0,0,0,0,0,0,0,0,0,0,0,0,0,0,0,0,79,254,254,224,35,0,0,0,0,0,0,0,0,0,0,0,0,0,0,0,0,0,0,0,0,0,0,0,79,254,254,254,71,0,0,0,0,0,0,0,0,0,0,0,0,0,0,0,0,0,0,0,0,0,0,0,79,254,255,254,95,0,0,0,0,0,0,0,0,0,0,0,0,0,0,0,0,0,0,0,0,0,0,0,67,247,254,254,202,0,0,0,0,0,0,0,0,0,0,0,0,0,0,0,0,0,0,0,0,0,0,0,0,203,254,254,202,0,0,0,0,0,0,0,0,0,0,0,0,0,0,0,0,0,0,0,0,0,0,0,0,123,254,254,202,0,0,0,0,0,0,0,0,0,0,0,0,0,0,0,0,0,0,0,0,0,0,0,0,73,254,254,233,46,0,0,0,0,0,0,0,0,0,0,0,0,0,0,0,0,0,0,0,0,0,0,0,73,254,254,254,78,0,0,0,0,0,0,0,0,0,0,0,0,0,0,0,0,0,0,0,0,0,0,0,71,253,254,254,78,0,0,0,0,0,0,0,0,0,0,0,0,0,0,0,0,0,0,0,0,0,0,0,0,197,254,227,38,0,0,0,0,0,0,0,0,0,0,0,0,0,0,0,0,0,0,0,0,0,0,0,0,0,0,0,0,0,0,0,0,0,0,0,0,0,0,0,0,0,0,0,0,0,0,0,0,0,0,0,0,0,0,0,0,0,0,0,0,0,0,0,0,0,0,0,0,0,0,0,0,0,0,0,0,0,0,0,0,0,0,0,0,0,0,0,0,0,0,0,0,0,0,0,0,0,0,0,0,0,0,0,0,0,0,0,0,0,0,0,0,0,0,0,0,0,0,0,0,0,0
6,0,0,0,0,0,0,0,0,0,0,0,0,0,0,0,0,0,0,0,0,0,0,0,0,0,0,0,0,0,0,0,0,0,0,0,0,0,0,0,0,0,0,0,0,0,0,0,0,0,0,0,0,0,0,0,0,0,0,0,0,0,0,0,0,0,0,0,0,0,0,0,0,0,0,0,0,0,0,0,0,0,0,0,0,0,0,0,0,0,0,0,0,0,0,0,0,0,0,0,0,0,0,0,15,196,185,22,0,0,0,0,0,0,0,0,0,0,0,0,0,0,0,0,0,0,0,0,0,0,0,2,150,240,163,20,0,0,0,0,0,0,0,0,0,0,0,0,0,0,0,0,0,0,0,0,0,0,0,94,254,254,115,0,0,0,0,0,0,0,0,0,0,0,0,0,0,0,0,0,0,0,0,0,0,0,56,218,254,147,10,0,0,0,0,0,0,0,0,0,0,0,0,0,0,0,0,0,0,0,0,0,0,20,240,254,248,41,0,0,0,0,0,0,0,0,0,0,0,0,0,0,0,0,0,0,0,0,0,0,0,175,254,254,136,0,0,0,0,0,0,0,0,0,0,0,0,0,0,0,0,0,0,0,0,0,0,0,118,254,254,213,8,0,0,0,0,0,0,0,0,0,0,0,0,0,0,0,0,0,0,0,0,0,0,20,240,254,249,56,0,0,0,0,0,0,0,0,0,0,0,0,0,0,0,0,0,0,0,0,0,0,0,151,254,225,39,0,0,0,0,0,0,0,0,0,0,0,0,0,0,0,0,0,0,0,0,0,0,0,118,251,254,137,0,0,0,0,0,0,0,0,0,0,0,0,0,0,0,0,0,0,0,0,0,0,0,24,239,255,169,0,0,0,0,0,0,0,0,0,0,0,0,0,0,0,0,0,0,0,0,0,0,0,30,210,254,254,101,6,0,0,0,0,0,0,0,0,0,0,0,0,0,0,0,0,0,0,0,0,0,66,243,254,254,254,254,117,0,0,0,0,0,0,0,0,0,0,0,0,0,0,0,0,0,0,0,0,15,209,254,254,235,252,254,164,0,0,0,0,0,0,0,0,0,0,0,0,0,0,0,0,0,0,0,0,100,254,254,254,107,238,254,164,0,0,0,0,0,0,0,0,0,0,0,0,0,0,0,0,0,0,0,0,116,254,254,192,75,246,254,122,0,0,0,0,0,0,0,0,0,0,0,0,0,0,0,0,0,0,0,0,116,254,238,73,206,254,254,83,0,0,0,0,0,0,0,0,0,0,0,0,0,0,0,0,0,0,0,0,116,254,254,246,254,254,211,35,0,0,0,0,0,0,0,0,0,0,0,0,0,0,0,0,0,0,0,0,116,254,254,254,254,184,11,0,0,0,0,0,0,0,0,0,0,0,0,0,0,0,0,0,0,0,0,0,4,167,171,127,16,1,0,0,0,0,0,0,0,0,0,0,0,0,0,0,0,0,0,0,0,0,0,0,0,0,0,0,0,0,0,0,0,0,0,0,0,0,0,0,0,0,0,0,0,0,0,0,0,0,0,0,0,0,0,0,0,0,0,0,0,0,0,0,0,0,0,0,0,0,0,0,0,0,0,0,0,0,0,0,0,0,0,0,0,0,0,0,0,0,0,0,0,0,0,0,0,0,0,0,0,0,0,0,0,0,0,0,0,0,0,0,0,0,0,0,0,0,0,0,0,0,0,0,0,0,0,0,0,0,0,0,0,0,0,0,0,0,0,0,0,0,0,0,0,0,0,0,0,0,0,0,0,0,0
6,0,0,0,0,0,0,0,0,0,0,0,0,0,0,0,0,0,0,0,0,0,0,0,0,0,0,0,0,0,0,0,0,0,0,0,0,0,0,0,0,0,0,0,0,0,0,0,0,0,0,0,0,0,0,0,0,0,0,0,0,0,0,0,0,0,0,0,0,0,0,0,0,0,0,0,0,0,0,0,0,0,0,0,0,0,0,0,0,0,0,0,0,0,0,0,0,0,0,0,0,0,0,0,0,0,0,0,0,0,0,0,0,0,0,0,0,0,0,0,0,0,0,55,129,254,254,254,255,226,39,0,0,0,0,0,0,0,0,0,0,0,0,0,0,0,0,0,0,0,0,207,253,253,253,253,253,253,203,44,0,0,0,0,0,0,0,0,0,0,0,0,0,0,0,0,0,0,112,243,253,253,252,243,249,253,253,84,0,0,0,0,0,0,0,0,0,0,0,0,0,0,0,0,0,0,141,253,253,208,157,0,113,188,222,59,0,0,0,0,0,0,0,0,0,0,0,0,0,0,0,0,0,0,141,253,253,102,0,0,0,17,66,0,0,0,0,0,0,0,0,0,0,0,0,0,0,0,0,0,0,6,149,253,253,102,0,0,0,0,0,0,0,0,0,0,0,0,0,0,0,0,0,0,0,0,0,0,0,76,253,253,253,102,0,0,0,0,0,0,0,0,0,0,0,0,0,0,0,0,0,0,0,0,0,0,0,76,253,253,253,102,0,0,0,0,0,0,0,0,0,0,0,0,0,0,0,0,0,0,0,0,0,0,0,68,240,253,253,231,217,217,217,44,0,0,0,0,0,0,0,0,0,0,0,0,0,0,0,0,0,0,0,0,141,253,253,253,253,253,253,229,56,0,0,0,0,0,0,0,0,0,0,0,0,0,0,0,0,0,0,0,141,253,253,253,253,253,253,253,215,160,11,0,0,0,0,0,0,0,0,0,0,0,0,0,0,0,0,0,121,246,253,253,248,229,253,253,253,253,17,0,0,0,0,0,0,0,0,0,0,0,0,0,0,0,0,0,0,207,253,253,224,56,215,253,253,253,95,0,0,0,0,0,0,0,0,0,0,0,0,0,0,0,0,0,0,207,253,253,243,107,53,235,253,253,237,94,0,0,0,0,0,0,0,0,0,0,0,0,0,0,0,0,0,169,221,253,253,246,117,56,253,253,253,160,14,0,0,0,0,0,0,0,0,0,0,0,0,0,0,0,0,0,85,253,253,253,253,148,253,253,253,253,74,0,0,0,0,0,0,0,0,0,0,0,0,0,0,0,0,0,25,180,253,253,253,253,253,253,253,253,74,0,0,0,0,0,0,0,0,0,0,0,0,0,0,0,0,0,0,118,238,217,253,253,253,253,253,227,58,0,0,0,0,0,0,0,0,0,0,0,0,0,0,0,0,0,0,0,98,95,253,253,253,253,230,72,0,0,0,0,0,0,0,0,0,0,0,0,0,0,0,0,0,0,0,0,0,24,65,93,253,253,65,0,0,0,0,0,0,0,0,0,0,0,0,0,0,0,0,0,0,0,0,0,0,0,0,0,0,0,0,0,0,0,0,0,0,0,0,0,0,0,0,0,0,0,0,0,0,0,0,0,0,0,0,0,0,0,0,0,0,0,0,0,0,0,0,0,0,0,0,0,0,0,0,0,0,0,0,0,0,0,0,0,0,0,0,0,0,0,0,0,0,0,0,0,0,0,0,0,0,0,0,0,0,0,0,0,0,0,0,0,0,0,0,0,0,0,0,0,0,0,0
9,0,0,0,0,0,0,0,0,0,0,0,0,0,0,0,0,0,0,0,0,0,0,0,0,0,0,0,0,0,0,0,0,0,0,0,0,0,0,0,0,0,0,0,0,0,0,0,0,0,0,0,0,0,0,0,0,0,0,0,0,0,0,0,0,0,0,0,0,0,0,0,0,0,0,0,0,0,0,0,0,0,0,0,0,0,0,0,0,0,0,0,0,0,0,0,0,0,0,0,0,0,0,0,0,0,0,0,0,0,0,0,0,0,0,0,0,0,0,0,0,0,0,0,0,0,0,0,0,0,0,0,0,0,0,0,0,0,0,0,0,0,0,0,0,0,0,0,0,0,0,0,0,0,0,0,0,0,0,0,0,0,0,0,0,0,0,0,0,0,0,0,0,0,0,0,0,0,0,0,0,0,42,146,185,254,255,255,139,13,0,0,0,0,0,0,0,0,0,0,0,0,0,0,0,0,0,0,68,184,248,253,253,253,253,253,253,113,0,0,0,0,0,0,0,0,0,0,0,0,0,0,0,0,2,153,241,253,251,178,139,85,32,163,253,188,0,0,0,0,0,0,0,0,0,0,0,0,0,0,0,0,146,253,253,239,61,0,0,0,0,40,248,188,0,0,0,0,0,0,0,0,0,0,0,0,0,0,0,14,210,253,253,86,0,0,0,0,0,32,247,237,32,0,0,0,0,0,0,0,0,0,0,0,0,0,0,140,253,253,154,7,0,0,0,0,3,150,253,251,41,0,0,0,0,0,0,0,0,0,0,0,0,0,0,151,253,243,0,0,0,0,0,0,127,253,248,152,0,0,0,0,0,0,0,0,0,0,0,0,0,0,0,151,253,243,0,0,0,0,32,188,234,253,226,0,0,0,0,0,0,0,0,0,0,0,0,0,0,0,0,151,253,243,0,0,22,194,240,253,253,247,74,0,0,0,0,0,0,0,0,0,0,0,0,0,0,0,0,128,253,250,162,162,246,253,253,253,253,156,0,0,0,0,0,0,0,0,0,0,0,0,0,0,0,0,0,10,163,253,253,253,253,253,253,253,232,54,0,0,0,0,0,0,0,0,0,0,0,0,0,0,0,0,0,0,40,174,232,148,71,122,253,253,138,0,0,0,0,0,0,0,0,0,0,0,0,0,0,0,0,0,0,0,0,0,0,0,37,223,253,248,66,0,0,0,0,0,0,0,0,0,0,0,0,0,0,0,0,0,0,0,0,0,0,0,166,253,253,190,0,0,0,0,0,0,0,0,0,0,0,0,0,0,0,0,0,0,0,0,0,0,0,96,253,253,253,66,0,0,0,0,0,0,0,0,0,0,0,0,0,0,0,0,0,0,0,0,0,0,0,195,253,253,190,5,0,0,0,0,0,0,0,0,0,0,0,0,0,0,0,0,0,0,0,0,0,0,20,219,253,253,72,0,0,0,0,0,0,0,0,0,0,0,0,0,0,0,0,0,0,0,0,0,0,0,49,253,253,200,1,0,0,0,0,0,0,0,0,0,0,0,0,0,0,0,0,0,0,0,0,0,0,0,49,253,253,169,0,0,0,0,0,0,0,0,0,0,0,0,0,0,0,0,0,0,0,0,0,0,0,0,28,182,193,14,0,0,0,0,0,0,0,0,0,0,0,0,0,0,0,0,0,0,0,0,0,0,0,0,0,0,0,0,0,0,0,0,0,0,0,0,0,0,0,0,0,0,0,0,0,0,0,0,0,0,0,0,0,0,0,0,0,0,0,0,0,0,0,0,0,0,0,0,0
2,0,0,0,0,0,0,0,0,0,0,0,0,0,0,0,0,0,0,0,0,0,0,0,0,0,0,0,0,0,0,0,0,0,0,0,0,0,0,0,0,0,0,0,0,0,0,0,0,0,0,0,0,0,0,0,0,0,0,0,0,0,0,0,0,0,0,0,0,0,0,0,0,0,0,0,0,0,0,0,0,0,0,0,0,0,0,0,0,0,0,0,0,0,0,0,0,0,0,0,0,0,0,0,0,0,0,0,0,0,0,0,0,0,0,0,0,0,0,0,0,0,0,0,0,0,0,0,0,0,29,255,232,38,0,0,0,0,0,0,0,0,0,0,0,0,0,0,0,0,0,0,0,0,0,0,14,89,251,253,253,70,0,0,0,0,0,0,0,0,0,0,0,0,0,0,0,0,0,0,0,0,13,54,183,253,253,253,243,56,0,0,0,0,0,0,0,0,0,0,0,0,0,0,0,0,0,0,0,12,169,253,253,188,163,253,118,0,0,0,0,0,0,0,0,0,0,0,0,0,0,0,0,0,0,0,9,171,253,226,66,44,229,253,88,0,0,0,0,0,0,0,0,0,0,0,0,0,0,0,0,0,0,0,129,253,201,20,0,113,253,227,10,0,0,0,0,0,0,0,0,0,0,0,0,0,0,0,0,0,0,0,18,55,9,0,0,170,253,109,0,0,0,0,0,0,0,0,0,0,0,0,0,0,0,0,0,0,0,0,0,0,0,0,65,243,241,0,0,0,0,0,0,0,0,0,0,0,0,0,0,0,0,0,0,0,0,0,0,0,0,13,220,253,167,0,0,0,0,0,0,0,0,0,0,0,0,0,0,0,0,0,0,0,0,0,0,0,0,105,253,253,41,0,0,0,0,0,0,0,0,0,0,0,0,0,0,0,0,0,0,0,0,0,0,0,19,213,253,166,2,0,0,0,0,0,0,0,0,0,0,0,0,0,0,0,0,0,0,0,0,0,0,0,60,253,253,42,0,0,0,0,0,0,0,0,0,0,0,0,0,0,0,0,0,0,0,0,0,166,231,231,236,253,167,3,0,0,0,0,0,0,0,0,0,0,0,0,0,0,0,0,0,0,0,5,167,253,243,253,253,253,152,18,1,26,130,36,0,0,0,0,0,0,0,0,0,0,0,0,0,0,0,103,253,179,51,253,253,253,253,206,153,253,248,62,0,0,0,0,0,0,0,0,0,0,0,0,0,0,0,207,253,157,253,253,192,193,253,253,253,248,113,0,0,0,0,0,0,0,0,0,0,0,0,0,0,0,19,219,253,253,253,193,21,22,169,188,188,112,0,0,0,0,0,0,0,0,0,0,0,0,0,0,0,0,72,253,253,253,246,64,0,0,0,0,0,0,0,0,0,0,0,0,0,0,0,0,0,0,0,0,0,0,72,253,253,251,84,0,0,0,0,0,0,0,0,0,0,0,0,0,0,0,0,0,0,0,0,0,0,0,5,155,203,22,0,0,0,0,0,0,0,0,0,0,0,0,0,0,0,0,0,0,0,0,0,0,0,0,0,0,0,0,0,0,0,0,0,0,0,0,0,0,0,0,0,0,0,0,0,0,0,0,0,0,0,0,0,0,0,0,0,0,0,0,0,0,0,0,0,0,0,0,0,0,0,0,0,0,0,0,0,0,0,0,0,0,0,0,0,0,0,0,0,0,0,0,0,0,0,0,0,0,0,0,0,0,0,0,0,0,0,0,0,0,0,0,0,0,0,0,0,0,0,0,0,0,0,0,0,0,0,0,0
8,0,0,0,0,0,0,0,0,0,0,0,0,0,0,0,0,0,0,0,0,0,0,0,0,0,0,0,0,0,0,0,0,0,0,0,0,0,0,0,0,0,0,0,0,0,0,0,0,0,0,0,0,0,0,0,0,0,0,0,0,0,0,0,0,0,0,0,0,0,0,0,0,0,0,0,0,0,0,0,0,0,0,0,0,0,0,0,0,0,0,0,0,0,0,0,0,0,0,0,0,0,0,0,0,0,0,0,0,0,0,0,0,0,0,0,0,0,0,0,0,0,0,0,0,0,0,0,0,0,0,0,0,0,0,0,0,0,0,0,0,0,0,0,0,0,0,0,0,0,0,0,0,0,0,0,0,0,17,145,194,97,0,0,0,0,0,0,0,0,0,0,0,0,0,0,0,0,0,0,0,0,0,0,0,72,218,254,254,250,145,0,0,0,0,0,0,0,0,0,0,0,0,0,0,0,0,0,0,0,1,123,245,250,254,254,254,252,118,0,0,0,0,0,0,0,0,0,0,0,0,0,0,0,0,0,0,55,172,254,254,254,254,210,97,62,0,0,0,0,0,0,0,0,0,0,0,0,0,0,0,0,0,0,30,212,254,254,244,211,125,16,0,0,0,0,0,0,0,0,0,0,0,0,0,0,0,0,0,54,127,177,245,254,254,188,48,0,0,39,148,134,107,41,0,0,0,0,0,0,0,0,0,0,0,0,82,247,254,255,254,213,90,12,0,0,0,227,254,254,222,75,0,0,0,0,0,0,0,0,0,0,0,0,209,254,222,120,83,0,0,0,0,62,63,243,254,241,65,0,0,0,0,0,0,0,0,0,0,0,0,0,157,254,169,6,1,0,0,2,87,254,254,254,174,48,0,0,0,0,0,0,0,0,0,0,0,0,0,0,70,241,254,254,162,53,53,136,254,254,254,137,0,0,0,0,0,0,0,0,0,0,0,0,0,0,0,0,0,38,198,254,254,254,254,254,254,238,120,3,0,0,0,0,0,0,0,0,0,0,0,0,0,0,0,0,0,0,3,5,225,254,254,254,254,213,0,0,0,0,0,0,0,0,0,0,0,0,0,0,0,0,0,0,0,0,0,0,224,254,254,236,166,243,84,0,0,0,0,0,0,0,0,0,0,0,0,0,0,0,0,0,0,0,4,134,253,254,224,12,0,250,213,8,0,0,0,0,0,0,0,0,0,0,0,0,0,0,0,0,0,0,27,254,254,235,29,0,0,101,254,15,0,0,0,0,0,0,0,0,0,0,0,0,0,0,0,0,0,0,69,255,247,55,0,0,0,128,254,15,0,0,0,0,0,0,0,0,0,0,0,0,0,0,0,0,0,0,9,202,239,0,0,0,68,45,254,15,0,0,0,0,0,0,0,0,0,0,0,0,0,0,0,0,0,0,0,55,239,150,115,136,233,225,210,9,0,0,0,0,0,0,0,0,0,0,0,0,0,0,0,0,0,0,0,0,92,254,254,254,254,245,48,0,0,0,0,0,0,0,0,0,0,0,0,0,0,0,0,0,0,0,0,0,3,115,238,254,171,41,0,0,0,0,0,0,0,0,0,0,0,0,0,0,0,0,0,0,0,0,0,0,0,0,0,0,0,0,0,0,0,0,0,0,0,0,0,0,0,0,0,0,0,0,0,0,0,0,0,0,0,0,0,0,0,0,0,0,0,0,0,0,0,0,0,0,0,0,0,0,0,0,0,0,0,0,0,0,0,0,0,0,0,0,0,0,0,0,0,0,0,0,0,0,0
7,0,0,0,0,0,0,0,0,0,0,0,0,0,0,0,0,0,0,0,0,0,0,0,0,0,0,0,0,0,0,0,0,0,0,0,0,0,0,0,0,0,0,0,0,0,0,0,0,0,0,0,0,0,0,0,0,0,0,0,0,0,0,0,0,0,0,0,0,0,0,0,0,0,0,0,0,0,0,0,0,0,0,0,0,0,0,0,0,0,0,0,0,0,0,0,0,0,0,0,0,0,0,0,0,0,0,0,0,0,0,0,0,0,0,0,0,0,0,0,0,0,0,0,0,0,0,0,0,0,0,0,0,0,0,0,0,0,0,0,0,0,0,0,0,0,0,0,0,0,0,0,0,0,0,0,0,0,0,0,0,0,0,0,0,0,0,0,0,0,0,0,0,0,0,0,0,0,0,0,0,0,0,0,0,0,0,0,0,0,0,0,0,0,0,0,0,0,0,0,0,139,95,0,0,0,0,0,0,0,0,0,0,0,0,0,0,38,12,0,0,0,0,0,0,0,0,0,0,138,221,31,0,0,0,0,0,0,0,0,0,0,9,77,77,251,154,0,0,0,0,0,0,0,0,0,0,185,254,152,4,0,0,0,1,5,2,6,78,156,226,254,254,254,184,0,0,0,0,0,0,0,0,0,0,166,254,254,222,152,152,152,159,233,189,254,254,254,254,254,254,254,184,0,0,0,0,0,0,0,0,0,0,77,254,254,254,254,254,254,254,254,254,254,254,254,199,65,223,254,149,0,0,0,0,0,0,0,0,0,0,41,137,250,254,254,254,251,237,158,157,33,27,27,13,59,250,239,40,0,0,0,0,0,0,0,0,0,0,0,0,59,97,143,97,64,0,0,0,0,0,0,0,87,254,154,0,0,0,0,0,0,0,0,0,0,0,0,0,0,0,0,0,0,0,0,0,0,0,0,10,201,254,114,0,0,0,0,0,0,0,0,0,0,0,0,0,0,0,0,0,0,0,0,0,0,0,0,81,254,248,13,0,0,0,0,0,0,0,0,0,0,0,0,0,0,0,0,0,0,0,0,0,0,0,0,136,254,151,0,0,0,0,0,0,0,0,0,0,0,0,0,0,0,0,0,0,0,0,0,0,0,0,0,175,254,66,0,0,0,0,0,0,0,0,0,0,0,0,0,0,0,0,0,0,0,0,0,0,0,0,51,250,193,3,0,0,0,0,0,0,0,0,0,0,0,0,0,0,0,0,0,0,0,0,0,0,0,0,99,254,189,0,0,0,0,0,0,0,0,0,0,0,0,0,0,0,0,0,0,0,0,0,0,0,0,0,186,254,189,0,0,0,0,0,0,0,0,0,0,0,0,0,0,0,0,0,0,0,0,0,0,0,0,7,212,254,177,0,0,0,0,0,0,0,0,0,0,0,0,0,0,0,0,0,0,0,0,0,0,0,0,88,254,248,60,0,0,0,0,0,0,0,0,0,0,0,0,0,0,0,0,0,0,0,0,0,0,0,19,240,254,183,0,0,0,0,0,0,0,0,0,0,0,0,0,0,0,0,0,0,0,0,0,0,0,0,22,254,254,119,0,0,0,0,0,0,0,0,0,0,0,0,0,0,0,0,0,0,0,0,0,0,0,0,22,254,254,119,0,0,0,0,0,0,0,0,0,0,0,0,0,0,0,0,0,0,0,0,0,0,0,0,69,254,166,22,0,0,0,0,0,0,0,0,0,0,0,0,0,0,0,0,0,0,0,0,0,0,0,0,0,0,0,0,0,0,0,0,0,0,0,0,0,0
2,0,0,0,0,0,0,0,0,0,0,0,0,0,0,0,0,0,0,0,0,0,0,0,0,0,0,0,0,0,0,0,0,0,0,0,0,0,0,0,0,0,0,0,0,0,0,0,0,0,0,0,0,0,0,0,0,0,0,0,0,0,0,0,0,0,0,0,0,0,0,0,0,0,0,0,0,0,0,0,0,0,0,0,0,0,0,0,0,0,0,0,0,0,0,0,0,0,0,0,0,22,127,254,255,103,1,0,0,0,0,0,0,0,0,0,0,0,0,0,0,0,0,0,0,0,0,0,52,233,252,170,246,254,12,0,0,0,0,0,0,0,0,0,0,0,0,0,0,0,0,0,0,0,25,166,243,225,67,0,234,254,12,0,0,0,0,0,0,0,0,0,0,0,0,0,0,0,0,0,8,124,241,245,149,10,0,0,234,254,12,0,0,0,0,0,0,0,0,0,0,0,0,0,0,0,0,54,200,254,230,46,0,0,0,81,248,167,4,0,0,0,0,0,0,0,0,0,0,0,0,0,0,3,97,240,242,149,32,0,0,0,6,211,217,30,0,0,0,0,0,0,0,0,0,0,0,0,0,0,2,130,254,250,94,0,0,0,0,0,124,254,95,0,0,0,0,0,0,0,0,0,0,0,0,0,0,0,83,254,193,94,0,0,0,0,0,37,221,166,5,0,0,0,0,0,0,0,0,0,0,0,0,0,0,0,88,240,22,0,0,0,0,0,8,182,254,68,0,0,0,0,0,0,0,0,0,0,0,0,0,0,0,0,3,73,11,0,0,0,0,0,132,254,164,5,0,0,0,0,0,0,0,0,0,0,0,0,0,0,0,0,0,0,0,0,0,0,0,97,248,211,28,0,0,0,0,0,0,0,0,0,0,0,0,0,0,0,0,0,0,0,0,0,0,0,124,248,211,28,0,0,0,0,0,0,0,0,0,0,0,0,0,0,0,0,0,0,0,0,0,0,0,124,248,211,28,0,0,0,0,0,0,0,0,0,0,0,0,0,0,0,0,0,0,0,0,0,0,0,124,248,211,28,0,0,0,0,0,0,0,0,0,0,0,0,0,0,0,0,0,0,0,4,128,229,229,229,249,211,55,0,0,0,0,0,0,0,19,71,0,0,0,0,0,0,0,0,0,0,0,112,227,214,254,254,254,192,12,0,0,0,0,0,0,0,174,126,0,0,0,0,0,0,0,0,0,0,110,222,112,173,254,222,215,254,199,49,0,0,0,0,0,118,253,68,0,0,0,0,0,0,0,0,0,2,198,190,196,254,161,26,17,171,254,233,73,0,0,143,208,249,130,1,0,0,0,0,0,0,0,0,0,3,229,254,248,106,2,0,0,4,130,254,252,246,246,253,254,128,7,0,0,0,0,0,0,0,0,0,0,0,91,166,54,0,0,0,0,0,1,117,214,254,234,95,10,1,0,0,0,0,0,0,0,0,0,0,0,0,0,0,0,0,0,0,0,0,0,0,0,0,0,0,0,0,0,0,0,0,0,0,0,0,0,0,0,0,0,0,0,0,0,0,0,0,0,0,0,0,0,0,0,0,0,0,0,0,0,0,0,0,0,0,0,0,0,0,0,0,0,0,0,0,0,0,0,0,0,0,0,0,0,0,0,0,0,0,0,0,0,0,0,0,0,0,0,0,0,0,0,0,0,0,0,0,0,0,0,0,0,0,0,0,0,0,0,0,0,0,0,0,0,0,0,0,0,0,0,0,0,0,0,0,0,0,0,0,0,0,0,0,0,0,0
0,0,0,0,0,0,0,0,0,0,0,0,0,0,0,0,0,0,0,0,0,0,0,0,0,0,0,0,0,0,0,0,0,0,0,0,0,0,0,0,0,0,0,0,0,0,0,0,0,0,0,0,0,0,0,0,0,0,0,0,0,0,0,0,0,0,0,0,0,0,0,0,0,0,0,0,0,0,0,0,0,0,0,0,0,0,0,0,0,0,0,0,0,0,0,0,0,0,0,0,0,0,0,0,0,0,0,0,0,0,0,0,0,0,0,0,0,0,0,0,0,0,0,0,0,0,0,0,0,0,0,0,0,0,0,0,0,0,0,0,0,0,0,0,0,0,0,0,0,0,0,0,0,0,47,233,253,170,192,47,94,0,0,0,0,0,0,0,0,0,0,0,0,0,0,0,0,0,0,0,0,0,233,252,252,252,253,232,226,31,0,0,0,0,0,0,0,0,0,0,0,0,0,0,0,0,0,0,27,120,253,252,252,231,217,132,241,211,21,0,0,0,0,0,0,0,0,0,0,0,0,0,0,0,0,0,181,252,253,252,252,108,0,0,181,252,144,0,0,0,0,0,0,0,0,0,0,0,0,0,0,0,0,32,211,252,253,220,143,62,0,0,37,252,144,0,0,0,0,0,0,0,0,0,0,0,0,0,0,0,32,207,252,252,222,45,0,0,0,0,37,252,144,0,0,0,0,0,0,0,0,0,0,0,0,0,0,0,109,252,252,252,41,0,0,0,0,0,37,252,144,0,0,0,0,0,0,0,0,0,0,0,0,0,0,0,109,252,252,168,0,0,0,0,0,0,37,252,144,0,0,0,0,0,0,0,0,0,0,0,0,0,0,1,171,253,217,0,0,0,0,0,0,0,37,253,145,0,0,0,0,0,0,0,0,0,0,0,0,0,0,125,252,252,91,0,0,0,0,0,0,0,78,252,144,0,0,0,0,0,0,0,0,0,0,0,0,0,27,221,252,200,20,0,0,0,0,0,0,11,191,231,41,0,0,0,0,0,0,0,0,0,0,0,0,0,37,252,252,97,0,0,0,0,0,0,0,155,231,46,0,0,0,0,0,0,0,0,0,0,0,0,0,0,37,253,206,20,0,0,0,0,0,0,171,253,154,0,0,0,0,0,0,0,0,0,0,0,0,0,0,0,37,252,143,0,0,0,0,0,11,155,253,148,10,0,0,0,0,0,0,0,0,0,0,0,0,0,0,0,11,175,221,129,0,0,0,0,140,252,253,119,0,0,0,0,0,0,0,0,0,0,0,0,0,0,0,0,0,144,252,179,0,0,0,42,221,252,191,15,0,0,0,0,0,0,0,0,0,0,0,0,0,0,0,0,0,145,253,98,0,63,255,253,253,191,0,0,0,0,0,0,0,0,0,0,0,0,0,0,0,0,0,0,0,144,252,242,134,237,253,252,179,15,0,0,0,0,0,0,0,0,0,0,0,0,0,0,0,0,0,0,0,125,252,252,252,252,217,91,20,0,0,0,0,0,0,0,0,0,0,0,0,0,0,0,0,0,0,0,0,1,108,232,252,168,0,0,0,0,0,0,0,0,0,0,0,0,0,0,0,0,0,0,0,0,0,0,0,0,0,0,0,0,0,0,0,0,0,0,0,0,0,0,0,0,0,0,0,0,0,0,0,0,0,0,0,0,0,0,0,0,0,0,0,0,0,0,0,0,0,0,0,0,0,0,0,0,0,0,0,0,0,0,0,0,0,0,0,0,0,0,0,0,0,0,0,0,0,0,0,0,0,0,0
1,0,0,0,0,0,0,0,0,0,0,0,0,0,0,0,0,0,0,0,0,0,0,0,0,0,0,0,0,0,0,0,0,0,0,0,0,0,0,0,0,0,0,0,0,0,0,0,0,0,0,0,0,0,0,0,0,0,0,0,0,0,0,0,0,0,0,0,0,0,0,0,0,0,0,0,0,0,0,0,0,0,0,0,0,0,0,0,0,0,0,0,0,0,0,0,0,0,0,0,0,0,0,0,0,0,0,0,0,0,0,0,0,0,0,0,0,0,0,0,0,0,0,0,0,0,0,0,0,0,0,0,0,0,0,0,0,0,0,0,0,0,0,0,0,0,0,0,0,0,0,0,0,0,60,255,87,0,0,0,0,0,0,0,0,0,0,0,0,0,0,0,0,0,0,0,0,0,0,0,0,0,60,254,122,0,0,0,0,0,0,0,0,0,0,0,0,0,0,0,0,0,0,0,0,0,0,0,0,0,129,254,122,0,0,0,0,0,0,0,0,0,0,0,0,0,0,0,0,0,0,0,0,0,0,0,0,0,157,254,122,0,0,0,0,0,0,0,0,0,0,0,0,0,0,0,0,0,0,0,0,0,0,0,0,0,153,254,122,0,0,0,0,0,0,0,0,0,0,0,0,0,0,0,0,0,0,0,0,0,0,0,0,0,188,254,45,0,0,0,0,0,0,0,0,0,0,0,0,0,0,0,0,0,0,0,0,0,0,0,0,0,188,254,28,0,0,0,0,0,0,0,0,0,0,0,0,0,0,0,0,0,0,0,0,0,0,0,0,0,188,254,84,0,0,0,0,0,0,0,0,0,0,0,0,0,0,0,0,0,0,0,0,0,0,0,0,0,188,254,76,0,0,0,0,0,0,0,0,0,0,0,0,0,0,0,0,0,0,0,0,0,0,0,0,21,236,229,18,0,0,0,0,0,0,0,0,0,0,0,0,0,0,0,0,0,0,0,0,0,0,0,0,29,254,188,0,0,0,0,0,0,0,0,0,0,0,0,0,0,0,0,0,0,0,0,0,0,0,0,0,78,253,139,0,0,0,0,0,0,0,0,0,0,0,0,0,0,0,0,0,0,0,0,0,0,0,0,0,123,253,95,0,0,0,0,0,0,0,0,0,0,0,0,0,0,0,0,0,0,0,0,0,0,0,0,0,123,253,95,0,0,0,0,0,0,0,0,0,0,0,0,0,0,0,0,0,0,0,0,0,0,0,0,0,105,253,112,0,0,0,0,0,0,0,0,0,0,0,0,0,0,0,0,0,0,0,0,0,0,0,0,0,29,253,188,0,0,0,0,0,0,0,0,0,0,0,0,0,0,0,0,0,0,0,0,0,0,0,0,0,29,253,234,20,0,0,0,0,0,0,0,0,0,0,0,0,0,0,0,0,0,0,0,0,0,0,0,0,22,238,254,28,0,0,0,0,0,0,0,0,0,0,0,0,0,0,0,0,0,0,0,0,0,0,0,0,0,188,246,25,0,0,0,0,0,0,0,0,0,0,0,0,0,0,0,0,0,0,0,0,0,0,0,0,0,153,153,0,0,0,0,0,0,0,0,0,0,0,0,0,0,0,0,0,0,0,0,0,0,0,0,0,0,0,0,0,0,0,0,0,0,0,0,0,0,0,0,0,0,0,0,0,0,0,0,0,0,0,0,0,0,0,0,0,0,0,0,0,0,0,0,0,0,0,0,0,0,0,0,0,0,0,0,0,0,0,0,0,0,0,0,0,0,0,0,0,0,0,0,0,0,0,0,0
5,0,0,0,0,0,0,0,0,0,0,0,0,0,0,0,0,0,0,0,0,0,0,0,0,0,0,0,0,0,0,0,0,0,0,0,0,0,0,0,0,0,0,0,0,0,0,0,0,0,0,0,0,0,0,0,0,0,0,0,0,0,0,0,0,0,0,0,0,0,0,0,0,0,0,0,0,0,0,0,0,0,0,0,0,0,0,0,0,0,0,0,0,0,0,0,0,0,0,0,0,0,0,0,0,0,0,0,0,0,0,0,0,0,0,0,0,0,0,0,0,0,0,0,0,0,0,0,0,0,0,0,0,0,0,0,0,0,0,0,0,0,0,0,0,0,0,0,0,0,0,128,128,0,64,128,128,128,128,128,255,255,255,255,255,191,0,0,0,0,0,0,0,0,0,0,0,0,0,255,255,255,255,255,255,255,255,255,128,128,64,0,0,0,0,0,0,0,0,0,0,0,0,0,0,0,64,255,255,255,255,255,191,128,0,0,0,0,0,0,0,0,0,0,0,0,0,0,0,0,0,0,0,0,191,255,255,255,0,0,0,0,0,0,0,0,0,0,0,0,0,0,0,0,0,0,0,0,0,0,0,128,255,255,255,255,0,0,0,0,0,0,0,0,0,0,0,0,0,0,0,0,0,0,0,0,0,0,0,128,255,255,255,191,0,0,0,0,0,0,0,0,0,0,0,0,0,0,0,0,0,0,0,0,0,0,0,128,255,255,255,255,191,64,0,0,0,0,0,0,0,0,0,0,0,0,0,0,0,0,0,0,0,0,0,64,0,128,255,255,255,255,255,64,0,0,0,0,0,0,0,0,0,0,0,0,0,0,0,0,0,0,0,0,0,0,0,0,64,191,255,255,191,64,0,0,0,0,0,0,0,0,0,0,0,0,0,0,0,0,0,0,0,0,0,0,0,0,0,128,255,255,64,0,0,0,0,0,0,0,0,0,0,0,0,0,0,0,0,0,0,0,0,0,0,0,0,0,128,255,255,64,0,0,0,0,0,0,0,0,0,0,0,0,0,0,0,0,0,0,0,0,0,0,0,0,0,191,255,191,0,0,0,0,0,0,0,0,0,0,0,0,0,0,0,0,0,0,0,0,0,0,0,0,0,64,255,255,0,0,0,0,0,0,0,0,0,0,0,0,0,0,0,0,0,0,0,0,0,0,0,0,0,0,255,255,128,0,0,0,0,0,0,0,0,0,0,0,0,0,64,255,0,0,0,0,0,0,0,0,0,64,255,255,128,0,0,0,0,0,0,0,0,0,0,0,0,0,191,128,0,0,0,0,0,0,0,0,0,255,255,255,128,0,0,0,0,0,0,0,0,0,0,0,0,0,255,128,0,0,0,0,0,0,0,0,191,255,255,191,0,0,0,0,0,0,0,0,0,0,0,0,0,0,255,128,0,0,0,0,128,128,255,255,255,255,255,64,0,0,0,0,0,0,0,0,0,0,0,0,0,0,191,255,255,191,255,255,255,255,255,255,255,128,0,0,0,0,0,0,0,0,0,0,0,0,0,0,0,0,0,128,191,255,255,255,255,128,128,0,0,0,0,0,0,0,0,0,0,0,0,0,0,0,0,0,0,0,0,0,0,0,0,0,0,0,0,0,0,0,0,0,0,0,0,0,0,0,0,0,0,0,0,0,0,0,0,0,0,0,0,0,0,0,0,0,0,0,0,0,0,0,0,0,0,0,0,0,0,0,0,0,0,0,0,0,0,0,0,0,0,0,0,0,0,0,0,0,0,0,0,0,0,0,0
0,0,0,0,0,0,0,0,0,0,0,0,0,0,0,0,0,0,0,0,0,0,0,0,0,0,0,0,0,0,0,0,0,0,0,0,0,0,0,0,0,0,0,0,0,0,0,0,0,0,0,0,0,0,0,0,0,0,0,0,0,0,0,0,0,0,0,0,0,0,0,0,0,0,0,0,0,0,0,0,0,0,0,0,0,0,0,0,0,0,0,0,0,0,0,0,0,0,0,0,0,0,0,0,0,0,0,0,0,0,0,0,0,0,0,0,0,0,0,0,0,0,0,0,0,0,0,0,0,0,0,0,0,0,0,0,0,0,0,0,0,0,0,0,0,0,0,0,0,0,0,0,0,0,0,0,0,0,0,0,0,0,0,0,0,0,0,0,0,0,0,0,0,0,0,0,0,0,0,0,0,0,0,0,0,0,0,0,0,0,0,0,0,0,0,0,0,0,0,0,0,0,0,0,0,0,0,0,0,0,0,0,0,0,0,0,0,0,0,0,0,0,0,0,0,0,0,0,0,0,0,0,0,0,0,0,0,0,0,0,0,0,0,0,0,0,0,0,0,0,0,0,0,0,0,0,0,0,0,0,0,0,20,53,155,155,155,155,155,55,32,32,32,3,0,0,0,0,0,0,0,0,0,0,0,0,0,3,38,114,220,253,253,253,253,253,253,253,253,253,253,170,46,2,0,0,0,0,0,0,0,0,0,0,30,174,253,253,253,224,210,210,210,210,210,149,225,253,253,253,253,114,1,0,0,0,0,0,0,0,0,29,217,253,253,247,125,27,0,0,0,0,0,0,28,80,128,224,253,253,91,0,0,0,0,0,0,0,0,158,253,226,253,244,93,0,0,0,0,0,0,0,0,0,0,31,213,253,217,0,0,0,0,0,0,0,0,254,253,146,140,191,103,0,0,0,0,0,0,0,0,0,0,0,112,253,253,0,0,0,0,0,0,0,0,160,253,249,80,0,0,0,0,0,0,0,0,0,0,0,0,29,211,253,220,0,0,0,0,0,0,0,0,32,219,253,209,66,0,0,0,0,0,0,0,0,0,28,124,221,253,253,93,0,0,0,0,0,0,0,0,0,37,253,253,247,205,183,81,81,81,81,81,81,184,223,253,253,253,119,1,0,0,0,0,0,0,0,0,0,3,43,124,253,253,253,253,253,253,253,253,253,253,253,253,217,112,2,0,0,0,0,0,0,0,0,0,0,0,0,4,52,160,160,178,253,253,253,253,253,253,173,51,22,0,0,0,0,0,0,0,0,0,0,0,0,0,0,0,0,0,0,6,30,30,64,57,30,30,5,0,0,0,0,0,0,0,0,0,0,0,0,0,0,0,0,0,0,0,0,0,0,0,0,0,0,0,0,0,0,0,0,0,0,0,0,0,0,0,0,0,0,0,0,0,0,0,0,0,0,0,0,0,0,0,0,0,0,0,0,0,0,0,0,0,0,0,0,0,0,0,0,0,0,0,0,0,0,0,0,0,0,0,0,0,0,0,0,0,0,0,0,0,0,0,0,0,0,0,0,0,0,0,0,0,0,0,0,0,0,0,0,0,0,0,0,0,0,0,0,0,0,0,0,0,0,0,0,0,0,0,0,0,0,0,0,0,0,0,0,0,0,0,0,0,0,0,0,0,0,0,0,0,0,0,0,0,0,0,0,0,0,0,0,0,0,0,0,0,0,0,0,0,0,0,0,0,0,0,0,0,0,0,0,0,0,0,0,0,0,0,0,0,0,0,0,0,0,0,0,0,0,0,0,0
9,0,0,0,0,0,0,0,0,0,0,0,0,0,0,0,0,0,0,0,0,0,0,0,0,0,0,0,0,0,0,0,0,0,0,0,0,0,0,0,0,0,0,0,0,0,0,0,0,0,0,0,0,0,0,0,0,0,0,0,0,0,0,0,0,0,0,0,0,0,0,0,0,0,0,0,0,0,0,0,0,0,0,0,0,0,0,0,0,0,0,0,0,0,0,0,0,0,0,0,0,0,0,0,0,0,0,0,0,0,0,0,0,0,0,0,0,0,0,0,0,0,0,0,0,0,0,0,0,0,0,0,0,0,0,0,0,0,0,0,0,0,0,0,0,0,0,0,0,0,0,9,58,228,203,170,167,127,0,0,0,0,0,0,0,0,0,0,0,0,0,0,0,0,0,0,0,0,59,180,161,93,3,6,63,220,16,0,0,0,0,0,0,0,0,0,0,0,0,0,0,0,0,0,0,42,251,135,25,0,0,0,0,16,2,0,0,0,0,0,0,0,0,0,0,0,0,0,0,0,0,0,30,190,222,6,0,0,0,0,0,0,0,0,0,0,0,0,0,0,0,0,0,0,0,0,0,0,0,0,44,248,218,0,0,0,0,0,0,0,0,0,0,0,0,0,0,0,0,0,0,0,0,0,0,0,0,0,19,189,218,0,0,0,0,0,0,0,0,31,19,0,0,0,0,0,0,0,0,0,0,0,0,0,0,0,0,62,246,183,7,0,0,0,0,0,91,247,191,0,0,0,0,0,0,0,0,0,0,0,0,0,0,0,0,26,160,238,207,129,76,18,18,18,230,254,65,0,0,0,0,0,0,0,0,0,0,0,0,0,0,0,0,0,0,8,142,214,214,157,157,211,254,219,12,0,0,0,0,0,0,0,0,0,0,0,0,0,0,0,0,0,0,0,0,0,0,0,0,62,254,123,0,0,0,0,0,0,0,0,0,0,0,0,0,0,0,0,0,0,0,0,0,0,0,0,0,149,255,65,0,0,0,0,0,0,0,0,0,0,0,0,0,0,0,0,0,0,0,0,0,0,0,0,44,135,239,25,0,0,0,0,0,0,0,0,0,0,0,0,0,0,0,0,0,0,0,0,0,0,0,0,71,242,201,0,0,0,0,0,0,0,0,0,0,0,0,0,0,0,0,0,0,0,0,0,0,0,0,0,101,254,123,0,0,0,0,0,0,0,0,0,0,0,0,0,0,0,0,0,0,0,0,0,0,0,0,0,222,254,114,0,0,0,0,0,0,0,0,0,0,0,0,0,0,0,0,0,0,0,0,0,0,0,0,0,236,251,41,0,0,0,0,0,0,0,0,0,0,0,0,0,0,0,0,0,0,0,0,0,0,0,0,0,177,214,26,0,0,0,0,0,0,0,0,0,0,0,0,0,0,0,0,0,0,0,0,0,0,0,0,0,240,254,26,0,0,0,0,0,0,0,0,0,0,0,0,0,0,0,0,0,0,0,0,0,0,0,0,0,222,254,191,25,0,0,0,0,0,0,0,0,0,0,0,0,0,0,0,0,0,0,0,0,0,0,0,0,161,196,166,23,0,0,0,0,0,0,0,0,0,0,0,0,0,0,0,0,0,0,0,0,0,0,0,0,0,0,0,0,0,0,0,0,0,0,0,0,0,0,0,0,0,0,0,0,0,0,0,0,0,0,0,0,0,0,0,0,0,0,0,0,0,0,0,0,0,0,0,0,0,0,0,0,0,0,0,0,0,0,0,0,0,0,0,0,0,0,0,0,0,0,0,0,0
1,0,0,0,0,0,0,0,0,0,0,0,0,0,0,0,0,0,0,0,0,0,0,0,0,0,0,0,0,0,0,0,0,0,0,0,0,0,0,0,0,0,0,0,0,0,0,0,0,0,0,0,0,0,0,0,0,0,0,0,0,0,0,0,0,0,0,0,0,0,0,0,0,0,0,0,0,0,0,0,0,0,0,0,0,0,0,0,0,0,0,0,0,0,0,0,0,0,0,0,0,0,0,0,0,0,0,0,0,0,0,0,0,0,0,0,0,0,0,0,0,0,0,0,0,0,0,0,202,125,0,0,0,0,0,0,0,0,0,0,0,0,0,0,0,0,0,0,0,0,0,0,0,0,0,40,240,125,0,0,0,0,0,0,0,0,0,0,0,0,0,0,0,0,0,0,0,0,0,0,0,0,0,55,254,125,0,0,0,0,0,0,0,0,0,0,0,0,0,0,0,0,0,0,0,0,0,0,0,0,0,74,254,125,0,0,0,0,0,0,0,0,0,0,0,0,0,0,0,0,0,0,0,0,0,0,0,0,0,163,254,159,0,0,0,0,0,0,0,0,0,0,0,0,0,0,0,0,0,0,0,0,0,0,0,0,1,167,254,181,0,0,0,0,0,0,0,0,0,0,0,0,0,0,0,0,0,0,0,0,0,0,0,0,17,254,254,125,0,0,0,0,0,0,0,0,0,0,0,0,0,0,0,0,0,0,0,0,0,0,0,0,17,254,254,125,0,0,0,0,0,0,0,0,0,0,0,0,0,0,0,0,0,0,0,0,0,0,0,0,17,254,254,125,0,0,0,0,0,0,0,0,0,0,0,0,0,0,0,0,0,0,0,0,0,0,0,0,40,254,254,125,0,0,0,0,0,0,0,0,0,0,0,0,0,0,0,0,0,0,0,0,0,0,0,0,126,254,254,125,0,0,0,0,0,0,0,0,0,0,0,0,0,0,0,0,0,0,0,0,0,0,0,0,181,254,254,125,0,0,0,0,0,0,0,0,0,0,0,0,0,0,0,0,0,0,0,0,0,0,0,0,234,254,254,125,0,0,0,0,0,0,0,0,0,0,0,0,0,0,0,0,0,0,0,0,0,0,0,0,234,254,254,83,0,0,0,0,0,0,0,0,0,0,0,0,0,0,0,0,0,0,0,0,0,0,0,47,245,254,254,16,0,0,0,0,0,0,0,0,0,0,0,0,0,0,0,0,0,0,0,0,0,0,0,88,254,255,191,5,0,0,0,0,0,0,0,0,0,0,0,0,0,0,0,0,0,0,0,0,0,0,0,88,254,254,162,0,0,0,0,0,0,0,0,0,0,0,0,0,0,0,0,0,0,0,0,0,0,0,0,88,254,254,56,0,0,0,0,0,0,0,0,0,0,0,0,0,0,0,0,0,0,0,0,0,0,0,0,88,254,254,54,0,0,0,0,0,0,0,0,0,0,0,0,0,0,0,0,0,0,0,0,0,0,0,0,13,183,146,31,0,0,0,0,0,0,0,0,0,0,0,0,0,0,0,0,0,0,0,0,0,0,0,0,0,0,0,0,0,0,0,0,0,0,0,0,0,0,0,0,0,0,0,0,0,0,0,0,0,0,0,0,0,0,0,0,0,0,0,0,0,0,0,0,0,0,0,0,0,0,0,0,0,0,0,0,0,0,0,0,0,0,0,0,0,0,0,0,0,0,0,0,0,0,0,0,0,0,0,0,0,0,0,0,0,0,0,0,0,0,0,0,0,0,0,0,0,0,0,0,0,0,0,0
7,0,0,0,0,0,0,0,0,0,0,0,0,0,0,0,0,0,0,0,0,0,0,0,0,0,0,0,0,0,0,0,0,0,0,0,0,0,0,0,0,0,0,0,0,0,0,0,0,0,0,0,0,0,0,0,0,0,0,0,0,0,0,0,0,0,0,0,0,0,0,0,0,0,0,0,0,0,0,0,0,0,0,0,0,0,0,0,0,0,0,0,0,0,0,0,0,0,0,0,0,0,0,0,0,0,0,0,0,0,0,0,0,0,0,0,0,0,0,0,0,0,0,0,0,0,0,0,0,0,0,0,0,0,0,0,0,0,0,0,0,0,0,0,0,0,0,0,0,0,0,0,0,0,0,0,0,0,0,0,0,0,0,0,0,0,0,0,0,0,0,0,0,0,0,0,0,0,0,0,0,0,0,0,14,63,137,137,150,155,5,0,0,0,0,0,0,0,0,0,0,0,0,0,0,0,0,0,0,0,6,120,232,254,254,254,254,254,71,0,0,0,0,0,0,0,0,0,0,0,0,0,0,0,44,54,167,172,186,254,254,254,254,254,254,254,71,0,0,0,0,0,0,0,0,0,0,0,0,0,49,160,243,254,254,254,254,254,199,183,159,254,254,254,71,0,0,0,0,0,0,0,0,0,0,0,7,161,240,254,254,254,254,204,165,83,11,0,154,254,254,174,13,0,0,0,0,0,0,0,0,0,0,0,11,212,254,224,147,98,29,13,0,0,0,41,241,254,242,52,0,0,0,0,0,0,0,0,0,0,0,0,0,7,11,8,0,0,0,0,0,0,2,154,254,254,225,6,123,149,167,16,0,0,0,0,0,0,0,0,0,0,0,0,0,0,0,0,0,0,144,254,254,254,254,254,237,136,16,0,0,0,0,0,0,0,0,0,0,0,0,0,0,0,21,42,62,160,233,254,254,253,213,135,26,0,0,0,0,0,0,0,0,0,0,0,5,60,140,90,157,178,216,254,254,255,254,255,147,73,0,0,0,0,0,0,0,0,0,0,0,0,0,0,18,254,254,254,254,254,254,254,254,254,254,226,16,0,0,0,0,0,0,0,0,0,0,0,0,0,0,0,3,58,224,254,254,254,254,254,254,255,226,45,0,0,0,0,0,0,0,0,0,0,0,0,0,0,0,0,0,0,41,141,101,128,250,254,254,254,125,0,0,0,0,0,0,0,0,0,0,0,0,0,0,0,0,0,0,0,0,0,0,6,244,254,254,218,29,0,0,0,0,0,0,0,0,0,0,0,0,0,0,0,0,0,0,0,0,0,0,176,254,254,250,68,0,0,0,0,0,0,0,0,0,0,0,0,0,0,0,0,0,0,0,0,0,0,17,231,254,254,135,0,0,0,0,0,0,0,0,0,0,0,0,0,0,0,0,0,0,0,0,0,0,52,209,254,254,237,26,0,0,0,0,0,0,0,0,0,0,0,0,0,0,0,0,0,0,0,0,0,0,72,254,254,253,100,0,0,0,0,0,0,0,0,0,0,0,0,0,0,0,0,0,0,0,0,0,0,0,72,254,254,249,0,0,0,0,0,0,0,0,0,0,0,0,0,0,0,0,0,0,0,0,0,0,0,0,5,211,204,77,0,0,0,0,0,0,0,0,0,0,0,0,0,0,0,0,0,0,0,0,0,0,0,0,0,0,0,0,0,0,0,0,0,0,0,0,0,0,0,0,0,0,0,0,0,0,0,0,0,0,0,0,0,0,0,0,0,0,0,0,0,0,0,0,0,0,0,0,0,0,0,0
0,0,0,0,0,0,0,0,0,0,0,0,0,0,0,0,0,0,0,0,0,0,0,0,0,0,0,0,0,0,0,0,0,0,0,0,0,0,0,0,0,0,0,0,0,0,0,0,0,0,0,0,0,0,0,0,0,0,0,0,0,0,0,0,0,0,0,0,0,0,0,0,0,0,0,0,0,0,0,0,0,0,0,0,0,0,0,0,0,0,0,0,0,0,0,0,0,0,0,0,0,0,0,0,0,0,0,0,0,0,0,0,0,0,0,0,0,0,0,0,0,0,0,0,0,0,0,0,0,0,0,0,0,0,0,0,0,0,0,0,0,0,0,0,0,0,0,0,0,0,0,0,0,0,0,0,0,42,170,255,209,82,1,0,0,0,0,0,0,0,0,0,0,0,0,0,0,0,0,0,0,0,0,4,46,228,253,253,253,253,91,0,0,0,0,0,0,0,0,0,0,0,0,0,0,0,0,0,0,0,14,137,253,253,253,253,244,253,207,10,0,0,0,0,0,0,0,0,0,0,0,0,0,0,0,0,0,42,223,253,253,253,206,105,109,253,253,18,0,0,0,0,0,0,0,0,0,0,0,0,0,0,0,0,27,222,253,246,231,253,157,0,94,253,253,18,0,0,0,0,0,0,0,0,0,0,0,0,0,0,0,0,123,253,245,103,59,198,18,0,80,249,253,18,0,0,0,0,0,0,0,0,0,0,0,0,0,0,0,47,224,253,116,0,0,104,0,0,17,229,253,18,0,0,0,0,0,0,0,0,0,0,0,0,0,0,7,179,253,244,59,0,0,0,0,0,118,253,253,18,0,0,0,0,0,0,0,0,0,0,0,0,0,0,120,253,253,116,0,0,0,0,0,0,217,253,253,18,0,0,0,0,0,0,0,0,0,0,0,0,0,19,227,253,221,22,0,0,0,0,0,0,217,229,139,5,0,0,0,0,0,0,0,0,0,0,0,0,0,59,253,253,116,0,0,0,0,0,0,67,245,154,0,0,0,0,0,0,0,0,0,0,0,0,0,0,0,149,253,224,19,0,0,0,0,0,24,197,253,154,0,0,0,0,0,0,0,0,0,0,0,0,0,0,55,233,253,116,0,0,0,0,0,0,81,253,224,45,0,0,0,0,0,0,0,0,0,0,0,0,0,0,143,253,253,93,0,0,0,0,0,0,184,253,118,0,0,0,0,0,0,0,0,0,0,0,0,0,0,0,143,253,253,93,0,0,0,0,0,110,246,221,23,0,0,0,0,0,0,0,0,0,0,0,0,0,0,0,143,253,238,47,0,0,0,0,110,247,253,57,0,0,0,0,0,0,0,0,0,0,0,0,0,0,0,0,92,253,253,93,0,0,76,136,248,253,128,4,0,0,0,0,0,0,0,0,0,0,0,0,0,0,0,0,19,253,253,224,194,236,248,253,253,220,28,0,0,0,0,0,0,0,0,0,0,0,0,0,0,0,0,0,1,96,253,253,253,253,253,253,163,35,0,0,0,0,0,0,0,0,0,0,0,0,0,0,0,0,0,0,0,1,82,208,171,129,102,5,2,0,0,0,0,0,0,0,0,0,0,0,0,0,0,0,0,0,0,0,0,0,0,0,0,0,0,0,0,0,0,0,0,0,0,0,0,0,0,0,0,0,0,0,0,0,0,0,0,0,0,0,0,0,0,0,0,0,0,0,0,0,0,0,0,0,0,0,0,0,0,0,0,0,0,0,0,0,0,0,0,0,0,0,0,0,0,0,0,0,0,0,0,0,0,0,0
6,0,0,0,0,0,0,0,0,0,0,0,0,0,0,0,0,0,0,0,0,0,0,0,0,0,0,0,0,0,0,0,0,0,0,0,0,0,0,0,0,0,0,0,0,0,0,0,0,0,0,0,0,0,0,0,0,0,0,0,0,0,0,0,0,0,0,0,0,0,0,0,0,0,0,0,0,0,0,0,0,0,0,0,0,0,0,0,0,0,0,0,0,0,0,0,0,0,0,0,0,0,0,97,228,163,38,0,0,0,0,0,0,0,0,0,0,0,0,0,0,0,0,0,0,0,0,0,0,0,93,230,253,254,108,0,0,0,0,0,0,0,0,0,0,0,0,0,0,0,0,0,0,0,0,0,0,86,235,253,253,204,54,0,0,0,0,0,0,0,0,0,0,0,0,0,0,0,0,0,0,0,0,0,103,249,253,253,253,20,0,0,0,0,0,0,0,0,0,0,0,0,0,0,0,0,0,0,0,0,0,33,254,253,253,246,129,0,0,0,0,0,0,0,0,0,0,0,0,0,0,0,0,0,0,0,0,0,12,228,255,254,243,71,0,0,0,0,0,0,0,0,0,0,0,0,0,0,0,0,0,0,0,0,0,21,152,253,254,241,41,0,0,0,0,0,0,0,0,0,0,0,0,0,0,0,0,0,0,0,0,0,0,82,253,253,254,76,0,0,0,0,0,0,0,0,0,0,0,0,0,0,0,0,0,0,0,0,0,0,30,213,253,253,222,10,0,0,0,0,0,0,0,0,0,0,0,0,0,0,0,0,0,0,0,0,0,27,216,253,253,253,84,0,0,0,0,0,0,0,0,0,0,0,0,0,0,0,0,0,0,0,0,0,0,157,254,254,254,169,0,0,0,0,0,0,0,0,0,0,0,0,0,0,0,0,0,0,0,0,0,0,85,254,253,253,68,5,0,0,0,0,0,0,0,0,0,0,0,0,0,0,0,0,0,0,0,0,0,0,136,254,253,253,153,128,218,198,115,8,0,0,0,0,0,0,0,0,0,0,0,0,0,0,0,0,0,0,181,254,253,253,253,253,254,253,253,197,6,0,0,0,0,0,0,0,0,0,0,0,0,0,0,0,0,46,232,254,253,253,253,253,254,253,253,253,72,0,0,0,0,0,0,0,0,0,0,0,0,0,0,0,0,19,254,255,182,228,190,91,0,236,254,254,72,0,0,0,0,0,0,0,0,0,0,0,0,0,0,0,0,2,186,254,253,199,4,0,114,245,253,253,136,0,0,0,0,0,0,0,0,0,0,0,0,0,0,0,0,0,135,254,253,235,152,217,254,253,253,244,36,0,0,0,0,0,0,0,0,0,0,0,0,0,0,0,0,0,20,113,206,253,253,246,248,235,222,69,0,0,0,0,0,0,0,0,0,0,0,0,0,0,0,0,0,0,0,0,145,129,169,79,52,0,0,0,0,0,0,0,0,0,0,0,0,0,0,0,0,0,0,0,0,0,0,0,0,0,0,0,0,0,0,0,0,0,0,0,0,0,0,0,0,0,0,0,0,0,0,0,0,0,0,0,0,0,0,0,0,0,0,0,0,0,0,0,0,0,0,0,0,0,0,0,0,0,0,0,0,0,0,0,0,0,0,0,0,0,0,0,0,0,0,0,0,0,0,0,0,0,0,0,0,0,0,0,0,0,0,0,0,0,0,0,0,0,0,0,0,0,0,0,0,0,0,0,0,0,0,0,0,0,0,0,0,0,0,0,0,0,0,0,0,0,0,0,0,0,0,0,0,0,0,0,0
0,0,0,0,0,0,0,0,0,0,0,0,0,0,0,0,0,0,0,0,0,0,0,0,0,0,0,0,0,0,0,0,0,0,0,0,0,0,0,0,0,0,0,0,0,0,0,0,0,0,0,0,0,0,0,0,0,0,0,0,0,0,0,0,0,0,0,0,0,0,0,0,0,0,0,0,0,0,0,0,0,0,0,0,0,0,0,0,0,0,0,0,0,0,0,0,0,0,0,0,0,0,0,0,0,0,0,0,0,0,0,0,0,0,0,0,0,0,0,0,0,0,0,0,0,0,137,126,25,0,0,0,0,0,0,0,0,0,0,0,0,0,0,0,0,0,0,0,0,0,0,0,0,0,217,254,237,128,9,0,0,0,0,0,0,0,0,0,0,0,0,0,0,0,0,0,0,0,0,0,0,48,245,254,254,254,98,0,0,0,0,0,0,0,0,0,0,0,0,0,0,0,0,0,0,0,0,0,26,216,254,254,254,254,250,85,0,0,0,0,0,0,0,0,0,0,0,0,0,0,0,0,0,0,0,0,103,254,254,254,254,254,254,220,11,0,0,0,0,0,0,0,0,0,0,0,0,0,0,0,0,0,0,16,240,254,254,211,47,144,249,254,61,0,0,0,0,0,0,0,0,0,0,0,0,0,0,0,0,0,0,51,254,254,254,93,0,0,131,254,143,0,0,0,0,0,0,0,0,0,0,0,0,0,0,0,0,0,0,134,254,254,226,3,0,0,11,235,252,66,0,0,0,0,0,0,0,0,0,0,0,0,0,0,0,0,23,230,254,254,134,0,0,0,0,169,254,140,0,0,0,0,0,0,0,0,0,0,0,0,0,0,0,0,48,254,254,211,10,0,0,0,0,169,254,140,0,0,0,0,0,0,0,0,0,0,0,0,0,0,0,0,108,254,254,138,0,0,0,0,35,254,254,141,0,0,0,0,0,0,0,0,0,0,0,0,0,0,0,0,141,254,254,19,0,0,0,0,153,254,254,140,0,0,0,0,0,0,0,0,0,0,0,0,0,0,0,0,180,254,187,2,0,0,0,141,241,254,254,67,0,0,0,0,0,0,0,0,0,0,0,0,0,0,0,0,172,254,169,0,0,0,135,244,254,254,222,16,0,0,0,0,0,0,0,0,0,0,0,0,0,0,0,0,141,254,184,37,87,211,254,254,254,254,154,0,0,0,0,0,0,0,0,0,0,0,0,0,0,0,0,0,100,254,254,243,247,254,254,254,254,220,63,0,0,0,0,0,0,0,0,0,0,0,0,0,0,0,0,0,32,238,254,254,254,254,255,254,254,112,0,0,0,0,0,0,0,0,0,0,0,0,0,0,0,0,0,0,0,96,254,254,254,254,254,254,132,3,0,0,0,0,0,0,0,0,0,0,0,0,0,0,0,0,0,0,0,10,207,254,254,254,237,128,9,0,0,0,0,0,0,0,0,0,0,0,0,0,0,0,0,0,0,0,0,0,22,122,194,159,25,0,0,0,0,0,0,0,0,0,0,0,0,0,0,0,0,0,0,0,0,0,0,0,0,0,0,0,0,0,0,0,0,0,0,0,0,0,0,0,0,0,0,0,0,0,0,0,0,0,0,0,0,0,0,0,0,0,0,0,0,0,0,0,0,0,0,0,0,0,0,0,0,0,0,0,0,0,0,0,0,0,0,0,0,0,0,0,0,0,0,0,0,0,0,0,0,0,0,0,0,0,0,0,0,0,0,0,0,0,0,0,0,0,0,0,0,0,0,0,0,0,0,0,0
8,0,0,0,0,0,0,0,0,0,0,0,0,0,0,0,0,0,0,0,0,0,0,0,0,0,0,0,0,0,0,0,0,0,0,0,0,0,0,0,0,0,0,0,0,0,0,0,0,0,0,0,0,0,0,0,0,0,0,0,0,0,0,0,0,0,0,0,0,0,0,0,0,0,0,0,0,0,0,0,0,0,0,0,0,0,0,0,0,0,0,0,0,0,0,0,0,0,0,0,0,0,0,0,0,0,0,0,0,0,0,0,0,0,0,0,0,0,0,0,0,0,0,0,23,91,199,229,240,93,0,0,0,0,0,0,0,0,0,0,0,0,0,0,0,0,0,0,0,0,2,77,222,235,171,109,58,175,0,0,0,0,0,0,0,0,0,0,0,0,0,0,0,0,0,0,0,40,160,253,174,31,0,0,0,15,0,0,0,0,0,0,0,0,0,0,0,0,0,0,0,0,0,0,76,202,250,96,6,0,0,0,0,0,0,0,0,0,0,0,0,0,0,0,0,0,0,0,0,0,0,30,241,253,89,0,0,0,0,0,0,0,0,0,0,0,0,0,0,0,0,0,0,0,0,0,0,0,0,132,254,174,0,0,0,0,0,0,0,0,0,5,96,84,0,0,0,0,0,0,0,0,0,0,0,0,0,196,253,208,20,0,0,0,0,0,0,0,8,200,252,168,0,0,0,0,0,0,0,0,0,0,0,0,0,88,253,253,236,112,9,0,0,0,0,24,198,253,94,0,0,0,0,0,0,0,0,0,0,0,0,0,0,6,121,249,254,253,213,142,69,40,38,223,253,70,0,0,0,0,0,0,0,0,0,0,0,0,0,0,0,0,0,40,154,253,253,253,253,248,244,253,119,1,0,0,0,0,0,0,0,0,0,0,0,0,0,0,0,0,0,0,0,35,120,178,243,255,254,254,164,11,0,0,0,0,0,0,0,0,0,0,0,0,0,0,0,0,0,0,0,0,0,0,20,219,253,253,253,189,10,0,0,0,0,0,0,0,0,0,0,0,0,0,0,0,0,0,0,0,0,0,15,239,227,62,207,253,187,27,0,0,0,0,0,0,0,0,0,0,0,0,0,0,0,0,0,0,0,0,35,254,249,42,8,155,254,211,0,0,0,0,0,0,0,0,0,0,0,0,0,0,0,0,0,0,0,0,50,254,253,72,0,0,179,251,168,0,0,0,0,0,0,0,0,0,0,0,0,0,0,0,0,0,0,0,25,255,254,184,2,0,16,254,206,0,0,0,0,0,0,0,0,0,0,0,0,0,0,0,0,0,0,0,0,244,253,253,158,2,51,253,205,0,0,0,0,0,0,0,0,0,0,0,0,0,0,0,0,0,0,0,0,141,241,253,253,184,199,253,165,0,0,0,0,0,0,0,0,0,0,0,0,0,0,0,0,0,0,0,0,0,118,241,253,253,254,253,82,0,0,0,0,0,0,0,0,0,0,0,0,0,0,0,0,0,0,0,0,0,0,68,193,253,249,105,3,0,0,0,0,0,0,0,0,0,0,0,0,0,0,0,0,0,0,0,0,0,0,0,0,0,0,0,0,0,0,0,0,0,0,0,0,0,0,0,0,0,0,0,0,0,0,0,0,0,0,0,0,0,0,0,0,0,0,0,0,0,0,0,0,0,0,0,0,0,0,0,0,0,0,0,0,0,0,0,0,0,0,0,0,0,0,0,0,0,0,0,0,0,0,0,0,0,0,0,0,0,0,0,0,0,0,0,0,0,0,0,0,0,0,0,0,0,0
6,0,0,0,0,0,0,0,0,0,0,0,0,0,0,0,0,0,0,0,0,0,0,0,0,0,0,0,0,0,0,0,0,0,0,0,0,0,0,0,0,0,0,0,0,0,0,0,0,0,0,0,0,0,0,0,0,0,0,0,0,0,0,0,0,0,0,0,0,0,0,62,255,193,0,0,0,0,0,0,0,0,0,0,0,0,0,0,0,0,0,0,0,0,0,0,0,0,160,234,253,192,0,0,0,0,0,0,0,0,0,0,0,0,0,0,0,0,0,0,0,0,0,0,0,68,231,252,247,93,0,0,0,0,0,0,0,0,0,0,0,0,0,0,0,0,0,0,0,0,0,0,64,244,252,181,79,0,0,0,0,0,0,0,0,0,0,0,0,0,0,0,0,0,0,0,0,0,0,71,238,252,80,12,0,0,0,0,0,0,0,0,0,0,0,0,0,0,0,0,0,0,0,0,0,0,53,230,252,241,52,0,0,0,0,0,0,0,0,0,0,0,0,0,0,0,0,0,0,0,0,0,0,0,75,252,252,84,0,0,0,0,0,0,0,0,0,0,0,0,0,0,0,0,0,0,0,0,0,0,0,0,215,252,125,1,0,0,0,0,0,0,0,0,0,0,0,0,0,0,0,0,0,0,0,0,0,0,0,22,228,246,97,0,0,0,46,45,45,24,0,0,0,0,0,0,0,0,0,0,0,0,0,0,0,0,0,120,252,222,0,53,149,149,253,252,252,203,105,0,0,0,0,0,0,0,0,0,0,0,0,0,0,0,16,253,253,253,253,253,253,253,255,253,253,253,253,135,0,0,0,0,0,0,0,0,0,0,0,0,0,0,15,252,252,252,252,252,241,192,44,44,53,220,252,229,28,0,0,0,0,0,0,0,0,0,0,0,0,0,15,252,252,252,244,184,73,0,0,0,0,120,252,252,118,0,0,0,0,0,0,0,0,0,0,0,0,0,15,252,252,252,118,0,0,0,0,0,0,63,238,252,181,7,0,0,0,0,0,0,0,0,0,0,0,0,15,252,252,252,118,0,0,0,0,0,0,0,223,252,252,14,0,0,0,0,0,0,0,0,0,0,0,0,5,157,252,252,213,178,65,30,0,0,0,15,227,252,252,14,0,0,0,0,0,0,0,0,0,0,0,0,0,56,236,252,252,252,252,252,80,0,0,120,252,252,252,14,0,0,0,0,0,0,0,0,0,0,0,0,0,0,83,252,252,252,252,252,247,238,238,244,252,252,204,9,0,0,0,0,0,0,0,0,0,0,0,0,0,0,18,59,137,207,241,252,253,252,252,252,252,202,28,0,0,0,0,0,0,0,0,0,0,0,0,0,0,0,0,0,0,0,80,103,253,252,252,252,120,30,0,0,0,0,0,0,0,0,0,0,0,0,0,0,0,0,0,0,0,0,0,0,0,0,0,0,0,0,0,0,0,0,0,0,0,0,0,0,0,0,0,0,0,0,0,0,0,0,0,0,0,0,0,0,0,0,0,0,0,0,0,0,0,0,0,0,0,0,0,0,0,0,0,0,0,0,0,0,0,0,0,0,0,0,0,0,0,0,0,0,0,0,0,0,0,0,0,0,0,0,0,0,0,0,0,0,0,0,0,0,0,0,0,0,0,0,0,0,0,0,0,0,0,0,0,0,0,0,0,0,0,0,0,0,0,0,0,0,0,0,0,0,0,0,0,0,0,0,0,0,0,0,0,0,0,0,0,0,0,0,0,0,0,0,0,0,0,0,0,0,0,0,0,0,0
8,0,0,0,0,0,0,0,0,0,0,0,0,0,0,0,0,0,0,0,0,0,0,0,0,0,0,0,0,0,0,0,0,0,0,0,0,0,0,0,0,0,0,0,0,0,0,0,0,0,0,0,0,0,0,0,0,0,0,0,0,0,0,0,0,0,0,0,0,0,0,0,0,0,0,0,0,0,0,0,0,0,0,0,0,0,0,0,0,0,0,0,0,0,0,0,0,0,0,0,0,0,0,0,0,0,0,0,0,0,0,0,0,0,0,0,0,0,0,0,0,0,0,0,0,0,84,218,254,254,148,14,0,0,0,0,0,0,0,0,0,0,0,0,0,0,0,0,0,0,0,0,0,41,245,220,128,136,252,66,0,0,0,0,0,0,0,0,0,0,0,0,0,0,0,0,0,0,0,0,0,137,254,30,0,0,235,224,61,0,0,0,0,0,0,0,0,0,0,0,0,0,0,0,0,0,0,0,0,137,254,16,0,28,238,254,143,0,0,0,0,0,0,0,0,0,0,0,0,0,0,0,0,0,0,0,0,137,254,99,8,206,254,178,23,0,0,0,0,0,0,0,0,0,0,0,0,0,0,0,0,0,0,0,0,116,254,233,240,236,106,23,0,0,0,0,0,0,0,0,0,0,0,0,0,0,0,0,0,0,0,0,0,6,204,255,237,57,0,0,0,0,0,0,0,0,0,0,0,0,0,0,0,0,0,0,0,0,0,0,0,126,236,254,99,0,0,0,0,0,0,0,0,0,0,0,0,0,0,0,0,0,0,0,0,0,0,19,175,216,117,239,227,0,0,0,0,0,0,0,0,0,0,0,0,0,0,0,0,0,0,0,0,0,0,193,254,117,0,156,234,0,0,0,0,0,0,0,0,0,0,0,0,0,0,0,0,0,0,0,0,0,82,240,116,0,0,60,254,138,0,0,0,0,0,0,0,0,0,0,0,0,0,0,0,0,0,0,0,46,254,184,12,0,0,55,251,211,9,0,0,0,0,0,0,0,0,0,0,0,0,0,0,0,0,0,13,184,214,12,0,0,0,0,185,254,19,0,0,0,0,0,0,0,0,0,0,0,0,0,0,0,0,0,40,254,106,0,0,0,0,0,103,254,19,0,0,0,0,0,0,0,0,0,0,0,0,0,0,0,0,0,40,254,99,0,0,0,0,0,58,254,19,0,0,0,0,0,0,0,0,0,0,0,0,0,0,0,0,0,31,241,97,9,0,0,0,0,16,237,139,0,0,0,0,0,0,0,0,0,0,0,0,0,0,0,0,0,0,143,254,130,6,0,0,0,2,182,214,0,0,0,0,0,0,0,0,0,0,0,0,0,0,0,0,0,0,0,186,254,169,6,0,0,20,254,184,0,0,0,0,0,0,0,0,0,0,0,0,0,0,0,0,0,0,0,35,165,254,236,197,137,146,254,117,0,0,0,0,0,0,0,0,0,0,0,0,0,0,0,0,0,0,0,0,5,89,208,254,254,254,193,27,0,0,0,0,0,0,0,0,0,0,0,0,0,0,0,0,0,0,0,0,0,0,0,0,0,0,0,0,0,0,0,0,0,0,0,0,0,0,0,0,0,0,0,0,0,0,0,0,0,0,0,0,0,0,0,0,0,0,0,0,0,0,0,0,0,0,0,0,0,0,0,0,0,0,0,0,0,0,0,0,0,0,0,0,0,0,0,0,0,0,0,0,0,0,0,0,0,0,0,0,0,0,0,0,0,0,0,0,0,0,0,0,0,0,0,0,0,0,0,0,0,0
1,0,0,0,0,0,0,0,0,0,0,0,0,0,0,0,0,0,0,0,0,0,0,0,0,0,0,0,0,0,0,0,0,0,0,0,0,0,0,0,0,0,0,0,0,0,0,0,0,0,0,0,0,0,0,0,0,0,0,0,0,0,0,0,0,0,0,0,0,0,0,0,0,0,0,0,0,0,0,0,0,0,0,0,0,0,0,0,0,0,0,0,0,0,0,0,0,0,0,0,0,0,0,0,0,0,0,0,0,0,0,0,0,0,0,0,0,0,0,0,0,0,0,0,0,0,0,0,0,0,0,0,0,0,0,0,0,0,0,0,0,0,0,0,0,0,0,0,0,0,0,0,0,0,204,222,32,0,0,0,0,0,0,0,0,0,0,0,0,0,0,0,0,0,0,0,0,0,0,0,0,0,203,255,193,0,0,0,0,0,0,0,0,0,0,0,0,0,0,0,0,0,0,0,0,0,0,0,0,0,203,254,226,37,0,0,0,0,0,0,0,0,0,0,0,0,0,0,0,0,0,0,0,0,0,0,0,0,203,254,220,30,0,0,0,0,0,0,0,0,0,0,0,0,0,0,0,0,0,0,0,0,0,0,0,0,203,254,254,189,0,0,0,0,0,0,0,0,0,0,0,0,0,0,0,0,0,0,0,0,0,0,0,0,203,254,254,202,0,0,0,0,0,0,0,0,0,0,0,0,0,0,0,0,0,0,0,0,0,0,0,68,247,254,254,91,0,0,0,0,0,0,0,0,0,0,0,0,0,0,0,0,0,0,0,0,0,0,0,14,212,187,254,222,64,0,0,0,0,0,0,0,0,0,0,0,0,0,0,0,0,0,0,0,0,0,0,23,218,254,254,254,78,0,0,0,0,0,0,0,0,0,0,0,0,0,0,0,0,0,0,0,0,0,0,79,254,254,254,214,18,0,0,0,0,0,0,0,0,0,0,0,0,0,0,0,0,0,0,0,0,0,0,79,254,254,254,202,0,0,0,0,0,0,0,0,0,0,0,0,0,0,0,0,0,0,0,0,0,0,0,79,254,254,254,175,0,0,0,0,0,0,0,0,0,0,0,0,0,0,0,0,0,0,0,0,0,0,0,79,254,255,254,71,0,0,0,0,0,0,0,0,0,0,0,0,0,0,0,0,0,0,0,0,0,0,0,79,254,254,215,24,0,0,0,0,0,0,0,0,0,0,0,0,0,0,0,0,0,0,0,0,0,0,0,79,254,254,112,0,0,0,0,0,0,0,0,0,0,0,0,0,0,0,0,0,0,0,0,0,0,0,0,79,254,254,145,0,0,0,0,0,0,0,0,0,0,0,0,0,0,0,0,0,0,0,0,0,0,0,0,33,224,254,195,0,0,0,0,0,0,0,0,0,0,0,0,0,0,0,0,0,0,0,0,0,0,0,0,41,230,254,195,0,0,0,0,0,0,0,0,0,0,0,0,0,0,0,0,0,0,0,0,0,0,0,0,0,203,253,124,0,0,0,0,0,0,0,0,0,0,0,0,0,0,0,0,0,0,0,0,0,0,0,0,0,135,122,0,0,0,0,0,0,0,0,0,0,0,0,0,0,0,0,0,0,0,0,0,0,0,0,0,0,0,0,0,0,0,0,0,0,0,0,0,0,0,0,0,0,0,0,0,0,0,0,0,0,0,0,0,0,0,0,0,0,0,0,0,0,0,0,0,0,0,0,0,0,0,0,0,0,0,0,0,0,0,0,0,0,0,0,0,0,0,0,0,0,0,0,0,0,0,0,0
8,0,0,0,0,0,0,0,0,0,0,0,0,0,0,0,0,0,0,0,0,0,0,0,0,0,0,0,0,0,0,0,0,0,0,0,0,0,0,0,0,0,0,0,0,0,0,0,0,0,0,0,0,0,0,0,0,0,0,0,0,0,0,0,0,0,0,0,0,0,0,0,0,0,0,0,0,0,0,0,0,0,0,0,0,0,0,0,0,0,0,0,0,0,0,0,0,0,0,0,0,0,0,0,0,0,0,0,0,0,0,0,0,0,0,0,0,0,0,0,0,0,0,0,0,0,0,0,0,51,128,212,169,45,0,0,0,0,0,0,0,0,0,0,0,0,0,0,0,0,0,0,0,17,47,214,230,247,254,253,253,211,17,0,0,0,0,0,0,0,0,0,0,0,0,0,0,0,0,72,157,224,254,253,251,230,171,137,137,213,174,3,0,0,0,0,0,0,0,0,0,0,0,0,0,34,185,247,253,253,228,77,63,0,0,0,0,59,220,23,0,0,0,0,0,0,0,0,0,0,0,0,41,229,255,254,222,118,0,0,0,0,0,0,0,0,104,23,0,0,0,0,0,0,0,0,0,0,0,0,116,253,254,194,29,0,0,0,0,0,0,0,0,0,7,2,0,0,0,0,0,0,0,0,0,0,0,0,116,253,188,4,0,0,7,108,116,116,57,57,5,0,0,0,0,0,0,0,0,0,0,0,0,0,0,0,74,228,93,0,0,68,204,253,253,253,254,253,79,0,0,0,0,0,0,0,0,0,0,0,0,0,0,0,0,185,254,152,221,254,254,254,247,118,68,0,0,0,0,0,0,0,0,0,0,0,0,0,0,0,0,0,0,134,254,253,253,253,254,127,37,0,0,0,0,0,0,0,0,0,0,0,0,0,0,0,0,0,0,0,3,108,254,253,253,253,220,103,5,0,0,0,0,0,0,0,0,0,0,0,0,0,0,0,0,0,0,0,91,253,254,253,185,253,203,245,188,59,0,0,0,0,0,0,0,0,0,0,0,0,0,0,0,0,0,0,116,254,254,124,0,0,93,110,241,254,136,32,0,0,0,0,0,0,0,0,0,0,0,0,0,0,0,0,116,253,190,2,0,0,0,0,19,90,237,224,42,0,0,0,0,0,0,0,0,0,0,0,0,0,0,0,108,253,184,0,0,0,0,0,0,0,29,184,224,40,0,0,0,0,0,0,0,0,0,0,0,0,0,0,7,135,235,84,0,0,0,0,0,0,0,13,152,228,0,0,0,0,0,0,0,0,0,0,0,0,0,0,0,34,204,254,178,69,0,0,0,0,0,0,0,185,151,0,0,0,0,0,0,0,0,0,0,0,0,0,0,0,32,224,253,245,231,214,138,138,139,72,130,247,184,0,0,0,0,0,0,0,0,0,0,0,0,0,0,0,0,42,137,205,254,236,253,253,254,236,253,253,176,0,0,0,0,0,0,0,0,0,0,0,0,0,0,0,0,0,0,0,69,19,144,128,103,220,202,151,25,0,0,0,0,0,0,0,0,0,0,0,0,0,0,0,0,0,0,0,0,0,0,0,0,0,0,0,0,0,0,0,0,0,0,0,0,0,0,0,0,0,0,0,0,0,0,0,0,0,0,0,0,0,0,0,0,0,0,0,0,0,0,0,0,0,0,0,0,0,0,0,0,0,0,0,0,0,0,0,0,0,0,0,0,0,0,0,0,0,0,0,0,0,0,0,0,0,0,0,0,0,0,0,0,0,0,0,0,0,0,0,0,0,0,0,0,0,0
0,0,0,0,0,0,0,0,0,0,0,0,0,0,0,0,0,0,0,0,0,0,0,0,0,0,0,0,0,0,0,0,0,0,0,0,0,0,0,0,0,0,0,0,0,0,0,0,0,0,0,0,0,0,0,0,0,0,0,0,0,0,0,0,0,0,0,0,0,0,0,0,0,0,0,0,0,0,0,0,0,0,0,0,0,0,0,0,0,0,0,0,0,0,0,0,0,0,0,0,0,0,0,0,0,0,0,0,0,0,0,0,0,0,0,0,0,0,0,0,0,0,0,0,16,109,255,253,232,47,0,0,0,0,0,0,0,0,0,0,0,0,0,0,0,0,0,0,0,0,0,0,161,252,253,252,252,232,156,10,0,0,0,0,0,0,0,0,0,0,0,0,0,0,0,0,0,0,0,53,232,252,253,252,252,252,253,190,72,0,0,0,0,0,0,0,0,0,0,0,0,0,0,0,0,0,1,155,252,252,253,252,252,252,253,252,215,1,0,0,0,0,0,0,0,0,0,0,0,0,0,0,0,1,170,252,252,252,253,252,189,252,253,252,252,252,63,0,0,0,0,0,0,0,0,0,0,0,0,0,11,155,252,252,252,252,253,189,15,35,180,242,252,252,176,10,0,0,0,0,0,0,0,0,0,0,0,0,58,252,252,252,252,252,253,179,0,0,0,114,252,252,253,56,0,0,0,0,0,0,0,0,0,0,0,42,221,252,252,252,252,252,253,179,0,0,0,31,211,252,253,221,41,0,0,0,0,0,0,0,0,0,0,135,253,253,253,222,62,144,255,119,0,0,0,0,37,253,255,253,72,0,0,0,0,0,0,0,0,0,0,217,252,252,252,138,0,0,35,5,0,0,0,0,37,252,253,252,71,0,0,0,0,0,0,0,0,0,0,217,252,252,174,10,0,0,0,0,0,0,0,0,37,252,253,252,71,0,0,0,0,0,0,0,0,0,0,217,252,252,143,0,0,0,0,0,0,0,0,0,37,252,253,252,71,0,0,0,0,0,0,0,0,0,0,218,253,253,83,0,0,0,0,0,0,0,0,32,212,253,255,253,72,0,0,0,0,0,0,0,0,0,0,217,252,252,0,0,0,0,0,0,0,0,0,197,252,252,253,252,71,0,0,0,0,0,0,0,0,0,0,217,252,252,21,0,0,0,0,0,0,21,182,242,252,252,253,200,20,0,0,0,0,0,0,0,0,0,0,217,252,252,143,0,0,0,0,42,144,206,253,252,252,252,253,97,0,0,0,0,0,0,0,0,0,0,0,218,253,253,253,170,253,253,255,253,253,253,255,253,253,191,84,0,0,0,0,0,0,0,0,0,0,0,0,72,190,252,252,252,252,252,253,252,252,252,253,252,252,108,0,0,0,0,0,0,0,0,0,0,0,0,0,0,11,154,252,252,252,252,253,252,252,252,232,220,112,31,0,0,0,0,0,0,0,0,0,0,0,0,0,0,0,1,108,148,168,252,253,252,252,168,47,15,0,0,0,0,0,0,0,0,0,0,0,0,0,0,0,0,0,0,0,0,0,0,0,0,0,0,0,0,0,0,0,0,0,0,0,0,0,0,0,0,0,0,0,0,0,0,0,0,0,0,0,0,0,0,0,0,0,0,0,0,0,0,0,0,0,0,0,0,0,0,0,0,0,0,0,0,0,0,0,0,0,0,0,0,0,0,0,0,0,0,0,0,0,0,0,0,0,0,0,0,0,0,0,0,0,0,0,0,0,0,0,0,0,0,0,0,0,0,0,0,0
3,0,0,0,0,0,0,0,0,0,0,0,0,0,0,0,0,0,0,0,0,0,0,0,0,0,0,0,0,0,0,0,0,0,0,0,0,0,0,0,0,0,0,0,0,0,0,0,0,0,0,0,0,0,0,0,0,0,0,0,0,0,0,0,0,0,0,0,0,0,0,0,0,0,0,0,0,0,0,0,0,0,0,0,0,0,0,0,0,0,0,0,0,0,0,0,0,0,0,0,0,0,0,0,0,0,0,0,0,0,0,0,0,0,0,0,0,0,0,0,0,0,0,0,0,0,0,0,0,0,0,0,0,0,0,0,0,0,0,0,0,0,0,0,0,0,0,0,0,0,0,0,0,0,0,0,0,0,0,0,0,0,0,0,0,0,0,0,0,0,0,0,0,0,0,0,0,0,0,0,0,0,0,0,0,0,0,0,0,0,0,0,0,0,0,0,0,0,0,0,0,0,0,0,77,130,130,130,215,254,254,254,254,254,254,254,97,1,0,0,0,0,0,0,0,0,0,0,0,0,0,10,200,253,253,253,253,253,253,253,253,253,253,253,253,91,0,0,0,0,0,0,0,0,0,0,0,0,0,0,138,235,235,235,210,111,111,111,111,150,250,253,253,138,0,0,0,0,0,0,0,0,0,0,0,0,0,0,0,0,0,0,0,0,0,0,0,60,236,253,243,22,0,0,0,0,0,0,0,0,0,0,0,0,0,0,0,0,0,0,0,0,0,9,68,234,253,253,79,0,0,0,0,0,0,0,0,0,0,0,0,0,0,0,0,0,0,0,0,0,10,96,253,253,240,170,11,0,0,0,0,0,0,0,0,0,0,0,0,0,0,0,0,0,0,0,0,10,156,253,253,218,78,0,0,0,0,0,0,0,0,0,0,0,0,0,0,0,0,0,0,0,0,0,35,191,253,253,178,16,0,0,0,0,0,0,0,0,0,0,0,0,0,0,0,0,0,0,0,0,0,120,194,253,253,177,16,0,0,0,0,0,0,0,0,0,0,0,0,0,0,0,0,0,0,0,0,8,81,231,253,253,147,17,0,0,0,0,0,0,0,0,0,0,0,0,0,0,0,0,0,0,0,0,0,32,253,253,253,253,238,159,69,14,0,0,0,0,0,0,0,0,0,0,0,0,0,0,0,0,0,0,0,32,253,253,253,253,253,253,253,209,70,0,0,0,0,0,0,0,0,0,0,0,0,0,0,0,0,0,0,6,49,49,49,49,49,164,253,253,237,69,0,0,0,0,0,0,0,0,0,0,0,0,0,0,0,0,0,0,0,0,0,0,0,12,43,213,253,192,11,0,0,0,0,0,0,0,0,0,0,0,0,0,0,0,0,0,0,0,0,0,0,0,0,99,253,253,30,0,0,0,0,0,0,0,0,0,0,0,0,0,0,0,0,0,0,0,0,0,0,0,0,190,253,253,30,0,0,0,0,0,0,0,0,0,0,0,0,0,0,0,0,0,0,0,0,0,0,0,0,205,253,253,30,0,0,0,0,0,0,0,0,0,0,0,0,0,0,0,0,0,0,0,0,0,0,0,70,250,253,166,3,0,0,0,0,0,0,0,0,0,0,0,0,0,0,0,0,0,0,0,0,0,0,32,219,253,213,25,0,0,0,0,0,0,0,0,0,0,0,0,0,0,0,0,0,0,0,0,0,0,31,220,253,253,106,0,0,0,0,0,0,0,0,0,0,0,0,0,0,0,0,0,0,0,0,0,0,0,0,0,0,0,0,0,0,0,0,0,0,0,0,0,0
3,0,0,0,0,0,0,0,0,0,0,0,0,0,0,0,0,0,0,0,0,0,0,0,0,0,0,0,0,0,0,0,0,0,0,0,0,0,0,0,0,0,0,0,0,0,0,0,0,0,0,0,0,0,0,0,0,0,0,0,0,0,0,0,0,0,0,0,0,0,0,0,0,0,0,0,0,0,0,0,0,0,0,0,0,0,0,0,0,0,0,0,0,0,0,0,0,0,0,0,0,0,0,0,0,0,0,0,0,0,0,0,0,0,0,0,0,0,0,0,0,0,36,241,254,254,255,202,150,68,0,0,0,0,0,0,0,0,0,0,0,0,0,0,0,0,0,0,0,0,43,198,202,253,254,253,253,251,235,88,4,0,0,0,0,0,0,0,0,0,0,0,0,0,0,0,0,0,0,0,3,36,95,145,216,232,253,254,109,0,0,0,0,0,0,0,0,0,0,0,0,0,0,0,0,0,0,0,0,0,0,0,0,24,190,254,202,3,0,0,0,0,0,0,0,0,0,0,0,0,0,0,0,0,0,0,0,0,0,0,0,0,124,254,233,23,0,0,0,0,0,0,0,0,0,0,0,0,0,0,0,0,0,0,0,0,0,0,0,103,254,255,115,0,0,0,0,0,0,0,0,0,0,0,0,0,0,0,0,0,0,0,0,0,0,32,178,249,253,166,2,0,0,0,0,0,0,0,0,0,0,0,0,0,0,0,0,0,0,0,0,0,63,231,253,250,184,13,0,0,0,0,0,0,0,0,0,0,0,0,0,0,0,0,0,0,0,0,2,116,254,253,253,130,0,0,0,0,0,0,0,0,0,0,0,0,0,0,0,0,0,0,0,0,0,0,116,253,254,253,253,222,84,0,0,0,0,0,0,0,0,0,0,0,0,0,0,0,0,0,0,0,0,0,200,254,208,181,217,254,221,59,0,0,0,0,0,0,0,0,0,0,0,0,0,0,0,0,0,0,0,0,21,43,7,0,22,202,253,175,0,0,0,0,0,0,0,0,0,0,0,0,0,0,0,0,0,0,0,0,0,0,0,0,0,109,253,191,3,0,0,0,0,0,0,0,0,0,0,0,0,0,0,0,0,0,0,0,0,0,0,0,0,109,253,254,18,0,0,0,0,0,0,0,0,0,0,0,0,0,0,0,0,0,0,0,0,0,0,0,0,141,253,228,12,0,0,0,0,0,0,0,0,0,0,0,0,0,0,0,0,0,0,0,0,0,0,0,50,234,254,182,0,0,0,0,0,0,0,0,0,0,0,0,0,0,0,0,0,0,0,0,0,0,0,32,186,253,233,45,0,0,0,0,0,0,0,0,0,0,0,0,0,0,64,56,37,37,37,37,76,128,128,231,253,237,107,0,0,0,0,0,0,0,0,0,0,0,0,0,0,0,53,242,253,254,253,253,253,253,254,253,231,83,0,0,0,0,0,0,0,0,0,0,0,0,0,0,0,0,0,38,162,189,253,253,253,253,195,111,36,0,0,0,0,0,0,0,0,0,0,0,0,0,0,0,0,0,0,0,0,0,0,0,0,0,0,0,0,0,0,0,0,0,0,0,0,0,0,0,0,0,0,0,0,0,0,0,0,0,0,0,0,0,0,0,0,0,0,0,0,0,0,0,0,0,0,0,0,0,0,0,0,0,0,0,0,0,0,0,0,0,0,0,0,0,0,0,0,0,0,0,0,0,0,0,0,0,0,0,0,0,0,0,0,0,0,0,0,0,0,0,0,0,0,0,0,0,0,0,0,0,0,0,0
7,0,0,0,0,0,0,0,0,0,0,0,0,0,0,0,0,0,0,0,0,0,0,0,0,0,0,0,0,0,0,0,0,0,0,0,0,0,0,0,0,0,0,0,0,0,0,0,0,0,0,0,0,0,0,0,0,0,0,0,0,0,0,0,0,0,0,0,0,0,0,0,0,0,0,0,0,0,0,0,0,0,0,0,0,0,0,0,0,0,0,0,0,0,0,0,0,0,0,0,0,0,0,0,0,0,0,0,0,0,0,0,0,0,0,0,0,0,0,0,0,0,0,0,0,0,0,0,0,0,0,0,0,0,0,0,0,0,0,0,0,0,0,0,0,0,0,0,0,0,0,0,22,227,192,237,113,43,43,25,0,0,0,0,0,0,0,0,0,0,0,0,0,0,0,0,0,0,0,0,66,252,252,253,252,252,252,226,85,21,0,0,0,0,0,0,0,0,0,0,0,0,0,0,0,0,0,0,11,196,249,253,252,252,252,252,253,202,11,0,0,0,0,0,0,0,0,0,0,0,0,0,0,0,0,0,0,0,70,190,215,221,252,252,253,252,91,0,0,0,0,0,0,0,0,0,0,0,0,0,0,0,0,0,0,0,0,0,18,21,182,252,253,252,82,0,0,0,0,0,0,0,0,0,0,0,0,0,0,0,0,0,0,0,0,0,0,84,253,253,254,253,21,0,0,0,0,0,0,0,0,0,0,0,0,0,0,0,0,0,0,0,0,0,29,169,252,252,253,153,5,0,0,0,0,0,0,0,0,0,0,0,0,0,0,0,0,0,0,0,0,4,142,252,252,252,250,58,0,0,0,0,0,0,0,0,0,0,0,0,0,0,0,0,0,0,0,0,0,183,252,252,252,252,115,0,0,0,0,0,0,0,0,0,0,0,0,0,0,0,0,0,0,0,0,27,150,253,252,252,252,208,0,0,0,0,0,0,0,0,0,0,0,0,0,0,0,0,0,0,0,0,22,139,253,255,253,253,172,0,0,0,0,0,0,0,0,0,0,0,0,0,0,0,0,0,0,0,0,0,162,252,252,253,252,201,21,0,0,0,0,0,0,0,0,0,0,0,0,0,0,0,0,0,0,0,0,131,251,252,252,250,152,19,0,0,0,0,0,0,0,0,0,0,0,0,0,0,0,0,0,0,0,0,55,232,252,252,252,158,0,0,0,0,0,0,0,0,0,0,0,0,0,0,0,0,0,0,0,0,0,45,236,252,252,252,208,0,0,0,0,0,0,0,0,0,0,0,0,0,0,0,0,0,0,0,0,0,38,236,254,253,253,190,0,0,0,0,0,0,0,0,0,0,0,0,0,0,0,0,0,0,0,0,0,0,143,252,253,252,245,82,0,0,0,0,0,0,0,0,0,0,0,0,0,0,0,0,0,0,0,0,0,73,246,252,253,252,126,0,0,0,0,0,0,0,0,0,0,0,0,0,0,0,0,0,0,0,0,0,0,101,252,252,253,169,7,0,0,0,0,0,0,0,0,0,0,0,0,0,0,0,0,0,0,0,0,0,0,4,182,252,129,11,0,0,0,0,0,0,0,0,0,0,0,0,0,0,0,0,0,0,0,0,0,0,0,0,0,0,0,0,0,0,0,0,0,0,0,0,0,0,0,0,0,0,0,0,0,0,0,0,0,0,0,0,0,0,0,0,0,0,0,0,0,0,0,0,0,0,0,0,0,0,0,0,0,0,0,0,0,0,0,0,0,0,0,0,0,0,0,0,0,0,0,0,0,0,0,0,0,0,0,0,0
2,0,0,0,0,0,0,0,0,0,0,0,0,0,0,0,0,0,0,0,0,0,0,0,0,0,0,0,0,0,0,0,0,0,0,0,0,0,0,0,0,0,0,0,0,0,0,0,0,0,0,0,0,0,0,0,0,0,0,0,0,0,0,0,0,0,0,0,0,0,0,0,0,0,0,0,0,0,0,0,0,0,0,0,0,0,0,0,0,0,0,0,0,0,0,0,2,45,157,214,211,53,0,0,0,0,0,0,0,0,0,0,0,0,0,0,0,0,0,0,0,0,0,44,194,254,250,246,251,238,81,0,0,0,0,0,0,0,0,0,0,0,0,0,0,0,0,0,0,0,50,238,238,119,38,0,84,238,237,81,0,0,0,0,0,0,0,0,0,0,0,0,0,0,0,0,0,14,194,200,39,0,0,0,0,75,253,216,14,0,0,0,0,0,0,0,0,0,0,0,0,0,0,0,0,105,244,56,0,0,0,0,0,0,164,254,105,0,0,0,0,0,0,0,0,0,0,0,0,0,0,0,0,61,186,0,0,0,0,0,0,0,80,254,167,0,0,0,0,0,0,0,0,0,0,0,0,0,0,0,0,0,0,0,0,0,0,0,0,0,14,236,209,6,0,0,0,0,0,0,0,0,0,0,0,0,0,0,0,0,0,0,0,0,0,0,0,0,0,230,187,0,0,0,0,0,0,0,0,0,0,0,0,0,0,0,0,0,0,0,0,0,0,0,0,0,29,242,187,0,0,0,0,0,0,0,0,0,0,0,0,0,0,0,0,0,0,0,0,0,0,0,0,0,101,254,146,0,0,0,0,0,0,0,0,0,0,0,0,0,0,0,0,0,0,0,0,0,0,0,0,0,157,254,105,0,0,0,0,0,0,0,0,0,0,0,0,0,0,0,0,0,0,23,28,0,0,0,0,11,232,242,29,0,0,0,0,0,0,0,0,0,0,0,0,0,0,0,28,172,222,236,239,154,43,0,0,128,254,119,0,0,0,0,0,0,0,0,0,0,0,0,0,0,0,27,214,254,229,203,254,254,240,168,59,192,202,21,0,0,0,0,0,0,0,0,0,0,0,0,0,0,0,97,254,236,14,3,36,148,243,254,254,254,113,0,0,0,0,0,0,0,0,0,0,0,0,0,0,0,0,75,254,156,0,0,0,0,154,254,254,254,224,37,0,0,0,0,0,0,0,0,0,0,0,0,0,0,0,10,235,241,155,155,155,195,252,242,183,222,254,225,36,0,0,0,0,0,0,0,0,0,0,0,0,0,0,0,75,210,254,254,254,254,179,51,0,25,184,254,225,88,0,0,0,0,0,0,0,0,0,0,0,0,0,0,0,4,8,8,8,8,2,0,0,0,5,177,254,252,12,0,0,0,0,0,0,0,0,0,0,0,0,0,0,0,0,0,0,0,0,0,0,0,0,23,214,231,8,0,0,0,0,0,0,0,0,0,0,0,0,0,0,0,0,0,0,0,0,0,0,0,0,0,0,0,0,0,0,0,0,0,0,0,0,0,0,0,0,0,0,0,0,0,0,0,0,0,0,0,0,0,0,0,0,0,0,0,0,0,0,0,0,0,0,0,0,0,0,0,0,0,0,0,0,0,0,0,0,0,0,0,0,0,0,0,0,0,0,0,0,0,0,0,0,0,0,0,0,0,0,0,0,0,0,0,0,0,0,0,0,0,0,0,0,0,0,0,0,0,0,0,0,0,0,0,0,0,0,0,0,0,0,0,0,0,0,0,0,0,0,0,0,0,0
3,0,0,0,0,0,0,0,0,0,0,0,0,0,0,0,0,0,0,0,0,0,0,0,0,0,0,0,0,0,0,0,0,0,0,0,0,0,0,0,0,0,0,0,0,0,0,0,0,0,0,0,0,0,0,0,0,0,0,0,0,0,0,0,0,0,0,0,0,0,0,0,0,0,0,0,0,0,0,0,0,0,0,0,0,0,0,0,0,0,0,0,0,0,0,0,0,0,0,0,0,0,0,0,0,0,0,0,0,0,0,0,0,0,0,0,0,0,0,0,0,0,0,0,0,0,0,0,0,0,0,0,0,0,0,0,0,0,0,0,0,0,0,0,0,0,0,0,0,0,0,0,0,0,0,0,0,0,0,0,0,0,0,0,0,0,0,0,0,0,0,0,0,0,0,0,0,0,0,0,0,162,128,95,229,229,99,0,0,0,0,0,0,0,0,0,0,0,0,0,0,0,0,0,0,0,0,13,206,254,253,253,253,254,249,92,0,0,0,0,0,0,0,0,0,0,0,0,0,0,0,0,0,0,22,161,253,254,253,244,253,254,253,62,0,0,0,0,0,0,0,0,0,0,0,0,0,0,0,0,0,51,197,253,253,228,143,61,253,254,185,13,0,0,0,0,0,0,0,0,0,0,0,0,0,0,0,0,0,187,254,247,151,0,13,187,254,254,90,0,0,0,0,0,0,0,0,0,0,0,0,0,0,0,0,0,134,254,227,105,0,0,147,253,253,140,2,0,0,0,0,0,0,0,0,0,0,0,0,0,0,0,0,0,142,247,154,0,0,57,249,253,202,17,0,0,0,0,0,0,0,0,0,0,0,0,0,0,0,0,0,0,25,50,0,0,0,136,253,244,44,0,0,0,0,0,0,0,0,0,0,0,0,0,0,0,0,0,0,0,0,0,0,0,26,254,254,80,0,0,0,0,0,0,0,0,0,0,0,0,0,0,0,0,0,0,0,0,0,0,0,0,42,254,253,84,80,106,46,0,0,0,0,0,0,0,0,0,0,0,0,0,0,0,0,0,0,0,0,0,0,169,253,253,253,254,244,199,82,0,0,0,0,0,0,0,0,0,0,0,0,0,0,0,0,0,0,0,0,19,119,160,160,69,69,152,253,68,0,0,0,0,0,0,0,0,0,0,0,0,0,0,0,0,0,0,0,0,0,0,0,0,38,221,254,93,0,0,0,0,0,0,0,0,0,0,0,0,0,0,0,0,0,0,0,0,0,0,0,13,226,253,236,9,0,0,0,0,0,0,0,0,0,0,0,0,0,0,0,0,0,0,0,0,0,0,17,187,253,234,54,0,0,0,0,0,0,0,0,0,0,0,0,0,0,0,0,0,0,0,0,0,0,17,234,254,236,54,0,0,0,0,0,0,0,0,0,0,0,0,0,0,0,0,0,0,0,0,0,0,30,237,254,255,90,0,0,0,0,0,0,0,0,0,0,0,0,0,0,0,0,0,0,0,0,0,0,0,181,253,236,56,2,0,0,0,0,0,0,0,0,0,0,0,0,0,0,0,0,0,0,0,0,0,0,57,249,234,54,0,0,0,0,0,0,0,0,0,0,0,0,0,0,0,0,0,0,0,0,0,0,0,0,19,236,104,0,0,0,0,0,0,0,0,0,0,0,0,0,0,0,0,0,0,0,0,0,0,0,0,0,0,0,0,0,0,0,0,0,0,0,0,0,0,0,0,0,0,0,0,0,0,0,0,0,0,0,0,0,0,0,0,0,0,0,0,0,0,0,0,0,0,0,0,0
6,0,0,0,0,0,0,0,0,0,0,0,0,0,0,0,0,0,0,0,0,0,0,0,0,0,0,0,0,0,0,0,0,0,0,0,0,0,0,0,0,0,0,0,0,0,0,0,0,0,0,0,0,0,0,0,0,0,0,0,0,0,0,0,0,0,0,0,0,0,0,0,0,0,0,0,0,0,0,0,0,0,0,0,0,0,0,0,0,0,0,0,0,0,0,0,0,0,0,0,0,0,0,0,0,0,12,134,211,254,96,0,0,0,0,0,0,0,0,0,0,0,0,0,0,0,0,0,0,0,0,0,0,68,204,192,187,138,106,0,0,0,0,0,0,0,0,0,0,0,0,0,0,0,0,0,0,0,0,0,153,238,136,4,0,0,0,0,0,0,0,0,0,0,0,0,0,0,0,0,0,0,0,0,0,0,35,176,253,142,3,0,0,0,0,0,0,0,0,0,0,0,0,0,0,0,0,0,0,0,0,0,0,32,155,253,142,31,0,0,0,0,0,0,0,0,0,0,0,0,0,0,0,0,0,0,0,0,0,0,39,182,253,136,3,0,0,0,0,0,0,0,0,0,0,0,0,0,0,0,0,0,0,0,0,0,0,4,165,253,184,4,0,0,0,0,0,0,0,0,0,0,0,0,0,0,0,0,0,0,0,0,0,0,28,185,253,202,0,0,0,0,0,0,0,0,0,0,0,0,0,0,0,0,0,0,0,0,0,0,0,4,156,253,220,29,0,0,0,0,0,0,0,0,0,0,0,0,0,0,0,0,0,0,0,0,0,0,0,108,253,220,33,0,0,0,0,0,0,0,0,0,0,0,0,0,0,0,0,0,0,0,0,0,0,0,12,188,229,29,0,0,0,0,0,0,0,0,0,0,0,0,0,0,0,0,0,0,0,0,0,0,0,0,166,253,240,177,81,116,50,0,0,0,0,0,0,0,0,0,0,0,0,0,0,0,0,0,0,0,0,22,220,253,253,253,253,255,242,167,4,0,0,0,0,0,0,0,0,0,0,0,0,0,0,0,0,0,31,207,253,238,102,10,10,73,213,253,10,0,0,0,0,0,0,0,0,0,0,0,0,0,0,0,15,100,250,253,234,55,0,0,0,46,227,232,8,0,0,0,0,0,0,0,0,0,0,0,0,0,0,12,180,219,211,253,127,0,0,0,0,144,253,154,0,0,0,0,0,0,0,0,0,0,0,0,0,0,0,188,168,32,133,253,55,0,0,4,108,245,221,32,0,0,0,0,0,0,0,0,0,0,0,0,0,0,0,147,30,0,133,253,90,4,28,156,253,249,107,0,0,0,0,0,0,0,0,0,0,0,0,0,0,0,0,0,0,0,51,253,253,193,228,253,220,106,0,0,0,0,0,0,0,0,0,0,0,0,0,0,0,0,0,0,0,0,3,57,230,253,253,171,33,0,0,0,0,0,0,0,0,0,0,0,0,0,0,0,0,0,0,0,0,0,0,0,0,0,0,0,0,0,0,0,0,0,0,0,0,0,0,0,0,0,0,0,0,0,0,0,0,0,0,0,0,0,0,0,0,0,0,0,0,0,0,0,0,0,0,0,0,0,0,0,0,0,0,0,0,0,0,0,0,0,0,0,0,0,0,0,0,0,0,0,0,0,0,0,0,0,0,0,0,0,0,0,0,0,0,0,0,0,0,0,0,0,0,0,0,0,0,0,0,0,0,0,0,0,0,0,0,0,0,0,0,0,0,0,0,0,0,0,0,0,0,0,0,0,0,0,0,0,0,0,0
2,0,0,0,0,0,0,0,0,0,0,0,0,0,0,0,0,0,0,0,0,0,0,0,0,0,0,0,0,0,0,0,0,0,0,0,0,0,0,0,0,0,0,0,0,0,0,0,0,0,0,0,0,0,0,0,0,0,0,0,0,0,0,0,0,0,0,0,0,0,0,0,0,0,0,0,0,0,0,0,0,0,0,0,0,0,0,0,0,0,0,0,53,67,67,208,67,67,60,0,43,57,0,0,0,0,0,0,0,0,0,0,0,0,0,0,0,0,0,0,199,254,254,254,254,254,241,133,210,236,79,0,0,0,0,0,0,0,0,0,0,0,0,0,0,0,0,0,44,56,56,56,56,168,245,249,254,254,154,10,1,0,0,0,0,0,0,0,0,0,0,0,0,0,0,0,0,0,0,0,0,0,0,67,227,254,254,254,18,0,0,0,0,0,0,0,0,0,0,0,0,0,0,0,0,0,0,0,0,0,0,0,72,240,254,254,18,0,0,0,0,0,0,0,0,0,0,0,0,0,0,0,0,0,0,0,0,0,0,0,0,214,254,254,18,0,0,0,0,0,0,0,0,0,0,0,0,0,0,0,0,0,0,0,0,0,0,0,0,39,254,254,18,0,0,0,0,0,0,0,0,0,0,0,0,0,0,0,0,0,0,0,0,0,0,0,0,39,254,254,18,0,0,0,0,0,0,0,0,0,0,0,0,0,0,0,0,0,0,0,0,0,0,0,0,201,254,254,18,0,0,0,0,0,0,0,0,0,0,0,0,0,0,0,0,0,0,0,0,0,0,0,0,228,254,254,18,0,0,0,0,0,0,0,0,0,0,0,0,0,0,0,0,0,0,0,0,0,0,0,103,245,254,254,18,0,0,0,0,0,0,0,0,0,0,0,0,0,0,0,0,0,0,0,0,0,0,0,161,254,254,229,15,0,0,0,0,0,0,0,0,0,0,0,0,0,0,0,0,0,0,0,0,0,0,40,200,254,212,50,0,0,0,0,0,0,0,0,0,0,0,0,0,0,0,0,0,0,0,0,0,0,0,96,254,229,50,0,0,0,0,0,0,0,0,0,0,0,0,0,0,0,13,48,48,48,48,203,237,237,237,244,254,224,29,0,0,0,0,0,0,0,0,0,0,0,0,0,0,0,67,254,254,254,254,254,254,254,254,254,254,254,197,115,115,64,0,0,0,0,0,0,0,0,0,0,0,0,20,168,254,254,254,121,254,254,254,254,254,254,254,254,254,221,180,6,0,0,0,0,0,0,0,0,0,0,15,160,254,198,171,249,254,254,254,233,197,28,8,8,185,223,254,247,247,63,0,0,0,0,0,0,0,0,35,195,254,254,254,254,254,254,148,83,0,0,0,0,0,59,131,131,131,34,0,0,0,0,0,0,0,0,0,34,72,254,254,240,65,65,10,0,0,0,0,0,0,0,0,0,0,0,0,0,0,0,0,0,0,0,0,0,0,0,0,0,0,0,0,0,0,0,0,0,0,0,0,0,0,0,0,0,0,0,0,0,0,0,0,0,0,0,0,0,0,0,0,0,0,0,0,0,0,0,0,0,0,0,0,0,0,0,0,0,0,0,0,0,0,0,0,0,0,0,0,0,0,0,0,0,0,0,0,0,0,0,0,0,0,0,0,0,0,0,0,0,0,0,0,0,0,0,0,0,0,0,0,0,0,0,0,0,0,0,0,0,0,0,0,0,0,0,0,0,0,0,0,0,0,0,0,0,0,0,0,0,0,0,0,0,0,0,0,0,0
1,0,0,0,0,0,0,0,0,0,0,0,0,0,0,0,0,0,0,0,0,0,0,0,0,0,0,0,0,0,0,0,0,0,0,0,0,0,0,0,0,0,0,0,0,0,0,0,0,0,0,0,0,0,0,0,0,0,0,0,0,0,0,0,0,0,0,0,0,0,0,0,0,0,0,0,0,0,0,0,0,0,0,0,0,0,0,0,0,0,0,0,0,0,0,0,0,0,0,0,0,0,0,0,0,0,0,0,0,0,0,0,0,0,0,0,0,0,0,0,0,0,0,0,0,0,0,0,0,0,0,0,0,0,0,0,0,0,0,0,0,0,0,0,0,0,0,0,0,0,0,0,0,0,0,0,0,0,0,144,253,129,0,0,0,0,0,0,0,0,0,0,0,0,0,0,0,0,0,0,0,0,0,0,0,0,50,234,252,198,0,0,0,0,0,0,0,0,0,0,0,0,0,0,0,0,0,0,0,0,0,0,0,0,133,248,252,198,0,0,0,0,0,0,0,0,0,0,0,0,0,0,0,0,0,0,0,0,0,0,39,136,248,252,252,156,0,0,0,0,0,0,0,0,0,0,0,0,0,0,0,0,0,0,0,0,0,0,121,252,252,252,252,66,0,0,0,0,0,0,0,0,0,0,0,0,0,0,0,0,0,0,0,0,0,0,219,252,252,235,93,17,0,0,0,0,0,0,0,0,0,0,0,0,0,0,0,0,0,0,0,0,0,22,253,252,252,172,0,0,0,0,0,0,0,0,0,0,0,0,0,0,0,0,0,0,0,0,0,0,23,208,253,252,252,172,0,0,0,0,0,0,0,0,0,0,0,0,0,0,0,0,0,0,0,0,0,2,152,252,253,252,252,95,0,0,0,0,0,0,0,0,0,0,0,0,0,0,0,0,0,0,0,0,0,98,252,252,253,252,202,19,0,0,0,0,0,0,0,0,0,0,0,0,0,0,0,0,0,0,0,0,0,161,253,253,255,202,14,0,0,0,0,0,0,0,0,0,0,0,0,0,0,0,0,0,0,0,0,0,39,247,252,252,202,14,0,0,0,0,0,0,0,0,0,0,0,0,0,0,0,0,0,0,0,0,0,0,160,252,252,252,133,0,0,0,0,0,0,0,0,0,0,0,0,0,0,0,0,0,0,0,0,0,0,88,240,252,252,209,21,0,0,0,0,0,0,0,0,0,0,0,0,0,0,0,0,0,0,0,0,0,0,117,252,252,248,88,0,0,0,0,0,0,0,0,0,0,0,0,0,0,0,0,0,0,0,0,0,0,50,235,252,252,238,0,0,0,0,0,0,0,0,0,0,0,0,0,0,0,0,0,0,0,0,0,0,13,166,252,252,252,147,0,0,0,0,0,0,0,0,0,0,0,0,0,0,0,0,0,0,0,0,0,0,81,252,252,252,150,39,0,0,0,0,0,0,0,0,0,0,0,0,0,0,0,0,0,0,0,0,0,0,76,242,252,252,93,0,0,0,0,0,0,0,0,0,0,0,0,0,0,0,0,0,0,0,0,0,0,0,0,32,119,189,44,0,0,0,0,0,0,0,0,0,0,0,0,0,0,0,0,0,0,0,0,0,0,0,0,0,0,0,0,0,0,0,0,0,0,0,0,0,0,0,0,0,0,0,0,0,0,0,0,0,0,0,0,0,0,0,0,0,0,0,0,0,0,0,0,0,0,0,0,0,0,0,0,0,0,0,0,0,0,0,0,0,0,0,0,0,0,0,0,0,0,0,0,0,0,0,0,0,0,0
6,0,0,0,0,0,0,0,0,0,0,0,0,0,0,0,0,0,0,0,0,0,0,0,0,0,0,0,0,0,0,0,0,0,0,0,0,0,0,0,0,0,0,0,0,0,0,0,0,0,0,0,0,0,0,0,0,0,0,0,0,0,0,0,0,0,0,0,0,0,0,0,0,0,0,0,0,0,0,0,0,0,0,0,0,0,0,0,0,0,0,0,0,0,0,0,0,0,0,0,0,0,0,0,0,0,0,0,0,0,0,0,0,0,0,0,0,0,0,0,0,0,0,0,0,0,0,0,0,26,125,192,109,0,0,0,0,0,0,0,0,0,0,0,0,0,0,0,0,0,0,0,0,0,0,0,89,214,254,254,237,46,0,0,0,0,0,0,0,0,0,0,0,0,0,0,0,0,0,0,0,0,0,63,252,254,234,160,254,98,0,0,0,0,0,0,0,0,0,0,0,0,0,0,0,0,0,0,0,0,30,211,254,152,16,40,224,8,0,0,0,0,0,0,0,0,0,0,0,0,0,0,0,0,0,0,0,0,190,254,150,7,18,190,104,0,0,0,0,0,0,0,0,0,0,0,0,0,0,0,0,0,0,0,0,29,222,231,63,93,172,162,58,0,0,0,0,0,0,0,0,0,0,0,0,0,0,0,0,0,0,0,0,190,254,145,9,39,32,0,0,0,0,0,0,0,0,0,0,0,0,0,0,0,0,0,0,0,0,0,71,247,232,40,0,0,0,0,0,0,0,0,0,0,0,0,0,0,0,0,0,0,0,0,0,0,0,0,123,254,78,0,0,0,0,0,0,0,0,0,0,0,0,0,0,0,0,0,0,0,0,0,0,0,0,72,246,234,39,0,16,160,197,197,71,0,0,0,0,0,0,0,0,0,0,0,0,0,0,0,0,0,0,190,254,78,0,16,172,254,254,254,91,0,0,0,0,0,0,0,0,0,0,0,0,0,0,0,0,0,0,223,193,13,15,172,254,244,211,254,91,0,0,0,0,0,0,0,0,0,0,0,0,0,0,0,0,0,0,223,169,0,97,255,244,99,70,254,91,0,0,0,0,0,0,0,0,0,0,0,0,0,0,0,0,0,67,244,169,0,203,244,98,56,229,208,30,0,0,0,0,0,0,0,0,0,0,0,0,0,0,0,0,0,99,254,169,51,236,189,8,193,225,30,0,0,0,0,0,0,0,0,0,0,0,0,0,0,0,0,0,0,99,254,89,79,254,196,147,254,128,0,0,0,0,0,0,0,0,0,0,0,0,0,0,0,0,0,0,0,99,254,117,79,254,254,254,213,32,0,0,0,0,0,0,0,0,0,0,0,0,0,0,0,0,0,0,0,94,253,218,178,254,254,214,31,0,0,0,0,0,0,0,0,0,0,0,0,0,0,0,0,0,0,0,0,0,223,254,254,253,214,30,0,0,0,0,0,0,0,0,0,0,0,0,0,0,0,0,0,0,0,0,0,0,109,235,214,89,0,0,0,0,0,0,0,0,0,0,0,0,0,0,0,0,0,0,0,0,0,0,0,0,0,0,0,0,0,0,0,0,0,0,0,0,0,0,0,0,0,0,0,0,0,0,0,0,0,0,0,0,0,0,0,0,0,0,0,0,0,0,0,0,0,0,0,0,0,0,0,0,0,0,0,0,0,0,0,0,0,0,0,0,0,0,0,0,0,0,0,0,0,0,0,0,0,0,0,0,0,0,0,0,0,0,0,0,0,0,0,0,0,0,0,0,0,0,0,0,0,0,0,0,0,0
1,0,0,0,0,0,0,0,0,0,0,0,0,0,0,0,0,0,0,0,0,0,0,0,0,0,0,0,0,0,0,0,0,0,0,0,0,0,0,0,0,0,0,0,0,0,0,0,0,0,0,0,0,0,0,0,0,0,0,0,0,0,0,0,0,0,0,0,0,0,0,0,0,0,0,0,0,0,0,0,0,0,0,0,0,0,0,0,0,0,0,0,0,0,0,0,0,0,0,0,0,0,0,0,0,0,0,0,0,0,0,0,0,0,0,0,0,0,0,0,0,0,0,0,0,0,0,0,0,0,0,0,0,0,0,0,0,0,0,0,0,0,0,0,0,0,0,0,0,0,0,0,0,0,0,163,255,236,13,0,0,0,0,0,0,0,0,0,0,0,0,0,0,0,0,0,0,0,0,0,0,0,5,190,253,253,86,0,0,0,0,0,0,0,0,0,0,0,0,0,0,0,0,0,0,0,0,0,0,0,17,253,253,244,48,0,0,0,0,0,0,0,0,0,0,0,0,0,0,0,0,0,0,0,0,0,0,0,17,253,253,232,0,0,0,0,0,0,0,0,0,0,0,0,0,0,0,0,0,0,0,0,0,0,0,0,12,224,253,232,0,0,0,0,0,0,0,0,0,0,0,0,0,0,0,0,0,0,0,0,0,0,0,0,15,244,253,232,0,0,0,0,0,0,0,0,0,0,0,0,0,0,0,0,0,0,0,0,0,0,0,0,17,253,253,232,0,0,0,0,0,0,0,0,0,0,0,0,0,0,0,0,0,0,0,0,0,0,0,0,100,253,253,232,0,0,0,0,0,0,0,0,0,0,0,0,0,0,0,0,0,0,0,0,0,0,0,0,178,253,253,232,0,0,0,0,0,0,0,0,0,0,0,0,0,0,0,0,0,0,0,0,0,0,0,0,233,253,253,162,0,0,0,0,0,0,0,0,0,0,0,0,0,0,0,0,0,0,0,0,0,0,0,0,186,253,253,124,0,0,0,0,0,0,0,0,0,0,0,0,0,0,0,0,0,0,0,0,0,0,0,0,233,253,253,69,0,0,0,0,0,0,0,0,0,0,0,0,0,0,0,0,0,0,0,0,0,0,0,0,233,253,253,16,0,0,0,0,0,0,0,0,0,0,0,0,0,0,0,0,0,0,0,0,0,0,0,0,233,253,253,16,0,0,0,0,0,0,0,0,0,0,0,0,0,0,0,0,0,0,0,0,0,0,0,0,233,253,204,8,0,0,0,0,0,0,0,0,0,0,0,0,0,0,0,0,0,0,0,0,0,0,0,0,233,253,161,0,0,0,0,0,0,0,0,0,0,0,0,0,0,0,0,0,0,0,0,0,0,0,0,38,242,253,161,0,0,0,0,0,0,0,0,0,0,0,0,0,0,0,0,0,0,0,0,0,0,0,0,0,233,253,161,0,0,0,0,0,0,0,0,0,0,0,0,0,0,0,0,0,0,0,0,0,0,0,0,0,233,253,161,0,0,0,0,0,0,0,0,0,0,0,0,0,0,0,0,0,0,0,0,0,0,0,0,0,95,184,93,0,0,0,0,0,0,0,0,0,0,0,0,0,0,0,0,0,0,0,0,0,0,0,0,0,0,0,0,0,0,0,0,0,0,0,0,0,0,0,0,0,0,0,0,0,0,0,0,0,0,0,0,0,0,0,0,0,0,0,0,0,0,0,0,0,0,0,0,0,0,0,0,0,0,0,0,0,0,0,0,0,0,0,0,0,0,0,0,0,0,0,0,0,0,0,0
1,0,0,0,0,0,0,0,0,0,0,0,0,0,0,0,0,0,0,0,0,0,0,0,0,0,0,0,0,0,0,0,0,0,0,0,0,0,0,0,0,0,0,0,0,0,0,0,0,0,0,0,0,0,0,0,0,0,0,0,0,0,0,0,0,0,0,0,0,0,0,0,0,0,0,0,0,0,0,0,0,0,0,0,0,0,0,0,0,0,0,0,0,0,0,0,0,0,0,0,0,0,0,0,0,0,0,0,0,0,0,0,0,0,0,0,0,0,0,0,0,0,0,0,0,0,0,0,0,0,0,0,0,0,0,0,0,0,0,0,0,0,0,0,0,0,0,0,0,0,0,0,0,0,0,32,191,109,63,0,0,0,0,0,0,0,0,0,0,0,0,0,0,0,0,0,0,0,0,0,0,0,0,73,252,252,176,52,0,0,0,0,0,0,0,0,0,0,0,0,0,0,0,0,0,0,0,0,0,0,0,176,252,252,253,76,0,0,0,0,0,0,0,0,0,0,0,0,0,0,0,0,0,0,0,0,0,0,1,217,252,252,191,15,0,0,0,0,0,0,0,0,0,0,0,0,0,0,0,0,0,0,0,0,0,0,109,252,252,252,144,0,0,0,0,0,0,0,0,0,0,0,0,0,0,0,0,0,0,0,0,0,0,0,233,252,252,252,144,0,0,0,0,0,0,0,0,0,0,0,0,0,0,0,0,0,0,0,0,0,0,105,253,252,252,252,41,0,0,0,0,0,0,0,0,0,0,0,0,0,0,0,0,0,0,0,0,0,0,144,253,252,252,168,0,0,0,0,0,0,0,0,0,0,0,0,0,0,0,0,0,0,0,0,0,0,37,253,255,253,217,0,0,0,0,0,0,0,0,0,0,0,0,0,0,0,0,0,0,0,0,0,0,0,16,190,253,252,215,0,0,0,0,0,0,0,0,0,0,0,0,0,0,0,0,0,0,0,0,0,0,0,140,252,253,252,215,0,0,0,0,0,0,0,0,0,0,0,0,0,0,0,0,0,0,0,0,0,0,42,221,252,253,252,215,0,0,0,0,0,0,0,0,0,0,0,0,0,0,0,0,0,0,0,0,0,0,0,182,253,255,253,217,0,0,0,0,0,0,0,0,0,0,0,0,0,0,0,0,0,0,0,0,0,0,21,201,252,253,252,91,0,0,0,0,0,0,0,0,0,0,0,0,0,0,0,0,0,0,0,0,0,0,73,252,252,253,179,20,0,0,0,0,0,0,0,0,0,0,0,0,0,0,0,0,0,0,0,0,0,0,73,252,252,253,35,0,0,0,0,0,0,0,0,0,0,0,0,0,0,0,0,0,0,0,0,0,0,0,0,182,253,255,98,0,0,0,0,0,0,0,0,0,0,0,0,0,0,0,0,0,0,0,0,0,0,0,0,181,252,253,179,0,0,0,0,0,0,0,0,0,0,0,0,0,0,0,0,0,0,0,0,0,0,0,0,160,231,170,159,0,0,0,0,0,0,0,0,0,0,0,0,0,0,0,0,0,0,0,0,0,0,0,0,16,46,109,97,0,0,0,0,0,0,0,0,0,0,0,0,0,0,0,0,0,0,0,0,0,0,0,0,0,0,0,0,0,0,0,0,0,0,0,0,0,0,0,0,0,0,0,0,0,0,0,0,0,0,0,0,0,0,0,0,0,0,0,0,0,0,0,0,0,0,0,0,0,0,0,0,0,0,0,0,0,0,0,0,0,0,0,0,0,0,0,0,0,0,0,0,0,0,0,0,0
3,0,0,0,0,0,0,0,0,0,0,0,0,0,0,0,0,0,0,0,0,0,0,0,0,0,0,0,0,0,0,0,0,0,0,0,0,0,0,0,0,0,0,0,0,0,0,0,0,0,0,0,0,0,0,0,0,0,0,0,0,0,0,0,0,0,0,0,0,0,0,0,0,0,0,0,0,0,0,0,0,0,0,0,0,0,0,0,0,0,0,0,0,0,0,0,0,0,0,0,0,0,0,0,0,0,0,0,0,0,0,0,0,0,0,0,0,0,0,0,0,0,0,0,0,0,0,0,0,0,0,0,0,0,0,0,0,0,0,0,0,0,0,0,0,0,0,0,0,0,80,253,250,174,98,13,6,0,0,0,0,0,0,0,0,0,0,0,0,0,0,0,0,0,0,0,0,0,91,228,254,254,255,254,195,107,1,0,0,0,0,0,0,0,0,0,0,0,0,0,0,0,0,0,0,0,0,1,88,198,235,254,254,254,105,0,0,0,0,0,0,0,0,0,0,0,0,0,0,0,0,0,0,0,0,0,0,0,34,100,240,254,165,0,0,0,0,0,0,0,0,0,0,0,0,0,0,0,0,0,0,0,0,0,0,0,0,47,251,254,102,0,0,0,0,0,0,0,0,0,0,0,0,0,0,0,0,0,0,0,0,0,0,0,25,201,254,160,1,0,0,0,0,0,0,0,0,0,0,0,0,0,0,0,0,0,0,0,0,0,0,11,189,254,211,34,0,0,0,0,0,0,0,0,0,0,0,0,0,0,0,0,0,0,0,0,0,0,17,191,255,234,42,0,0,0,0,0,0,0,0,0,0,0,0,0,0,0,0,0,0,0,0,0,0,57,235,254,228,64,0,0,0,0,0,0,0,0,0,0,0,0,0,0,0,0,0,0,0,0,0,0,161,253,255,236,36,0,0,0,0,0,0,0,0,0,0,0,0,0,0,0,0,0,0,0,0,0,0,0,201,254,254,254,223,129,23,0,0,0,0,0,0,0,0,0,0,0,0,0,0,0,0,0,0,0,0,0,8,29,109,143,221,254,239,127,1,0,0,0,0,0,0,0,0,0,0,0,0,0,0,0,0,0,0,0,0,0,0,0,21,114,246,254,129,0,0,0,0,0,0,0,0,0,0,0,0,0,0,0,0,0,0,0,0,0,0,0,0,0,71,221,251,51,0,0,0,0,0,0,0,0,0,0,0,0,0,0,0,0,0,0,0,0,0,0,0,0,0,101,254,153,0,0,0,0,0,0,0,0,0,0,0,0,0,0,0,0,0,0,0,0,0,0,0,0,0,78,254,215,0,0,0,0,0,0,0,0,0,0,0,0,0,0,0,0,0,0,0,172,28,0,0,0,0,92,254,168,0,0,0,0,0,0,0,0,0,0,0,0,0,0,0,0,0,0,0,185,236,104,12,30,99,241,253,94,0,0,0,0,0,0,0,0,0,0,0,0,0,0,0,0,0,0,0,11,212,254,236,243,254,254,129,0,0,0,0,0,0,0,0,0,0,0,0,0,0,0,0,0,0,0,0,0,10,102,173,190,161,43,1,0,0,0,0,0,0,0,0,0,0,0,0,0,0,0,0,0,0,0,0,0,0,0,0,0,0,0,0,0,0,0,0,0,0,0,0,0,0,0,0,0,0,0,0,0,0,0,0,0,0,0,0,0,0,0,0,0,0,0,0,0,0,0,0,0,0,0,0,0,0,0,0,0,0,0,0,0,0,0,0,0,0,0,0,0,0,0,0,0,0,0,0,0,0
7,0,0,0,0,0,0,0,0,0,0,0,0,0,0,0,0,0,0,0,0,0,0,0,0,0,0,0,0,0,0,0,0,0,0,0,0,0,0,0,0,0,0,0,0,0,0,0,0,0,0,0,0,0,0,0,0,0,0,0,0,0,0,0,0,0,0,0,0,0,0,0,0,0,0,0,0,0,0,0,0,0,0,0,0,0,0,0,0,0,0,0,0,0,0,0,0,0,0,0,0,0,0,0,0,0,0,0,0,0,0,0,0,0,0,0,0,0,0,0,0,0,0,0,0,0,0,0,0,0,0,0,0,0,0,0,0,0,0,0,0,0,0,0,0,0,0,0,0,0,0,0,0,0,0,0,0,0,0,0,0,0,0,0,0,0,0,0,0,0,0,0,0,0,0,0,0,0,0,0,0,0,0,0,0,0,0,0,0,0,0,0,0,0,0,0,0,0,0,0,0,0,0,0,0,0,0,61,171,158,218,182,140,11,0,0,0,0,0,0,0,0,0,0,0,0,0,0,0,0,0,0,0,0,10,196,255,187,95,83,230,197,0,0,0,0,0,0,0,0,0,0,0,0,0,0,0,0,0,0,0,0,126,254,135,9,0,0,32,248,57,0,0,0,0,0,0,0,0,0,0,0,0,0,0,0,0,0,0,0,185,181,0,0,0,0,8,218,112,0,0,0,0,0,0,0,0,0,0,0,0,0,0,0,0,0,0,34,238,42,0,0,0,0,7,214,118,0,0,0,0,0,0,0,0,0,0,0,0,0,0,0,0,0,0,118,159,0,0,0,0,0,16,240,117,0,0,0,0,0,0,0,0,0,0,0,0,0,0,0,0,0,0,150,66,0,0,0,0,0,20,254,117,0,0,0,0,0,0,0,0,0,0,0,0,0,0,0,0,0,0,85,0,0,0,0,0,0,20,254,45,0,0,0,0,0,0,0,0,0,0,0,0,0,0,0,0,0,0,0,0,0,0,0,0,0,128,239,24,0,0,0,0,0,0,0,0,0,0,0,0,0,0,0,0,0,0,0,0,0,0,0,0,0,188,202,0,0,0,0,0,0,0,0,0,0,0,0,0,0,0,0,0,0,0,0,0,0,0,0,0,0,254,95,0,0,0,0,0,0,0,0,0,0,0,0,0,0,0,0,0,0,0,0,0,0,0,0,0,49,236,5,0,0,0,0,0,0,0,0,0,0,0,0,0,0,0,0,0,0,0,0,0,0,0,0,0,163,205,0,0,0,0,0,0,0,0,0,0,0,0,0,0,0,0,0,0,0,0,0,0,0,0,0,0,235,121,0,0,0,0,0,0,0,0,0,0,0,0,0,0,0,0,0,0,0,0,0,0,0,0,0,50,251,37,0,0,0,0,0,0,0,0,0,0,0,0,0,0,0,0,0,0,0,0,0,0,0,0,0,84,254,0,0,0,0,0,0,0,0,0,0,0,0,0,0,0,0,0,0,0,0,0,0,0,0,0,0,192,200,0,0,0,0,0,0,0,0,0,0,0,0,0,0,0,0,0,0,0,0,0,0,0,0,0,0,203,175,0,0,0,0,0,0,0,0,0,0,0,0,0,0,0,0,0,0,0,0,0,0,0,0,0,0,137,175,0,0,0,0,0,0,0,0,0,0,0,0,0,0,0,0,0,0,0,0,0,0,0,0,0,0,65,128,0,0,0,0,0,0,0,0,0,0,0,0,0,0,0,0,0,0,0,0,0,0,0,0,0,0,0,0,0,0,0,0,0,0,0,0,0,0,0,0,0
9,0,0,0,0,0,0,0,0,0,0,0,0,0,0,0,0,0,0,0,0,0,0,0,0,0,0,0,0,0,0,0,0,0,0,0,0,0,0,0,0,0,0,0,0,0,0,0,0,0,0,0,0,0,0,0,0,0,0,0,0,0,0,0,0,0,0,0,0,0,0,0,0,0,0,0,0,0,0,0,0,0,0,0,0,0,0,0,0,0,0,0,0,0,0,0,0,0,0,0,0,0,0,0,0,0,0,0,0,0,0,0,0,0,0,0,0,0,0,0,0,0,0,0,0,0,0,0,0,0,0,0,0,0,0,0,0,0,0,0,0,0,0,0,0,0,0,0,0,0,0,0,0,0,0,0,0,0,0,0,0,0,0,0,0,0,0,0,0,0,0,0,0,0,0,0,0,0,0,0,0,0,0,53,77,179,250,128,29,0,0,0,0,0,0,0,0,0,0,0,0,0,0,0,0,0,0,0,0,2,125,236,254,254,254,254,133,0,0,0,0,0,0,0,0,0,0,0,0,0,0,0,0,0,0,0,0,170,254,254,254,254,254,254,229,0,0,0,0,0,0,0,0,0,0,0,0,0,0,0,0,0,0,3,21,242,254,156,126,254,254,249,94,0,0,0,0,0,0,0,0,0,0,0,0,0,0,0,0,0,0,60,254,254,121,46,189,254,254,155,0,0,0,0,0,0,0,0,0,0,0,0,0,0,0,0,0,0,0,181,254,254,196,245,254,254,249,52,0,0,0,0,0,0,0,0,0,0,0,0,0,0,0,0,0,0,0,157,254,254,254,254,254,254,249,57,0,0,0,0,0,0,0,0,0,0,0,0,0,0,0,0,0,0,0,20,148,214,214,238,254,254,145,0,0,0,0,0,0,0,0,0,0,0,0,0,0,0,0,0,0,0,0,0,0,0,0,150,254,254,179,0,0,0,0,0,0,0,0,0,0,0,0,0,0,0,0,0,0,0,0,0,0,0,0,209,254,254,120,0,0,0,0,0,0,0,0,0,0,0,0,0,0,0,0,0,0,0,0,0,0,0,40,252,254,206,8,0,0,0,0,0,0,0,0,0,0,0,0,0,0,0,0,0,0,0,0,0,0,0,158,254,254,194,0,0,0,0,0,0,0,0,0,0,0,0,0,0,0,0,0,0,0,0,0,0,0,3,199,254,254,143,0,0,0,0,0,0,0,0,0,0,0,0,0,0,0,0,0,0,0,0,0,0,0,68,254,254,249,0,0,0,0,0,0,0,0,0,0,0,0,0,0,0,0,0,0,0,0,0,0,0,0,189,255,254,200,0,0,0,0,0,0,0,0,0,0,0,0,0,0,0,0,0,0,0,0,0,0,0,27,245,254,254,118,0,0,0,0,0,0,0,0,0,0,0,0,0,0,0,0,0,0,0,0,0,0,5,148,254,255,214,24,0,0,0,0,0,0,0,0,0,0,0,0,0,0,0,0,0,0,0,0,0,0,31,254,254,254,30,0,0,0,0,0,0,0,0,0,0,0,0,0,0,0,0,0,0,0,0,0,0,0,31,254,254,238,4,0,0,0,0,0,0,0,0,0,0,0,0,0,0,0,0,0,0,0,0,0,0,0,19,154,194,58,0,0,0,0,0,0,0,0,0,0,0,0,0,0,0,0,0,0,0,0,0,0,0,0,0,0,0,0,0,0,0,0,0,0,0,0,0,0,0,0,0,0,0,0,0,0,0,0,0,0,0,0,0,0,0,0,0,0,0,0,0,0,0,0,0,0,0,0,0,0
0,0,0,0,0,0,0,0,0,0,0,0,0,0,0,0,0,0,0,0,0,0,0,0,0,0,0,0,0,0,0,0,0,0,0,0,0,0,0,0,0,0,0,0,0,0,0,0,0,0,0,0,0,0,0,0,0,0,0,0,0,0,0,0,0,0,0,0,0,0,0,0,0,0,0,0,0,0,0,0,0,0,0,0,0,0,0,0,0,0,0,0,0,0,0,0,0,0,0,0,0,0,0,0,0,0,0,0,0,0,0,0,0,0,0,0,0,0,0,0,0,0,0,0,5,89,209,254,255,246,127,5,0,0,0,0,0,0,0,0,0,0,0,0,0,0,0,0,0,0,0,5,150,253,253,237,196,242,253,27,0,0,0,0,0,0,0,0,0,0,0,0,0,0,0,0,0,0,0,156,253,253,128,18,0,50,253,184,0,0,0,0,0,0,0,0,0,0,0,0,0,0,0,0,0,7,152,254,234,116,2,0,0,9,196,250,54,0,0,0,0,0,0,0,0,0,0,0,0,0,0,0,0,77,253,254,61,0,0,0,0,0,18,238,133,0,0,0,0,0,0,0,0,0,0,0,0,0,0,0,49,246,254,38,0,0,0,0,0,0,0,235,254,255,158,0,0,0,0,0,0,0,0,0,0,0,0,2,129,253,125,0,0,0,0,0,0,0,0,181,253,246,250,111,0,0,0,0,0,0,0,0,0,0,0,88,253,225,18,0,0,0,0,0,0,0,0,40,222,127,253,174,0,0,0,0,0,0,0,0,0,0,0,170,253,161,0,0,0,0,0,0,0,0,0,40,140,5,164,247,18,0,0,0,0,0,0,0,0,0,0,214,253,41,0,0,0,0,0,0,0,0,0,9,14,0,118,253,19,0,0,0,0,0,0,0,0,0,0,215,175,0,0,0,0,0,0,0,0,0,0,0,0,0,58,254,117,0,0,0,0,0,0,0,0,0,0,214,174,0,0,0,0,0,0,0,0,0,0,0,0,0,20,253,199,0,0,0,0,0,0,0,0,0,41,241,174,0,0,0,0,0,0,0,0,0,0,0,0,0,20,253,146,0,0,0,0,0,0,0,0,0,59,253,174,0,0,0,0,0,0,0,0,0,0,0,0,0,73,253,102,0,0,0,0,0,0,0,0,0,59,253,174,0,0,0,0,0,0,0,0,0,0,0,0,0,192,222,12,0,0,0,0,0,0,0,0,0,23,230,254,102,0,0,0,0,0,0,0,0,0,0,46,217,254,152,0,0,0,0,0,0,0,0,0,0,0,131,253,216,20,0,0,0,0,0,0,0,14,126,244,249,180,12,0,0,0,0,0,0,0,0,0,0,0,44,199,253,253,176,87,0,0,0,49,124,229,253,222,98,0,0,0,0,0,0,0,0,0,0,0,0,0,0,6,125,229,254,251,234,234,234,246,253,240,161,34,0,0,0,0,0,0,0,0,0,0,0,0,0,0,0,0,0,23,155,238,253,253,253,231,111,40,0,0,0,0,0,0,0,0,0,0,0,0,0,0,0,0,0,0,0,0,0,0,0,0,0,0,0,0,0,0,0,0,0,0,0,0,0,0,0,0,0,0,0,0,0,0,0,0,0,0,0,0,0,0,0,0,0,0,0,0,0,0,0,0,0,0,0,0,0,0,0,0,0,0,0,0,0,0,0,0,0,0,0,0,0,0,0,0,0,0,0,0,0,0,0,0,0,0,0,0,0,0,0,0,0,0,0,0,0,0,0,0,0,0,0,0,0,0,0,0,0,0
8,0,0,0,0,0,0,0,0,0,0,0,0,0,0,0,0,0,0,0,0,0,0,0,0,0,0,0,0,0,0,0,0,0,0,0,0,0,0,0,0,0,0,0,0,0,0,0,0,0,0,0,0,0,0,0,0,0,0,0,0,0,0,0,0,0,0,0,0,0,0,0,0,0,0,0,0,0,0,0,0,0,0,0,0,0,0,0,0,0,0,0,0,0,0,0,0,0,0,0,0,0,0,0,0,0,0,0,0,0,0,0,0,0,0,0,0,0,0,0,0,0,0,0,0,16,118,223,255,254,135,48,4,0,0,0,0,0,0,0,0,0,0,0,0,0,0,0,0,0,0,0,50,220,253,253,254,253,253,253,130,0,0,0,0,0,0,0,0,0,0,0,0,0,0,0,0,0,27,151,246,239,181,98,59,54,94,232,178,0,0,0,0,0,0,0,0,0,0,0,0,0,0,0,0,0,132,254,216,12,0,0,0,0,61,239,165,0,0,0,0,0,0,0,0,0,0,0,0,0,0,0,0,0,215,254,45,0,0,0,0,18,212,227,21,0,0,0,0,0,0,0,0,0,0,0,0,0,0,0,0,0,216,255,192,19,0,0,22,206,252,75,0,0,0,0,0,0,0,0,0,0,0,0,0,0,0,0,0,0,115,236,253,198,134,113,162,253,238,0,0,0,0,0,0,0,0,0,0,0,0,0,0,0,0,0,0,0,0,50,229,253,253,253,254,253,128,0,0,0,0,0,0,0,0,0,0,0,0,0,0,0,0,0,0,0,0,0,14,209,155,253,254,253,250,124,6,0,0,0,0,0,0,0,0,0,0,0,0,0,0,0,0,0,0,0,0,14,128,253,223,156,249,253,139,0,0,0,0,0,0,0,0,0,0,0,0,0,0,0,0,0,0,0,0,68,254,254,23,0,104,254,254,31,0,0,0,0,0,0,0,0,0,0,0,0,0,0,0,0,0,0,32,220,253,174,0,0,3,204,253,176,0,0,0,0,0,0,0,0,0,0,0,0,0,0,0,0,0,0,156,253,180,6,0,0,0,145,253,224,0,0,0,0,0,0,0,0,0,0,0,0,0,0,0,0,0,28,230,242,14,0,50,35,0,177,253,166,0,0,0,0,0,0,0,0,0,0,0,0,0,0,0,0,0,148,253,238,0,0,83,119,5,211,253,62,0,0,0,0,0,0,0,0,0,0,0,0,0,0,0,0,0,180,254,221,0,0,22,168,99,254,201,0,0,0,0,0,0,0,0,0,0,0,0,0,0,0,0,0,0,197,253,89,0,58,206,243,238,253,78,0,0,0,0,0,0,0,0,0,0,0,0,0,0,0,0,0,0,227,253,203,3,90,254,253,239,116,2,0,0,0,0,0,0,0,0,0,0,0,0,0,0,0,0,0,0,179,253,232,204,253,254,212,47,0,0,0,0,0,0,0,0,0,0,0,0,0,0,0,0,0,0,0,0,61,240,253,240,156,52,14,0,0,0,0,0,0,0,0,0,0,0,0,0,0,0,0,0,0,0,0,0,0,0,0,0,0,0,0,0,0,0,0,0,0,0,0,0,0,0,0,0,0,0,0,0,0,0,0,0,0,0,0,0,0,0,0,0,0,0,0,0,0,0,0,0,0,0,0,0,0,0,0,0,0,0,0,0,0,0,0,0,0,0,0,0,0,0,0,0,0,0,0,0,0,0,0,0,0,0,0,0,0,0,0,0,0,0,0,0,0,0,0,0,0,0,0,0,0,0,0,0,0,0
0,0,0,0,0,0,0,0,0,0,0,0,0,0,0,0,0,0,0,0,0,0,0,0,0,0,0,0,0,0,0,0,0,0,0,0,0,0,0,0,0,0,0,0,0,0,0,0,0,0,0,0,0,0,0,0,0,0,0,0,0,0,0,0,0,0,0,0,0,0,0,0,0,0,0,0,0,0,0,0,0,0,0,0,0,0,0,0,0,0,0,0,0,0,0,0,0,0,0,0,0,0,0,0,0,0,0,0,0,0,0,0,0,0,0,0,0,0,0,0,0,0,0,0,0,0,0,0,0,0,0,0,0,0,0,0,0,0,0,0,0,0,0,0,0,0,0,0,0,0,0,0,0,0,0,64,185,254,134,83,0,0,0,0,0,0,0,0,0,0,0,0,0,0,0,0,90,241,241,213,91,0,13,247,203,146,242,249,206,28,0,0,0,0,0,0,0,0,0,0,0,0,0,0,214,253,179,179,249,84,80,89,14,0,23,168,253,135,30,0,0,0,0,0,0,0,0,0,0,0,0,133,249,185,9,37,228,93,0,0,0,0,0,13,166,253,192,0,0,0,0,0,0,0,0,0,0,0,0,241,253,67,0,0,37,91,0,0,0,0,0,0,14,201,224,25,0,0,0,0,0,0,0,0,0,0,0,241,184,11,0,0,0,0,0,0,0,0,0,0,0,159,253,192,0,0,0,0,0,0,0,0,0,0,0,241,159,0,0,0,0,0,0,0,0,0,0,0,0,46,241,245,73,0,0,0,0,0,0,0,0,0,0,241,159,0,0,0,0,0,0,0,0,0,0,0,0,0,174,253,107,0,0,0,0,0,0,0,0,0,0,241,159,0,0,0,0,0,0,0,0,0,0,0,0,0,167,253,107,0,0,0,0,0,0,0,0,0,0,241,159,0,0,0,0,0,0,0,0,0,0,0,0,0,112,253,107,0,0,0,0,0,0,0,0,0,0,242,254,40,0,0,0,0,0,0,0,0,0,0,0,0,175,242,57,0,0,0,0,0,0,0,0,0,0,184,253,96,0,0,0,0,0,0,0,0,0,0,0,0,174,226,0,0,0,0,0,0,0,0,0,0,0,68,244,173,0,0,0,0,0,0,0,0,0,0,0,20,203,226,0,0,0,0,0,0,0,0,0,0,0,0,185,241,45,0,0,0,0,0,0,0,0,0,0,54,253,184,0,0,0,0,0,0,0,0,0,0,0,0,94,253,88,0,0,0,0,0,0,0,0,0,0,160,253,93,0,0,0,0,0,0,0,0,0,0,0,0,25,196,236,78,0,0,0,0,0,0,0,0,15,201,245,74,0,0,0,0,0,0,0,0,0,0,0,0,0,26,217,236,76,0,0,0,0,0,0,56,195,253,192,0,0,0,0,0,0,0,0,0,0,0,0,0,0,0,74,197,238,161,83,27,27,27,77,190,253,134,29,0,0,0,0,0,0,0,0,0,0,0,0,0,0,0,0,23,128,241,253,253,255,253,253,249,133,28,0,0,0,0,0,0,0,0,0,0,0,0,0,0,0,0,0,0,0,13,120,120,183,126,120,82,0,0,0,0,0,0,0,0,0,0,0,0,0,0,0,0,0,0,0,0,0,0,0,0,0,0,0,0,0,0,0,0,0,0,0,0,0,0,0,0,0,0,0,0,0,0,0,0,0,0,0,0,0,0,0,0,0,0,0,0,0,0,0,0,0,0,0,0,0,0,0,0,0,0,0,0,0,0,0,0,0,0,0,0,0,0,0,0,0,0,0,0,0
5,0,0,0,0,0,0,0,0,0,0,0,0,0,0,0,0,0,0,0,0,0,0,0,0,0,0,0,0,0,0,0,0,0,0,0,0,0,0,0,0,0,0,0,0,0,0,0,0,0,0,0,0,0,0,0,0,0,0,0,0,0,0,0,0,0,0,0,0,0,0,0,0,0,0,0,0,0,0,0,0,0,0,0,0,0,0,0,0,0,0,0,0,0,0,0,0,0,0,0,0,0,0,0,0,0,0,0,0,0,0,0,0,0,0,0,0,0,0,0,0,0,0,0,0,0,0,0,0,0,0,0,0,0,0,0,0,0,0,0,0,0,0,0,0,0,0,0,0,0,0,0,0,0,0,0,0,0,0,0,0,0,0,0,0,0,0,0,0,0,0,0,0,0,0,0,0,0,0,0,0,0,0,0,15,126,136,150,255,254,216,27,0,0,0,0,0,0,0,0,0,0,0,0,0,0,0,0,4,36,119,154,237,253,253,253,253,253,242,131,0,0,0,0,0,0,0,0,0,0,0,0,0,0,23,57,179,253,253,253,253,253,253,253,218,169,56,0,0,0,0,0,0,0,0,0,0,0,0,0,0,100,216,253,253,253,253,253,193,182,67,65,23,0,0,0,0,0,0,0,0,0,0,0,0,0,0,19,177,245,253,253,245,164,137,47,8,0,0,0,0,0,0,0,0,0,0,0,0,0,0,0,0,0,0,158,253,253,253,198,26,0,0,0,0,0,0,0,0,0,0,0,0,0,0,0,0,0,0,0,0,0,90,250,253,253,203,17,6,6,5,0,0,0,0,0,0,0,0,0,0,0,0,0,0,0,0,0,0,0,33,246,253,253,253,253,253,253,227,107,24,3,0,0,0,0,0,0,0,0,0,0,0,0,0,0,0,0,0,89,212,246,253,253,253,253,253,253,253,168,23,0,0,0,0,0,0,0,0,0,0,0,0,0,0,0,0,0,0,63,126,194,200,253,253,253,253,253,214,164,21,0,0,0,0,0,0,0,0,0,0,0,0,0,0,0,0,0,0,0,6,59,86,176,241,253,253,253,124,0,0,0,0,0,0,0,0,0,0,0,0,0,0,0,0,0,0,0,0,0,0,0,34,93,207,253,246,59,0,0,0,0,0,0,0,0,0,0,0,0,0,0,0,0,0,0,0,0,0,0,0,0,18,206,253,178,0,0,0,0,0,0,0,0,0,0,0,0,0,0,0,0,0,0,0,0,0,0,0,0,1,153,253,188,0,0,0,0,0,0,0,0,0,0,0,0,0,0,0,0,0,0,0,0,0,0,0,0,26,253,253,188,0,0,0,0,0,0,0,0,0,0,0,0,0,0,0,0,0,0,0,0,0,0,0,96,211,253,253,166,0,0,0,0,0,0,0,0,0,0,0,0,0,0,0,0,0,0,0,0,46,66,164,247,253,253,188,20,0,0,0,0,0,0,0,0,0,0,0,0,0,0,0,0,0,83,201,201,238,253,253,253,249,156,19,0,0,0,0,0,0,0,0,0,0,0,0,0,0,0,0,0,93,252,253,253,253,253,216,152,91,0,0,0,0,0,0,0,0,0,0,0,0,0,0,0,0,0,0,0,7,185,201,178,108,17,11,0,0,0,0,0,0,0,0,0,0,0,0,0,0,0,0,0,0,0,0,0,0,0,0,0,0,0,0,0,0,0,0,0,0,0,0,0,0,0,0,0,0,0,0,0,0,0,0,0,0,0,0,0,0,0,0,0,0,0,0,0,0,0,0,0,0,0,0
4,0,0,0,0,0,0,0,0,0,0,0,0,0,0,0,0,0,0,0,0,0,0,0,0,0,0,0,0,0,0,0,0,0,0,0,0,0,0,0,0,0,0,0,0,0,0,0,0,0,0,0,0,0,0,0,0,0,0,0,0,0,0,0,0,0,0,0,0,0,0,0,0,0,0,0,0,0,0,0,0,0,0,0,0,0,0,0,0,0,0,0,0,0,0,0,0,0,0,0,0,0,0,0,0,0,0,0,0,0,0,0,0,0,0,0,0,0,0,0,0,0,0,0,0,0,0,0,0,0,0,0,0,0,0,0,0,0,0,0,0,0,0,0,0,0,0,0,0,0,0,0,19,5,0,0,0,0,0,0,37,231,48,0,0,0,0,0,0,0,0,0,0,0,0,0,0,0,0,17,226,102,0,0,0,0,0,0,149,253,78,0,0,0,0,0,0,0,0,0,0,0,0,0,0,0,0,118,253,49,0,0,0,0,0,0,254,239,24,0,0,0,0,0,0,0,0,0,0,0,0,0,0,0,70,247,116,2,0,0,0,0,0,143,254,128,0,0,0,0,0,0,0,0,0,0,0,0,0,0,0,76,231,233,0,0,0,0,0,0,0,195,254,39,0,0,0,0,0,0,0,0,0,0,0,0,0,0,47,231,241,68,0,0,0,0,0,0,40,254,255,39,0,0,0,0,0,0,0,0,0,0,0,0,0,7,183,253,187,0,0,0,0,0,0,0,47,253,226,21,0,0,0,0,0,0,0,0,0,0,0,0,0,79,253,222,30,0,0,0,0,0,0,0,166,253,165,0,0,0,0,0,0,0,0,0,0,0,0,0,0,67,250,208,16,0,0,0,0,0,0,0,234,253,8,0,0,0,0,0,0,0,0,0,0,0,0,0,0,0,159,253,218,105,0,0,0,0,0,61,248,253,0,0,0,0,0,0,0,0,0,0,0,0,0,0,0,0,16,158,255,254,254,163,156,156,74,119,254,178,14,9,0,0,0,0,0,0,0,0,0,0,0,0,0,0,0,15,99,220,239,236,237,254,253,253,253,253,224,204,0,0,0,0,0,0,0,0,0,0,0,0,0,0,0,0,0,6,24,12,18,78,128,253,240,137,78,72,0,0,0,0,0,0,0,0,0,0,0,0,0,0,0,0,0,0,0,0,0,0,111,253,213,0,0,0,0,0,0,0,0,0,0,0,0,0,0,0,0,0,0,0,0,0,0,0,0,0,118,253,138,0,0,0,0,0,0,0,0,0,0,0,0,0,0,0,0,0,0,0,0,0,0,0,0,0,215,205,8,0,0,0,0,0,0,0,0,0,0,0,0,0,0,0,0,0,0,0,0,0,0,0,0,58,247,174,0,0,0,0,0,0,0,0,0,0,0,0,0,0,0,0,0,0,0,0,0,0,0,0,0,156,253,107,0,0,0,0,0,0,0,0,0,0,0,0,0,0,0,0,0,0,0,0,0,0,0,0,0,209,234,6,0,0,0,0,0,0,0,0,0,0,0,0,0,0,0,0,0,0,0,0,0,0,0,0,0,216,158,0,0,0,0,0,0,0,0,0,0,0,0,0,0,0,0,0,0,0,0,0,0,0,0,0,0,0,0,0,0,0,0,0,0,0,0,0,0,0,0,0,0,0,0,0,0,0,0,0,0,0,0,0,0,0,0,0,0,0,0,0,0,0,0,0,0,0,0,0,0,0,0,0,0,0,0,0,0,0,0,0,0,0,0,0,0,0,0,0,0,0,0,0,0,0,0
0,0,0,0,0,0,0,0,0,0,0,0,0,0,0,0,0,0,0,0,0,0,0,0,0,0,0,0,0,0,0,0,0,0,0,0,0,0,0,0,0,0,0,0,0,0,0,0,0,0,0,0,0,0,0,0,0,0,0,0,0,0,0,0,0,0,0,0,0,0,0,0,0,0,0,0,0,0,0,0,0,0,0,0,0,0,0,0,0,0,0,0,0,0,0,0,0,0,0,0,0,0,0,0,0,0,0,0,0,0,0,0,0,0,0,0,0,0,0,0,0,0,0,1,28,155,254,254,221,29,0,0,0,0,0,0,0,0,0,0,0,0,0,0,0,0,0,0,0,0,2,109,253,253,253,253,253,122,44,136,25,8,0,0,0,0,0,0,0,0,0,0,0,0,0,0,0,2,109,253,253,253,253,253,253,179,75,250,199,210,143,10,0,0,0,0,0,0,0,0,0,0,0,0,2,109,253,253,253,253,253,253,253,179,0,129,250,253,253,102,2,0,0,0,0,0,0,0,0,0,0,0,95,253,253,253,253,253,246,222,237,157,0,0,85,220,253,253,88,0,0,0,0,0,0,0,0,0,0,27,213,253,253,253,253,246,168,0,46,0,0,0,0,37,220,253,210,4,0,0,0,0,0,0,0,0,5,214,253,253,253,253,246,109,0,0,0,0,0,0,0,0,36,242,253,88,0,0,0,0,0,0,0,0,31,253,253,253,253,222,109,0,0,0,0,0,0,0,0,0,0,236,253,129,0,0,0,0,0,0,0,0,130,253,253,236,74,27,0,0,0,0,0,0,0,0,0,0,0,236,253,129,0,0,0,0,0,0,0,0,222,253,253,228,0,0,0,0,0,0,0,0,0,0,0,0,0,236,253,129,0,0,0,0,0,0,0,0,254,253,253,228,0,0,0,0,0,0,0,0,0,0,0,0,29,241,253,96,0,0,0,0,0,0,0,0,218,253,253,248,183,28,0,0,0,0,0,0,0,0,0,0,142,253,253,5,0,0,0,0,0,0,0,0,91,253,253,253,253,143,28,0,0,0,0,0,0,0,0,0,230,253,253,106,0,0,0,0,0,0,0,0,5,213,253,253,253,253,225,110,0,0,0,0,0,0,33,135,249,253,213,85,0,0,0,0,0,0,0,0,0,26,213,253,253,253,253,246,217,127,69,0,0,78,213,253,253,253,90,0,0,0,0,0,0,0,0,0,0,0,87,212,253,253,253,253,253,253,245,223,223,248,253,253,253,154,2,0,0,0,0,0,0,0,0,0,0,0,0,27,212,253,253,253,253,253,253,253,253,253,253,253,253,30,0,0,0,0,0,0,0,0,0,0,0,0,0,0,11,97,161,253,253,253,253,253,253,253,253,253,101,2,0,0,0,0,0,0,0,0,0,0,0,0,0,0,0,0,2,97,219,253,253,253,253,253,253,101,2,0,0,0,0,0,0,0,0,0,0,0,0,0,0,0,0,0,0,0,4,36,223,156,129,26,5,1,0,0,0,0,0,0,0,0,0,0,0,0,0,0,0,0,0,0,0,0,0,0,0,0,0,0,0,0,0,0,0,0,0,0,0,0,0,0,0,0,0,0,0,0,0,0,0,0,0,0,0,0,0,0,0,0,0,0,0,0,0,0,0,0,0,0,0,0,0,0,0,0,0,0,0,0,0,0,0,0,0,0,0,0,0,0,0,0,0,0,0,0,0,0,0,0,0,0,0,0,0,0,0,0,0,0,0,0,0,0,0,0,0,0,0,0,0,0,0
2,0,0,0,0,0,0,0,0,0,0,0,0,0,0,0,0,0,0,0,0,0,0,0,0,0,0,0,0,0,0,0,0,0,0,0,0,0,0,0,0,0,0,0,0,0,0,0,0,0,0,0,0,0,0,0,0,0,0,0,0,0,0,0,0,0,0,0,0,0,0,0,0,0,0,0,0,0,0,0,0,0,0,0,0,0,0,0,0,0,0,0,0,0,0,0,0,0,0,0,0,0,0,0,0,0,0,0,0,0,0,0,0,0,0,0,0,0,0,0,0,0,43,127,51,0,0,0,0,0,0,0,0,0,0,0,0,0,0,0,0,0,0,0,0,0,0,0,0,0,64,247,231,55,0,0,0,0,0,0,0,0,0,0,0,0,0,0,0,0,0,0,0,0,0,0,0,0,0,100,252,191,0,0,0,0,0,0,0,0,0,0,0,0,0,0,0,0,0,0,0,0,0,0,0,0,0,0,64,253,150,0,0,0,0,0,0,0,0,0,0,0,0,0,0,0,0,0,0,0,0,0,0,0,0,0,64,252,106,0,0,0,0,0,0,0,0,0,0,0,0,0,0,0,0,0,0,0,0,0,0,0,0,0,64,252,106,0,0,0,0,0,0,0,0,0,0,0,0,0,0,0,0,0,0,0,0,0,0,0,0,0,64,252,80,0,0,0,0,0,0,0,0,0,0,0,0,0,0,0,0,0,0,0,0,0,0,0,0,9,186,252,0,0,0,0,0,0,0,0,0,0,0,0,0,0,0,0,0,0,0,0,0,0,0,0,0,39,253,174,0,0,0,0,0,0,0,0,0,0,0,0,0,0,0,0,0,0,0,0,0,0,0,0,0,127,231,28,0,0,0,0,0,0,0,0,0,0,0,0,0,0,0,0,0,0,0,0,0,0,0,0,8,224,129,0,0,0,0,0,0,0,0,0,0,0,0,0,0,0,0,0,0,0,0,0,0,0,0,0,155,205,0,0,0,0,0,0,0,0,0,0,0,0,0,0,0,0,0,0,0,0,0,0,0,0,0,80,242,126,0,0,0,0,0,0,0,0,0,0,27,106,107,185,115,106,106,0,0,0,0,0,0,0,0,210,218,51,69,148,148,148,201,253,253,255,253,253,243,211,212,211,211,140,106,0,0,0,0,0,0,0,0,253,252,252,252,252,253,252,210,168,168,168,168,116,47,0,0,0,0,0,0,0,0,0,0,0,0,0,0,83,126,126,126,82,21,21,11,0,0,0,0,0,0,0,0,0,0,0,0,0,0,0,0,0,0,0,0,0,0,0,0,0,0,0,0,0,0,0,0,0,0,0,0,0,0,0,0,0,0,0,0,0,0,0,0,0,0,0,0,0,0,0,0,0,0,0,0,0,0,0,0,0,0,0,0,0,0,0,0,0,0,0,0,0,0,0,0,0,0,0,0,0,0,0,0,0,0,0,0,0,0,0,0,0,0,0,0,0,0,0,0,0,0,0,0,0,0,0,0,0,0,0,0,0,0,0,0,0,0,0,0,0,0,0,0,0,0,0,0,0,0,0,0,0,0,0,0,0,0,0,0,0,0,0,0,0,0,0,0,0,0,0,0,0,0,0,0,0,0,0,0,0,0,0,0,0,0,0,0,0,0,0,0,0,0,0,0,0,0,0,0,0,0,0,0,0,0,0,0,0,0,0,0,0,0,0,0,0,0,0,0,0,0,0,0,0,0,0,0,0,0,0,0,0,0,0,0,0,0,0,0,0,0,0,0,0,0,0,0,0,0,0,0
8,0,0,0,0,0,0,0,0,0,0,0,0,0,0,0,0,0,0,0,0,0,0,0,0,0,0,0,0,0,0,0,0,0,0,0,0,0,0,0,0,0,0,0,0,0,0,0,0,0,0,0,0,0,0,0,0,0,0,0,0,0,0,0,0,0,0,0,0,0,0,0,0,0,0,0,0,0,0,0,0,0,0,0,0,0,0,0,0,0,0,0,0,0,0,0,0,0,0,0,0,0,0,0,0,0,0,0,0,0,0,0,0,0,0,0,0,0,0,0,0,0,0,0,0,0,0,0,0,0,0,0,0,0,0,0,0,0,0,0,0,0,0,0,0,0,0,0,0,0,0,99,228,254,254,254,255,254,189,96,0,0,0,0,0,0,0,0,0,0,0,0,0,0,0,0,0,0,98,249,244,225,144,62,124,172,254,127,0,0,0,0,0,0,0,0,0,0,0,0,0,0,0,0,0,0,153,254,167,0,0,0,0,10,224,80,0,0,0,0,0,0,0,0,0,0,0,0,0,0,0,0,0,0,153,254,167,0,0,0,0,0,3,1,0,17,73,57,0,0,0,0,0,0,0,0,0,0,0,0,0,0,153,254,167,0,0,0,0,0,0,0,51,194,254,152,0,0,0,0,0,0,0,0,0,0,0,0,0,0,85,254,167,0,0,0,0,0,0,133,212,254,175,65,0,0,0,0,0,0,0,0,0,0,0,0,0,0,2,217,218,26,0,0,0,4,184,253,252,146,1,0,0,0,0,0,0,0,0,0,0,0,0,0,0,0,0,136,254,185,0,0,11,178,254,190,97,0,0,0,0,0,0,0,0,0,0,0,0,0,0,0,0,0,0,46,231,238,61,58,216,254,198,78,0,0,0,0,0,0,0,0,0,0,0,0,0,0,0,0,0,0,0,0,164,254,247,250,254,172,35,0,0,0,0,0,0,0,0,0,0,0,0,0,0,0,0,0,0,0,0,0,17,205,254,254,233,27,0,0,0,0,0,0,0,0,0,0,0,0,0,0,0,0,0,0,0,0,0,0,0,178,254,254,220,15,0,0,0,0,0,0,0,0,0,0,0,0,0,0,0,0,0,0,0,0,0,0,15,246,254,254,254,117,0,0,0,0,0,0,0,0,0,0,0,0,0,0,0,0,0,0,0,0,0,0,91,254,235,120,248,251,68,0,0,0,0,0,0,0,0,0,0,0,0,0,0,0,0,0,0,0,0,16,230,218,47,0,213,254,228,40,0,0,0,0,0,0,0,0,0,0,0,0,0,0,0,0,0,0,0,25,254,209,7,0,50,246,254,115,0,0,0,0,0,0,0,0,0,0,0,0,0,0,0,0,0,0,0,24,252,254,119,0,0,206,254,115,0,0,0,0,0,0,0,0,0,0,0,0,0,0,0,0,0,0,0,0,121,254,247,132,68,219,254,150,0,0,0,0,0,0,0,0,0,0,0,0,0,0,0,0,0,0,0,0,10,184,254,254,254,254,243,63,0,0,0,0,0,0,0,0,0,0,0,0,0,0,0,0,0,0,0,0,0,13,106,188,254,175,110,0,0,0,0,0,0,0,0,0,0,0,0,0,0,0,0,0,0,0,0,0,0,0,0,0,0,0,0,0,0,0,0,0,0,0,0,0,0,0,0,0,0,0,0,0,0,0,0,0,0,0,0,0,0,0,0,0,0,0,0,0,0,0,0,0,0,0,0,0,0,0,0,0,0,0,0,0,0,0,0,0,0,0,0,0,0,0,0,0,0,0,0,0,0
7,0,0,0,0,0,0,0,0,0,0,0,0,0,0,0,0,0,0,0,0,0,0,0,0,0,0,0,0,0,0,0,0,0,0,0,0,0,0,0,0,0,0,0,0,0,0,0,0,0,0,0,0,0,0,0,0,0,0,0,0,0,0,0,0,0,0,0,0,0,0,0,0,0,0,0,0,0,0,0,0,0,0,0,0,0,0,0,0,0,0,0,0,0,0,0,0,0,0,0,0,0,0,0,0,0,0,0,0,0,0,0,0,0,0,0,0,0,0,0,60,204,255,142,78,121,4,0,0,0,0,0,0,0,0,0,0,0,0,0,0,0,0,0,0,0,0,80,234,225,225,247,201,254,96,35,0,0,0,0,0,0,0,0,0,0,0,0,0,0,0,0,0,0,0,24,52,0,0,51,38,226,254,143,0,0,0,0,0,0,0,0,0,0,0,0,0,0,0,0,0,0,0,0,0,0,0,0,0,102,250,179,137,0,0,0,0,0,0,0,0,0,0,0,0,0,0,0,0,0,0,0,0,0,0,0,0,0,144,240,213,64,0,0,0,0,0,0,0,0,0,0,0,0,0,0,0,0,0,0,0,0,0,0,0,0,0,179,254,177,0,0,0,0,0,0,0,0,0,0,0,0,0,0,0,0,0,0,0,0,0,0,0,0,0,114,254,171,0,0,0,0,0,0,0,0,0,0,0,0,0,0,0,0,0,0,0,0,0,0,0,0,0,111,254,174,0,0,0,0,0,0,0,0,0,0,0,0,0,0,0,0,0,0,0,0,0,0,0,0,0,111,254,210,0,0,0,0,0,0,0,0,0,0,0,0,0,0,0,0,0,0,0,0,0,0,0,0,0,56,254,235,66,0,0,0,0,0,0,0,0,0,0,0,0,0,0,0,0,0,0,0,0,0,0,0,0,93,254,237,33,0,0,0,0,0,0,0,0,0,0,0,0,0,0,0,0,0,0,0,0,0,0,0,0,111,254,254,82,0,0,0,0,0,0,0,0,0,0,0,0,0,0,0,0,0,0,0,0,0,0,0,0,111,254,254,202,44,44,10,0,0,0,0,0,0,0,0,0,0,0,0,0,0,0,0,0,0,0,7,101,206,254,254,254,254,254,210,4,0,0,0,0,0,0,0,0,0,0,0,0,0,0,0,0,90,168,228,254,254,254,254,254,254,254,252,65,0,0,0,0,0,0,0,0,0,0,0,0,0,0,13,167,253,254,254,254,254,254,254,188,254,168,81,0,0,0,0,0,0,0,0,0,0,0,0,0,0,0,15,152,245,205,123,205,254,194,57,14,57,6,0,0,0,0,0,0,0,0,0,0,0,0,0,0,0,0,0,0,0,0,0,96,241,206,7,0,0,0,0,0,0,0,0,0,0,0,0,0,0,0,0,0,0,0,0,0,0,0,0,66,188,174,3,0,0,0,0,0,0,0,0,0,0,0,0,0,0,0,0,0,0,0,0,0,0,0,0,0,170,128,12,0,0,0,0,0,0,0,0,0,0,0,0,0,0,0,0,0,0,0,0,0,0,0,0,0,0,0,0,0,0,0,0,0,0,0,0,0,0,0,0,0,0,0,0,0,0,0,0,0,0,0,0,0,0,0,0,0,0,0,0,0,0,0,0,0,0,0,0,0,0,0,0,0,0,0,0,0,0,0,0,0,0,0,0,0,0,0,0,0,0,0,0,0,0,0,0,0,0,0,0,0,0,0,0,0,0,0,0,0,0,0,0,0,0,0,0,0,0,0,0,0,0,0
2,0,0,0,0,0,0,0,0,0,0,0,0,0,0,0,0,0,0,0,0,0,0,0,0,0,0,0,0,0,0,0,0,0,0,0,0,0,0,0,0,0,0,0,0,0,0,0,0,0,0,0,0,0,0,0,0,0,0,0,0,0,0,0,0,0,0,0,0,0,0,0,0,0,0,0,0,0,0,0,0,0,0,0,0,0,0,0,0,0,0,0,0,0,0,0,0,0,0,0,0,0,0,0,0,0,0,0,0,0,0,0,0,0,0,0,0,0,0,0,0,0,0,0,0,0,0,0,0,0,0,0,0,0,0,0,0,0,0,0,0,0,0,0,0,0,0,0,0,0,0,0,13,22,22,7,0,0,0,0,0,0,0,0,0,0,0,0,0,0,0,0,0,0,0,0,0,0,16,108,218,252,252,170,64,0,0,0,0,0,0,0,0,0,0,0,0,0,0,0,0,0,0,0,0,9,186,252,253,252,252,252,252,89,0,0,0,0,0,0,0,0,0,0,0,0,0,0,0,0,0,0,0,128,253,236,107,27,54,187,253,237,37,0,0,0,0,0,0,0,0,0,0,0,0,0,0,0,0,0,0,92,252,226,0,0,0,64,252,253,63,0,0,0,0,0,0,0,0,0,0,0,0,0,0,0,0,0,0,2,91,82,0,0,0,6,214,253,63,0,0,0,0,0,0,0,0,0,0,0,0,0,0,0,0,0,0,0,0,0,0,0,0,0,211,253,63,0,0,0,0,0,0,0,0,0,0,0,0,0,0,0,0,0,0,0,0,0,0,0,0,54,246,253,63,0,0,0,0,0,0,0,0,0,0,0,0,0,0,0,0,0,0,0,0,0,0,0,0,126,253,150,0,0,0,0,0,0,0,0,0,0,0,0,0,0,0,0,0,0,0,0,0,0,0,0,96,232,252,27,0,0,0,0,0,0,0,0,0,0,0,0,0,0,0,0,0,0,0,0,0,0,0,96,234,247,187,0,0,0,0,0,0,0,0,0,0,0,0,0,0,0,0,0,0,0,0,0,0,27,126,232,247,98,0,0,0,0,0,0,0,0,0,0,0,0,0,0,0,0,0,0,0,18,106,106,176,228,253,252,196,106,106,0,0,0,0,0,0,0,0,0,0,0,0,0,0,0,0,0,0,254,253,253,253,253,254,253,253,253,253,255,253,253,209,165,148,148,148,122,87,0,0,0,0,0,0,0,0,168,168,168,168,168,125,168,210,231,168,183,252,252,252,252,253,252,252,196,168,0,0,0,0,0,0,0,0,0,0,0,0,0,0,0,11,16,0,4,21,21,21,21,21,21,21,7,0,0,0,0,0,0,0,0,0,0,0,0,0,0,0,0,0,0,0,0,0,0,0,0,0,0,0,0,0,0,0,0,0,0,0,0,0,0,0,0,0,0,0,0,0,0,0,0,0,0,0,0,0,0,0,0,0,0,0,0,0,0,0,0,0,0,0,0,0,0,0,0,0,0,0,0,0,0,0,0,0,0,0,0,0,0,0,0,0,0,0,0,0,0,0,0,0,0,0,0,0,0,0,0,0,0,0,0,0,0,0,0,0,0,0,0,0,0,0,0,0,0,0,0,0,0,0,0,0,0,0,0,0,0,0,0,0,0,0,0,0,0,0,0,0,0,0,0,0,0,0,0,0,0,0,0,0,0,0,0,0,0,0,0,0,0,0,0,0,0,0,0,0,0,0,0,0,0,0,0,0,0,0,0,0,0,0,0,0,0,0,0,0,0,0,0,0,0,0
9,0,0,0,0,0,0,0,0,0,0,0,0,0,0,0,0,0,0,0,0,0,0,0,0,0,0,0,0,0,0,0,0,0,0,0,0,0,0,0,0,0,0,0,0,0,0,0,0,0,0,0,0,0,0,0,0,0,0,0,0,0,0,0,0,0,0,0,0,0,0,0,0,0,0,0,0,0,0,0,0,0,0,0,0,0,0,0,0,0,0,0,0,0,0,0,0,0,0,0,0,0,0,0,0,0,0,0,0,0,0,0,0,0,0,0,0,0,0,0,0,0,0,0,0,0,0,0,0,0,0,0,0,0,0,0,0,0,0,0,0,0,0,0,0,0,0,0,0,0,0,0,0,0,114,141,226,198,255,170,114,0,0,0,0,0,0,0,0,0,0,0,0,0,0,0,0,0,57,141,226,255,255,255,255,255,255,198,141,141,0,0,0,0,0,0,0,0,0,0,0,0,0,0,0,57,255,255,255,255,255,170,114,114,29,0,29,57,0,0,0,0,0,0,0,0,0,0,0,0,0,0,0,170,255,255,255,86,0,0,0,170,170,0,0,0,0,0,0,0,0,0,0,0,0,0,0,0,0,0,0,255,255,170,29,0,0,0,0,226,255,170,0,0,0,0,0,0,0,0,0,0,0,0,0,0,0,0,0,255,255,86,0,0,0,0,57,255,255,255,57,0,0,0,0,0,0,0,0,0,0,0,0,0,0,0,0,255,255,114,0,0,0,0,141,255,255,255,57,0,0,0,0,0,0,0,0,0,0,0,0,0,0,0,0,170,255,170,0,0,0,226,255,255,255,255,86,0,0,0,0,0,0,0,0,0,0,0,0,0,0,0,0,29,226,198,0,57,170,255,255,255,255,255,86,0,0,0,0,0,0,0,0,0,0,0,0,0,0,0,0,0,114,255,255,255,255,255,198,226,255,255,29,0,0,0,0,0,0,0,0,0,0,0,0,0,0,0,0,0,0,141,226,255,255,255,29,198,255,198,0,0,0,0,0,0,0,0,0,0,0,0,0,0,0,0,0,0,0,0,0,57,86,57,0,170,255,226,0,0,0,0,0,0,0,0,0,0,0,0,0,0,0,0,0,0,0,0,0,0,0,0,86,255,255,141,0,0,0,0,0,0,0,0,0,0,0,0,0,0,0,0,0,0,0,0,0,0,0,0,226,255,255,57,0,0,0,0,0,0,0,0,0,0,0,0,0,0,0,0,0,0,0,0,0,0,0,86,255,255,198,0,0,0,0,0,0,0,0,0,0,0,0,0,0,0,0,0,0,0,0,0,0,0,29,226,255,255,57,0,0,0,0,0,0,0,0,0,0,0,0,0,0,0,0,0,0,0,0,0,0,0,170,255,255,170,0,0,0,0,0,0,0,0,0,0,0,0,0,0,0,0,0,0,141,86,29,0,29,141,255,255,255,57,0,0,0,0,0,0,0,0,0,0,0,0,0,0,0,0,0,0,29,170,255,255,255,255,255,255,141,0,0,0,0,0,0,0,0,0,0,0,0,0,0,0,0,0,0,0,0,0,86,226,226,255,198,86,0,0,0,0,0,0,0,0,0,0,0,0,0,0,0,0,0,0,0,0,0,0,0,0,0,0,0,0,0,0,0,0,0,0,0,0,0,0,0,0,0,0,0,0,0,0,0,0,0,0,0,0,0,0,0,0,0,0,0,0,0,0,0,0,0,0,0,0,0,0,0,0,0,0,0,0,0,0,0,0,0,0,0,0,0,0,0,0,0,0,0,0,0,0,0,0,0
8,0,0,0,0,0,0,0,0,0,0,0,0,0,0,0,0,0,0,0,0,0,0,0,0,0,0,0,0,0,0,0,0,0,0,0,0,0,0,0,0,0,0,0,0,0,0,0,0,0,0,0,0,0,0,0,0,0,0,0,0,0,0,0,0,0,0,0,0,0,0,0,0,0,0,0,0,0,0,0,0,0,0,0,0,0,0,0,0,0,0,0,0,0,0,0,0,0,0,0,0,0,0,0,0,0,0,0,0,0,0,0,0,0,0,0,0,0,0,0,0,0,0,0,0,0,0,0,0,0,0,0,0,0,0,0,0,0,0,0,0,0,0,0,0,0,0,0,0,168,254,253,156,148,148,148,148,139,43,43,0,0,0,0,0,0,0,0,0,0,0,0,0,0,0,0,0,140,183,252,252,252,252,253,252,252,252,252,80,0,0,0,0,0,0,0,0,0,0,0,0,0,0,0,0,0,25,35,21,21,21,21,21,74,126,232,203,0,0,0,0,0,0,0,0,0,0,0,0,0,0,0,0,0,253,168,0,0,0,0,0,0,0,211,211,0,0,0,0,0,0,0,0,0,0,0,0,0,0,0,0,0,209,203,9,0,0,0,0,0,27,228,167,0,0,0,0,0,0,0,0,0,0,0,0,0,0,0,0,0,80,243,191,14,0,0,0,13,218,253,89,0,0,0,0,0,0,0,0,0,0,0,0,0,0,0,0,0,0,83,246,211,32,0,0,57,252,217,0,0,0,0,0,0,0,0,0,0,0,0,0,0,0,0,0,0,0,0,81,245,191,9,43,234,247,47,0,0,0,0,0,0,0,0,0,0,0,0,0,0,0,0,0,0,0,0,0,83,242,204,197,247,98,0,0,0,0,0,0,0,0,0,0,0,0,0,0,0,0,0,0,0,0,0,0,0,79,253,252,187,0,0,0,0,0,0,0,0,0,0,0,0,0,0,0,0,0,0,0,0,0,0,0,0,80,255,253,245,67,0,0,0,0,0,0,0,0,0,0,0,0,0,0,0,0,0,0,0,0,0,0,22,225,253,189,246,237,32,0,0,0,0,0,0,0,0,0,0,0,0,0,0,0,0,0,0,0,0,2,124,252,161,5,127,252,191,9,0,0,0,0,0,0,0,0,0,0,0,0,0,0,0,0,0,0,0,22,252,252,35,0,7,196,252,106,0,0,0,0,0,0,0,0,0,0,0,0,0,0,0,0,0,0,0,110,252,121,0,0,0,81,252,106,0,0,0,0,0,0,0,0,0,0,0,0,0,0,0,0,0,0,0,189,253,42,0,0,4,96,253,107,0,0,0,0,0,0,0,0,0,0,0,0,0,0,0,0,0,0,64,247,231,28,0,0,92,252,252,71,0,0,0,0,0,0,0,0,0,0,0,0,0,0,0,0,0,0,85,252,194,22,84,206,251,247,99,0,0,0,0,0,0,0,0,0,0,0,0,0,0,0,0,0,0,0,64,247,252,252,253,252,212,63,0,0,0,0,0,0,0,0,0,0,0,0,0,0,0,0,0,0,0,0,0,100,252,252,147,112,21,0,0,0,0,0,0,0,0,0,0,0,0,0,0,0,0,0,0,0,0,0,0,0,0,0,0,0,0,0,0,0,0,0,0,0,0,0,0,0,0,0,0,0,0,0,0,0,0,0,0,0,0,0,0,0,0,0,0,0,0,0,0,0,0,0,0,0,0,0,0,0,0,0,0,0,0,0,0,0,0,0,0,0,0,0,0,0,0,0,0,0,0,0,0,0
4,0,0,0,0,0,0,0,0,0,0,0,0,0,0,0,0,0,0,0,0,0,0,0,0,0,0,0,0,0,0,0,0,0,0,0,0,0,0,0,0,0,0,0,0,0,0,0,0,0,0,0,0,0,0,0,0,0,0,0,0,0,0,0,0,0,0,0,0,0,0,0,0,0,0,0,0,0,0,0,0,0,0,0,0,0,0,0,0,0,0,0,0,0,0,0,0,0,0,0,0,0,0,0,0,0,0,0,0,0,0,0,0,0,0,0,0,0,0,0,0,0,0,0,0,0,0,0,0,0,0,0,0,0,0,0,0,0,0,0,0,0,0,0,0,0,0,0,0,0,0,0,0,0,0,0,0,0,0,189,44,0,0,0,0,0,0,0,0,0,0,0,0,0,0,0,0,0,0,0,0,0,0,0,0,0,85,254,192,0,0,0,0,0,0,0,0,0,0,0,0,0,0,0,0,0,0,0,0,0,0,0,0,0,91,254,198,0,0,0,0,0,0,0,0,0,0,0,0,0,0,0,0,110,173,16,0,0,0,0,0,0,91,254,198,0,0,0,0,0,0,0,0,0,0,0,0,0,0,0,66,254,253,101,0,0,0,0,0,0,124,254,198,0,0,0,0,0,0,0,0,0,0,0,0,0,0,6,202,255,254,69,0,0,0,0,0,0,182,255,199,0,0,0,0,0,0,0,0,0,0,0,0,0,0,71,253,238,63,3,0,0,0,0,0,0,181,254,198,0,0,0,0,0,0,0,0,0,0,0,0,0,0,109,253,181,0,0,0,0,0,0,0,3,191,254,153,0,0,0,0,0,0,0,0,0,0,0,0,0,0,109,253,238,116,31,19,19,6,19,19,35,253,254,108,0,0,0,0,0,0,0,0,0,0,0,0,0,0,141,253,254,253,253,253,253,202,253,253,253,253,254,43,0,0,0,0,0,0,0,0,0,0,0,0,0,0,51,254,255,254,254,254,254,255,254,254,254,254,182,0,0,0,0,0,0,0,0,0,0,0,0,0,0,0,8,192,254,253,253,253,233,238,179,95,119,253,181,0,0,0,0,0,0,0,0,0,0,0,0,0,0,0,0,13,127,210,203,158,49,26,0,0,109,253,181,0,0,0,0,0,0,0,0,0,0,0,0,0,0,0,0,0,0,0,0,0,0,0,0,0,147,253,142,0,0,0,0,0,0,0,0,0,0,0,0,0,0,0,0,0,0,0,0,0,0,0,0,0,199,253,124,0,0,0,0,0,0,0,0,0,0,0,0,0,0,0,0,0,0,0,0,0,0,0,0,0,200,254,124,0,0,0,0,0,0,0,0,0,0,0,0,0,0,0,0,0,0,0,0,0,0,0,0,27,238,253,39,0,0,0,0,0,0,0,0,0,0,0,0,0,0,0,0,0,0,0,0,0,0,0,0,19,226,253,0,0,0,0,0,0,0,0,0,0,0,0,0,0,0,0,0,0,0,0,0,0,0,0,0,34,249,214,0,0,0,0,0,0,0,0,0,0,0,0,0,0,0,0,0,0,0,0,0,0,0,0,0,0,167,129,0,0,0,0,0,0,0,0,0,0,0,0,0,0,0,0,0,0,0,0,0,0,0,0,0,0,0,0,0,0,0,0,0,0,0,0,0,0,0,0,0,0,0,0,0,0,0,0,0,0,0,0,0,0,0,0,0,0,0,0,0,0,0,0,0,0,0,0,0,0,0,0,0,0,0,0,0,0,0,0,0,0,0,0,0,0,0,0,0,0,0,0,0,0
0,0,0,0,0,0,0,0,0,0,0,0,0,0,0,0,0,0,0,0,0,0,0,0,0,0,0,0,0,0,0,0,0,0,0,0,0,0,0,0,0,0,0,0,0,0,0,0,0,0,0,0,0,0,0,0,0,0,0,0,0,0,0,0,0,0,0,0,0,0,0,0,0,0,0,0,0,0,0,0,0,0,0,0,0,0,0,0,0,0,0,0,0,0,0,0,0,0,0,0,0,0,0,0,0,0,0,0,0,0,0,0,0,0,0,0,0,0,0,0,0,0,0,0,22,156,200,5,0,0,18,18,15,0,0,0,0,0,0,0,0,0,0,0,0,0,0,0,0,0,0,0,142,254,254,59,14,144,253,254,214,10,0,0,0,0,0,0,0,0,0,0,0,0,0,0,0,0,0,30,218,254,254,59,121,254,254,254,254,151,0,0,0,0,0,0,0,0,0,0,0,0,0,0,0,0,31,217,254,254,210,15,214,254,254,254,254,189,0,0,0,0,0,0,0,0,0,0,0,0,0,0,0,32,214,254,254,220,36,0,40,100,211,254,254,212,19,0,0,0,0,0,0,0,0,0,0,0,0,0,0,90,254,254,244,68,0,0,0,0,26,254,254,254,53,0,0,0,0,0,0,0,0,0,0,0,0,0,2,204,254,249,63,0,0,0,0,0,1,153,254,254,53,0,0,0,0,0,0,0,0,0,0,0,0,0,72,254,254,119,0,0,0,0,0,0,0,83,254,254,53,0,0,0,0,0,0,0,0,0,0,0,0,0,146,254,237,9,0,0,0,0,0,0,0,30,254,254,53,0,0,0,0,0,0,0,0,0,0,0,0,0,190,254,120,0,0,0,0,0,0,0,0,9,193,254,53,0,0,0,0,0,0,0,0,0,0,0,0,0,190,254,29,0,0,0,0,0,0,0,0,10,193,254,53,0,0,0,0,0,0,0,0,0,0,0,0,0,190,179,5,0,0,0,0,0,0,0,0,130,254,254,53,0,0,0,0,0,0,0,0,0,0,0,0,0,190,165,0,0,0,0,0,0,0,0,0,148,254,195,5,0,0,0,0,0,0,0,0,0,0,0,0,28,223,165,0,0,0,0,0,0,0,6,190,253,254,183,0,0,0,0,0,0,0,0,0,0,0,0,0,54,254,176,4,0,0,0,0,0,12,129,254,255,249,63,0,0,0,0,0,0,0,0,0,0,0,0,0,19,212,254,51,0,5,40,34,48,180,254,254,254,185,0,0,0,0,0,0,0,0,0,0,0,0,0,0,0,190,254,225,184,191,243,233,254,254,254,254,202,25,0,0,0,0,0,0,0,0,0,0,0,0,0,0,0,190,254,254,254,254,254,254,254,254,254,212,72,0,0,0,0,0,0,0,0,0,0,0,0,0,0,0,0,88,254,254,254,254,254,254,254,254,254,77,0,0,0,0,0,0,0,0,0,0,0,0,0,0,0,0,0,5,155,254,254,254,235,135,135,135,28,1,0,0,0,0,0,0,0,0,0,0,0,0,0,0,0,0,0,0,0,0,0,0,0,0,0,0,0,0,0,0,0,0,0,0,0,0,0,0,0,0,0,0,0,0,0,0,0,0,0,0,0,0,0,0,0,0,0,0,0,0,0,0,0,0,0,0,0,0,0,0,0,0,0,0,0,0,0,0,0,0,0,0,0,0,0,0,0,0,0,0,0,0,0,0,0,0,0,0,0,0,0,0,0,0,0,0,0,0,0,0,0,0,0,0,0,0,0,0,0,0,0,0
9,0,0,0,0,0,0,0,0,0,0,0,0,0,0,0,0,0,0,0,0,0,0,0,0,0,0,0,0,0,0,0,0,0,0,0,0,0,0,0,0,0,0,0,0,0,0,0,0,0,0,0,0,0,0,0,0,0,0,0,0,0,0,0,0,0,0,0,0,0,0,0,0,0,0,0,0,0,0,0,0,0,0,0,0,0,0,0,0,0,0,0,0,0,0,0,0,0,0,0,0,0,0,0,0,0,0,0,0,0,0,0,0,0,0,0,0,0,0,0,0,0,0,0,0,0,0,0,0,0,0,0,0,0,0,0,0,0,0,0,0,0,0,0,0,0,0,0,0,0,0,0,0,0,187,255,220,0,0,0,0,0,0,0,0,0,0,0,0,0,0,0,0,0,0,0,0,0,0,0,0,132,253,254,193,0,0,0,0,0,0,0,0,0,0,0,0,0,0,0,0,0,0,0,0,0,0,0,15,198,254,242,66,0,0,0,0,0,0,0,0,0,0,0,0,0,0,0,0,0,0,0,0,0,0,0,134,254,254,110,0,95,139,0,0,0,0,0,0,0,0,0,0,0,0,0,0,0,0,0,0,0,0,0,160,254,132,3,9,216,252,56,0,0,0,0,0,0,0,0,0,0,0,0,0,0,0,0,0,0,0,14,231,242,37,0,114,254,247,46,0,0,0,0,0,0,0,0,0,0,0,0,0,0,0,0,0,0,0,105,254,187,0,0,140,254,228,0,0,0,0,0,0,0,0,0,0,0,0,0,0,0,0,0,0,0,0,142,254,121,0,0,207,254,228,0,0,0,0,0,0,0,0,0,0,0,0,0,0,0,0,0,0,0,0,142,254,75,0,21,232,254,153,0,0,0,0,0,0,0,0,0,0,0,0,0,0,0,0,0,0,0,0,157,254,34,0,113,254,254,141,0,0,0,0,0,0,0,0,0,0,0,0,0,0,0,0,0,0,0,10,232,254,34,0,197,254,254,141,0,0,0,0,0,0,0,0,0,0,0,0,0,0,0,0,0,0,0,40,245,218,11,21,231,254,254,101,0,0,0,0,0,0,0,0,0,0,0,0,0,0,0,0,0,0,0,13,234,254,40,128,254,254,250,49,0,0,0,0,0,0,0,0,0,0,0,0,0,0,0,0,0,0,0,0,190,254,216,254,254,254,156,0,0,0,0,0,0,0,0,0,0,0,0,0,0,0,0,0,0,0,0,0,142,254,254,254,246,254,206,5,0,0,0,0,0,0,0,0,0,0,0,0,0,0,0,0,0,0,0,0,36,158,191,107,136,254,252,52,0,0,0,0,0,0,0,0,0,0,0,0,0,0,0,0,0,0,0,0,0,0,0,0,188,254,223,0,0,0,0,0,0,0,0,0,0,0,0,0,0,0,0,0,0,0,0,0,0,0,0,0,211,254,162,0,0,0,0,0,0,0,0,0,0,0,0,0,0,0,0,0,0,0,0,0,0,0,0,16,226,254,107,0,0,0,0,0,0,0,0,0,0,0,0,0,0,0,0,0,0,0,0,0,0,0,0,29,239,171,17,0,0,0,0,0,0,0,0,0,0,0,0,0,0,0,0,0,0,0,0,0,0,0,0,0,0,0,0,0,0,0,0,0,0,0,0,0,0,0,0,0,0,0,0,0,0,0,0,0,0,0,0,0,0,0,0,0,0,0,0,0,0,0,0,0,0,0,0,0,0,0,0,0,0,0,0,0,0,0,0,0,0,0,0,0,0,0,0,0,0,0,0,0,0,0
5,0,0,0,0,0,0,0,0,0,0,0,0,0,0,0,0,0,0,0,0,0,0,0,0,0,0,0,0,0,0,0,0,0,0,0,0,0,0,0,0,0,0,0,0,0,0,0,0,0,0,0,0,0,0,0,0,0,0,0,0,0,0,0,0,0,0,0,0,0,0,0,0,0,0,0,0,0,0,0,0,0,0,0,0,0,0,0,0,0,0,0,0,0,0,0,16,191,255,128,129,170,63,0,0,0,0,0,0,0,0,0,0,0,0,0,0,0,0,0,0,0,0,0,161,252,253,252,252,252,238,30,0,0,0,0,0,0,0,0,0,0,0,0,0,0,0,0,0,0,0,0,181,252,253,252,252,252,253,138,0,0,0,0,0,0,0,0,0,0,0,0,0,0,0,0,0,0,0,42,221,252,253,128,108,190,253,97,0,0,0,0,0,0,0,0,0,0,0,0,0,0,0,0,0,0,0,217,252,252,83,0,0,0,0,0,0,0,0,0,0,0,0,0,0,0,0,0,0,0,0,0,0,0,94,247,252,252,0,0,0,0,0,0,0,0,0,0,0,0,0,0,0,0,0,0,0,0,0,0,0,1,129,252,246,132,0,0,0,0,0,0,0,0,0,0,0,0,0,0,0,0,0,0,0,0,0,0,0,1,252,252,215,0,0,0,0,0,0,0,0,0,0,0,0,0,0,0,0,0,0,0,0,0,0,0,0,63,253,253,72,0,0,0,0,0,0,0,0,0,0,0,0,0,0,0,0,0,0,0,0,0,0,0,0,104,252,252,227,134,73,52,0,0,0,0,0,0,0,0,0,0,0,0,0,0,0,0,0,0,0,0,0,1,149,252,252,252,253,231,181,98,0,0,0,0,0,0,0,0,0,0,0,0,0,0,0,0,0,0,0,0,47,148,252,252,253,252,252,252,145,104,0,0,0,0,0,0,0,0,0,0,0,0,0,0,0,0,0,0,0,0,0,84,145,176,253,253,255,253,133,0,0,0,0,0,0,0,0,0,0,0,0,0,0,0,0,0,0,0,0,0,0,10,35,159,253,252,215,0,0,0,0,0,0,0,0,0,0,0,0,0,0,0,0,0,0,0,0,0,0,0,0,41,133,247,241,181,0,0,0,0,0,0,0,0,0,0,0,0,0,0,0,0,0,0,0,0,0,0,0,0,0,217,252,252,0,0,0,0,0,0,0,0,0,0,0,0,0,0,0,1,171,253,232,109,110,109,129,253,255,253,253,253,0,0,0,0,0,0,0,0,0,0,0,0,0,0,0,125,252,252,252,252,253,252,252,252,253,252,252,252,0,0,0,0,0,0,0,0,0,0,0,0,0,0,0,41,231,252,252,252,253,252,252,252,253,252,205,71,0,0,0,0,0,0,0,0,0,0,0,0,0,0,0,0,47,108,211,252,253,252,252,252,253,128,31,0,0,0,0,0,0,0,0,0,0,0,0,0,0,0,0,0,0,0,0,0,0,0,0,0,0,0,0,0,0,0,0,0,0,0,0,0,0,0,0,0,0,0,0,0,0,0,0,0,0,0,0,0,0,0,0,0,0,0,0,0,0,0,0,0,0,0,0,0,0,0,0,0,0,0,0,0,0,0,0,0,0,0,0,0,0,0,0,0,0,0,0,0,0,0,0,0,0,0,0,0,0,0,0,0,0,0,0,0,0,0,0,0,0,0,0,0,0,0,0,0,0,0,0,0,0,0,0,0,0,0,0,0,0,0,0,0,0,0,0,0,0,0,0,0,0,0,0
8,0,0,0,0,0,0,0,0,0,0,0,0,0,0,0,0,0,0,0,0,0,0,0,0,0,0,0,0,0,0,0,0,0,0,0,0,0,0,0,0,0,0,0,0,0,0,0,0,0,0,0,0,0,0,0,0,0,0,0,0,0,0,0,0,0,0,0,0,0,0,0,0,0,0,0,0,0,0,0,0,0,0,0,0,0,0,0,0,0,0,0,0,0,0,0,0,0,0,0,0,0,0,0,0,0,0,0,0,0,0,0,0,0,0,0,0,0,0,0,0,0,0,0,0,0,0,0,0,155,184,254,211,97,19,0,0,0,0,0,0,0,0,0,0,0,0,0,0,0,0,0,0,0,0,104,212,252,253,253,253,253,169,0,0,0,0,0,0,0,0,0,0,0,0,0,0,0,0,0,5,126,209,248,210,253,201,211,253,253,103,0,0,0,0,0,0,0,0,0,0,0,0,0,0,0,0,33,178,253,253,152,8,47,21,179,253,244,40,0,0,0,0,0,0,0,0,0,0,0,0,0,0,0,7,168,253,253,253,85,0,11,140,241,215,65,9,0,0,0,0,0,0,0,0,0,0,0,0,0,0,0,36,253,253,252,218,0,47,214,233,90,91,0,0,0,0,0,0,0,0,0,0,0,0,0,0,0,0,0,62,247,245,74,0,36,231,253,152,0,0,0,0,0,0,0,0,0,0,0,0,0,0,0,0,0,0,0,0,201,249,96,48,212,248,162,48,0,0,0,0,0,0,0,0,0,0,0,0,0,0,0,0,0,0,0,0,65,230,253,253,254,120,0,0,0,0,0,0,0,0,0,0,0,0,0,0,0,0,0,0,0,0,0,0,40,213,253,253,254,96,0,0,0,0,0,0,0,0,0,0,0,0,0,0,0,0,0,0,0,0,14,79,218,215,148,229,255,254,121,36,0,0,0,0,0,0,0,0,0,0,0,0,0,0,0,0,0,39,192,253,253,178,3,6,153,226,253,230,101,0,0,0,0,0,0,0,0,0,0,0,0,0,0,0,58,237,253,253,246,52,0,0,0,35,155,225,250,182,13,0,0,0,0,0,0,0,0,0,0,0,0,0,197,253,253,245,89,0,0,0,0,0,0,140,253,253,148,0,0,0,0,0,0,0,0,0,0,0,0,61,250,253,245,60,0,0,0,0,0,0,0,38,100,238,249,53,0,0,0,0,0,0,0,0,0,0,0,61,250,253,209,0,0,0,0,0,0,0,0,20,133,253,188,11,0,0,0,0,0,0,0,0,0,0,0,0,227,253,229,20,0,0,0,0,0,8,78,221,253,228,47,0,0,0,0,0,0,0,0,0,0,0,0,0,57,230,253,88,4,0,0,7,45,206,253,249,175,32,0,0,0,0,0,0,0,0,0,0,0,0,0,0,0,15,225,253,198,184,184,207,254,244,171,55,0,0,0,0,0,0,0,0,0,0,0,0,0,0,0,0,0,0,56,165,205,186,226,165,138,3,0,0,0,0,0,0,0,0,0,0,0,0,0,0,0,0,0,0,0,0,0,0,0,0,0,0,0,0,0,0,0,0,0,0,0,0,0,0,0,0,0,0,0,0,0,0,0,0,0,0,0,0,0,0,0,0,0,0,0,0,0,0,0,0,0,0,0,0,0,0,0,0,0,0,0,0,0,0,0,0,0,0,0,0,0,0,0,0,0,0,0,0,0,0,0,0,0,0,0,0,0,0,0,0,0,0,0,0,0,0,0,0,0,0,0,0,0,0,0,0,0,0,0,0
5,0,0,0,0,0,0,0,0,0,0,0,0,0,0,0,0,0,0,0,0,0,0,0,0,0,0,0,0,0,0,0,0,0,0,0,0,0,0,0,0,0,0,0,0,0,0,0,0,0,0,0,0,0,0,0,0,0,0,0,0,0,0,0,0,0,0,0,0,0,0,0,0,0,0,0,0,0,0,0,0,0,0,0,0,0,0,0,0,0,0,0,0,0,0,0,0,0,0,0,0,0,0,0,0,0,0,0,0,0,0,0,0,0,0,0,0,0,0,0,0,0,0,0,0,0,78,158,187,255,251,78,0,0,0,0,0,0,0,0,0,0,0,0,0,0,0,0,0,0,43,109,184,221,252,254,254,254,254,170,0,0,0,0,0,0,0,0,0,0,0,0,0,0,0,0,0,0,87,254,254,254,254,208,96,146,67,23,0,0,0,0,0,0,0,0,0,0,0,0,0,0,0,0,0,37,224,254,249,196,87,3,0,0,0,0,0,0,0,0,0,0,0,0,0,0,0,0,0,0,0,0,73,220,254,249,139,0,0,0,0,0,0,0,0,0,0,0,0,0,0,0,0,0,0,0,0,0,0,0,186,254,254,100,0,0,0,0,0,0,0,0,0,0,0,0,0,0,0,0,0,0,0,0,0,0,0,20,250,254,170,1,0,0,0,0,0,0,0,0,0,0,0,0,0,0,0,0,0,0,0,0,0,0,0,16,243,254,95,0,0,0,0,0,0,0,0,0,0,0,0,0,0,0,0,0,0,0,0,0,0,0,0,0,153,254,228,122,14,0,0,0,0,0,0,0,0,0,0,0,0,0,0,0,0,0,0,0,0,0,0,0,31,159,254,254,235,144,144,66,16,0,0,0,0,0,0,0,0,0,0,0,0,0,0,0,0,0,0,0,0,5,80,163,239,239,253,254,221,154,29,0,0,0,0,0,0,0,0,0,0,0,0,0,0,0,0,0,0,0,0,0,0,0,77,188,229,254,220,125,0,0,0,0,0,0,0,0,0,0,0,0,0,0,0,0,0,0,0,0,0,0,0,7,79,191,254,248,170,10,0,0,0,0,0,0,0,0,0,0,0,0,0,0,0,0,0,0,0,0,0,0,0,29,56,214,254,136,0,0,0,0,0,0,0,0,0,0,0,0,0,0,0,0,0,0,0,0,0,0,0,0,0,73,254,249,0,0,0,0,0,0,0,0,0,0,0,0,0,0,0,0,0,43,52,0,0,0,0,0,17,136,254,249,0,0,0,0,0,0,0,0,0,0,0,0,0,0,0,0,0,147,242,34,1,1,5,58,201,254,254,209,0,0,0,0,0,0,0,0,0,0,0,0,0,0,0,0,0,53,254,254,168,168,254,254,254,254,243,42,0,0,0,0,0,0,0,0,0,0,0,0,0,0,0,0,0,6,154,254,254,254,254,254,254,204,33,0,0,0,0,0,0,0,0,0,0,0,0,0,0,0,0,0,0,0,5,62,80,157,223,164,118,21,0,0,0,0,0,0,0,0,0,0,0,0,0,0,0,0,0,0,0,0,0,0,0,0,0,0,0,0,0,0,0,0,0,0,0,0,0,0,0,0,0,0,0,0,0,0,0,0,0,0,0,0,0,0,0,0,0,0,0,0,0,0,0,0,0,0,0,0,0,0,0,0,0,0,0,0,0,0,0,0,0,0,0,0,0,0,0,0,0,0,0,0,0,0,0,0,0,0,0,0,0,0,0,0,0,0,0,0,0,0,0,0,0,0,0,0,0,0,0,0,0
1,0,0,0,0,0,0,0,0,0,0,0,0,0,0,0,0,0,0,0,0,0,0,0,0,0,0,0,0,0,0,0,0,0,0,0,0,0,0,0,0,0,0,0,0,0,0,0,0,0,0,0,0,0,0,0,0,0,0,0,0,0,0,0,0,0,0,0,0,0,0,0,0,0,0,0,0,0,0,0,0,0,0,0,0,0,0,0,0,0,0,0,0,0,0,0,0,0,0,0,0,0,0,0,0,0,0,0,0,0,0,0,0,0,0,0,0,0,0,0,0,0,0,0,0,0,59,254,111,0,0,0,0,0,0,0,0,0,0,0,0,0,0,0,0,0,0,0,0,0,0,0,0,0,178,254,232,0,0,0,0,0,0,0,0,0,0,0,0,0,0,0,0,0,0,0,0,0,0,0,0,0,170,254,224,0,0,0,0,0,0,0,0,0,0,0,0,0,0,0,0,0,0,0,0,0,0,0,0,0,13,251,149,0,0,0,0,0,0,0,0,0,0,0,0,0,0,0,0,0,0,0,0,0,0,0,0,0,66,253,149,0,0,0,0,0,0,0,0,0,0,0,0,0,0,0,0,0,0,0,0,0,0,0,0,0,96,254,149,0,0,0,0,0,0,0,0,0,0,0,0,0,0,0,0,0,0,0,0,0,0,0,0,0,128,254,149,0,0,0,0,0,0,0,0,0,0,0,0,0,0,0,0,0,0,0,0,0,0,0,0,0,195,254,149,0,0,0,0,0,0,0,0,0,0,0,0,0,0,0,0,0,0,0,0,0,0,0,0,0,195,254,149,0,0,0,0,0,0,0,0,0,0,0,0,0,0,0,0,0,0,0,0,0,0,0,0,0,79,254,149,0,0,0,0,0,0,0,0,0,0,0,0,0,0,0,0,0,0,0,0,0,0,0,0,0,0,249,191,0,0,0,0,0,0,0,0,0,0,0,0,0,0,0,0,0,0,0,0,0,0,0,0,0,0,150,251,23,0,0,0,0,0,0,0,0,0,0,0,0,0,0,0,0,0,0,0,0,0,0,0,0,0,150,254,95,0,0,0,0,0,0,0,0,0,0,0,0,0,0,0,0,0,0,0,0,0,0,0,0,0,150,254,95,0,0,0,0,0,0,0,0,0,0,0,0,0,0,0,0,0,0,0,0,0,0,0,0,0,150,255,143,0,0,0,0,0,0,0,0,0,0,0,0,0,0,0,0,0,0,0,0,0,0,0,0,0,221,254,194,0,0,0,0,0,0,0,0,0,0,0,0,0,0,0,0,0,0,0,0,0,0,0,0,0,250,255,194,0,0,0,0,0,0,0,0,0,0,0,0,0,0,0,0,0,0,0,0,0,0,0,0,0,175,254,194,0,0,0,0,0,0,0,0,0,0,0,0,0,0,0,0,0,0,0,0,0,0,0,0,0,150,255,194,0,0,0,0,0,0,0,0,0,0,0,0,0,0,0,0,0,0,0,0,0,0,0,0,0,52,233,79,0,0,0,0,0,0,0,0,0,0,0,0,0,0,0,0,0,0,0,0,0,0,0,0,0,0,0,0,0,0,0,0,0,0,0,0,0,0,0,0,0,0,0,0,0,0,0,0,0,0,0,0,0,0,0,0,0,0,0,0,0,0,0,0,0,0,0,0,0,0,0,0,0,0,0,0,0,0,0,0,0,0,0,0,0,0,0,0,0,0,0,0,0,0,0,0,0,0,0,0,0,0,0,0,0,0,0,0,0,0,0,0,0,0,0,0,0,0,0,0,0,0,0
2,0,0,0,0,0,0,0,0,0,0,0,0,0,0,0,0,0,0,0,0,0,0,0,0,0,0,0,0,0,0,0,0,0,0,0,0,0,0,0,0,0,0,0,0,0,0,0,0,0,0,0,0,0,0,0,0,0,0,0,0,0,0,0,0,0,0,0,0,0,0,0,0,0,0,0,0,0,0,0,0,0,0,0,0,0,0,0,0,0,0,0,0,0,0,0,0,31,101,177,253,255,176,39,0,0,0,0,0,0,0,0,0,0,0,0,0,0,0,0,0,0,0,15,105,246,252,252,252,253,252,153,0,0,0,0,0,0,0,0,0,0,0,0,0,0,0,0,0,0,9,132,252,252,192,120,44,167,252,153,0,0,0,0,0,0,0,0,0,0,0,0,0,0,0,0,0,9,186,252,245,77,4,0,0,91,252,153,0,0,0,0,0,0,0,0,0,0,0,0,0,0,0,0,0,171,252,192,57,0,0,0,0,215,252,153,0,0,0,0,0,0,0,0,0,0,0,0,0,0,0,0,0,171,196,19,0,0,0,0,39,253,252,67,0,0,0,0,0,0,0,0,0,0,0,0,0,0,0,0,0,9,10,0,0,0,0,0,116,253,187,4,0,0,0,0,0,0,0,0,0,0,0,0,0,0,0,0,0,0,0,0,0,0,0,48,240,253,77,0,0,0,0,0,0,0,0,0,0,0,0,0,0,0,0,0,0,0,0,0,0,0,0,159,252,195,20,0,0,0,0,0,0,0,0,0,0,0,0,0,0,0,0,0,0,0,0,0,0,0,87,244,252,63,0,0,0,0,0,0,0,0,0,0,0,0,0,0,0,0,0,0,0,0,0,0,0,0,155,253,253,0,0,0,0,0,0,0,0,0,0,0,0,0,0,0,0,0,0,0,0,0,0,0,0,37,223,252,146,0,0,0,0,0,0,0,0,0,0,0,0,0,0,0,0,0,0,0,0,0,0,0,35,221,252,222,20,0,0,0,0,0,0,0,0,0,0,0,0,0,0,0,0,0,0,0,0,0,0,5,199,252,229,84,0,0,0,0,0,0,0,0,0,0,0,0,0,0,0,0,0,0,0,0,0,0,5,146,252,250,115,0,0,0,0,0,0,0,0,0,0,0,0,0,0,0,0,0,0,0,0,0,0,0,61,252,252,154,0,0,0,0,0,0,0,0,0,0,0,0,0,0,0,0,0,0,0,0,0,0,0,48,238,252,205,21,0,0,0,0,0,0,0,3,12,12,10,0,0,0,0,0,0,0,0,0,0,0,0,100,252,252,89,45,45,78,154,155,154,154,154,175,252,246,82,0,0,0,0,0,0,0,0,0,0,0,0,100,252,252,252,252,252,252,252,253,252,252,252,252,153,63,0,0,0,0,0,0,0,0,0,0,0,0,0,56,248,252,252,252,252,252,252,143,142,142,95,71,7,0,0,0,0,0,0,0,0,0,0,0,0,0,0,0,0,0,0,0,0,0,0,0,0,0,0,0,0,0,0,0,0,0,0,0,0,0,0,0,0,0,0,0,0,0,0,0,0,0,0,0,0,0,0,0,0,0,0,0,0,0,0,0,0,0,0,0,0,0,0,0,0,0,0,0,0,0,0,0,0,0,0,0,0,0,0,0,0,0,0,0,0,0,0,0,0,0,0,0,0,0,0,0,0,0,0,0,0,0,0,0,0,0,0,0,0,0,0,0,0,0,0,0,0,0,0,0,0,0,0,0,0,0,0,0,0,0,0,0,0,0,0,0,0,0,0
1,0,0,0,0,0,0,0,0,0,0,0,0,0,0,0,0,0,0,0,0,0,0,0,0,0,0,0,0,0,0,0,0,0,0,0,0,0,0,0,0,0,0,0,0,0,0,0,0,0,0,0,0,0,0,0,0,0,0,0,0,0,0,0,0,0,0,0,0,0,0,0,0,0,0,0,0,0,0,0,0,0,0,0,0,0,0,0,0,0,0,0,0,0,0,0,0,0,0,0,0,0,0,0,0,0,0,0,0,0,0,0,0,0,0,0,0,0,0,0,0,0,0,0,0,0,0,2,196,120,0,0,0,0,0,0,0,0,0,0,0,0,0,0,0,0,0,0,0,0,0,0,0,0,0,63,254,183,3,0,0,0,0,0,0,0,0,0,0,0,0,0,0,0,0,0,0,0,0,0,0,0,0,124,254,254,49,0,0,0,0,0,0,0,0,0,0,0,0,0,0,0,0,0,0,0,0,0,0,0,0,63,254,210,21,0,0,0,0,0,0,0,0,0,0,0,0,0,0,0,0,0,0,0,0,0,0,0,0,139,254,179,0,0,0,0,0,0,0,0,0,0,0,0,0,0,0,0,0,0,0,0,0,0,0,0,0,187,254,179,0,0,0,0,0,0,0,0,0,0,0,0,0,0,0,0,0,0,0,0,0,0,0,0,38,232,254,179,0,0,0,0,0,0,0,0,0,0,0,0,0,0,0,0,0,0,0,0,0,0,0,0,81,254,254,179,0,0,0,0,0,0,0,0,0,0,0,0,0,0,0,0,0,0,0,0,0,0,0,0,181,254,254,179,0,0,0,0,0,0,0,0,0,0,0,0,0,0,0,0,0,0,0,0,0,0,0,0,181,254,254,89,0,0,0,0,0,0,0,0,0,0,0,0,0,0,0,0,0,0,0,0,0,0,0,0,181,254,254,55,0,0,0,0,0,0,0,0,0,0,0,0,0,0,0,0,0,0,0,0,0,0,0,0,181,254,254,55,0,0,0,0,0,0,0,0,0,0,0,0,0,0,0,0,0,0,0,0,0,0,0,0,181,254,254,55,0,0,0,0,0,0,0,0,0,0,0,0,0,0,0,0,0,0,0,0,0,0,0,42,242,254,231,37,0,0,0,0,0,0,0,0,0,0,0,0,0,0,0,0,0,0,0,0,0,0,0,50,254,254,186,0,0,0,0,0,0,0,0,0,0,0,0,0,0,0,0,0,0,0,0,0,0,0,0,50,254,254,186,0,0,0,0,0,0,0,0,0,0,0,0,0,0,0,0,0,0,0,0,0,0,0,0,30,224,255,186,0,0,0,0,0,0,0,0,0,0,0,0,0,0,0,0,0,0,0,0,0,0,0,0,0,181,254,186,0,0,0,0,0,0,0,0,0,0,0,0,0,0,0,0,0,0,0,0,0,0,0,0,0,181,254,186,0,0,0,0,0,0,0,0,0,0,0,0,0,0,0,0,0,0,0,0,0,0,0,0,0,32,191,34,0,0,0,0,0,0,0,0,0,0,0,0,0,0,0,0,0,0,0,0,0,0,0,0,0,0,0,0,0,0,0,0,0,0,0,0,0,0,0,0,0,0,0,0,0,0,0,0,0,0,0,0,0,0,0,0,0,0,0,0,0,0,0,0,0,0,0,0,0,0,0,0,0,0,0,0,0,0,0,0,0,0,0,0,0,0,0,0,0,0,0,0,0,0,0,0,0,0,0,0,0,0,0,0,0,0,0,0,0,0,0,0,0,0,0,0,0,0,0,0,0,0,0,0
3,0,0,0,0,0,0,0,0,0,0,0,0,0,0,0,0,0,0,0,0,0,0,0,0,0,0,0,0,0,0,0,0,0,0,0,0,0,0,0,0,0,0,0,0,0,0,0,0,0,0,0,0,0,0,0,0,0,0,0,0,0,0,0,0,0,0,0,0,0,0,0,0,0,0,0,0,0,0,0,0,0,0,0,0,0,0,0,0,0,0,0,0,0,0,0,0,0,0,0,0,0,0,0,0,0,0,0,0,0,0,0,0,0,0,0,0,0,0,0,0,0,0,0,0,0,0,0,0,0,0,0,0,0,0,0,0,0,0,0,0,0,0,0,0,0,0,0,0,0,0,0,0,0,0,0,116,241,254,219,32,0,0,0,0,0,0,0,0,0,0,0,0,0,0,0,0,0,0,0,0,63,108,242,253,253,253,253,66,0,0,0,0,0,0,0,0,0,0,0,0,0,0,0,0,0,0,65,179,242,253,254,253,253,253,228,42,0,0,0,0,0,0,0,0,0,0,0,0,0,0,0,0,0,46,241,245,173,103,78,247,253,228,57,0,0,0,0,0,0,0,0,0,0,0,0,0,0,0,0,0,0,12,144,96,0,36,156,253,228,57,0,0,0,0,0,0,0,0,0,0,0,0,0,0,0,0,0,0,0,0,0,0,10,222,254,253,61,0,0,0,0,0,0,0,0,0,0,0,0,0,0,0,0,0,0,0,0,0,0,0,106,253,235,86,8,0,0,0,0,0,0,0,0,0,0,0,0,0,0,0,0,0,0,0,0,0,0,0,147,253,146,2,0,0,0,0,0,0,0,0,0,0,0,0,0,0,0,0,0,0,0,0,0,0,0,0,70,253,254,152,27,3,0,0,0,0,0,0,0,0,0,0,0,0,0,0,0,0,0,0,0,0,0,0,7,190,254,253,253,110,0,0,0,0,0,0,0,0,0,0,0,0,0,0,0,0,0,0,0,0,0,0,0,0,64,249,254,254,148,32,0,0,0,0,0,0,0,0,0,0,0,0,0,0,0,0,0,0,0,0,0,0,0,69,242,253,253,66,0,0,0,0,0,0,0,0,0,0,0,0,0,0,0,0,0,0,0,0,0,0,0,0,73,239,253,186,0,0,0,0,0,0,0,0,0,0,0,0,0,0,0,0,0,0,0,0,0,0,0,0,0,143,253,199,0,0,0,0,0,0,0,0,0,0,0,0,0,0,0,0,0,0,0,0,0,0,0,0,111,245,253,164,0,0,0,0,0,0,0,0,0,0,0,0,0,0,0,0,43,43,0,0,0,0,0,52,233,253,239,52,0,0,0,0,0,0,0,0,0,0,0,0,0,0,0,0,201,236,83,15,3,41,105,249,253,198,59,0,0,0,0,0,0,0,0,0,0,0,0,0,0,0,0,0,187,253,253,194,165,253,255,253,179,64,0,0,0,0,0,0,0,0,0,0,0,0,0,0,0,0,0,0,29,205,249,253,253,253,248,240,25,0,0,0,0,0,0,0,0,0,0,0,0,0,0,0,0,0,0,0,0,0,83,133,175,120,64,0,0,0,0,0,0,0,0,0,0,0,0,0,0,0,0,0,0,0,0,0,0,0,0,0,0,0,0,0,0,0,0,0,0,0,0,0,0,0,0,0,0,0,0,0,0,0,0,0,0,0,0,0,0,0,0,0,0,0,0,0,0,0,0,0,0,0,0,0,0,0,0,0,0,0,0,0,0,0,0,0,0,0,0,0,0,0,0,0,0,0,0,0,0,0,0,0
1,0,0,0,0,0,0,0,0,0,0,0,0,0,0,0,0,0,0,0,0,0,0,0,0,0,0,0,0,0,0,0,0,0,0,0,0,0,0,0,0,0,0,0,0,0,0,0,0,0,0,0,0,0,0,0,0,0,0,0,0,0,0,0,0,0,0,0,0,0,0,0,0,0,0,0,0,0,0,0,0,0,0,0,0,0,0,0,0,0,0,0,0,0,0,0,0,0,0,0,0,0,0,0,0,0,0,0,0,0,0,0,0,0,0,0,0,0,0,0,0,0,0,0,0,0,0,0,0,0,0,0,0,0,0,0,0,0,0,0,0,0,0,0,0,0,0,0,0,0,0,0,0,0,0,29,254,255,254,254,254,158,0,0,0,0,0,0,0,0,0,0,0,0,0,0,0,0,0,0,0,0,0,29,253,253,253,253,253,17,0,0,0,0,0,0,0,0,0,0,0,0,0,0,0,0,0,0,0,0,0,36,253,253,253,249,117,4,0,0,0,0,0,0,0,0,0,0,0,0,0,0,0,0,0,0,0,0,0,217,253,253,253,149,0,0,0,0,0,0,0,0,0,0,0,0,0,0,0,0,0,0,0,0,0,0,85,237,253,253,231,66,0,0,0,0,0,0,0,0,0,0,0,0,0,0,0,0,0,0,0,0,0,7,158,253,253,253,61,0,0,0,0,0,0,0,0,0,0,0,0,0,0,0,0,0,0,0,0,0,0,85,253,253,253,253,27,0,0,0,0,0,0,0,0,0,0,0,0,0,0,0,0,0,0,0,0,0,0,85,253,253,253,253,27,0,0,0,0,0,0,0,0,0,0,0,0,0,0,0,0,0,0,0,0,0,3,104,253,253,253,253,27,0,0,0,0,0,0,0,0,0,0,0,0,0,0,0,0,0,0,0,0,0,19,253,253,253,253,253,27,0,0,0,0,0,0,0,0,0,0,0,0,0,0,0,0,0,0,0,0,0,138,253,253,253,253,253,27,0,0,0,0,0,0,0,0,0,0,0,0,0,0,0,0,0,0,0,0,0,207,253,253,253,253,229,23,0,0,0,0,0,0,0,0,0,0,0,0,0,0,0,0,0,0,0,0,0,207,253,253,253,253,93,0,0,0,0,0,0,0,0,0,0,0,0,0,0,0,0,0,0,0,0,0,0,207,253,253,253,253,93,0,0,0,0,0,0,0,0,0,0,0,0,0,0,0,0,0,0,0,0,0,0,207,253,253,253,165,7,0,0,0,0,0,0,0,0,0,0,0,0,0,0,0,0,0,0,0,0,0,0,207,253,253,240,88,0,0,0,0,0,0,0,0,0,0,0,0,0,0,0,0,0,0,0,0,0,0,0,207,253,253,224,0,0,0,0,0,0,0,0,0,0,0,0,0,0,0,0,0,0,0,0,0,0,0,0,207,253,253,224,0,0,0,0,0,0,0,0,0,0,0,0,0,0,0,0,0,0,0,0,0,0,0,0,207,253,179,116,0,0,0,0,0,0,0,0,0,0,0,0,0,0,0,0,0,0,0,0,0,0,0,0,207,189,26,0,0,0,0,0,0,0,0,0,0,0,0,0,0,0,0,0,0,0,0,0,0,0,0,0,0,0,0,0,0,0,0,0,0,0,0,0,0,0,0,0,0,0,0,0,0,0,0,0,0,0,0,0,0,0,0,0,0,0,0,0,0,0,0,0,0,0,0,0,0,0,0,0,0,0,0,0,0,0,0,0,0,0,0,0,0,0,0,0,0,0,0,0,0,0,0,0,0
7,0,0,0,0,0,0,0,0,0,0,0,0,0,0,0,0,0,0,0,0,0,0,0,0,0,0,0,0,0,0,0,0,0,0,0,0,0,0,0,0,0,0,0,0,0,0,0,0,0,0,0,0,0,0,0,0,0,0,0,0,0,0,0,0,0,0,0,0,0,0,0,0,0,0,0,0,0,0,0,0,0,0,0,0,0,0,0,0,0,0,0,0,0,0,0,0,0,0,0,0,0,0,0,0,0,0,0,0,0,0,0,0,0,0,0,0,0,0,0,0,0,0,0,0,0,0,0,0,0,0,0,0,0,0,0,0,0,0,0,0,0,0,0,0,0,0,0,0,0,0,0,0,0,0,0,0,0,0,0,0,0,0,0,0,0,0,0,0,0,0,0,0,0,0,0,0,0,0,0,0,0,0,0,0,0,0,0,0,0,0,0,0,0,0,0,0,0,0,0,0,0,0,0,0,0,0,0,0,0,0,0,0,0,0,0,0,12,105,176,208,82,0,0,0,0,0,0,0,0,0,0,0,0,0,0,0,0,0,0,0,14,36,97,154,220,254,254,254,165,0,0,0,0,0,0,0,0,0,0,0,0,0,0,0,0,9,54,145,203,254,254,254,254,254,237,99,6,0,0,0,0,0,0,0,0,0,0,0,0,26,72,129,190,201,254,254,228,183,131,254,254,236,68,0,0,0,0,0,0,0,0,0,0,7,90,170,208,224,254,254,246,165,137,47,30,0,151,254,254,93,0,0,0,0,0,0,0,0,0,0,0,229,254,254,254,167,147,34,26,0,0,0,0,206,254,254,107,8,0,0,0,0,0,0,0,0,0,0,0,130,129,50,11,2,0,0,0,0,0,41,169,254,251,165,4,0,0,0,0,0,0,0,0,0,0,0,0,0,0,0,0,0,0,0,0,0,45,229,254,254,113,0,0,0,0,0,0,0,0,0,0,0,0,0,0,0,0,0,0,0,0,0,4,62,226,254,254,164,2,0,0,0,0,0,0,0,0,0,0,0,0,0,0,0,0,0,0,0,0,0,52,254,255,236,150,7,0,0,0,0,0,0,0,0,0,0,0,0,0,0,0,0,0,0,0,0,0,97,229,254,236,68,0,0,0,0,0,0,0,0,0,0,0,0,0,0,0,0,0,0,0,0,0,0,85,229,254,239,67,0,0,0,0,0,0,0,0,0,0,0,0,0,0,0,0,0,0,0,0,0,0,40,239,254,244,63,0,0,0,0,0,0,0,0,0,0,0,0,0,0,0,0,0,0,0,0,0,0,37,230,254,249,164,0,0,0,0,0,0,0,0,0,0,0,0,0,0,0,0,0,0,0,0,0,0,0,141,254,254,116,0,0,0,0,0,0,0,0,0,0,0,0,0,0,0,0,0,0,0,0,0,0,0,58,232,254,162,4,0,0,0,0,0,0,0,0,0,0,0,0,0,0,0,0,0,0,0,0,0,0,0,172,254,232,22,0,0,0,0,0,0,0,0,0,0,0,0,0,0,0,0,0,0,0,0,0,0,0,0,172,254,127,0,0,0,0,0,0,0,0,0,0,0,0,0,0,0,0,0,0,0,0,0,0,0,0,0,172,254,94,0,0,0,0,0,0,0,0,0,0,0,0,0,0,0,0,0,0,0,0,0,0,0,0,0,37,135,129,14,0,0,0,0,0,0,0,0,0,0,0,0,0,0,0,0,0,0,0,0,0,0,0,0,0,0,0,0,0,0,0,0,0,0,0,0,0,0,0,0,0,0,0,0,0
4,0,0,0,0,0,0,0,0,0,0,0,0,0,0,0,0,0,0,0,0,0,0,0,0,0,0,0,0,0,0,0,0,0,0,0,0,0,0,0,0,0,0,0,0,0,0,0,0,0,0,0,0,0,0,0,0,0,0,0,0,0,0,0,0,0,0,0,0,0,0,0,0,0,0,0,0,0,0,0,0,0,0,0,0,0,0,0,0,0,0,0,0,0,0,0,0,0,0,0,0,0,0,0,0,0,0,0,0,0,0,0,0,0,0,0,0,0,0,0,0,0,0,0,0,0,0,0,0,0,0,0,0,0,0,0,0,0,0,0,0,0,0,0,0,0,0,0,0,0,0,0,0,0,0,0,0,0,0,0,0,0,0,0,0,0,0,0,0,0,0,0,0,0,0,0,0,0,0,0,0,0,0,130,88,237,34,0,0,0,0,0,0,0,0,0,0,0,0,0,0,0,0,0,0,0,0,0,0,0,70,247,238,254,34,0,0,0,0,0,0,0,0,0,0,0,0,0,0,0,0,0,0,0,0,0,0,32,223,192,173,216,3,0,0,0,0,0,0,0,0,0,0,0,0,0,0,0,0,0,0,0,0,0,0,97,250,144,212,203,0,0,0,0,0,0,0,0,0,0,0,0,0,0,0,0,0,0,0,0,0,0,33,234,136,0,167,136,0,0,0,0,0,0,0,0,0,0,0,0,0,0,0,0,0,0,0,0,0,2,158,222,24,0,167,136,0,0,0,0,0,0,0,0,0,0,0,0,0,0,0,0,0,0,0,0,0,45,254,101,0,0,223,136,0,0,0,0,0,0,0,0,0,0,0,0,0,0,0,0,0,0,0,0,2,168,203,3,0,0,244,119,0,0,0,0,0,0,0,0,0,0,0,0,0,0,0,0,0,0,0,0,34,253,71,0,0,0,244,61,0,4,0,0,0,0,0,0,0,0,0,0,0,0,0,0,0,0,0,0,107,225,7,0,0,0,244,67,126,71,0,0,0,0,0,0,0,0,0,0,0,0,0,0,0,0,0,0,42,254,205,115,77,141,250,232,178,4,0,0,0,0,0,0,0,0,0,0,0,0,0,0,0,0,0,0,1,55,181,239,239,243,254,115,2,0,0,0,0,0,0,0,0,0,0,0,0,0,0,0,0,0,0,0,0,0,0,0,0,65,254,61,0,0,0,0,0,0,0,0,0,0,0,0,0,0,0,0,0,0,0,0,0,0,0,0,0,131,241,8,0,0,0,0,0,0,0,0,0,0,0,0,0,0,0,0,0,0,0,0,0,0,0,0,0,141,239,0,0,0,0,0,0,0,0,0,0,0,0,0,0,0,0,0,0,0,0,0,0,0,0,0,0,119,239,0,0,0,0,0,0,0,0,0,0,0,0,0,0,0,0,0,0,0,0,0,0,0,0,0,0,56,241,18,0,0,0,0,0,0,0,0,0,0,0,0,0,0,0,0,0,0,0,0,0,0,0,0,0,0,237,61,0,0,0,0,0,0,0,0,0,0,0,0,0,0,0,0,0,0,0,0,0,0,0,0,0,0,167,76,0,0,0,0,0,0,0,0,0,0,0,0,0,0,0,0,0,0,0,0,0,0,0,0,0,0,72,141,0,0,0,0,0,0,0,0,0,0,0,0,0,0,0,0,0,0,0,0,0,0,0,0,0,0,0,0,0,0,0,0,0,0,0,0,0,0,0,0,0,0,0,0,0,0,0,0,0,0,0,0,0,0,0,0,0,0,0,0,0,0,0,0,0,0,0
5,0,0,0,0,0,0,0,0,0,0,0,0,0,0,0,0,0,0,0,0,0,0,0,0,0,0,0,0,0,0,0,0,0,0,0,0,0,0,0,0,0,0,0,0,0,0,0,0,0,0,0,0,0,0,0,0,0,0,0,0,0,0,0,0,0,0,0,0,0,0,0,0,0,0,0,0,0,0,0,0,0,0,0,0,0,0,0,0,0,0,0,0,0,0,0,0,0,0,0,0,0,0,0,0,0,0,0,0,0,0,0,0,0,0,0,0,0,0,0,0,0,0,0,0,0,0,138,255,254,91,0,0,0,0,0,0,0,0,0,0,0,0,0,0,0,0,0,0,0,0,0,0,34,47,235,253,253,239,200,200,30,0,0,0,0,0,0,0,0,0,0,0,0,0,0,0,0,0,0,50,224,253,253,253,181,107,107,107,16,0,0,0,0,0,0,0,0,0,0,0,0,0,0,0,0,0,0,141,253,253,178,7,4,0,0,0,0,0,0,0,0,0,0,0,0,0,0,0,0,0,0,0,0,0,0,239,253,253,152,0,0,0,0,0,0,0,0,0,0,0,0,0,0,0,0,0,0,0,0,0,0,0,0,239,253,253,22,0,0,0,0,0,0,0,0,0,0,0,0,0,0,0,0,0,0,0,0,0,0,0,0,239,253,209,15,0,0,0,0,0,0,0,0,0,0,0,0,0,0,0,0,0,0,0,0,0,0,0,102,249,253,123,0,0,0,0,0,0,0,0,0,0,0,0,0,0,0,0,0,0,0,0,0,0,0,21,198,253,237,59,0,0,0,0,0,0,0,0,0,0,0,0,0,0,0,0,0,0,0,0,0,0,0,39,253,253,222,0,0,0,0,0,0,0,0,0,0,0,0,0,0,0,0,0,0,0,0,0,0,0,0,147,253,253,244,177,177,163,24,17,0,0,0,0,0,0,0,0,0,0,0,0,0,0,0,0,0,0,0,193,253,253,253,253,253,253,253,217,41,0,0,0,0,0,0,0,0,0,0,0,0,0,0,0,0,0,0,193,253,253,253,253,253,253,253,253,126,0,0,0,0,0,0,0,0,0,0,0,0,0,0,0,0,0,0,64,84,84,84,84,84,191,245,253,248,93,0,0,0,0,0,0,0,0,0,0,0,0,0,0,0,0,0,0,0,0,0,0,0,0,124,253,253,137,0,0,0,0,0,0,0,0,0,0,0,0,0,0,0,0,0,0,0,0,0,0,0,20,234,253,240,21,0,0,0,0,0,0,0,0,0,0,0,0,0,0,0,0,0,0,0,0,0,0,3,125,253,253,139,0,0,0,0,0,0,0,0,0,0,0,0,0,0,0,0,0,0,0,0,0,0,0,78,253,253,253,84,0,0,0,0,0,0,0,0,0,0,0,0,0,0,0,0,0,0,0,0,0,26,208,222,253,227,156,15,0,0,0,0,0,0,0,0,0,0,0,0,0,0,0,0,0,0,0,0,0,31,253,253,239,51,0,0,0,0,0,0,0,0,0,0,0,0,0,0,0,0,0,0,0,0,0,0,0,0,0,0,0,0,0,0,0,0,0,0,0,0,0,0,0,0,0,0,0,0,0,0,0,0,0,0,0,0,0,0,0,0,0,0,0,0,0,0,0,0,0,0,0,0,0,0,0,0,0,0,0,0,0,0,0,0,0,0,0,0,0,0,0,0,0,0,0,0,0,0,0,0,0,0,0,0,0,0,0,0,0,0,0,0,0,0,0,0,0,0,0,0,0,0,0,0,0,0,0
7,0,0,0,0,0,0,0,0,0,0,0,0,0,0,0,0,0,0,0,0,0,0,0,0,0,0,0,0,0,0,0,0,0,0,0,0,0,0,0,0,0,0,0,0,0,0,0,0,0,0,0,0,0,0,0,0,0,0,0,0,0,0,0,0,0,0,0,0,0,0,0,0,0,0,0,0,0,0,0,0,0,0,0,0,0,0,0,0,0,0,0,0,0,0,0,0,0,0,0,0,0,0,0,0,0,0,0,0,0,0,0,0,0,0,0,0,0,0,0,0,0,0,0,0,0,0,0,0,0,0,0,0,0,0,0,0,0,0,0,0,0,0,0,0,0,0,0,0,0,0,0,0,0,0,0,0,0,0,0,0,0,0,0,0,0,0,0,0,0,0,0,0,0,0,0,0,2,59,146,146,169,215,155,255,171,2,0,0,0,0,0,0,0,0,0,0,0,0,0,0,0,0,0,25,129,253,253,253,253,253,253,253,253,10,0,0,0,0,0,0,0,0,0,0,0,0,0,0,0,0,0,82,253,253,253,253,253,253,253,253,253,108,0,0,0,0,0,0,0,0,0,0,0,0,0,0,0,0,0,82,253,253,253,253,253,253,253,253,253,226,0,0,0,0,0,0,0,0,0,0,0,0,0,0,0,0,0,21,161,172,172,120,65,65,127,253,253,226,0,0,0,0,0,0,0,0,0,0,0,0,0,0,0,0,0,0,0,0,0,0,0,0,22,253,253,226,0,0,0,0,0,0,0,0,0,0,0,0,0,0,0,0,0,0,0,0,0,0,0,0,22,253,253,226,0,0,0,0,0,0,0,0,0,0,0,0,0,0,0,0,0,0,0,0,0,0,0,0,22,253,253,226,0,0,0,0,0,0,0,0,0,0,0,0,0,0,0,0,0,0,0,0,0,0,0,0,122,253,253,226,0,0,0,0,0,0,0,0,0,0,0,0,0,0,0,0,0,0,0,0,0,0,0,0,130,253,253,226,0,0,0,0,0,0,0,0,0,0,0,0,0,0,0,0,0,0,0,0,0,0,0,0,216,253,253,226,0,0,0,0,0,0,0,0,0,0,0,0,0,0,0,0,0,0,0,0,0,0,0,8,240,253,253,125,0,0,0,0,0,0,0,0,0,0,0,0,0,0,0,0,0,0,0,0,0,0,0,118,253,253,230,45,0,0,0,0,0,0,0,0,0,0,0,0,0,0,0,0,0,0,0,0,0,0,0,200,253,253,156,0,0,0,0,0,0,0,0,0,0,0,0,0,0,0,0,0,0,0,0,0,0,0,53,251,253,253,144,0,0,0,0,0,0,0,0,0,0,0,0,0,0,0,0,0,0,0,0,0,0,0,55,253,253,253,48,0,0,0,0,0,0,0,0,0,0,0,0,0,0,0,0,0,0,0,0,0,0,0,99,253,253,204,8,0,0,0,0,0,0,0,0,0,0,0,0,0,0,0,0,0,0,0,0,0,0,30,252,253,253,88,0,0,0,0,0,0,0,0,0,0,0,0,0,0,0,0,0,0,0,0,0,0,0,125,253,253,253,86,0,0,0,0,0,0,0,0,0,0,0,0,0,0,0,0,0,0,0,0,0,0,0,125,253,253,244,50,0,0,0,0,0,0,0,0,0,0,0,0,0,0,0,0,0,0,0,0,0,0,0,0,0,0,0,0,0,0,0,0,0,0,0,0,0,0,0,0,0,0,0,0,0,0,0,0,0,0,0,0,0,0,0,0,0,0,0,0,0,0,0,0,0,0,0,0
2,0,0,0,0,0,0,0,0,0,0,0,0,0,0,0,0,0,0,0,0,0,0,0,0,0,0,0,0,0,0,0,0,0,0,0,0,0,0,0,0,0,0,0,0,0,0,0,0,0,0,0,0,0,0,0,0,0,0,0,0,0,0,0,0,0,0,0,0,0,0,0,0,0,0,0,0,0,0,0,0,0,0,0,0,0,0,0,0,0,0,0,0,0,1,110,255,254,254,254,254,154,25,0,0,0,0,0,0,0,0,0,0,0,0,0,0,0,0,0,0,17,154,253,251,241,247,244,253,253,170,8,0,0,0,0,0,0,0,0,0,0,0,0,0,0,0,0,11,109,253,220,90,0,55,30,147,250,253,167,3,0,0,0,0,0,0,0,0,0,0,0,0,0,0,0,134,167,210,36,0,0,0,0,0,193,253,253,30,0,0,0,0,0,0,0,0,0,0,0,0,0,0,0,0,0,0,0,0,0,0,0,0,71,248,253,46,0,0,0,0,0,0,0,0,0,0,0,0,0,0,0,0,0,0,0,0,0,0,0,0,0,211,253,154,0,0,0,0,0,0,0,0,0,0,0,0,0,0,0,0,0,0,0,0,0,0,0,0,0,190,253,220,16,0,0,0,0,0,0,0,0,0,0,0,0,0,0,0,0,0,0,0,0,0,0,0,0,88,253,253,24,0,0,0,0,0,0,0,0,0,0,0,0,0,0,0,0,0,0,0,0,0,0,0,0,88,253,253,24,0,0,0,0,0,0,0,0,0,0,0,0,0,0,0,0,0,0,0,0,0,0,0,0,88,253,253,24,0,0,0,0,0,0,0,0,0,0,0,0,0,0,0,0,0,0,0,0,0,0,0,0,88,253,226,18,0,0,0,0,0,0,0,0,0,0,0,0,0,0,0,0,0,50,100,199,199,199,199,99,197,253,118,0,0,0,0,0,0,0,0,0,0,0,0,0,0,0,0,10,160,237,253,253,253,253,253,253,253,253,30,0,0,0,0,0,0,0,0,0,0,0,0,0,0,0,0,74,253,238,142,43,73,190,253,253,253,253,30,0,0,0,0,0,0,0,0,0,0,0,0,0,0,0,68,239,253,104,0,0,0,35,226,253,253,253,30,0,0,0,0,0,0,0,0,0,0,0,0,0,0,0,149,253,239,53,0,0,0,118,253,253,253,253,139,0,0,0,0,0,0,0,0,0,0,0,0,0,0,0,149,253,216,0,0,0,169,248,253,168,184,253,244,134,0,0,0,0,0,0,0,0,0,0,0,0,0,0,149,253,232,112,136,236,249,253,165,28,49,237,253,148,0,0,0,0,0,0,0,0,0,0,0,0,0,0,92,253,253,253,253,253,253,130,3,0,0,56,239,91,0,0,0,0,0,0,0,0,0,0,0,0,0,0,1,97,253,253,168,129,38,2,0,0,0,0,5,1,0,0,0,0,0,0,0,0,0,0,0,0,0,0,0,0,0,0,0,0,0,0,0,0,0,0,0,0,0,0,0,0,0,0,0,0,0,0,0,0,0,0,0,0,0,0,0,0,0,0,0,0,0,0,0,0,0,0,0,0,0,0,0,0,0,0,0,0,0,0,0,0,0,0,0,0,0,0,0,0,0,0,0,0,0,0,0,0,0,0,0,0,0,0,0,0,0,0,0,0,0,0,0,0,0,0,0,0,0,0,0,0,0,0,0,0,0,0,0,0,0,0,0,0,0,0,0,0,0,0,0,0,0,0,0,0,0,0,0,0,0,0,0,0,0,0,0
0,0,0,0,0,0,0,0,0,0,0,0,0,0,0,0,0,0,0,0,0,0,0,0,0,0,0,0,0,0,0,0,0,0,0,0,0,0,0,0,0,0,0,0,0,0,0,0,0,0,0,0,0,0,0,0,0,0,0,0,0,0,0,0,0,0,0,0,0,0,0,0,0,0,0,0,0,0,0,0,0,0,0,0,0,0,0,0,0,0,0,0,0,0,0,0,0,0,0,0,0,0,0,0,0,0,0,0,0,0,0,0,0,0,0,0,0,0,0,0,0,0,0,0,0,0,0,0,0,0,0,0,0,0,0,0,0,0,0,0,0,0,0,0,0,0,0,0,0,0,0,47,247,195,42,0,27,0,0,0,0,0,0,0,0,0,0,0,0,0,0,0,0,0,0,0,0,0,0,5,185,253,245,235,242,235,177,12,0,0,0,0,0,0,0,0,0,0,0,0,0,0,0,0,0,0,0,0,190,253,253,253,254,253,253,177,0,0,0,0,0,0,0,0,0,0,0,0,0,0,0,0,0,0,0,97,249,244,202,248,254,201,240,242,31,0,0,0,0,0,0,0,0,0,0,0,0,0,0,0,0,0,33,228,253,62,0,117,254,253,253,253,136,0,0,0,0,0,0,0,0,0,0,0,0,0,0,0,0,6,202,255,140,0,0,0,106,254,254,242,26,0,0,0,0,0,0,0,0,0,0,0,0,0,0,0,0,71,253,238,20,0,0,0,5,89,245,245,61,0,0,0,0,0,0,0,0,0,0,0,0,0,0,0,0,186,253,104,0,0,0,0,0,0,57,245,240,14,0,0,0,0,0,0,0,0,0,0,0,0,0,0,0,199,253,52,0,0,0,0,0,0,0,88,248,193,8,0,0,0,0,0,0,0,0,0,0,0,0,0,27,238,188,0,0,0,0,0,0,0,0,0,148,254,83,0,0,0,0,0,0,0,0,0,0,0,0,0,37,254,163,0,0,0,0,0,0,0,0,0,0,255,215,11,0,0,0,0,0,0,0,0,0,0,0,0,121,253,142,0,0,0,0,0,0,0,0,0,0,169,253,36,0,0,0,0,0,0,0,0,0,0,0,0,128,253,72,0,0,0,0,0,0,0,0,0,0,150,253,36,0,0,0,0,0,0,0,0,0,0,0,0,89,253,111,0,0,0,0,0,0,0,0,0,0,112,253,36,0,0,0,0,0,0,0,0,0,0,0,0,24,233,227,0,0,0,0,0,0,0,0,0,0,195,253,36,0,0,0,0,0,0,0,0,0,0,0,0,0,200,254,92,0,0,0,0,0,0,0,0,27,255,199,0,0,0,0,0,0,0,0,0,0,0,0,0,0,128,253,158,24,0,0,0,0,0,8,68,242,238,59,0,0,0,0,0,0,0,0,0,0,0,0,0,0,3,178,254,180,82,37,37,37,89,177,253,240,58,0,0,0,0,0,0,0,0,0,0,0,0,0,0,0,0,20,203,251,253,253,253,254,253,244,196,61,0,0,0,0,0,0,0,0,0,0,0,0,0,0,0,0,0,0,0,67,149,162,227,195,142,36,0,0,0,0,0,0,0,0,0,0,0,0,0,0,0,0,0,0,0,0,0,0,0,0,0,0,0,0,0,0,0,0,0,0,0,0,0,0,0,0,0,0,0,0,0,0,0,0,0,0,0,0,0,0,0,0,0,0,0,0,0,0,0,0,0,0,0,0,0,0,0,0,0,0,0,0,0,0,0,0,0,0,0,0,0,0,0,0,0,0,0,0,0,0
9,0,0,0,0,0,0,0,0,0,0,0,0,0,0,0,0,0,0,0,0,0,0,0,0,0,0,0,0,0,0,0,0,0,0,0,0,0,0,0,0,0,0,0,0,0,0,0,0,0,0,0,0,0,0,0,0,0,0,0,0,0,0,0,0,0,0,0,0,0,0,0,0,0,0,0,0,0,0,0,0,0,0,0,0,0,0,0,0,0,0,0,0,0,0,0,0,0,0,0,0,0,0,0,0,0,0,0,0,0,0,0,0,0,0,0,0,0,0,0,0,0,0,21,152,233,193,193,203,0,0,0,0,0,0,0,0,0,0,0,0,0,0,0,0,0,0,0,0,0,41,223,253,252,253,252,243,122,0,0,0,0,0,0,0,0,0,0,0,0,0,0,0,0,0,0,0,21,173,253,224,162,132,253,203,0,0,0,0,0,0,0,0,0,0,0,0,0,0,0,0,0,0,0,0,142,253,252,20,0,132,252,102,183,21,102,41,0,0,0,0,0,0,0,0,0,0,0,0,0,0,0,31,233,254,131,0,0,214,172,214,253,254,253,102,0,0,0,0,0,0,0,0,0,0,0,0,0,0,0,51,252,253,131,0,0,253,252,253,171,253,252,162,20,0,0,0,0,0,0,0,0,0,0,0,0,0,0,152,253,254,213,152,233,254,233,41,0,132,253,254,151,0,0,0,0,0,0,0,0,0,0,0,0,0,0,71,252,253,252,253,252,192,50,0,0,10,212,253,192,0,0,0,0,0,0,0,0,0,0,0,0,0,0,21,203,254,253,203,162,41,0,0,0,0,203,254,253,0,0,0,0,0,0,0,0,0,0,0,0,0,0,0,20,50,50,0,0,0,0,0,0,0,122,253,252,0,0,0,0,0,0,0,0,0,0,0,0,0,0,0,0,0,0,0,0,0,0,0,0,0,41,254,253,163,0,0,0,0,0,0,0,0,0,0,0,0,0,0,0,0,0,0,0,0,0,0,0,0,0,253,252,203,0,0,0,0,0,0,0,0,0,0,0,0,0,0,0,0,0,0,0,0,0,0,0,0,0,254,253,224,20,0,0,0,0,0,0,0,0,0,0,0,0,0,0,0,0,0,0,0,0,0,0,0,0,253,252,203,0,0,0,0,0,0,0,0,0,0,0,0,0,0,0,0,0,0,0,0,0,0,0,0,0,152,253,214,10,0,0,0,0,0,0,0,0,0,0,0,0,0,41,123,203,0,0,0,0,0,0,0,0,193,252,213,10,0,0,0,0,0,0,0,0,0,0,0,0,0,183,255,253,92,51,0,0,31,51,153,233,254,253,183,0,0,0,0,0,0,0,0,0,0,0,0,0,0,102,253,252,253,252,203,203,233,252,253,252,253,212,20,0,0,0,0,0,0,0,0,0,0,0,0,0,0,0,123,243,254,253,254,253,254,253,254,233,82,0,0,0,0,0,0,0,0,0,0,0,0,0,0,0,0,0,0,40,112,232,253,252,233,151,131,30,0,0,0,0,0,0,0,0,0,0,0,0,0,0,0,0,0,0,0,0,0,0,0,0,0,0,0,0,0,0,0,0,0,0,0,0,0,0,0,0,0,0,0,0,0,0,0,0,0,0,0,0,0,0,0,0,0,0,0,0,0,0,0,0,0,0,0,0,0,0,0,0,0,0,0,0,0,0,0,0,0,0,0,0,0,0,0,0,0,0,0,0,0,0,0,0,0,0,0,0,0,0,0,0,0,0,0,0,0,0,0,0,0,0,0,0,0,0,0,0,0
8,0,0,0,0,0,0,0,0,0,0,0,0,0,0,0,0,0,0,0,0,0,0,0,0,0,0,0,0,0,0,0,0,0,0,0,0,0,0,0,0,0,0,0,0,0,0,0,0,0,0,0,0,0,0,0,0,0,0,0,0,0,0,0,0,0,0,0,0,0,0,0,0,0,0,0,0,0,0,0,0,0,0,0,0,0,0,0,0,0,0,0,0,0,0,0,0,0,0,0,0,0,0,0,0,0,0,0,0,0,0,0,0,0,0,0,0,0,0,0,0,0,25,120,151,151,196,234,111,1,0,0,0,0,0,0,0,0,0,0,0,0,0,0,0,0,0,0,0,0,169,254,254,254,254,254,254,125,0,0,0,0,0,0,0,0,0,0,0,0,0,0,0,0,0,0,6,147,254,229,127,114,114,122,234,213,0,0,0,0,0,0,0,0,0,0,0,0,0,0,0,0,0,0,114,254,244,80,0,0,0,53,254,102,0,0,0,0,0,0,0,0,0,0,0,0,0,0,0,0,0,0,26,210,254,249,94,9,1,116,193,3,0,0,0,0,0,0,0,0,0,0,0,0,0,0,0,0,0,0,0,26,89,232,255,178,77,218,16,0,0,0,0,0,0,0,0,0,0,0,0,0,0,0,0,0,0,0,0,0,0,82,253,254,254,159,0,0,0,0,0,0,0,0,0,0,0,0,0,0,0,0,0,0,0,0,0,0,0,0,114,254,254,215,39,0,0,0,0,0,0,0,0,0,0,0,0,0,0,0,0,0,0,0,0,0,0,2,208,253,249,254,239,51,0,0,0,0,0,0,0,0,0,0,0,0,0,0,0,0,0,0,0,0,6,153,251,111,3,130,254,238,60,0,0,0,0,0,0,0,0,0,0,0,0,0,0,0,0,0,0,0,27,254,155,0,0,11,173,254,237,53,0,0,0,0,0,0,0,0,0,0,0,0,0,0,0,0,0,0,188,254,75,0,0,0,2,173,254,184,29,0,0,0,0,0,0,0,0,0,0,0,0,0,0,0,0,64,250,163,8,0,0,0,0,11,208,254,176,0,0,0,0,0,0,0,0,0,0,0,0,0,0,0,0,74,252,142,4,0,0,0,0,0,91,178,218,42,11,0,0,0,0,0,0,0,0,0,0,0,0,0,0,0,235,254,106,0,0,0,0,0,0,32,254,254,83,0,0,0,0,0,0,0,0,0,0,0,0,0,0,0,235,255,187,16,0,0,0,0,0,16,219,254,92,0,0,0,0,0,0,0,0,0,0,0,0,0,0,0,77,174,254,234,84,0,0,0,0,0,92,248,159,0,0,0,0,0,0,0,0,0,0,0,0,0,0,0,0,54,134,254,254,198,113,159,79,11,11,230,83,0,0,0,0,0,0,0,0,0,0,0,0,0,0,0,0,0,6,175,254,254,254,254,254,254,254,254,122,9,0,0,0,0,0,0,0,0,0,0,0,0,0,0,0,0,0,12,46,68,108,150,150,206,254,254,156,7,0,0,0,0,0,0,0,0,0,0,0,0,0,0,0,0,0,0,0,0,0,0,0,0,0,0,0,0,0,0,0,0,0,0,0,0,0,0,0,0,0,0,0,0,0,0,0,0,0,0,0,0,0,0,0,0,0,0,0,0,0,0,0,0,0,0,0,0,0,0,0,0,0,0,0,0,0,0,0,0,0,0,0,0,0,0,0,0,0,0,0,0,0,0,0,0,0,0,0,0,0,0,0,0,0,0,0,0,0,0,0,0,0,0,0,0,0
8,0,0,0,0,0,0,0,0,0,0,0,0,0,0,0,0,0,0,0,0,0,0,0,0,0,0,0,0,0,0,0,0,0,0,0,0,0,0,0,0,0,0,0,0,0,0,0,0,0,0,0,0,0,0,0,0,0,0,0,0,0,0,0,0,0,0,0,0,0,0,0,0,0,0,0,0,0,0,0,0,0,0,0,0,0,0,0,0,0,0,0,0,0,0,0,0,0,0,0,0,0,0,0,0,0,0,0,0,0,0,0,0,0,0,0,0,0,0,0,0,0,0,0,0,0,0,0,0,0,0,0,0,0,0,0,0,0,0,0,0,0,0,0,0,0,0,0,0,0,0,70,212,211,229,162,144,38,0,0,0,0,0,0,0,0,0,0,0,0,0,0,0,0,0,0,0,0,0,245,210,115,148,207,215,234,105,17,0,0,0,0,0,0,0,0,0,0,0,0,0,0,0,0,0,0,51,254,107,0,0,0,26,179,246,225,107,5,0,0,0,0,0,0,0,0,0,0,0,0,0,0,0,0,184,254,23,0,0,0,0,0,50,220,253,154,25,0,0,0,0,0,0,0,0,0,0,0,0,0,0,0,127,255,23,0,0,0,38,70,70,70,237,254,152,0,0,0,0,0,0,0,0,0,0,0,0,0,0,0,9,254,124,0,0,64,243,253,253,254,253,253,253,102,0,0,0,0,0,0,0,0,0,0,0,0,0,0,0,169,244,80,0,63,128,182,253,254,215,96,146,241,95,0,0,0,0,0,0,0,0,0,0,0,0,0,0,19,203,213,25,0,34,240,253,136,6,0,0,152,115,0,0,0,0,0,0,0,0,0,0,0,0,0,0,0,68,241,220,95,212,247,84,0,0,0,0,0,0,0,0,0,0,0,0,0,0,0,0,0,0,0,0,0,0,74,253,254,210,71,0,0,0,0,0,0,0,0,0,0,0,0,0,0,0,0,0,0,0,0,0,0,0,108,253,254,160,5,0,0,0,0,0,0,0,0,0,0,0,0,0,0,0,0,0,0,0,0,0,0,68,240,185,120,253,146,0,0,0,0,0,0,0,0,0,0,0,0,0,0,0,0,0,0,0,0,0,104,245,146,0,26,155,245,44,0,0,0,0,0,0,0,0,0,0,0,0,0,0,0,0,0,0,0,0,212,210,4,0,0,38,244,169,0,0,0,0,0,0,0,0,0,0,0,0,0,0,0,0,0,0,0,119,254,131,0,0,0,0,155,196,0,0,0,0,0,0,0,0,0,0,0,0,0,0,0,0,0,0,17,234,228,40,0,0,0,0,0,0,0,0,0,0,0,0,0,0,0,0,0,0,0,0,0,0,0,0,83,254,93,0,0,0,0,0,15,229,26,0,0,0,0,0,0,0,0,0,0,0,0,0,0,0,0,0,65,253,214,122,26,0,0,9,132,253,42,0,0,0,0,0,0,0,0,0,0,0,0,0,0,0,0,0,5,113,245,253,232,207,208,216,242,104,0,0,0,0,0,0,0,0,0,0,0,0,0,0,0,0,0,0,0,0,44,152,236,253,254,202,79,0,0,0,0,0,0,0,0,0,0,0,0,0,0,0,0,0,0,0,0,0,0,0,0,0,0,0,0,0,0,0,0,0,0,0,0,0,0,0,0,0,0,0,0,0,0,0,0,0,0,0,0,0,0,0,0,0,0,0,0,0,0,0,0,0,0,0,0,0,0,0,0,0,0,0,0,0,0,0,0,0,0,0,0,0,0,0,0,0,0,0,0,0,0,0
6,0,0,0,0,0,0,0,0,0,0,0,0,0,0,0,0,0,0,0,0,0,0,0,0,0,0,0,0,0,0,0,0,0,0,0,0,0,0,0,0,0,0,0,0,0,0,0,0,0,0,0,0,0,0,0,0,0,0,0,0,0,0,0,0,0,0,0,0,0,0,0,0,0,0,0,0,0,0,0,0,0,0,0,0,0,0,0,0,0,0,0,0,0,0,0,0,0,0,0,0,0,10,188,89,0,0,0,0,0,0,0,0,0,0,0,0,0,0,0,0,0,0,0,0,0,0,0,0,0,142,254,91,0,0,0,0,0,0,0,0,0,0,0,0,0,0,0,0,0,0,0,0,0,0,0,0,114,253,213,23,0,0,0,0,0,0,0,0,0,0,0,0,0,0,0,0,0,0,0,0,0,0,0,48,236,246,45,0,0,0,0,0,0,0,0,0,0,0,0,0,0,0,0,0,0,0,0,0,0,0,0,147,254,173,0,0,0,0,0,0,0,0,0,0,0,0,0,0,0,0,0,0,0,0,0,0,0,0,120,251,246,76,0,0,0,0,0,0,0,0,0,0,0,0,0,0,0,0,0,0,0,0,0,0,0,46,229,246,84,0,0,0,0,0,0,0,0,0,0,0,0,0,0,0,0,0,0,0,0,0,0,0,0,181,254,122,0,0,0,0,0,0,0,0,0,0,0,0,0,0,0,0,0,0,0,0,0,0,0,0,74,239,246,35,0,0,0,0,0,0,0,0,0,0,0,0,0,0,0,0,0,0,0,0,0,0,0,59,227,254,233,58,8,0,0,0,0,0,0,0,0,0,0,0,0,0,0,0,0,0,0,0,0,0,51,250,254,254,254,254,161,0,0,0,0,0,0,0,0,0,0,0,0,0,0,0,0,0,0,0,0,0,12,234,254,236,226,254,248,42,0,0,0,0,0,0,0,0,0,0,0,0,0,0,0,0,0,0,0,0,8,232,254,121,9,221,254,111,0,0,0,0,0,0,0,0,0,0,0,0,0,0,0,0,0,0,0,0,70,254,249,50,0,212,251,46,0,0,0,0,0,0,0,0,0,0,0,0,0,0,0,0,0,0,0,0,147,254,220,12,34,245,220,0,0,0,0,0,0,0,0,0,0,0,0,0,0,0,0,0,0,0,0,0,147,254,167,0,115,254,184,0,0,0,0,0,0,0,0,0,0,0,0,0,0,0,0,0,0,0,0,0,147,254,179,69,244,253,98,0,0,0,0,0,0,0,0,0,0,0,0,0,0,0,0,0,0,0,0,0,147,254,240,220,254,180,0,0,0,0,0,0,0,0,0,0,0,0,0,0,0,0,0,0,0,0,0,0,95,246,255,254,193,13,0,0,0,0,0,0,0,0,0,0,0,0,0,0,0,0,0,0,0,0,0,0,0,123,197,152,40,0,0,0,0,0,0,0,0,0,0,0,0,0,0,0,0,0,0,0,0,0,0,0,0,0,0,0,0,0,0,0,0,0,0,0,0,0,0,0,0,0,0,0,0,0,0,0,0,0,0,0,0,0,0,0,0,0,0,0,0,0,0,0,0,0,0,0,0,0,0,0,0,0,0,0,0,0,0,0,0,0,0,0,0,0,0,0,0,0,0,0,0,0,0,0,0,0,0,0,0,0,0,0,0,0,0,0,0,0,0,0,0,0,0,0,0,0,0,0,0,0,0,0,0,0,0,0,0,0,0,0,0,0,0,0,0,0,0,0,0,0,0,0,0,0,0,0,0,0,0,0,0,0
2,0,0,0,0,0,0,0,0,0,0,0,0,0,0,0,0,0,0,0,0,0,0,0,0,0,0,0,0,0,0,0,0,0,0,0,0,0,0,0,0,0,0,0,0,0,0,0,0,0,0,0,0,0,0,0,0,0,0,0,0,0,0,0,0,0,0,0,0,0,0,0,0,0,0,0,0,0,0,0,0,0,0,0,0,0,0,0,0,0,0,0,0,0,0,0,0,0,0,0,0,0,0,0,0,0,0,0,0,0,0,0,0,0,0,0,0,0,0,0,15,85,137,190,146,85,21,0,0,0,0,0,0,0,0,0,0,0,0,0,0,0,0,0,0,0,0,0,139,252,233,231,249,253,237,127,7,0,0,0,0,0,0,0,0,0,0,0,0,0,0,0,0,0,0,0,111,110,7,0,70,145,237,252,170,11,0,0,0,0,0,0,0,0,0,0,0,0,0,0,0,0,0,0,0,0,0,0,0,0,67,244,252,42,0,0,0,0,0,0,0,0,0,0,0,0,0,0,0,0,0,0,0,0,0,0,0,0,15,237,253,42,0,0,0,0,0,0,0,0,0,0,0,0,0,0,0,0,0,0,0,0,0,0,0,15,140,252,231,28,0,0,0,0,0,0,0,0,0,0,0,0,0,0,0,0,0,0,0,0,0,0,9,192,252,242,95,0,0,0,0,0,0,0,0,0,0,0,0,0,0,0,0,0,0,0,0,0,0,16,187,253,231,86,0,0,0,0,0,0,0,0,0,0,0,0,0,0,0,0,0,0,0,0,0,0,62,221,252,191,54,0,0,0,0,0,0,0,0,0,0,0,0,0,0,0,0,0,0,0,0,0,0,50,245,253,174,45,0,0,0,0,0,0,0,0,0,0,0,0,0,0,0,0,0,0,0,0,0,0,50,185,252,205,11,0,0,0,0,0,0,0,0,0,0,0,0,0,0,0,0,0,0,0,0,0,0,0,156,252,224,16,0,0,0,0,0,0,0,0,0,0,0,0,0,0,0,0,0,0,0,0,0,0,0,0,253,252,56,0,0,0,0,0,0,0,0,0,0,0,0,0,0,0,0,0,0,0,0,0,0,0,0,0,253,252,206,80,0,0,0,0,0,0,0,0,0,0,0,0,0,0,0,0,0,0,0,0,0,0,0,0,124,243,253,253,253,255,218,139,43,43,8,11,0,0,0,0,0,0,0,0,0,0,0,0,0,0,0,0,0,48,159,224,252,253,252,252,252,252,201,205,190,190,190,191,190,190,190,190,0,0,0,0,0,0,0,0,0,0,0,14,21,83,126,126,196,231,245,252,252,252,252,253,245,231,205,126,0,0,0,0,0,0,0,0,0,0,0,0,0,0,0,0,0,0,49,84,84,84,84,84,56,0,0,0,0,0,0,0,0,0,0,0,0,0,0,0,0,0,0,0,0,0,0,0,0,0,0,0,0,0,0,0,0,0,0,0,0,0,0,0,0,0,0,0,0,0,0,0,0,0,0,0,0,0,0,0,0,0,0,0,0,0,0,0,0,0,0,0,0,0,0,0,0,0,0,0,0,0,0,0,0,0,0,0,0,0,0,0,0,0,0,0,0,0,0,0,0,0,0,0,0,0,0,0,0,0,0,0,0,0,0,0,0,0,0,0,0,0,0,0,0,0,0,0,0,0,0,0,0,0,0,0,0,0,0,0,0,0,0,0,0,0,0,0,0,0,0,0,0,0,0,0,0,0,0,0,0,0,0,0,0,0,0,0,0,0,0,0,0,0,0,0,0
5,0,0,0,0,0,0,0,0,0,0,0,0,0,0,0,0,0,0,0,0,0,0,0,0,0,0,0,0,0,0,0,0,0,0,0,0,0,0,0,0,0,0,0,0,0,0,0,0,0,0,0,0,0,0,0,0,0,0,0,0,0,0,0,0,0,0,0,0,0,0,0,0,0,0,0,0,0,0,0,0,0,0,0,0,0,0,0,0,0,0,0,0,0,0,0,0,0,0,0,0,0,0,0,0,0,0,0,0,0,0,0,0,0,0,0,0,0,0,0,0,0,0,20,102,169,169,169,241,105,0,0,0,0,0,0,0,0,0,0,0,0,0,0,0,0,0,0,0,48,159,245,254,254,254,215,134,48,0,0,0,0,0,0,0,0,0,0,0,0,0,0,0,0,0,0,72,218,254,212,132,77,8,4,0,0,0,0,0,0,0,0,0,0,0,0,0,0,0,0,0,0,0,0,160,254,87,6,0,0,0,0,0,0,0,0,0,0,0,0,0,0,0,0,0,0,0,0,0,0,0,0,212,237,13,0,0,0,0,0,0,0,0,0,0,0,0,0,0,0,0,0,0,0,0,0,0,0,0,66,251,135,0,0,0,0,0,0,0,0,0,0,0,0,0,0,0,0,0,0,0,0,0,0,0,0,0,164,254,51,0,0,0,0,0,0,0,0,0,0,0,0,0,0,0,0,0,0,0,0,0,0,0,0,0,147,254,121,4,31,72,138,94,53,53,10,0,0,0,0,0,0,0,0,0,0,0,0,0,0,0,0,0,11,202,254,223,240,254,254,254,254,254,227,181,46,0,0,0,0,0,0,0,0,0,0,0,0,0,0,0,0,117,254,243,112,87,49,39,112,125,166,246,229,94,11,0,0,0,0,0,0,0,0,0,0,0,0,0,0,13,96,67,0,0,0,0,0,0,0,74,214,254,187,48,0,0,0,0,0,0,0,0,0,0,0,0,0,0,0,0,0,0,0,0,0,0,0,0,21,92,234,198,10,0,0,0,0,0,0,0,0,0,0,0,0,0,0,0,0,0,0,0,0,0,0,0,0,0,63,246,152,0,0,0,0,0,0,0,0,0,0,0,0,0,0,0,0,0,0,0,0,0,0,0,0,0,0,148,249,27,0,0,0,0,0,0,0,0,0,0,0,0,0,0,0,0,0,0,0,0,0,0,0,0,0,136,246,0,0,0,0,0,0,0,0,0,0,0,0,0,0,0,5,96,13,0,0,0,0,0,0,0,49,237,181,0,0,0,0,0,0,0,0,0,0,0,0,0,0,0,125,235,20,0,0,0,0,0,2,58,214,245,68,0,0,0,0,0,0,0,0,0,0,0,0,0,0,0,147,254,67,9,5,8,9,49,170,254,242,98,0,0,0,0,0,0,0,0,0,0,0,0,0,0,0,0,66,244,255,254,215,242,255,254,244,128,20,0,0,0,0,0,0,0,0,0,0,0,0,0,0,0,0,0,0,46,128,168,197,168,168,99,46,0,0,0,0,0,0,0,0,0,0,0,0,0,0,0,0,0,0,0,0,0,0,0,0,0,0,0,0,0,0,0,0,0,0,0,0,0,0,0,0,0,0,0,0,0,0,0,0,0,0,0,0,0,0,0,0,0,0,0,0,0,0,0,0,0,0,0,0,0,0,0,0,0,0,0,0,0,0,0,0,0,0,0,0,0,0,0,0,0,0,0,0,0,0,0,0,0,0,0,0,0,0,0,0,0,0,0,0,0,0,0,0,0,0,0,0,0,0,0,0,0
4,0,0,0,0,0,0,0,0,0,0,0,0,0,0,0,0,0,0,0,0,0,0,0,0,0,0,0,0,0,0,0,0,0,0,0,0,0,0,0,0,0,0,0,0,0,0,0,0,0,0,0,0,0,0,0,0,0,0,0,0,0,0,0,0,0,0,0,0,0,0,0,0,0,0,0,0,0,0,0,0,0,0,0,0,0,0,0,0,0,0,0,0,0,0,0,0,0,0,0,0,0,0,0,0,0,0,0,0,0,0,0,0,0,0,0,0,0,0,0,0,0,0,0,0,0,0,0,0,0,0,0,0,0,0,0,0,0,0,0,0,0,0,0,0,0,0,0,57,253,53,0,0,0,0,0,0,0,0,0,0,0,0,0,0,0,0,0,0,0,0,0,0,0,0,0,57,252,252,0,0,0,0,0,0,0,0,0,0,0,0,0,0,0,0,0,0,0,0,0,0,0,0,0,144,252,252,0,0,0,0,48,160,197,22,0,0,0,0,0,0,0,0,0,0,0,0,0,0,0,0,0,169,252,252,0,0,0,0,141,252,252,128,0,0,0,0,0,0,0,0,0,0,0,0,0,0,0,0,29,253,253,253,0,0,0,0,141,253,253,128,0,0,0,0,0,0,111,16,0,0,0,0,0,0,0,0,22,234,252,252,0,0,0,0,141,252,252,28,0,0,0,0,0,26,222,28,0,0,0,0,0,0,0,0,23,234,252,252,0,0,0,0,141,252,252,28,0,0,0,0,0,45,240,116,0,0,0,0,0,0,0,0,128,252,252,202,0,0,0,0,91,252,252,128,0,0,0,0,0,57,252,139,0,0,0,0,0,0,0,0,141,253,253,128,0,0,0,0,26,244,253,253,0,0,0,0,41,216,253,140,0,0,0,0,0,0,0,0,141,252,252,103,0,0,0,0,0,169,252,252,0,13,57,157,253,252,252,115,0,0,0,0,0,0,0,0,141,252,252,139,0,0,0,0,0,169,252,252,147,209,252,252,253,233,118,19,0,0,0,0,0,0,0,0,141,252,252,40,0,26,113,113,126,243,252,252,253,252,252,252,190,109,0,0,0,0,0,0,0,0,0,0,141,253,253,253,255,253,253,253,254,253,253,253,254,247,187,163,0,0,0,0,0,0,0,0,0,0,0,0,60,208,252,252,253,252,252,252,253,252,252,252,159,65,0,0,0,0,0,0,0,0,0,0,0,0,0,0,0,13,143,168,168,168,130,56,56,100,252,252,200,0,0,0,0,0,0,0,0,0,0,0,0,0,0,0,0,0,0,0,0,0,0,0,0,7,203,252,238,38,0,0,0,0,0,0,0,0,0,0,0,0,0,0,0,0,0,0,0,0,0,0,0,0,185,253,254,84,0,0,0,0,0,0,0,0,0,0,0,0,0,0,0,0,0,0,0,0,0,0,0,0,66,246,253,109,0,0,0,0,0,0,0,0,0,0,0,0,0,0,0,0,0,0,0,0,0,0,0,0,0,150,253,215,19,0,0,0,0,0,0,0,0,0,0,0,0,0,0,0,0,0,0,0,0,0,0,0,0,0,103,202,6,0,0,0,0,0,0,0,0,0,0,0,0,0,0,0,0,0,0,0,0,0,0,0,0,0,0,0,0,0,0,0,0,0,0,0,0,0,0,0,0,0,0,0,0,0,0,0,0,0,0,0,0,0,0,0,0,0,0,0,0,0,0,0,0,0,0,0,0,0,0,0,0,0,0,0,0,0,0,0,0,0,0,0,0,0,0,0,0,0,0,0
1,0,0,0,0,0,0,0,0,0,0,0,0,0,0,0,0,0,0,0,0,0,0,0,0,0,0,0,0,0,0,0,0,0,0,0,0,0,0,0,0,0,0,0,0,0,0,0,0,0,0,0,0,0,0,0,0,0,0,0,0,0,0,0,0,0,0,0,0,0,0,0,0,0,0,0,0,0,0,0,0,0,0,0,0,0,0,0,0,0,0,0,0,0,0,0,0,0,0,0,0,0,0,0,0,0,0,0,0,0,0,0,0,0,0,0,0,0,0,0,0,0,0,0,0,0,0,0,0,0,0,0,0,0,0,0,0,0,0,0,0,0,0,0,0,0,0,0,0,0,0,0,0,0,0,66,255,55,0,0,0,0,0,0,0,0,0,0,0,0,0,0,0,0,0,0,0,0,0,0,0,0,3,189,253,55,0,0,0,0,0,0,0,0,0,0,0,0,0,0,0,0,0,0,0,0,0,0,0,0,66,253,253,55,0,0,0,0,0,0,0,0,0,0,0,0,0,0,0,0,0,0,0,0,0,0,0,0,180,253,253,55,0,0,0,0,0,0,0,0,0,0,0,0,0,0,0,0,0,0,0,0,0,0,0,0,180,253,253,55,0,0,0,0,0,0,0,0,0,0,0,0,0,0,0,0,0,0,0,0,0,0,0,0,180,253,253,55,0,0,0,0,0,0,0,0,0,0,0,0,0,0,0,0,0,0,0,0,0,0,0,0,180,253,208,19,0,0,0,0,0,0,0,0,0,0,0,0,0,0,0,0,0,0,0,0,0,0,0,0,180,253,100,0,0,0,0,0,0,0,0,0,0,0,0,0,0,0,0,0,0,0,0,0,0,0,0,0,180,253,61,0,0,0,0,0,0,0,0,0,0,0,0,0,0,0,0,0,0,0,0,0,0,0,0,0,180,253,61,0,0,0,0,0,0,0,0,0,0,0,0,0,0,0,0,0,0,0,0,0,0,0,0,0,180,253,61,0,0,0,0,0,0,0,0,0,0,0,0,0,0,0,0,0,0,0,0,0,0,0,0,0,180,253,61,0,0,0,0,0,0,0,0,0,0,0,0,0,0,0,0,0,0,0,0,0,0,0,0,0,180,253,61,0,0,0,0,0,0,0,0,0,0,0,0,0,0,0,0,0,0,0,0,0,0,0,0,0,180,253,104,0,0,0,0,0,0,0,0,0,0,0,0,0,0,0,0,0,0,0,0,0,0,0,0,0,180,253,185,0,0,0,0,0,0,0,0,0,0,0,0,0,0,0,0,0,0,0,0,0,0,0,0,0,180,253,185,0,0,0,0,0,0,0,0,0,0,0,0,0,0,0,0,0,0,0,0,0,0,0,0,0,180,253,185,0,0,0,0,0,0,0,0,0,0,0,0,0,0,0,0,0,0,0,0,0,0,0,0,0,180,253,185,0,0,0,0,0,0,0,0,0,0,0,0,0,0,0,0,0,0,0,0,0,0,0,0,0,180,253,185,0,0,0,0,0,0,0,0,0,0,0,0,0,0,0,0,0,0,0,0,0,0,0,0,0,120,253,125,0,0,0,0,0,0,0,0,0,0,0,0,0,0,0,0,0,0,0,0,0,0,0,0,0,0,0,0,0,0,0,0,0,0,0,0,0,0,0,0,0,0,0,0,0,0,0,0,0,0,0,0,0,0,0,0,0,0,0,0,0,0,0,0,0,0,0,0,0,0,0,0,0,0,0,0,0,0,0,0,0,0,0,0,0,0,0,0,0,0,0,0,0,0,0,0
9,0,0,0,0,0,0,0,0,0,0,0,0,0,0,0,0,0,0,0,0,0,0,0,0,0,0,0,0,0,0,0,0,0,0,0,0,0,0,0,0,0,0,0,0,0,0,0,0,0,0,0,0,0,0,0,0,0,0,0,0,0,0,0,0,0,0,0,0,0,0,0,0,0,0,0,0,0,0,0,0,0,0,0,0,0,0,0,0,0,0,0,0,0,0,0,0,0,0,0,0,0,0,0,0,0,0,0,0,0,0,0,0,0,0,0,0,0,0,0,0,0,0,0,0,0,0,0,0,0,0,0,0,0,0,0,0,0,0,0,0,0,0,0,0,0,0,0,0,0,0,0,0,0,0,0,0,0,0,0,0,0,0,0,0,0,0,0,0,0,0,0,0,0,0,0,0,0,0,0,0,0,0,0,0,0,0,0,0,0,0,0,0,0,0,0,0,0,0,0,0,0,0,0,0,0,32,136,221,254,211,69,0,0,0,0,0,0,0,0,0,0,0,0,0,0,0,0,0,0,0,0,0,43,224,253,224,206,228,245,34,0,0,0,0,0,0,0,0,0,0,0,0,0,0,0,0,0,0,0,0,214,253,168,17,0,72,246,191,3,3,7,0,0,0,0,0,0,0,0,0,0,0,0,0,0,0,0,51,247,244,44,0,0,0,151,254,90,191,103,0,0,0,0,0,0,0,0,0,0,0,0,0,0,0,0,162,254,80,0,0,0,0,93,255,254,254,136,0,0,0,0,0,0,0,0,0,0,0,0,0,0,0,0,161,253,46,0,0,0,0,142,254,253,248,56,0,0,0,0,0,0,0,0,0,0,0,0,0,0,0,0,80,251,165,7,0,0,62,240,254,253,230,0,0,0,0,0,0,0,0,0,0,0,0,0,0,0,0,0,0,230,253,203,185,184,215,253,254,253,196,0,0,0,0,0,0,0,0,0,0,0,0,0,0,0,0,0,0,68,184,235,254,254,247,151,195,254,138,0,0,0,0,0,0,0,0,0,0,0,0,0,0,0,0,0,0,0,0,17,48,31,21,0,161,253,137,0,0,0,0,0,0,0,0,0,0,0,0,0,0,0,0,0,0,0,0,0,0,0,0,0,161,253,129,0,0,0,0,0,0,0,0,0,0,0,0,0,0,0,0,0,0,0,0,0,0,0,0,0,128,253,113,0,0,0,0,0,0,0,0,0,0,0,0,0,0,0,0,0,0,0,0,0,0,0,0,0,70,254,163,0,0,0,0,0,0,0,0,0,0,0,0,0,0,0,0,0,0,0,0,0,0,0,0,0,70,253,213,0,0,0,0,0,0,0,0,0,0,0,0,0,0,0,0,0,0,0,0,0,0,0,0,0,70,253,137,0,0,0,0,0,0,0,0,0,0,0,0,0,0,0,0,0,0,0,0,0,0,0,0,0,70,253,137,0,0,0,0,0,0,0,0,0,0,0,0,0,0,0,0,0,0,0,0,0,0,0,0,0,70,254,197,0,0,0,0,0,0,0,0,0,0,0,0,0,0,0,0,0,0,0,0,0,0,0,0,0,70,253,230,0,0,0,0,0,0,0,0,0,0,0,0,0,0,0,0,0,0,0,0,0,0,0,0,0,70,253,230,0,0,0,0,0,0,0,0,0,0,0,0,0,0,0,0,0,0,0,0,0,0,0,0,0,45,177,162,0,0,0,0,0,0,0,0,0,0,0,0,0,0,0,0,0,0,0,0,0,0,0,0,0,0,0,0,0,0,0,0,0,0,0,0,0,0
2,0,0,0,0,0,0,0,0,0,0,0,0,0,0,0,0,0,0,0,0,0,0,0,0,0,0,0,0,0,0,0,0,0,0,0,0,0,0,0,0,0,0,0,0,0,0,0,0,0,0,0,0,0,0,0,0,0,0,0,0,0,0,0,0,0,0,0,0,0,0,0,0,0,0,0,0,0,0,0,0,0,0,0,0,0,0,0,0,0,0,0,0,0,0,0,0,0,0,0,0,0,0,0,0,0,0,0,0,0,0,0,0,0,0,0,0,0,0,0,0,0,0,0,0,0,0,0,0,0,0,0,0,0,0,0,0,0,0,0,0,0,0,0,0,0,0,0,0,0,0,0,2,38,136,172,255,146,130,16,0,0,0,0,0,0,0,0,0,0,0,0,0,0,0,0,0,0,0,93,163,253,253,253,253,253,253,242,132,10,0,0,0,0,0,0,0,0,0,0,0,0,0,0,0,19,158,250,253,220,118,82,82,82,82,182,253,70,0,0,0,0,0,0,0,0,0,0,0,0,0,0,54,212,253,218,117,24,0,0,0,0,0,148,253,70,0,0,0,0,0,0,0,0,0,0,0,0,0,86,220,253,216,84,0,0,0,0,0,0,0,107,253,70,0,0,0,0,0,0,0,0,0,0,0,0,0,171,253,216,30,0,0,0,0,0,0,0,0,80,253,175,0,0,0,0,0,0,0,0,0,0,0,0,0,169,253,164,0,0,0,0,0,0,0,0,1,150,253,130,0,0,0,0,0,0,0,0,0,0,0,0,0,24,112,73,0,0,0,0,0,0,0,0,12,253,253,70,0,0,0,0,0,0,0,0,0,0,0,0,0,0,0,0,0,0,0,0,0,0,0,0,87,253,246,59,0,0,0,0,0,0,0,0,0,0,0,0,0,0,0,0,0,0,0,0,0,0,0,0,130,253,178,0,0,0,0,0,0,0,0,0,0,0,0,0,0,0,0,0,0,0,0,0,0,0,0,0,166,244,62,0,0,0,0,0,0,0,0,0,0,0,0,0,0,0,0,0,0,0,0,0,0,0,0,95,253,224,0,0,0,0,0,0,0,0,0,0,0,0,0,0,0,0,0,0,0,0,0,0,0,0,0,220,253,117,0,0,0,0,0,0,0,0,0,0,0,0,0,0,0,0,0,0,0,0,0,0,0,0,99,253,236,2,0,0,0,0,0,0,0,0,0,0,0,0,0,0,0,0,0,0,0,0,0,0,0,46,237,253,124,0,0,0,0,0,0,0,0,0,0,0,0,0,0,0,0,0,0,0,0,0,0,0,12,165,253,232,45,0,0,0,0,0,0,0,0,0,0,0,0,0,0,0,0,0,0,0,28,66,77,183,200,253,253,222,183,115,23,0,0,0,0,0,0,0,0,0,0,0,0,0,0,0,0,68,210,253,253,253,253,253,253,253,253,253,219,56,0,0,0,0,0,0,0,0,0,0,0,0,0,0,0,207,253,253,253,237,152,62,35,35,96,152,171,228,46,0,0,0,0,0,0,0,0,0,0,0,0,0,0,56,190,135,125,14,0,0,0,0,0,0,4,103,28,0,0,0,0,0,0,0,0,0,0,0,0,0,0,0,0,0,0,0,0,0,0,0,0,0,0,0,0,0,0,0,0,0,0,0,0,0,0,0,0,0,0,0,0,0,0,0,0,0,0,0,0,0,0,0,0,0,0,0,0,0,0,0,0,0,0,0,0,0,0,0,0,0,0,0,0,0,0,0,0,0,0,0,0,0,0,0,0,0,0
1,0,0,0,0,0,0,0,0,0,0,0,0,0,0,0,0,0,0,0,0,0,0,0,0,0,0,0,0,0,0,0,0,0,0,0,0,0,0,0,0,0,0,0,0,0,0,0,0,0,0,0,0,0,0,0,0,0,0,0,0,0,0,0,0,0,0,0,0,0,0,0,0,0,0,0,0,0,0,0,0,0,0,0,0,0,0,0,0,0,0,0,0,0,0,0,0,0,0,0,0,0,0,0,0,0,0,0,0,0,0,0,0,0,0,0,0,0,0,0,0,0,0,0,0,0,0,0,0,0,28,157,254,117,0,0,0,0,0,0,0,0,0,0,0,0,0,0,0,0,0,0,0,0,0,0,0,0,118,254,197,5,0,0,0,0,0,0,0,0,0,0,0,0,0,0,0,0,0,0,0,0,0,0,0,19,221,223,32,0,0,0,0,0,0,0,0,0,0,0,0,0,0,0,0,0,0,0,0,0,0,0,0,132,254,150,0,0,0,0,0,0,0,0,0,0,0,0,0,0,0,0,0,0,0,0,0,0,0,0,13,225,192,6,0,0,0,0,0,0,0,0,0,0,0,0,0,0,0,0,0,0,0,0,0,0,0,0,143,254,109,0,0,0,0,0,0,0,0,0,0,0,0,0,0,0,0,0,0,0,0,0,0,0,0,0,227,227,17,0,0,0,0,0,0,0,0,0,0,0,0,0,0,0,0,0,0,0,0,0,0,0,0,113,254,125,0,0,0,0,0,0,0,0,0,0,0,0,0,0,0,0,0,0,0,0,0,0,0,0,0,188,247,39,0,0,0,0,0,0,0,0,0,0,0,0,0,0,0,0,0,0,0,0,0,0,0,0,57,237,188,0,0,0,0,0,0,0,0,0,0,0,0,0,0,0,0,0,0,0,0,0,0,0,0,0,182,255,129,0,0,0,0,0,0,0,0,0,0,0,0,0,0,0,0,0,0,0,0,0,0,0,0,9,222,254,46,0,0,0,0,0,0,0,0,0,0,0,0,0,0,0,0,0,0,0,0,0,0,0,0,99,254,176,0,0,0,0,0,0,0,0,0,0,0,0,0,0,0,0,0,0,0,0,0,0,0,0,0,245,254,66,0,0,0,0,0,0,0,0,0,0,0,0,0,0,0,0,0,0,0,0,0,0,0,0,65,250,248,54,0,0,0,0,0,0,0,0,0,0,0,0,0,0,0,0,0,0,0,0,0,0,0,9,212,254,176,0,0,0,0,0,0,0,0,0,0,0,0,0,0,0,0,0,0,0,0,0,0,0,0,19,254,254,37,0,0,0,0,0,0,0,0,0,0,0,0,0,0,0,0,0,0,0,0,0,0,0,11,176,254,143,2,0,0,0,0,0,0,0,0,0,0,0,0,0,0,0,0,0,0,0,0,0,0,0,48,254,254,93,0,0,0,0,0,0,0,0,0,0,0,0,0,0,0,0,0,0,0,0,0,0,0,0,83,254,254,9,0,0,0,0,0,0,0,0,0,0,0,0,0,0,0,0,0,0,0,0,0,0,0,0,0,0,0,0,0,0,0,0,0,0,0,0,0,0,0,0,0,0,0,0,0,0,0,0,0,0,0,0,0,0,0,0,0,0,0,0,0,0,0,0,0,0,0,0,0,0,0,0,0,0,0,0,0,0,0,0,0,0,0,0,0,0,0,0,0,0,0,0,0,0,0,0,0,0,0,0,0,0,0,0,0,0,0,0,0,0,0,0,0,0,0,0,0,0,0,0,0,0,0,0,0,0,0
5,0,0,0,0,0,0,0,0,0,0,0,0,0,0,0,0,0,0,0,0,0,0,0,0,0,0,0,0,0,0,0,0,0,0,0,0,0,0,0,0,0,0,0,0,0,0,0,0,0,0,0,0,0,0,0,0,0,0,0,0,0,0,0,0,0,0,0,0,0,0,0,0,0,0,0,0,0,0,0,0,0,0,0,0,0,0,0,0,0,0,0,0,0,0,0,0,0,0,0,0,0,0,0,0,0,0,0,0,0,0,0,0,0,0,0,0,0,0,0,0,0,0,0,0,0,0,0,0,0,0,0,0,0,0,0,0,0,0,0,0,0,0,0,0,0,0,0,0,0,0,0,1,7,5,29,130,130,167,255,212,130,21,4,0,0,0,0,0,0,0,0,0,0,0,0,0,0,0,0,44,253,230,162,253,253,253,253,253,253,253,205,82,1,0,0,0,0,0,0,0,0,0,0,0,0,0,27,213,253,253,253,240,140,111,111,111,156,235,252,253,21,0,0,0,0,0,0,0,0,0,0,0,0,0,155,253,253,151,165,28,0,0,0,0,0,0,95,105,56,0,0,0,0,0,0,0,0,0,0,0,0,0,155,253,227,31,0,0,0,0,0,0,0,0,0,0,0,0,0,0,0,0,0,0,0,0,0,0,0,0,137,253,237,51,0,0,0,0,0,0,0,0,0,0,0,0,0,0,0,0,0,0,0,0,0,0,0,0,26,237,253,170,34,0,0,0,0,0,0,0,0,0,0,0,0,0,0,0,0,0,0,0,0,0,0,0,0,70,236,253,236,83,12,0,0,0,0,0,0,0,0,0,0,0,0,0,0,0,0,0,0,0,0,0,0,0,49,197,253,253,89,0,0,0,0,0,0,0,0,0,0,0,0,0,0,0,0,0,0,0,0,0,0,0,0,47,169,253,202,14,0,0,0,0,0,0,0,0,0,0,0,0,0,0,0,0,0,0,0,0,0,0,0,0,56,253,253,89,0,0,0,0,0,0,0,0,0,0,0,0,0,0,0,0,0,0,0,0,0,0,0,0,13,201,253,179,0,0,0,0,0,0,0,0,0,0,0,0,0,0,0,0,0,0,40,0,0,0,0,0,0,86,253,179,0,0,0,0,0,0,0,0,0,0,0,0,0,0,0,0,0,54,216,0,0,0,0,0,0,63,253,179,0,0,0,0,0,0,0,0,0,0,0,0,0,0,0,0,0,136,235,0,0,0,0,0,0,63,253,179,0,0,0,0,0,0,0,0,0,0,0,0,0,0,0,0,0,136,235,0,0,0,0,0,0,111,253,179,0,0,0,0,0,0,0,0,0,0,0,0,0,0,0,0,0,136,235,0,0,0,0,0,51,247,253,179,0,0,0,0,0,0,0,0,0,0,0,0,0,0,0,0,0,136,252,224,112,112,112,136,240,253,253,125,0,0,0,0,0,0,0,0,0,0,0,0,0,0,0,0,0,74,202,253,253,253,253,253,253,253,130,3,0,0,0,0,0,0,0,0,0,0,0,0,0,0,0,0,0,0,12,129,205,253,253,168,129,38,2,0,0,0,0,0,0,0,0,0,0,0,0,0,0,0,0,0,0,0,0,0,0,0,0,0,0,0,0,0,0,0,0,0,0,0,0,0,0,0,0,0,0,0,0,0,0,0,0,0,0,0,0,0,0,0,0,0,0,0,0,0,0,0,0,0,0,0,0,0,0,0,0,0,0,0,0,0,0,0,0,0,0,0,0,0,0,0,0,0,0,0,0,0,0,0
8,0,0,0,0,0,0,0,0,0,0,0,0,0,0,0,0,0,0,0,0,0,0,0,0,0,0,0,0,0,0,0,0,0,0,0,0,0,0,0,0,0,0,0,0,0,0,0,0,0,0,0,0,0,0,0,0,0,0,0,0,0,0,0,0,0,0,0,0,0,0,0,0,0,0,0,0,0,0,0,0,0,0,0,0,0,0,0,0,0,0,0,0,0,0,0,0,0,0,0,0,0,0,0,0,0,0,0,0,0,0,0,0,0,0,0,0,0,0,0,0,0,0,0,0,0,0,0,0,0,0,0,0,0,0,0,0,0,0,0,0,0,0,0,0,0,0,0,0,0,92,152,254,253,254,172,152,51,0,0,0,0,0,0,0,0,0,0,0,0,0,0,0,0,0,0,21,142,233,252,253,212,253,252,253,232,183,102,0,0,0,0,0,0,0,0,0,0,0,0,0,0,0,0,72,253,254,91,0,0,0,0,21,142,234,253,123,0,0,0,0,0,0,0,0,0,0,0,0,0,0,0,152,252,213,10,0,0,0,0,0,0,51,192,243,40,0,0,0,0,0,0,0,0,0,0,0,0,0,0,92,253,203,0,0,0,0,0,0,0,0,102,254,151,0,0,0,0,0,0,0,0,0,0,0,0,0,0,51,252,243,40,0,0,0,0,0,0,0,20,172,151,0,0,0,0,0,0,0,0,0,0,0,0,0,0,51,253,254,131,0,0,0,0,0,0,0,0,92,71,0,0,0,0,0,0,0,0,0,0,0,0,0,0,10,91,253,252,142,20,0,0,0,0,0,0,71,10,0,0,0,0,0,0,0,0,0,0,0,0,0,0,0,0,163,243,254,151,0,21,152,30,0,0,0,0,0,0,0,0,0,0,0,0,0,0,0,0,0,0,0,0,0,122,253,232,142,162,253,50,0,0,0,0,0,0,0,0,0,0,0,0,0,0,0,0,0,0,0,0,0,0,21,162,254,253,203,0,0,0,0,0,0,0,0,0,0,0,0,0,0,0,0,0,0,0,0,0,0,0,0,20,253,252,243,40,0,0,0,0,0,0,0,0,0,0,0,0,0,0,0,0,0,0,0,0,0,0,0,102,254,213,173,213,173,10,0,0,0,0,0,0,0,0,0,0,0,0,0,0,0,0,0,0,0,0,0,183,233,30,10,172,253,172,123,0,0,0,0,0,0,0,0,0,0,0,0,0,0,0,0,0,0,0,113,253,183,0,0,0,123,243,132,10,0,0,0,0,0,0,0,0,0,0,0,0,0,0,0,0,0,0,152,252,61,0,0,0,0,40,172,91,0,0,0,0,0,0,0,0,0,0,0,0,0,0,0,0,0,0,152,253,123,0,0,0,0,0,82,223,234,30,0,0,0,0,0,0,0,0,0,0,0,0,0,0,0,0,92,192,243,122,0,0,0,0,0,142,253,50,0,0,0,0,0,0,0,0,0,0,0,0,0,0,0,0,0,41,123,223,254,213,193,152,173,253,255,50,0,0,0,0,0,0,0,0,0,0,0,0,0,0,0,0,0,0,0,20,50,131,151,192,213,171,151,30,0,0,0,0,0,0,0,0,0,0,0,0,0,0,0,0,0,0,0,0,0,0,0,0,0,0,0,0,0,0,0,0,0,0,0,0,0,0,0,0,0,0,0,0,0,0,0,0,0,0,0,0,0,0,0,0,0,0,0,0,0,0,0,0,0,0,0,0,0,0,0,0,0,0,0,0,0,0,0,0,0,0,0,0,0,0,0,0,0
7,0,0,0,0,0,0,0,0,0,0,0,0,0,0,0,0,0,0,0,0,0,0,0,0,0,0,0,0,0,0,0,0,0,0,0,0,0,0,0,0,0,0,0,0,0,0,0,0,0,0,0,0,0,0,0,0,0,0,0,0,0,0,0,0,0,0,0,0,0,0,0,0,0,0,0,0,0,0,0,0,0,0,0,0,0,0,0,0,0,0,0,0,0,0,0,0,0,0,0,0,0,0,0,0,0,0,0,0,0,0,0,0,0,0,0,0,0,0,0,0,0,0,0,0,0,0,0,0,0,0,0,0,0,0,0,0,0,0,0,0,0,0,0,0,0,0,0,0,0,20,206,247,191,122,6,0,0,0,0,0,0,0,0,0,0,0,0,0,0,0,0,0,0,0,0,0,0,41,253,253,253,254,139,0,0,0,0,0,0,0,0,0,0,0,0,0,0,0,0,0,0,0,0,0,0,5,40,159,159,254,186,10,0,0,0,0,0,0,0,0,0,0,0,0,0,0,0,0,0,0,0,0,0,0,0,0,0,254,253,69,0,0,0,0,0,0,0,0,0,0,0,0,0,0,0,0,0,0,0,0,0,0,0,0,0,148,253,159,0,0,0,0,0,0,0,0,0,0,0,0,0,0,0,0,0,0,0,0,0,0,0,0,0,32,244,229,29,0,0,0,0,0,0,0,0,0,0,0,0,0,0,0,0,0,0,0,0,0,0,0,0,0,149,253,39,0,0,0,0,0,0,0,0,0,0,0,0,0,0,0,0,0,0,0,0,0,0,0,0,0,108,253,39,0,0,0,0,0,0,0,0,0,0,0,0,0,0,0,0,0,0,0,0,0,0,0,0,0,108,253,39,0,0,0,0,0,0,0,0,0,0,0,0,0,0,0,0,0,0,0,0,0,0,0,0,0,108,253,39,0,0,0,0,0,0,0,0,0,0,0,0,0,0,0,0,0,0,0,0,0,0,0,0,0,242,254,40,0,0,0,0,0,0,0,0,0,0,0,0,0,0,0,0,0,0,0,0,0,0,0,0,0,241,253,39,0,0,0,0,0,0,0,0,0,0,0,0,0,0,0,0,0,0,0,0,0,0,0,0,45,246,218,25,0,0,0,0,0,0,0,0,0,0,0,0,0,0,0,0,0,0,0,0,0,0,0,0,234,253,159,0,0,0,0,0,0,0,0,0,0,0,0,0,0,0,0,0,0,0,0,0,0,0,0,0,254,253,159,0,0,0,0,0,0,0,0,0,0,0,0,0,0,0,0,0,0,0,0,0,0,0,0,0,254,253,61,0,0,0,0,0,0,0,0,0,0,0,0,0,0,0,0,0,0,0,0,0,0,0,0,0,255,253,97,0,0,0,0,0,0,0,0,0,0,0,0,0,0,0,0,0,0,0,0,0,0,0,0,0,183,253,26,0,0,0,0,0,0,0,0,0,0,0,0,0,0,0,0,0,0,0,0,0,0,0,0,0,247,253,26,0,0,0,0,0,0,0,0,0,0,0,0,0,0,0,0,0,0,0,0,0,0,0,0,0,121,253,26,0,0,0,0,0,0,0,0,0,0,0,0,0,0,0,0,0,0,0,0,0,0,0,0,0,0,0,0,0,0,0,0,0,0,0,0,0,0,0,0,0,0,0,0,0,0,0,0,0,0,0,0,0,0,0,0,0,0,0,0,0,0,0,0,0,0,0,0,0,0,0,0,0,0,0,0,0,0,0,0,0,0,0,0,0,0,0,0,0,0,0,0,0,0,0,0
0,0,0,0,0,0,0,0,0,0,0,0,0,0,0,0,0,0,0,0,0,0,0,0,0,0,0,0,0,0,0,0,0,0,0,0,0,0,0,0,0,0,0,0,0,0,0,0,0,0,0,0,0,0,0,0,0,0,0,0,0,0,0,0,0,0,0,0,0,0,0,0,0,0,0,0,0,0,0,0,0,0,0,0,0,0,0,0,0,0,0,0,0,0,0,0,0,0,0,0,0,0,0,0,0,0,0,0,0,0,0,0,0,0,0,0,0,0,0,0,0,0,0,0,0,0,154,178,53,29,26,0,0,0,0,0,0,0,0,0,0,0,0,0,0,0,0,0,0,0,0,0,0,151,253,252,252,252,244,144,13,0,0,0,0,0,0,0,0,0,0,0,0,0,0,0,0,0,0,0,104,246,253,252,252,252,253,252,209,22,0,0,0,0,0,0,0,0,0,0,0,0,0,0,0,0,0,26,222,252,253,252,252,252,253,252,252,78,0,0,0,0,0,0,0,0,0,0,0,0,0,0,0,0,0,57,253,253,163,0,0,51,176,244,253,253,63,0,0,0,0,0,0,0,0,0,0,0,0,0,0,0,7,150,252,252,88,0,0,0,0,94,252,252,138,0,0,0,0,0,0,0,0,0,0,0,0,0,0,0,66,252,252,214,0,0,0,0,0,38,234,252,225,0,0,0,0,0,0,0,0,0,0,0,0,0,0,0,141,252,252,139,0,0,0,0,0,0,22,228,238,38,0,0,0,0,0,0,0,0,0,0,0,0,0,63,255,253,106,0,0,0,0,0,0,0,0,226,254,84,0,0,0,0,0,0,0,0,0,0,0,0,0,138,253,214,19,0,0,0,0,0,0,0,0,225,247,65,0,0,0,0,0,0,0,0,0,0,0,0,0,225,253,158,0,0,0,0,0,0,0,0,29,234,225,0,0,0,0,0,0,0,0,0,0,0,0,0,0,225,241,47,0,0,0,0,0,0,0,0,185,252,175,0,0,0,0,0,0,0,0,0,0,0,0,0,86,253,226,0,0,0,0,0,0,0,4,128,253,253,101,0,0,0,0,0,0,0,0,0,0,0,0,0,85,252,225,0,0,0,0,0,0,0,104,252,252,227,0,0,0,0,0,0,0,0,0,0,0,0,0,0,85,252,225,0,0,0,0,0,0,126,229,252,252,52,0,0,0,0,0,0,0,0,0,0,0,0,0,0,10,228,250,125,0,0,0,26,150,249,253,227,103,3,0,0,0,0,0,0,0,0,0,0,0,0,0,0,0,214,255,228,141,141,141,216,253,253,251,125,0,0,0,0,0,0,0,0,0,0,0,0,0,0,0,0,0,88,253,252,252,252,253,252,252,252,125,0,0,0,0,0,0,0,0,0,0,0,0,0,0,0,0,0,0,0,165,252,252,252,253,252,252,77,0,0,0,0,0,0,0,0,0,0,0,0,0,0,0,0,0,0,0,0,16,103,139,190,190,115,28,3,0,0,0,0,0,0,0,0,0,0,0,0,0,0,0,0,0,0,0,0,0,0,0,0,0,0,0,0,0,0,0,0,0,0,0,0,0,0,0,0,0,0,0,0,0,0,0,0,0,0,0,0,0,0,0,0,0,0,0,0,0,0,0,0,0,0,0,0,0,0,0,0,0,0,0,0,0,0,0,0,0,0,0,0,0,0,0,0,0,0,0,0,0,0,0,0,0,0,0,0,0,0,0,0,0,0,0,0,0,0,0,0,0,0,0,0,0,0,0,0,0,0,0
2,0,0,0,0,0,0,0,0,0,0,0,0,0,0,0,0,0,0,0,0,0,0,0,0,0,0,0,0,0,0,0,0,0,0,0,0,0,0,0,0,0,0,0,0,0,0,0,0,0,0,0,0,0,0,0,0,0,0,0,0,0,0,0,0,0,0,0,0,0,0,0,0,0,0,0,0,0,0,0,0,0,0,0,0,0,0,0,0,0,0,0,0,0,0,2,127,255,102,14,0,0,0,0,0,0,0,0,0,0,0,0,0,0,0,0,0,0,0,0,0,0,0,44,253,253,253,186,16,0,0,0,0,0,0,0,0,0,0,0,0,0,0,0,0,0,0,0,0,0,0,214,252,250,253,253,189,7,0,0,0,0,0,0,0,0,0,0,0,0,0,0,0,0,0,0,0,0,0,226,124,35,158,253,253,81,0,0,0,0,0,0,0,0,0,0,0,0,0,0,0,0,0,0,0,0,0,55,0,0,12,224,253,158,0,0,0,0,0,0,0,0,0,0,0,0,0,0,0,0,0,0,0,0,0,0,0,0,0,40,228,233,4,0,0,0,0,0,0,0,0,0,0,0,0,0,0,0,0,0,0,0,0,0,0,0,0,0,200,253,86,0,0,0,0,0,0,0,0,0,0,0,0,0,0,0,0,0,0,0,0,0,0,0,0,0,86,248,123,0,0,0,0,0,0,0,0,0,0,0,0,0,0,0,0,0,0,0,0,0,0,0,0,0,0,185,223,24,0,0,0,0,0,0,0,0,0,0,0,0,0,0,0,0,0,0,0,0,0,0,0,0,0,199,241,38,0,0,0,0,0,0,0,0,0,0,0,0,0,0,0,0,0,0,0,0,0,0,0,0,34,244,194,0,0,0,0,0,0,0,0,0,0,0,0,0,0,0,0,0,0,0,0,0,0,0,0,0,93,253,138,0,0,0,0,0,0,0,0,0,0,0,0,0,0,0,0,0,0,0,0,29,49,0,0,0,118,248,66,0,0,0,0,0,0,0,0,0,0,0,0,0,0,0,0,0,0,0,0,161,244,206,159,159,243,232,0,0,0,0,0,0,0,0,0,0,0,0,0,0,0,0,0,0,0,0,0,227,253,253,253,253,253,232,0,0,0,0,0,0,0,0,0,0,0,0,0,0,0,0,0,0,0,0,0,227,253,253,253,253,253,232,0,0,0,0,0,0,0,0,0,0,0,0,0,0,0,0,0,0,0,0,0,227,253,253,253,253,253,241,79,0,0,0,0,0,0,0,0,0,0,0,0,0,0,0,0,0,0,0,0,167,253,253,253,233,233,253,252,74,2,0,0,0,0,0,0,0,0,0,0,0,0,0,0,0,0,0,0,36,142,207,182,27,67,249,253,253,87,0,0,0,0,0,0,0,0,0,0,0,0,0,0,0,0,0,0,0,0,13,3,0,0,44,217,212,22,0,0,0,0,0,0,0,0,0,0,0,0,0,0,0,0,0,0,0,0,0,0,0,0,0,0,0,0,0,0,0,0,0,0,0,0,0,0,0,0,0,0,0,0,0,0,0,0,0,0,0,0,0,0,0,0,0,0,0,0,0,0,0,0,0,0,0,0,0,0,0,0,0,0,0,0,0,0,0,0,0,0,0,0,0,0,0,0,0,0,0,0,0,0,0,0,0,0,0,0,0,0,0,0,0,0,0,0,0,0,0,0,0,0,0,0,0,0,0,0,0,0,0,0,0,0,0,0,0,0,0,0,0,0,0,0,0,0,0,0,0,0,0,0,0,0,0,0
4,0,0,0,0,0,0,0,0,0,0,0,0,0,0,0,0,0,0,0,0,0,0,0,0,0,0,0,0,0,0,0,0,0,0,0,0,0,0,0,0,0,0,0,0,0,0,0,0,0,0,0,0,0,0,0,0,0,0,0,0,0,0,0,0,0,0,0,0,0,0,0,0,0,0,0,0,0,0,0,0,0,0,0,0,0,0,0,0,0,0,0,0,0,0,0,0,0,0,0,0,0,0,0,0,0,0,0,0,0,0,0,0,0,0,0,0,0,0,0,0,0,0,0,0,0,0,0,0,0,0,0,0,0,0,0,0,0,0,0,0,0,0,0,0,254,252,252,83,0,0,0,0,0,0,0,0,0,0,0,0,0,0,0,0,0,0,0,0,0,0,0,0,252,250,250,83,0,0,0,0,0,0,0,0,0,0,0,0,0,0,0,0,0,0,0,0,0,0,0,0,252,250,250,83,0,0,0,0,0,0,0,43,127,127,21,0,0,0,0,0,0,0,0,0,0,0,0,0,252,250,250,83,0,0,0,0,0,0,169,196,250,250,181,0,0,0,0,0,0,0,0,0,0,0,0,0,252,250,250,83,0,0,0,0,0,0,252,250,250,250,250,0,0,0,0,0,0,0,0,0,0,0,0,0,254,252,252,252,76,0,0,0,0,0,254,252,252,252,252,36,0,0,0,0,0,0,0,0,0,0,0,0,252,250,250,250,250,0,0,0,0,0,182,250,250,250,250,210,0,0,0,0,0,0,0,0,0,0,0,0,146,250,250,250,250,0,0,0,0,0,148,250,250,250,250,210,0,0,0,0,0,0,0,0,0,0,0,0,14,138,250,250,250,0,0,0,0,0,252,250,250,250,250,210,0,0,0,0,0,0,0,0,0,0,0,0,0,14,146,250,250,177,0,0,0,0,252,250,250,250,250,246,139,0,0,0,0,0,0,0,0,0,0,0,0,0,107,239,252,254,182,43,43,43,255,252,252,252,252,255,167,0,0,0,0,0,0,0,0,0,0,0,0,0,0,112,237,252,250,250,250,250,252,250,250,250,250,238,111,0,0,0,0,0,0,0,0,0,0,0,0,0,0,0,105,252,250,250,250,250,252,250,250,250,250,231,84,0,0,0,0,0,0,0,0,0,0,0,0,0,0,0,0,83,83,167,250,250,252,250,250,250,250,252,166,0,0,0,0,0,0,0,0,0,0,0,0,0,0,0,0,0,0,21,41,41,41,41,146,250,250,252,166,0,0,0,0,0,0,0,0,0,0,0,0,0,0,0,0,0,0,0,0,0,0,0,128,252,252,255,252,146,14,0,0,0,0,0,0,0,0,0,0,0,0,0,0,0,0,0,0,0,0,0,127,250,250,252,250,250,138,85,0,0,0,0,0,0,0,0,0,0,0,0,0,0,0,0,0,0,0,0,63,209,250,252,250,250,250,250,0,0,0,0,0,0,0,0,0,0,0,0,0,0,0,0,0,0,0,0,0,56,223,252,250,250,250,250,0,0,0,0,0,0,0,0,0,0,0,0,0,0,0,0,0,0,0,0,0,0,34,76,250,144,41,41,0,0,0,0,0,0,0,0,0,0,0,0,0,0,0,0,0,0,0,0,0,0,0,0,0,0,0,0,0,0,0,0,0,0,0,0,0,0,0,0,0,0,0,0,0,0,0,0,0,0,0,0,0,0,0,0,0,0,0,0,0,0,0,0,0,0,0,0,0,0,0,0,0,0,0,0,0,0,0,0,0,0,0,0,0,0,0,0
4,0,0,0,0,0,0,0,0,0,0,0,0,0,0,0,0,0,0,0,0,0,0,0,0,0,0,0,0,0,0,0,0,0,0,0,0,0,0,0,0,0,0,0,0,0,0,0,0,0,0,0,0,0,0,0,0,0,0,0,0,0,0,0,0,0,0,0,0,0,0,0,0,0,0,0,0,0,0,0,0,0,0,0,0,0,0,0,0,0,0,0,0,0,0,0,0,0,0,0,0,0,0,0,0,0,0,0,0,0,0,0,0,0,0,0,0,0,0,0,0,0,0,0,0,0,0,0,0,0,0,0,0,0,0,0,0,0,0,0,0,0,0,0,0,0,0,0,0,0,0,5,163,142,10,0,0,0,0,0,0,0,0,0,0,0,0,0,0,0,0,0,0,0,0,0,0,0,0,68,253,253,37,0,0,0,0,0,0,0,0,0,0,0,0,0,0,0,0,0,0,0,0,0,0,0,0,186,253,230,22,0,0,0,0,0,0,0,0,0,0,0,0,0,0,0,0,0,0,0,0,0,0,0,60,237,253,196,0,0,0,0,0,0,0,0,0,0,0,0,0,0,0,0,0,0,0,0,0,0,0,0,141,253,253,57,0,0,0,0,0,0,0,0,0,0,0,0,0,0,0,0,0,0,0,0,0,0,0,0,141,253,183,2,0,0,0,0,0,76,57,0,0,0,0,0,0,0,0,0,0,0,0,0,0,0,0,0,141,253,168,0,0,0,0,0,70,228,239,33,0,0,0,0,0,0,0,0,0,0,0,0,0,0,0,0,141,253,168,0,0,0,0,100,230,253,253,47,0,0,0,0,0,0,0,0,0,0,0,0,0,0,0,0,141,253,209,102,99,99,217,249,253,253,219,24,0,0,0,0,0,0,0,0,0,0,0,0,0,0,0,0,54,235,253,253,253,253,254,253,253,253,112,0,0,0,0,0,0,0,0,0,0,0,0,0,0,0,0,0,0,49,210,254,254,254,255,254,254,206,7,0,0,0,0,0,0,0,0,0,0,0,0,0,0,0,0,0,0,0,10,49,111,28,87,253,253,94,0,0,0,0,0,0,0,0,0,0,0,0,0,0,0,0,0,0,0,0,0,0,0,0,66,253,249,50,0,0,0,0,0,0,0,0,0,0,0,0,0,0,0,0,0,0,0,0,0,0,0,0,128,253,215,0,0,0,0,0,0,0,0,0,0,0,0,0,0,0,0,0,0,0,0,0,0,0,0,0,159,253,132,0,0,0,0,0,0,0,0,0,0,0,0,0,0,0,0,0,0,0,0,0,0,0,0,0,159,253,56,0,0,0,0,0,0,0,0,0,0,0,0,0,0,0,0,0,0,0,0,0,0,0,0,0,159,253,56,0,0,0,0,0,0,0,0,0,0,0,0,0,0,0,0,0,0,0,0,0,0,0,0,0,70,253,77,0,0,0,0,0,0,0,0,0,0,0,0,0,0,0,0,0,0,0,0,0,0,0,0,0,10,219,160,0,0,0,0,0,0,0,0,0,0,0,0,0,0,0,0,0,0,0,0,0,0,0,0,0,0,97,250,63,0,0,0,0,0,0,0,0,0,0,0,0,0,0,0,0,0,0,0,0,0,0,0,0,0,0,0,0,0,0,0,0,0,0,0,0,0,0,0,0,0,0,0,0,0,0,0,0,0,0,0,0,0,0,0,0,0,0,0,0,0,0,0,0,0,0,0,0,0,0,0,0,0,0,0,0,0,0,0,0,0,0,0,0,0,0,0,0,0,0,0,0,0
3,0,0,0,0,0,0,0,0,0,0,0,0,0,0,0,0,0,0,0,0,0,0,0,0,0,0,0,0,0,0,0,0,0,0,0,0,0,0,0,0,0,0,0,0,0,0,0,0,0,0,0,0,0,0,0,0,0,0,0,0,0,0,0,0,0,0,0,0,0,0,0,0,0,0,0,0,0,0,0,0,0,0,0,0,0,0,0,0,0,0,0,0,0,0,0,0,0,0,0,0,0,0,0,0,0,0,0,0,0,0,0,0,0,0,0,0,0,0,0,0,0,0,0,0,0,0,0,0,0,0,0,0,0,0,0,0,0,0,0,0,0,0,0,0,0,0,0,0,77,182,255,178,168,96,14,0,0,0,0,0,0,0,0,0,0,0,0,0,0,0,0,0,0,0,0,179,253,254,254,254,254,254,251,138,16,0,0,0,0,0,0,0,0,0,0,0,0,0,0,0,0,0,50,250,235,130,95,95,139,180,216,254,197,16,0,0,0,0,0,0,0,0,0,0,0,0,0,0,0,0,0,12,10,0,0,0,0,0,20,91,254,56,0,0,0,0,0,0,0,0,0,0,0,0,0,0,0,0,0,0,0,0,0,0,0,0,0,35,254,56,0,0,0,0,0,0,0,0,0,0,0,0,0,0,0,0,0,0,0,0,0,0,0,0,30,204,254,56,0,0,0,0,0,0,0,0,0,0,0,0,0,0,0,0,0,0,0,0,0,0,0,10,212,254,198,25,0,0,0,0,0,0,0,0,0,0,0,0,0,0,0,0,0,0,0,0,0,0,10,174,254,170,24,0,0,0,0,0,0,0,0,0,0,0,0,0,0,0,0,0,0,0,0,0,0,90,215,254,129,7,0,0,0,0,0,0,0,0,0,0,0,0,0,0,0,0,0,0,0,0,0,25,199,249,246,123,7,0,0,0,0,0,0,0,0,0,0,0,0,0,0,0,0,0,0,0,0,0,168,236,254,254,246,182,139,126,57,22,0,0,0,0,0,0,0,0,0,0,0,0,0,0,0,0,0,0,175,219,219,219,219,219,190,219,247,224,114,9,0,0,0,0,0,0,0,0,0,0,0,0,0,0,0,0,0,0,0,0,0,0,0,0,41,159,254,145,9,0,0,0,0,0,0,0,0,0,0,0,0,0,0,0,0,0,0,0,0,0,0,0,0,6,128,247,144,0,0,0,0,0,0,0,0,0,0,0,0,0,0,0,0,0,0,0,0,0,0,0,0,0,0,146,242,7,0,0,0,0,0,0,0,0,0,0,0,0,0,0,0,0,0,0,0,0,0,0,0,0,0,18,254,73,0,0,0,0,0,0,0,0,0,0,0,0,0,0,0,0,0,0,0,0,0,0,0,0,2,89,253,69,0,0,0,0,0,0,0,0,0,0,0,0,25,92,74,9,7,0,0,0,0,0,0,4,118,254,147,0,0,0,0,0,0,0,0,0,0,0,0,0,0,48,157,243,237,177,131,91,91,91,130,211,252,149,21,0,0,0,0,0,0,0,0,0,0,0,0,0,0,0,0,20,101,167,183,254,254,254,254,186,67,0,0,0,0,0,0,0,0,0,0,0,0,0,0,0,0,0,0,0,0,0,0,0,0,0,0,0,0,0,0,0,0,0,0,0,0,0,0,0,0,0,0,0,0,0,0,0,0,0,0,0,0,0,0,0,0,0,0,0,0,0,0,0,0,0,0,0,0,0,0,0,0,0,0,0,0,0,0,0,0,0,0,0,0,0,0,0,0,0,0,0,0,0
6,0,0,0,0,0,0,0,0,0,0,0,0,0,0,0,0,0,0,0,0,0,0,0,0,0,0,0,0,0,0,0,0,0,0,0,0,0,0,0,0,0,0,0,0,0,0,0,0,0,0,0,0,0,0,0,0,0,0,0,0,0,0,0,0,0,0,11,158,254,154,0,0,0,0,0,0,0,0,0,0,0,0,0,0,0,0,0,0,0,0,0,0,0,0,115,254,224,150,28,0,0,0,0,0,0,0,0,0,0,0,0,0,0,0,0,0,0,0,0,0,0,11,221,247,52,0,0,0,0,0,0,0,0,0,0,0,0,0,0,0,0,0,0,0,0,0,0,0,0,171,254,179,0,0,0,0,0,0,0,0,0,0,0,0,0,0,0,0,0,0,0,0,0,0,0,0,28,237,248,55,0,0,0,0,0,0,0,0,0,0,0,0,0,0,0,0,0,0,0,0,0,0,0,0,137,254,133,0,0,0,0,0,0,0,0,0,0,0,0,0,0,0,0,0,0,0,0,0,0,0,0,0,228,254,44,0,0,0,0,0,0,0,0,0,22,15,0,0,0,0,0,0,0,0,0,0,0,0,0,5,230,254,44,0,0,0,0,0,0,0,4,139,243,226,53,0,0,0,0,0,0,0,0,0,0,0,0,62,254,222,12,0,0,0,0,0,0,3,151,254,254,254,148,0,0,0,0,0,0,0,0,0,0,0,0,92,254,210,0,0,0,0,0,0,0,123,254,238,178,254,88,0,0,0,0,0,0,0,0,0,0,0,0,149,254,153,0,0,0,0,0,0,74,249,238,55,150,254,61,0,0,0,0,0,0,0,0,0,0,0,0,149,254,146,0,0,0,0,0,0,182,254,146,28,237,204,2,0,0,0,0,0,0,0,0,0,0,0,0,149,254,149,0,0,0,0,0,0,246,254,32,127,254,139,0,0,0,0,0,0,0,0,0,0,0,0,0,58,248,210,0,0,0,0,0,120,253,180,14,218,246,81,0,0,0,0,0,0,0,0,0,0,0,0,0,0,228,248,38,0,0,0,0,167,254,105,144,254,173,0,0,0,0,0,0,0,0,0,0,0,0,0,0,0,216,254,163,8,0,0,0,209,254,198,249,220,38,0,0,0,0,0,0,0,0,0,0,0,0,0,0,0,66,250,254,164,27,27,27,254,254,254,254,114,0,0,0,0,0,0,0,0,0,0,0,0,0,0,0,0,0,99,236,254,254,254,254,255,254,254,144,159,100,0,0,0,0,0,0,0,0,0,0,0,0,0,0,0,0,0,58,139,224,245,245,251,254,254,254,234,51,0,0,0,0,0,0,0,0,0,0,0,0,0,0,0,0,0,0,0,0,0,0,52,218,254,205,50,0,0,0,0,0,0,0,0,0,0,0,0,0,0,0,0,0,0,0,0,0,0,0,0,0,0,0,0,0,0,0,0,0,0,0,0,0,0,0,0,0,0,0,0,0,0,0,0,0,0,0,0,0,0,0,0,0,0,0,0,0,0,0,0,0,0,0,0,0,0,0,0,0,0,0,0,0,0,0,0,0,0,0,0,0,0,0,0,0,0,0,0,0,0,0,0,0,0,0,0,0,0,0,0,0,0,0,0,0,0,0,0,0,0,0,0,0,0,0,0,0,0,0,0,0,0,0,0,0,0,0,0,0,0,0,0,0,0,0,0,0,0,0,0,0,0,0,0,0,0,0,0,0,0,0,0,0,0,0,0,0,0,0,0,0,0,0,0,0,0,0,0,0,0,0,0
8,0,0,0,0,0,0,0,0,0,0,0,0,0,0,0,0,0,0,0,0,0,0,0,0,0,0,0,0,0,0,0,0,0,0,0,0,0,0,0,0,0,0,0,0,0,0,0,0,0,0,0,0,0,0,0,0,0,0,0,0,0,0,0,0,0,0,0,0,0,0,0,0,0,0,0,0,0,0,0,0,0,0,0,0,0,0,0,0,0,0,0,0,0,0,0,0,0,0,0,0,0,0,0,0,0,0,0,0,0,0,0,0,0,0,0,0,0,0,0,0,0,0,0,0,0,0,0,0,0,0,0,0,0,0,0,0,0,0,0,0,0,0,0,0,0,0,0,0,0,2,127,254,254,255,255,143,30,0,0,0,0,0,0,0,0,0,0,0,0,0,0,0,0,0,0,0,57,176,253,253,253,253,253,253,212,15,0,0,0,0,0,0,0,0,0,0,0,0,0,0,0,0,3,89,245,253,252,211,139,163,252,253,253,51,0,0,0,0,0,0,0,0,0,0,0,0,0,0,0,0,114,253,253,253,186,0,0,0,200,253,253,214,25,0,0,0,0,0,0,0,0,0,0,0,0,0,0,0,114,253,253,129,25,0,0,0,51,207,253,253,208,26,0,0,0,0,0,0,0,0,0,0,0,0,0,0,114,253,253,174,5,0,0,0,0,23,213,253,253,81,0,0,0,0,0,0,0,0,0,0,0,0,0,0,47,253,253,253,127,33,0,0,0,14,221,253,248,65,0,0,0,0,0,0,0,0,0,0,0,0,0,0,2,92,253,253,253,233,91,0,0,106,253,253,189,0,0,0,0,0,0,0,0,0,0,0,0,0,0,0,0,4,56,234,253,253,245,56,17,230,253,247,18,0,0,0,0,0,0,0,0,0,0,0,0,0,0,0,0,0,0,48,222,241,253,253,253,253,253,87,0,0,0,0,0,0,0,0,0,0,0,0,0,0,0,0,0,0,0,0,23,78,207,253,253,253,228,67,0,0,0,0,0,0,0,0,0,0,0,0,0,0,0,0,0,0,0,0,0,0,23,253,253,253,253,248,19,0,0,0,0,0,0,0,0,0,0,0,0,0,0,0,0,0,0,0,0,0,17,253,253,228,253,253,208,54,0,0,0,0,0,0,0,0,0,0,0,0,0,0,0,0,0,0,0,0,105,253,253,40,142,253,253,168,0,0,0,0,0,0,0,0,0,0,0,0,0,0,0,0,0,0,0,0,125,253,165,1,3,139,252,251,99,0,0,0,0,0,0,0,0,0,0,0,0,0,0,0,0,0,0,0,125,253,161,0,0,0,244,253,150,0,0,0,0,0,0,0,0,0,0,0,0,0,0,0,0,0,0,0,35,253,238,13,0,0,244,253,194,2,0,0,0,0,0,0,0,0,0,0,0,0,0,0,0,0,0,0,17,253,253,203,249,249,253,253,136,0,0,0,0,0,0,0,0,0,0,0,0,0,0,0,0,0,0,0,5,159,253,253,253,253,253,177,13,0,0,0,0,0,0,0,0,0,0,0,0,0,0,0,0,0,0,0,0,8,123,201,228,145,133,12,0,0,0,0,0,0,0,0,0,0,0,0,0,0,0,0,0,0,0,0,0,0,0,0,0,0,0,0,0,0,0,0,0,0,0,0,0,0,0,0,0,0,0,0,0,0,0,0,0,0,0,0,0,0,0,0,0,0,0,0,0,0,0,0,0,0,0,0,0,0,0,0,0,0,0,0,0,0,0,0,0,0,0,0,0,0,0,0,0,0,0,0
8,0,0,0,0,0,0,0,0,0,0,0,0,0,0,0,0,0,0,0,0,0,0,0,0,0,0,0,0,0,0,0,0,0,0,0,0,0,0,0,0,0,0,0,0,0,0,0,0,0,0,0,0,0,0,0,0,0,0,0,0,0,0,0,0,0,0,0,0,0,0,0,0,0,0,0,0,0,0,0,0,0,0,0,0,0,0,0,0,0,0,0,0,0,0,0,0,0,0,0,0,0,0,0,0,0,0,0,0,0,0,0,0,0,0,0,0,0,0,0,0,0,0,0,0,0,0,0,0,0,0,0,0,0,0,0,0,0,0,0,0,0,0,0,0,0,0,0,0,0,0,0,0,0,0,0,0,0,0,0,0,0,0,0,0,0,0,0,0,0,0,0,0,0,0,0,0,0,0,0,61,148,201,253,209,148,69,39,0,0,0,0,0,0,0,0,0,0,0,0,0,0,0,0,0,0,22,173,253,252,252,252,252,253,252,238,64,0,0,0,0,0,0,0,0,0,0,0,0,0,0,0,0,11,202,252,253,252,251,160,82,144,238,252,247,188,62,0,0,0,0,0,0,0,0,0,0,0,0,0,0,22,252,226,227,252,160,0,0,0,28,142,252,252,239,113,0,0,0,0,0,0,0,0,0,0,0,0,0,22,252,59,148,252,126,0,0,0,0,4,42,218,253,168,0,0,0,0,0,0,0,0,0,0,0,0,0,18,222,42,148,253,188,0,0,0,0,0,0,168,254,168,0,0,0,0,0,0,0,0,0,0,0,0,0,0,16,11,69,252,231,0,0,0,0,8,155,242,253,132,0,0,0,0,0,0,0,0,0,0,0,0,0,0,0,0,22,212,251,130,0,22,136,234,252,244,152,5,0,0,0,0,0,0,0,0,0,0,0,0,0,0,0,0,0,85,252,231,169,253,252,247,162,49,0,0,0,0,0,0,0,0,0,0,0,0,0,0,0,0,0,0,0,14,236,252,252,253,217,91,0,0,0,0,0,0,0,0,0,0,0,0,0,0,0,0,0,0,0,0,8,157,253,253,253,150,0,0,0,0,0,0,0,0,0,0,0,0,0,0,0,0,0,0,0,0,0,0,123,252,252,252,252,141,0,0,0,0,0,0,0,0,0,0,0,0,0,0,0,0,0,0,0,0,0,9,245,252,171,47,232,232,41,0,0,0,0,0,0,0,0,0,0,0,0,0,0,0,0,0,0,0,0,176,253,196,7,0,185,253,168,0,0,0,0,0,0,0,0,0,0,0,0,0,0,0,0,0,0,0,0,211,253,80,0,0,18,253,203,9,0,0,0,0,0,0,0,0,0,0,0,0,0,0,0,0,0,0,38,236,150,0,0,0,0,255,253,21,0,0,0,0,0,0,0,0,0,0,0,0,0,0,0,0,0,0,16,221,106,0,0,0,116,253,224,14,0,0,0,0,0,0,0,0,0,0,0,0,0,0,0,0,0,0,0,211,206,22,75,197,249,253,159,0,0,0,0,0,0,0,0,0,0,0,0,0,0,0,0,0,0,0,0,211,253,252,252,252,252,154,21,0,0,0,0,0,0,0,0,0,0,0,0,0,0,0,0,0,0,0,0,79,253,252,252,182,147,18,0,0,0,0,0,0,0,0,0,0,0,0,0,0,0,0,0,0,0,0,0,0,0,0,0,0,0,0,0,0,0,0,0,0,0,0,0,0,0,0,0,0,0,0,0,0,0,0,0,0,0,0,0,0,0,0,0,0,0,0,0,0,0,0,0,0,0
2,0,0,0,0,0,0,0,0,0,0,0,0,0,0,0,0,0,0,0,0,0,0,0,0,0,0,0,0,0,0,0,0,0,0,0,0,0,0,0,0,0,0,0,0,0,0,0,0,0,0,0,0,0,0,0,0,0,0,0,0,0,0,0,0,0,0,0,0,0,0,0,12,197,55,0,0,0,0,0,0,0,0,0,0,0,0,0,0,0,0,0,0,0,0,0,0,0,0,0,41,254,218,27,0,0,0,0,0,0,0,0,0,0,0,0,0,0,0,0,0,0,0,0,0,0,0,0,108,254,254,159,5,0,0,0,0,0,0,0,0,0,0,0,0,0,0,0,0,0,0,0,0,0,0,0,45,252,169,254,111,0,0,0,0,0,0,0,0,0,0,0,0,0,0,0,0,0,0,0,0,0,0,0,29,78,17,209,205,4,0,0,0,0,0,0,0,0,0,0,0,0,0,0,0,0,0,0,0,0,0,0,0,0,0,123,254,70,0,0,0,0,0,0,0,0,0,0,0,0,0,0,0,0,0,0,0,0,0,0,0,0,0,22,240,125,0,0,0,0,0,0,0,0,0,0,0,0,0,0,0,0,0,0,0,0,0,0,0,0,0,0,233,125,0,0,0,0,0,0,0,0,0,0,0,0,0,0,0,0,0,0,0,0,0,0,0,0,0,0,212,125,0,0,0,0,0,0,0,0,0,0,0,0,0,0,0,0,0,0,0,0,0,0,0,0,0,0,222,125,0,0,0,0,0,0,0,0,0,0,0,0,0,0,0,0,0,0,0,0,0,0,0,0,0,67,251,114,0,0,0,0,0,0,0,0,0,0,0,0,0,0,0,0,0,0,0,0,0,0,0,0,6,164,225,21,0,0,0,0,0,0,0,0,0,0,0,0,0,0,1,84,184,154,38,1,0,0,0,0,115,254,110,0,0,0,0,0,0,0,0,0,0,0,0,0,0,0,36,254,254,254,254,155,10,0,0,30,197,181,8,0,0,0,0,0,0,0,0,0,0,0,0,0,0,0,92,254,246,9,153,250,200,28,59,224,209,41,0,0,0,0,0,0,0,0,0,0,0,0,0,0,0,0,76,254,176,0,0,125,248,237,250,182,37,0,0,0,0,0,0,0,0,0,0,0,0,0,0,0,0,0,36,254,127,0,66,130,240,254,242,21,0,0,0,0,0,0,0,0,0,0,0,0,0,0,0,0,0,0,7,161,253,206,254,248,180,215,254,113,0,0,0,0,0,0,0,0,0,0,0,0,0,0,0,0,0,0,0,6,128,151,127,48,0,8,206,230,39,0,0,0,0,0,0,0,0,0,0,0,0,0,0,0,0,0,0,0,0,0,0,0,0,0,32,173,202,3,0,0,0,0,0,0,0,0,0,0,0,0,0,0,0,0,0,0,0,0,0,0,0,0,0,0,0,0,0,0,0,0,0,0,0,0,0,0,0,0,0,0,0,0,0,0,0,0,0,0,0,0,0,0,0,0,0,0,0,0,0,0,0,0,0,0,0,0,0,0,0,0,0,0,0,0,0,0,0,0,0,0,0,0,0,0,0,0,0,0,0,0,0,0,0,0,0,0,0,0,0,0,0,0,0,0,0,0,0,0,0,0,0,0,0,0,0,0,0,0,0,0,0,0,0,0,0,0,0,0,0,0,0,0,0,0,0,0,0,0,0,0,0,0,0,0,0,0,0,0,0,0,0,0,0,0,0,0,0,0,0,0,0,0,0,0,0,0,0,0,0,0,0,0,0,0,0
4,0,0,0,0,0,0,0,0,0,0,0,0,0,0,0,0,0,0,0,0,0,0,0,0,0,0,0,0,0,0,0,0,0,0,0,0,0,0,0,0,0,0,0,0,0,0,0,0,0,0,0,0,0,0,0,0,0,0,0,0,0,0,0,0,0,0,0,0,0,0,0,0,0,0,0,0,0,0,0,0,0,0,0,0,0,0,0,0,0,0,0,0,0,0,0,0,0,0,0,0,0,0,0,0,0,0,0,0,0,0,0,0,0,0,0,0,0,0,0,0,0,0,0,0,0,0,0,0,0,0,0,0,0,0,0,0,0,0,0,0,0,0,0,0,0,0,0,0,0,0,0,0,0,0,0,0,0,0,0,0,0,0,0,0,0,0,0,0,0,0,0,0,0,0,0,0,0,0,0,0,60,170,52,0,0,0,0,0,0,0,0,0,0,0,0,0,0,0,0,0,0,0,0,0,0,0,0,15,141,253,235,0,32,4,0,0,0,0,0,0,0,0,0,0,0,0,0,0,0,0,0,0,0,0,11,194,249,250,36,0,91,191,138,2,0,0,0,0,0,0,0,0,0,0,0,0,0,0,0,0,0,27,157,253,250,106,0,0,134,253,253,30,0,0,0,0,0,0,0,0,0,0,0,0,0,0,0,0,0,193,254,253,128,0,0,0,134,253,227,12,0,0,0,0,0,0,0,0,0,0,0,0,0,0,0,0,150,254,251,106,0,0,0,0,187,254,209,0,0,0,0,0,0,0,0,0,0,0,0,0,0,0,0,0,154,253,231,11,0,0,0,8,219,253,235,18,0,0,0,0,0,0,0,0,0,0,0,0,0,0,0,0,20,230,254,202,116,90,90,131,253,253,224,133,156,91,0,0,0,0,0,0,0,0,0,0,0,0,0,0,0,57,148,253,253,253,253,254,253,253,253,253,254,145,0,0,0,0,0,0,0,0,0,0,0,0,0,0,0,0,4,47,56,65,104,254,253,253,218,134,74,6,0,0,0,0,0,0,0,0,0,0,0,0,0,0,0,0,0,0,0,0,53,255,254,243,18,0,0,0,0,0,0,0,0,0,0,0,0,0,0,0,0,0,0,0,0,0,0,0,75,254,253,181,0,0,0,0,0,0,0,0,0,0,0,0,0,0,0,0,0,0,0,0,0,0,0,0,145,254,253,63,0,0,0,0,0,0,0,0,0,0,0,0,0,0,0,0,0,0,0,0,0,0,0,8,212,254,253,15,0,0,0,0,0,0,0,0,0,0,0,0,0,0,0,0,0,0,0,0,0,0,0,45,253,254,178,2,0,0,0,0,0,0,0,0,0,0,0,0,0,0,0,0,0,0,0,0,0,0,0,98,254,255,89,0,0,0,0,0,0,0,0,0,0,0,0,0,0,0,0,0,0,0,0,0,0,0,0,120,253,238,21,0,0,0,0,0,0,0,0,0,0,0,0,0,0,0,0,0,0,0,0,0,0,0,0,190,253,153,0,0,0,0,0,0,0,0,0,0,0,0,0,0,0,0,0,0,0,0,0,0,0,0,0,194,253,79,0,0,0,0,0,0,0,0,0,0,0,0,0,0,0,0,0,0,0,0,0,0,0,0,0,128,209,23,0,0,0,0,0,0,0,0,0,0,0,0,0,0,0,0,0,0,0,0,0,0,0,0,0,0,0,0,0,0,0,0,0,0,0,0,0,0,0,0,0,0,0,0,0,0,0,0,0,0,0,0,0,0,0,0,0,0,0,0,0,0,0,0,0,0,0,0
0,0,0,0,0,0,0,0,0,0,0,0,0,0,0,0,0,0,0,0,0,0,0,0,0,0,0,0,0,0,0,0,0,0,0,0,0,0,0,0,0,0,0,0,0,0,0,0,0,0,0,0,0,0,0,0,0,0,0,0,0,0,0,0,0,0,0,0,0,0,0,0,0,0,0,0,0,0,0,0,0,0,0,0,0,0,0,0,0,0,0,0,0,0,0,0,12,192,118,18,13,0,0,0,0,0,0,0,0,0,0,0,0,0,0,0,0,0,0,0,0,0,0,82,204,254,254,254,224,111,4,0,0,0,0,0,0,0,0,0,0,0,0,0,0,0,0,0,0,16,151,245,254,249,181,165,217,254,180,29,0,0,0,0,0,0,0,0,0,0,0,0,0,0,0,0,0,105,254,254,254,197,0,0,20,164,248,216,64,0,0,0,0,0,0,0,0,0,0,0,0,0,0,0,86,243,254,217,153,113,0,0,0,0,190,254,235,31,0,0,0,0,0,0,0,0,0,0,0,0,0,16,207,254,217,30,15,13,0,0,0,0,13,200,254,193,0,0,0,0,0,0,0,0,0,0,0,0,1,152,254,253,107,0,0,0,0,0,0,0,0,12,200,252,71,0,0,0,0,0,0,0,0,0,0,0,18,254,254,172,0,0,0,0,0,0,0,0,0,0,30,254,195,5,0,0,0,0,0,0,0,0,0,0,18,254,254,65,0,0,0,0,0,0,0,0,0,0,11,199,254,128,0,0,0,0,0,0,0,0,0,0,18,254,254,65,0,0,0,0,0,0,0,0,0,0,0,73,238,230,25,0,0,0,0,0,0,0,0,0,110,254,238,45,0,0,0,0,0,0,0,0,0,0,0,0,184,254,71,0,0,0,0,0,0,0,0,0,137,254,156,0,0,0,0,0,0,0,0,0,0,0,0,0,184,254,153,0,0,0,0,0,0,0,0,0,137,254,135,0,0,0,0,0,0,0,0,0,0,0,0,0,184,254,198,8,0,0,0,0,0,0,0,0,76,254,228,34,0,0,0,0,0,0,0,0,0,0,0,0,68,254,254,17,0,0,0,0,0,0,0,0,18,254,254,133,0,0,0,0,0,0,0,0,0,0,0,0,135,254,243,15,0,0,0,0,0,0,0,0,15,236,254,196,31,0,0,0,0,0,0,0,0,0,0,0,184,254,153,0,0,0,0,0,0,0,0,0,0,60,233,254,230,79,3,0,0,0,0,0,0,0,8,88,235,254,153,0,0,0,0,0,0,0,0,0,0,0,117,233,254,254,204,135,84,84,84,84,84,144,208,254,254,227,48,0,0,0,0,0,0,0,0,0,0,0,0,60,236,254,254,254,254,254,254,254,254,254,254,254,181,48,0,0,0,0,0,0,0,0,0,0,0,0,0,0,14,67,191,202,254,255,254,255,254,249,122,17,5,0,0,0,0,0,0,0,0,0,0,0,0,0,0,0,0,0,0,0,0,0,0,0,0,0,0,0,0,0,0,0,0,0,0,0,0,0,0,0,0,0,0,0,0,0,0,0,0,0,0,0,0,0,0,0,0,0,0,0,0,0,0,0,0,0,0,0,0,0,0,0,0,0,0,0,0,0,0,0,0,0,0,0,0,0,0,0,0,0,0,0,0,0,0,0,0,0,0,0,0,0,0,0,0,0,0,0,0,0,0,0,0,0,0,0,0,0,0,0,0,0,0,0,0,0,0,0,0,0,0,0,0,0,0,0,0,0,0,0,0,0,0,0,0,0,0
5,0,0,0,0,0,0,0,0,0,0,0,0,0,0,0,0,0,0,0,0,0,0,0,0,0,0,0,0,0,0,0,0,0,0,0,0,0,0,0,0,0,0,0,0,0,0,0,0,0,0,0,0,0,0,0,0,0,0,0,0,0,0,0,0,0,0,0,0,0,0,0,0,0,0,0,0,0,0,0,0,0,0,0,0,0,0,0,0,0,0,0,0,0,0,0,0,0,0,0,0,0,0,0,0,0,0,0,0,0,0,0,0,0,0,0,0,0,0,0,0,0,0,0,0,0,0,0,0,0,0,0,0,0,0,0,0,0,0,0,0,0,0,0,0,0,0,0,0,0,0,0,0,0,0,0,0,0,0,0,0,0,0,0,0,0,0,0,0,0,0,0,0,0,0,0,0,0,0,0,0,0,0,0,0,0,0,0,0,3,67,67,67,0,0,0,0,0,0,0,0,0,0,0,0,46,209,18,0,0,0,0,0,0,9,100,137,211,252,252,209,0,0,0,0,0,0,0,0,0,45,224,173,27,166,42,23,23,71,133,209,242,243,252,252,242,163,87,6,0,0,0,0,0,0,0,0,22,226,252,230,0,141,248,252,252,252,253,252,252,252,216,159,46,0,0,0,0,0,0,0,0,0,0,0,72,252,252,248,198,183,239,252,252,214,165,135,55,55,19,0,0,0,0,0,0,0,0,0,0,0,0,0,148,252,252,247,217,93,21,21,21,12,0,0,0,0,0,0,0,0,0,0,0,0,0,0,0,0,0,0,253,252,209,68,0,0,0,0,0,0,0,0,0,0,0,0,0,0,0,0,0,0,0,0,0,0,0,0,220,252,252,218,163,78,44,78,54,34,78,78,78,37,0,0,0,0,0,0,0,0,0,0,0,0,0,0,96,252,252,252,252,252,238,252,243,234,253,252,252,236,148,111,10,0,0,0,0,0,0,0,0,0,0,0,0,78,153,220,220,246,253,253,253,239,255,253,253,253,253,253,249,125,9,0,0,0,0,0,0,0,0,0,0,0,0,0,0,60,77,77,125,43,77,77,77,182,186,238,252,252,162,9,0,0,0,0,0,0,0,0,0,0,0,0,0,0,0,0,0,0,0,0,0,0,0,34,192,252,252,33,0,0,0,0,0,0,0,0,0,0,0,0,0,0,0,0,0,0,0,0,0,0,0,0,74,252,252,33,0,0,0,0,0,0,0,0,0,0,0,0,0,0,0,0,0,0,0,0,0,0,0,0,145,252,252,33,0,0,0,0,0,0,0,0,0,0,0,0,0,0,0,0,0,0,0,0,0,0,20,175,248,252,153,7,0,0,0,0,0,0,0,0,0,0,0,0,0,0,0,39,195,169,232,154,164,231,236,252,252,207,6,0,0,0,0,0,0,0,0,0,0,0,0,0,0,0,0,0,107,160,209,208,225,252,252,237,155,39,0,0,0,0,0,0,0,0,0,0,0,0,0,0,0,0,0,0,0,0,0,0,26,66,66,43,0,0,0,0,0,0,0,0,0,0,0,0,0,0,0,0,0,0,0,0,0,0,0,0,0,0,0,0,0,0,0,0,0,0,0,0,0,0,0,0,0,0,0,0,0,0,0,0,0,0,0,0,0,0,0,0,0,0,0,0,0,0,0,0,0,0,0,0,0,0,0,0,0,0,0,0,0,0,0,0,0,0,0,0,0,0,0,0,0,0,0,0,0,0,0,0,0,0,0,0,0,0,0,0,0,0,0,0,0,0,0,0,0,0,0,0,0,0,0,0
0,0,0,0,0,0,0,0,0,0,0,0,0,0,0,0,0,0,0,0,0,0,0,0,0,0,0,0,0,0,0,0,0,0,0,0,0,0,0,0,0,0,0,0,0,0,0,0,0,0,0,0,0,0,0,0,0,0,0,0,0,0,0,0,0,0,0,0,0,0,0,0,0,0,0,0,0,0,0,0,0,0,0,0,0,0,0,0,0,0,0,0,0,0,0,0,0,0,0,0,0,0,0,0,0,0,0,0,0,0,0,0,0,0,0,0,0,0,0,0,0,0,0,0,0,0,0,0,0,0,0,0,0,0,0,0,0,0,0,0,0,0,0,0,0,0,0,0,0,0,0,0,0,0,169,174,114,75,0,0,0,0,0,0,0,0,0,0,0,0,0,0,0,0,0,0,0,0,0,0,29,194,243,252,253,243,50,0,0,0,0,0,0,0,0,0,0,0,0,0,0,0,0,0,0,0,0,26,200,252,252,252,253,252,100,19,0,0,0,0,0,0,0,0,0,0,0,0,0,0,0,0,0,0,0,207,252,252,252,252,253,252,252,84,0,0,0,0,0,0,0,0,0,0,0,0,0,0,0,0,0,0,0,253,252,252,252,252,253,252,252,177,63,0,0,0,0,0,0,0,0,0,0,0,0,0,0,0,0,0,63,255,253,253,253,253,255,253,253,253,253,0,0,0,0,0,0,0,0,0,0,0,0,0,0,0,0,10,178,253,252,252,242,167,253,252,252,252,252,226,72,0,0,0,0,0,0,0,0,0,0,0,0,0,0,29,252,253,252,252,114,0,222,252,220,252,252,253,167,0,0,0,0,0,0,0,0,0,0,0,0,0,0,123,252,253,252,252,84,0,38,209,68,196,252,253,167,0,0,0,0,0,0,0,0,0,0,0,0,0,0,169,252,253,252,220,37,0,0,0,0,169,252,253,167,0,0,0,0,0,0,0,0,0,0,0,0,0,0,170,253,255,253,56,0,0,0,0,26,207,253,255,168,0,0,0,0,0,0,0,0,0,0,0,0,0,0,169,252,253,252,103,0,0,0,0,104,252,252,253,167,0,0,0,0,0,0,0,0,0,0,0,0,0,0,169,252,253,252,195,0,0,0,19,209,252,252,253,136,0,0,0,0,0,0,0,0,0,0,0,0,0,0,153,252,253,252,233,72,0,92,196,252,252,252,253,27,0,0,0,0,0,0,0,0,0,0,0,0,0,0,29,252,253,252,252,239,140,253,252,252,252,252,112,12,0,0,0,0,0,0,0,0,0,0,0,0,0,0,0,141,255,253,253,253,253,255,253,253,253,190,0,0,0,0,0,0,0,0,0,0,0,0,0,0,0,0,0,15,206,252,252,252,252,253,252,252,179,12,0,0,0,0,0,0,0,0,0,0,0,0,0,0,0,0,0,0,25,122,252,252,252,253,233,86,19,0,0,0,0,0,0,0,0,0,0,0,0,0,0,0,0,0,0,0,0,76,230,252,252,253,151,0,0,0,0,0,0,0,0,0,0,0,0,0,0,0,0,0,0,0,0,0,0,0,25,189,112,112,12,0,0,0,0,0,0,0,0,0,0,0,0,0,0,0,0,0,0,0,0,0,0,0,0,0,0,0,0,0,0,0,0,0,0,0,0,0,0,0,0,0,0,0,0,0,0,0,0,0,0,0,0,0,0,0,0,0,0,0,0,0,0,0,0,0,0,0,0,0,0,0,0,0,0,0,0,0,0,0,0,0,0,0,0,0,0,0,0,0,0,0,0,0,0,0
4,0,0,0,0,0,0,0,0,0,0,0,0,0,0,0,0,0,0,0,0,0,0,0,0,0,0,0,0,0,0,0,0,0,0,0,0,0,0,0,0,0,0,0,0,0,0,0,0,0,0,0,0,0,0,0,0,0,0,0,0,0,0,0,0,0,0,0,0,0,0,0,0,0,0,0,0,0,0,0,0,0,0,0,0,0,0,0,0,0,0,0,0,0,0,0,0,0,0,0,0,0,0,0,0,0,0,0,0,0,0,0,0,0,0,0,0,0,0,0,0,0,0,0,0,0,0,0,0,0,0,0,0,0,0,0,0,0,0,0,0,0,0,0,0,0,0,0,0,0,0,0,117,128,0,0,0,0,0,0,0,0,0,0,0,0,0,0,0,0,0,0,0,0,0,0,0,0,0,0,191,117,0,0,0,0,0,8,72,0,0,0,0,0,0,0,0,0,0,0,0,0,0,0,0,0,0,3,203,48,0,0,0,0,0,79,174,0,0,0,0,0,0,0,0,0,0,0,0,0,0,0,0,0,0,16,254,48,0,0,0,0,0,188,85,0,0,0,0,0,0,0,0,0,0,0,0,0,0,0,0,0,0,66,244,33,0,0,0,0,45,232,11,0,0,0,0,0,0,0,0,0,0,0,0,0,0,0,0,0,0,126,168,0,0,0,0,0,103,161,0,0,0,0,0,0,0,0,0,0,0,0,0,0,0,0,0,0,0,175,142,0,0,0,0,0,187,76,0,0,0,0,0,0,0,0,0,0,0,0,0,0,0,0,0,0,0,175,142,0,0,0,0,26,206,6,0,0,0,0,0,0,0,0,0,0,0,0,0,0,0,0,0,0,0,175,142,0,0,0,0,52,206,0,0,0,0,0,0,0,0,0,0,0,0,0,0,0,0,0,0,0,0,175,142,0,0,0,5,181,206,0,0,0,0,0,0,0,0,0,0,0,0,0,0,0,0,0,0,0,0,175,143,0,0,0,26,255,98,0,0,0,0,0,0,0,0,0,0,0,0,0,0,0,0,0,0,0,0,175,202,0,0,10,200,240,27,0,0,0,0,0,0,0,0,0,0,0,0,0,0,0,0,0,0,0,0,175,248,54,0,159,61,222,0,0,0,0,0,0,0,0,0,0,0,0,0,0,0,0,0,0,0,0,0,106,254,183,178,68,116,177,0,0,0,0,0,0,0,0,0,0,0,0,0,0,0,0,0,0,0,0,0,16,234,254,95,1,195,73,0,0,0,0,0,0,0,0,0,0,0,0,0,0,0,0,0,0,0,0,0,0,120,120,10,0,239,0,0,0,0,0,0,0,0,0,0,0,0,0,0,0,0,0,0,0,0,0,0,0,0,0,0,0,239,0,0,0,0,0,0,0,0,0,0,0,0,0,0,0,0,0,0,0,0,0,0,0,0,0,0,65,199,0,0,0,0,0,0,0,0,0,0,0,0,0,0,0,0,0,0,0,0,0,0,0,0,0,0,100,90,0,0,0,0,0,0,0,0,0,0,0,0,0,0,0,0,0,0,0,0,0,0,0,0,0,0,159,55,0,0,0,0,0,0,0,0,0,0,0,0,0,0,0,0,0,0,0,0,0,0,0,0,0,0,0,0,0,0,0,0,0,0,0,0,0,0,0,0,0,0,0,0,0,0,0,0,0,0,0,0,0,0,0,0,0,0,0,0,0,0,0,0,0,0,0,0,0,0,0,0,0,0,0,0,0,0,0,0,0,0,0,0,0,0,0,0,0,0,0,0,0,0,0,0
4,0,0,0,0,0,0,0,0,0,0,0,0,0,0,0,0,0,0,0,0,0,0,0,0,0,0,0,0,0,0,0,0,0,0,0,0,0,0,0,0,0,0,0,0,0,0,0,0,0,0,0,0,0,0,0,0,0,0,0,0,0,0,0,0,0,0,0,0,0,0,0,0,0,0,0,0,0,0,0,0,0,0,0,0,0,0,0,0,0,0,0,0,0,0,0,0,0,0,0,0,0,0,0,0,0,0,0,0,0,0,0,0,0,0,0,0,0,0,0,0,0,0,0,0,0,0,0,0,0,0,0,0,0,0,0,0,0,0,0,0,0,0,0,0,0,0,0,0,0,0,0,0,0,0,0,0,114,62,0,0,0,0,0,0,0,0,0,0,0,0,0,0,0,0,0,0,0,0,0,0,0,0,0,0,81,210,0,0,0,0,0,0,0,0,0,0,0,0,0,0,0,0,0,0,0,0,0,0,0,0,0,0,68,235,27,0,0,0,0,0,0,0,0,0,0,0,0,0,0,0,0,0,0,0,0,50,100,0,0,0,32,237,54,0,0,0,0,0,0,0,0,0,0,0,0,0,0,0,0,0,0,0,0,177,94,0,0,0,0,217,54,0,0,0,0,0,0,0,0,0,0,0,0,0,0,0,0,0,0,0,73,254,36,0,0,0,0,218,54,0,0,0,0,0,0,0,0,0,0,0,0,0,0,0,0,0,0,0,125,202,3,0,0,0,32,238,54,0,0,0,0,0,0,0,0,0,0,0,0,0,0,0,0,0,0,14,241,166,0,0,0,0,55,253,54,0,0,0,0,0,0,0,0,0,0,0,0,0,0,0,0,0,0,91,254,241,122,109,77,19,69,240,35,0,0,0,0,0,0,0,0,0,0,0,0,0,0,0,0,0,0,124,254,253,253,253,253,254,253,253,196,181,98,0,0,0,0,0,0,0,0,0,0,0,0,0,0,0,0,182,255,254,254,254,254,255,254,254,126,59,0,0,0,0,0,0,0,0,0,0,0,0,0,0,0,0,0,45,109,108,108,37,18,109,210,134,4,0,0,0,0,0,0,0,0,0,0,0,0,0,0,0,0,0,0,0,0,0,0,0,0,0,235,114,0,0,0,0,0,0,0,0,0,0,0,0,0,0,0,0,0,0,0,0,0,0,0,0,0,6,237,36,0,0,0,0,0,0,0,0,0,0,0,0,0,0,0,0,0,0,0,0,0,0,0,0,0,73,253,36,0,0,0,0,0,0,0,0,0,0,0,0,0,0,0,0,0,0,0,0,0,0,0,0,0,73,254,36,0,0,0,0,0,0,0,0,0,0,0,0,0,0,0,0,0,0,0,0,0,0,0,0,0,106,253,36,0,0,0,0,0,0,0,0,0,0,0,0,0,0,0,0,0,0,0,0,0,0,0,0,0,150,253,36,0,0,0,0,0,0,0,0,0,0,0,0,0,0,0,0,0,0,0,0,0,0,0,0,0,163,253,36,0,0,0,0,0,0,0,0,0,0,0,0,0,0,0,0,0,0,0,0,0,0,0,0,0,163,253,36,0,0,0,0,0,0,0,0,0,0,0,0,0,0,0,0,0,0,0,0,0,0,0,0,0,0,0,0,0,0,0,0,0,0,0,0,0,0,0,0,0,0,0,0,0,0,0,0,0,0,0,0,0,0,0,0,0,0,0,0,0,0,0,0,0,0,0,0,0,0,0,0,0,0,0,0,0,0,0,0,0,0,0,0,0,0,0,0,0,0,0,0,0,0
7,0,0,0,0,0,0,0,0,0,0,0,0,0,0,0,0,0,0,0,0,0,0,0,0,0,0,0,0,0,0,0,0,0,0,0,0,0,0,0,0,0,0,0,0,0,0,0,0,0,0,0,0,0,0,0,0,0,0,0,0,0,0,0,0,0,0,0,0,0,0,0,0,0,0,0,0,0,0,0,0,0,0,0,0,0,0,0,0,0,0,0,0,0,0,0,0,0,0,0,0,0,0,0,0,0,0,0,0,0,0,0,0,0,0,0,0,0,0,0,0,0,0,0,0,0,0,0,0,0,0,0,0,0,0,0,0,0,0,0,0,0,0,0,0,0,0,0,0,0,0,0,0,0,0,0,0,0,0,0,0,0,0,0,0,0,0,0,0,0,0,0,0,0,68,156,183,148,148,113,22,0,0,0,0,0,0,0,0,0,0,0,0,0,0,0,0,0,0,0,0,0,190,252,252,252,253,252,212,64,0,0,0,0,0,0,0,0,0,0,0,0,0,0,0,0,0,0,0,36,242,252,252,252,253,252,252,247,232,216,162,179,197,100,0,0,0,0,0,0,0,0,0,0,0,0,0,0,99,194,252,252,253,252,252,252,252,253,252,252,252,252,0,0,0,0,0,0,0,0,0,0,0,0,0,0,0,13,147,235,253,252,252,252,252,253,252,252,252,252,89,0,0,0,0,0,0,0,0,0,0,0,0,0,0,0,0,45,107,106,106,106,194,150,71,233,253,253,124,0,0,0,0,0,0,0,0,0,0,0,0,0,0,0,0,0,0,0,0,0,0,0,0,232,252,252,211,0,0,0,0,0,0,0,0,0,0,0,0,0,0,0,0,0,0,0,0,0,0,0,78,251,252,252,158,0,0,0,0,0,0,0,0,0,0,0,0,0,0,0,0,0,0,0,0,0,0,0,85,252,252,226,35,0,0,0,0,0,0,0,0,0,0,0,0,0,0,0,0,0,124,211,211,185,194,212,225,252,252,191,89,0,0,0,0,0,0,0,0,0,0,0,0,0,0,0,0,0,148,253,253,253,253,255,253,253,253,253,255,253,245,67,0,0,0,0,0,0,0,0,0,0,0,0,0,0,55,196,252,252,252,253,252,252,252,252,253,252,252,110,0,0,0,0,0,0,0,0,0,0,0,0,0,0,0,7,29,126,214,253,252,252,252,244,253,245,231,42,0,0,0,0,0,0,0,0,0,0,0,0,0,0,0,0,0,0,0,183,252,252,183,49,84,56,35,0,0,0,0,0,0,0,0,0,0,0,0,0,0,0,0,0,0,0,0,148,252,252,172,0,0,0,0,0,0,0,0,0,0,0,0,0,0,0,0,0,0,0,0,0,0,0,0,148,253,241,80,0,0,0,0,0,0,0,0,0,0,0,0,0,0,0,0,0,0,0,0,0,0,0,0,148,252,231,0,0,0,0,0,0,0,0,0,0,0,0,0,0,0,0,0,0,0,0,0,0,0,0,0,148,252,231,0,0,0,0,0,0,0,0,0,0,0,0,0,0,0,0,0,0,0,0,0,0,0,0,0,148,252,231,0,0,0,0,0,0,0,0,0,0,0,0,0,0,0,0,0,0,0,0,0,0,0,0,0,87,147,223,0,0,0,0,0,0,0,0,0,0,0,0,0,0,0,0,0,0,0,0,0,0,0,0,0,0,0,0,0,0,0,0,0,0,0,0,0,0,0,0,0,0,0,0,0,0,0,0,0,0,0,0,0,0,0,0,0,0,0,0,0,0,0,0,0,0,0
9,0,0,0,0,0,0,0,0,0,0,0,0,0,0,0,0,0,0,0,0,0,0,0,0,0,0,0,0,0,0,0,0,0,0,0,0,0,0,0,0,0,0,0,0,0,0,0,0,0,0,0,0,0,0,0,0,0,0,0,0,0,0,0,0,0,0,0,0,0,0,0,0,0,0,0,0,0,0,0,0,0,0,0,0,0,0,0,0,0,0,0,0,0,0,0,0,0,0,0,0,0,0,0,0,0,0,0,0,0,0,0,0,0,0,0,0,0,0,0,0,0,0,0,0,0,0,0,0,0,0,0,0,0,0,0,0,0,0,0,0,0,0,0,0,0,0,0,0,0,0,0,0,0,0,0,0,0,0,0,0,0,0,0,0,0,0,0,0,0,0,0,0,0,0,0,0,0,0,0,0,40,192,254,220,254,212,22,0,0,0,0,0,0,0,0,0,0,0,0,0,0,0,0,0,0,0,3,70,239,254,254,217,221,254,179,3,0,0,0,0,0,0,0,0,0,0,0,0,0,0,0,0,0,20,150,254,248,153,56,0,9,171,254,96,0,0,0,0,0,0,0,0,0,0,0,0,0,0,0,0,23,143,254,169,35,0,0,0,0,35,197,206,0,0,0,0,0,0,0,0,0,0,0,0,0,0,0,0,94,254,166,6,0,0,0,0,0,0,13,15,0,0,0,0,0,0,0,0,0,0,0,0,0,0,0,15,238,215,9,0,0,0,0,0,0,0,0,4,54,13,0,0,0,0,0,0,0,0,0,0,0,0,0,104,254,109,0,0,0,0,0,0,0,0,0,79,254,229,7,0,0,0,0,0,0,0,0,0,0,0,0,104,254,18,0,0,0,0,0,0,0,0,67,243,254,182,4,0,0,0,0,0,0,0,0,0,0,0,0,104,254,167,116,29,29,29,99,124,207,217,241,254,192,11,0,0,0,0,0,0,0,0,0,0,0,0,0,31,187,254,254,254,254,254,254,254,254,254,254,236,54,0,0,0,0,0,0,0,0,0,0,0,0,0,0,0,0,18,95,95,95,95,95,36,0,105,254,183,0,0,0,0,0,0,0,0,0,0,0,0,0,0,0,0,0,0,0,0,0,0,0,0,0,153,242,61,0,0,0,0,0,0,0,0,0,0,0,0,0,0,0,0,0,0,0,0,0,0,0,0,72,241,174,0,0,0,0,0,0,0,0,0,0,0,0,0,0,0,0,0,0,0,0,0,0,0,0,45,244,219,28,0,0,0,0,0,0,0,0,0,0,0,0,0,0,0,0,0,0,0,0,0,0,0,0,153,254,150,0,0,0,0,0,0,0,0,0,0,0,0,0,0,0,0,0,0,0,0,0,0,0,0,0,202,237,49,0,0,0,0,0,0,0,0,0,0,0,0,0,0,0,0,0,0,0,0,0,0,0,0,99,255,149,0,0,0,0,0,0,0,0,0,0,0,0,0,0,0,0,0,0,0,0,0,0,0,0,7,203,254,66,0,0,0,0,0,0,0,0,0,0,0,0,0,0,0,0,0,0,0,0,0,0,0,0,189,254,152,4,0,0,0,0,0,0,0,0,0,0,0,0,0,0,0,0,0,0,0,0,0,0,0,0,217,218,25,0,0,0,0,0,0,0,0,0,0,0,0,0,0,0,0,0,0,0,0,0,0,0,0,0,0,0,0,0,0,0,0,0,0,0,0,0,0,0,0,0,0,0,0,0,0,0,0,0,0,0,0,0,0,0,0,0,0,0,0,0,0,0,0,0,0,0,0
3,0,0,0,0,0,0,0,0,0,0,0,0,0,0,0,0,0,0,0,0,0,0,0,0,0,0,0,0,0,0,0,0,0,0,0,0,0,0,0,0,0,0,0,0,0,0,0,0,0,0,0,0,0,0,0,0,0,0,0,0,0,0,0,0,0,0,0,0,0,0,0,0,0,0,0,0,0,0,0,0,0,0,0,0,0,0,0,0,0,0,0,0,0,0,0,0,0,0,0,0,0,0,0,0,0,0,0,0,0,0,0,0,0,0,0,0,0,0,0,0,0,0,0,0,0,0,0,0,0,0,0,0,0,0,0,0,0,0,0,0,0,0,0,0,0,0,0,0,0,20,121,128,253,255,197,121,19,0,0,0,0,0,0,0,0,0,0,0,0,0,0,0,0,0,91,107,205,242,252,252,252,253,252,252,242,50,0,0,0,0,0,0,0,0,0,0,0,0,0,0,145,226,248,252,252,252,192,158,158,159,158,242,252,172,0,0,0,0,0,0,0,0,0,0,0,0,0,0,197,252,184,172,74,39,15,0,0,0,34,235,252,185,0,0,0,0,0,0,0,0,0,0,0,0,0,0,23,53,8,0,0,0,0,0,0,0,142,252,252,150,0,0,0,0,0,0,0,0,0,0,0,0,0,0,0,0,0,0,0,0,0,0,0,118,249,252,164,14,0,0,0,0,0,0,0,0,0,0,0,0,0,0,0,0,0,0,0,0,0,0,22,253,252,237,33,0,0,0,0,0,0,0,0,0,0,0,0,0,0,0,0,0,0,0,0,0,3,105,208,253,252,168,5,0,0,0,0,0,0,0,0,0,0,0,0,0,0,0,0,0,0,0,0,24,158,252,252,253,252,252,163,112,4,0,0,0,0,0,0,0,0,0,0,0,0,0,0,0,0,0,0,111,252,252,252,253,252,252,252,252,164,42,0,0,0,0,0,0,0,0,0,0,0,0,0,0,0,0,0,111,253,183,63,0,57,133,235,253,253,161,44,0,0,0,0,0,0,0,0,0,0,0,0,0,0,0,0,2,13,6,0,0,0,0,11,146,252,252,219,0,0,0,0,0,0,0,0,0,0,0,0,0,0,0,0,0,0,0,0,0,0,0,0,7,144,252,225,0,0,0,0,0,0,0,0,0,0,0,0,0,0,0,0,0,0,0,0,0,0,0,0,0,9,185,248,90,0,0,0,0,0,0,0,0,0,0,0,0,0,0,0,0,0,0,0,0,0,0,0,0,78,236,245,78,0,0,0,0,0,0,0,0,0,0,0,0,0,0,138,157,0,0,0,0,0,0,0,78,235,252,225,0,0,0,0,0,0,0,0,0,0,0,0,0,0,0,186,218,15,0,0,0,0,15,153,236,252,245,120,0,0,0,0,0,0,0,0,0,0,0,0,0,0,0,186,252,193,160,160,161,160,194,252,252,232,120,0,0,0,0,0,0,0,0,0,0,0,0,0,0,0,0,179,252,252,252,252,253,252,252,241,203,28,0,0,0,0,0,0,0,0,0,0,0,0,0,0,0,0,0,26,119,132,252,252,253,126,119,19,0,0,0,0,0,0,0,0,0,0,0,0,0,0,0,0,0,0,0,0,0,0,0,0,0,0,0,0,0,0,0,0,0,0,0,0,0,0,0,0,0,0,0,0,0,0,0,0,0,0,0,0,0,0,0,0,0,0,0,0,0,0,0,0,0,0,0,0,0,0,0,0,0,0,0,0,0,0,0,0,0,0,0,0,0,0,0,0,0,0,0,0,0,0,0
4,0,0,0,0,0,0,0,0,0,0,0,0,0,0,0,0,0,0,0,0,0,0,0,0,0,0,0,0,0,0,0,0,0,0,0,0,0,0,0,0,0,0,0,0,0,0,0,0,0,0,0,0,0,0,0,0,0,0,0,0,0,0,0,0,0,0,0,0,0,0,0,0,0,0,0,0,0,0,0,0,0,0,0,0,0,0,0,0,0,0,0,0,0,0,0,0,0,0,0,0,0,0,0,0,0,0,0,0,0,0,0,0,0,0,0,0,0,0,0,0,0,0,0,0,0,0,0,0,0,0,0,0,0,0,0,0,0,0,0,0,0,0,0,0,0,0,0,0,0,0,0,0,0,0,0,0,0,0,0,0,0,0,0,0,0,0,0,0,0,0,0,0,0,0,0,0,0,0,0,0,0,0,0,0,0,0,0,0,0,0,0,0,0,0,0,0,0,0,0,0,0,0,0,0,0,0,0,0,0,0,0,0,0,0,0,0,0,0,0,0,0,0,0,0,0,0,0,0,0,0,0,0,0,0,11,132,254,213,0,0,0,0,0,0,0,0,31,132,255,151,0,0,0,0,0,0,0,0,0,0,0,0,213,252,253,212,0,0,0,0,0,0,0,82,233,252,253,232,0,0,0,0,0,0,0,0,0,21,113,193,254,213,123,0,0,0,0,0,0,21,92,253,255,233,82,0,0,0,0,0,0,0,0,0,0,102,253,252,213,10,0,0,0,0,0,0,21,203,253,252,91,30,0,0,0,0,0,0,0,0,0,0,92,233,254,233,41,0,0,0,0,0,0,0,173,253,254,172,0,0,0,0,0,0,0,0,0,0,0,0,152,252,131,30,0,0,0,0,0,0,0,123,253,252,91,10,0,0,0,0,0,0,0,0,0,0,0,0,234,253,62,0,0,0,0,0,0,0,214,253,254,233,41,0,0,0,0,0,0,0,0,0,0,0,0,0,152,252,183,0,0,0,0,0,0,123,253,252,131,30,0,0,0,0,0,0,0,0,0,0,0,0,0,0,0,142,254,172,132,51,31,31,132,253,254,91,0,0,0,0,0,0,0,0,0,0,0,0,0,0,0,0,0,61,213,252,253,252,193,192,253,252,233,30,0,0,0,0,0,0,0,0,0,0,0,0,0,0,0,0,0,0,21,102,102,142,113,233,244,162,0,0,0,0,0,0,0,0,0,0,0,0,0,0,0,0,0,0,0,0,0,0,0,0,92,252,203,0,0,0,0,0,0,0,0,0,0,0,0,0,0,0,0,0,0,0,0,0,0,0,0,0,193,131,183,0,0,0,0,0,0,0,0,0,0,0,0,0,0,0,0,0,0,0,0,0,0,0,0,123,253,192,20,0,0,0,0,0,0,0,0,0,0,0,0,0,0,0,0,0,0,0,0,0,0,0,0,203,142,0,0,0,0,0,0,0,0,0,0,0,0,0,0,0,0,0,0,0,0,0,0,0,0,0,0,81,20,0,0,0,0,0,0,0,0,0,0,0,0,0,0,0,0,0,0,0,0,0,0,0,0,0,0,0,0,0,0,0,0,0,0,0,0,0,0,0,0,0,0,0,0,0,0,0,0,0,0,0,0,0,0,0,0,0,0,0,0,0,0,0,0,0,0,0,0,0,0,0,0,0,0,0,0,0,0,0,0,0,0,0,0,0,0,0,0,0,0,0,0,0,0,0,0,0,0,0,0,0,0,0,0,0,0,0,0,0,0,0,0,0,0,0,0,0,0,0,0,0,0,0,0,0,0,0
1,0,0,0,0,0,0,0,0,0,0,0,0,0,0,0,0,0,0,0,0,0,0,0,0,0,0,0,0,0,0,0,0,0,0,0,0,0,0,0,0,0,0,0,0,0,0,0,0,0,0,0,0,0,0,0,0,0,0,0,0,0,0,0,0,0,0,0,0,0,0,0,0,0,0,0,0,0,0,0,0,0,0,0,0,0,0,0,0,0,0,0,0,0,0,0,0,0,0,0,0,0,0,0,0,0,0,0,0,0,0,0,0,0,0,0,0,0,0,0,0,0,0,0,0,0,0,0,149,211,7,0,0,0,0,0,0,0,0,0,0,0,0,0,0,0,0,0,0,0,0,0,0,0,0,0,253,252,69,0,0,0,0,0,0,0,0,0,0,0,0,0,0,0,0,0,0,0,0,0,0,0,0,0,253,252,69,0,0,0,0,0,0,0,0,0,0,0,0,0,0,0,0,0,0,0,0,0,0,0,0,0,253,214,13,0,0,0,0,0,0,0,0,0,0,0,0,0,0,0,0,0,0,0,0,0,0,0,0,53,253,206,0,0,0,0,0,0,0,0,0,0,0,0,0,0,0,0,0,0,0,0,0,0,0,0,0,116,255,196,0,0,0,0,0,0,0,0,0,0,0,0,0,0,0,0,0,0,0,0,0,0,0,0,0,116,253,92,0,0,0,0,0,0,0,0,0,0,0,0,0,0,0,0,0,0,0,0,0,0,0,0,0,116,247,67,0,0,0,0,0,0,0,0,0,0,0,0,0,0,0,0,0,0,0,0,0,0,0,0,0,210,230,0,0,0,0,0,0,0,0,0,0,0,0,0,0,0,0,0,0,0,0,0,0,0,0,0,0,230,230,0,0,0,0,0,0,0,0,0,0,0,0,0,0,0,0,0,0,0,0,0,0,0,0,0,93,253,231,0,0,0,0,0,0,0,0,0,0,0,0,0,0,0,0,0,0,0,0,0,0,0,0,0,114,252,209,0,0,0,0,0,0,0,0,0,0,0,0,0,0,0,0,0,0,0,0,0,0,0,0,0,207,252,116,0,0,0,0,0,0,0,0,0,0,0,0,0,0,0,0,0,0,0,0,0,0,0,0,0,207,252,116,0,0,0,0,0,0,0,0,0,0,0,0,0,0,0,0,0,0,0,0,0,0,0,0,64,248,252,11,0,0,0,0,0,0,0,0,0,0,0,0,0,0,0,0,0,0,0,0,0,0,0,0,70,253,190,0,0,0,0,0,0,0,0,0,0,0,0,0,0,0,0,0,0,0,0,0,0,0,0,0,142,252,137,0,0,0,0,0,0,0,0,0,0,0,0,0,0,0,0,0,0,0,0,0,0,0,0,0,184,252,137,0,0,0,0,0,0,0,0,0,0,0,0,0,0,0,0,0,0,0,0,0,0,0,0,0,184,252,137,0,0,0,0,0,0,0,0,0,0,0,0,0,0,0,0,0,0,0,0,0,0,0,0,0,101,232,85,0,0,0,0,0,0,0,0,0,0,0,0,0,0,0,0,0,0,0,0,0,0,0,0,0,0,0,0,0,0,0,0,0,0,0,0,0,0,0,0,0,0,0,0,0,0,0,0,0,0,0,0,0,0,0,0,0,0,0,0,0,0,0,0,0,0,0,0,0,0,0,0,0,0,0,0,0,0,0,0,0,0,0,0,0,0,0,0,0,0,0,0,0,0,0,0,0,0,0,0,0,0,0,0,0,0,0,0,0,0,0,0,0,0,0,0,0,0,0,0,0,0,0,0,0
5,0,0,0,0,0,0,0,0,0,0,0,0,0,0,0,0,0,0,0,0,0,0,0,0,0,0,0,0,0,0,0,0,0,0,0,0,0,0,0,0,0,0,0,0,0,0,0,0,0,0,0,0,0,0,0,0,0,0,0,0,0,0,0,0,0,0,0,0,0,0,0,0,0,0,0,0,0,0,0,0,0,0,0,0,0,0,0,0,0,0,0,0,0,0,0,0,0,0,0,0,0,0,0,0,0,0,0,0,0,0,0,0,0,0,0,0,0,0,0,0,0,0,0,0,0,0,0,0,0,0,0,0,0,0,0,0,0,0,0,0,0,0,0,0,0,0,0,0,0,0,0,21,117,124,112,113,150,154,183,183,183,190,255,196,17,0,0,0,0,0,0,0,0,0,0,0,0,0,0,132,254,254,254,254,254,254,254,254,252,247,247,237,27,0,0,0,0,0,0,0,0,0,0,0,0,0,24,209,254,241,207,206,188,184,135,135,65,0,0,0,0,0,0,0,0,0,0,0,0,0,0,0,0,19,168,254,54,18,0,0,0,0,0,0,0,0,0,0,0,0,0,0,0,0,0,0,0,0,0,0,0,70,254,224,6,0,54,54,54,22,0,0,0,0,0,0,0,0,0,0,0,0,0,0,0,0,0,0,2,156,254,154,142,225,254,254,254,200,97,2,0,0,0,0,0,0,0,0,0,0,0,0,0,0,0,0,15,254,254,254,254,254,245,210,238,254,254,133,0,0,0,0,0,0,0,0,0,0,0,0,0,0,0,0,120,254,254,254,251,106,10,3,8,170,254,236,0,0,0,0,0,0,0,0,0,0,0,0,0,0,0,45,243,254,254,218,64,0,0,0,0,23,254,246,30,0,0,0,0,0,0,0,0,0,0,0,0,0,0,109,254,254,208,36,0,0,0,0,0,11,254,254,54,0,0,0,0,0,0,0,0,0,0,0,0,0,5,60,237,236,53,0,0,0,0,0,0,54,254,254,53,0,0,0,0,0,0,0,0,0,0,0,0,0,163,124,4,16,0,0,0,0,0,0,0,154,254,236,0,0,0,0,0,0,0,0,0,0,0,0,0,28,241,62,0,0,0,0,0,0,0,0,2,199,254,189,0,0,0,0,0,0,0,0,0,0,0,0,0,112,247,0,0,0,0,0,0,0,0,0,113,254,254,59,0,0,0,0,0,0,0,0,0,0,0,0,0,112,226,0,0,0,0,0,0,0,0,54,229,254,191,8,0,0,0,0,0,0,0,0,0,0,0,0,0,112,248,15,0,0,0,0,0,0,35,221,254,251,47,0,0,0,0,0,0,0,0,0,0,0,0,0,0,18,226,143,3,0,0,0,0,61,224,254,250,98,0,0,0,0,0,0,0,0,0,0,0,0,0,0,0,0,132,254,164,51,0,34,162,246,254,253,97,0,0,0,0,0,0,0,0,0,0,0,0,0,0,0,0,0,5,165,251,252,247,251,254,254,249,98,0,0,0,0,0,0,0,0,0,0,0,0,0,0,0,0,0,0,0,0,40,126,188,254,225,142,35,0,0,0,0,0,0,0,0,0,0,0,0,0,0,0,0,0,0,0,0,0,0,0,0,0,0,0,0,0,0,0,0,0,0,0,0,0,0,0,0,0,0,0,0,0,0,0,0,0,0,0,0,0,0,0,0,0,0,0,0,0,0,0,0,0,0,0,0,0,0,0,0,0,0,0,0,0,0,0,0,0,0,0,0,0,0,0,0,0,0,0,0,0,0,0,0,0
9,0,0,0,0,0,0,0,0,0,0,0,0,0,0,0,0,0,0,0,0,0,0,0,0,0,0,0,0,0,0,0,0,0,0,0,0,0,0,0,0,0,0,0,0,0,0,0,0,0,0,0,0,0,0,0,0,0,0,0,0,0,0,0,0,0,0,0,0,0,0,0,0,0,0,0,0,0,0,0,0,0,0,0,0,0,0,0,0,0,0,0,0,0,0,0,0,0,0,0,0,0,0,0,0,0,0,0,0,0,0,0,0,0,0,0,0,0,0,0,0,0,0,0,0,0,0,0,0,0,0,0,0,0,0,0,0,0,0,0,0,0,0,0,0,0,0,0,0,0,0,0,0,19,87,161,229,255,254,129,0,0,0,0,0,0,0,0,0,0,0,0,0,0,0,0,0,0,0,5,80,237,253,253,253,254,253,251,63,0,0,0,0,0,0,0,0,0,0,0,0,0,0,0,0,0,30,195,253,254,248,221,171,163,251,253,69,0,0,0,0,0,0,0,0,0,0,0,0,0,0,0,0,26,214,253,253,169,56,0,0,0,230,253,103,0,0,0,0,0,0,0,0,0,0,0,0,0,0,0,0,187,254,247,118,0,0,0,0,0,231,254,161,0,0,0,0,0,0,0,0,0,0,0,0,0,0,0,85,254,253,145,0,0,0,0,0,38,243,253,211,0,0,0,0,0,0,0,0,0,0,0,0,0,0,0,168,254,223,42,0,0,0,0,0,70,253,253,210,0,0,0,0,0,0,0,0,0,0,0,0,0,0,0,184,254,115,0,0,0,0,0,0,170,253,253,128,0,0,0,0,0,0,0,0,0,0,0,0,0,0,24,254,254,115,0,0,0,0,0,85,254,254,254,69,0,0,0,0,0,0,0,0,0,0,0,0,0,0,57,253,254,115,0,0,0,26,164,247,254,253,164,6,0,0,0,0,0,0,0,0,0,0,0,0,0,0,13,221,254,177,74,57,141,232,253,253,254,253,46,0,0,0,0,0,0,0,0,0,0,0,0,0,0,0,0,184,254,253,253,253,254,253,177,228,254,236,29,0,0,0,0,0,0,0,0,0,0,0,0,0,0,0,0,0,151,184,184,184,160,76,15,229,254,148,0,0,0,0,0,0,0,0,0,0,0,0,0,0,0,0,0,0,0,0,0,0,0,0,24,253,254,31,0,0,0,0,0,0,0,0,0,0,0,0,0,0,0,0,0,0,0,0,0,0,0,0,99,253,254,23,0,0,0,0,0,0,0,0,0,0,0,0,0,0,0,0,0,0,0,0,0,0,0,0,149,253,203,6,0,0,0,0,0,0,0,0,0,0,0,0,0,0,0,0,0,0,0,0,0,0,0,0,208,254,185,0,0,26,51,0,0,0,0,0,0,0,0,0,0,0,0,0,0,0,0,0,0,0,0,0,207,253,248,63,89,214,248,21,0,0,0,0,0,0,0,0,0,0,0,0,0,0,0,0,0,0,0,0,157,253,254,253,253,236,146,4,0,0,0,0,0,0,0,0,0,0,0,0,0,0,0,0,0,0,0,0,15,228,254,253,135,19,0,0,0,0,0,0,0,0,0,0,0,0,0,0,0,0,0,0,0,0,0,0,0,0,0,0,0,0,0,0,0,0,0,0,0,0,0,0,0,0,0,0,0,0,0,0,0,0,0,0,0,0,0,0,0,0,0,0,0,0,0,0,0,0,0,0,0,0,0,0,0,0,0,0,0,0,0,0,0,0,0,0,0,0,0,0,0,0,0,0,0,0
7,0,0,0,0,0,0,0,0,0,0,0,0,0,0,0,0,0,0,0,0,0,0,0,0,0,0,0,0,0,0,0,0,0,0,0,0,0,0,0,0,0,0,0,0,0,0,0,0,0,0,0,0,0,0,0,0,0,0,0,0,0,0,0,0,0,0,0,0,0,0,0,0,0,0,0,0,0,0,0,0,0,0,0,0,0,0,0,0,0,0,0,0,0,0,0,0,0,0,0,0,0,0,0,0,0,0,0,0,0,0,0,0,0,0,0,0,0,0,0,0,0,0,0,0,0,0,0,0,0,0,0,0,0,0,0,0,0,0,0,0,0,0,0,0,0,0,0,0,53,73,73,11,32,73,73,176,208,163,163,85,0,0,0,0,0,0,0,0,0,0,0,0,0,0,0,0,142,215,253,238,243,253,238,179,108,179,237,249,69,0,0,0,0,0,0,0,0,0,0,0,0,0,0,0,0,11,36,36,36,36,26,0,0,0,181,243,60,0,0,0,0,0,0,0,0,0,0,0,0,0,0,0,0,0,0,0,0,0,0,0,0,8,212,110,0,0,0,0,0,0,0,0,0,0,0,0,0,0,0,0,0,0,0,0,0,0,0,0,0,116,253,26,0,0,0,0,0,0,0,0,0,0,0,0,0,0,0,0,0,0,0,0,0,0,0,0,24,234,105,0,0,0,0,0,0,0,0,0,0,0,0,0,0,0,0,0,0,0,0,0,0,0,0,0,172,216,5,0,0,0,0,0,0,0,0,0,0,0,0,0,0,0,0,0,0,0,0,0,0,0,0,60,248,67,0,0,0,0,0,0,0,0,0,0,0,0,0,0,0,0,0,0,0,0,0,0,0,0,0,216,231,31,0,0,0,0,0,0,0,0,0,0,0,0,0,0,0,0,0,0,0,0,0,0,0,0,85,248,94,0,0,0,0,0,0,0,0,0,0,0,0,0,0,0,0,0,0,0,0,0,0,0,0,27,255,254,36,0,0,0,0,0,0,0,0,0,0,0,0,0,0,0,0,20,196,235,235,236,235,235,235,242,254,253,238,229,145,145,145,60,0,0,0,0,0,0,0,0,0,0,0,0,18,36,36,36,36,49,193,253,159,127,127,127,127,195,245,153,0,0,0,0,0,0,0,0,0,0,0,0,0,0,0,0,0,29,241,246,0,0,0,0,0,16,43,0,0,0,0,0,0,0,0,0,0,0,0,0,0,0,0,0,0,133,240,46,0,0,0,0,0,0,0,0,0,0,0,0,0,0,0,0,0,0,0,0,0,0,0,0,55,254,183,0,0,0,0,0,0,0,0,0,0,0,0,0,0,0,0,0,0,0,0,0,0,0,0,0,158,219,4,0,0,0,0,0,0,0,0,0,0,0,0,0,0,0,0,0,0,0,0,0,0,0,0,76,250,171,0,0,0,0,0,0,0,0,0,0,0,0,0,0,0,0,0,0,0,0,0,0,0,0,0,202,229,40,0,0,0,0,0,0,0,0,0,0,0,0,0,0,0,0,0,0,0,0,0,0,0,0,66,254,166,0,0,0,0,0,0,0,0,0,0,0,0,0,0,0,0,0,0,0,0,0,0,0,0,0,0,0,0,0,0,0,0,0,0,0,0,0,0,0,0,0,0,0,0,0,0,0,0,0,0,0,0,0,0,0,0,0,0,0,0,0,0,0,0,0,0,0,0,0,0,0,0,0,0,0,0,0,0,0,0,0,0,0,0,0,0,0,0,0,0,0,0,0,0,0,0,0,0,0,0,0
3,0,0,0,0,0,0,0,0,0,0,0,0,0,0,0,0,0,0,0,0,0,0,0,0,0,0,0,0,0,0,0,0,0,0,0,0,0,0,0,0,0,0,0,0,0,0,0,0,0,0,0,0,0,0,0,0,0,0,0,0,0,0,0,0,0,0,0,0,0,0,0,0,0,0,0,0,0,0,0,0,0,0,0,0,0,0,0,0,0,0,0,0,0,0,0,0,0,0,0,0,0,0,0,0,0,0,0,0,0,0,0,0,0,0,0,0,0,0,0,0,0,0,0,0,0,0,0,0,0,0,0,0,0,0,0,0,0,0,0,0,0,0,0,0,0,0,0,0,0,0,31,51,113,152,152,233,254,253,193,30,0,0,0,0,0,0,0,0,0,0,0,0,0,0,0,0,62,102,233,252,253,252,233,151,151,232,253,50,0,0,0,0,0,0,0,0,0,0,0,0,0,0,113,193,254,253,224,122,82,0,0,0,0,123,254,50,0,0,0,0,0,0,0,0,0,0,0,0,0,0,253,212,91,50,20,0,0,0,0,0,21,223,233,30,0,0,0,0,0,0,0,0,0,0,0,0,0,0,244,81,0,0,0,0,0,0,0,21,214,253,123,0,0,0,0,0,0,0,0,0,0,0,0,0,0,0,81,0,0,0,0,0,0,0,82,223,253,171,0,0,0,0,0,0,0,0,0,0,0,0,0,0,0,0,0,0,0,0,0,0,0,82,254,253,123,0,0,0,0,0,0,0,0,0,0,0,0,0,0,0,0,0,0,0,0,0,21,102,203,243,151,70,0,0,0,0,0,0,0,0,0,0,0,0,0,0,0,0,0,0,0,0,0,41,214,253,254,253,254,253,254,172,152,51,0,0,0,0,0,0,0,0,0,0,0,0,0,0,0,0,0,203,192,111,151,151,151,151,172,252,253,232,123,0,0,0,0,0,0,0,0,0,0,0,0,0,0,0,0,0,0,0,0,0,0,0,0,0,123,223,234,30,0,0,0,0,0,0,0,0,0,0,0,0,0,0,0,0,0,0,0,0,0,0,0,0,0,102,253,131,0,0,0,0,0,0,0,0,0,0,0,0,0,0,0,0,0,0,0,0,0,0,0,0,0,102,254,151,0,0,0,0,0,0,0,0,0,0,0,0,0,0,0,0,0,0,0,0,0,0,0,0,0,142,253,111,0,0,0,0,0,0,0,0,0,0,0,0,0,0,0,0,0,0,0,0,0,0,0,0,51,233,254,91,0,0,0,0,0,0,0,0,0,0,0,0,0,0,0,0,0,0,0,0,0,0,0,41,233,252,172,10,0,0,0,0,0,0,0,0,0,0,0,0,0,0,0,0,0,0,0,0,11,51,214,253,244,162,0,0,0,0,0,0,0,0,0,0,0,0,0,0,163,0,0,0,21,102,102,142,213,252,253,212,81,0,0,0,0,0,0,0,0,0,0,0,0,0,0,0,255,253,173,213,254,253,254,233,183,142,41,0,0,0,0,0,0,0,0,0,0,0,0,0,0,0,0,0,71,192,253,252,233,111,50,30,0,0,0,0,0,0,0,0,0,0,0,0,0,0,0,0,0,0,0,0,0,0,0,0,0,0,0,0,0,0,0,0,0,0,0,0,0,0,0,0,0,0,0,0,0,0,0,0,0,0,0,0,0,0,0,0,0,0,0,0,0,0,0,0,0,0,0,0,0,0,0,0,0,0,0,0,0,0,0,0,0,0,0,0,0,0,0,0,0,0,0,0,0,0,0,0,0,0
5,0,0,0,0,0,0,0,0,0,0,0,0,0,0,0,0,0,0,0,0,0,0,0,0,0,0,0,0,0,0,0,0,0,0,0,0,0,0,0,0,0,0,0,0,0,0,0,0,0,0,0,0,0,0,0,0,0,0,0,0,0,0,0,0,0,0,0,0,0,0,0,0,0,0,0,0,0,0,0,0,0,0,0,0,0,0,0,0,0,0,0,0,0,0,0,0,0,0,0,0,0,0,0,0,0,0,0,0,0,0,0,0,0,0,0,0,0,0,0,0,0,0,0,0,0,0,0,0,0,0,0,0,0,0,0,0,0,0,0,0,0,0,0,0,0,0,0,0,0,0,0,0,0,0,10,97,158,0,0,0,0,14,67,156,141,14,0,0,0,0,0,0,0,0,0,0,0,0,0,0,0,0,129,253,142,0,14,35,154,224,253,253,242,54,0,0,0,0,0,0,0,0,0,0,0,0,0,0,0,55,247,253,0,74,229,253,253,235,167,78,36,0,0,0,0,0,0,0,0,0,0,0,0,0,0,0,26,210,253,139,159,250,253,164,117,15,0,0,0,0,0,0,0,0,0,0,0,0,0,0,0,0,0,0,118,253,253,253,254,207,126,5,0,0,0,0,0,0,0,0,0,0,0,0,0,0,0,0,0,0,0,59,239,205,60,173,135,15,0,0,0,0,0,0,0,0,0,0,0,0,0,0,0,0,0,0,0,0,0,201,253,180,2,0,0,0,0,0,0,0,0,0,0,0,0,0,0,0,0,0,0,0,0,0,0,0,99,254,253,253,166,48,0,0,0,0,0,0,0,0,0,0,0,0,0,0,0,0,0,0,0,0,0,22,226,254,250,226,253,245,68,0,0,0,0,0,0,0,0,0,0,0,0,0,0,0,0,0,0,0,31,197,253,231,106,18,126,253,218,15,0,0,0,0,0,0,0,0,0,0,0,0,0,0,0,0,0,13,224,254,231,38,0,0,16,218,255,61,0,0,0,0,0,0,0,0,0,0,0,0,0,0,0,0,0,11,203,218,46,0,0,0,0,68,254,181,0,0,0,0,0,0,0,0,0,0,0,0,0,0,0,0,0,0,0,0,0,0,0,0,0,0,254,247,54,0,0,0,0,0,0,0,0,0,0,0,0,0,0,0,0,0,0,0,0,0,0,0,0,0,254,245,48,0,0,0,0,0,0,0,0,0,0,0,0,0,0,0,0,0,0,0,0,0,0,0,0,0,254,253,78,0,0,0,0,0,0,0,0,0,0,0,0,0,0,0,0,0,0,0,0,0,0,0,0,83,255,211,0,0,0,0,0,0,0,0,0,0,0,0,0,0,0,0,50,160,0,0,0,0,0,37,170,244,219,36,0,0,0,0,0,0,0,0,0,0,0,0,0,0,0,0,59,239,55,13,79,79,86,199,253,253,30,0,0,0,0,0,0,0,0,0,0,0,0,0,0,0,0,0,59,253,247,237,253,254,253,253,164,41,0,0,0,0,0,0,0,0,0,0,0,0,0,0,0,0,0,0,14,66,155,245,177,155,73,58,5,0,0,0,0,0,0,0,0,0,0,0,0,0,0,0,0,0,0,0,0,0,0,0,0,0,0,0,0,0,0,0,0,0,0,0,0,0,0,0,0,0,0,0,0,0,0,0,0,0,0,0,0,0,0,0,0,0,0,0,0,0,0,0,0,0,0,0,0,0,0,0,0,0,0,0,0,0,0,0,0,0,0,0,0,0,0,0,0,0,0,0,0,0,0,0,0,0
8,0,0,0,0,0,0,0,0,0,0,0,0,0,0,0,0,0,0,0,0,0,0,0,0,0,0,0,0,0,0,0,0,0,0,0,0,0,0,0,0,0,0,0,0,0,0,0,0,0,0,0,0,0,0,0,0,0,0,0,0,0,0,0,0,0,0,0,0,0,0,0,0,0,0,0,0,0,0,0,0,0,0,0,0,0,0,0,0,0,0,0,0,0,0,0,0,0,0,0,0,0,0,0,0,0,0,0,0,0,0,0,0,0,0,0,0,0,0,0,0,0,0,0,0,0,23,46,134,194,186,163,36,0,0,0,0,0,0,0,0,0,0,0,0,0,0,0,0,0,0,0,0,14,200,222,239,228,99,121,9,0,0,0,0,0,0,0,0,0,0,0,0,0,0,0,0,0,0,0,105,199,253,222,116,12,0,0,0,0,0,0,0,0,0,0,0,0,0,0,0,0,0,0,0,0,0,123,250,253,247,56,0,0,0,22,62,0,0,0,0,0,0,0,0,0,0,0,0,0,0,0,0,0,76,216,253,253,64,0,0,0,0,77,215,38,0,0,0,0,0,0,0,0,0,0,0,0,0,0,0,0,76,179,246,116,8,0,0,0,19,201,193,0,0,0,0,0,0,0,0,0,0,0,0,0,0,0,0,0,76,254,253,78,0,0,0,100,226,253,111,0,0,0,0,0,0,0,0,0,0,0,0,0,0,0,0,0,0,223,253,199,74,0,79,196,253,225,18,0,0,0,0,0,0,0,0,0,0,0,0,0,0,0,0,0,0,35,202,253,250,196,254,253,215,146,0,0,0,0,0,0,0,0,0,0,0,0,0,0,0,0,0,0,0,0,12,185,253,253,254,253,192,5,0,0,0,0,0,0,0,0,0,0,0,0,0,0,0,0,0,0,0,0,0,0,40,254,255,216,78,0,0,0,0,0,0,0,0,0,0,0,0,0,0,0,0,0,0,0,0,0,0,44,213,253,254,237,32,2,0,0,0,0,0,0,0,0,0,0,0,0,0,0,0,0,0,0,0,0,0,175,253,253,254,253,253,87,0,0,0,0,0,0,0,0,0,0,0,0,0,0,0,0,0,0,0,0,4,187,253,253,154,232,237,169,0,0,0,0,0,0,0,0,0,0,0,0,0,0,0,0,0,0,0,0,58,253,253,139,0,214,155,213,0,0,0,0,0,0,0,0,0,0,0,0,0,0,0,0,0,0,0,37,239,254,244,45,37,239,175,99,0,0,0,0,0,0,0,0,0,0,0,0,0,0,0,0,0,0,0,67,253,253,206,0,141,253,180,24,0,0,0,0,0,0,0,0,0,0,0,0,0,0,0,0,0,0,0,48,226,253,117,61,224,253,253,117,0,0,0,0,0,0,0,0,0,0,0,0,0,0,0,0,0,0,0,0,199,253,212,204,254,253,180,9,0,0,0,0,0,0,0,0,0,0,0,0,0,0,0,0,0,0,0,0,35,155,118,193,231,73,40,0,0,0,0,0,0,0,0,0,0,0,0,0,0,0,0,0,0,0,0,0,0,0,0,0,0,0,0,0,0,0,0,0,0,0,0,0,0,0,0,0,0,0,0,0,0,0,0,0,0,0,0,0,0,0,0,0,0,0,0,0,0,0,0,0,0,0,0,0,0,0,0,0,0,0,0,0,0,0,0,0,0,0,0,0,0,0,0,0,0,0,0,0,0,0,0,0,0,0,0,0,0,0,0,0,0,0,0,0,0,0,0,0,0,0,0,0,0,0,0,0,0
8,0,0,0,0,0,0,0,0,0,0,0,0,0,0,0,0,0,0,0,0,0,0,0,0,0,0,0,0,0,0,0,0,0,0,0,0,0,0,0,0,0,0,0,0,0,0,0,0,0,0,0,0,0,0,0,0,0,0,0,0,0,0,0,0,0,0,0,0,0,0,0,0,0,0,0,0,0,0,0,0,0,0,0,0,0,0,0,0,0,0,0,0,0,0,0,0,0,0,0,0,0,0,0,0,0,0,0,0,0,0,0,0,0,0,0,0,0,0,0,0,0,0,0,0,0,0,0,0,0,0,0,0,0,0,0,0,0,0,0,0,0,0,0,0,0,0,0,0,0,0,0,0,0,53,128,234,254,254,255,104,0,0,0,0,0,0,0,0,0,0,0,0,0,0,0,0,0,0,0,0,98,249,254,254,254,254,254,125,0,0,0,0,0,0,0,0,0,0,0,0,0,0,0,0,0,0,0,83,252,253,225,92,124,166,254,218,7,0,0,0,0,0,0,0,0,0,0,0,0,0,0,0,0,0,28,216,254,177,14,0,0,63,254,241,57,0,0,0,0,0,0,0,0,0,0,0,0,0,0,0,0,2,173,254,232,19,0,0,17,175,254,150,0,0,0,0,0,0,0,0,0,0,0,0,0,0,0,0,0,19,254,254,121,0,0,0,198,254,249,79,0,0,0,0,0,0,0,0,0,0,0,0,0,0,0,0,0,25,254,223,8,0,0,69,253,254,136,0,0,0,0,0,0,0,0,0,0,0,0,0,0,0,0,0,0,187,254,254,172,75,45,206,254,206,3,0,0,0,0,0,0,0,0,0,0,0,0,0,0,0,0,0,0,95,236,254,254,254,254,254,254,149,2,0,0,0,0,0,0,0,0,0,0,0,0,0,0,0,0,0,0,0,35,119,182,209,254,254,254,254,179,33,0,0,0,0,0,0,0,0,0,0,0,0,0,0,0,0,0,0,0,0,46,209,254,234,120,221,254,219,31,0,0,0,0,0,0,0,0,0,0,0,0,0,0,0,0,0,0,2,155,254,249,99,0,20,208,254,179,24,0,0,0,0,0,0,0,0,0,0,0,0,0,0,0,0,0,73,254,254,117,0,0,0,78,254,254,99,0,0,0,0,0,0,0,0,0,0,0,0,0,0,0,0,5,207,254,194,3,0,0,0,23,254,254,126,0,0,0,0,0,0,0,0,0,0,0,0,0,0,0,5,118,254,254,66,0,0,0,0,98,254,209,29,0,0,0,0,0,0,0,0,0,0,0,0,0,0,0,71,254,254,119,3,0,0,7,116,245,251,92,0,0,0,0,0,0,0,0,0,0,0,0,0,0,0,18,227,254,231,15,0,7,90,218,254,236,97,0,0,0,0,0,0,0,0,0,0,0,0,0,0,0,0,101,252,254,108,42,147,232,252,203,65,41,0,0,0,0,0,0,0,0,0,0,0,0,0,0,0,0,0,173,254,254,254,254,254,213,123,39,0,0,0,0,0,0,0,0,0,0,0,0,0,0,0,0,0,0,0,35,181,239,177,149,106,9,0,0,0,0,0,0,0,0,0,0,0,0,0,0,0,0,0,0,0,0,0,0,0,0,0,0,0,0,0,0,0,0,0,0,0,0,0,0,0,0,0,0,0,0,0,0,0,0,0,0,0,0,0,0,0,0,0,0,0,0,0,0,0,0,0,0,0,0,0,0,0,0,0,0,0,0,0,0,0,0,0,0,0,0,0,0,0,0,0,0,0,0,0,0,0,0,0
0,0,0,0,0,0,0,0,0,0,0,0,0,0,0,0,0,0,0,0,0,0,0,0,0,0,0,0,0,0,0,0,0,0,0,0,0,0,0,0,0,0,0,0,0,0,0,0,0,0,0,0,0,0,0,0,0,0,0,0,0,0,0,0,0,0,0,0,0,0,0,0,0,0,0,0,0,0,0,0,0,0,0,0,0,0,0,0,0,0,0,0,0,0,0,0,0,0,0,0,0,0,0,0,0,0,0,0,0,0,0,0,0,0,0,0,0,0,0,0,0,0,0,0,0,0,0,0,11,51,173,253,193,112,0,0,0,0,0,0,0,0,0,0,0,0,0,0,0,0,0,0,0,0,0,0,132,252,253,252,253,252,163,0,0,0,0,0,0,0,0,0,0,0,0,0,0,0,0,0,0,0,11,132,254,253,142,20,21,223,234,30,0,0,0,0,0,0,0,0,0,0,0,0,0,0,0,0,0,0,132,252,253,171,0,82,82,122,213,10,0,0,0,0,0,0,0,0,0,0,0,0,0,0,0,0,0,123,254,253,123,0,173,253,254,151,0,0,0,0,0,0,0,0,0,0,0,0,0,0,0,0,0,0,41,243,253,171,0,0,253,252,253,151,0,0,0,0,0,0,0,0,0,0,0,0,0,0,0,0,0,0,254,253,254,91,0,0,234,253,254,172,0,0,0,0,0,0,0,0,0,0,0,0,0,0,0,0,0,41,253,252,172,10,0,0,233,252,253,171,0,0,0,0,0,0,0,0,0,0,0,0,0,0,0,0,31,193,254,192,41,0,0,0,254,253,254,151,0,0,0,0,0,0,0,0,0,0,0,0,0,0,0,0,132,252,253,70,0,0,0,82,253,252,253,70,0,0,0,0,0,0,0,0,0,0,0,0,0,0,0,21,254,253,203,20,0,0,11,213,254,253,183,0,0,0,0,0,0,0,0,0,0,0,0,0,0,0,0,102,253,252,102,0,0,0,51,252,253,252,102,0,0,0,0,0,0,0,0,0,0,0,0,0,0,0,0,102,254,253,0,0,0,62,214,253,254,233,0,0,0,0,0,0,0,0,0,0,0,0,0,0,0,0,0,183,253,252,0,0,0,102,253,252,253,70,0,0,0,0,0,0,0,0,0,0,0,0,0,0,0,0,11,213,254,192,0,0,113,233,254,253,163,0,0,0,0,0,0,0,0,0,0,0,0,0,0,0,0,0,51,252,253,151,0,123,253,252,253,171,0,0,0,0,0,0,0,0,0,0,0,0,0,0,0,0,0,0,52,253,255,172,173,253,254,253,203,20,0,0,0,0,0,0,0,0,0,0,0,0,0,0,0,0,0,0,10,212,253,252,253,252,253,212,20,0,0,0,0,0,0,0,0,0,0,0,0,0,0,0,0,0,0,0,0,0,255,253,254,253,203,81,0,0,0,0,0,0,0,0,0,0,0,0,0,0,0,0,0,0,0,0,0,0,112,232,192,111,0,0,0,0,0,0,0,0,0,0,0,0,0,0,0,0,0,0,0,0,0,0,0,0,0,0,0,0,0,0,0,0,0,0,0,0,0,0,0,0,0,0,0,0,0,0,0,0,0,0,0,0,0,0,0,0,0,0,0,0,0,0,0,0,0,0,0,0,0,0,0,0,0,0,0,0,0,0,0,0,0,0,0,0,0,0,0,0,0,0,0,0,0,0,0,0,0,0,0,0,0,0,0,0,0,0,0,0,0,0,0,0,0,0,0,0,0,0,0,0,0,0,0,0,0,0,0
5,0,0,0,0,0,0,0,0,0,0,0,0,0,0,0,0,0,0,0,0,0,0,0,0,0,0,0,0,0,0,0,0,0,0,0,0,0,0,0,0,0,0,0,0,0,0,0,0,0,0,0,0,0,0,0,0,0,0,0,0,0,0,0,0,0,0,0,0,0,0,0,0,0,0,0,0,0,0,0,0,0,0,0,0,0,0,0,0,0,0,0,0,0,0,0,0,0,0,0,0,0,0,0,0,0,0,0,0,0,0,0,0,0,0,0,0,0,0,0,0,0,0,0,0,0,0,0,0,0,0,0,0,0,0,0,0,0,0,0,0,0,0,0,0,0,0,0,0,0,0,0,0,0,0,0,0,0,0,0,0,0,0,0,0,0,0,0,0,0,0,0,0,0,0,0,0,0,0,0,0,0,0,0,0,0,0,4,140,134,0,0,0,0,0,0,0,0,0,0,0,0,0,0,0,0,0,0,0,0,0,0,0,4,72,196,253,158,0,0,0,0,0,0,0,0,0,0,0,0,0,0,0,0,0,0,0,0,0,45,128,192,253,253,253,55,0,0,0,0,0,0,0,0,0,0,0,0,0,0,0,0,0,74,142,182,222,251,254,253,253,217,66,0,0,0,0,0,0,0,0,0,0,0,0,0,0,0,0,0,0,249,253,253,253,253,254,193,95,7,0,0,0,0,0,0,0,0,0,0,0,0,0,0,0,0,0,0,0,250,252,198,115,30,0,0,0,0,0,0,0,0,0,0,0,0,0,0,0,0,0,0,0,0,0,0,0,209,186,0,0,0,0,20,0,0,0,0,0,0,0,0,0,0,0,0,0,0,0,0,0,0,0,0,0,254,142,24,93,176,207,235,191,46,0,0,0,0,0,0,0,0,0,0,0,0,0,0,0,0,0,0,70,254,170,183,253,253,254,253,253,245,14,0,0,0,0,0,0,0,0,0,0,0,0,0,0,0,0,0,80,254,253,253,233,149,120,164,253,253,115,0,0,0,0,0,0,0,0,0,0,0,0,0,0,0,0,0,159,255,252,183,35,0,0,0,48,254,174,0,0,0,0,0,0,0,0,0,0,0,0,0,0,0,0,0,193,252,120,0,0,0,0,0,48,253,149,0,0,0,0,0,0,0,0,0,0,0,0,0,0,0,0,0,223,158,0,0,0,0,0,0,128,253,134,0,0,0,0,0,0,0,0,0,0,0,0,0,0,0,0,0,70,10,0,0,0,0,0,8,218,237,22,0,0,0,0,0,0,0,0,0,0,0,0,0,0,0,0,0,0,0,0,0,0,0,0,156,253,66,0,0,0,0,0,0,0,0,0,0,0,0,0,0,0,0,0,0,0,0,0,0,0,0,101,254,186,10,0,0,0,0,0,0,0,0,0,0,0,0,0,0,0,0,0,0,0,0,0,0,0,45,234,219,27,0,0,0,0,0,0,0,0,0,0,0,0,0,0,0,0,0,0,0,0,0,0,0,47,231,211,12,0,0,0,0,0,0,0,0,0,0,0,0,0,0,0,0,0,0,0,0,0,0,0,92,230,233,35,0,0,0,0,0,0,0,0,0,0,0,0,0,0,0,0,0,0,0,0,0,0,0,0,156,188,40,0,0,0,0,0,0,0,0,0,0,0,0,0,0,0,0,0,0,0,0,0,0,0,0,0,0,0,0,0,0,0,0,0,0,0,0,0,0,0,0,0,0,0,0,0,0,0,0,0,0,0,0,0,0,0,0,0,0,0,0,0,0,0,0,0,0,0,0,0
3,0,0,0,0,0,0,0,0,0,0,0,0,0,0,0,0,0,0,0,0,0,0,0,0,0,0,0,0,0,0,0,0,0,0,0,0,0,0,0,0,0,0,0,0,0,0,0,0,0,0,0,0,0,0,0,0,0,0,0,0,0,0,0,0,0,0,0,0,0,0,0,0,0,0,0,0,0,0,0,0,0,0,0,0,0,0,0,0,0,0,0,0,0,0,0,0,0,0,0,0,0,0,0,0,0,0,0,0,0,0,0,0,0,0,0,0,0,0,0,0,0,0,0,68,157,183,237,193,99,0,0,0,0,0,0,0,0,0,0,0,0,0,0,0,0,0,0,0,0,0,18,217,253,253,253,254,168,0,0,0,0,0,0,0,0,0,0,0,0,0,0,0,0,0,0,0,0,0,0,175,223,202,253,254,168,0,0,0,0,0,0,0,0,0,0,0,0,0,0,0,0,0,0,0,0,0,0,0,33,155,253,254,142,0,0,0,0,0,0,0,0,0,0,0,0,0,0,0,0,0,0,0,0,0,0,116,233,253,253,130,11,0,0,0,0,0,0,0,0,0,0,0,0,0,0,0,0,0,0,0,0,0,0,192,254,254,174,0,0,0,0,0,0,0,0,0,0,0,0,0,0,0,0,0,0,0,0,0,0,0,0,155,253,253,78,0,0,0,0,0,0,0,0,0,0,0,0,0,0,0,0,0,0,0,0,0,0,0,0,43,234,253,245,172,48,11,0,0,0,0,0,0,0,0,0,0,0,0,0,0,0,0,0,0,0,0,0,0,57,253,253,254,253,202,22,0,0,0,0,0,0,0,0,0,0,0,0,0,0,0,0,0,0,0,0,0,4,42,130,210,253,253,199,18,0,0,0,0,0,0,0,0,0,0,0,0,0,0,0,0,0,0,0,0,0,0,0,18,156,255,254,42,0,0,0,0,0,0,0,0,0,0,0,0,0,0,0,0,0,0,0,0,0,0,0,0,21,203,253,42,0,0,0,0,0,0,0,0,0,0,0,0,0,0,0,0,0,0,0,0,0,0,0,0,0,128,253,95,0,0,0,0,0,0,0,0,0,0,0,0,0,0,0,0,0,0,0,0,0,0,0,0,0,198,253,147,0,0,0,0,0,0,0,0,0,0,0,0,0,0,0,0,0,0,0,0,0,0,0,0,72,250,253,59,0,0,0,0,0,0,0,0,0,0,0,0,0,0,0,0,0,0,0,0,0,0,0,8,114,255,254,42,0,0,0,0,0,0,0,0,0,0,0,0,0,0,0,0,0,0,104,128,0,0,0,158,253,253,232,28,0,0,0,0,0,0,0,0,0,0,0,0,0,0,0,0,0,0,254,211,128,128,216,254,253,243,51,0,0,0,0,0,0,0,0,0,0,0,0,0,0,0,0,0,0,0,228,253,253,253,253,254,232,86,0,0,0,0,0,0,0,0,0,0,0,0,0,0,0,0,0,0,0,0,105,253,253,253,253,237,54,0,0,0,0,0,0,0,0,0,0,0,0,0,0,0,0,0,0,0,0,0,0,0,0,0,0,0,0,0,0,0,0,0,0,0,0,0,0,0,0,0,0,0,0,0,0,0,0,0,0,0,0,0,0,0,0,0,0,0,0,0,0,0,0,0,0,0,0,0,0,0,0,0,0,0,0,0,0,0,0,0,0,0,0,0,0,0,0,0,0,0,0,0,0,0,0,0,0,0,0,0,0,0,0,0,0,0,0,0,0,0,0,0,0,0,0,0,0,0,0,0,0,0
3,0,0,0,0,0,0,0,0,0,0,0,0,0,0,0,0,0,0,0,0,0,0,0,0,0,0,0,0,0,0,0,0,0,0,0,0,0,0,0,0,0,0,0,0,0,0,0,0,0,0,0,0,0,0,0,0,0,0,0,0,0,0,0,0,0,0,0,0,0,0,0,0,0,0,0,0,0,0,0,0,0,0,0,0,0,0,0,0,0,0,0,0,0,0,0,0,0,0,0,0,0,0,0,0,0,0,0,0,0,0,0,0,0,0,0,0,0,0,0,0,0,0,0,0,0,0,0,0,0,0,0,0,0,0,0,0,0,0,0,0,0,0,0,0,31,51,152,152,152,152,152,152,92,51,0,0,0,0,0,0,0,0,0,0,0,0,0,0,0,0,0,0,193,252,253,252,253,252,253,252,253,252,203,81,0,0,0,0,0,0,0,0,0,0,0,0,0,0,0,0,254,253,255,253,224,203,203,203,203,223,254,253,62,0,0,0,0,0,0,0,0,0,0,0,0,0,0,0,172,252,151,70,20,0,0,0,0,20,253,252,102,0,0,0,0,0,0,0,0,0,0,0,0,0,0,0,0,0,0,0,0,0,0,0,72,233,254,233,41,0,0,0,0,0,0,0,0,0,0,0,0,0,0,0,0,0,0,0,0,0,21,142,253,252,233,91,0,0,0,0,0,0,0,0,0,0,0,0,0,0,0,0,0,0,0,21,72,193,254,253,254,233,82,0,0,0,0,0,0,0,0,0,0,0,0,0,0,0,0,0,0,0,0,183,253,252,253,252,253,232,142,61,82,0,0,0,0,0,0,0,0,0,0,0,0,0,0,0,0,0,0,203,254,253,254,253,254,253,254,253,254,253,193,152,152,71,0,0,0,0,0,0,0,0,0,0,0,0,0,122,192,151,91,50,71,151,213,252,253,252,253,252,253,252,183,20,0,0,0,0,0,0,0,0,0,0,0,0,0,0,0,0,0,0,0,0,0,82,123,203,193,253,255,213,0,0,0,0,0,0,0,0,0,0,0,0,0,0,0,0,0,0,0,0,0,0,0,0,30,91,253,252,0,0,0,0,0,0,0,0,0,0,0,0,0,0,0,0,0,0,0,0,0,0,0,0,0,0,173,253,0,0,0,0,0,0,0,0,0,0,0,0,0,0,0,0,0,0,0,0,0,0,0,0,0,82,253,252,0,0,0,0,0,0,0,0,0,0,0,0,0,62,132,31,0,0,0,0,0,0,0,0,113,233,255,91,0,0,0,0,0,0,0,0,0,0,0,0,0,102,253,232,0,0,0,0,0,0,0,123,253,252,172,10,0,0,0,0,0,0,0,0,0,0,0,0,0,41,234,253,255,172,41,21,11,51,214,253,224,81,0,0,0,0,0,0,0,0,0,0,0,0,0,0,0,0,51,232,253,252,243,223,213,252,253,252,20,0,0,0,0,0,0,0,0,0,0,0,0,0,0,0,0,0,0,41,214,253,255,253,255,253,203,81,0,0,0,0,0,0,0,0,0,0,0,0,0,0,0,0,0,0,0,0,10,131,151,151,151,70,0,0,0,0,0,0,0,0,0,0,0,0,0,0,0,0,0,0,0,0,0,0,0,0,0,0,0,0,0,0,0,0,0,0,0,0,0,0,0,0,0,0,0,0,0,0,0,0,0,0,0,0,0,0,0,0,0,0,0,0,0,0,0,0,0,0,0,0,0,0,0,0,0,0,0,0,0,0,0,0,0,0,0,0,0,0,0,0,0,0,0,0,0,0
6,0,0,0,0,0,0,0,0,0,0,0,0,0,0,0,0,0,0,0,0,0,0,0,0,0,0,0,0,0,0,0,0,0,0,0,0,0,0,0,0,0,0,0,0,0,0,0,0,0,0,0,0,0,0,0,0,0,0,0,0,0,0,0,0,0,0,0,0,0,0,0,0,0,0,0,0,0,0,0,0,0,0,0,0,0,0,0,0,0,0,0,0,0,0,0,0,0,0,0,0,0,0,0,0,0,0,0,0,0,0,0,0,0,0,0,0,0,0,0,0,0,0,0,11,92,152,193,234,152,41,0,0,0,0,0,0,0,0,0,0,0,0,0,0,0,0,0,0,0,0,41,213,252,253,252,253,252,243,40,0,0,0,0,0,0,0,0,0,0,0,0,0,0,0,0,0,0,31,233,254,253,254,253,254,253,254,131,0,0,0,0,0,0,0,0,0,0,0,0,0,0,0,0,0,41,213,252,253,252,253,212,50,131,151,30,0,0,0,0,0,0,0,0,0,0,0,0,0,0,0,0,0,41,234,253,254,253,142,0,0,0,0,0,0,0,0,0,0,0,0,0,0,0,0,0,0,0,0,0,0,0,112,252,253,252,102,0,0,0,0,0,0,0,0,0,0,0,0,0,0,0,0,0,0,0,0,0,0,0,72,253,254,253,0,0,0,0,0,0,0,0,0,0,0,0,0,0,0,0,0,0,0,0,0,0,0,0,152,252,253,130,0,0,0,0,0,0,0,0,0,0,0,0,0,0,0,0,0,0,0,0,0,0,0,0,254,253,254,50,0,0,0,0,0,0,0,0,0,0,0,0,0,0,0,0,0,0,0,0,0,0,0,41,253,252,213,10,0,0,0,0,21,20,0,0,0,0,0,0,0,0,0,0,0,0,0,0,0,0,0,102,254,253,203,0,0,0,31,132,254,253,82,0,0,0,0,0,0,0,0,0,0,0,0,0,0,0,0,61,253,252,223,20,0,0,233,252,253,252,243,81,0,0,0,0,0,0,0,0,0,0,0,0,0,0,0,0,193,253,254,112,0,163,254,253,254,253,254,253,0,0,0,0,0,0,0,0,0,0,0,0,0,0,0,0,71,252,253,151,41,243,253,212,91,131,253,252,0,0,0,0,0,0,0,0,0,0,0,0,0,0,0,0,0,203,254,172,72,253,244,40,0,163,254,253,0,0,0,0,0,0,0,0,0,0,0,0,0,0,0,0,0,203,253,252,233,252,203,0,82,243,253,252,0,0,0,0,0,0,0,0,0,0,0,0,0,0,0,0,0,41,193,253,255,253,255,253,255,253,255,91,0,0,0,0,0,0,0,0,0,0,0,0,0,0,0,0,0,0,51,232,253,252,253,252,253,252,213,10,0,0,0,0,0,0,0,0,0,0,0,0,0,0,0,0,0,0,0,41,173,253,255,253,183,61,0,0,0,0,0,0,0,0,0,0,0,0,0,0,0,0,0,0,0,0,0,0,31,192,253,90,0,0,0,0,0,0,0,0,0,0,0,0,0,0,0,0,0,0,0,0,0,0,0,0,0,0,0,0,0,0,0,0,0,0,0,0,0,0,0,0,0,0,0,0,0,0,0,0,0,0,0,0,0,0,0,0,0,0,0,0,0,0,0,0,0,0,0,0,0,0,0,0,0,0,0,0,0,0,0,0,0,0,0,0,0,0,0,0,0,0,0,0,0,0,0,0,0,0,0,0,0,0,0,0,0,0,0,0,0,0,0,0,0,0,0,0,0,0,0,0,0,0,0
6,0,0,0,0,0,0,0,0,0,0,0,0,0,0,0,0,0,0,0,0,0,0,0,0,0,0,0,0,0,0,0,0,0,0,0,0,0,0,0,0,0,0,0,0,0,0,0,0,0,0,0,0,0,0,0,0,0,0,0,0,0,0,0,0,0,137,255,38,0,0,0,0,0,0,0,0,0,0,0,0,0,0,0,0,0,0,0,0,0,0,0,0,7,184,170,0,0,0,0,0,0,0,0,0,0,0,0,0,0,0,0,0,0,0,0,0,0,0,0,0,109,254,155,0,0,0,0,0,0,0,0,0,0,0,0,0,0,0,0,0,0,0,0,0,0,0,0,0,176,254,66,0,0,0,0,0,0,0,0,0,0,0,0,0,0,0,0,0,0,0,0,0,0,0,0,0,176,254,58,0,0,0,0,0,0,0,0,0,0,0,0,0,0,0,0,0,0,0,0,0,0,0,0,0,177,254,59,0,0,0,0,0,0,0,0,0,0,0,0,0,0,0,0,0,0,0,0,0,0,0,0,0,176,250,54,0,0,0,0,0,0,0,0,0,0,0,0,0,0,0,0,0,0,0,0,0,0,0,0,7,200,214,0,0,0,0,0,0,0,0,0,0,0,0,0,0,0,0,0,0,0,0,0,0,0,0,0,20,254,214,0,0,0,0,0,0,0,0,0,0,0,0,0,0,0,0,0,0,0,0,0,0,0,0,0,20,254,214,0,0,0,0,0,0,0,0,0,0,0,0,0,0,0,0,0,0,0,0,0,0,0,0,0,96,254,139,0,0,0,0,0,0,0,0,0,0,46,23,0,0,0,0,0,0,0,0,0,0,0,0,0,20,254,214,0,0,2,20,73,118,140,215,215,215,245,231,170,82,0,0,0,0,0,0,0,0,0,0,0,20,254,214,0,102,182,254,254,254,254,254,229,175,175,176,242,230,13,0,0,0,0,0,0,0,0,0,0,2,182,251,122,254,254,241,161,117,19,19,13,0,0,0,125,254,72,0,0,0,0,0,0,0,0,0,0,0,101,254,254,254,254,236,143,23,0,0,0,0,0,0,118,254,117,0,0,0,0,0,0,0,0,0,0,0,61,250,255,23,84,99,61,23,0,0,0,0,0,0,119,236,15,0,0,0,0,0,0,0,0,0,0,0,0,144,254,185,3,0,0,0,0,0,0,0,0,81,217,125,0,0,0,0,0,0,0,0,0,0,0,0,0,28,205,254,188,109,6,0,0,0,55,94,176,254,234,0,0,0,0,0,0,0,0,0,0,0,0,0,0,0,8,177,248,254,236,235,236,235,248,254,254,192,70,0,0,0,0,0,0,0,0,0,0,0,0,0,0,0,0,0,95,155,208,254,232,155,155,140,58,0,0,0,0,0,0,0,0,0,0,0,0,0,0,0,0,0,0,0,0,0,0,0,0,0,0,0,0,0,0,0,0,0,0,0,0,0,0,0,0,0,0,0,0,0,0,0,0,0,0,0,0,0,0,0,0,0,0,0,0,0,0,0,0,0,0,0,0,0,0,0,0,0,0,0,0,0,0,0,0,0,0,0,0,0,0,0,0,0,0,0,0,0,0,0,0,0,0,0,0,0,0,0,0,0,0,0,0,0,0,0,0,0,0,0,0,0,0,0,0,0,0,0,0,0,0,0,0,0,0,0,0,0,0,0,0,0,0,0,0,0,0,0,0,0,0,0,0,0,0,0,0,0,0,0,0,0,0,0,0,0,0,0,0,0,0,0,0,0,0,0,0,0,0,0
0,0,0,0,0,0,0,0,0,0,0,0,0,0,0,0,0,0,0,0,0,0,0,0,0,0,0,0,0,0,0,0,0,0,0,0,0,0,0,0,0,0,0,0,0,0,0,0,0,0,0,0,0,0,0,0,0,0,0,0,0,0,0,0,0,0,0,0,0,0,0,0,0,0,0,0,0,0,0,0,0,0,0,0,0,0,0,0,0,0,0,0,0,0,0,0,0,0,0,0,0,0,0,0,0,0,0,0,0,0,0,0,0,0,0,0,0,0,0,0,0,0,0,0,0,0,91,197,167,82,6,0,0,0,0,0,0,0,0,0,0,0,0,0,0,0,0,0,0,0,0,0,41,225,251,254,254,254,195,41,0,0,0,0,0,0,0,0,0,0,0,0,0,0,0,0,0,0,0,9,209,254,254,254,254,254,254,226,72,0,0,0,0,0,0,0,0,0,0,0,0,0,0,0,0,0,0,162,254,254,252,80,57,50,226,254,225,43,0,0,0,0,0,0,0,0,0,0,0,0,0,0,0,0,0,211,254,254,184,0,0,0,42,225,254,176,0,0,0,0,0,0,0,0,0,0,0,0,0,0,0,0,61,246,254,184,12,0,0,0,0,73,237,248,56,0,0,0,0,0,0,0,0,0,0,0,0,0,0,6,223,254,242,34,0,0,0,0,0,0,149,254,139,0,0,0,0,0,0,0,0,0,0,0,0,0,0,53,254,254,125,0,0,0,0,0,0,0,131,254,206,0,0,0,0,0,0,0,0,0,0,0,0,0,0,120,254,240,33,0,0,0,0,0,0,0,131,254,237,24,0,0,0,0,0,0,0,0,0,0,0,0,0,228,254,158,0,0,0,0,0,0,0,0,131,254,254,61,0,0,0,0,0,0,0,0,0,0,0,0,20,237,254,44,0,0,0,0,0,0,0,0,132,254,210,21,0,0,0,0,0,0,0,0,0,0,0,0,62,254,254,44,0,0,0,0,0,0,0,15,226,254,139,0,0,0,0,0,0,0,0,0,0,0,0,0,62,254,254,44,0,0,0,0,0,0,0,134,254,245,46,0,0,0,0,0,0,0,0,0,0,0,0,0,62,254,254,44,0,0,0,0,0,0,83,233,254,139,0,0,0,0,0,0,0,0,0,0,0,0,0,0,30,240,254,44,0,0,0,0,0,52,234,254,216,33,0,0,0,0,0,0,0,0,0,0,0,0,0,0,22,237,254,103,8,0,0,0,0,170,254,246,75,0,0,0,0,0,0,0,0,0,0,0,0,0,0,0,0,219,254,254,104,16,0,19,172,252,247,90,0,0,0,0,0,0,0,0,0,0,0,0,0,0,0,0,0,71,251,254,254,228,193,235,255,254,120,0,0,0,0,0,0,0,0,0,0,0,0,0,0,0,0,0,0,0,151,252,254,254,254,254,254,136,5,0,0,0,0,0,0,0,0,0,0,0,0,0,0,0,0,0,0,0,0,78,166,233,254,223,109,3,0,0,0,0,0,0,0,0,0,0,0,0,0,0,0,0,0,0,0,0,0,0,0,0,0,0,0,0,0,0,0,0,0,0,0,0,0,0,0,0,0,0,0,0,0,0,0,0,0,0,0,0,0,0,0,0,0,0,0,0,0,0,0,0,0,0,0,0,0,0,0,0,0,0,0,0,0,0,0,0,0,0,0,0,0,0,0,0,0,0,0,0,0,0,0,0,0,0,0,0,0,0,0,0,0,0,0,0,0,0,0,0,0,0,0,0,0,0,0,0,0,0,0
1,0,0,0,0,0,0,0,0,0,0,0,0,0,0,0,0,0,0,0,0,0,0,0,0,0,0,0,0,0,0,0,0,0,0,0,0,0,0,0,0,0,0,0,0,0,0,0,0,0,0,0,0,0,0,0,0,0,0,0,0,0,0,0,0,0,0,0,0,0,0,0,0,0,0,0,0,0,0,0,0,0,0,0,0,0,0,0,0,0,0,0,0,0,0,0,0,0,0,0,0,0,0,0,0,0,0,0,0,0,0,0,0,0,0,0,0,0,0,0,0,0,0,0,0,0,0,0,0,163,234,51,0,0,0,0,0,0,0,0,0,0,0,0,0,0,0,0,0,0,0,0,0,0,0,0,21,223,253,70,0,0,0,0,0,0,0,0,0,0,0,0,0,0,0,0,0,0,0,0,0,0,0,0,51,253,204,0,0,0,0,0,0,0,0,0,0,0,0,0,0,0,0,0,0,0,0,0,0,0,0,0,132,252,162,0,0,0,0,0,0,0,0,0,0,0,0,0,0,0,0,0,0,0,0,0,0,0,0,0,214,253,103,0,0,0,0,0,0,0,0,0,0,0,0,0,0,0,0,0,0,0,0,0,0,0,0,0,253,252,102,0,0,0,0,0,0,0,0,0,0,0,0,0,0,0,0,0,0,0,0,0,0,0,0,103,255,233,0,0,0,0,0,0,0,0,0,0,0,0,0,0,0,0,0,0,0,0,0,0,0,0,0,183,253,111,0,0,0,0,0,0,0,0,0,0,0,0,0,0,0,0,0,0,0,0,0,0,0,0,31,233,255,50,0,0,0,0,0,0,0,0,0,0,0,0,0,0,0,0,0,0,0,0,0,0,0,0,51,252,253,50,0,0,0,0,0,0,0,0,0,0,0,0,0,0,0,0,0,0,0,0,0,0,0,0,113,253,204,0,0,0,0,0,0,0,0,0,0,0,0,0,0,0,0,0,0,0,0,0,0,0,0,0,233,252,122,0,0,0,0,0,0,0,0,0,0,0,0,0,0,0,0,0,0,0,0,0,0,0,0,62,255,253,0,0,0,0,0,0,0,0,0,0,0,0,0,0,0,0,0,0,0,0,0,0,0,0,0,102,253,252,0,0,0,0,0,0,0,0,0,0,0,0,0,0,0,0,0,0,0,0,0,0,0,0,11,213,255,151,0,0,0,0,0,0,0,0,0,0,0,0,0,0,0,0,0,0,0,0,0,0,0,0,51,252,253,70,0,0,0,0,0,0,0,0,0,0,0,0,0,0,0,0,0,0,0,0,0,0,0,0,113,253,204,0,0,0,0,0,0,0,0,0,0,0,0,0,0,0,0,0,0,0,0,0,0,0,0,0,152,252,203,0,0,0,0,0,0,0,0,0,0,0,0,0,0,0,0,0,0,0,0,0,0,0,0,0,153,253,123,0,0,0,0,0,0,0,0,0,0,0,0,0,0,0,0,0,0,0,0,0,0,0,0,0,152,252,81,0,0,0,0,0,0,0,0,0,0,0,0,0,0,0,0,0,0,0,0,0,0,0,0,0,0,0,0,0,0,0,0,0,0,0,0,0,0,0,0,0,0,0,0,0,0,0,0,0,0,0,0,0,0,0,0,0,0,0,0,0,0,0,0,0,0,0,0,0,0,0,0,0,0,0,0,0,0,0,0,0,0,0,0,0,0,0,0,0,0,0,0,0,0,0,0,0,0,0,0,0,0,0,0,0,0,0,0,0,0,0,0,0,0,0,0,0,0,0,0,0,0,0,0,0,0
6,0,0,0,0,0,0,0,0,0,0,0,0,0,0,0,0,0,0,0,0,0,0,0,0,0,0,0,0,0,0,0,0,0,0,0,0,0,0,0,0,0,0,0,0,0,0,0,0,0,0,0,0,0,0,0,0,0,0,0,0,0,0,0,0,0,0,0,0,0,0,0,0,0,0,0,0,0,0,0,0,0,0,0,0,0,0,0,0,0,0,0,0,0,0,0,0,0,32,212,255,161,0,0,0,0,0,0,0,0,0,0,0,0,0,0,0,0,0,0,0,0,0,0,0,0,159,254,254,219,0,0,0,0,0,0,0,0,0,0,0,0,0,0,0,0,0,0,0,0,0,0,0,83,241,254,242,68,0,0,0,0,0,0,0,0,0,0,0,0,0,0,0,0,0,0,0,0,0,0,54,252,254,254,162,0,0,0,0,0,0,0,0,0,0,0,0,0,0,0,0,0,0,0,0,0,0,0,57,254,225,89,9,0,0,0,0,0,0,0,0,0,0,0,0,0,0,0,0,0,0,0,0,0,0,0,107,254,128,0,0,0,0,0,0,0,0,0,0,0,0,0,0,0,0,0,0,0,0,0,0,0,0,0,191,225,24,0,0,0,0,0,0,0,0,0,0,0,0,0,0,0,0,0,0,0,0,0,0,0,0,0,229,202,0,0,0,0,0,0,0,0,0,0,0,0,0,0,0,0,0,0,0,0,0,0,0,0,0,12,233,202,0,0,0,0,0,0,0,0,0,0,0,0,0,0,0,0,0,0,0,0,0,0,0,0,0,61,254,128,0,0,0,0,0,0,0,0,0,0,0,0,0,0,0,0,0,0,0,0,0,0,0,0,0,61,254,103,0,0,0,0,0,0,0,0,0,0,0,0,0,0,0,0,0,0,0,0,0,0,0,0,0,102,254,49,35,123,194,110,19,0,0,0,0,0,0,0,0,0,0,0,0,0,0,0,0,0,0,0,0,78,254,236,254,254,254,254,230,95,0,0,0,0,0,0,0,0,0,0,0,0,0,0,0,0,0,0,0,61,254,254,254,232,156,153,248,248,47,0,0,0,0,0,0,0,0,0,0,0,0,0,0,0,0,0,0,61,254,254,151,9,0,0,159,254,60,0,0,0,0,0,0,0,0,0,0,0,0,0,0,0,0,0,0,61,254,250,83,0,0,0,8,212,60,0,0,0,0,0,0,0,0,0,0,0,0,0,0,0,0,0,0,37,244,202,0,0,0,0,17,220,123,0,0,0,0,0,0,0,0,0,0,0,0,0,0,0,0,0,0,0,229,202,0,0,0,2,180,254,85,0,0,0,0,0,0,0,0,0,0,0,0,0,0,0,0,0,0,0,229,220,13,0,1,127,254,203,19,0,0,0,0,0,0,0,0,0,0,0,0,0,0,0,0,0,0,0,199,254,34,15,170,254,254,56,0,0,0,0,0,0,0,0,0,0,0,0,0,0,0,0,0,0,0,0,0,0,0,0,0,0,0,0,0,0,0,0,0,0,0,0,0,0,0,0,0,0,0,0,0,0,0,0,0,0,0,0,0,0,0,0,0,0,0,0,0,0,0,0,0,0,0,0,0,0,0,0,0,0,0,0,0,0,0,0,0,0,0,0,0,0,0,0,0,0,0,0,0,0,0,0,0,0,0,0,0,0,0,0,0,0,0,0,0,0,0,0,0,0,0,0,0,0,0,0,0,0,0,0,0,0,0,0,0,0,0,0,0,0,0,0,0,0,0,0,0,0,0,0,0,0,0,0,0
0,0,0,0,0,0,0,0,0,0,0,0,0,0,0,0,0,0,0,0,0,0,0,0,0,0,0,0,0,0,0,0,0,0,0,0,0,0,0,0,0,0,0,0,0,0,0,0,0,0,0,0,0,0,0,0,0,0,0,0,0,0,0,0,0,0,0,0,0,0,0,0,0,0,0,0,0,0,0,0,0,0,0,0,0,0,0,0,0,0,0,0,0,0,0,0,0,0,0,0,0,0,0,0,0,0,0,0,0,0,0,0,0,0,0,0,0,0,0,0,0,0,0,0,0,0,0,0,0,0,0,0,0,0,0,0,0,0,0,0,0,0,0,0,0,0,0,0,0,0,0,0,0,29,130,161,255,255,255,212,85,1,0,0,0,0,0,0,0,0,0,0,0,0,0,0,0,0,0,0,30,217,253,253,253,253,253,253,253,150,19,0,0,0,0,0,0,0,0,0,0,0,0,0,0,0,3,37,216,253,249,235,240,253,253,253,253,253,155,2,0,0,0,0,0,0,0,0,0,0,0,0,0,0,44,253,253,212,82,0,29,141,128,147,250,253,253,91,0,0,0,0,0,0,0,0,0,0,0,0,0,31,215,253,150,31,0,0,0,0,0,0,85,235,253,141,0,0,0,0,0,0,0,0,0,0,0,0,0,149,253,211,32,0,0,0,0,0,0,0,0,205,253,141,0,0,0,0,0,0,0,0,0,0,0,0,0,149,233,32,0,0,0,0,0,0,0,0,0,100,253,141,0,0,0,0,0,0,0,0,0,0,0,0,13,220,222,0,0,0,0,0,0,0,0,0,0,100,253,141,0,0,0,0,0,0,0,0,0,0,0,0,108,253,134,0,0,0,0,0,0,0,0,0,0,100,253,141,0,0,0,0,0,0,0,0,0,0,0,4,170,253,99,0,0,0,0,0,0,0,0,0,0,129,253,141,0,0,0,0,0,0,0,0,0,0,0,13,253,253,99,0,0,0,0,0,0,0,0,0,0,223,253,48,0,0,0,0,0,0,0,0,0,0,0,13,253,253,134,0,0,0,0,0,0,0,0,0,28,232,170,4,0,0,0,0,0,0,0,0,0,0,0,13,253,253,222,0,0,0,0,0,0,0,0,28,205,253,109,0,0,0,0,0,0,0,0,0,0,0,0,13,253,253,222,0,0,0,0,0,0,0,0,88,253,219,16,0,0,0,0,0,0,0,0,0,0,0,0,2,158,253,222,0,0,0,0,0,0,0,116,230,253,109,0,0,0,0,0,0,0,0,0,0,0,0,0,0,143,253,250,130,0,0,0,0,0,115,248,253,123,4,0,0,0,0,0,0,0,0,0,0,0,0,0,0,31,253,253,250,147,34,0,26,139,248,253,174,4,0,0,0,0,0,0,0,0,0,0,0,0,0,0,0,2,156,253,253,253,217,112,207,253,253,124,12,0,0,0,0,0,0,0,0,0,0,0,0,0,0,0,0,0,19,150,253,253,253,253,253,221,100,3,0,0,0,0,0,0,0,0,0,0,0,0,0,0,0,0,0,0,0,32,253,253,253,253,162,95,0,0,0,0,0,0,0,0,0,0,0,0,0,0,0,0,0,0,0,0,0,0,0,0,0,0,0,0,0,0,0,0,0,0,0,0,0,0,0,0,0,0,0,0,0,0,0,0,0,0,0,0,0,0,0,0,0,0,0,0,0,0,0,0,0,0,0,0,0,0,0,0,0,0,0,0,0,0,0,0,0,0,0,0,0,0,0,0,0,0,0,0,0,0,0,0
3,0,0,0,0,0,0,0,0,0,0,0,0,0,0,0,0,0,0,0,0,0,0,0,0,0,0,0,0,0,0,0,0,0,0,0,0,0,0,0,0,0,0,0,0,0,0,0,0,0,0,0,0,0,0,0,0,0,0,0,0,0,0,0,0,0,0,0,0,0,0,0,0,0,0,0,0,0,0,0,0,0,0,0,0,0,0,0,0,0,0,0,0,0,0,0,0,0,0,0,0,0,0,0,0,0,0,0,0,0,0,0,0,0,0,0,0,0,0,0,0,0,0,0,0,0,0,0,0,0,0,0,0,0,0,0,0,0,0,0,0,0,0,0,0,0,0,0,0,0,0,0,0,0,0,0,0,0,0,0,0,0,0,0,0,0,0,0,0,0,0,0,0,0,0,0,0,0,0,0,40,40,40,40,25,0,0,0,0,0,0,0,0,0,0,0,0,0,0,0,0,46,59,131,137,197,215,215,254,253,253,253,239,110,0,0,0,0,0,0,0,0,0,0,0,0,0,0,211,249,253,253,224,175,157,97,98,97,97,122,254,238,24,0,0,0,0,0,0,0,0,0,0,0,0,0,85,144,61,0,0,0,0,0,0,0,0,85,255,154,0,0,0,0,0,0,0,0,0,0,0,0,0,0,0,0,0,0,0,0,0,0,0,0,82,231,239,49,0,0,0,0,0,0,0,0,0,0,0,0,0,0,0,0,0,0,0,0,0,0,5,131,235,235,72,0,0,0,0,0,0,0,0,0,0,0,0,0,0,0,0,0,0,0,0,0,0,0,140,253,235,49,0,0,0,0,0,0,0,0,0,0,0,0,0,0,0,0,0,0,0,0,0,0,29,170,255,233,65,20,19,0,0,0,0,0,0,0,0,0,0,0,0,0,0,0,0,0,0,0,0,79,226,253,254,226,244,253,249,195,129,45,0,0,0,0,0,0,0,0,0,0,0,0,0,0,0,0,0,177,253,217,141,117,117,140,195,221,253,253,185,116,0,0,0,0,0,0,0,0,0,0,0,0,0,0,0,9,19,8,0,0,0,0,0,9,19,92,230,250,216,12,0,0,0,0,0,0,0,0,0,0,0,0,0,0,0,0,0,0,0,0,0,0,0,0,0,112,254,157,0,0,0,0,0,0,0,0,0,0,0,0,0,0,0,0,0,0,0,0,0,0,0,0,0,9,223,253,0,0,0,0,0,0,0,0,0,0,0,0,0,0,0,0,0,0,0,0,0,0,0,0,0,10,223,253,0,0,0,0,0,0,0,0,0,0,0,0,0,0,0,0,0,0,0,0,0,0,0,0,7,177,253,156,0,0,0,0,0,0,0,0,0,0,0,0,0,0,0,0,0,0,77,98,74,86,20,92,230,254,219,12,0,0,0,0,0,0,0,0,0,0,0,0,0,0,0,0,0,0,32,154,214,244,253,253,239,118,9,0,0,0,0,0,0,0,0,0,0,0,0,0,0,0,0,0,0,0,0,0,0,30,39,39,24,0,0,0,0,0,0,0,0,0,0,0,0,0,0,0,0,0,0,0,0,0,0,0,0,0,0,0,0,0,0,0,0,0,0,0,0,0,0,0,0,0,0,0,0,0,0,0,0,0,0,0,0,0,0,0,0,0,0,0,0,0,0,0,0,0,0,0,0,0,0,0,0,0,0,0,0,0,0,0,0,0,0,0,0,0,0,0,0,0,0,0,0,0,0,0,0,0,0,0,0,0,0,0,0,0,0,0,0,0,0,0,0,0,0,0,0,0,0,0,0
5,0,0,0,0,0,0,0,0,0,0,0,0,0,0,0,0,0,0,0,0,0,0,0,0,0,0,0,0,0,0,0,0,0,0,0,0,0,0,0,0,0,0,0,0,0,0,0,0,0,0,0,0,0,0,0,0,0,0,0,0,0,0,0,0,0,0,0,0,0,0,0,0,0,0,0,0,0,0,0,0,0,0,0,0,0,0,0,0,0,0,0,0,0,0,0,0,0,0,0,0,0,0,0,0,0,0,0,0,0,0,0,0,0,0,0,0,0,0,0,0,0,0,0,0,0,0,0,0,0,0,0,0,0,0,0,0,0,0,0,0,0,0,0,0,0,0,0,0,0,0,0,0,0,0,0,0,0,0,0,0,0,0,0,0,0,0,0,0,0,0,0,0,0,0,0,83,213,177,160,70,67,42,0,0,0,0,0,55,98,55,0,0,0,0,0,0,0,0,0,0,0,0,0,9,188,254,241,189,254,243,227,226,226,226,191,214,254,226,20,0,0,0,0,0,0,0,0,0,0,0,0,3,216,254,168,103,254,250,245,244,248,254,234,150,216,188,22,0,0,0,0,0,0,0,0,0,0,0,3,107,248,254,254,254,207,53,0,0,35,197,220,14,0,0,0,0,0,0,0,0,0,0,0,0,0,0,98,248,252,250,206,95,10,0,0,0,0,118,254,99,0,0,0,0,0,0,0,0,0,0,0,0,0,74,226,254,254,116,0,0,0,0,0,0,0,42,246,226,34,0,0,0,0,0,0,0,0,0,0,0,0,53,172,197,117,14,0,0,0,0,0,0,0,0,236,254,75,0,0,0,0,0,0,0,0,0,0,0,0,0,1,3,0,0,0,0,0,0,0,0,0,0,236,254,96,0,0,0,0,0,0,0,0,0,0,0,0,0,0,0,0,0,0,0,0,0,0,0,0,0,236,254,169,0,0,0,0,0,0,0,0,0,0,0,0,0,0,0,0,0,0,0,0,0,0,0,0,0,236,254,169,0,0,0,0,0,0,0,0,0,0,0,0,0,0,0,0,0,0,0,0,0,0,0,0,0,236,255,201,4,0,0,0,0,0,0,0,0,0,0,0,0,0,0,0,0,0,0,0,0,0,0,0,0,236,254,155,0,0,0,0,0,0,0,0,0,0,0,0,0,0,0,0,0,0,0,0,0,0,0,0,98,250,254,75,0,0,0,0,0,0,0,0,0,0,0,0,0,0,0,0,0,0,0,0,0,0,0,7,226,254,241,25,0,0,0,0,0,0,0,0,0,0,0,0,0,0,0,0,0,0,0,0,0,0,0,80,254,254,129,0,0,0,0,0,0,0,0,0,0,0,0,0,0,5,86,2,0,0,0,0,0,0,81,243,254,166,9,0,0,0,0,0,0,0,0,0,0,0,0,0,0,7,225,18,0,0,0,0,0,79,246,254,254,18,0,0,0,0,0,0,0,0,0,0,0,0,0,0,0,0,62,242,161,57,57,68,186,251,254,227,75,1,0,0,0,0,0,0,0,0,0,0,0,0,0,0,0,0,0,87,208,245,254,254,254,247,162,22,0,0,0,0,0,0,0,0,0,0,0,0,0,0,0,0,0,0,0,0,0,47,191,159,159,119,0,0,0,0,0,0,0,0,0,0,0,0,0,0,0,0,0,0,0,0,0,0,0,0,0,0,0,0,0,0,0,0,0,0,0,0,0,0,0,0,0,0,0,0,0,0,0,0,0,0,0,0,0,0,0,0,0,0,0,0,0,0,0,0,0,0,0,0,0
4,0,0,0,0,0,0,0,0,0,0,0,0,0,0,0,0,0,0,0,0,0,0,0,0,0,0,0,0,0,0,0,0,0,0,0,0,0,0,0,0,0,0,0,0,0,0,0,0,0,0,0,0,0,0,0,0,0,0,0,0,0,0,0,0,0,0,0,0,0,0,0,0,0,0,0,0,0,0,0,0,0,0,0,0,0,0,0,0,0,0,0,0,0,0,0,0,0,0,0,0,0,0,0,0,0,0,0,0,0,0,0,0,0,0,0,0,0,0,0,0,0,0,0,0,0,0,0,0,0,0,0,0,0,0,0,0,0,0,0,0,0,0,0,0,0,0,0,0,0,0,0,0,0,0,0,0,137,242,32,0,0,0,0,0,0,0,0,0,0,0,0,0,0,0,0,0,0,0,0,0,0,0,0,0,137,254,106,0,0,0,0,0,0,0,0,0,0,0,0,0,0,0,0,0,0,0,0,0,0,0,0,0,187,254,52,0,0,0,0,0,0,0,0,0,0,0,0,0,0,0,0,0,0,0,0,0,0,0,0,0,211,254,52,0,0,0,0,0,0,0,0,0,0,0,0,0,0,0,0,0,34,31,0,0,0,0,0,0,211,254,52,0,0,0,0,0,0,0,0,0,0,0,0,0,0,0,0,13,206,212,11,0,0,0,0,0,211,254,52,0,0,0,0,0,0,0,0,0,0,0,0,0,0,0,0,130,254,161,2,0,0,0,0,28,251,254,49,0,18,8,0,0,0,0,0,0,0,0,0,0,0,0,33,243,238,64,0,0,0,0,0,86,254,219,0,3,128,5,0,0,0,0,0,0,0,0,0,0,0,0,101,254,162,0,0,0,0,0,0,104,254,136,0,62,226,11,0,0,0,0,0,0,0,0,0,0,0,0,90,254,162,0,0,0,0,0,0,157,254,85,46,244,152,0,0,0,0,0,0,0,0,0,0,0,0,0,26,254,182,0,0,0,0,0,0,219,254,181,232,226,58,0,0,0,0,0,0,0,0,0,0,0,0,0,1,120,253,157,48,0,0,0,46,253,254,254,186,8,0,0,0,0,0,0,0,0,0,0,0,0,0,0,0,0,122,254,240,211,146,211,248,254,254,188,37,0,0,0,0,0,0,0,0,0,0,0,0,0,0,0,0,0,1,69,198,236,255,254,248,254,254,11,0,0,0,0,0,0,0,0,0,0,0,0,0,0,0,0,0,0,0,0,0,9,52,52,38,252,218,5,0,0,0,0,0,0,0,0,0,0,0,0,0,0,0,0,0,0,0,0,0,0,0,0,0,204,196,1,0,0,0,0,0,0,0,0,0,0,0,0,0,0,0,0,0,0,0,0,0,0,0,0,0,191,191,0,0,0,0,0,0,0,0,0,0,0,0,0,0,0,0,0,0,0,0,0,0,0,0,0,3,252,191,0,0,0,0,0,0,0,0,0,0,0,0,0,0,0,0,0,0,0,0,0,0,0,0,0,19,186,191,0,0,0,0,0,0,0,0,0,0,0,0,0,0,0,0,0,0,0,0,0,0,0,0,0,0,74,136,0,0,0,0,0,0,0,0,0,0,0,0,0,0,0,0,0,0,0,0,0,0,0,0,0,0,0,0,0,0,0,0,0,0,0,0,0,0,0,0,0,0,0,0,0,0,0,0,0,0,0,0,0,0,0,0,0,0,0,0,0,0,0,0,0,0,0,0,0,0,0,0,0,0,0,0,0,0,0,0,0,0,0,0,0,0,0,0,0,0,0,0,0,0,0
4,0,0,0,0,0,0,0,0,0,0,0,0,0,0,0,0,0,0,0,0,0,0,0,0,0,0,0,0,0,0,0,0,0,0,0,0,0,0,0,0,0,0,0,0,0,0,0,0,0,0,0,0,0,0,0,0,0,0,0,0,0,0,0,0,0,0,0,0,0,0,0,0,0,0,0,0,0,0,0,0,0,0,0,0,0,0,0,0,0,0,0,0,0,0,0,0,0,0,0,0,0,0,0,0,0,0,0,0,0,0,0,0,0,0,0,0,0,0,0,0,0,0,0,0,113,219,25,0,0,0,0,0,0,0,0,0,0,0,0,0,0,0,0,0,0,0,0,0,0,0,0,100,250,254,46,0,0,0,0,0,0,0,0,0,0,0,0,0,0,0,0,0,0,0,0,0,0,0,39,228,254,176,0,0,0,0,0,0,0,0,0,0,0,0,0,0,0,0,0,0,0,0,0,0,0,6,201,254,254,66,0,0,0,0,0,0,0,0,0,0,0,0,0,0,0,0,0,0,0,0,0,0,0,90,254,254,175,5,0,0,0,0,0,0,0,0,0,0,0,0,0,0,0,0,0,0,0,0,0,0,0,207,254,249,87,0,0,0,8,19,2,0,0,0,0,0,0,0,0,0,0,0,0,0,0,0,0,0,18,224,254,162,0,0,0,0,138,254,117,0,0,0,0,0,0,0,0,0,0,0,0,0,0,0,0,0,29,235,254,176,0,0,0,0,195,254,241,35,0,0,0,0,0,0,0,0,0,0,0,0,0,0,0,0,48,254,254,103,0,0,0,0,198,254,212,6,0,0,0,0,0,0,0,0,0,0,0,0,0,0,0,0,48,254,254,103,0,0,0,0,198,254,254,47,0,0,0,0,0,0,0,0,0,0,0,0,0,0,0,0,48,254,254,177,67,67,127,160,234,254,242,35,0,0,0,0,0,0,0,0,0,0,0,0,0,0,0,0,6,212,254,254,254,254,255,254,254,254,157,0,0,0,0,0,0,0,0,0,0,0,0,0,0,0,0,0,0,88,216,250,254,247,245,246,254,254,113,0,0,0,0,0,0,0,0,0,0,0,0,0,0,0,0,0,0,0,0,50,85,22,0,38,254,254,113,0,0,0,0,0,0,0,0,0,0,0,0,0,0,0,0,0,0,0,0,0,0,0,0,126,254,254,113,0,0,0,0,0,0,0,0,0,0,0,0,0,0,0,0,0,0,0,0,0,0,0,0,174,254,254,106,0,0,0,0,0,0,0,0,0,0,0,0,0,0,0,0,0,0,0,0,0,0,0,0,195,254,254,85,0,0,0,0,0,0,0,0,0,0,0,0,0,0,0,0,0,0,0,0,0,0,0,0,132,254,254,113,0,0,0,0,0,0,0,0,0,0,0,0,0,0,0,0,0,0,0,0,0,0,0,0,122,254,254,113,0,0,0,0,0,0,0,0,0,0,0,0,0,0,0,0,0,0,0,0,0,0,0,0,24,233,254,78,0,0,0,0,0,0,0,0,0,0,0,0,0,0,0,0,0,0,0,0,0,0,0,0,0,0,0,0,0,0,0,0,0,0,0,0,0,0,0,0,0,0,0,0,0,0,0,0,0,0,0,0,0,0,0,0,0,0,0,0,0,0,0,0,0,0,0,0,0,0,0,0,0,0,0,0,0,0,0,0,0,0,0,0,0,0,0,0,0,0,0,0,0,0,0,0,0,0,0,0,0,0,0,0,0,0,0,0,0,0,0,0,0,0,0,0,0,0,0,0,0
1,0,0,0,0,0,0,0,0,0,0,0,0,0,0,0,0,0,0,0,0,0,0,0,0,0,0,0,0,0,0,0,0,0,0,0,0,0,0,0,0,0,0,0,0,0,0,0,0,0,0,0,0,0,0,0,0,0,0,0,0,0,0,0,0,0,0,0,0,0,0,0,0,0,0,0,0,0,0,0,0,0,0,0,0,0,0,0,0,0,0,0,0,0,0,0,0,0,0,0,0,0,0,0,0,0,0,0,0,0,0,0,0,0,0,0,0,0,0,0,0,0,0,0,0,0,0,0,0,0,0,0,0,0,0,0,0,0,0,0,0,0,0,0,0,0,0,0,0,0,0,0,0,160,143,70,0,0,0,0,0,0,0,0,0,0,0,0,0,0,0,0,0,0,0,0,0,0,0,0,0,217,252,201,12,0,0,0,0,0,0,0,0,0,0,0,0,0,0,0,0,0,0,0,0,0,0,0,0,217,252,252,138,0,0,0,0,0,0,0,0,0,0,0,0,0,0,0,0,0,0,0,0,0,0,0,0,217,252,252,241,0,0,0,0,0,0,0,0,0,0,0,0,0,0,0,0,0,0,0,0,0,0,0,0,130,252,252,241,0,0,0,0,0,0,0,0,0,0,0,0,0,0,0,0,0,0,0,0,0,0,0,0,23,234,252,245,31,0,0,0,0,0,0,0,0,0,0,0,0,0,0,0,0,0,0,0,0,0,0,0,0,229,252,253,108,0,0,0,0,0,0,0,0,0,0,0,0,0,0,0,0,0,0,0,0,0,0,0,0,229,252,253,108,0,0,0,0,0,0,0,0,0,0,0,0,0,0,0,0,0,0,0,0,0,0,0,0,229,252,253,217,0,0,0,0,0,0,0,0,0,0,0,0,0,0,0,0,0,0,0,0,0,0,0,0,229,252,253,228,0,0,0,0,0,0,0,0,0,0,0,0,0,0,0,0,0,0,0,0,0,0,0,0,230,253,255,229,0,0,0,0,0,0,0,0,0,0,0,0,0,0,0,0,0,0,0,0,0,0,0,0,160,252,253,230,10,0,0,0,0,0,0,0,0,0,0,0,0,0,0,0,0,0,0,0,0,0,0,0,42,245,253,252,96,0,0,0,0,0,0,0,0,0,0,0,0,0,0,0,0,0,0,0,0,0,0,0,21,243,253,252,96,0,0,0,0,0,0,0,0,0,0,0,0,0,0,0,0,0,0,0,0,0,0,0,109,252,253,252,96,0,0,0,0,0,0,0,0,0,0,0,0,0,0,0,0,0,0,0,0,0,0,0,78,249,253,252,96,0,0,0,0,0,0,0,0,0,0,0,0,0,0,0,0,0,0,0,0,0,0,0,0,143,253,252,96,0,0,0,0,0,0,0,0,0,0,0,0,0,0,0,0,0,0,0,0,0,0,0,0,121,253,252,96,0,0,0,0,0,0,0,0,0,0,0,0,0,0,0,0,0,0,0,0,0,0,0,0,69,253,252,96,0,0,0,0,0,0,0,0,0,0,0,0,0,0,0,0,0,0,0,0,0,0,0,0,0,17,189,50,0,0,0,0,0,0,0,0,0,0,0,0,0,0,0,0,0,0,0,0,0,0,0,0,0,0,0,0,0,0,0,0,0,0,0,0,0,0,0,0,0,0,0,0,0,0,0,0,0,0,0,0,0,0,0,0,0,0,0,0,0,0,0,0,0,0,0,0,0,0,0,0,0,0,0,0,0,0,0,0,0,0,0,0,0,0,0,0,0,0,0,0,0,0
2,0,0,0,0,0,0,0,0,0,0,0,0,0,0,0,0,0,0,0,0,0,0,0,0,0,0,0,0,0,0,0,0,0,0,0,0,0,0,0,0,0,0,0,0,0,0,0,0,0,0,0,0,0,0,0,0,0,0,0,0,0,0,0,0,0,0,0,0,0,0,0,0,0,0,0,0,0,0,0,0,0,0,0,0,0,0,0,0,0,0,0,0,0,0,0,0,0,0,0,0,0,0,0,0,0,0,0,0,0,0,0,0,0,0,0,0,0,0,0,0,0,0,79,109,255,211,191,109,63,0,0,0,0,0,0,0,0,0,0,0,0,0,0,0,0,0,0,0,32,197,242,252,253,252,252,252,238,175,21,0,0,0,0,0,0,0,0,0,0,0,0,0,0,0,0,1,211,252,252,252,217,215,221,252,253,252,175,0,0,0,0,0,0,0,0,0,0,0,0,0,0,0,0,84,252,252,148,108,0,0,16,108,253,252,236,62,0,0,0,0,0,0,0,0,0,0,0,0,0,0,0,1,252,118,0,0,0,0,0,0,62,237,252,252,0,0,0,0,0,0,0,0,0,0,0,0,0,0,0,1,35,5,0,0,0,0,0,0,0,217,252,252,125,0,0,0,0,0,0,0,0,0,0,0,0,0,0,0,0,0,0,0,0,0,0,0,0,217,252,252,144,0,0,0,0,0,0,0,0,0,0,0,0,0,0,0,0,0,0,0,0,0,0,0,0,217,252,252,144,0,0,0,0,0,0,0,0,0,0,0,0,0,0,0,0,32,109,47,0,0,0,0,0,218,253,253,145,0,0,0,0,0,0,0,0,0,0,0,0,0,0,0,32,207,252,232,156,52,0,0,0,93,252,252,207,20,0,0,0,0,0,0,0,0,0,0,0,0,0,1,129,252,252,252,253,231,51,0,0,176,252,252,125,0,0,0,0,0,0,0,0,0,0,0,0,0,0,84,252,252,148,190,253,252,71,0,63,237,252,168,0,0,0,0,0,0,0,0,0,0,0,0,0,0,0,145,253,253,72,0,192,253,253,170,255,253,253,108,0,0,0,0,0,0,0,0,0,0,0,0,0,0,0,144,252,189,10,0,78,242,252,252,253,252,241,77,0,0,0,0,0,0,0,0,0,0,0,0,0,0,27,221,252,76,0,0,0,103,241,252,253,252,112,0,0,0,0,0,0,0,0,0,0,0,0,0,0,0,37,252,252,35,0,0,0,42,221,252,253,252,154,0,0,0,0,0,0,0,0,0,0,0,0,0,0,0,37,253,253,35,0,0,47,233,253,253,255,253,253,170,0,0,0,0,0,0,0,0,0,0,0,0,0,0,37,252,252,77,11,73,233,252,252,210,180,200,252,252,84,0,0,0,0,0,0,0,0,0,0,0,0,0,37,252,252,231,191,252,253,252,205,31,0,21,71,71,0,0,0,0,0,0,0,0,0,0,0,0,0,0,16,190,252,252,252,252,253,128,31,0,0,0,0,0,0,0,0,0,0,0,0,0,0,0,0,0,0,0,0,0,0,0,0,0,0,0,0,0,0,0,0,0,0,0,0,0,0,0,0,0,0,0,0,0,0,0,0,0,0,0,0,0,0,0,0,0,0,0,0,0,0,0,0,0,0,0,0,0,0,0,0,0,0,0,0,0,0,0,0,0,0,0,0,0,0,0,0,0,0,0,0,0,0,0,0,0,0,0,0,0,0,0,0,0,0,0,0,0,0,0,0,0,0,0,0,0,0,0,0,0,0,0,0,0
9,0,0,0,0,0,0,0,0,0,0,0,0,0,0,0,0,0,0,0,0,0,0,0,0,0,0,0,0,0,0,0,0,0,0,0,0,0,0,0,0,0,0,0,0,0,0,0,0,0,0,0,0,0,0,0,0,0,0,0,0,0,0,0,0,0,0,0,0,0,0,0,0,0,0,0,0,0,0,0,0,0,0,0,0,0,0,0,0,0,0,0,0,0,0,0,0,0,0,0,0,0,0,0,0,0,0,0,0,0,0,0,0,0,0,0,0,0,0,0,0,0,0,0,0,0,0,0,0,0,0,0,0,0,0,0,0,0,0,0,0,0,0,0,0,0,0,0,0,0,0,0,0,0,0,0,0,0,0,0,0,0,0,0,0,0,0,0,0,0,0,0,0,0,0,0,0,0,0,0,17,118,243,255,253,222,36,0,0,0,0,0,0,0,0,0,0,0,0,0,0,0,0,0,0,0,0,51,228,252,252,253,252,252,219,109,0,0,0,0,0,0,0,0,0,0,0,0,0,0,0,0,0,0,49,228,252,195,130,69,90,202,252,252,85,0,0,0,0,0,0,0,0,0,0,0,0,0,0,0,0,43,233,252,227,29,0,0,0,13,215,252,210,0,0,0,0,0,0,0,0,0,0,0,0,0,0,0,0,168,253,231,48,0,0,0,0,32,228,252,178,0,0,0,0,0,0,0,0,0,0,0,0,0,0,0,0,231,255,196,0,0,0,0,5,191,253,253,106,0,0,0,0,0,0,0,0,0,0,0,0,0,0,0,17,234,253,92,0,0,0,5,136,252,252,252,0,0,0,0,0,0,0,0,0,0,0,0,0,0,0,0,93,252,236,25,0,0,0,55,252,252,252,252,0,0,0,0,0,0,0,0,0,0,0,0,0,0,0,0,59,244,249,118,0,0,95,233,252,252,252,252,0,0,0,0,0,0,0,0,0,0,0,0,0,0,0,0,0,230,253,248,146,210,240,253,231,117,252,252,0,0,0,0,0,0,0,0,0,0,0,0,0,0,0,0,0,53,233,253,253,253,232,158,0,70,253,253,0,0,0,0,0,0,0,0,0,0,0,0,0,0,0,0,0,0,9,92,92,92,8,0,0,70,252,252,0,0,0,0,0,0,0,0,0,0,0,0,0,0,0,0,0,0,0,0,0,0,0,0,0,101,252,252,0,0,0,0,0,0,0,0,0,0,0,0,0,0,0,0,0,0,0,0,0,0,0,0,0,184,252,252,0,0,0,0,0,0,0,0,0,0,0,0,0,0,0,0,0,0,0,0,0,0,0,0,0,131,252,252,0,0,0,0,0,0,0,0,0,0,0,0,0,0,0,0,0,0,0,0,0,0,0,0,0,70,253,253,0,0,0,0,0,0,0,0,0,0,0,0,0,0,0,0,0,0,0,0,0,0,0,0,0,70,252,252,0,0,0,0,0,0,0,0,0,0,0,0,0,0,0,0,0,0,0,0,0,0,0,0,0,70,252,252,85,0,0,0,0,0,0,0,0,0,0,0,0,0,0,0,0,0,0,0,0,0,0,0,0,44,236,252,116,0,0,0,0,0,0,0,0,0,0,0,0,0,0,0,0,0,0,0,0,0,0,0,0,0,207,252,63,0,0,0,0,0,0,0,0,0,0,0,0,0,0,0,0,0,0,0,0,0,0,0,0,0,0,0,0,0,0,0,0,0,0,0,0,0,0,0,0,0,0,0,0,0,0,0,0,0,0,0,0,0,0,0,0,0,0,0,0,0,0,0,0
1,0,0,0,0,0,0,0,0,0,0,0,0,0,0,0,0,0,0,0,0,0,0,0,0,0,0,0,0,0,0,0,0,0,0,0,0,0,0,0,0,0,0,0,0,0,0,0,0,0,0,0,0,0,0,0,0,0,0,0,0,0,0,0,0,0,0,0,0,0,0,0,0,0,0,0,0,0,0,0,0,0,0,0,0,0,0,0,0,0,0,0,0,0,0,0,0,0,0,0,0,0,0,0,0,0,0,0,0,0,0,0,0,0,0,0,0,0,0,0,0,0,0,0,0,0,0,0,0,0,125,253,163,0,0,0,0,0,0,0,0,0,0,0,0,0,0,0,0,0,0,0,0,0,0,0,0,58,246,250,112,0,0,0,0,0,0,0,0,0,0,0,0,0,0,0,0,0,0,0,0,0,0,0,0,96,254,252,84,0,0,0,0,0,0,0,0,0,0,0,0,0,0,0,0,0,0,0,0,0,0,0,92,214,254,243,0,0,0,0,0,0,0,0,0,0,0,0,0,0,0,0,0,0,0,0,0,0,0,0,196,254,254,49,0,0,0,0,0,0,0,0,0,0,0,0,0,0,0,0,0,0,0,0,0,0,0,53,248,254,254,5,0,0,0,0,0,0,0,0,0,0,0,0,0,0,0,0,0,0,0,0,0,0,21,211,254,254,196,3,0,0,0,0,0,0,0,0,0,0,0,0,0,0,0,0,0,0,0,0,0,0,109,254,254,246,21,0,0,0,0,0,0,0,0,0,0,0,0,0,0,0,0,0,0,0,0,0,0,16,220,254,254,140,0,0,0,0,0,0,0,0,0,0,0,0,0,0,0,0,0,0,0,0,0,0,0,108,254,255,200,13,0,0,0,0,0,0,0,0,0,0,0,0,0,0,0,0,0,0,0,0,0,0,5,229,254,254,141,0,0,0,0,0,0,0,0,0,0,0,0,0,0,0,0,0,0,0,0,0,0,0,107,254,254,255,59,0,0,0,0,0,0,0,0,0,0,0,0,0,0,0,0,0,0,0,0,0,0,0,233,254,254,147,6,0,0,0,0,0,0,0,0,0,0,0,0,0,0,0,0,0,0,0,0,0,0,106,254,254,233,38,0,0,0,0,0,0,0,0,0,0,0,0,0,0,0,0,0,0,0,0,0,0,0,176,254,254,213,0,0,0,0,0,0,0,0,0,0,0,0,0,0,0,0,0,0,0,0,0,0,0,17,231,254,254,191,0,0,0,0,0,0,0,0,0,0,0,0,0,0,0,0,0,0,0,0,0,0,0,67,247,254,254,95,0,0,0,0,0,0,0,0,0,0,0,0,0,0,0,0,0,0,0,0,0,0,0,71,249,254,236,20,0,0,0,0,0,0,0,0,0,0,0,0,0,0,0,0,0,0,0,0,0,0,0,90,254,254,183,0,0,0,0,0,0,0,0,0,0,0,0,0,0,0,0,0,0,0,0,0,0,0,0,6,228,252,60,0,0,0,0,0,0,0,0,0,0,0,0,0,0,0,0,0,0,0,0,0,0,0,0,0,0,0,0,0,0,0,0,0,0,0,0,0,0,0,0,0,0,0,0,0,0,0,0,0,0,0,0,0,0,0,0,0,0,0,0,0,0,0,0,0,0,0,0,0,0,0,0,0,0,0,0,0,0,0,0,0,0,0,0,0,0,0,0,0,0,0,0,0,0,0,0,0,0,0,0,0,0,0,0,0,0,0,0,0,0,0,0,0,0,0,0,0,0,0,0,0,0,0,0,0,0,0
4,0,0,0,0,0,0,0,0,0,0,0,0,0,0,0,0,0,0,0,0,0,0,0,0,0,0,0,0,0,0,0,0,0,0,0,0,0,0,0,0,0,0,0,0,0,0,0,0,0,0,0,0,0,0,0,0,0,0,0,0,0,0,0,0,0,0,0,0,0,0,0,0,0,0,0,0,0,0,0,0,0,0,0,0,0,0,0,0,0,0,0,0,0,0,0,0,0,0,0,0,0,0,0,0,0,0,0,0,0,0,0,0,0,0,0,0,0,0,0,0,0,0,0,0,0,0,0,0,0,0,0,0,0,0,0,0,0,0,0,0,0,0,0,0,0,0,0,0,136,254,70,0,0,0,0,0,0,0,0,0,0,0,0,0,0,0,0,0,0,0,0,0,0,0,0,1,178,253,69,0,0,0,0,0,0,0,55,36,0,0,0,0,0,0,0,0,0,0,0,0,0,0,0,21,253,253,69,0,0,0,0,0,0,18,197,173,0,0,0,0,0,0,0,0,0,0,0,0,0,0,0,28,253,228,10,0,0,0,0,0,0,70,254,173,0,0,0,0,0,0,0,0,0,0,0,0,0,0,0,149,253,155,0,0,0,0,0,0,0,138,254,106,0,0,0,0,0,0,0,0,0,0,0,0,0,0,0,219,253,124,0,0,0,0,0,0,0,169,231,7,0,0,0,0,0,0,0,0,0,0,0,0,0,0,0,219,253,91,0,0,0,0,0,0,6,198,238,30,0,0,0,0,0,0,0,0,0,0,0,0,0,0,0,219,253,80,0,0,0,0,0,0,71,253,228,0,0,0,0,0,0,0,0,0,0,0,0,0,0,0,0,220,253,124,0,0,0,0,0,0,116,253,229,0,0,0,0,0,0,0,0,0,0,0,0,0,0,0,0,102,253,240,117,50,50,50,50,113,197,253,228,0,0,0,0,0,0,0,0,0,0,0,0,0,0,0,0,12,178,253,253,253,253,253,253,253,253,253,148,0,0,0,0,0,0,0,0,0,0,0,0,0,0,0,0,0,0,86,166,193,194,193,193,208,253,253,67,0,0,0,0,0,0,0,0,0,0,0,0,0,0,0,0,0,0,0,0,0,0,0,0,66,253,222,16,0,0,0,0,0,0,0,0,0,0,0,0,0,0,0,0,0,0,0,0,0,0,0,0,159,253,118,0,0,0,0,0,0,0,0,0,0,0,0,0,0,0,0,0,0,0,0,0,0,0,0,0,111,254,133,0,0,0,0,0,0,0,0,0,0,0,0,0,0,0,0,0,0,0,0,0,0,0,0,0,60,253,183,0,0,0,0,0,0,0,0,0,0,0,0,0,0,0,0,0,0,0,0,0,0,0,0,0,5,217,248,27,0,0,0,0,0,0,0,0,0,0,0,0,0,0,0,0,0,0,0,0,0,0,0,0,0,179,253,139,0,0,0,0,0,0,0,0,0,0,0,0,0,0,0,0,0,0,0,0,0,0,0,0,0,116,253,253,245,115,0,0,0,0,0,0,0,0,0,0,0,0,0,0,0,0,0,0,0,0,0,0,0,25,121,242,222,33,0,0,0,0,0,0,0,0,0,0,0,0,0,0,0,0,0,0,0,0,0,0,0,0,0,0,0,0,0,0,0,0,0,0,0,0,0,0,0,0,0,0,0,0,0,0,0,0,0,0,0,0,0,0,0,0,0,0,0,0,0,0,0,0,0,0,0,0,0,0,0,0,0,0,0,0,0,0,0,0,0,0,0,0,0,0,0,0,0,0,0
6,0,0,0,0,0,0,0,0,0,0,0,0,0,0,0,0,0,0,0,0,0,0,0,0,0,0,0,0,0,0,0,0,0,0,0,0,0,0,0,0,0,0,0,0,0,0,0,0,0,0,0,0,0,0,0,0,0,0,0,0,0,0,0,0,0,0,0,11,173,41,0,0,0,0,0,0,0,0,0,0,0,0,0,0,0,0,0,0,0,0,0,0,0,0,0,51,252,243,40,0,0,0,0,0,0,0,0,0,0,0,0,0,0,0,0,0,0,0,0,0,0,0,21,214,253,82,0,0,0,0,0,0,0,0,0,0,0,0,0,0,0,0,0,0,0,0,0,0,0,0,142,253,252,0,0,0,0,0,0,0,0,0,0,0,0,0,0,0,0,0,0,0,0,0,0,0,0,72,253,254,91,0,0,0,0,0,0,0,0,0,0,0,0,0,0,0,0,0,0,0,0,0,0,0,0,152,252,233,30,0,0,0,0,0,0,0,0,0,0,0,0,0,0,0,0,0,0,0,0,0,0,0,0,152,253,183,0,0,0,0,0,0,0,0,0,0,0,0,0,0,0,0,0,0,0,0,0,0,0,0,0,233,252,20,0,0,0,0,0,0,0,0,0,0,0,0,0,0,0,0,0,0,0,0,0,0,0,0,21,254,253,41,0,0,0,0,0,0,0,0,0,0,0,0,0,0,0,0,0,0,0,0,0,0,0,0,102,253,252,0,0,0,0,0,0,0,0,0,0,0,0,0,0,0,0,0,0,0,0,0,0,0,0,0,163,254,151,0,0,0,0,0,0,0,0,0,0,0,0,0,0,0,0,0,0,0,0,0,0,0,0,0,203,253,151,0,0,0,0,0,0,0,41,102,20,0,0,0,0,0,0,0,0,0,0,0,0,0,0,0,203,254,253,0,0,0,0,0,62,254,253,254,213,62,0,0,0,0,0,0,0,0,0,0,0,0,0,0,162,253,252,0,0,0,0,0,102,253,252,253,252,142,0,0,0,0,0,0,0,0,0,0,0,0,0,0,102,254,253,123,0,0,0,0,102,254,253,113,253,203,0,0,0,0,0,0,0,0,0,0,0,0,0,0,20,213,252,223,20,0,0,0,20,213,252,233,252,122,0,0,0,0,0,0,0,0,0,0,0,0,0,0,0,52,253,255,213,21,41,0,0,0,0,255,253,103,0,0,0,0,0,0,0,0,0,0,0,0,0,0,0,10,172,213,252,203,223,142,102,102,183,253,212,20,0,0,0,0,0,0,0,0,0,0,0,0,0,0,0,0,0,62,183,255,253,255,253,255,253,203,20,0,0,0,0,0,0,0,0,0,0,0,0,0,0,0,0,0,0,0,0,91,212,253,252,213,212,20,0,0,0,0,0,0,0,0,0,0,0,0,0,0,0,0,0,0,0,0,0,0,0,0,0,0,0,0,0,0,0,0,0,0,0,0,0,0,0,0,0,0,0,0,0,0,0,0,0,0,0,0,0,0,0,0,0,0,0,0,0,0,0,0,0,0,0,0,0,0,0,0,0,0,0,0,0,0,0,0,0,0,0,0,0,0,0,0,0,0,0,0,0,0,0,0,0,0,0,0,0,0,0,0,0,0,0,0,0,0,0,0,0,0,0,0,0,0,0,0,0,0,0,0,0,0,0,0,0,0,0,0,0,0,0,0,0,0,0,0,0,0,0,0,0,0,0,0,0,0,0,0,0,0,0,0,0,0,0,0,0,0,0,0,0,0,0,0,0,0,0,0,0,0,0,0
9,0,0,0,0,0,0,0,0,0,0,0,0,0,0,0,0,0,0,0,0,0,0,0,0,0,0,0,0,0,0,0,0,0,0,0,0,0,0,0,0,0,0,0,0,0,0,0,0,0,0,0,0,0,0,0,0,0,0,0,0,0,0,0,0,0,0,0,0,0,0,0,0,0,0,0,0,0,0,0,0,0,0,0,0,0,0,0,0,0,0,0,0,0,0,0,0,0,0,0,0,0,0,0,0,0,0,0,0,0,0,0,0,0,0,0,0,0,0,0,0,0,0,0,0,0,0,0,0,0,0,0,0,0,0,0,0,0,0,0,0,0,0,0,0,0,0,0,0,0,0,0,0,0,0,0,0,0,0,0,0,0,0,0,0,0,0,0,0,0,0,0,0,0,0,0,23,120,163,254,254,254,194,156,89,27,0,0,0,0,0,0,0,0,0,0,0,0,0,0,0,0,0,4,185,254,251,233,233,195,196,250,253,217,72,0,0,0,0,0,0,0,0,0,0,0,0,0,0,0,0,137,253,254,135,0,0,0,0,74,199,253,223,31,0,0,0,0,0,0,0,0,0,0,0,0,0,0,43,244,253,95,3,0,0,0,0,0,6,145,253,159,21,0,0,0,0,0,0,0,0,0,0,0,0,0,153,253,215,0,0,0,0,0,0,0,0,136,253,254,135,0,0,0,0,0,0,0,0,0,0,0,0,13,224,254,58,0,0,0,0,0,0,0,0,31,240,255,196,0,0,0,0,0,0,0,0,0,0,0,0,20,253,219,9,0,0,0,0,0,0,0,0,0,195,254,233,0,0,0,0,0,0,0,0,0,0,0,0,20,253,213,0,0,0,0,0,0,0,0,0,0,195,254,247,84,0,0,0,0,0,0,0,0,0,0,0,20,253,250,54,0,0,0,0,0,0,0,0,37,226,254,253,174,0,0,0,0,0,0,0,0,0,0,0,5,155,253,133,38,0,0,0,0,0,0,0,174,253,254,253,205,8,0,0,0,0,0,0,0,0,0,0,0,31,242,254,255,163,59,59,59,59,104,224,254,171,232,254,254,19,0,0,0,0,0,0,0,0,0,0,0,0,51,211,254,253,253,253,253,254,253,239,91,9,156,253,247,18,0,0,0,0,0,0,0,0,0,0,0,0,0,0,101,174,174,205,174,175,92,24,0,0,156,253,229,13,0,0,0,0,0,0,0,0,0,0,0,0,0,0,0,0,0,8,0,0,0,0,0,0,156,253,253,19,0,0,0,0,0,0,0,0,0,0,0,0,0,0,0,0,0,0,0,0,0,0,0,0,156,253,253,19,0,0,0,0,0,0,0,0,0,0,0,0,0,0,0,0,0,0,0,0,0,0,0,0,255,254,205,8,0,0,0,0,0,0,0,0,0,0,0,0,0,0,0,0,0,0,0,0,0,0,0,46,254,253,92,0,0,0,0,0,0,0,0,0,0,0,0,0,0,0,0,0,0,0,0,0,0,0,0,98,254,253,78,0,0,0,0,0,0,0,0,0,0,0,0,0,0,0,0,0,0,0,0,0,0,0,0,135,254,234,6,0,0,0,0,0,0,0,0,0,0,0,0,0,0,0,0,0,0,0,0,0,0,0,0,60,216,158,0,0,0,0,0,0,0,0,0,0,0,0,0,0,0,0,0,0,0,0,0,0,0,0,0,0,0,0,0,0,0,0,0,0,0,0,0,0,0,0,0,0,0,0,0,0,0,0,0,0,0,0,0,0,0,0,0,0,0,0,0,0,0,0
9,0,0,0,0,0,0,0,0,0,0,0,0,0,0,0,0,0,0,0,0,0,0,0,0,0,0,0,0,0,0,0,0,0,0,0,0,0,0,0,0,0,0,0,0,0,0,0,0,0,0,0,0,0,0,0,0,0,0,0,0,0,0,0,0,0,0,0,0,0,0,0,0,0,0,0,0,0,0,0,0,0,0,0,0,0,0,0,0,0,0,0,0,0,0,0,0,0,0,0,0,0,0,0,0,0,0,0,0,0,0,0,0,0,0,0,0,0,0,0,0,0,0,0,0,0,0,0,0,0,0,0,0,0,0,0,0,0,0,0,0,0,0,0,0,0,0,0,0,0,0,0,0,0,0,0,0,0,0,0,0,0,0,0,0,0,0,0,0,0,0,0,0,0,0,0,0,0,0,0,5,86,143,255,254,185,26,0,0,0,0,0,0,0,0,0,0,0,0,0,0,0,0,0,0,0,0,60,188,248,183,100,136,249,243,40,0,0,0,0,0,0,0,0,0,0,0,0,0,0,0,0,0,0,29,234,246,83,0,0,0,128,253,191,0,0,0,0,0,0,0,0,0,0,0,0,0,0,0,0,0,16,200,253,114,0,0,0,0,107,253,230,99,5,0,0,0,0,0,0,0,0,0,0,0,0,0,0,0,123,253,167,5,0,0,0,0,63,244,253,253,32,0,0,0,0,0,0,0,0,0,0,0,0,0,0,0,191,253,99,0,0,0,0,0,0,128,253,243,26,0,0,0,0,0,0,0,0,0,0,0,0,0,0,8,215,242,25,0,0,0,0,0,6,199,253,185,0,0,0,0,0,0,0,0,0,0,0,0,0,0,0,81,253,204,0,0,0,0,0,5,189,253,253,101,0,0,0,0,0,0,0,0,0,0,0,0,0,0,0,115,253,204,0,0,0,0,29,215,253,253,253,41,0,0,0,0,0,0,0,0,0,0,0,0,0,0,0,36,253,236,48,0,0,159,249,253,226,253,226,15,0,0,0,0,0,0,0,0,0,0,0,0,0,0,0,11,218,254,235,98,191,254,188,51,189,254,210,0,0,0,0,0,0,0,0,0,0,0,0,0,0,0,0,0,49,197,251,253,243,130,0,2,192,253,126,0,0,0,0,0,0,0,0,0,0,0,0,0,0,0,0,0,0,0,57,65,25,0,0,17,253,253,49,0,0,0,0,0,0,0,0,0,0,0,0,0,0,0,0,0,0,0,0,0,0,0,0,81,253,249,43,0,0,0,0,0,0,0,0,0,0,0,0,0,0,0,0,0,0,0,0,0,0,0,0,138,253,207,0,0,0,0,0,0,0,0,0,0,0,0,0,0,0,0,0,0,0,0,0,0,0,0,0,180,253,138,0,0,0,0,0,0,0,0,0,0,0,0,0,0,0,0,0,0,0,0,0,0,0,0,0,180,253,67,0,0,0,0,0,0,0,0,0,0,0,0,0,0,0,0,0,0,0,0,0,0,0,0,0,180,253,57,0,0,0,0,0,0,0,0,0,0,0,0,0,0,0,0,0,0,0,0,0,0,0,0,8,248,230,4,0,0,0,0,0,0,0,0,0,0,0,0,0,0,0,0,0,0,0,0,0,0,0,0,3,206,123,0,0,0,0,0,0,0,0,0,0,0,0,0,0,0,0,0,0,0,0,0,0,0,0,0,0,0,0,0,0,0,0,0,0,0,0,0,0,0,0,0,0,0,0,0,0,0,0,0,0,0,0,0,0,0,0,0,0,0,0,0,0,0,0,0,0,0
3,0,0,0,0,0,0,0,0,0,0,0,0,0,0,0,0,0,0,0,0,0,0,0,0,0,0,0,0,0,0,0,0,0,0,0,0,0,0,0,0,0,0,0,0,0,0,0,0,0,0,0,0,0,0,0,0,0,0,0,0,0,0,0,0,0,0,0,0,0,0,0,0,0,0,0,0,0,0,0,0,0,0,0,0,0,0,0,0,0,0,0,0,0,0,0,0,0,0,0,0,0,0,0,0,0,0,0,0,0,0,0,0,0,0,0,0,0,0,0,0,0,0,0,0,0,0,0,0,0,0,0,0,0,0,0,0,0,0,0,0,0,0,0,0,0,0,0,0,0,0,0,0,0,0,0,0,0,0,0,0,0,0,0,0,0,0,0,0,0,0,0,0,0,0,0,0,0,0,22,97,150,120,204,254,194,67,0,0,0,0,0,0,0,0,0,0,0,0,0,0,0,0,76,122,187,242,245,254,254,254,232,254,254,161,0,0,0,0,0,0,0,0,0,0,0,0,0,0,0,0,126,254,254,221,180,116,69,44,193,254,254,49,0,0,0,0,0,0,0,0,0,0,0,0,0,0,0,0,64,129,63,13,0,0,38,220,254,254,130,2,0,0,0,0,0,0,0,0,0,0,0,0,0,0,0,0,0,0,0,0,0,0,45,254,254,219,8,0,0,0,0,0,0,0,0,0,0,0,0,0,0,0,0,0,0,0,0,0,0,0,28,231,254,254,210,10,0,0,0,0,0,0,0,0,0,0,0,0,0,0,0,0,0,0,0,0,0,0,0,10,149,231,254,182,8,0,0,0,0,0,0,0,0,0,0,0,0,0,0,0,0,0,0,0,0,0,0,0,0,6,231,254,47,0,0,0,0,0,0,0,0,0,0,0,0,0,0,0,0,0,0,0,0,0,0,0,0,0,40,250,163,0,0,0,0,0,0,0,0,0,0,0,0,0,0,0,0,0,0,0,0,0,0,0,0,0,0,246,229,19,0,0,0,0,0,0,0,0,0,0,0,0,0,0,0,0,0,0,0,0,0,0,0,0,0,172,254,36,0,0,0,0,0,0,0,0,0,0,0,0,0,0,0,0,0,0,0,0,0,0,0,0,0,157,254,36,0,0,0,0,0,0,0,0,0,0,0,0,0,0,0,0,0,0,0,0,0,0,0,0,0,221,254,36,0,0,0,0,0,0,0,0,0,0,0,0,0,0,0,0,0,0,0,0,0,0,0,0,26,249,218,12,0,0,0,0,0,0,0,0,0,0,0,0,0,0,0,0,0,0,0,0,0,0,0,2,158,254,59,0,0,0,0,0,0,0,0,0,0,0,0,0,0,0,0,0,0,0,0,0,0,0,0,75,254,217,10,0,0,0,0,0,0,0,0,0,0,0,0,0,0,0,0,0,0,0,0,0,0,5,117,245,254,65,0,0,0,0,0,0,0,0,0,0,0,0,0,0,0,0,0,0,0,0,100,103,122,212,254,245,167,5,0,0,0,0,0,0,0,0,0,0,0,0,0,0,0,0,0,0,0,0,161,254,254,254,242,65,0,0,0,0,0,0,0,0,0,0,0,0,0,0,0,0,0,0,0,0,0,0,74,165,228,154,44,0,0,0,0,0,0,0,0,0,0,0,0,0,0,0,0,0,0,0,0,0,0,0,0,0,0,0,0,0,0,0,0,0,0,0,0,0,0,0,0,0,0,0,0,0,0,0,0,0,0,0,0,0,0,0,0,0,0,0,0,0,0,0,0,0,0,0,0,0
9,0,0,0,0,0,0,0,0,0,0,0,0,0,0,0,0,0,0,0,0,0,0,0,0,0,0,0,0,0,0,0,0,0,0,0,0,0,0,0,0,0,0,0,0,0,0,0,0,0,0,0,0,0,0,0,0,0,0,0,0,0,0,0,0,0,0,0,0,0,0,0,0,0,0,0,0,0,0,0,0,0,0,0,0,0,0,0,0,0,0,0,0,0,0,0,0,0,0,0,0,0,0,0,0,0,0,0,0,0,0,0,0,0,0,0,0,0,0,0,0,0,0,0,0,0,0,0,0,0,0,0,0,0,0,0,0,0,0,0,0,0,0,0,0,0,0,0,0,0,0,0,0,0,0,0,0,0,0,0,0,0,0,0,0,0,0,0,0,0,0,0,0,0,0,0,0,0,0,42,175,251,189,159,226,215,27,0,0,0,0,0,0,0,0,0,0,0,0,0,0,0,0,0,0,0,47,218,223,57,0,0,38,233,173,7,0,0,0,0,0,0,0,0,0,0,0,0,0,0,0,0,0,40,225,223,39,0,0,0,0,142,254,16,0,0,0,0,0,0,0,0,0,0,0,0,0,0,0,0,0,125,251,82,0,0,0,0,0,58,254,16,0,0,0,0,0,0,0,0,0,0,0,0,0,0,0,0,0,234,189,0,0,0,0,0,0,172,214,6,0,0,0,0,0,0,0,0,0,0,0,0,0,0,0,0,64,255,154,0,0,0,0,0,57,240,66,165,239,0,0,0,0,0,0,0,0,0,0,0,0,0,0,0,36,247,174,0,0,0,0,7,218,229,224,254,246,28,0,0,0,0,0,0,0,0,0,0,0,0,0,0,0,159,247,47,0,0,0,8,172,239,254,254,227,12,0,0,0,0,0,0,0,0,0,0,0,0,0,0,0,35,255,230,79,64,89,173,246,222,151,254,115,0,0,0,0,0,0,0,0,0,0,0,0,0,0,0,0,0,76,234,254,254,254,225,129,8,143,254,55,0,0,0,0,0,0,0,0,0,0,0,0,0,0,0,0,0,0,0,15,80,55,0,0,18,235,250,0,0,0,0,0,0,0,0,0,0,0,0,0,0,0,0,0,0,0,0,0,0,0,0,0,83,254,139,0,0,0,0,0,0,0,0,0,0,0,0,0,0,0,0,0,0,0,0,0,0,0,0,6,176,254,55,0,0,0,0,0,0,0,0,0,0,0,0,0,0,0,0,0,0,0,0,0,0,0,0,52,254,178,2,0,0,0,0,0,0,0,0,0,0,0,0,0,0,0,0,0,0,0,0,0,0,0,0,112,254,86,0,0,0,0,0,0,0,0,0,0,0,0,0,0,0,0,0,0,0,0,0,0,0,0,1,170,252,30,0,0,0,0,0,0,0,0,0,0,0,0,0,0,0,0,0,0,0,0,0,0,0,0,16,254,206,0,0,0,0,0,0,0,0,0,0,0,0,0,0,0,0,0,0,0,0,0,0,0,0,0,16,254,206,0,0,0,0,0,0,0,0,0,0,0,0,0,0,0,0,0,0,0,0,0,0,0,0,0,2,198,181,0,0,0,0,0,0,0,0,0,0,0,0,0,0,0,0,0,0,0,0,0,0,0,0,0,0,141,181,0,0,0,0,0,0,0,0,0,0,0,0,0,0,0,0,0,0,0,0,0,0,0,0,0,0,0,0,0,0,0,0,0,0,0,0,0,0,0,0,0,0,0,0,0,0,0,0,0,0,0,0,0,0,0,0,0,0,0,0,0,0,0,0,0,0,0
8,0,0,0,0,0,0,0,0,0,0,0,0,0,0,0,0,0,0,0,0,0,0,0,0,0,0,0,0,0,0,0,0,0,0,0,0,0,0,0,0,0,0,0,0,0,0,0,0,0,0,0,0,0,0,0,0,0,0,0,0,0,0,0,0,0,0,0,0,0,0,0,0,0,0,0,0,0,0,0,0,0,0,0,0,0,0,0,0,0,0,0,0,0,0,0,0,0,0,0,0,0,0,0,0,0,0,0,0,0,0,0,0,0,0,0,0,0,0,0,0,0,0,0,0,0,0,0,0,0,0,0,0,0,0,0,0,0,0,0,0,0,0,0,0,0,0,0,0,0,0,0,0,0,0,0,5,111,186,253,253,253,99,0,0,0,0,0,0,0,0,0,0,0,0,0,0,0,0,0,0,0,0,29,187,252,226,186,201,252,241,0,0,0,0,0,0,0,0,0,0,0,0,0,0,0,0,0,0,0,31,214,253,154,27,0,10,207,241,0,0,0,0,0,0,0,0,0,0,0,0,0,0,0,39,219,242,242,245,252,59,3,0,0,29,227,232,0,0,0,0,0,0,0,0,0,0,0,0,0,0,15,222,252,252,252,228,252,25,0,0,0,128,252,131,0,0,0,0,0,0,0,0,0,0,0,0,0,0,23,252,252,210,97,31,55,24,0,0,56,234,252,45,0,0,0,0,0,0,0,0,0,0,0,0,0,0,128,252,248,78,0,0,0,0,0,0,233,252,166,2,0,0,0,0,0,0,0,0,0,0,0,0,0,0,242,252,97,0,0,0,0,0,0,81,248,199,22,0,0,0,0,0,0,0,0,0,0,0,0,0,0,31,245,252,55,0,14,159,92,78,107,241,246,61,0,0,0,0,0,0,0,0,0,0,0,0,0,0,0,56,248,252,55,0,45,252,252,253,252,252,87,0,0,0,0,0,0,0,0,0,0,0,0,0,0,0,0,0,181,253,69,0,45,253,253,255,253,253,88,0,0,0,0,0,0,0,0,0,0,0,0,0,0,0,0,0,56,252,226,124,147,252,252,216,203,252,230,0,0,0,0,0,0,0,0,0,0,0,0,0,0,0,0,0,14,175,252,252,252,252,166,19,67,252,249,73,0,0,0,0,0,0,0,0,0,0,0,0,0,0,0,0,0,3,142,252,252,202,16,0,67,252,241,42,0,0,0,0,0,0,0,0,0,0,0,0,0,0,0,0,0,0,160,252,223,23,0,8,155,252,206,0,0,0,0,0,0,0,0,0,0,0,0,0,0,0,0,0,0,20,217,252,170,0,0,158,252,252,34,0,0,0,0,0,0,0,0,0,0,0,0,0,0,0,0,0,0,61,252,247,58,45,217,253,220,88,1,0,0,0,0,0,0,0,0,0,0,0,0,0,0,0,0,0,0,99,252,252,209,252,252,228,106,0,0,0,0,0,0,0,0,0,0,0,0,0,0,0,0,0,0,0,0,39,236,252,252,252,185,29,0,0,0,0,0,0,0,0,0,0,0,0,0,0,0,0,0,0,0,0,0,0,112,195,233,142,19,0,0,0,0,0,0,0,0,0,0,0,0,0,0,0,0,0,0,0,0,0,0,0,0,0,0,0,0,0,0,0,0,0,0,0,0,0,0,0,0,0,0,0,0,0,0,0,0,0,0,0,0,0,0,0,0,0,0,0,0,0,0,0,0,0,0,0,0,0,0,0,0,0,0,0,0,0,0,0,0,0,0,0,0,0,0,0,0,0,0,0,0,0,0,0,0,0
4,0,0,0,0,0,0,0,0,0,0,0,0,0,0,0,0,0,0,0,0,0,0,0,0,0,0,0,0,0,0,0,0,0,0,0,0,0,0,0,0,0,0,0,0,0,0,0,0,0,0,0,0,0,0,0,0,0,0,0,0,0,0,0,0,0,0,0,0,0,0,0,0,0,0,0,0,0,0,0,0,0,0,0,0,0,0,0,0,0,0,0,0,0,0,0,0,0,0,0,0,0,0,0,0,0,0,0,0,0,0,0,0,0,0,0,0,0,0,0,0,0,0,0,0,0,0,0,0,0,0,0,0,0,0,0,0,0,0,0,0,0,0,0,0,0,0,0,0,0,0,0,0,0,0,0,0,0,0,90,225,17,0,0,0,0,0,0,0,0,0,0,0,0,0,0,0,0,0,0,0,0,0,0,0,0,0,163,254,24,0,0,0,0,0,0,0,0,0,0,0,0,0,0,26,149,59,0,0,0,0,0,0,0,0,213,254,24,0,0,0,0,0,0,0,0,0,0,0,0,0,0,124,254,125,0,0,0,0,0,0,0,30,232,228,14,0,0,0,0,0,0,0,0,0,0,0,0,0,0,124,254,183,0,0,0,0,0,0,0,124,254,183,0,0,0,0,0,0,0,0,0,0,0,0,0,0,0,165,254,115,0,0,0,0,0,0,0,192,254,115,0,0,0,0,0,0,0,0,0,0,0,0,0,0,19,232,254,120,92,4,0,0,0,0,0,205,254,43,0,0,0,0,0,0,0,0,0,0,0,0,0,0,155,254,254,246,254,157,24,0,0,0,20,233,254,33,0,0,0,0,0,0,0,0,0,0,0,0,0,48,250,254,133,61,215,254,217,99,0,0,57,254,183,2,0,0,0,0,0,0,0,0,0,0,0,0,0,107,254,174,15,0,74,222,254,254,182,83,160,254,123,0,0,0,0,0,0,0,0,0,0,0,0,0,0,8,45,0,0,0,0,0,133,253,254,254,254,255,68,0,0,0,0,0,0,0,0,0,0,0,0,0,0,0,0,0,0,0,0,0,0,50,74,118,254,238,25,0,0,0,0,0,0,0,0,0,0,0,0,0,0,0,0,0,0,0,0,0,0,0,0,33,254,178,0,0,0,0,0,0,0,0,0,0,0,0,0,0,0,0,0,0,0,0,0,0,0,0,0,81,254,130,0,0,0,0,0,0,0,0,0,0,0,0,0,0,0,0,0,0,0,0,0,0,0,0,0,107,254,118,0,0,0,0,0,0,0,0,0,0,0,0,0,0,0,0,0,0,0,0,0,0,0,0,4,188,254,49,0,0,0,0,0,0,0,0,0,0,0,0,0,0,0,0,0,0,0,0,0,0,0,0,62,254,246,38,0,0,0,0,0,0,0,0,0,0,0,0,0,0,0,0,0,0,0,0,0,0,0,0,121,254,199,0,0,0,0,0,0,0,0,0,0,0,0,0,0,0,0,0,0,0,0,0,0,0,0,0,180,254,216,0,0,0,0,0,0,0,0,0,0,0,0,0,0,0,0,0,0,0,0,0,0,0,0,0,48,254,115,0,0,0,0,0,0,0,0,0,0,0,0,0,0,0,0,0,0,0,0,0,0,0,0,0,0,0,0,0,0,0,0,0,0,0,0,0,0,0,0,0,0,0,0,0,0,0,0,0,0,0,0,0,0,0,0,0,0,0,0,0,0,0,0,0,0,0,0,0,0,0,0,0,0,0,0,0,0,0,0,0,0,0,0,0,0,0,0,0,0,0,0,0,0,0
4,0,0,0,0,0,0,0,0,0,0,0,0,0,0,0,0,0,0,0,0,0,0,0,0,0,0,0,0,0,0,0,0,0,0,0,0,0,0,0,0,0,0,0,0,0,0,0,0,0,0,0,0,0,0,0,0,0,0,0,0,0,0,0,0,0,0,0,0,0,0,0,0,0,0,0,0,0,0,0,0,0,0,0,0,0,0,0,0,0,0,0,0,0,0,0,0,0,0,0,0,0,0,0,0,0,0,0,0,0,0,0,0,0,0,0,0,0,0,25,114,255,210,31,0,0,0,0,0,0,0,50,12,0,0,0,0,0,0,0,0,0,0,0,0,0,0,60,253,253,253,74,0,0,0,0,0,0,136,230,29,0,0,0,0,0,0,0,0,0,0,0,0,0,0,57,248,253,253,74,0,0,0,0,0,40,222,253,29,0,0,0,0,0,0,0,0,0,0,0,0,0,0,0,164,253,253,74,0,0,0,0,0,131,253,253,29,0,0,0,0,0,0,0,0,0,0,0,0,0,0,0,32,253,253,74,0,0,0,0,32,222,253,253,29,0,0,0,0,0,0,0,0,0,0,0,0,0,0,0,15,253,253,74,0,0,0,0,106,253,253,168,9,0,0,0,0,0,0,0,0,0,0,0,0,0,0,0,15,253,253,74,0,0,0,0,106,253,253,133,0,0,0,0,0,0,0,0,0,0,0,0,0,0,0,0,16,253,253,74,0,0,0,0,106,253,253,133,0,0,0,0,0,0,0,0,0,0,0,0,0,0,0,0,104,253,253,74,0,0,0,0,25,220,253,154,6,0,0,0,0,0,0,0,0,0,0,0,0,0,0,0,104,253,253,74,0,0,0,0,0,209,253,253,29,0,0,0,0,0,0,0,0,0,0,0,0,0,0,0,165,255,254,74,0,0,0,0,0,211,254,254,29,0,0,0,0,0,0,0,0,0,0,0,0,0,0,0,164,253,191,13,0,0,0,0,0,86,253,253,65,0,0,0,0,0,0,0,0,0,0,0,0,0,0,40,222,253,227,164,164,164,164,164,165,185,253,253,182,14,0,0,0,0,0,0,0,0,0,0,0,0,0,131,253,253,253,253,253,253,253,253,254,253,253,253,253,237,121,78,0,0,0,0,0,0,0,0,0,0,0,209,253,253,186,178,178,178,178,178,179,178,227,253,253,226,109,116,0,0,0,0,0,0,0,0,0,0,0,61,74,144,26,0,0,0,0,0,0,0,48,144,250,244,85,0,0,0,0,0,0,0,0,0,0,0,0,0,0,0,0,0,0,0,0,0,0,0,0,0,145,253,119,0,0,0,0,0,0,0,0,0,0,0,0,0,0,0,0,0,0,0,0,0,0,0,0,0,75,253,246,67,0,0,0,0,0,0,0,0,0,0,0,0,0,0,0,0,0,0,0,0,0,0,0,0,18,82,253,232,45,0,0,0,0,0,0,0,0,0,0,0,0,0,0,0,0,0,0,0,0,0,0,0,0,13,183,253,147,0,0,0,0,0,0,0,0,0,0,0,0,0,0,0,0,0,0,0,0,0,0,0,0,0,0,0,0,0,0,0,0,0,0,0,0,0,0,0,0,0,0,0,0,0,0,0,0,0,0,0,0,0,0,0,0,0,0,0,0,0,0,0,0,0,0,0,0,0,0,0,0,0,0,0,0,0,0,0,0,0,0,0,0,0,0,0,0,0,0,0,0,0,0,0,0,0,0,0,0,0,0,0,0,0,0,0,0,0,0,0,0,0,0,0,0
3,0,0,0,0,0,0,0,0,0,0,0,0,0,0,0,0,0,0,0,0,0,0,0,0,0,0,0,0,0,0,0,0,0,0,0,0,0,0,0,0,0,0,0,0,0,0,0,0,0,0,0,0,0,0,0,0,0,0,0,0,0,0,0,0,0,0,0,0,0,0,0,0,0,0,0,0,0,0,0,0,0,0,0,0,0,0,0,0,0,0,0,0,0,0,0,0,0,0,0,0,0,0,0,0,0,0,0,0,0,0,0,0,0,0,0,0,0,0,0,0,3,106,143,244,253,253,253,192,67,6,0,0,0,0,0,0,0,0,0,0,0,0,0,0,0,0,0,0,17,215,209,249,186,186,215,253,252,44,0,0,0,0,0,0,0,0,0,0,0,0,0,0,0,0,0,0,0,19,16,42,0,0,19,253,252,44,0,0,0,0,0,0,0,0,0,0,0,0,0,0,0,0,0,0,0,0,0,0,0,0,116,253,247,40,0,0,0,0,0,0,0,0,0,0,0,0,0,0,0,0,0,0,0,0,0,0,0,123,241,246,98,0,0,0,0,0,0,0,0,0,0,0,0,0,0,0,0,0,0,0,0,0,0,4,155,238,214,96,0,0,0,0,0,0,0,0,0,0,0,0,0,0,0,0,0,0,0,0,0,0,48,175,252,244,88,0,0,0,0,0,0,0,0,0,0,0,0,0,0,0,0,0,0,0,0,0,0,54,231,250,189,26,0,0,0,0,0,0,0,0,0,0,0,0,0,0,0,0,0,0,0,0,0,0,7,192,252,241,0,0,0,0,0,0,0,0,0,0,0,0,0,0,0,0,0,0,0,0,0,0,0,0,13,214,252,251,220,220,125,111,34,0,0,0,0,0,0,0,0,0,0,0,0,0,0,0,0,0,0,0,0,25,148,222,253,253,253,255,253,162,21,0,0,0,0,0,0,0,0,0,0,0,0,0,0,0,0,0,0,0,0,4,77,77,125,196,252,252,212,90,0,0,0,0,0,0,0,0,0,0,0,0,0,0,0,0,0,0,0,0,0,0,0,6,72,235,252,243,89,0,0,0,0,0,0,0,0,0,0,0,0,0,0,0,0,0,0,0,0,0,0,0,0,52,237,252,210,11,0,0,0,0,0,0,0,0,0,0,0,0,0,0,0,0,0,0,0,0,0,0,0,0,132,252,252,21,0,0,0,0,0,0,0,0,0,0,0,0,0,0,0,0,0,0,0,0,0,0,0,0,171,252,252,21,0,0,0,0,0,0,0,0,0,0,0,0,0,0,0,0,43,68,0,0,0,2,40,213,251,252,166,2,0,0,0,0,0,0,0,0,0,0,0,0,0,0,0,0,89,248,154,73,45,168,252,252,248,184,22,0,0,0,0,0,0,0,0,0,0,0,0,0,0,0,0,0,23,169,252,252,252,253,252,188,64,0,0,0,0,0,0,0,0,0,0,0,0,0,0,0,0,0,0,0,0,2,52,224,204,143,114,6,0,0,0,0,0,0,0,0,0,0,0,0,0,0,0,0,0,0,0,0,0,0,0,0,0,0,0,0,0,0,0,0,0,0,0,0,0,0,0,0,0,0,0,0,0,0,0,0,0,0,0,0,0,0,0,0,0,0,0,0,0,0,0,0,0,0,0,0,0,0,0,0,0,0,0,0,0,0,0,0,0,0,0,0,0,0,0,0,0,0,0,0,0,0,0,0,0,0,0,0,0,0,0,0,0,0,0,0,0,0,0,0,0,0,0,0,0,0,0,0,0,0
1,0,0,0,0,0,0,0,0,0,0,0,0,0,0,0,0,0,0,0,0,0,0,0,0,0,0,0,0,0,0,0,0,0,0,0,0,0,0,0,0,0,0,0,0,0,0,0,0,0,0,0,0,0,0,0,0,0,0,0,0,0,0,0,0,0,0,0,0,0,0,0,0,0,0,0,0,0,0,0,0,0,0,0,0,0,0,0,0,0,0,0,0,0,0,0,0,0,0,0,0,0,0,0,0,0,0,0,0,0,0,0,0,0,0,0,0,0,0,0,0,0,0,0,0,0,0,70,240,50,0,0,0,0,0,0,0,0,0,0,0,0,0,0,0,0,0,0,0,0,0,0,0,0,0,201,254,165,0,0,0,0,0,0,0,0,0,0,0,0,0,0,0,0,0,0,0,0,0,0,0,0,0,201,254,195,0,0,0,0,0,0,0,0,0,0,0,0,0,0,0,0,0,0,0,0,0,0,0,0,0,201,254,195,0,0,0,0,0,0,0,0,0,0,0,0,0,0,0,0,0,0,0,0,0,0,0,0,0,201,254,195,0,0,0,0,0,0,0,0,0,0,0,0,0,0,0,0,0,0,0,0,0,0,0,0,0,201,254,195,0,0,0,0,0,0,0,0,0,0,0,0,0,0,0,0,0,0,0,0,0,0,0,0,34,234,254,195,0,0,0,0,0,0,0,0,0,0,0,0,0,0,0,0,0,0,0,0,0,0,0,0,55,254,254,157,0,0,0,0,0,0,0,0,0,0,0,0,0,0,0,0,0,0,0,0,0,0,0,2,160,254,244,44,0,0,0,0,0,0,0,0,0,0,0,0,0,0,0,0,0,0,0,0,0,0,0,17,254,254,209,0,0,0,0,0,0,0,0,0,0,0,0,0,0,0,0,0,0,0,0,0,0,0,0,17,254,254,125,0,0,0,0,0,0,0,0,0,0,0,0,0,0,0,0,0,0,0,0,0,0,0,0,73,254,254,125,0,0,0,0,0,0,0,0,0,0,0,0,0,0,0,0,0,0,0,0,0,0,0,0,126,254,254,53,0,0,0,0,0,0,0,0,0,0,0,0,0,0,0,0,0,0,0,0,0,0,0,0,213,254,219,10,0,0,0,0,0,0,0,0,0,0,0,0,0,0,0,0,0,0,0,0,0,0,0,84,254,254,150,0,0,0,0,0,0,0,0,0,0,0,0,0,0,0,0,0,0,0,0,0,0,0,0,88,254,255,54,0,0,0,0,0,0,0,0,0,0,0,0,0,0,0,0,0,0,0,0,0,0,0,0,88,254,254,54,0,0,0,0,0,0,0,0,0,0,0,0,0,0,0,0,0,0,0,0,0,0,0,0,147,254,248,47,0,0,0,0,0,0,0,0,0,0,0,0,0,0,0,0,0,0,0,0,0,0,0,0,196,254,200,0,0,0,0,0,0,0,0,0,0,0,0,0,0,0,0,0,0,0,0,0,0,0,0,0,104,254,108,0,0,0,0,0,0,0,0,0,0,0,0,0,0,0,0,0,0,0,0,0,0,0,0,0,0,0,0,0,0,0,0,0,0,0,0,0,0,0,0,0,0,0,0,0,0,0,0,0,0,0,0,0,0,0,0,0,0,0,0,0,0,0,0,0,0,0,0,0,0,0,0,0,0,0,0,0,0,0,0,0,0,0,0,0,0,0,0,0,0,0,0,0,0,0,0,0,0,0,0,0,0,0,0,0,0,0,0,0,0,0,0,0,0,0,0,0,0,0,0,0,0,0,0,0,0
3,0,0,0,0,0,0,0,0,0,0,0,0,0,0,0,0,0,0,0,0,0,0,0,0,0,0,0,0,0,0,0,0,0,0,0,0,0,0,0,0,0,0,0,0,0,0,0,0,0,0,0,0,0,0,0,0,0,0,0,0,0,0,0,0,0,0,0,0,0,0,0,0,0,0,0,0,0,0,0,0,0,0,0,0,0,0,0,0,0,0,0,0,0,0,0,0,0,0,0,0,0,0,0,0,0,0,0,0,0,0,0,0,0,0,0,0,0,0,0,0,0,0,0,0,0,0,0,0,0,0,0,0,0,0,0,0,0,0,0,0,0,0,0,0,0,0,0,0,0,0,0,0,0,0,0,0,0,0,0,0,0,0,0,0,0,0,0,0,0,0,0,0,0,0,0,0,0,0,0,0,30,121,172,172,236,215,156,41,0,0,0,0,0,0,0,0,0,0,0,0,0,0,0,0,0,0,37,175,204,243,237,237,237,240,254,115,0,0,0,0,0,0,0,0,0,0,0,0,0,0,0,4,84,189,248,246,176,22,0,0,0,76,254,115,0,0,0,0,0,0,0,0,0,0,0,0,0,0,5,148,254,246,173,72,0,0,0,0,5,166,254,130,0,0,0,0,0,0,0,0,0,0,0,0,0,26,193,254,176,48,0,0,0,0,0,12,166,254,187,7,0,0,0,0,0,0,0,0,0,0,0,0,0,176,254,108,7,0,0,0,0,0,25,196,254,161,7,0,0,0,0,0,0,0,0,0,0,0,0,0,0,120,185,22,0,0,0,0,0,90,234,248,148,7,0,0,0,0,0,0,0,0,0,0,0,0,0,0,0,0,0,0,0,0,0,0,143,254,202,70,0,0,0,0,0,0,0,0,0,0,0,0,0,0,0,0,0,0,0,0,0,0,41,233,253,69,5,0,0,0,0,0,0,0,0,0,0,0,0,0,0,0,0,0,0,0,0,0,0,0,120,254,254,247,188,164,101,43,0,0,0,0,0,0,0,0,0,0,0,0,0,0,0,0,0,0,0,0,0,78,162,167,246,247,255,241,115,2,0,0,0,0,0,0,0,0,0,0,0,0,0,0,0,0,0,0,0,0,0,0,0,8,84,224,254,123,0,0,0,0,0,0,0,0,0,0,0,0,0,0,0,0,0,0,0,0,0,0,0,0,0,24,229,220,19,0,0,0,0,0,0,0,0,0,0,0,0,0,0,0,0,0,0,0,0,0,0,0,0,0,131,254,107,0,0,0,0,0,0,0,0,0,0,0,0,0,0,0,0,0,0,0,0,0,0,0,0,20,217,254,107,0,0,0,0,0,0,0,0,0,0,0,0,0,0,0,0,0,0,0,0,0,0,21,124,220,254,208,25,0,0,0,0,0,0,0,0,0,0,0,0,0,0,0,0,0,0,0,0,58,122,235,254,244,138,15,0,0,0,0,0,0,0,0,0,0,0,0,0,0,0,0,0,0,18,66,172,254,254,226,140,20,0,0,0,0,0,0,0,0,0,0,0,0,0,0,0,0,0,0,0,110,234,254,254,178,93,10,0,0,0,0,0,0,0,0,0,0,0,0,0,0,0,0,0,0,0,0,0,195,254,153,90,0,0,0,0,0,0,0,0,0,0,0,0,0,0,0,0,0,0,0,0,0,0,0,0,0,0,0,0,0,0,0,0,0,0,0,0,0,0,0,0,0,0,0,0,0,0,0,0,0,0,0,0,0,0,0,0,0,0,0,0,0,0,0,0,0,0,0,0,0,0,0
1,0,0,0,0,0,0,0,0,0,0,0,0,0,0,0,0,0,0,0,0,0,0,0,0,0,0,0,0,0,0,0,0,0,0,0,0,0,0,0,0,0,0,0,0,0,0,0,0,0,0,0,0,0,0,0,0,0,0,0,0,0,0,0,0,0,0,0,0,0,0,0,0,0,0,0,0,0,0,0,0,0,0,0,0,0,0,0,0,0,0,0,0,0,0,0,0,0,0,0,0,0,0,0,0,0,0,0,0,0,0,0,0,0,0,0,0,0,0,0,0,0,0,0,0,0,0,0,0,0,0,0,0,0,0,0,0,0,0,0,0,0,0,0,0,0,0,0,0,0,0,0,0,0,0,0,0,63,192,78,0,0,0,0,0,0,0,0,0,0,0,0,0,0,0,0,0,0,0,0,0,0,0,0,73,237,253,200,21,0,0,0,0,0,0,0,0,0,0,0,0,0,0,0,0,0,0,0,0,0,0,0,181,252,253,252,92,0,0,0,0,0,0,0,0,0,0,0,0,0,0,0,0,0,0,0,0,0,0,1,181,252,253,252,215,0,0,0,0,0,0,0,0,0,0,0,0,0,0,0,0,0,0,0,0,0,0,73,252,252,253,220,41,0,0,0,0,0,0,0,0,0,0,0,0,0,0,0,0,0,0,0,0,0,0,197,252,252,253,179,0,0,0,0,0,0,0,0,0,0,0,0,0,0,0,0,0,0,0,0,0,0,79,242,252,252,237,71,0,0,0,0,0,0,0,0,0,0,0,0,0,0,0,0,0,0,0,0,0,0,109,252,252,252,62,0,0,0,0,0,0,0,0,0,0,0,0,0,0,0,0,0,0,0,0,0,0,0,110,253,253,253,0,0,0,0,0,0,0,0,0,0,0,0,0,0,0,0,0,0,0,0,0,0,0,0,233,252,252,252,0,0,0,0,0,0,0,0,0,0,0,0,0,0,0,0,0,0,0,0,0,0,0,105,253,252,246,215,0,0,0,0,0,0,0,0,0,0,0,0,0,0,0,0,0,0,0,0,0,0,21,206,253,252,132,0,0,0,0,0,0,0,0,0,0,0,0,0,0,0,0,0,0,0,0,0,0,0,37,253,255,253,72,0,0,0,0,0,0,0,0,0,0,0,0,0,0,0,0,0,0,0,0,0,0,0,78,252,253,189,10,0,0,0,0,0,0,0,0,0,0,0,0,0,0,0,0,0,0,0,0,0,0,11,191,252,253,76,0,0,0,0,0,0,0,0,0,0,0,0,0,0,0,0,0,0,0,0,0,0,0,155,252,252,253,35,0,0,0,0,0,0,0,0,0,0,0,0,0,0,0,0,0,0,0,0,0,0,0,218,253,253,208,20,0,0,0,0,0,0,0,0,0,0,0,0,0,0,0,0,0,0,0,0,0,0,0,217,252,252,144,0,0,0,0,0,0,0,0,0,0,0,0,0,0,0,0,0,0,0,0,0,0,0,16,222,252,252,144,0,0,0,0,0,0,0,0,0,0,0,0,0,0,0,0,0,0,0,0,0,0,0,47,108,128,252,62,0,0,0,0,0,0,0,0,0,0,0,0,0,0,0,0,0,0,0,0,0,0,0,0,0,0,0,0,0,0,0,0,0,0,0,0,0,0,0,0,0,0,0,0,0,0,0,0,0,0,0,0,0,0,0,0,0,0,0,0,0,0,0,0,0,0,0,0,0,0,0,0,0,0,0,0,0,0,0,0,0,0,0,0,0,0,0,0,0,0,0,0,0,0,0,0,0,0
8,0,0,0,0,0,0,0,0,0,0,0,0,0,0,0,0,0,0,0,0,0,0,0,0,0,0,0,0,0,0,0,0,0,0,0,0,0,0,0,0,0,0,0,0,0,0,0,0,0,0,0,0,0,0,0,0,0,0,0,0,0,0,0,0,0,0,0,0,0,0,0,0,0,0,0,0,0,0,0,0,0,0,0,0,0,0,0,0,0,0,0,0,0,0,0,0,0,0,0,0,0,0,0,0,0,0,0,0,0,0,0,0,0,0,0,0,0,0,0,0,0,0,0,0,0,0,0,0,0,0,0,0,0,0,0,0,0,0,0,0,0,0,0,0,0,0,0,0,7,56,56,56,56,55,0,0,0,0,0,0,0,0,0,0,0,0,0,0,0,0,0,0,0,0,57,140,216,254,254,254,254,254,187,21,0,0,0,0,0,0,0,0,0,0,0,0,0,0,0,0,3,130,243,254,254,254,254,254,254,254,254,204,0,0,0,0,0,0,0,0,0,0,0,0,0,0,0,0,144,254,253,234,238,134,96,134,154,243,254,252,121,0,0,0,0,0,0,0,0,0,0,0,0,0,0,68,241,180,74,23,228,78,0,0,0,35,227,254,233,21,0,0,0,0,0,0,0,0,0,0,0,0,0,188,137,9,0,67,252,246,13,0,0,17,246,254,254,184,130,22,0,0,0,0,0,0,0,0,0,0,0,28,0,0,0,0,197,254,189,185,146,214,254,254,254,254,254,204,56,0,0,0,0,0,0,0,0,0,0,0,0,0,0,0,31,244,254,254,254,254,254,230,115,207,254,254,214,61,0,0,0,0,0,0,0,0,0,0,0,0,0,0,0,77,249,254,254,254,194,48,0,6,91,247,254,186,0,0,0,0,0,0,0,0,0,0,0,0,0,0,0,51,249,254,88,5,2,0,0,0,0,78,254,254,54,0,0,0,0,0,0,0,0,0,0,0,0,0,0,127,254,213,3,0,0,0,0,0,0,7,203,254,135,0,0,0,0,0,0,0,0,0,0,0,0,0,19,229,254,60,0,0,0,0,0,0,0,0,190,254,217,0,0,0,0,0,0,0,0,0,0,0,0,0,31,254,254,66,0,0,0,0,0,0,0,36,245,254,254,0,0,0,0,0,0,0,0,0,0,0,0,0,10,208,254,185,2,0,0,0,0,0,82,215,254,254,254,0,0,0,0,0,0,0,0,0,0,0,0,0,0,97,254,254,69,25,0,0,17,75,217,254,254,250,112,0,0,0,0,0,0,0,0,0,0,0,0,0,0,25,245,254,254,253,180,180,230,254,254,254,254,138,0,0,0,0,0,0,0,0,0,0,0,0,0,0,0,0,90,246,254,254,254,254,254,254,254,250,144,12,0,0,0,0,0,0,0,0,0,0,0,0,0,0,0,0,0,50,141,254,254,254,254,254,159,56,0,0,0,0,0,0,0,0,0,0,0,0,0,0,0,0,0,0,0,0,2,91,133,125,110,21,3,0,0,0,0,0,0,0,0,0,0,0,0,0,0,0,0,0,0,0,0,0,0,0,0,0,0,0,0,0,0,0,0,0,0,0,0,0,0,0,0,0,0,0,0,0,0,0,0,0,0,0,0,0,0,0,0,0,0,0,0,0,0,0,0,0,0,0,0,0,0,0,0,0,0,0,0,0,0,0,0,0,0,0,0,0,0,0,0,0,0,0,0,0,0,0,0,0,0,0,0,0,0,0,0,0,0,0,0,0,0,0,0,0,0,0,0,0,0,0,0,0
8,0,0,0,0,0,0,0,0,0,0,0,0,0,0,0,0,0,0,0,0,0,0,0,0,0,0,0,0,0,0,0,0,0,0,0,0,0,0,0,0,0,0,0,0,0,0,0,0,0,0,0,0,0,0,0,0,0,0,0,0,0,0,0,0,0,0,0,0,0,0,0,0,0,0,0,0,0,0,0,0,0,0,0,0,0,0,0,0,0,0,0,0,0,0,0,0,0,0,0,0,0,0,0,0,0,0,0,0,0,0,0,0,0,0,0,0,0,0,0,0,0,0,0,0,19,201,254,156,74,18,0,0,0,0,0,0,0,0,0,0,0,0,0,0,0,0,0,0,0,0,0,0,79,250,158,158,242,158,17,0,0,0,0,0,0,0,0,0,0,0,0,0,0,0,0,0,0,0,0,0,79,213,0,0,36,199,146,0,0,0,0,0,0,0,0,0,0,0,0,0,0,0,0,0,0,0,0,0,79,213,0,0,0,44,240,54,0,0,0,0,0,0,0,0,0,0,0,0,0,0,0,0,0,0,0,0,79,213,0,0,0,31,241,58,0,0,0,0,0,0,0,0,0,0,0,0,0,0,0,0,0,0,0,0,79,214,0,59,104,224,207,23,0,0,0,0,0,0,0,0,0,0,0,0,0,0,0,0,0,0,0,0,73,215,5,238,243,203,63,0,0,0,0,0,0,0,0,0,0,0,0,0,0,0,0,0,0,0,0,0,0,234,58,18,48,79,130,145,0,0,0,0,0,0,0,0,0,0,0,0,0,0,0,0,0,0,0,0,0,143,200,197,232,146,64,12,0,0,0,0,0,0,0,0,0,0,0,0,0,0,0,0,0,0,0,0,31,219,253,193,68,0,0,0,0,0,0,0,0,0,0,0,0,0,0,0,0,0,0,0,0,0,0,103,254,254,254,0,0,0,0,0,0,0,0,0,0,0,0,0,0,0,0,0,0,0,0,0,0,0,73,232,179,69,248,46,0,0,0,0,0,0,0,0,0,0,0,0,0,0,0,0,0,0,0,0,0,0,156,209,24,0,128,165,0,0,0,0,0,0,0,0,0,0,0,0,0,0,0,0,0,0,0,0,0,0,246,135,0,0,45,249,36,0,0,0,0,0,0,0,0,0,0,0,0,0,0,0,0,0,0,0,0,0,254,99,0,0,0,254,39,0,0,0,0,0,0,0,0,0,0,0,0,0,0,0,0,0,0,0,0,0,255,61,0,0,0,156,136,0,0,0,0,0,0,0,0,0,0,0,0,0,0,0,0,0,0,0,0,0,208,135,0,0,0,156,218,0,0,0,0,0,0,0,0,0,0,0,0,0,0,0,0,0,0,0,0,0,156,165,0,0,0,224,203,0,0,0,0,0,0,0,0,0,0,0,0,0,0,0,0,0,0,0,0,0,35,215,204,136,212,254,46,0,0,0,0,0,0,0,0,0,0,0,0,0,0,0,0,0,0,0,0,0,0,35,155,245,253,193,62,0,0,0,0,0,0,0,0,0,0,0,0,0,0,0,0,0,0,0,0,0,0,0,0,0,0,0,0,0,0,0,0,0,0,0,0,0,0,0,0,0,0,0,0,0,0,0,0,0,0,0,0,0,0,0,0,0,0,0,0,0,0,0,0,0,0,0,0,0,0,0,0,0,0,0,0,0,0,0,0,0,0,0,0,0,0,0,0,0,0,0,0,0,0,0,0,0,0,0,0,0,0,0,0,0,0,0,0,0,0,0,0,0,0,0,0,0,0,0,0,0,0,0
7,0,0,0,0,0,0,0,0,0,0,0,0,0,0,0,0,0,0,0,0,0,0,0,0,0,0,0,0,0,0,0,0,0,0,0,0,0,0,0,0,0,0,0,0,0,0,0,0,0,0,0,0,0,0,0,0,0,0,0,0,0,0,0,0,0,0,0,0,0,0,0,0,0,0,0,0,0,0,0,0,0,0,0,0,0,0,0,0,0,0,0,0,0,0,0,0,0,0,0,0,0,0,0,0,0,0,0,0,0,0,0,0,0,0,0,0,0,0,0,0,0,0,0,0,0,0,0,0,0,0,0,0,0,0,0,0,0,0,0,0,0,0,0,0,0,0,0,0,0,0,0,0,0,0,0,0,0,0,0,0,0,0,0,0,0,0,0,0,0,0,0,0,0,0,0,0,0,0,0,0,0,0,0,0,0,0,0,0,0,0,0,0,0,0,0,0,0,0,0,0,0,0,0,0,17,0,0,10,216,216,110,230,28,0,0,0,0,0,0,0,0,0,0,0,0,0,0,0,0,0,14,157,211,78,185,189,254,254,254,254,198,40,0,0,0,0,0,0,0,0,0,0,0,0,0,0,0,0,43,251,201,229,254,254,250,250,193,140,233,168,5,0,0,0,0,0,0,0,0,0,0,0,0,0,0,0,0,44,10,238,254,109,22,22,0,55,235,254,189,0,0,0,0,0,0,0,0,0,0,0,0,0,0,0,0,0,0,40,65,6,0,0,0,168,254,254,189,0,0,0,0,0,0,0,0,0,0,0,0,0,0,0,0,0,0,0,0,0,0,0,0,43,232,254,192,2,0,0,0,0,0,0,0,0,0,0,0,0,0,0,0,0,0,0,0,0,0,0,0,0,207,254,242,35,0,0,0,0,0,0,0,0,0,0,0,0,0,0,0,0,0,0,0,0,0,0,0,84,243,254,189,0,0,0,0,0,0,0,0,0,0,0,0,0,0,0,0,0,0,0,0,0,0,0,0,168,254,253,130,0,0,0,0,0,0,0,0,0,0,0,0,0,0,0,0,0,0,0,0,0,0,0,0,168,254,227,0,0,0,0,0,0,0,0,0,0,0,0,0,0,0,0,0,0,0,0,0,0,0,0,0,168,254,181,0,0,0,0,0,0,0,0,0,0,0,0,0,0,0,0,0,0,0,0,0,0,0,0,30,249,254,126,0,0,0,0,0,0,0,0,0,0,0,0,0,0,0,0,0,0,0,0,0,0,0,0,202,254,254,119,0,0,0,0,0,0,0,0,0,0,0,0,0,0,0,0,0,0,0,0,0,0,0,0,239,254,217,74,0,0,0,0,0,0,0,0,0,0,0,0,0,0,0,0,0,0,0,0,0,0,0,50,247,254,156,0,0,0,0,0,0,0,0,0,0,0,0,0,0,0,0,0,0,0,0,0,0,0,0,121,254,255,156,0,0,0,0,0,0,0,0,0,0,0,0,0,0,0,0,0,0,0,0,0,0,0,23,223,254,230,47,0,0,0,0,0,0,0,0,0,0,0,0,0,0,0,0,0,0,0,0,0,0,0,55,254,254,88,0,0,0,0,0,0,0,0,0,0,0,0,0,0,0,0,0,0,0,0,0,0,0,0,40,209,254,87,0,0,0,0,0,0,0,0,0,0,0,0,0,0,0,0,0,0,0,0,0,0,0,0,0,54,155,87,0,0,0,0,0,0,0,0,0,0,0,0,0,0,0,0,0,0,0,0,0,0,0,0,0,0,0,0,0,0,0,0,0,0,0,0,0,0,0,0
9,0,0,0,0,0,0,0,0,0,0,0,0,0,0,0,0,0,0,0,0,0,0,0,0,0,0,0,0,0,0,0,0,0,0,0,0,0,0,0,0,0,0,0,0,0,0,0,0,0,0,0,0,0,0,0,0,0,0,0,0,0,0,0,0,0,0,0,0,0,0,0,0,0,0,0,0,0,0,0,0,0,0,0,0,0,0,0,0,0,0,0,0,0,0,0,0,0,0,0,0,0,0,0,0,0,0,0,0,0,0,0,0,0,0,0,0,0,0,0,0,0,0,0,0,0,0,0,0,0,0,0,0,0,0,0,0,0,0,0,0,0,0,0,0,0,0,0,0,0,0,0,0,0,0,0,0,0,0,0,0,0,0,0,0,0,0,0,0,0,0,0,0,0,0,0,0,0,0,0,0,0,0,0,0,0,0,0,0,0,0,0,0,0,0,0,0,0,0,0,0,0,0,0,0,0,0,1,33,117,201,241,175,186,75,13,0,0,0,0,0,0,0,0,0,0,0,0,0,0,0,0,0,0,0,121,254,244,207,208,216,254,254,218,33,0,0,0,0,0,0,0,0,0,0,0,0,0,0,0,0,0,100,250,119,24,0,0,6,52,117,254,159,0,0,0,0,0,0,0,0,0,0,0,0,0,0,0,0,59,235,91,0,0,0,0,0,0,1,143,252,43,0,0,0,0,0,0,0,0,0,0,0,0,0,0,8,221,157,0,0,0,0,0,0,0,0,58,244,55,0,0,0,0,0,0,0,0,0,0,0,0,0,0,63,254,92,0,0,0,0,0,0,0,38,86,226,9,0,0,0,0,0,0,0,0,0,0,0,0,0,0,63,254,164,0,0,0,0,0,0,97,236,86,195,1,0,0,0,0,0,0,0,0,0,0,0,0,0,0,16,254,237,100,19,10,10,39,145,246,238,121,111,0,0,0,0,0,0,0,0,0,0,0,0,0,0,0,3,147,254,238,236,222,222,254,254,254,158,85,0,0,0,0,0,0,0,0,0,0,0,0,0,0,0,0,0,4,107,202,254,254,254,193,221,233,12,0,0,0,0,0,0,0,0,0,0,0,0,0,0,0,0,0,0,0,0,0,0,0,0,54,238,125,0,0,0,0,0,0,0,0,0,0,0,0,0,0,0,0,0,0,0,0,0,0,0,0,0,191,254,31,0,0,0,0,0,0,0,0,0,0,0,0,0,0,0,0,0,0,0,0,0,0,0,0,0,254,168,4,0,0,0,0,0,0,0,0,0,0,0,0,0,0,0,0,0,0,0,0,0,0,0,0,127,255,56,0,0,0,0,0,0,0,0,0,0,0,0,0,0,0,0,0,0,0,0,0,0,0,0,0,166,225,13,0,0,0,0,0,0,0,0,0,0,0,0,0,0,0,0,0,0,0,0,0,0,0,0,30,244,113,0,0,0,0,0,0,0,0,0,0,0,0,0,0,0,0,0,0,0,0,0,0,0,0,0,104,254,78,0,0,0,0,0,0,0,0,0,0,0,0,0,0,0,0,0,0,0,0,0,0,0,0,0,164,254,78,0,0,0,0,0,0,0,0,0,0,0,0,0,0,0,0,0,0,0,0,0,0,0,0,66,246,214,14,0,0,0,0,0,0,0,0,0,0,0,0,0,0,0,0,0,0,0,0,0,0,0,0,109,214,77,0,0,0,0,0,0,0,0,0,0,0,0,0,0,0,0,0,0,0,0,0,0,0,0,0,0,0,0,0,0,0,0,0,0,0,0,0,0,0,0,0,0
4,0,0,0,0,0,0,0,0,0,0,0,0,0,0,0,0,0,0,0,0,0,0,0,0,0,0,0,0,0,0,0,0,0,0,0,0,0,0,0,0,0,0,0,0,0,0,0,0,0,0,0,0,0,0,0,0,0,0,0,0,0,0,0,0,0,0,0,0,0,0,0,0,0,0,0,0,0,0,0,0,0,0,0,0,0,0,0,0,0,0,0,0,0,0,0,0,0,0,0,0,0,0,0,0,0,0,0,0,0,0,0,0,0,0,0,0,0,0,0,0,0,0,0,0,0,0,0,0,0,0,0,0,0,0,0,0,0,0,0,0,0,0,0,0,0,0,0,0,70,195,29,0,0,0,0,0,0,0,83,254,0,0,0,0,0,0,0,0,0,0,0,0,0,0,0,0,112,253,146,0,0,0,0,0,0,9,208,253,0,0,0,0,0,0,0,0,0,0,0,0,0,0,0,0,13,234,230,0,0,0,0,0,0,47,253,210,0,0,0,0,0,0,0,0,0,0,0,0,0,0,0,0,26,239,230,0,0,0,0,0,0,80,253,128,0,0,0,0,0,0,0,0,0,0,0,0,0,0,0,0,95,254,138,0,0,0,0,0,0,139,239,25,0,0,0,0,0,0,0,0,0,0,0,0,0,0,0,0,161,253,137,0,0,0,0,0,0,222,230,0,0,0,0,0,0,0,0,0,0,0,0,0,0,0,0,0,237,253,146,0,0,0,0,0,57,249,230,0,0,0,0,0,0,0,0,0,0,0,0,0,0,0,0,0,254,253,230,0,0,0,0,0,70,253,230,0,0,0,0,0,0,0,0,0,0,0,0,0,0,0,0,0,254,254,180,0,0,0,0,0,95,254,230,0,0,0,0,0,0,0,0,0,0,0,0,0,0,0,0,0,203,253,46,0,17,43,47,47,178,253,234,13,0,0,0,0,0,0,0,0,0,0,0,0,0,0,0,0,161,253,107,182,225,249,253,253,254,253,251,63,0,0,0,0,0,0,0,0,0,0,0,0,0,0,0,0,161,253,253,253,195,160,160,160,254,253,162,0,0,0,0,0,0,0,0,0,0,0,0,0,0,0,0,0,136,254,155,25,0,0,0,0,254,207,0,0,0,0,0,0,0,0,0,0,0,0,0,0,0,0,0,0,7,23,4,0,0,0,0,85,254,206,0,0,0,0,0,0,0,0,0,0,0,0,0,0,0,0,0,0,0,0,0,0,0,0,0,93,254,206,0,0,0,0,0,0,0,0,0,0,0,0,0,0,0,0,0,0,0,0,0,0,0,0,0,93,254,139,0,0,0,0,0,0,0,0,0,0,0,0,0,0,0,0,0,0,0,0,0,0,0,0,0,93,255,115,0,0,0,0,0,0,0,0,0,0,0,0,0,0,0,0,0,0,0,0,0,0,0,0,0,176,254,98,0,0,0,0,0,0,0,0,0,0,0,0,0,0,0,0,0,0,0,0,0,0,0,0,0,184,254,31,0,0,0,0,0,0,0,0,0,0,0,0,0,0,0,0,0,0,0,0,0,0,0,0,0,184,228,40,0,0,0,0,0,0,0,0,0,0,0,0,0,0,0,0,0,0,0,0,0,0,0,0,0,0,0,0,0,0,0,0,0,0,0,0,0,0,0,0,0,0,0,0,0,0,0,0,0,0,0,0,0,0,0,0,0,0,0,0,0,0,0,0,0,0,0,0,0,0,0,0,0,0,0,0,0,0,0,0,0,0,0,0,0,0,0,0,0,0,0,0,0,0
8,0,0,0,0,0,0,0,0,0,0,0,0,0,0,0,0,0,0,0,0,0,0,0,0,0,0,0,0,0,0,0,0,0,0,0,0,0,0,0,0,0,0,0,0,0,0,0,0,0,0,0,0,0,0,0,0,0,0,0,0,0,0,0,0,0,0,0,0,0,0,0,0,0,0,0,0,0,0,0,0,0,0,0,0,0,0,0,0,0,0,0,0,0,0,0,0,0,0,0,0,0,0,0,0,0,0,0,0,0,0,0,0,0,0,0,0,0,0,0,0,0,0,0,0,0,0,0,0,0,0,0,0,0,0,0,0,0,0,0,0,0,0,0,0,0,0,0,0,0,0,0,0,38,238,254,255,237,150,53,14,0,0,0,0,0,0,0,0,0,0,0,0,0,0,0,0,0,0,0,6,175,253,253,253,253,253,253,181,10,0,0,0,0,0,0,0,0,0,0,0,0,0,0,0,0,0,0,16,253,236,50,10,27,114,230,253,126,0,0,0,0,0,0,0,0,0,0,0,0,0,0,0,0,0,0,16,253,144,0,0,0,0,59,253,129,0,0,0,0,0,0,0,0,0,0,0,0,0,0,0,0,0,0,16,253,144,0,0,0,0,32,253,129,0,0,0,0,0,0,0,0,0,0,0,0,0,0,0,0,0,0,16,253,144,0,0,0,0,32,253,129,0,0,0,0,0,0,0,0,0,0,0,0,0,0,0,0,0,0,16,253,144,0,0,0,0,87,253,230,46,0,0,0,0,0,0,0,0,0,0,0,0,0,0,0,0,0,16,253,120,0,0,11,99,248,253,253,160,0,0,0,0,0,0,0,0,0,0,0,0,0,0,0,0,0,104,253,41,4,89,218,253,251,248,104,14,0,0,0,0,0,0,0,0,0,0,0,0,0,0,0,0,0,120,253,85,176,253,245,165,46,0,0,0,0,0,0,0,0,0,0,0,0,0,0,0,0,0,0,0,0,37,253,253,253,215,88,0,0,0,0,0,0,0,0,0,0,0,0,0,0,0,0,0,0,0,0,0,0,33,253,253,148,24,0,0,0,0,0,0,0,0,0,0,0,0,0,0,0,0,0,0,0,0,0,0,26,209,253,169,0,0,0,0,0,0,0,0,0,0,0,0,0,0,0,0,0,0,0,0,0,0,0,4,137,253,253,144,0,0,0,0,0,0,0,0,0,0,0,0,0,0,0,0,0,0,0,0,0,0,0,101,253,253,253,176,0,0,0,0,0,0,0,0,0,0,0,0,0,0,0,0,0,0,0,0,0,0,0,181,247,107,253,240,0,0,0,0,0,0,0,0,0,0,0,0,0,0,0,0,0,0,0,0,0,0,57,247,181,44,253,144,0,0,0,0,0,0,0,0,0,0,0,0,0,0,0,0,0,0,0,0,0,0,172,253,184,167,253,56,0,0,0,0,0,0,0,0,0,0,0,0,0,0,0,0,0,0,0,0,0,0,163,253,253,253,214,15,0,0,0,0,0,0,0,0,0,0,0,0,0,0,0,0,0,0,0,0,0,0,50,203,253,247,71,0,0,0,0,0,0,0,0,0,0,0,0,0,0,0,0,0,0,0,0,0,0,0,0,0,0,0,0,0,0,0,0,0,0,0,0,0,0,0,0,0,0,0,0,0,0,0,0,0,0,0,0,0,0,0,0,0,0,0,0,0,0,0,0,0,0,0,0,0,0,0,0,0,0,0,0,0,0,0,0,0,0,0,0,0,0,0,0,0,0,0,0,0,0,0,0,0,0,0
8,0,0,0,0,0,0,0,0,0,0,0,0,0,0,0,0,0,0,0,0,0,0,0,0,0,0,0,0,0,0,0,0,0,0,0,0,0,0,0,0,0,0,0,0,0,0,0,0,0,0,0,0,0,0,0,0,0,0,0,0,0,0,0,0,0,0,0,0,0,0,0,0,0,0,0,0,0,0,0,0,0,0,0,0,0,0,0,0,0,0,0,0,0,0,0,0,0,0,0,0,0,0,0,0,0,0,0,0,0,0,0,0,0,0,0,0,0,0,0,0,0,0,0,0,0,0,0,0,4,64,234,254,255,254,254,137,0,0,0,0,0,0,0,0,0,0,0,0,0,0,0,0,0,0,49,116,190,253,253,245,150,223,253,213,16,0,0,0,0,0,0,0,0,0,0,0,0,0,0,0,0,112,242,253,249,224,52,29,56,247,253,183,0,0,0,0,0,0,0,0,0,0,0,0,0,0,0,9,127,245,253,180,15,35,0,0,39,236,253,119,0,0,0,0,0,0,0,0,0,0,0,0,0,0,39,160,253,253,253,54,0,0,0,0,100,253,243,51,0,0,0,0,0,0,0,0,0,0,0,0,7,93,228,253,253,253,253,54,0,0,0,76,245,253,120,0,0,0,0,0,0,0,0,0,0,0,15,98,215,253,253,244,167,241,243,43,0,0,40,204,253,169,2,0,0,0,0,0,0,0,0,0,0,13,183,253,253,253,213,89,0,153,86,0,8,113,242,244,139,10,0,0,0,0,0,0,0,0,0,0,0,137,253,253,253,248,80,0,0,0,0,46,135,253,247,120,0,0,0,0,0,0,0,0,0,0,0,0,0,146,253,253,253,103,0,0,0,0,0,116,253,241,77,0,0,0,0,0,0,0,0,0,0,0,0,0,0,61,253,253,253,179,10,0,0,46,161,242,246,78,0,0,0,0,0,0,0,0,0,0,0,0,0,0,0,130,253,253,253,253,189,130,130,237,253,206,21,0,0,0,0,0,0,0,0,0,0,0,0,0,0,0,0,13,164,147,204,253,253,253,253,253,217,55,0,0,0,0,0,0,0,0,0,0,0,0,0,0,0,0,0,0,0,0,9,201,253,253,253,253,243,166,48,0,0,0,0,0,0,0,0,0,0,0,0,0,0,0,0,0,0,0,42,251,236,119,155,226,244,253,248,218,94,13,0,0,0,0,0,0,0,0,0,0,0,0,0,0,0,0,44,253,165,25,0,0,75,212,253,253,253,199,49,0,0,0,0,0,0,0,0,0,0,0,0,0,0,0,26,227,253,227,128,53,0,16,150,253,253,253,188,0,0,0,0,0,0,0,0,0,0,0,0,0,0,0,0,39,163,227,253,251,249,249,251,253,253,253,197,6,0,0,0,0,0,0,0,0,0,0,0,0,0,0,0,0,0,15,112,183,198,253,253,253,253,253,235,31,0,0,0,0,0,0,0,0,0,0,0,0,0,0,0,0,0,0,0,0,32,145,154,182,145,42,28,0,0,0,0,0,0,0,0,0,0,0,0,0,0,0,0,0,0,0,0,0,0,0,0,0,0,0,0,0,0,0,0,0,0,0,0,0,0,0,0,0,0,0,0,0,0,0,0,0,0,0,0,0,0,0,0,0,0,0,0,0,0,0,0,0,0,0,0,0,0,0,0,0,0,0,0,0,0,0,0,0,0,0,0,0,0,0,0,0,0,0,0,0,0,0,0,0,0,0,0,0,0,0,0,0,0,0,0,0,0,0,0,0,0,0,0,0,0,0
7,0,0,0,0,0,0,0,0,0,0,0,0,0,0,0,0,0,0,0,0,0,0,0,0,0,0,0,0,0,0,0,0,0,0,0,0,0,0,0,0,0,0,0,0,0,0,0,0,0,0,0,0,0,0,0,0,0,0,0,0,0,0,0,0,0,0,0,0,0,0,0,0,0,0,0,0,0,0,0,0,0,0,0,0,0,0,0,0,0,0,0,0,0,0,0,0,0,0,0,0,0,0,0,0,0,0,0,0,0,0,0,0,0,0,0,0,0,0,0,0,0,0,0,0,0,0,0,0,0,0,0,0,0,0,0,0,0,0,0,0,0,0,0,0,0,0,0,0,0,0,0,0,0,0,190,255,231,106,0,0,0,0,0,0,0,0,0,0,0,0,0,0,0,0,0,0,0,0,0,0,0,0,4,6,118,252,248,167,109,0,0,0,0,0,0,0,0,0,0,0,0,0,0,0,0,0,0,0,0,0,0,0,3,100,214,253,252,105,0,0,0,0,0,0,0,0,0,0,0,0,0,0,0,0,0,0,0,0,0,0,0,0,12,163,253,110,0,0,0,0,0,0,0,0,0,0,0,0,0,0,0,0,0,0,0,0,0,0,0,0,0,156,246,68,0,0,0,0,0,0,0,0,0,0,0,0,0,0,0,0,0,0,0,0,0,0,0,0,76,241,234,0,0,0,0,0,0,0,0,0,0,0,0,0,0,0,0,0,0,0,0,0,0,0,0,78,240,244,89,0,0,0,0,0,0,0,0,0,0,0,0,0,0,0,0,0,0,0,0,0,0,0,79,239,253,120,0,0,0,0,0,0,0,0,0,0,0,0,0,0,0,0,0,0,0,0,0,0,17,72,198,242,164,20,0,0,0,0,0,0,0,0,0,0,0,0,0,0,0,0,0,0,0,0,0,0,93,253,253,180,0,0,0,0,0,0,0,0,0,0,0,0,0,0,0,0,0,0,0,0,0,0,17,159,237,253,122,22,0,0,0,0,0,0,0,0,0,0,0,0,0,0,0,0,0,0,0,0,0,17,176,253,241,108,22,0,0,0,0,0,0,0,0,0,0,0,0,0,0,0,0,0,0,0,0,0,0,103,253,241,93,0,0,0,0,0,0,0,0,0,0,0,0,0,0,0,0,0,0,0,0,0,0,0,78,239,253,101,0,0,0,0,0,0,0,0,0,0,0,0,0,0,0,0,0,0,0,0,0,0,13,80,240,253,190,21,0,0,0,0,0,0,0,0,0,0,0,0,0,0,0,0,0,0,0,0,0,11,181,253,253,191,20,0,0,0,0,0,0,0,0,0,0,0,0,0,0,0,0,0,0,0,0,0,0,105,253,253,203,19,0,0,0,0,0,0,0,0,0,0,0,0,0,0,0,0,0,0,0,0,0,0,6,179,253,195,74,0,0,0,0,0,0,0,0,0,0,0,0,0,0,0,0,0,0,0,0,0,0,0,109,253,253,32,0,0,0,0,0,0,0,0,0,0,0,0,0,0,0,0,0,0,0,0,0,0,0,0,0,167,135,16,0,0,0,0,0,0,0,0,0,0,0,0,0,0,0,0,0,0,0,0,0,0,0,0,0,0,0,0,0,0,0,0,0,0,0,0,0,0,0,0,0,0,0,0,0,0,0,0,0,0,0,0,0,0,0,0,0,0,0,0,0,0,0,0,0,0,0,0,0,0,0,0,0,0,0,0,0,0,0,0,0,0,0,0,0,0,0,0,0,0,0,0,0,0,0,0,0,0,0,0,0,0
9,0,0,0,0,0,0,0,0,0,0,0,0,0,0,0,0,0,0,0,0,0,0,0,0,0,0,0,0,0,0,0,0,0,0,0,0,0,0,0,0,0,0,0,0,0,0,0,0,0,0,0,0,0,0,0,0,0,0,0,0,0,0,0,0,0,0,0,0,0,0,0,0,0,0,0,0,0,0,0,0,0,0,0,0,0,0,0,0,0,0,0,0,0,0,0,0,0,0,0,0,0,0,0,0,0,0,0,0,0,0,0,0,0,0,0,0,0,0,0,0,0,0,0,0,0,0,0,0,0,0,0,0,0,0,0,0,0,0,0,0,0,0,0,0,0,0,0,0,0,0,0,0,0,0,0,0,0,0,0,0,0,0,0,0,0,0,0,0,0,0,0,0,0,0,0,0,0,0,0,0,0,0,0,0,0,0,0,0,0,0,0,0,0,0,0,0,0,0,0,0,0,0,0,0,0,0,85,187,254,211,69,0,0,0,0,0,0,0,0,0,0,0,0,0,0,0,0,0,0,0,0,0,26,164,247,199,81,160,245,17,9,123,38,0,0,0,0,0,0,0,0,0,0,0,0,0,0,0,0,0,147,242,128,17,0,13,137,17,55,253,69,0,0,0,0,0,0,0,0,0,0,0,0,0,0,0,0,119,213,38,0,0,0,0,0,0,138,253,69,0,0,0,0,0,0,0,0,0,0,0,0,0,0,0,60,255,90,0,0,0,0,0,0,0,231,254,69,0,0,0,0,0,0,0,0,0,0,0,0,0,0,0,176,190,2,0,0,0,0,0,0,81,251,253,103,0,0,0,0,0,0,0,0,0,0,0,0,0,0,0,184,184,0,0,0,0,0,0,9,237,253,253,69,0,0,0,0,0,0,0,0,0,0,0,0,0,0,0,184,184,0,0,0,0,0,9,184,254,151,253,69,0,0,0,0,0,0,0,0,0,0,0,0,0,0,0,160,254,152,70,70,70,87,170,254,102,0,208,161,0,0,0,0,0,0,0,0,0,0,0,0,0,0,0,9,173,215,253,253,254,253,248,139,0,0,207,160,0,0,0,0,0,0,0,0,0,0,0,0,0,0,0,0,0,9,46,46,71,88,42,0,0,17,224,160,0,0,0,0,0,0,0,0,0,0,0,0,0,0,0,0,0,0,0,0,0,0,0,0,0,0,207,160,0,0,0,0,0,0,0,0,0,0,0,0,0,0,0,0,0,0,0,0,0,0,0,0,0,47,254,161,0,0,0,0,0,0,0,0,0,0,0,0,0,0,0,0,0,0,0,0,0,0,0,0,0,38,244,160,0,0,0,0,0,0,0,0,0,0,0,0,0,0,0,0,0,0,0,0,0,0,0,0,0,22,228,160,0,0,0,0,0,0,0,0,0,0,0,0,0,0,0,0,0,0,0,0,0,0,0,0,0,47,253,160,0,0,0,0,0,0,0,0,0,0,0,0,0,0,0,0,0,0,0,0,0,0,0,0,0,0,208,161,0,0,0,0,0,0,0,0,0,0,0,0,0,0,0,0,0,0,0,0,0,0,0,0,0,0,207,77,0,0,0,0,0,0,0,0,0,0,0,0,0,0,0,0,0,0,0,0,0,0,0,0,0,0,199,152,0,0,0,0,0,0,0,0,0,0,0,0,0,0,0,0,0,0,0,0,0,0,0,0,0,0,82,253,34,0,0,0,0,0,0,0,0,0,0,0,0,0,0,0,0,0,0,0,0,0,0,0,0,0,0,0,0,0,0,0,0,0,0,0,0
7,0,0,0,0,0,0,0,0,0,0,0,0,0,0,0,0,0,0,0,0,0,0,0,0,0,0,0,0,0,0,0,0,0,0,0,0,0,0,0,0,0,0,0,0,0,0,0,0,0,0,0,0,0,0,0,0,0,0,0,0,0,0,0,0,0,0,0,0,0,0,0,0,0,0,0,0,0,0,0,0,0,0,0,0,0,0,0,0,0,0,0,0,0,0,0,0,0,0,0,0,0,0,0,0,0,0,0,0,0,0,0,0,0,0,0,0,0,0,0,0,0,0,0,0,0,0,0,0,0,0,0,0,0,0,0,0,0,0,0,0,0,0,0,0,0,0,0,0,0,0,0,0,0,0,0,0,0,0,0,0,0,0,0,0,0,0,0,0,0,0,0,0,0,0,0,0,0,0,0,0,0,0,0,0,0,0,0,0,0,0,0,0,0,0,0,0,0,0,0,0,0,0,0,69,162,183,151,151,151,151,151,151,151,151,151,54,0,0,0,0,0,0,0,0,0,0,0,0,0,0,0,149,254,228,199,160,160,160,160,160,160,160,228,234,0,0,0,0,0,0,0,0,0,0,0,0,0,0,0,4,178,252,49,0,0,0,0,0,0,0,98,254,80,0,0,0,0,0,0,0,0,0,0,0,0,0,0,0,45,229,169,0,0,0,0,0,0,0,182,254,83,0,0,0,0,0,0,0,0,0,0,0,0,0,0,0,0,125,247,56,0,0,0,0,0,4,190,233,41,0,0,0,0,0,0,0,0,0,0,0,0,0,0,0,0,74,255,235,29,0,0,0,0,32,254,129,0,0,0,0,0,0,0,0,0,0,0,0,0,0,0,0,0,9,221,254,41,0,0,0,0,129,254,124,0,0,0,0,0,0,0,0,0,0,0,0,0,0,0,0,0,0,95,254,67,0,0,0,0,240,203,9,0,0,0,0,0,0,0,0,0,0,0,0,0,0,0,0,0,0,16,254,145,0,0,0,75,252,89,0,0,0,0,0,0,0,0,0,0,0,0,0,0,0,0,0,0,0,16,254,166,0,0,9,165,254,73,0,0,0,0,0,0,0,0,0,0,0,0,0,0,0,0,0,0,0,16,254,249,0,0,42,254,229,15,0,0,0,0,0,0,0,0,0,0,0,0,0,0,0,0,0,0,0,16,254,249,0,0,102,254,61,0,0,0,0,0,0,0,0,0,0,0,0,0,0,0,0,0,0,0,0,11,224,134,0,0,225,254,15,0,0,0,0,0,0,0,0,0,0,0,0,0,0,0,0,0,0,0,0,0,10,3,0,53,253,158,1,0,0,0,0,0,0,0,0,0,0,0,0,0,0,0,0,0,0,0,0,0,0,0,0,131,242,43,0,0,0,0,0,0,0,0,0,0,0,0,0,0,0,0,0,0,0,0,0,0,0,0,0,203,204,0,0,0,0,0,0,0,0,0,0,0,0,0,0,0,0,0,0,0,0,0,0,0,0,0,64,238,109,0,0,0,0,0,0,0,0,0,0,0,0,0,0,0,0,0,0,0,0,0,0,0,0,0,156,254,19,0,0,0,0,0,0,0,0,0,0,0,0,0,0,0,0,0,0,0,0,0,0,0,0,0,156,232,4,0,0,0,0,0,0,0,0,0,0,0,0,0,0,0,0,0,0,0,0,0,0,0,0,0,50,134,0,0,0,0,0,0,0,0,0,0,0,0,0,0,0,0,0,0,0,0,0,0,0,0,0,0,0,0,0,0,0,0,0,0,0,0,0,0,0,0,0
1,0,0,0,0,0,0,0,0,0,0,0,0,0,0,0,0,0,0,0,0,0,0,0,0,0,0,0,0,0,0,0,0,0,0,0,0,0,0,0,0,0,0,0,0,0,0,0,0,0,0,0,0,0,0,0,0,0,0,0,0,0,0,0,0,0,0,0,0,0,0,0,0,0,0,0,0,0,0,0,0,0,0,0,0,0,0,0,0,0,0,0,0,0,0,0,0,0,0,0,0,0,0,0,0,0,0,0,0,0,0,0,0,0,0,0,0,0,0,0,0,0,0,0,0,0,124,183,3,0,0,0,0,0,0,0,0,0,0,0,0,0,0,0,0,0,0,0,0,0,0,0,0,0,178,254,41,0,0,0,0,0,0,0,0,0,0,0,0,0,0,0,0,0,0,0,0,0,0,0,0,0,178,254,66,0,0,0,0,0,0,0,0,0,0,0,0,0,0,0,0,0,0,0,0,0,0,0,0,0,178,254,159,0,0,0,0,0,0,0,0,0,0,0,0,0,0,0,0,0,0,0,0,0,0,0,0,0,178,254,159,0,0,0,0,0,0,0,0,0,0,0,0,0,0,0,0,0,0,0,0,0,0,0,0,0,178,254,159,0,0,0,0,0,0,0,0,0,0,0,0,0,0,0,0,0,0,0,0,0,0,0,0,1,180,254,159,0,0,0,0,0,0,0,0,0,0,0,0,0,0,0,0,0,0,0,0,0,0,0,0,38,247,254,159,0,0,0,0,0,0,0,0,0,0,0,0,0,0,0,0,0,0,0,0,0,0,0,0,7,191,254,159,0,0,0,0,0,0,0,0,0,0,0,0,0,0,0,0,0,0,0,0,0,0,0,0,42,255,254,131,0,0,0,0,0,0,0,0,0,0,0,0,0,0,0,0,0,0,0,0,0,0,0,0,42,254,254,41,0,0,0,0,0,0,0,0,0,0,0,0,0,0,0,0,0,0,0,0,0,0,0,0,87,255,254,41,0,0,0,0,0,0,0,0,0,0,0,0,0,0,0,0,0,0,0,0,0,0,0,0,160,254,254,41,0,0,0,0,0,0,0,0,0,0,0,0,0,0,0,0,0,0,0,0,0,0,0,0,160,254,254,41,0,0,0,0,0,0,0,0,0,0,0,0,0,0,0,0,0,0,0,0,0,0,0,0,160,255,245,36,0,0,0,0,0,0,0,0,0,0,0,0,0,0,0,0,0,0,0,0,0,0,0,5,178,254,177,0,0,0,0,0,0,0,0,0,0,0,0,0,0,0,0,0,0,0,0,0,0,0,0,24,254,254,177,0,0,0,0,0,0,0,0,0,0,0,0,0,0,0,0,0,0,0,0,0,0,0,0,5,180,254,202,14,0,0,0,0,0,0,0,0,0,0,0,0,0,0,0,0,0,0,0,0,0,0,0,0,160,254,254,41,0,0,0,0,0,0,0,0,0,0,0,0,0,0,0,0,0,0,0,0,0,0,0,0,31,219,182,3,0,0,0,0,0,0,0,0,0,0,0,0,0,0,0,0,0,0,0,0,0,0,0,0,0,0,0,0,0,0,0,0,0,0,0,0,0,0,0,0,0,0,0,0,0,0,0,0,0,0,0,0,0,0,0,0,0,0,0,0,0,0,0,0,0,0,0,0,0,0,0,0,0,0,0,0,0,0,0,0,0,0,0,0,0,0,0,0,0,0,0,0,0,0,0,0,0,0,0,0,0,0,0,0,0,0,0,0,0,0,0,0,0,0,0,0,0,0,0,0,0,0,0,0
4,0,0,0,0,0,0,0,0,0,0,0,0,0,0,0,0,0,0,0,0,0,0,0,0,0,0,0,0,0,0,0,0,0,0,0,0,0,0,0,0,0,0,0,0,0,0,0,0,0,0,0,0,0,0,0,0,0,0,0,0,0,0,0,0,0,0,0,0,0,0,0,0,0,0,0,0,0,0,0,0,0,0,0,0,0,0,0,0,0,0,0,0,0,0,0,0,0,0,0,0,0,0,0,0,0,0,0,0,0,0,0,0,0,0,0,0,0,0,0,0,0,0,0,0,0,0,0,0,0,0,0,0,0,0,0,0,0,0,0,0,0,0,0,0,0,0,0,0,0,0,0,0,0,0,0,0,0,0,0,0,0,0,0,0,0,0,0,0,0,0,0,0,0,0,0,0,127,255,207,0,0,0,0,0,7,66,243,127,0,0,0,0,0,0,0,0,0,0,0,0,0,0,0,60,244,253,236,44,0,0,0,0,70,252,252,241,42,0,0,0,0,0,0,0,0,0,0,0,0,0,0,176,252,253,252,69,0,0,0,0,153,252,252,230,0,0,0,0,0,0,0,0,0,0,0,0,0,0,0,207,252,253,252,162,0,0,0,38,240,252,252,230,0,0,0,0,0,0,0,0,0,0,0,0,0,0,0,155,252,253,252,246,94,0,0,99,252,252,252,230,0,0,0,0,0,0,0,0,0,0,0,0,0,0,0,43,241,255,253,253,211,86,34,212,253,253,253,221,0,0,0,0,0,0,0,0,0,0,0,0,0,0,0,0,209,253,252,252,252,252,253,252,252,252,252,116,0,0,0,0,0,0,0,0,0,0,0,0,0,0,0,0,84,253,252,252,252,252,253,252,252,252,252,116,0,0,0,0,0,0,0,0,0,0,0,0,0,0,0,0,0,211,252,252,252,252,253,252,252,252,252,116,0,0,0,0,0,0,0,0,0,0,0,0,0,0,0,0,0,13,43,221,252,252,253,252,252,252,252,116,0,0,0,0,0,0,0,0,0,0,0,0,0,0,0,0,0,0,0,32,116,11,139,253,253,253,243,53,0,0,0,0,0,0,0,0,0,0,0,0,0,0,0,0,0,0,0,0,0,0,212,252,252,252,211,0,0,0,0,0,0,0,0,0,0,0,0,0,0,0,0,0,0,0,0,0,0,0,201,252,252,252,168,0,0,0,0,0,0,0,0,0,0,0,0,0,0,0,0,0,0,0,0,0,0,0,253,252,252,252,137,0,0,0,0,0,0,0,0,0,0,0,0,0,0,0,0,0,0,0,0,0,0,0,253,252,252,252,137,0,0,0,0,0,0,0,0,0,0,0,0,0,0,0,0,0,0,0,0,0,0,0,255,253,253,253,86,0,0,0,0,0,0,0,0,0,0,0,0,0,0,0,0,0,0,0,0,0,0,74,253,252,252,252,137,0,0,0,0,0,0,0,0,0,0,0,0,0,0,0,0,0,0,0,0,0,0,116,253,252,252,252,54,0,0,0,0,0,0,0,0,0,0,0,0,0,0,0,0,0,0,0,0,0,0,21,253,252,252,252,22,0,0,0,0,0,0,0,0,0,0,0,0,0,0,0,0,0,0,0,0,0,0,0,190,64,75,22,2,0,0,0,0,0,0,0,0,0,0,0,0,0,0,0,0,0,0,0,0,0,0,0,0,0,0,0,0,0,0,0,0,0,0,0,0,0,0,0,0,0,0,0,0,0,0,0,0,0,0,0,0,0,0,0,0,0,0,0,0,0,0,0,0,0
5,0,0,0,0,0,0,0,0,0,0,0,0,0,0,0,0,0,0,0,0,0,0,0,0,0,0,0,0,0,0,0,0,0,0,0,0,0,0,0,0,0,0,0,0,0,0,0,0,0,0,0,0,0,0,0,0,0,0,0,0,0,0,0,0,0,0,0,0,0,0,0,0,0,0,0,0,0,0,0,0,0,0,0,0,0,0,0,0,0,0,0,0,0,0,0,0,0,0,0,0,0,0,0,0,0,0,0,0,0,0,0,0,0,0,0,0,0,0,0,0,0,0,0,0,0,0,0,0,0,0,0,0,0,0,0,0,0,0,0,0,0,0,0,0,0,0,0,0,0,121,156,239,223,209,254,194,156,48,0,0,0,0,0,0,0,0,0,0,0,0,0,0,0,0,0,0,4,199,254,253,253,253,253,254,253,123,0,0,0,0,0,0,0,0,0,0,0,0,0,0,0,0,0,0,40,253,254,253,253,180,235,254,253,229,81,0,0,0,0,0,0,0,0,0,0,0,0,0,0,0,0,0,92,253,244,48,19,2,15,19,164,253,117,0,0,0,0,0,0,0,0,0,0,0,0,0,0,0,0,0,136,253,240,30,0,0,0,0,42,253,41,0,0,0,0,0,0,0,0,0,0,0,0,0,0,0,0,0,137,254,255,99,0,0,0,0,16,98,0,0,0,0,0,0,0,0,0,0,0,0,0,0,0,0,0,0,92,253,254,182,14,0,0,0,0,0,0,0,0,0,0,0,0,0,0,0,0,0,0,0,0,0,0,0,12,212,254,253,199,6,0,0,0,0,0,0,0,0,0,0,0,0,0,0,0,0,0,0,0,0,0,0,0,53,238,253,253,220,136,31,0,0,0,0,0,0,0,0,0,0,0,0,0,0,0,0,0,0,0,0,0,0,59,200,253,253,253,240,105,0,0,0,0,0,0,0,0,0,0,0,0,0,0,0,0,0,0,0,0,0,0,8,128,249,254,255,254,155,27,0,0,0,0,0,0,0,0,0,0,0,0,0,0,0,0,0,0,0,0,0,0,51,173,254,253,253,217,118,0,0,0,0,0,0,0,0,0,0,0,0,0,0,0,0,0,0,0,0,0,0,0,101,241,253,253,253,99,0,0,0,0,0,0,0,0,0,0,0,0,0,0,0,0,0,0,0,0,0,0,0,24,146,250,253,204,6,0,0,0,0,0,0,0,0,0,0,0,0,0,0,0,0,0,0,0,0,0,0,0,0,159,253,254,39,0,0,0,0,0,0,0,0,0,0,0,0,0,0,0,0,0,0,0,0,0,0,0,0,62,254,196,0,0,0,0,0,0,0,0,0,0,0,0,0,0,0,4,12,0,0,0,0,0,5,28,118,228,253,195,0,0,0,0,0,0,0,0,0,0,0,0,0,0,0,107,223,117,79,79,79,116,194,253,253,253,222,98,0,0,0,0,0,0,0,0,0,0,0,0,0,0,0,116,244,254,253,253,253,253,254,253,225,124,34,0,0,0,0,0,0,0,0,0,0,0,0,0,0,0,0,0,83,155,238,253,253,215,155,111,18,0,0,0,0,0,0,0,0,0,0,0,0,0,0,0,0,0,0,0,0,0,0,0,0,0,0,0,0,0,0,0,0,0,0,0,0,0,0,0,0,0,0,0,0,0,0,0,0,0,0,0,0,0,0,0,0,0,0,0,0,0,0,0,0,0,0,0,0,0,0,0,0,0,0,0,0,0,0,0,0,0,0,0,0,0,0,0,0,0,0,0,0,0,0
6,0,0,0,0,0,0,0,0,0,0,0,0,0,0,0,0,0,0,0,0,0,0,0,0,0,0,0,0,0,0,0,0,0,0,0,0,0,0,0,0,0,0,0,0,0,0,0,0,0,0,0,0,0,0,0,0,0,0,0,0,0,0,0,0,0,0,83,255,196,0,0,0,0,0,0,0,0,0,0,0,0,0,0,0,0,0,0,0,0,0,0,0,0,79,244,254,106,0,0,0,0,0,0,0,0,0,0,0,0,0,0,0,0,0,0,0,0,0,0,0,0,136,253,213,12,0,0,0,0,0,0,0,0,0,0,0,0,0,0,0,0,0,0,0,0,0,0,0,0,151,253,195,0,0,0,0,0,0,0,0,0,0,0,0,0,0,0,0,0,0,0,0,0,0,0,0,31,241,253,157,0,0,0,0,0,0,0,0,0,0,0,0,0,0,0,0,0,0,0,0,0,0,0,0,176,254,254,76,0,0,0,0,0,0,0,0,0,0,0,0,0,0,0,0,0,0,0,0,0,0,0,10,211,253,207,0,0,0,0,0,0,0,0,0,0,0,0,0,0,0,0,0,0,0,0,0,0,0,0,50,253,253,126,0,0,0,0,0,0,0,0,43,79,79,79,24,0,0,0,0,0,0,0,0,0,0,0,132,253,253,58,0,0,0,0,0,0,79,204,244,253,254,253,240,86,0,0,0,0,0,0,0,0,0,23,229,253,185,14,0,0,0,0,38,158,244,253,253,215,155,155,223,244,83,0,0,0,0,0,0,0,0,120,254,254,57,0,0,0,0,159,254,255,226,98,0,0,0,0,176,254,155,0,0,0,0,0,0,0,0,201,253,141,3,0,0,10,147,250,253,151,21,0,0,0,0,2,181,253,111,0,0,0,0,0,0,0,0,254,253,78,0,0,0,50,253,253,154,0,0,0,0,0,0,118,253,157,18,0,0,0,0,0,0,0,0,254,253,78,0,0,0,170,253,231,27,0,0,0,0,0,47,235,240,61,0,0,0,0,0,0,0,0,0,254,253,78,0,0,46,244,253,64,0,0,0,0,0,38,231,253,100,0,0,0,0,0,0,0,0,0,0,134,254,223,12,0,59,254,254,19,0,0,0,41,112,231,255,151,0,0,0,0,0,0,0,0,0,0,0,32,235,253,149,20,59,253,253,37,58,118,162,241,253,245,114,6,0,0,0,0,0,0,0,0,0,0,0,0,154,253,253,253,194,253,253,253,253,254,253,253,165,48,0,0,0,0,0,0,0,0,0,0,0,0,0,0,2,117,235,253,254,253,253,253,253,254,129,19,2,0,0,0,0,0,0,0,0,0,0,0,0,0,0,0,0,0,32,96,133,140,155,245,253,254,39,0,0,0,0,0,0,0,0,0,0,0,0,0,0,0,0,0,0,0,0,0,0,0,0,0,0,0,0,0,0,0,0,0,0,0,0,0,0,0,0,0,0,0,0,0,0,0,0,0,0,0,0,0,0,0,0,0,0,0,0,0,0,0,0,0,0,0,0,0,0,0,0,0,0,0,0,0,0,0,0,0,0,0,0,0,0,0,0,0,0,0,0,0,0,0,0,0,0,0,0,0,0,0,0,0,0,0,0,0,0,0,0,0,0,0,0,0,0,0,0,0,0,0,0,0,0,0,0,0,0,0,0,0,0,0,0,0,0,0,0,0,0,0,0,0,0,0,0,0,0,0,0,0,0,0,0,0,0,0,0,0,0,0,0,0,0,0,0,0,0,0,0,0,0,0,0,0,0
0,0,0,0,0,0,0,0,0,0,0,0,0,0,0,0,0,0,0,0,0,0,0,0,0,0,0,0,0,0,0,0,0,0,0,0,0,0,0,0,0,0,0,0,0,0,0,0,0,0,0,0,0,0,0,0,0,0,0,0,0,0,0,0,0,0,0,0,0,0,0,0,0,0,0,0,0,0,0,0,0,0,0,0,0,0,0,0,0,0,0,0,0,0,0,0,0,0,0,0,0,0,0,0,0,0,0,0,0,0,0,0,0,0,0,0,0,0,0,0,0,0,0,0,0,2,93,219,255,210,13,0,0,0,0,0,0,0,0,0,0,0,0,0,0,0,0,0,0,0,0,0,18,112,253,253,253,253,95,0,0,0,0,0,0,0,0,0,0,0,0,0,0,0,0,0,0,0,0,48,207,253,253,253,253,253,217,29,0,0,0,0,0,0,0,0,0,0,0,0,0,0,0,0,0,0,25,233,253,253,242,199,253,253,253,220,113,0,0,0,0,0,0,0,0,0,0,0,0,0,0,0,0,59,223,253,253,234,39,11,110,253,253,253,248,129,25,0,0,0,0,0,0,0,0,0,0,0,0,0,0,176,253,253,251,78,0,0,45,147,194,253,253,253,120,0,0,0,0,0,0,0,0,0,0,0,0,0,110,251,253,253,131,0,0,0,0,0,5,135,253,253,251,53,0,0,0,0,0,0,0,0,0,0,0,0,171,253,253,243,10,0,0,0,0,0,0,63,243,253,253,170,0,0,0,0,0,0,0,0,0,0,0,23,223,253,253,73,0,0,0,0,0,0,0,0,74,253,253,184,6,0,0,0,0,0,0,0,0,0,0,36,253,253,233,22,0,0,0,0,0,0,0,0,9,192,253,253,35,0,0,0,0,0,0,0,0,0,0,36,253,253,164,0,0,0,0,0,0,0,0,0,0,166,253,253,35,0,0,0,0,0,0,0,0,0,0,135,253,253,66,0,0,0,0,0,0,0,0,0,0,166,253,253,134,0,0,0,0,0,0,0,0,0,0,154,253,253,47,0,0,0,0,0,0,0,0,0,28,246,253,253,45,0,0,0,0,0,0,0,0,0,0,154,253,253,47,0,0,0,0,0,0,0,0,0,36,253,253,211,17,0,0,0,0,0,0,0,0,0,0,85,253,253,116,0,0,0,0,0,0,0,0,21,209,253,253,156,0,0,0,0,0,0,0,0,0,0,0,13,200,253,223,19,0,0,0,0,0,18,48,208,253,253,211,19,0,0,0,0,0,0,0,0,0,0,0,0,171,253,253,191,71,66,66,66,102,209,253,253,253,253,103,0,0,0,0,0,0,0,0,0,0,0,0,0,61,232,253,253,253,253,253,253,253,253,253,253,244,94,15,0,0,0,0,0,0,0,0,0,0,0,0,0,0,59,235,253,253,253,253,253,253,253,209,93,31,0,0,0,0,0,0,0,0,0,0,0,0,0,0,0,0,0,14,17,75,146,178,135,100,17,10,0,0,0,0,0,0,0,0,0,0,0,0,0,0,0,0,0,0,0,0,0,0,0,0,0,0,0,0,0,0,0,0,0,0,0,0,0,0,0,0,0,0,0,0,0,0,0,0,0,0,0,0,0,0,0,0,0,0,0,0,0,0,0,0,0,0,0,0,0,0,0,0,0,0,0,0,0,0,0,0,0,0,0,0,0,0,0,0,0,0,0,0,0,0,0,0,0,0,0,0,0,0,0,0,0,0,0,0,0,0,0,0,0,0,0,0,0,0,0,0,0,0
5,0,0,0,0,0,0,0,0,0,0,0,0,0,0,0,0,0,0,0,0,0,0,0,0,0,0,0,0,0,0,0,0,0,0,0,0,0,0,0,0,0,0,0,0,0,0,0,0,0,0,0,0,0,0,0,0,0,0,0,0,0,0,0,0,0,0,0,0,0,0,0,0,0,0,0,0,0,0,0,0,0,0,0,0,0,0,0,0,0,0,0,0,0,0,0,0,0,0,0,0,0,0,0,0,0,0,0,0,0,0,0,0,0,0,0,0,0,0,0,0,0,0,0,0,0,0,0,0,0,0,0,0,0,0,0,0,0,0,0,0,0,0,0,0,0,0,0,0,0,12,134,211,254,206,144,144,53,16,0,0,0,0,0,0,0,0,0,0,0,0,0,0,0,0,0,0,0,89,253,253,253,253,254,253,253,149,0,0,0,0,0,0,0,0,0,0,0,0,0,0,0,0,0,0,22,202,253,192,154,241,254,253,253,188,0,0,0,0,0,0,0,0,0,0,0,0,0,0,0,0,0,0,161,253,233,4,0,9,11,10,102,58,0,0,0,0,0,0,0,0,0,0,0,0,0,0,0,0,0,0,166,253,131,0,0,0,0,0,0,0,0,0,0,0,0,0,0,0,0,0,0,0,0,0,0,0,0,18,235,253,45,0,0,0,0,0,0,0,0,0,0,0,0,0,0,0,0,0,0,0,0,0,0,0,0,23,253,253,132,122,122,122,60,4,0,0,0,0,0,0,0,0,0,0,0,0,0,0,0,0,0,0,0,42,253,253,253,253,253,253,254,184,64,2,0,0,0,0,0,0,0,0,0,0,0,0,0,0,0,0,0,85,253,253,253,253,196,244,254,253,253,93,0,0,0,0,0,0,0,0,0,0,0,0,0,0,0,0,0,85,253,253,99,33,9,29,110,176,235,237,125,0,0,0,0,0,0,0,0,0,0,0,0,0,0,0,0,10,111,73,0,0,0,0,0,0,197,254,230,46,0,0,0,0,0,0,0,0,0,0,0,0,0,0,0,0,0,0,0,0,0,0,0,0,31,169,253,165,0,0,0,0,0,0,0,0,0,0,0,0,0,0,0,0,0,0,0,0,0,0,0,0,0,42,253,238,18,0,0,0,0,0,0,0,0,0,0,0,0,0,0,0,0,0,0,0,0,0,0,0,0,23,253,253,22,0,0,0,0,0,0,0,0,0,0,0,0,0,0,0,0,0,0,0,42,104,0,0,0,47,253,253,22,0,0,0,0,0,0,0,0,0,0,0,0,0,0,0,0,0,0,0,188,253,78,0,35,175,253,253,22,0,0,0,0,0,0,0,0,0,0,0,0,0,0,0,0,0,0,0,188,253,252,232,241,253,253,250,21,0,0,0,0,0,0,0,0,0,0,0,0,0,0,0,0,0,0,0,108,248,255,253,253,253,253,145,0,0,0,0,0,0,0,0,0,0,0,0,0,0,0,0,0,0,0,0,0,139,254,253,253,213,152,14,0,0,0,0,0,0,0,0,0,0,0,0,0,0,0,0,0,0,0,0,0,63,143,220,161,20,0,0,0,0,0,0,0,0,0,0,0,0,0,0,0,0,0,0,0,0,0,0,0,0,0,0,0,0,0,0,0,0,0,0,0,0,0,0,0,0,0,0,0,0,0,0,0,0,0,0,0,0,0,0,0,0,0,0,0,0,0,0,0,0,0,0,0,0,0,0,0,0,0,0,0,0,0,0,0,0,0,0,0,0,0,0,0,0,0,0,0,0,0,0
2,0,0,0,0,0,0,0,0,0,0,0,0,0,0,0,0,0,0,0,0,0,0,0,0,0,0,0,0,0,0,0,0,0,0,0,0,0,0,0,0,0,0,0,0,0,0,0,0,0,0,0,0,0,0,0,0,0,0,0,0,0,0,0,0,0,0,0,0,0,0,0,0,0,0,0,0,0,0,0,0,0,0,0,0,0,0,0,0,0,0,0,0,0,0,0,0,0,11,51,21,0,0,0,0,0,0,0,0,0,0,0,0,0,0,0,0,0,0,0,0,0,0,0,102,183,213,252,223,40,0,0,0,0,0,0,0,0,0,0,0,0,0,0,0,0,0,0,0,21,72,233,132,213,224,223,183,243,62,0,0,0,0,0,0,0,0,0,0,0,0,0,0,0,0,0,123,223,253,252,253,252,102,20,61,243,142,0,0,0,0,0,0,0,0,0,0,0,0,0,0,0,0,0,132,253,254,253,142,61,0,0,51,253,254,50,0,0,0,0,0,0,0,0,0,0,0,0,0,0,0,0,10,50,172,90,0,0,0,0,173,252,253,50,0,0,0,0,0,0,0,0,0,0,0,0,0,0,0,0,0,0,0,0,0,0,0,0,254,253,203,20,0,0,0,0,0,0,0,0,0,0,0,0,0,0,0,0,0,0,0,0,0,0,0,41,253,252,102,0,0,0,0,0,0,0,0,0,0,0,0,0,0,0,0,0,0,0,0,0,0,0,11,213,254,233,0,0,0,0,0,0,0,0,0,0,0,0,0,0,0,0,0,0,0,0,0,0,0,0,51,252,253,151,0,0,0,0,0,0,0,0,0,0,0,0,0,0,0,0,0,0,0,0,0,0,0,0,132,253,254,233,0,0,0,0,0,0,0,0,0,0,0,0,0,0,0,0,0,0,0,0,0,0,0,82,253,252,253,70,0,0,0,0,0,0,0,0,0,0,0,0,0,0,0,0,0,0,0,0,0,0,31,173,254,172,254,50,0,0,0,0,0,0,0,0,0,0,0,0,0,0,0,0,0,0,0,0,0,0,152,252,253,212,131,10,0,0,0,0,0,0,0,0,0,0,0,0,0,0,0,0,0,0,0,0,0,41,254,253,254,50,0,0,0,0,0,0,0,0,0,0,0,0,0,0,0,0,0,0,0,0,0,0,123,243,253,252,253,212,203,203,163,162,183,102,41,0,0,0,0,0,0,0,0,0,0,0,0,0,214,253,255,253,255,253,254,253,254,253,254,253,254,253,254,172,153,112,41,0,0,0,0,0,0,0,0,0,213,252,253,252,253,252,253,212,213,252,253,212,131,131,151,192,151,151,162,162,0,0,0,0,0,0,0,0,21,183,255,213,41,82,82,0,41,0,0,0,0,0,0,0,0,0,0,41,0,0,0,0,0,0,0,0,0,0,50,10,0,0,0,0,0,0,0,0,0,0,0,0,0,0,0,0,0,0,0,0,0,0,0,0,0,0,0,0,0,0,0,0,0,0,0,0,0,0,0,0,0,0,0,0,0,0,0,0,0,0,0,0,0,0,0,0,0,0,0,0,0,0,0,0,0,0,0,0,0,0,0,0,0,0,0,0,0,0,0,0,0,0,0,0,0,0,0,0,0,0,0,0,0,0,0,0,0,0,0,0,0,0,0,0,0,0,0,0,0,0,0,0,0,0,0,0,0,0,0,0,0,0,0,0,0,0,0,0,0,0,0,0,0,0,0,0,0,0,0,0,0,0,0,0,0,0,0,0,0,0,0,0,0,0,0,0,0
2,0,0,0,0,0,0,0,0,0,0,0,0,0,0,0,0,0,0,0,0,0,0,0,0,0,0,0,0,0,0,0,0,0,0,0,0,0,0,0,0,0,0,0,0,0,0,0,0,0,0,0,0,0,0,0,0,0,0,0,0,0,0,0,0,0,0,0,0,0,0,0,0,0,0,0,0,0,0,0,0,0,0,0,0,0,0,0,0,0,0,0,0,0,0,0,0,0,0,0,0,0,0,0,0,0,0,0,0,0,0,0,0,0,0,0,0,0,0,0,0,0,1,7,86,151,255,254,254,221,32,0,0,0,0,0,0,0,0,0,0,0,0,0,0,0,0,0,7,83,148,253,253,245,241,244,253,253,182,3,0,0,0,0,0,0,0,0,0,0,0,0,0,0,0,4,202,253,251,219,111,38,0,25,206,253,253,49,0,0,0,0,0,0,0,0,0,0,0,0,0,0,0,6,228,219,95,0,0,0,0,0,63,253,253,49,0,0,0,0,0,0,0,0,0,0,0,0,0,0,0,0,0,0,0,0,0,0,0,0,63,253,253,49,0,0,0,0,0,0,0,0,0,0,0,0,0,0,0,0,0,0,0,0,0,0,0,0,141,253,253,49,0,0,0,0,0,0,0,0,0,0,0,0,0,0,0,0,0,0,0,0,0,0,0,10,198,253,240,41,0,0,0,0,0,0,0,0,0,0,0,0,0,0,0,0,0,0,0,0,0,0,0,81,253,253,179,0,0,0,0,0,0,0,0,0,0,0,0,0,0,0,0,0,0,0,0,0,0,0,0,180,253,253,91,0,0,0,0,0,0,0,0,0,0,0,0,0,0,0,0,0,0,0,0,0,0,0,13,198,253,236,42,0,0,0,0,0,0,0,0,0,0,0,0,0,0,0,0,0,0,0,0,0,0,0,84,253,253,151,0,0,0,0,0,0,0,0,0,0,0,0,0,0,0,0,0,0,0,0,0,0,0,35,236,253,204,14,0,0,0,0,0,0,0,0,0,0,0,0,0,0,0,0,0,0,0,0,0,0,12,171,253,235,70,0,0,0,0,0,0,0,0,0,0,0,0,0,0,0,0,0,0,0,0,0,0,0,140,253,253,95,0,0,0,0,0,0,0,0,0,0,0,0,0,0,0,0,0,0,0,0,0,0,0,0,101,253,235,47,0,71,94,132,217,217,217,217,162,5,0,0,0,0,0,0,0,0,0,0,0,0,0,137,242,253,162,187,223,246,253,253,253,253,253,253,253,121,0,0,0,0,0,0,0,0,0,0,0,8,118,244,253,253,253,253,253,225,148,148,148,103,24,136,148,19,0,0,0,0,0,0,0,0,0,0,6,123,253,253,253,234,141,54,18,13,0,0,0,0,0,0,0,0,0,0,0,0,0,0,0,0,0,0,71,253,253,239,118,10,0,0,0,0,0,0,0,0,0,0,0,0,0,0,0,0,0,0,0,0,0,4,188,129,57,5,0,0,0,0,0,0,0,0,0,0,0,0,0,0,0,0,0,0,0,0,0,0,0,0,0,0,0,0,0,0,0,0,0,0,0,0,0,0,0,0,0,0,0,0,0,0,0,0,0,0,0,0,0,0,0,0,0,0,0,0,0,0,0,0,0,0,0,0,0,0,0,0,0,0,0,0,0,0,0,0,0,0,0,0,0,0,0,0,0,0,0,0,0,0,0,0,0,0,0,0,0,0,0,0,0,0,0,0,0,0,0,0,0,0,0,0,0,0,0,0,0,0,0,0,0,0,0,0,0
2,0,0,0,0,0,0,0,0,0,0,0,0,0,0,0,0,0,0,0,0,0,0,0,0,0,0,0,0,0,0,0,0,0,0,0,0,0,0,0,0,0,0,0,0,0,0,0,0,0,0,0,0,0,0,0,0,0,0,0,0,0,0,0,0,45,121,227,226,38,0,0,0,0,0,0,0,0,0,0,0,0,0,0,0,0,0,0,0,0,0,0,0,150,253,253,253,245,145,0,0,0,0,0,0,0,0,0,0,0,0,0,0,0,0,0,0,0,0,0,57,241,253,253,253,253,250,145,0,0,0,0,0,0,0,0,0,0,0,0,0,0,0,0,0,0,0,0,0,107,152,173,232,253,253,240,0,0,0,0,0,0,0,0,0,0,0,0,0,0,0,0,0,0,0,0,0,0,0,0,187,253,253,240,0,0,0,0,0,0,0,0,0,0,0,0,0,0,0,0,0,0,0,0,0,0,0,0,187,253,253,240,0,0,0,0,0,0,0,0,0,0,0,0,0,0,0,0,0,0,0,0,0,0,0,0,187,253,253,240,0,0,0,0,0,0,0,0,0,0,0,0,0,0,0,0,0,0,0,0,0,0,0,8,194,253,253,240,0,0,0,0,0,0,0,0,0,0,0,0,0,0,0,0,0,0,0,0,0,0,0,145,253,253,253,233,0,0,0,0,0,0,0,0,0,0,0,0,0,0,0,0,0,0,0,0,0,0,0,201,253,253,239,50,0,0,0,0,0,0,0,0,0,0,0,0,0,0,0,0,0,0,0,0,0,0,81,254,254,254,164,0,0,0,0,0,0,0,0,0,0,0,0,0,0,0,0,0,0,0,0,0,0,0,137,253,253,236,54,0,0,0,0,0,0,0,0,0,0,0,0,0,0,0,0,0,0,0,0,0,0,35,229,253,253,163,0,0,0,0,0,0,0,0,0,0,0,0,0,0,0,0,0,0,0,0,0,0,0,94,253,253,208,13,0,0,0,0,0,0,0,0,0,0,0,0,0,0,0,0,0,0,0,0,0,0,0,94,253,253,199,0,0,0,0,0,0,0,0,0,50,68,61,0,0,0,0,0,0,0,0,0,0,0,0,94,253,253,211,17,0,0,0,29,23,54,97,187,236,253,246,79,0,0,0,0,0,0,0,0,0,0,0,94,253,253,253,199,174,174,174,217,207,253,253,253,253,253,253,107,0,0,0,0,0,0,0,0,0,0,0,85,235,253,253,253,253,253,253,255,253,253,253,253,253,253,250,95,0,0,0,0,0,0,0,0,0,0,0,0,77,250,253,253,253,253,253,255,253,248,240,133,134,218,95,0,0,0,0,0,0,0,0,0,0,0,0,0,0,95,147,253,182,253,253,255,126,76,0,0,0,0,0,0,0,0,0,0,0,0,0,0,0,0,0,0,0,0,0,0,0,0,0,0,0,0,0,0,0,0,0,0,0,0,0,0,0,0,0,0,0,0,0,0,0,0,0,0,0,0,0,0,0,0,0,0,0,0,0,0,0,0,0,0,0,0,0,0,0,0,0,0,0,0,0,0,0,0,0,0,0,0,0,0,0,0,0,0,0,0,0,0,0,0,0,0,0,0,0,0,0,0,0,0,0,0,0,0,0,0,0,0,0,0,0,0,0,0,0,0,0,0,0,0,0,0,0,0,0,0,0,0,0,0,0,0,0,0,0,0,0,0,0,0,0,0,0,0,0,0,0,0,0,0,0,0,0,0,0,0,0,0,0,0,0,0,0,0,0,0,0,0,0,0,0
1,0,0,0,0,0,0,0,0,0,0,0,0,0,0,0,0,0,0,0,0,0,0,0,0,0,0,0,0,0,0,0,0,0,0,0,0,0,0,0,0,0,0,0,0,0,0,0,0,0,0,0,0,0,0,0,0,0,0,0,0,0,0,0,0,0,0,0,0,0,0,0,0,0,0,0,0,0,0,0,0,0,0,0,0,0,0,0,0,0,0,0,0,0,0,0,0,0,0,0,0,0,0,0,0,0,0,0,0,0,0,0,0,0,0,0,0,0,0,0,0,0,0,0,0,0,0,0,0,0,0,0,0,0,0,0,0,0,0,0,0,0,0,0,0,0,0,0,0,0,0,0,0,0,172,234,31,0,0,0,0,0,0,0,0,0,0,0,0,0,0,0,0,0,0,0,0,0,0,0,0,49,245,254,132,0,0,0,0,0,0,0,0,0,0,0,0,0,0,0,0,0,0,0,0,0,0,0,0,29,232,254,169,1,0,0,0,0,0,0,0,0,0,0,0,0,0,0,0,0,0,0,0,0,0,0,0,0,103,254,254,39,0,0,0,0,0,0,0,0,0,0,0,0,0,0,0,0,0,0,0,0,0,0,0,0,16,254,254,109,0,0,0,0,0,0,0,0,0,0,0,0,0,0,0,0,0,0,0,0,0,0,0,0,110,254,255,36,0,0,0,0,0,0,0,0,0,0,0,0,0,0,0,0,0,0,0,0,0,0,0,0,201,254,254,5,0,0,0,0,0,0,0,0,0,0,0,0,0,0,0,0,0,0,0,0,0,0,0,0,214,254,254,5,0,0,0,0,0,0,0,0,0,0,0,0,0,0,0,0,0,0,0,0,0,0,0,0,214,254,214,3,0,0,0,0,0,0,0,0,0,0,0,0,0,0,0,0,0,0,0,0,0,0,0,0,192,254,254,5,0,0,0,0,0,0,0,0,0,0,0,0,0,0,0,0,0,0,0,0,0,0,0,0,110,254,254,5,0,0,0,0,0,0,0,0,0,0,0,0,0,0,0,0,0,0,0,0,0,0,0,0,110,254,254,5,0,0,0,0,0,0,0,0,0,0,0,0,0,0,0,0,0,0,0,0,0,0,0,0,110,254,254,5,0,0,0,0,0,0,0,0,0,0,0,0,0,0,0,0,0,0,0,0,0,0,0,0,110,254,254,60,0,0,0,0,0,0,0,0,0,0,0,0,0,0,0,0,0,0,0,0,0,0,0,0,35,254,254,109,0,0,0,0,0,0,0,0,0,0,0,0,0,0,0,0,0,0,0,0,0,0,0,0,6,254,254,109,0,0,0,0,0,0,0,0,0,0,0,0,0,0,0,0,0,0,0,0,0,0,0,0,4,214,254,109,0,0,0,0,0,0,0,0,0,0,0,0,0,0,0,0,0,0,0,0,0,0,0,0,3,210,254,155,0,0,0,0,0,0,0,0,0,0,0,0,0,0,0,0,0,0,0,0,0,0,0,0,0,79,243,213,0,0,0,0,0,0,0,0,0,0,0,0,0,0,0,0,0,0,0,0,0,0,0,0,0,0,121,211,0,0,0,0,0,0,0,0,0,0,0,0,0,0,0,0,0,0,0,0,0,0,0,0,0,0,0,0,0,0,0,0,0,0,0,0,0,0,0,0,0,0,0,0,0,0,0,0,0,0,0,0,0,0,0,0,0,0,0,0,0,0,0,0,0,0,0,0,0,0,0,0,0,0,0,0,0,0,0,0,0,0,0,0,0,0,0,0,0,0,0,0,0,0,0
5,0,0,0,0,0,0,0,0,0,0,0,0,0,0,0,0,0,0,0,0,0,0,0,0,0,0,0,0,0,0,0,0,0,0,0,0,0,0,0,0,0,0,0,0,0,0,0,0,0,0,0,0,0,0,0,0,0,0,0,0,0,0,0,0,0,0,0,0,0,0,0,0,0,0,0,0,0,0,0,0,0,0,0,0,0,0,0,0,0,0,0,0,0,0,0,0,0,0,0,0,0,0,0,0,0,0,0,0,0,0,0,0,0,0,0,0,0,0,0,0,0,0,0,0,0,47,109,212,170,0,0,0,0,0,0,0,0,0,0,0,0,0,0,0,0,0,0,0,0,0,0,73,217,233,252,252,252,0,0,0,0,0,0,0,0,0,0,0,0,0,0,0,0,0,0,6,37,99,181,232,252,253,241,215,132,0,0,0,0,0,0,0,0,0,0,0,0,0,0,0,0,0,0,120,252,252,252,252,168,108,77,0,0,0,0,0,0,0,0,0,0,0,0,0,0,0,0,0,0,0,32,211,252,252,220,41,0,0,0,0,0,0,0,0,0,0,0,0,0,0,0,0,0,0,0,0,0,0,73,252,252,158,25,0,0,0,0,0,0,0,0,0,0,0,0,0,0,0,0,0,0,0,0,0,0,0,63,241,252,143,0,0,0,0,0,0,0,0,0,0,0,0,0,0,0,0,0,0,0,0,0,0,0,0,0,98,252,205,144,41,0,0,0,0,0,0,0,0,0,0,0,0,0,0,0,0,0,0,0,0,0,0,0,21,207,253,253,253,253,255,253,253,253,110,109,94,0,0,0,0,0,0,0,0,0,0,0,0,0,0,0,0,20,35,159,179,179,180,200,252,252,253,252,247,134,0,0,0,0,0,0,0,0,0,0,0,0,0,0,0,0,0,0,0,0,0,21,71,154,217,226,252,252,120,5,0,0,0,0,0,0,0,0,0,0,0,0,0,0,0,0,0,0,0,0,0,0,0,31,128,252,253,35,0,0,0,0,0,0,0,0,0,0,0,0,0,0,0,0,0,0,0,0,0,0,0,0,37,253,255,180,0,0,0,0,0,0,0,0,0,0,0,0,0,0,0,0,0,0,0,0,0,0,0,0,37,252,253,179,0,0,0,0,0,0,0,0,0,0,0,0,0,0,0,0,0,0,0,0,0,0,0,32,150,252,237,71,0,0,0,0,0,0,0,0,0,0,0,0,0,0,0,0,0,0,0,0,0,0,145,237,252,252,144,0,0,0,0,0,0,0,0,0,0,0,0,0,0,0,0,0,0,0,0,32,109,191,255,253,175,62,0,0,0,0,0,0,0,0,0,0,0,0,0,0,0,1,73,73,94,217,218,227,252,252,180,55,10,0,0,0,0,0,0,0,0,0,0,0,0,0,0,0,0,105,252,252,252,252,253,241,215,132,0,0,0,0,0,0,0,0,0,0,0,0,0,0,0,0,0,0,0,62,252,252,252,252,108,77,0,0,0,0,0,0,0,0,0,0,0,0,0,0,0,0,0,0,0,0,0,0,0,0,0,0,0,0,0,0,0,0,0,0,0,0,0,0,0,0,0,0,0,0,0,0,0,0,0,0,0,0,0,0,0,0,0,0,0,0,0,0,0,0,0,0,0,0,0,0,0,0,0,0,0,0,0,0,0,0,0,0,0,0,0,0,0,0,0,0,0,0,0,0,0,0,0,0,0,0,0,0,0,0,0,0,0,0,0,0,0,0,0,0,0,0,0,0,0,0,0,0,0,0,0
5,0,0,0,0,0,0,0,0,0,0,0,0,0,0,0,0,0,0,0,0,0,0,0,0,0,0,0,0,0,0,0,0,0,0,0,0,0,0,0,0,0,0,0,0,0,0,0,0,0,0,0,0,0,0,0,0,0,0,0,0,0,0,0,0,0,0,0,0,0,0,0,0,0,0,0,0,0,0,0,0,0,0,0,0,0,0,0,0,0,0,0,0,0,0,0,0,0,0,0,0,0,0,0,0,0,0,0,0,0,0,0,0,0,0,0,0,0,0,0,0,0,0,0,0,0,0,0,0,0,0,0,0,0,0,0,0,0,0,0,0,0,0,0,0,0,0,0,0,0,0,0,72,254,254,255,254,254,254,254,254,254,254,195,42,0,0,0,0,0,0,0,0,0,0,0,0,0,0,28,70,254,254,254,254,254,254,254,254,254,218,213,166,0,0,0,0,0,0,0,0,0,0,0,0,0,20,220,254,254,124,26,74,116,116,116,88,26,12,10,0,0,0,0,0,0,0,0,0,0,0,0,0,0,49,254,254,212,2,0,0,0,0,0,0,0,0,0,0,0,0,0,0,0,0,0,0,0,0,0,0,0,94,254,254,169,0,0,0,0,0,0,0,0,0,0,0,0,0,0,0,0,0,0,0,0,0,0,0,0,159,254,254,134,0,0,0,0,0,0,0,0,0,0,0,0,0,0,0,0,0,0,0,0,0,0,0,0,214,254,251,53,0,0,0,0,0,0,0,0,0,0,0,0,0,0,0,0,0,0,0,0,0,0,0,0,127,254,245,0,0,0,0,0,0,0,0,0,0,0,0,0,0,0,0,0,0,0,0,0,0,0,0,0,34,242,247,19,0,0,0,0,0,0,0,0,0,0,0,0,0,0,0,0,0,0,0,0,0,0,0,0,0,201,254,203,78,19,0,0,0,0,0,0,0,0,0,0,0,0,0,0,0,0,0,0,0,0,0,0,0,82,245,254,254,228,116,17,0,0,0,0,0,0,0,0,0,0,0,0,0,0,0,0,0,0,0,0,0,0,46,208,247,254,254,226,120,0,0,0,0,0,0,0,0,0,0,0,0,0,0,0,0,0,0,53,15,0,0,0,45,92,207,253,249,85,0,0,0,0,0,0,0,0,0,0,0,0,0,0,0,0,0,228,40,0,0,0,0,0,0,113,235,220,0,0,0,0,0,0,0,0,0,0,0,0,0,0,0,0,0,228,149,0,0,0,0,0,0,0,87,253,136,0,0,0,0,0,0,0,0,0,0,0,0,0,0,0,0,96,251,49,0,0,0,0,0,0,31,229,218,24,0,0,0,0,0,0,0,0,0,0,0,0,0,0,0,7,191,218,127,41,1,0,0,45,182,254,254,98,0,0,0,0,0,0,0,0,0,0,0,0,0,0,0,0,20,220,254,254,206,205,205,245,254,254,254,57,0,0,0,0,0,0,0,0,0,0,0,0,0,0,0,0,0,28,65,212,253,254,254,254,254,254,188,2,0,0,0,0,0,0,0,0,0,0,0,0,0,0,0,0,0,0,0,0,187,222,254,254,184,131,25,0,0,0,0,0,0,0,0,0,0,0,0,0,0,0,0,0,0,0,0,0,0,0,0,0,0,0,0,0,0,0,0,0,0,0,0,0,0,0,0,0,0,0,0,0,0,0,0,0,0,0,0,0,0,0,0,0,0,0,0,0,0,0,0,0,0,0,0,0,0,0,0,0,0,0,0,0,0,0,0,0,0,0,0,0,0,0,0,0,0,0,0
2,0,0,0,0,0,0,0,0,0,0,0,0,0,0,0,0,0,0,0,0,0,0,0,0,0,0,0,0,0,0,0,0,0,0,0,0,0,0,0,0,0,0,0,0,0,0,0,0,0,0,0,0,0,0,0,0,0,0,0,0,0,0,0,0,0,0,0,0,0,0,0,0,0,0,0,0,0,0,0,0,0,0,0,0,0,0,0,0,0,0,0,0,0,0,89,191,113,114,75,0,0,0,0,0,0,0,0,0,0,0,0,0,0,0,0,0,0,0,0,0,0,76,246,252,252,253,243,193,28,0,0,0,0,0,0,0,0,0,0,0,0,0,0,0,0,0,0,0,0,85,252,252,252,253,252,252,115,0,0,0,0,0,0,0,0,0,0,0,0,0,0,0,0,0,0,0,0,85,252,233,223,237,252,252,242,91,0,0,0,0,0,0,0,0,0,0,0,0,0,0,0,0,0,0,0,38,221,84,0,50,237,252,252,252,79,0,0,0,0,0,0,0,0,0,0,0,0,0,0,0,0,0,0,0,111,110,0,0,48,229,253,253,192,12,0,0,0,0,0,0,0,0,0,0,0,0,0,0,0,0,0,0,0,15,0,0,0,53,224,252,253,74,0,0,0,0,0,0,0,0,0,0,0,0,0,0,0,0,0,0,0,0,0,0,0,0,169,252,253,167,0,0,0,0,0,0,0,0,0,0,0,0,0,0,0,0,0,0,0,0,0,0,0,0,169,252,253,167,0,0,0,0,0,0,0,0,0,0,0,0,0,0,0,0,0,0,0,0,0,0,0,0,169,252,253,167,0,0,0,0,0,0,0,0,0,0,0,0,0,0,0,0,0,0,0,0,0,0,0,0,169,253,255,168,0,0,0,0,0,0,0,0,0,0,0,0,0,0,0,0,0,0,0,0,0,0,0,98,243,252,253,42,0,0,0,0,0,0,0,0,0,0,0,0,0,0,0,0,0,0,0,0,0,26,104,240,252,252,133,6,0,0,0,0,0,0,0,0,0,0,0,0,0,0,19,29,29,29,29,29,29,207,252,252,252,236,0,0,0,0,0,0,0,0,0,0,0,0,0,0,48,140,215,252,253,252,252,252,252,253,252,252,236,50,0,0,0,0,0,0,0,0,0,0,0,0,0,0,86,253,253,253,255,253,253,253,253,255,253,253,253,174,0,0,0,0,0,0,0,0,0,0,0,0,0,0,85,252,252,252,253,252,252,252,252,253,252,252,252,252,226,225,225,75,0,0,0,0,0,0,0,0,0,0,85,252,252,252,253,233,195,195,195,196,214,252,252,252,253,252,252,84,0,0,0,0,0,0,0,0,0,0,28,193,208,84,84,56,0,0,0,0,28,84,177,239,253,252,252,84,0,0,0,0,0,0,0,0,0,0,0,0,0,0,0,0,0,0,0,0,0,0,0,63,174,252,220,37,0,0,0,0,0,0,0,0,0,0,0,0,0,0,0,0,0,0,0,0,0,0,0,0,0,0,0,0,0,0,0,0,0,0,0,0,0,0,0,0,0,0,0,0,0,0,0,0,0,0,0,0,0,0,0,0,0,0,0,0,0,0,0,0,0,0,0,0,0,0,0,0,0,0,0,0,0,0,0,0,0,0,0,0,0,0,0,0,0,0,0,0,0,0,0,0,0,0,0,0,0,0,0,0,0,0,0,0,0,0,0,0,0,0,0,0,0,0,0,0,0,0,0,0,0,0,0,0,0,0,0,0,0,0,0,0,0,0,0,0,0,0,0,0,0,0
4,0,0,0,0,0,0,0,0,0,0,0,0,0,0,0,0,0,0,0,0,0,0,0,0,0,0,0,0,0,0,0,0,0,0,0,0,0,0,0,0,0,0,0,0,0,0,0,0,0,0,0,0,0,0,0,0,0,0,0,0,0,0,0,0,0,0,0,0,0,0,0,0,0,0,0,0,0,0,0,0,0,0,0,0,0,0,0,0,0,0,0,0,0,0,0,0,0,0,0,0,0,0,0,0,0,0,0,0,0,0,0,0,0,0,0,0,0,0,0,0,0,0,0,0,0,0,0,0,0,0,0,0,0,0,0,0,0,0,0,0,0,0,0,0,0,0,0,166,240,20,0,0,0,0,0,0,0,149,160,48,0,0,0,0,0,0,0,0,0,0,0,0,0,0,68,252,254,124,0,0,0,0,0,0,0,236,254,75,0,0,0,0,0,0,0,0,0,0,0,0,0,0,17,240,254,99,0,0,0,0,0,0,0,236,254,75,0,0,0,0,0,0,0,0,0,0,0,0,0,0,23,241,254,140,0,0,0,0,0,0,0,172,254,75,0,0,0,0,0,0,0,0,0,0,0,0,0,0,6,237,254,75,0,0,0,0,0,0,0,194,254,75,0,0,0,0,0,0,0,0,0,0,0,0,0,0,34,244,254,75,0,0,0,0,0,0,62,216,254,75,0,0,0,0,0,0,0,0,0,0,0,0,0,0,23,241,254,75,0,0,0,0,0,0,76,254,254,75,0,0,0,0,0,0,0,0,0,0,0,0,0,0,95,253,235,3,0,0,0,0,0,0,131,254,254,75,0,0,0,0,0,0,0,0,0,0,0,0,0,9,241,254,143,0,0,0,0,0,5,7,125,254,254,75,0,0,0,0,0,0,0,0,0,0,0,0,0,10,254,254,47,0,92,140,188,189,198,203,208,254,247,47,0,0,0,0,0,0,0,0,0,0,0,0,0,10,254,254,254,254,255,254,205,189,188,188,208,255,236,0,0,0,0,0,0,0,0,0,0,0,0,0,0,2,28,202,216,184,122,42,8,0,0,0,9,238,252,81,0,0,0,0,0,0,0,0,0,0,0,0,0,0,0,0,0,0,0,0,0,0,0,0,0,236,254,169,0,0,0,0,0,0,0,0,0,0,0,0,0,0,0,0,0,0,0,0,0,0,0,0,0,236,254,169,0,0,0,0,0,0,0,0,0,0,0,0,0,0,0,0,0,0,0,0,0,0,0,0,71,252,254,169,0,0,0,0,0,0,0,0,0,0,0,0,0,0,0,0,0,0,0,0,0,0,0,0,42,246,254,169,0,0,0,0,0,0,0,0,0,0,0,0,0,0,0,0,0,0,0,0,0,0,0,0,0,236,254,169,0,0,0,0,0,0,0,0,0,0,0,0,0,0,0,0,0,0,0,0,0,0,0,0,0,236,254,169,0,0,0,0,0,0,0,0,0,0,0,0,0,0,0,0,0,0,0,0,0,0,0,0,0,236,254,178,1,0,0,0,0,0,0,0,0,0,0,0,0,0,0,0,0,0,0,0,0,0,0,0,0,165,218,222,6,0,0,0,0,0,0,0,0,0,0,0,0,0,0,0,0,0,0,0,0,0,0,0,0,0,0,0,0,0,0,0,0,0,0,0,0,0,0,0,0,0,0,0,0,0,0,0,0,0,0,0,0,0,0,0,0,0,0,0,0,0,0,0,0,0,0,0,0,0,0,0,0,0,0,0,0,0,0,0,0,0,0,0,0,0,0,0,0,0,0,0
9,0,0,0,0,0,0,0,0,0,0,0,0,0,0,0,0,0,0,0,0,0,0,0,0,0,0,0,0,0,0,0,0,0,0,0,0,0,0,0,0,0,0,0,0,0,0,0,0,0,0,0,0,0,0,0,0,0,0,0,0,0,0,0,0,0,0,0,0,0,0,0,0,0,0,0,0,0,0,0,0,0,0,0,0,0,0,0,0,0,0,0,0,0,0,0,0,0,0,0,0,0,0,0,0,0,0,0,0,0,0,0,0,0,0,0,0,0,0,0,0,0,0,0,0,0,0,0,0,0,0,0,0,0,0,0,0,0,0,0,0,0,0,0,0,0,0,0,0,0,0,0,0,0,0,0,0,0,0,0,0,0,0,0,0,0,0,0,0,0,0,0,0,0,0,0,0,0,0,0,56,211,255,254,254,171,7,0,0,0,0,0,0,0,0,0,0,0,0,0,0,0,0,0,0,0,1,101,244,202,87,32,172,253,89,0,0,0,0,0,0,0,0,0,0,0,0,0,0,0,0,0,0,0,121,253,188,21,0,0,13,243,198,0,0,0,0,0,0,0,0,0,0,0,0,0,0,0,0,0,0,123,252,141,9,0,0,0,0,173,253,0,0,0,0,0,0,0,0,0,0,0,0,0,0,0,0,0,0,254,202,10,0,0,0,0,0,208,253,0,0,0,0,0,0,0,0,0,0,0,0,0,0,0,0,0,52,255,157,0,0,0,0,0,0,189,254,52,0,0,0,0,0,0,0,0,0,0,0,0,0,0,0,0,71,254,55,0,0,0,0,1,66,240,253,71,0,0,0,0,0,0,0,0,0,0,0,0,0,0,0,0,110,254,133,0,0,0,41,165,253,253,202,16,0,0,0,0,0,0,0,0,0,0,0,0,0,0,0,0,4,218,252,224,169,228,250,252,247,253,113,0,0,0,0,0,0,0,0,0,0,0,0,0,0,0,0,0,0,19,109,198,226,182,132,48,197,253,113,0,0,0,0,0,0,0,0,0,0,0,0,0,0,0,0,0,0,0,0,0,0,0,0,0,198,254,42,0,0,0,0,0,0,0,0,0,0,0,0,0,0,0,0,0,0,0,0,0,0,0,0,13,247,224,5,0,0,0,0,0,0,0,0,0,0,0,0,0,0,0,0,0,0,0,0,0,0,0,0,15,253,154,0,0,0,0,0,0,0,0,0,0,0,0,0,0,0,0,0,0,0,0,0,0,0,0,0,62,253,154,0,0,0,0,0,0,0,0,0,0,0,0,0,0,0,0,0,0,0,0,0,0,0,0,0,105,253,116,0,0,0,0,0,0,0,0,0,0,0,0,0,0,0,0,0,0,0,0,0,0,0,0,0,155,254,85,0,0,0,0,0,0,0,0,0,0,0,0,0,0,0,0,0,0,0,0,0,0,0,0,0,113,253,88,0,0,0,0,0,0,0,0,0,0,0,0,0,0,0,0,0,0,0,0,0,0,0,0,0,85,253,154,0,0,0,0,0,0,0,0,0,0,0,0,0,0,0,0,0,0,0,0,0,0,0,0,0,58,253,154,0,0,0,0,0,0,0,0,0,0,0,0,0,0,0,0,0,0,0,0,0,0,0,0,0,15,253,154,0,0,0,0,0,0,0,0,0,0,0,0,0,0,0,0,0,0,0,0,0,0,0,0,0,0,0,0,0,0,0,0,0,0,0,0,0,0,0,0,0,0,0,0,0,0,0,0,0,0,0,0,0,0,0,0,0,0,0,0,0,0,0,0,0,0,0
6,0,0,0,0,0,0,0,0,0,0,0,0,0,0,0,0,0,0,0,0,0,0,0,0,0,0,0,0,0,0,0,0,0,0,0,0,0,0,0,0,0,0,0,0,0,0,0,0,0,0,0,0,0,0,0,0,0,0,0,0,0,0,0,0,0,0,0,0,0,0,0,0,0,0,0,0,0,0,0,0,0,0,0,0,0,0,0,0,0,0,0,0,0,0,0,0,0,0,0,0,0,0,0,0,68,102,233,187,0,0,0,0,0,0,0,0,0,0,0,0,0,0,0,0,0,0,0,0,0,0,23,90,237,254,177,20,0,0,0,0,0,0,0,0,0,0,0,0,0,0,0,0,0,0,0,0,0,14,200,254,245,108,16,0,0,0,0,0,0,0,0,0,0,0,0,0,0,0,0,0,0,0,0,0,132,249,254,229,58,0,0,0,0,0,0,0,0,0,0,0,0,0,0,0,0,0,0,0,0,0,5,120,249,251,140,45,0,0,0,0,0,0,0,0,0,0,0,0,0,0,0,0,0,0,0,0,0,0,117,254,254,146,0,0,0,0,0,0,0,0,0,0,0,0,0,0,0,0,0,0,0,0,0,0,0,132,251,254,181,5,0,0,0,0,0,0,0,0,0,0,0,0,0,0,0,0,0,0,0,0,0,0,18,242,254,254,83,0,0,0,0,0,0,0,0,0,0,0,0,0,0,0,0,0,0,0,0,0,0,101,199,254,254,254,177,0,0,0,0,0,0,0,0,0,0,0,0,0,0,0,0,0,0,0,0,0,0,194,254,228,234,254,177,0,0,0,0,0,0,0,0,0,0,0,0,0,0,0,0,0,0,0,0,0,80,236,254,61,78,254,177,0,0,0,0,0,0,0,0,0,0,0,0,0,0,0,0,0,0,0,0,0,248,254,254,14,32,254,177,0,0,0,0,0,0,0,0,0,0,0,0,0,0,0,0,0,0,0,0,130,254,254,216,11,32,254,198,21,0,0,0,0,0,0,0,0,0,0,0,0,0,0,0,0,0,0,0,147,254,254,116,0,32,254,254,77,0,0,0,0,0,0,0,0,0,0,0,0,0,0,0,0,0,0,0,147,254,237,63,0,103,254,219,42,0,0,0,0,0,0,0,0,0,0,0,0,0,0,0,0,0,0,0,147,254,225,29,0,186,254,177,0,0,0,0,0,0,0,0,0,0,0,0,0,0,0,0,0,0,0,0,147,254,254,120,8,188,255,177,0,0,0,0,0,0,0,0,0,0,0,0,0,0,0,0,0,0,0,0,147,254,254,254,254,254,254,177,0,0,0,0,0,0,0,0,0,0,0,0,0,0,0,0,0,0,0,0,27,196,242,254,254,254,254,177,0,0,0,0,0,0,0,0,0,0,0,0,0,0,0,0,0,0,0,0,0,0,100,254,254,254,255,83,0,0,0,0,0,0,0,0,0,0,0,0,0,0,0,0,0,0,0,0,0,0,0,0,0,0,0,0,0,0,0,0,0,0,0,0,0,0,0,0,0,0,0,0,0,0,0,0,0,0,0,0,0,0,0,0,0,0,0,0,0,0,0,0,0,0,0,0,0,0,0,0,0,0,0,0,0,0,0,0,0,0,0,0,0,0,0,0,0,0,0,0,0,0,0,0,0,0,0,0,0,0,0,0,0,0,0,0,0,0,0,0,0,0,0,0,0,0,0,0,0,0,0,0,0,0,0,0,0,0,0,0,0,0,0,0,0,0,0,0,0,0,0,0,0,0,0,0,0,0,0
2,0,0,0,0,0,0,0,0,0,0,0,0,0,0,0,0,0,0,0,0,0,0,0,0,0,0,0,0,0,0,0,0,0,0,0,0,0,0,0,0,0,0,0,0,0,0,0,0,0,0,0,0,0,0,0,0,0,0,0,0,0,0,0,0,0,0,0,0,0,0,0,0,0,0,0,0,0,0,0,0,0,0,0,0,0,0,0,0,0,0,0,0,0,0,0,0,0,0,0,0,0,0,0,0,0,0,0,0,0,0,0,0,0,0,0,0,0,0,0,0,0,0,0,0,0,0,0,0,0,0,0,0,0,0,0,0,0,0,0,0,0,0,0,0,0,0,0,0,0,0,0,0,0,0,0,0,0,0,0,0,0,0,0,0,0,0,0,0,0,0,0,0,0,0,0,0,0,0,0,0,0,0,0,0,0,0,0,0,0,0,0,0,0,0,0,0,0,0,0,0,0,0,0,0,0,1,1,0,0,0,0,0,0,0,0,0,0,0,0,0,0,0,0,0,0,0,0,0,0,0,0,32,109,191,190,109,94,0,0,0,0,0,0,0,0,0,0,0,0,0,0,0,0,0,0,0,0,0,94,227,252,252,252,252,247,217,156,52,0,0,0,0,0,0,0,0,0,0,0,0,0,0,0,0,0,0,176,215,215,215,215,226,252,252,253,190,11,0,0,0,0,0,0,0,0,0,0,0,0,0,0,0,0,0,0,0,0,0,0,31,128,252,253,252,154,0,0,0,0,0,0,0,0,0,0,0,0,0,0,0,0,0,0,0,0,0,0,0,0,0,255,253,217,0,0,0,0,0,0,0,0,0,0,0,0,0,0,0,0,0,0,0,0,0,0,0,11,73,253,252,215,0,0,0,0,0,0,0,0,0,0,0,0,0,0,0,0,0,0,0,0,0,0,11,150,252,253,200,61,0,0,0,0,0,0,0,0,0,0,0,0,0,0,0,0,0,0,0,0,0,63,175,252,252,253,179,0,0,0,125,144,144,0,0,0,0,0,0,0,0,0,0,0,0,0,0,16,109,253,253,253,253,255,253,253,253,255,253,253,253,255,253,253,253,0,0,0,0,0,0,0,0,32,197,222,252,252,252,252,252,253,252,252,252,253,252,252,252,222,179,179,97,0,0,0,0,0,0,0,0,212,252,252,252,236,215,195,71,72,71,71,71,72,71,71,71,41,0,0,0,0,0,0,0,0,0,0,0,170,252,231,108,62,0,0,0,0,0,0,0,0,0,0,0,0,0,0,0,0,0,0,0,0,0,0,0,0,0,0,0,0,0,0,0,0,0,0,0,0,0,0,0,0,0,0,0,0,0,0,0,0,0,0,0,0,0,0,0,0,0,0,0,0,0,0,0,0,0,0,0,0,0,0,0,0,0,0,0,0,0,0,0,0,0,0,0,0,0,0,0,0,0,0,0,0,0,0,0,0,0,0,0,0,0,0,0,0,0,0,0,0,0,0,0,0,0,0,0,0,0,0,0,0,0,0,0,0,0,0,0,0,0,0,0,0,0,0,0,0,0,0,0,0,0,0,0,0,0,0,0,0,0,0,0,0,0,0,0,0,0,0,0,0,0,0,0,0,0,0,0,0,0,0,0,0,0,0,0,0,0,0,0,0,0,0,0,0,0,0,0,0,0,0,0,0,0,0,0,0,0,0,0,0,0,0,0,0,0,0,0,0,0,0,0,0,0,0,0,0,0,0,0,0,0,0,0,0,0,0,0,0,0,0,0,0,0,0,0,0,0,0,0,0,0
7,0,0,0,0,0,0,0,0,0,0,0,0,0,0,0,0,0,0,0,0,0,0,0,0,0,0,0,0,0,0,0,0,0,0,0,0,0,0,0,0,0,0,0,0,0,0,0,0,0,0,0,0,0,0,0,0,0,0,0,0,0,0,0,0,0,0,0,0,0,0,0,0,0,0,0,0,0,0,0,0,0,0,0,0,0,0,0,0,0,0,0,0,0,0,0,0,0,0,0,0,0,0,0,0,0,0,0,0,0,0,0,0,0,0,0,0,0,0,0,0,0,0,0,0,0,0,0,0,0,0,0,0,0,0,0,0,0,0,0,0,0,0,0,0,0,0,0,0,0,0,0,0,0,0,0,0,0,0,0,0,0,0,0,0,0,0,0,0,0,0,0,0,0,0,0,0,0,0,0,0,0,0,0,0,0,0,0,0,0,0,0,0,0,0,0,0,0,0,0,0,0,0,0,0,0,0,0,0,0,0,0,0,0,0,0,145,185,22,0,0,0,0,0,0,0,0,0,0,0,0,0,0,0,0,0,0,0,0,0,0,33,95,169,249,254,36,0,0,0,0,0,0,0,0,0,0,0,0,94,211,141,141,141,141,141,141,141,243,248,254,254,255,131,2,0,0,0,0,0,0,0,0,0,0,0,0,107,254,254,254,254,254,254,254,254,207,171,215,254,248,56,0,0,0,0,0,0,0,0,0,0,0,0,0,3,20,20,20,20,20,20,20,20,9,46,239,254,85,0,0,0,0,0,0,0,0,0,0,0,0,0,0,0,0,0,0,0,0,0,0,0,0,119,254,232,18,0,0,0,0,0,0,0,0,0,0,0,0,0,0,0,0,0,0,0,0,0,0,0,20,222,253,123,0,0,0,0,0,0,0,0,0,0,0,0,0,0,0,0,0,0,0,0,0,0,0,0,111,254,223,0,0,0,0,0,0,0,0,0,0,0,0,0,0,0,0,0,0,0,0,0,0,0,0,0,148,254,133,0,0,0,0,0,0,0,0,0,0,0,0,0,0,0,0,0,0,0,0,0,0,0,0,21,251,254,15,0,0,0,0,0,0,0,0,0,0,0,0,0,0,0,0,0,0,0,0,0,0,0,0,182,254,184,3,0,0,0,0,0,0,0,0,0,0,0,0,0,0,0,0,0,0,0,0,0,0,0,9,212,254,149,0,0,0,0,0,0,0,0,0,0,0,0,0,0,0,0,0,0,0,0,0,0,0,0,89,254,240,41,0,0,0,0,0,0,0,0,0,0,0,0,0,0,0,0,0,0,0,0,0,0,0,1,168,254,115,0,0,0,0,0,0,0,0,0,0,0,0,0,0,0,0,0,0,0,0,0,0,0,0,6,254,254,109,0,0,0,0,0,0,0,0,0,0,0,0,0,0,0,0,0,0,0,0,0,0,0,0,6,254,254,109,0,0,0,0,0,0,0,0,0,0,0,0,0,0,0,0,0,0,0,0,0,0,0,0,34,254,254,39,0,0,0,0,0,0,0,0,0,0,0,0,0,0,0,0,0,0,0,0,0,0,0,3,158,254,250,5,0,0,0,0,0,0,0,0,0,0,0,0,0,0,0,0,0,0,0,0,0,0,0,63,254,254,90,0,0,0,0,0,0,0,0,0,0,0,0,0,0,0,0,0,0,0,0,0,0,0,0,38,238,169,10,0,0,0,0,0,0,0,0,0,0,0,0,0,0,0,0,0,0,0,0,0,0,0,0,0,0,0,0,0,0,0,0,0,0,0,0,0,0,0,0,0
7,0,0,0,0,0,0,0,0,0,0,0,0,0,0,0,0,0,0,0,0,0,0,0,0,0,0,0,0,0,0,0,0,0,0,0,0,0,0,0,0,0,0,0,0,0,0,0,0,0,0,0,0,0,0,0,0,0,0,0,0,0,0,0,0,0,0,0,0,0,0,0,0,0,0,0,0,0,0,0,0,0,0,0,0,0,0,0,0,0,0,0,0,0,0,0,0,0,0,0,0,0,0,0,0,0,0,0,0,0,0,0,0,0,0,0,0,0,0,0,0,0,0,0,0,0,0,0,0,0,0,0,0,0,0,0,0,0,0,0,0,0,0,0,0,0,0,0,0,0,0,0,0,0,0,0,0,0,0,0,0,0,0,0,0,0,0,0,0,0,0,0,0,0,0,0,0,0,0,0,0,0,0,0,0,0,0,0,0,0,0,0,0,0,0,0,0,0,0,0,0,0,0,0,0,0,0,0,0,0,34,173,254,254,254,129,3,0,0,0,0,0,0,0,0,0,0,0,0,0,0,0,0,0,0,0,0,154,221,253,253,253,253,253,99,0,0,0,0,0,0,0,0,0,0,0,0,0,0,0,0,0,0,18,182,248,254,227,154,48,181,253,223,0,0,0,0,0,0,0,0,0,0,0,0,0,0,0,0,0,16,202,253,244,155,8,0,0,60,253,242,0,0,0,0,0,0,0,0,0,0,0,0,0,0,0,13,95,208,253,236,64,0,0,0,0,56,253,242,0,0,0,0,0,0,0,0,0,0,0,0,0,0,57,211,253,253,253,176,0,0,0,0,0,142,253,242,0,0,0,0,0,0,0,0,0,0,0,0,0,48,239,253,253,248,242,121,0,0,0,0,0,166,253,242,0,0,0,0,0,0,0,0,0,0,0,0,0,39,228,253,180,52,0,0,0,0,0,0,14,219,253,155,0,0,0,0,0,0,0,0,0,0,0,0,0,0,35,66,14,0,0,0,0,0,0,0,138,253,226,15,0,0,0,0,0,0,0,0,0,0,0,0,0,0,0,0,0,0,0,0,0,0,0,0,243,253,165,0,0,0,0,0,0,0,0,0,0,0,0,0,0,0,0,0,0,0,0,0,0,0,0,72,250,255,103,0,0,0,0,0,0,0,0,0,0,0,0,0,0,0,0,0,0,0,0,0,0,0,0,210,253,239,41,0,0,0,0,0,0,0,0,0,0,0,0,0,0,0,0,0,0,0,0,0,0,0,56,246,253,107,0,0,0,0,0,0,0,0,0,0,0,0,0,0,0,0,0,0,0,0,0,0,0,0,67,253,251,80,0,0,0,0,0,0,0,0,0,0,0,0,0,0,0,0,0,0,0,0,0,0,0,0,139,253,207,0,0,0,0,0,0,0,0,0,0,0,0,0,0,0,0,0,0,0,0,0,0,0,0,0,177,253,121,0,0,0,0,0,0,0,0,0,0,0,0,0,0,0,0,0,0,0,0,0,0,0,0,31,247,253,20,0,0,0,0,0,0,0,0,0,0,0,0,0,0,0,0,0,0,0,0,0,0,0,0,28,240,253,14,35,0,0,0,0,0,0,0,0,0,0,0,0,0,0,0,0,0,0,0,0,0,0,0,0,177,253,196,117,0,0,0,0,0,0,0,0,0,0,0,0,0,0,0,0,0,0,0,0,0,0,0,0,52,235,137,12,0,0,0,0,0,0,0,0,0,0,0,0,0,0,0,0,0,0,0,0,0,0,0,0,0,0,0,0,0,0,0,0,0,0,0,0,0,0
2,0,0,0,0,0,0,0,0,0,0,0,0,0,0,0,0,0,0,0,0,0,0,0,0,0,0,0,0,0,0,0,0,0,0,0,0,0,0,0,0,0,0,0,0,0,0,0,0,0,0,0,0,0,0,0,0,0,0,0,0,0,0,0,0,0,0,0,0,0,32,129,253,192,15,0,0,0,0,0,0,0,0,0,0,0,0,0,0,0,0,0,0,0,0,0,0,0,197,252,252,253,222,62,0,0,0,0,0,0,0,0,0,0,0,0,0,0,0,0,0,0,0,0,0,79,242,252,252,253,252,201,98,0,0,0,0,0,0,0,0,0,0,0,0,0,0,0,0,0,0,0,1,191,252,252,252,253,252,252,252,1,0,0,0,0,0,0,0,0,0,0,0,0,0,0,0,0,0,0,144,253,252,215,0,62,237,252,252,191,15,0,0,0,0,0,0,0,0,0,0,0,0,0,0,0,0,0,144,253,252,215,0,0,72,231,252,253,159,0,0,0,0,0,0,0,0,0,0,0,0,0,0,0,0,0,144,253,241,102,0,0,0,160,252,253,190,11,0,0,0,0,0,0,0,0,0,0,0,0,0,0,0,0,62,108,77,0,0,0,0,16,190,253,252,71,0,0,0,0,0,0,0,0,0,0,0,0,0,0,0,0,0,0,0,0,0,0,0,0,84,255,253,133,0,0,0,0,0,0,0,0,0,0,0,0,0,0,0,0,0,0,0,0,0,0,0,0,0,253,252,215,0,0,0,0,0,0,0,0,0,0,0,0,0,0,0,0,0,0,0,0,0,0,0,0,0,253,252,215,0,0,0,0,0,0,0,0,0,0,0,105,144,0,0,0,0,0,0,0,0,0,0,0,0,253,252,132,0,0,0,0,0,0,0,0,0,0,135,253,253,253,211,94,0,0,0,0,0,0,0,0,63,255,222,41,0,0,0,0,0,0,0,0,0,94,247,252,252,252,252,247,217,156,73,21,0,0,0,73,237,253,179,0,0,0,0,0,0,0,0,0,0,109,252,252,252,252,252,252,252,253,252,180,37,37,78,232,252,253,158,0,0,0,0,0,0,0,0,0,0,47,232,252,252,252,252,252,252,253,252,252,252,253,252,252,252,191,57,144,62,0,0,0,0,0,0,0,0,0,156,253,253,253,253,253,253,255,253,253,253,255,253,253,253,255,253,253,108,0,0,0,0,0,0,0,0,0,10,149,252,252,252,252,252,253,252,252,252,253,252,252,252,253,252,220,15,0,0,0,0,0,0,0,0,0,0,11,71,252,252,252,252,253,252,252,252,237,215,241,252,253,220,102,0,0,0,0,0,0,0,0,0,0,0,0,1,108,148,231,190,253,252,231,108,62,0,78,108,108,15,0,0,0,0,0,0,0,0,0,0,0,0,0,0,0,0,0,0,0,0,0,0,0,0,0,0,0,0,0,0,0,0,0,0,0,0,0,0,0,0,0,0,0,0,0,0,0,0,0,0,0,0,0,0,0,0,0,0,0,0,0,0,0,0,0,0,0,0,0,0,0,0,0,0,0,0,0,0,0,0,0,0,0,0,0,0,0,0,0,0,0,0,0,0,0,0,0,0,0,0,0,0,0,0,0,0,0,0,0,0,0,0,0,0,0,0,0,0,0,0,0,0,0,0,0,0,0,0,0,0,0,0,0,0,0,0,0,0,0,0,0,0,0,0,0,0,0,0,0,0,0,0,0,0,0,0,0,0,0,0,0,0,0,0,0,0,0,0,0,0,0,0,0,0
2,0,0,0,0,0,0,0,0,0,0,0,0,0,0,0,0,0,0,0,0,0,0,0,0,0,0,0,0,0,0,0,0,0,0,0,0,0,0,0,0,0,0,0,0,0,0,0,0,0,0,0,0,0,0,0,0,0,0,0,0,0,0,0,0,0,0,0,0,0,0,0,0,0,0,0,0,0,0,0,0,0,0,0,0,0,0,0,0,0,0,0,0,0,0,0,0,0,0,0,0,0,0,0,0,0,0,0,0,0,0,0,0,0,0,0,0,0,0,0,0,0,0,0,0,75,140,105,158,248,255,191,158,83,0,0,0,0,0,0,0,0,0,0,0,0,0,0,0,0,0,0,15,235,254,254,254,254,254,254,254,251,56,0,0,0,0,0,0,0,0,0,0,0,0,0,0,0,0,0,0,78,249,208,67,67,67,67,131,254,186,0,0,0,0,0,0,0,0,0,0,0,0,0,0,0,0,0,0,0,113,75,0,0,0,0,119,254,128,0,0,0,0,0,0,0,0,0,0,0,0,0,0,0,0,0,0,0,0,0,0,0,0,35,241,249,14,0,0,0,0,0,0,0,0,0,0,0,0,0,0,0,0,0,0,0,0,0,0,0,4,170,254,147,0,0,0,0,0,0,0,0,0,0,0,0,0,0,0,0,0,0,0,0,0,0,0,0,123,254,211,24,0,0,0,0,0,0,0,0,0,0,0,0,0,0,0,0,0,0,0,0,0,0,0,80,245,248,74,0,0,0,0,0,0,0,0,0,0,0,0,0,0,0,0,0,0,0,0,0,0,0,56,212,254,115,0,0,0,0,0,0,0,0,0,0,0,0,0,0,0,0,0,0,0,0,0,0,0,27,219,254,135,5,0,0,0,0,0,0,0,0,0,0,0,0,0,0,0,0,0,0,0,0,0,0,0,152,254,171,10,0,0,0,0,0,0,0,0,0,0,0,0,0,0,0,0,0,0,0,0,0,0,0,92,239,201,6,0,0,0,0,0,0,0,0,0,0,0,0,0,0,0,0,0,0,0,0,0,0,4,111,247,229,44,0,0,0,0,0,0,0,0,0,0,0,0,0,0,0,0,0,0,0,0,0,0,3,65,254,252,102,0,0,8,74,193,119,0,0,0,0,0,0,0,0,0,0,0,0,0,0,0,0,25,182,254,254,79,32,73,161,236,254,173,20,0,0,0,0,0,0,0,0,0,0,0,0,0,0,0,28,211,254,246,91,130,223,254,247,211,92,3,0,0,0,0,0,0,0,0,0,0,0,0,0,0,0,25,209,254,254,254,254,254,208,124,48,0,0,0,0,0,0,0,0,0,0,0,0,0,0,0,0,0,0,179,254,254,254,254,206,132,17,0,0,0,0,0,0,0,0,0,0,0,0,0,0,0,0,0,0,0,167,253,254,242,143,28,9,0,0,0,0,0,0,0,0,0,0,0,0,0,0,0,0,0,0,0,0,0,117,194,113,41,0,0,0,0,0,0,0,0,0,0,0,0,0,0,0,0,0,0,0,0,0,0,0,0,0,0,0,0,0,0,0,0,0,0,0,0,0,0,0,0,0,0,0,0,0,0,0,0,0,0,0,0,0,0,0,0,0,0,0,0,0,0,0,0,0,0,0,0,0,0,0,0,0,0,0,0,0,0,0,0,0,0,0,0,0,0,0,0,0,0,0,0,0,0,0,0,0,0,0,0,0,0,0,0,0,0,0,0,0,0,0,0,0,0,0,0,0,0,0,0,0,0,0,0,0,0,0,0,0,0
1,0,0,0,0,0,0,0,0,0,0,0,0,0,0,0,0,0,0,0,0,0,0,0,0,0,0,0,0,0,0,0,0,0,0,0,0,0,0,0,0,0,0,0,0,0,0,0,0,0,0,0,0,0,0,0,0,0,0,0,0,0,0,0,0,0,0,0,0,0,0,0,0,0,0,0,0,0,0,0,0,0,0,0,0,0,0,0,0,0,0,0,0,0,0,0,0,0,0,0,0,0,0,0,0,0,0,0,0,0,0,0,0,0,0,0,0,0,0,0,0,0,0,0,0,0,0,0,176,90,0,0,0,0,0,0,0,0,0,0,0,0,0,0,0,0,0,0,0,0,0,0,0,0,10,85,253,167,0,0,0,0,0,0,0,0,0,0,0,0,0,0,0,0,0,0,0,0,0,0,0,0,29,252,253,167,0,0,0,0,0,0,0,0,0,0,0,0,0,0,0,0,0,0,0,0,0,0,0,0,29,252,253,167,0,0,0,0,0,0,0,0,0,0,0,0,0,0,0,0,0,0,0,0,0,0,0,0,29,252,253,167,0,0,0,0,0,0,0,0,0,0,0,0,0,0,0,0,0,0,0,0,0,0,0,0,29,253,255,168,0,0,0,0,0,0,0,0,0,0,0,0,0,0,0,0,0,0,0,0,0,0,0,0,29,252,253,167,0,0,0,0,0,0,0,0,0,0,0,0,0,0,0,0,0,0,0,0,0,0,0,0,60,252,228,52,0,0,0,0,0,0,0,0,0,0,0,0,0,0,0,0,0,0,0,0,0,0,0,0,169,252,216,18,0,0,0,0,0,0,0,0,0,0,0,0,0,0,0,0,0,0,0,0,0,0,0,0,169,252,253,27,0,0,0,0,0,0,0,0,0,0,0,0,0,0,0,0,0,0,0,0,0,0,0,0,169,253,255,27,0,0,0,0,0,0,0,0,0,0,0,0,0,0,0,0,0,0,0,0,0,0,0,0,169,252,253,27,0,0,0,0,0,0,0,0,0,0,0,0,0,0,0,0,0,0,0,0,0,0,0,0,169,252,253,27,0,0,0,0,0,0,0,0,0,0,0,0,0,0,0,0,0,0,0,0,0,0,0,0,169,252,178,9,0,0,0,0,0,0,0,0,0,0,0,0,0,0,0,0,0,0,0,0,0,0,0,0,169,252,140,0,0,0,0,0,0,0,0,0,0,0,0,0,0,0,0,0,0,0,0,0,0,0,0,26,207,253,192,12,0,0,0,0,0,0,0,0,0,0,0,0,0,0,0,0,0,0,0,0,0,0,0,57,252,252,253,27,0,0,0,0,0,0,0,0,0,0,0,0,0,0,0,0,0,0,0,0,0,0,0,57,252,252,165,6,0,0,0,0,0,0,0,0,0,0,0,0,0,0,0,0,0,0,0,0,0,0,0,57,252,252,140,0,0,0,0,0,0,0,0,0,0,0,0,0,0,0,0,0,0,0,0,0,0,0,0,25,205,252,140,0,0,0,0,0,0,0,0,0,0,0,0,0,0,0,0,0,0,0,0,0,0,0,0,0,0,0,0,0,0,0,0,0,0,0,0,0,0,0,0,0,0,0,0,0,0,0,0,0,0,0,0,0,0,0,0,0,0,0,0,0,0,0,0,0,0,0,0,0,0,0,0,0,0,0,0,0,0,0,0,0,0,0,0,0,0,0,0,0,0,0,0,0,0,0,0,0,0,0,0,0,0,0,0,0,0,0,0,0,0,0,0,0,0,0,0,0,0,0,0,0,0,0,0
1,0,0,0,0,0,0,0,0,0,0,0,0,0,0,0,0,0,0,0,0,0,0,0,0,0,0,0,0,0,0,0,0,0,0,0,0,0,0,0,0,0,0,0,0,0,0,0,0,0,0,0,0,0,0,0,0,0,0,0,0,0,0,0,0,0,0,0,0,0,0,0,0,0,0,0,0,0,0,0,0,0,0,0,0,0,0,0,0,0,0,0,0,0,0,0,0,0,0,0,0,0,0,0,0,0,0,0,0,0,0,0,0,0,0,0,0,0,0,0,0,0,0,0,0,0,0,0,23,208,252,61,0,0,0,0,0,0,0,0,0,0,0,0,0,0,0,0,0,0,0,0,0,0,0,0,49,254,254,245,12,0,0,0,0,0,0,0,0,0,0,0,0,0,0,0,0,0,0,0,0,0,0,0,165,254,254,254,13,0,0,0,0,0,0,0,0,0,0,0,0,0,0,0,0,0,0,0,0,0,0,16,201,254,254,254,13,0,0,0,0,0,0,0,0,0,0,0,0,0,0,0,0,0,0,0,0,0,0,163,254,254,254,238,11,0,0,0,0,0,0,0,0,0,0,0,0,0,0,0,0,0,0,0,0,0,5,210,254,254,250,53,0,0,0,0,0,0,0,0,0,0,0,0,0,0,0,0,0,0,0,0,0,0,91,254,254,254,176,0,0,0,0,0,0,0,0,0,0,0,0,0,0,0,0,0,0,0,0,0,0,0,225,254,254,254,110,0,0,0,0,0,0,0,0,0,0,0,0,0,0,0,0,0,0,0,0,0,0,100,252,254,254,230,12,0,0,0,0,0,0,0,0,0,0,0,0,0,0,0,0,0,0,0,0,0,0,148,254,254,254,115,0,0,0,0,0,0,0,0,0,0,0,0,0,0,0,0,0,0,0,0,0,0,97,253,254,254,219,24,0,0,0,0,0,0,0,0,0,0,0,0,0,0,0,0,0,0,0,0,0,0,131,254,254,255,206,0,0,0,0,0,0,0,0,0,0,0,0,0,0,0,0,0,0,0,0,0,0,8,202,254,254,254,202,0,0,0,0,0,0,0,0,0,0,0,0,0,0,0,0,0,0,0,0,0,0,14,254,254,254,254,68,0,0,0,0,0,0,0,0,0,0,0,0,0,0,0,0,0,0,0,0,0,0,14,254,254,254,254,68,0,0,0,0,0,0,0,0,0,0,0,0,0,0,0,0,0,0,0,0,0,0,60,254,254,254,254,68,0,0,0,0,0,0,0,0,0,0,0,0,0,0,0,0,0,0,0,0,0,0,44,254,254,254,254,68,0,0,0,0,0,0,0,0,0,0,0,0,0,0,0,0,0,0,0,0,0,0,14,254,254,254,183,20,0,0,0,0,0,0,0,0,0,0,0,0,0,0,0,0,0,0,0,0,0,0,13,244,254,254,48,0,0,0,0,0,0,0,0,0,0,0,0,0,0,0,0,0,0,0,0,0,0,0,0,61,176,206,22,0,0,0,0,0,0,0,0,0,0,0,0,0,0,0,0,0,0,0,0,0,0,0,0,0,0,0,0,0,0,0,0,0,0,0,0,0,0,0,0,0,0,0,0,0,0,0,0,0,0,0,0,0,0,0,0,0,0,0,0,0,0,0,0,0,0,0,0,0,0,0,0,0,0,0,0,0,0,0,0,0,0,0,0,0,0,0,0,0,0,0,0,0,0,0,0,0,0,0,0,0,0,0,0,0,0,0,0,0,0,0,0,0,0,0,0,0,0,0,0,0,0,0,0,0
2,0,0,0,0,0,0,0,0,0,0,0,0,0,0,0,0,0,0,0,0,0,0,0,0,0,0,0,0,0,0,0,0,0,0,0,0,0,0,0,0,0,0,0,0,0,0,0,0,0,0,0,0,0,0,0,0,0,0,0,0,0,0,0,0,0,0,0,0,0,0,0,0,0,0,0,0,0,0,0,0,0,0,0,0,0,0,0,0,0,0,0,0,0,0,0,0,0,0,0,0,0,0,0,0,0,0,0,0,0,0,0,0,0,0,0,0,0,0,0,0,113,238,255,214,90,33,125,125,125,41,0,0,0,0,0,0,0,0,0,0,0,0,0,0,0,0,109,248,253,253,253,253,252,249,253,253,253,250,164,106,0,0,0,0,0,0,0,0,0,0,0,0,0,0,168,253,253,253,253,253,253,253,253,253,253,253,253,252,241,162,0,0,0,0,0,0,0,0,0,0,0,163,252,253,253,253,253,253,253,253,253,253,253,253,253,253,253,252,161,0,0,0,0,0,0,0,0,0,0,85,249,253,215,155,155,155,155,155,155,175,253,253,253,253,253,253,249,48,0,0,0,0,0,0,0,0,0,0,154,162,33,0,0,0,0,0,0,7,55,162,221,253,253,253,253,237,0,0,0,0,0,0,0,0,0,0,0,0,0,0,0,0,0,0,0,0,0,0,42,221,253,253,253,209,0,0,0,0,0,0,0,0,0,0,0,0,0,0,0,0,0,0,0,0,0,0,0,50,253,253,253,123,0,0,0,0,0,0,0,0,0,0,0,0,0,0,0,0,0,0,0,0,0,0,0,27,253,253,253,159,0,0,0,0,0,0,0,0,0,0,86,196,196,196,196,89,47,0,0,0,0,0,0,128,253,253,253,219,0,0,0,0,0,0,0,0,0,119,217,253,253,253,253,253,235,155,15,0,0,0,55,229,253,253,253,123,0,0,0,0,0,0,0,0,0,248,253,253,253,253,253,253,253,253,200,89,16,56,228,253,253,253,253,123,0,0,0,0,0,0,0,0,87,252,253,253,253,253,253,253,253,253,253,253,200,228,253,253,253,253,158,38,0,0,0,0,0,0,0,0,144,253,253,253,238,214,214,246,253,253,253,253,253,253,253,253,253,253,117,0,0,0,0,0,0,0,0,0,238,253,253,253,72,0,0,75,220,253,253,253,253,253,253,253,253,252,102,0,0,0,0,0,0,0,0,0,125,253,253,253,49,27,70,90,234,253,253,253,253,253,253,253,253,227,0,0,0,0,0,0,0,0,0,0,115,253,253,253,253,253,253,253,253,253,253,253,253,253,241,234,223,45,0,0,0,0,0,0,0,0,0,0,0,168,240,246,253,253,253,253,253,253,253,244,149,110,40,0,0,0,0,0,0,0,0,0,0,0,0,0,0,0,0,102,253,253,253,253,253,248,149,33,0,0,0,0,0,0,0,0,0,0,0,0,0,0,0,0,0,0,0,0,228,206,123,123,123,28,0,0,0,0,0,0,0,0,0,0,0,0,0,0,0,0,0,0,0,0,0,0,0,0,0,0,0,0,0,0,0,0,0,0,0,0,0,0,0,0,0,0,0,0,0,0,0,0,0,0,0,0,0,0,0,0,0,0,0,0,0,0,0,0,0,0,0,0,0,0,0,0,0,0,0,0,0,0,0,0,0,0,0,0,0,0,0,0,0,0,0,0,0,0,0,0,0,0,0,0,0,0,0,0,0,0,0,0,0,0,0,0,0,0,0,0,0,0,0,0,0,0,0,0,0,0
8,0,0,0,0,0,0,0,0,0,0,0,0,0,0,0,0,0,0,0,0,0,0,0,0,0,0,0,0,0,0,0,0,0,0,0,0,0,0,0,0,0,0,0,0,0,0,0,0,0,0,0,0,0,0,0,0,0,0,0,0,0,0,0,0,0,0,0,0,0,0,0,0,0,0,0,0,0,0,0,0,0,0,0,0,0,0,0,0,0,0,0,0,0,0,0,0,0,0,0,0,0,0,0,0,0,0,0,0,0,0,0,0,0,0,0,0,0,0,0,0,0,0,0,0,0,0,0,0,0,0,0,0,0,0,0,0,0,0,0,0,0,0,0,0,0,0,0,0,0,0,28,59,149,194,255,254,223,95,0,0,0,0,0,0,0,0,0,0,0,0,0,0,0,0,0,0,0,96,232,253,253,253,254,253,253,247,177,0,0,0,0,0,0,0,0,0,0,0,0,0,0,0,0,0,0,186,253,253,128,78,78,78,145,217,253,0,0,0,0,0,0,0,0,0,0,0,0,0,0,0,0,0,0,148,234,19,2,0,0,0,0,62,253,0,0,0,0,0,0,0,0,0,0,0,0,0,0,0,0,0,0,97,248,98,0,0,0,0,0,174,253,0,0,0,0,0,0,0,0,0,0,0,0,0,0,0,0,0,0,23,230,254,102,0,0,0,102,254,231,0,0,0,0,0,0,0,0,0,0,0,0,0,0,0,0,0,0,0,87,253,247,139,8,62,241,219,24,0,0,0,0,0,0,0,0,0,0,0,0,0,0,0,0,0,0,0,6,108,247,253,206,211,253,116,0,0,0,0,0,0,0,0,0,0,0,0,0,0,0,0,0,0,0,0,0,0,123,244,254,253,165,2,0,0,0,0,0,0,0,0,0,0,0,0,0,0,0,0,0,0,0,0,0,0,0,157,254,253,115,0,0,0,0,0,0,0,0,0,0,0,0,0,0,0,0,0,0,0,0,0,0,0,0,196,255,254,175,0,0,0,0,0,0,0,0,0,0,0,0,0,0,0,0,0,0,0,0,0,0,0,4,199,241,250,241,16,0,0,0,0,0,0,0,0,0,0,0,0,0,0,0,0,0,0,0,0,0,0,70,253,68,184,253,87,0,0,0,0,0,0,0,0,0,0,0,0,0,0,0,0,0,0,0,0,0,0,189,237,0,118,253,206,0,0,0,0,0,0,0,0,0,0,0,0,0,0,0,0,0,0,0,0,0,0,234,118,0,118,253,213,0,0,0,0,0,0,0,0,0,0,0,0,0,0,0,0,0,0,0,0,0,0,235,58,0,16,236,254,58,0,0,0,0,0,0,0,0,0,0,0,0,0,0,0,0,0,0,0,0,0,234,103,0,0,175,253,140,0,0,0,0,0,0,0,0,0,0,0,0,0,0,0,0,0,0,0,0,0,234,223,31,74,229,253,155,0,0,0,0,0,0,0,0,0,0,0,0,0,0,0,0,0,0,0,0,0,234,253,242,250,253,247,94,0,0,0,0,0,0,0,0,0,0,0,0,0,0,0,0,0,0,0,0,0,69,230,254,253,154,49,0,0,0,0,0,0,0,0,0,0,0,0,0,0,0,0,0,0,0,0,0,0,0,0,0,0,0,0,0,0,0,0,0,0,0,0,0,0,0,0,0,0,0,0,0,0,0,0,0,0,0,0,0,0,0,0,0,0,0,0,0,0,0,0,0,0,0,0,0,0,0,0,0,0,0,0,0,0,0,0,0,0,0,0,0,0,0,0,0,0,0,0,0,0
3,0,0,0,0,0,0,0,0,0,0,0,0,0,0,0,0,0,0,0,0,0,0,0,0,0,0,0,0,0,0,0,0,0,0,0,0,0,0,0,0,0,0,0,0,0,0,0,0,0,0,0,0,0,0,0,0,0,0,0,0,0,0,0,0,0,0,0,0,0,0,0,0,0,0,0,0,0,0,0,0,0,0,0,0,0,0,0,0,0,0,0,0,0,0,0,0,0,0,0,0,0,0,0,0,0,0,0,0,0,0,0,0,0,0,0,0,0,0,0,0,0,0,0,0,0,0,0,0,0,0,0,0,0,0,0,0,0,0,0,0,0,0,0,23,11,0,0,0,0,8,39,39,30,0,0,0,0,0,0,0,0,0,0,0,0,0,0,0,0,0,0,226,204,185,185,104,128,198,254,254,240,118,0,0,0,0,0,0,0,0,0,0,0,0,0,0,0,0,0,158,254,254,254,254,254,254,254,254,254,203,115,89,2,0,0,0,0,0,0,0,0,0,0,0,0,0,0,16,194,254,254,222,211,211,211,211,220,254,254,254,171,25,0,0,0,0,0,0,0,0,0,0,0,0,0,0,20,67,109,17,0,0,0,0,14,133,254,254,254,153,0,0,0,0,0,0,0,0,0,0,0,0,0,0,0,0,0,0,0,3,11,119,228,238,254,254,254,227,0,0,0,0,0,0,0,0,0,0,0,0,0,0,0,0,0,0,0,50,254,254,254,254,254,254,254,206,0,0,0,0,0,0,0,0,0,0,0,0,0,0,0,0,0,0,0,12,209,254,254,254,254,254,184,79,0,0,0,0,0,0,0,0,0,0,0,0,0,0,0,0,0,0,0,0,54,244,254,254,144,105,4,0,0,0,0,0,0,0,0,0,0,0,0,0,0,0,0,0,0,0,0,0,0,211,254,254,208,137,11,0,0,0,0,0,0,0,0,0,0,0,0,0,0,0,0,0,0,0,0,0,0,27,77,235,254,254,211,133,0,0,0,0,0,0,0,0,0,0,0,0,0,0,0,0,0,0,0,0,0,0,0,52,228,254,254,253,131,0,0,0,0,0,0,0,0,0,0,0,0,0,0,0,0,0,0,0,0,0,0,0,8,87,174,252,232,125,2,0,0,0,0,0,0,0,0,0,0,0,0,0,0,0,0,0,0,0,0,0,0,0,0,115,254,254,134,0,0,0,0,0,0,0,0,0,0,0,0,0,0,0,0,27,136,12,0,0,0,0,0,16,173,254,253,138,4,0,0,0,0,0,0,0,0,0,0,0,0,0,0,16,164,147,128,174,119,66,153,182,255,254,254,254,112,0,0,0,0,0,0,0,0,0,0,0,0,0,0,0,0,21,178,254,254,254,254,254,254,254,254,254,146,0,0,0,0,0,0,0,0,0,0,0,0,0,0,0,0,0,27,114,215,222,222,239,254,254,254,254,192,0,0,0,0,0,0,0,0,0,0,0,0,0,0,0,0,0,0,0,0,0,0,41,122,76,182,108,44,0,0,0,0,0,0,0,0,0,0,0,0,0,0,0,0,0,0,0,0,0,0,0,0,0,0,0,0,0,0,0,0,0,0,0,0,0,0,0,0,0,0,0,0,0,0,0,0,0,0,0,0,0,0,0,0,0,0,0,0,0,0,0,0,0,0,0,0,0,0,0,0,0,0,0,0,0,0,0,0,0,0,0,0,0,0,0,0,0,0,0,0,0,0,0,0,0,0,0,0,0,0,0,0,0,0,0,0,0,0,0,0,0,0,0,0,0
7,0,0,0,0,0,0,0,0,0,0,0,0,0,0,0,0,0,0,0,0,0,0,0,0,0,0,0,0,0,0,0,0,0,0,0,0,0,0,0,0,0,0,0,0,0,0,0,0,0,0,0,0,0,0,0,0,0,0,0,0,0,0,0,0,0,0,0,0,0,0,0,0,0,0,0,0,0,0,0,0,0,0,0,0,0,0,0,0,0,0,0,0,0,0,0,0,0,0,0,0,0,0,0,0,0,0,0,0,0,0,0,0,0,0,0,0,0,0,0,0,0,0,0,0,0,0,0,0,0,0,0,0,0,0,0,0,0,0,0,0,0,0,0,0,0,0,0,0,0,0,0,0,0,0,0,0,0,0,0,0,0,0,0,0,0,0,0,0,0,0,0,0,0,0,0,0,0,0,0,22,225,22,0,0,0,0,0,0,0,0,0,0,0,0,0,0,0,0,0,0,0,0,0,0,0,0,0,32,254,67,0,0,0,0,0,0,0,0,0,0,0,0,0,0,0,0,0,0,0,0,0,0,0,0,0,97,254,187,3,0,0,0,0,0,0,0,0,0,0,0,0,0,0,0,0,0,0,0,0,0,0,0,0,112,254,254,101,0,0,0,36,24,0,0,0,0,0,0,0,0,0,0,0,0,0,0,0,0,0,0,0,161,159,106,249,209,159,159,237,169,0,0,0,0,0,0,0,0,0,0,0,0,0,0,0,0,0,0,1,195,98,0,50,189,239,217,255,170,0,0,0,0,0,0,0,0,0,0,0,0,0,0,0,0,0,0,51,250,42,0,0,0,4,99,226,29,0,0,0,0,0,0,0,0,0,0,0,0,0,0,0,0,0,0,160,207,0,0,0,0,87,245,55,0,0,0,0,0,0,0,0,0,0,0,0,0,0,0,0,0,0,0,175,123,0,0,0,34,246,161,0,0,0,0,0,0,0,0,0,0,0,0,0,0,0,0,0,0,0,0,200,63,0,0,0,220,234,23,0,0,0,0,0,0,0,0,0,0,0,0,0,0,0,0,0,0,0,0,55,20,0,0,139,249,65,0,0,0,0,0,0,0,0,0,0,0,0,0,0,0,0,0,0,0,0,0,0,0,0,8,240,144,0,0,0,0,0,0,0,0,0,0,0,0,0,0,0,0,0,0,0,0,0,0,0,0,0,143,254,15,0,0,0,0,0,0,0,0,0,0,0,0,0,0,0,0,0,0,0,0,0,0,0,0,12,230,164,0,0,0,0,0,0,0,0,0,0,0,0,0,0,0,0,0,0,0,0,0,0,0,0,0,98,254,20,0,0,0,0,0,0,0,0,0,0,0,0,0,0,0,0,0,0,0,0,0,0,0,0,0,207,226,10,0,0,0,0,0,0,0,0,0,0,0,0,0,0,0,0,0,0,0,0,0,0,0,0,24,227,101,0,0,0,0,0,0,0,0,0,0,0,0,0,0,0,0,0,0,0,0,0,0,0,0,0,127,254,32,0,0,0,0,0,0,0,0,0,0,0,0,0,0,0,0,0,0,0,0,0,0,0,0,0,191,254,107,0,0,0,0,0,0,0,0,0,0,0,0,0,0,0,0,0,0,0,0,0,0,0,0,10,230,199,12,0,0,0,0,0,0,0,0,0,0,0,0,0,0,0,0,0,0,0,0,0,0,0,0,0,0,0,0,0,0,0,0,0,0,0,0,0,0,0,0,0,0,0,0,0,0,0,0,0,0,0,0,0,0,0,0,0,0,0,0,0,0,0,0,0,0,0,0,0,0
2,0,0,0,0,0,0,0,0,0,0,0,0,0,0,0,0,0,0,0,0,0,0,0,0,0,0,0,0,0,0,0,0,0,0,0,0,0,0,0,0,0,0,0,0,0,0,0,0,0,0,0,0,0,0,0,0,0,0,0,0,0,0,0,0,0,0,0,0,0,0,0,0,0,0,0,0,0,0,0,0,0,0,0,0,0,0,0,0,0,0,0,0,0,0,0,0,0,0,0,0,0,0,0,0,0,0,0,0,0,0,0,0,0,0,0,0,0,0,0,0,0,0,0,0,3,83,172,199,53,0,0,0,0,0,0,0,0,0,0,0,0,0,0,0,0,0,0,0,0,0,0,0,129,254,254,254,215,5,0,0,0,0,0,0,0,0,0,0,0,0,0,0,0,0,0,0,0,0,0,78,248,254,131,193,254,160,0,0,0,0,0,0,0,0,0,0,0,0,0,0,0,0,0,0,0,0,0,203,254,148,21,45,254,232,8,0,0,0,0,0,0,0,0,0,0,0,0,0,0,0,0,0,0,0,24,237,243,14,0,2,194,238,21,0,0,0,0,0,0,0,0,0,0,0,0,0,0,0,0,0,0,0,92,254,120,0,0,0,180,254,57,0,0,0,0,0,0,0,0,0,0,0,0,0,0,0,0,0,0,0,131,254,107,0,0,0,180,254,57,0,0,0,0,0,0,0,0,0,0,0,0,0,0,0,0,0,0,0,29,151,53,0,0,0,180,247,43,0,0,0,0,0,0,0,0,0,0,0,0,0,0,0,0,0,0,0,0,0,0,0,0,3,202,229,0,0,0,0,0,0,0,0,0,0,0,0,0,0,0,0,0,0,0,0,0,0,0,0,0,9,254,229,0,0,0,0,0,0,0,0,0,0,0,0,0,0,0,0,0,0,0,0,0,0,0,0,0,9,254,200,0,0,0,0,0,0,0,0,0,0,0,0,0,0,0,0,0,0,0,0,0,0,0,0,0,9,254,116,0,0,0,0,0,0,0,0,0,0,0,0,0,0,0,0,0,0,0,0,0,14,147,165,54,86,254,65,0,0,0,0,0,0,0,0,0,0,0,0,0,0,0,0,0,0,0,0,0,177,254,254,254,254,254,65,0,0,0,0,0,0,0,0,0,0,0,0,0,0,0,0,0,0,0,0,8,227,254,154,155,255,254,123,10,0,0,0,0,0,0,0,0,0,0,0,0,0,0,0,0,0,0,0,50,254,220,21,16,254,254,254,122,10,0,0,0,0,0,0,0,0,0,0,0,0,0,0,0,0,0,0,50,254,188,0,128,253,80,102,196,38,0,0,0,0,0,0,0,0,0,0,0,0,0,0,0,0,0,0,21,235,248,55,214,246,0,0,0,0,0,0,0,0,0,0,0,0,0,0,0,0,0,0,0,0,0,0,0,171,254,249,254,145,0,0,0,0,0,0,0,0,0,0,0,0,0,0,0,0,0,0,0,0,0,0,0,50,185,230,225,56,0,0,0,0,0,0,0,0,0,0,0,0,0,0,0,0,0,0,0,0,0,0,0,0,0,0,0,0,0,0,0,0,0,0,0,0,0,0,0,0,0,0,0,0,0,0,0,0,0,0,0,0,0,0,0,0,0,0,0,0,0,0,0,0,0,0,0,0,0,0,0,0,0,0,0,0,0,0,0,0,0,0,0,0,0,0,0,0,0,0,0,0,0,0,0,0,0,0,0,0,0,0,0,0,0,0,0,0,0,0,0,0,0,0,0,0,0,0,0,0,0,0,0,0
4,0,0,0,0,0,0,0,0,0,0,0,0,0,0,0,0,0,0,0,0,0,0,0,0,0,0,0,0,0,0,0,0,0,0,0,0,0,0,0,0,0,0,0,0,0,0,0,0,0,0,0,0,0,0,0,0,0,0,0,0,0,0,0,0,0,0,0,0,0,0,0,0,0,0,0,0,0,0,0,0,0,0,0,0,0,0,0,0,0,0,0,0,0,0,0,0,0,0,0,0,0,0,0,0,0,0,0,0,0,0,0,0,0,0,0,0,0,0,0,0,0,0,0,0,0,0,0,0,0,0,0,0,0,0,0,0,0,0,0,0,0,0,0,0,0,0,0,0,0,22,243,136,0,0,0,0,0,0,0,0,0,0,0,0,0,0,0,0,0,0,0,0,0,0,0,0,0,52,254,223,16,0,0,17,140,134,14,0,0,0,0,0,0,0,0,0,0,0,0,0,0,0,0,0,0,103,250,43,1,0,0,78,243,248,37,0,0,0,0,0,0,0,0,0,0,0,0,0,0,0,0,0,0,127,243,0,0,0,0,14,77,254,112,0,0,0,0,0,0,0,0,0,0,0,0,0,0,0,0,0,0,174,195,0,0,0,0,0,22,248,126,0,0,0,0,0,0,0,0,0,0,0,0,0,0,0,0,0,4,211,169,0,0,0,0,0,0,244,126,0,0,0,0,0,0,0,0,0,0,0,0,0,0,0,0,0,19,254,169,0,0,0,0,0,0,244,126,0,0,0,0,0,0,0,0,0,0,0,0,0,0,0,0,0,19,254,169,0,0,0,0,0,0,244,126,0,0,0,0,0,0,0,0,0,0,0,0,0,0,0,0,0,19,254,105,0,0,0,0,0,0,244,126,0,0,0,0,0,0,0,0,0,0,0,0,0,0,0,0,0,19,254,96,0,0,0,0,0,0,244,126,0,0,0,0,0,0,0,0,0,0,0,0,0,0,0,0,0,19,254,96,0,0,0,0,0,0,244,126,0,0,0,0,0,0,0,0,0,0,0,0,0,0,0,0,0,49,254,88,0,0,0,0,0,0,236,126,0,0,0,0,0,0,0,0,0,0,0,0,0,0,0,0,0,32,254,168,137,93,18,0,0,0,170,157,23,0,0,0,0,0,0,0,0,0,0,0,0,0,0,0,0,12,158,158,193,239,247,244,107,170,248,254,92,0,0,0,0,0,0,0,0,0,0,0,0,0,0,0,0,0,0,0,0,16,52,115,83,165,220,254,92,0,0,0,0,0,0,0,0,0,0,0,0,0,0,0,0,0,0,0,0,0,0,0,0,0,93,254,92,0,0,0,0,0,0,0,0,0,0,0,0,0,0,0,0,0,0,0,0,0,0,0,0,0,58,254,92,0,0,0,0,0,0,0,0,0,0,0,0,0,0,0,0,0,0,0,0,0,0,0,0,0,97,255,92,0,0,0,0,0,0,0,0,0,0,0,0,0,0,0,0,0,0,0,0,0,0,0,0,0,85,254,92,0,0,0,0,0,0,0,0,0,0,0,0,0,0,0,0,0,0,0,0,0,0,0,0,0,10,209,66,0,0,0,0,0,0,0,0,0,0,0,0,0,0,0,0,0,0,0,0,0,0,0,0,0,0,0,0,0,0,0,0,0,0,0,0,0,0,0,0,0,0,0,0,0,0,0,0,0,0,0,0,0,0,0,0,0,0,0,0,0,0,0,0,0,0,0,0,0,0,0,0,0,0,0,0,0,0,0,0,0,0,0,0,0,0,0,0,0,0,0,0
1,0,0,0,0,0,0,0,0,0,0,0,0,0,0,0,0,0,0,0,0,0,0,0,0,0,0,0,0,0,0,0,0,0,0,0,0,0,0,0,0,0,0,0,0,0,0,0,0,0,0,0,0,0,0,0,0,0,0,0,0,0,0,0,0,0,0,0,0,0,0,0,0,0,0,0,0,0,0,0,0,0,0,0,0,0,0,0,0,0,0,0,0,0,0,0,0,0,0,0,0,0,0,0,0,0,0,0,0,0,0,0,0,0,0,0,0,0,0,0,0,0,0,0,0,0,0,129,255,87,0,0,0,0,0,0,0,0,0,0,0,0,0,0,0,0,0,0,0,0,0,0,0,0,0,46,254,170,0,0,0,0,0,0,0,0,0,0,0,0,0,0,0,0,0,0,0,0,0,0,0,0,0,0,254,230,23,0,0,0,0,0,0,0,0,0,0,0,0,0,0,0,0,0,0,0,0,0,0,0,0,0,254,239,35,0,0,0,0,0,0,0,0,0,0,0,0,0,0,0,0,0,0,0,0,0,0,0,0,0,254,218,4,0,0,0,0,0,0,0,0,0,0,0,0,0,0,0,0,0,0,0,0,0,0,0,0,7,254,208,0,0,0,0,0,0,0,0,0,0,0,0,0,0,0,0,0,0,0,0,0,0,0,0,0,95,254,122,0,0,0,0,0,0,0,0,0,0,0,0,0,0,0,0,0,0,0,0,0,0,0,0,17,223,239,25,0,0,0,0,0,0,0,0,0,0,0,0,0,0,0,0,0,0,0,0,0,0,0,0,29,253,220,14,0,0,0,0,0,0,0,0,0,0,0,0,0,0,0,0,0,0,0,0,0,0,0,0,99,253,254,28,0,0,0,0,0,0,0,0,0,0,0,0,0,0,0,0,0,0,0,0,0,0,0,0,182,254,164,0,0,0,0,0,0,0,0,0,0,0,0,0,0,0,0,0,0,0,0,0,0,0,0,51,249,253,95,0,0,0,0,0,0,0,0,0,0,0,0,0,0,0,0,0,0,0,0,0,0,0,0,57,253,253,21,0,0,0,0,0,0,0,0,0,0,0,0,0,0,0,0,0,0,0,0,0,0,0,0,57,253,253,0,0,0,0,0,0,0,0,0,0,0,0,0,0,0,0,0,0,0,0,0,0,0,0,0,4,219,253,0,0,0,0,0,0,0,0,0,0,0,0,0,0,0,0,0,0,0,0,0,0,0,0,0,5,219,253,7,0,0,0,0,0,0,0,0,0,0,0,0,0,0,0,0,0,0,0,0,0,0,0,0,38,240,253,95,0,0,0,0,0,0,0,0,0,0,0,0,0,0,0,0,0,0,0,0,0,0,0,0,0,216,253,95,0,0,0,0,0,0,0,0,0,0,0,0,0,0,0,0,0,0,0,0,0,0,0,0,49,247,253,14,0,0,0,0,0,0,0,0,0,0,0,0,0,0,0,0,0,0,0,0,0,0,0,0,15,190,218,0,0,0,0,0,0,0,0,0,0,0,0,0,0,0,0,0,0,0,0,0,0,0,0,0,0,0,0,0,0,0,0,0,0,0,0,0,0,0,0,0,0,0,0,0,0,0,0,0,0,0,0,0,0,0,0,0,0,0,0,0,0,0,0,0,0,0,0,0,0,0,0,0,0,0,0,0,0,0,0,0,0,0,0,0,0,0,0,0,0,0,0,0,0,0,0,0,0,0,0,0,0,0,0,0,0,0,0,0,0,0,0,0,0,0,0,0,0,0,0,0,0,0,0,0
7,0,0,0,0,0,0,0,0,0,0,0,0,0,0,0,0,0,0,0,0,0,0,0,0,0,0,0,0,0,0,0,0,0,0,0,0,0,0,0,0,0,0,0,0,0,0,0,0,0,0,0,0,0,0,0,0,0,0,0,0,0,0,0,0,0,0,0,0,0,0,0,0,0,0,0,0,0,0,0,0,0,0,0,0,0,0,0,0,0,0,0,0,0,0,0,0,0,0,0,0,0,0,0,0,0,0,0,0,0,0,0,0,0,0,0,0,0,0,0,0,0,0,0,0,0,0,0,0,0,0,0,0,0,0,0,0,0,0,0,0,0,0,0,0,0,0,0,0,0,0,0,0,0,0,0,0,0,0,0,0,0,0,0,0,0,0,0,0,0,0,0,0,0,0,0,0,0,0,0,0,0,0,0,0,0,0,0,0,0,0,0,0,0,0,0,0,0,0,0,0,0,0,0,99,228,254,254,254,255,254,189,158,155,45,0,0,0,0,0,0,0,0,0,0,0,0,0,0,0,0,0,205,254,200,225,225,225,226,254,254,254,244,115,0,0,0,0,0,0,0,0,0,0,0,0,0,0,0,0,32,135,31,0,0,0,4,67,67,110,254,215,0,0,0,0,0,0,0,0,0,0,0,0,0,0,0,0,0,0,0,0,0,0,0,0,0,32,254,215,0,0,0,0,0,0,0,0,0,0,0,0,0,0,0,0,0,0,0,0,0,0,0,0,0,106,254,206,0,0,0,0,0,0,0,0,0,0,0,0,0,0,0,0,0,0,0,0,0,0,0,0,0,175,254,120,0,0,0,0,0,0,0,0,0,0,0,0,0,0,0,0,0,0,0,0,0,0,0,0,10,212,254,100,0,0,0,0,0,0,0,0,0,0,0,0,0,0,0,0,0,0,0,0,0,0,0,0,124,254,221,13,0,0,0,0,0,0,0,0,0,0,0,0,0,0,0,0,0,0,0,0,0,0,0,0,206,254,115,0,0,0,0,0,0,0,0,0,0,0,0,0,0,0,0,0,0,0,0,0,0,0,0,0,235,254,86,0,0,0,0,0,0,0,0,0,0,0,0,0,0,0,0,0,0,0,0,0,0,0,1,110,250,204,16,0,0,0,0,0,0,0,0,0,0,0,0,0,0,0,0,0,0,0,0,0,0,0,15,254,254,83,0,0,0,0,0,0,0,0,0,0,0,0,0,0,0,0,0,0,0,0,0,0,0,9,164,254,144,4,0,0,0,0,0,0,0,0,0,0,0,0,0,0,0,0,0,0,0,0,0,0,0,49,254,254,19,0,0,0,0,0,0,0,0,0,0,0,0,0,0,0,0,0,0,0,0,0,0,0,0,139,254,175,7,0,0,0,0,0,0,0,0,0,0,0,0,0,0,0,0,0,0,0,0,0,0,0,44,247,246,38,0,0,0,0,0,0,0,0,0,0,0,0,0,0,0,0,0,0,0,0,0,0,0,0,84,254,201,0,0,0,0,0,0,0,0,0,0,0,0,0,0,0,0,0,0,0,0,0,0,0,0,6,198,254,82,0,0,0,0,0,0,0,0,0,0,0,0,0,0,0,0,0,0,0,0,0,0,0,0,69,254,235,43,0,0,0,0,0,0,0,0,0,0,0,0,0,0,0,0,0,0,0,0,0,0,0,0,80,254,235,53,0,0,0,0,0,0,0,0,0,0,0,0,0,0,0,0,0,0,0,0,0,0,0,0,0,0,0,0,0,0,0,0,0,0,0,0,0,0,0,0,0,0
1,0,0,0,0,0,0,0,0,0,0,0,0,0,0,0,0,0,0,0,0,0,0,0,0,0,0,0,0,0,0,0,0,0,0,0,0,0,0,0,0,0,0,0,0,0,0,0,0,0,0,0,0,0,0,0,0,0,0,0,0,0,0,0,0,0,0,0,0,0,0,0,0,0,0,0,0,0,0,0,0,0,0,0,0,0,0,0,0,0,0,0,0,0,0,0,0,0,0,0,0,0,0,0,0,0,0,0,0,0,0,0,0,0,0,0,0,0,0,0,0,0,0,0,0,0,134,95,0,0,0,0,0,0,0,0,0,0,0,0,0,0,0,0,0,0,0,0,0,0,0,0,0,0,194,214,0,0,0,0,0,0,0,0,0,0,0,0,0,0,0,0,0,0,0,0,0,0,0,0,0,0,218,224,9,0,0,0,0,0,0,0,0,0,0,0,0,0,0,0,0,0,0,0,0,0,0,0,0,0,230,242,51,0,0,0,0,0,0,0,0,0,0,0,0,0,0,0,0,0,0,0,0,0,0,0,0,0,177,254,147,0,0,0,0,0,0,0,0,0,0,0,0,0,0,0,0,0,0,0,0,0,0,0,0,0,56,254,195,0,0,0,0,0,0,0,0,0,0,0,0,0,0,0,0,0,0,0,0,0,0,0,0,0,81,254,195,0,0,0,0,0,0,0,0,0,0,0,0,0,0,0,0,0,0,0,0,0,0,0,0,0,152,254,195,0,0,0,0,0,0,0,0,0,0,0,0,0,0,0,0,0,0,0,0,0,0,0,0,0,152,254,195,0,0,0,0,0,0,0,0,0,0,0,0,0,0,0,0,0,0,0,0,0,0,0,0,0,92,254,195,0,0,0,0,0,0,0,0,0,0,0,0,0,0,0,0,0,0,0,0,0,0,0,0,0,99,254,195,0,0,0,0,0,0,0,0,0,0,0,0,0,0,0,0,0,0,0,0,0,0,0,0,0,170,254,195,0,0,0,0,0,0,0,0,0,0,0,0,0,0,0,0,0,0,0,0,0,0,0,0,0,93,254,195,0,0,0,0,0,0,0,0,0,0,0,0,0,0,0,0,0,0,0,0,0,0,0,0,0,11,227,183,0,0,0,0,0,0,0,0,0,0,0,0,0,0,0,0,0,0,0,0,0,0,0,0,0,11,227,215,191,0,0,0,0,0,0,0,0,0,0,0,0,0,0,0,0,0,0,0,0,0,0,0,0,8,218,254,175,0,0,0,0,0,0,0,0,0,0,0,0,0,0,0,0,0,0,0,0,0,0,0,0,31,214,255,44,0,0,0,0,0,0,0,0,0,0,0,0,0,0,0,0,0,0,0,0,0,0,0,0,22,223,254,19,0,0,0,0,0,0,0,0,0,0,0,0,0,0,0,0,0,0,0,0,0,0,0,0,27,240,254,19,0,0,0,0,0,0,0,0,0,0,0,0,0,0,0,0,0,0,0,0,0,0,0,0,0,171,217,8,0,0,0,0,0,0,0,0,0,0,0,0,0,0,0,0,0,0,0,0,0,0,0,0,0,0,0,0,0,0,0,0,0,0,0,0,0,0,0,0,0,0,0,0,0,0,0,0,0,0,0,0,0,0,0,0,0,0,0,0,0,0,0,0,0,0,0,0,0,0,0,0,0,0,0,0,0,0,0,0,0,0,0,0,0,0,0,0,0,0,0,0,0,0,0,0,0,0,0,0,0,0,0,0,0,0,0,0,0,0,0,0,0,0,0,0,0,0,0,0,0,0,0
7,0,0,0,0,0,0,0,0,0,0,0,0,0,0,0,0,0,0,0,0,0,0,0,0,0,0,0,0,0,0,0,0,0,0,0,0,0,0,0,0,0,0,0,0,0,0,0,0,0,0,0,0,0,0,0,0,0,0,0,0,0,0,0,0,0,0,0,0,0,0,0,0,0,0,0,0,0,0,0,0,0,0,0,0,0,0,0,0,0,0,0,0,0,0,0,0,0,0,0,0,0,0,0,0,0,0,0,0,0,0,0,0,0,0,0,0,0,0,0,0,0,0,0,0,0,0,0,0,0,0,0,0,0,0,0,0,0,0,0,0,0,0,0,0,0,0,0,0,0,0,0,0,0,0,0,0,0,0,0,0,0,0,0,0,0,0,0,0,0,0,0,0,0,0,0,0,0,0,0,0,0,0,0,0,0,0,0,0,0,0,0,0,0,0,0,0,0,0,0,0,0,0,0,0,186,254,254,198,160,101,24,24,24,28,89,11,0,0,0,0,0,0,0,0,0,0,0,0,0,0,0,0,36,172,222,253,253,253,254,253,253,253,253,115,0,0,0,0,0,0,0,0,0,0,0,0,0,0,0,0,0,0,11,87,170,184,191,198,224,253,253,71,0,0,0,0,0,0,0,0,0,0,0,0,0,0,0,0,0,0,0,0,0,0,1,5,176,253,176,13,0,0,0,0,0,0,0,0,0,0,0,0,0,0,0,0,0,0,0,0,0,0,0,58,253,251,71,0,0,0,0,0,0,0,0,0,0,0,0,0,0,0,0,0,0,0,0,0,0,0,6,154,253,153,0,0,0,0,0,0,0,0,0,0,0,0,0,0,0,0,0,0,0,0,0,0,0,0,26,253,253,35,0,0,0,0,0,0,0,0,0,0,0,0,0,0,0,0,0,0,0,0,0,0,0,0,132,253,202,2,0,0,0,0,0,0,0,0,0,0,0,0,0,0,0,0,0,0,0,0,0,0,0,0,240,253,105,0,0,0,0,0,0,0,0,0,0,0,0,0,0,0,0,0,0,0,0,0,0,0,0,118,254,225,12,0,0,0,0,0,0,0,0,0,0,0,0,0,0,0,0,0,0,0,0,0,0,0,0,231,255,170,0,0,0,0,0,0,0,0,0,0,0,0,0,0,0,0,0,0,0,0,0,0,0,0,10,235,242,28,0,0,0,0,0,0,0,0,0,0,0,0,0,0,0,0,0,0,0,0,0,0,0,0,142,253,186,0,0,0,0,0,0,0,0,0,0,0,0,0,0,0,0,0,0,0,0,0,0,0,0,2,210,253,98,0,0,0,0,0,0,0,0,0,0,0,0,0,0,0,0,0,0,0,0,0,0,0,0,55,253,241,0,0,0,0,0,0,0,0,0,0,0,0,0,0,0,0,0,0,0,0,0,0,0,0,0,116,253,157,0,0,0,0,0,0,0,0,0,0,0,0,0,0,0,0,0,0,0,0,0,0,0,0,3,207,253,74,0,0,0,0,0,0,0,0,0,0,0,0,0,0,0,0,0,0,0,0,0,0,0,0,13,211,230,13,0,0,0,0,0,0,0,0,0,0,0,0,0,0,0,0,0,0,0,0,0,0,0,0,147,253,136,0,0,0,0,0,0,0,0,0,0,0,0,0,0,0,0,0,0,0,0,0,0,0,0,0,113,232,53,0,0,0,0,0,0,0,0,0,0,0,0,0,0,0,0,0,0,0,0,0,0,0,0,0,0,0,0,0,0,0,0,0,0,0,0,0,0,0,0,0,0,0
6,0,0,0,0,0,0,0,0,0,0,0,0,0,0,0,0,0,0,0,0,0,0,0,0,0,0,0,0,0,0,0,0,0,0,0,0,0,0,0,0,0,0,0,0,0,0,0,0,0,0,0,0,0,0,0,0,0,0,0,0,0,0,16,216,128,4,0,0,0,0,0,0,0,0,0,0,0,0,0,0,0,0,0,0,0,0,0,0,0,0,29,252,252,28,0,0,0,0,0,0,0,0,0,0,0,0,0,0,0,0,0,0,0,0,0,0,0,0,29,252,252,28,0,0,0,0,0,0,0,0,0,0,0,0,0,0,0,0,0,0,0,0,0,0,0,0,29,252,252,128,0,0,0,0,0,0,0,0,0,0,0,0,0,0,0,0,0,0,0,0,0,0,0,0,29,253,253,140,0,0,0,0,0,0,0,0,0,0,0,0,0,0,0,0,0,0,0,0,0,0,0,0,29,252,252,215,0,0,0,0,0,0,0,0,0,0,0,0,0,0,0,0,0,0,0,0,0,0,0,0,29,252,252,252,0,0,0,0,0,0,0,0,0,0,0,0,0,0,0,0,0,0,0,0,0,0,0,0,29,252,252,252,0,0,0,0,0,0,0,0,0,0,0,0,0,0,0,0,0,0,0,0,0,0,0,0,29,253,253,241,0,0,0,0,0,0,0,0,0,0,0,0,0,0,0,0,0,0,0,0,0,0,0,0,29,252,252,139,0,0,0,0,0,0,82,169,170,169,169,119,51,0,0,0,0,0,0,0,0,0,0,0,29,252,252,139,0,0,0,0,0,82,240,252,253,252,252,252,235,28,0,0,0,0,0,0,0,0,0,0,4,178,252,139,0,0,0,0,26,243,252,252,241,165,252,252,253,159,25,0,0,0,0,0,0,0,0,0,0,108,253,253,13,0,0,0,154,253,253,178,101,0,0,114,255,253,69,0,0,0,0,0,0,0,0,0,0,107,252,252,113,0,0,76,253,252,233,22,0,0,0,113,253,252,168,0,0,0,0,0,0,0,0,0,0,13,209,252,150,0,0,113,253,252,80,0,0,0,0,150,253,252,80,0,0,0,0,0,0,0,0,0,0,0,97,252,250,200,113,75,253,252,156,0,0,0,38,237,253,252,156,0,0,0,0,0,0,0,0,0,0,0,0,0,242,253,253,253,255,253,253,40,4,54,178,253,255,209,25,0,0,0,0,0,0,0,0,0,0,0,0,0,47,159,215,252,253,252,252,215,179,252,252,227,247,65,0,0,0,0,0,0,0,0,0,0,0,0,0,0,0,0,19,106,178,196,234,252,253,252,224,94,50,0,0,0,0,0,0,0,0,0,0,0,0,0,0,0,0,0,0,0,4,9,59,139,190,190,43,0,0,0,0,0,0,0,0,0,0,0,0,0,0,0,0,0,0,0,0,0,0,0,0,0,0,0,0,0,0,0,0,0,0,0,0,0,0,0,0,0,0,0,0,0,0,0,0,0,0,0,0,0,0,0,0,0,0,0,0,0,0,0,0,0,0,0,0,0,0,0,0,0,0,0,0,0,0,0,0,0,0,0,0,0,0,0,0,0,0,0,0,0,0,0,0,0,0,0,0,0,0,0,0,0,0,0,0,0,0,0,0,0,0,0,0,0,0,0,0,0,0,0,0,0,0,0,0,0,0,0,0,0,0,0,0,0,0,0,0,0,0,0,0,0,0,0,0,0,0,0,0,0,0,0,0,0,0,0,0,0,0,0,0,0,0,0,0,0,0,0,0,0,0,0
7,0,0,0,0,0,0,0,0,0,0,0,0,0,0,0,0,0,0,0,0,0,0,0,0,0,0,0,0,0,0,0,0,0,0,0,0,0,0,0,0,0,0,0,0,0,0,0,0,0,0,0,0,0,0,0,0,0,0,0,0,0,0,0,0,0,0,0,0,0,0,0,0,0,0,0,0,0,0,0,0,0,0,0,0,0,0,0,0,0,0,0,0,0,0,0,0,0,0,0,0,0,0,0,0,0,0,0,0,0,0,0,0,0,0,0,0,0,0,0,0,0,0,0,0,0,0,0,0,0,0,0,0,0,0,0,0,0,0,0,0,0,0,0,0,0,0,0,0,0,0,0,0,0,0,0,0,0,0,0,0,0,0,0,0,0,0,0,0,0,0,0,0,0,0,0,186,241,21,0,0,0,0,0,0,0,0,0,0,0,0,0,0,0,0,0,0,0,0,0,0,0,0,0,218,254,209,0,0,0,0,0,0,0,0,0,0,0,0,0,0,0,0,0,0,0,0,0,0,0,0,0,140,254,254,219,115,37,37,37,37,37,6,0,0,0,0,0,0,0,0,0,0,0,0,0,0,0,0,0,121,254,247,248,254,254,254,254,254,254,114,0,0,0,0,0,0,0,0,0,0,0,0,0,0,0,0,0,70,254,98,47,125,85,72,72,73,241,217,0,0,0,0,0,0,0,0,0,0,0,0,0,0,0,0,0,128,236,0,0,0,0,0,0,0,237,128,0,0,0,0,0,0,0,0,0,0,0,0,0,0,0,0,0,128,235,0,0,0,0,0,0,0,236,127,0,0,0,0,0,0,0,0,0,0,0,0,0,0,0,0,0,64,182,0,0,0,0,0,0,63,251,127,0,0,0,0,0,0,0,0,0,0,0,0,0,0,0,0,0,0,0,0,0,0,0,0,0,73,254,127,0,0,0,0,0,0,0,0,0,0,0,0,0,0,0,0,0,0,0,0,0,0,0,0,0,138,254,127,0,0,0,0,0,0,0,0,0,0,0,0,0,0,0,0,0,0,0,0,0,16,37,0,0,164,255,36,0,0,0,0,0,0,0,0,0,0,0,0,0,0,0,0,0,0,0,0,0,172,245,164,81,183,254,116,127,178,237,217,73,0,0,0,0,0,0,0,0,0,0,0,0,0,0,0,0,40,177,254,254,254,254,254,254,241,159,178,109,0,0,0,0,0,0,0,0,0,0,0,0,0,0,0,0,0,8,126,210,248,230,100,54,35,0,0,0,0,0,0,0,0,0,0,0,0,0,0,0,0,0,0,0,0,0,0,0,163,199,0,0,0,0,0,0,0,0,0,0,0,0,0,0,0,0,0,0,0,0,0,0,0,0,0,0,164,200,0,0,0,0,0,0,0,0,0,0,0,0,0,0,0,0,0,0,0,0,0,0,0,0,0,0,163,199,0,0,0,0,0,0,0,0,0,0,0,0,0,0,0,0,0,0,0,0,0,0,0,0,0,0,163,246,77,0,0,0,0,0,0,0,0,0,0,0,0,0,0,0,0,0,0,0,0,0,0,0,0,0,163,254,127,0,0,0,0,0,0,0,0,0,0,0,0,0,0,0,0,0,0,0,0,0,0,0,0,0,163,254,127,0,0,0,0,0,0,0,0,0,0,0,0,0,0,0,0,0,0,0,0,0,0,0,0,0,0,0,0,0,0,0,0,0,0,0,0,0,0,0,0,0,0,0,0,0,0,0,0,0,0,0,0,0,0,0,0,0,0,0,0,0,0,0,0,0,0
8,0,0,0,0,0,0,0,0,0,0,0,0,0,0,0,0,0,0,0,0,0,0,0,0,0,0,0,0,0,0,0,0,0,0,0,0,0,0,0,0,0,0,0,0,0,0,0,0,0,0,0,0,0,0,0,0,0,0,0,0,0,0,0,0,0,0,0,0,0,0,0,0,0,0,0,0,0,0,0,0,0,0,0,0,0,0,0,0,0,0,0,0,0,65,215,221,198,144,82,11,0,0,0,0,0,0,0,0,0,0,0,0,0,0,0,0,0,0,0,0,0,61,7,0,24,77,225,200,60,0,0,0,0,0,0,0,0,0,0,0,0,0,0,0,0,0,0,0,0,0,0,0,0,0,25,146,236,96,0,0,0,0,0,0,0,0,0,0,0,0,0,0,0,0,0,0,0,0,0,0,0,0,0,3,54,238,56,0,0,0,0,0,0,0,0,0,0,0,0,0,0,0,22,152,20,0,0,0,0,0,0,0,0,99,234,60,0,0,0,0,0,0,0,0,0,0,0,0,0,0,65,250,174,0,0,0,0,0,0,0,0,5,185,234,17,0,0,0,0,0,0,0,0,0,0,0,0,0,0,89,245,107,1,0,0,0,0,0,0,0,63,251,75,0,0,0,0,0,0,0,0,0,0,0,0,0,0,0,89,244,111,18,0,0,0,0,0,0,0,199,201,18,0,0,0,0,0,0,0,0,0,0,0,0,0,0,0,52,238,132,0,0,0,0,0,0,0,118,253,99,0,0,0,0,0,0,0,0,0,0,0,0,0,0,0,0,83,205,187,63,0,0,0,0,0,89,253,99,0,0,0,0,0,0,0,0,0,0,0,0,0,0,0,0,0,68,154,255,63,0,0,0,0,104,253,87,0,0,0,0,0,0,0,0,0,0,0,0,0,0,0,0,0,0,24,125,211,54,0,0,44,213,136,0,0,0,0,0,0,0,0,0,0,0,0,0,0,0,0,0,0,0,0,0,167,223,80,106,173,67,4,0,0,0,0,0,0,0,0,0,0,0,0,0,0,0,0,0,0,0,0,0,14,187,249,222,4,0,0,0,0,0,0,0,0,0,0,0,0,0,0,0,0,0,0,0,0,0,17,104,216,253,253,121,0,0,0,0,0,0,0,0,0,0,0,0,0,0,0,0,0,0,0,0,43,109,216,253,151,107,253,121,0,0,0,0,0,0,0,0,0,0,0,0,0,0,0,0,0,0,3,99,233,223,131,36,0,120,253,117,0,0,0,0,0,0,0,0,0,0,0,0,0,0,0,0,0,4,138,253,155,0,0,0,40,224,192,4,0,0,0,0,0,0,0,0,0,0,0,0,0,0,0,0,0,6,188,253,140,78,54,68,226,233,108,0,0,0,0,0,0,0,0,0,0,0,0,0,0,0,0,0,0,0,22,120,244,253,244,249,192,58,0,0,0,0,0,0,0,0,0,0,0,0,0,0,0,0,0,0,0,0,0,0,0,0,0,0,0,0,0,0,0,0,0,0,0,0,0,0,0,0,0,0,0,0,0,0,0,0,0,0,0,0,0,0,0,0,0,0,0,0,0,0,0,0,0,0,0,0,0,0,0,0,0,0,0,0,0,0,0,0,0,0,0,0,0,0,0,0,0,0,0,0,0,0,0,0,0,0,0,0,0,0,0,0,0,0,0,0,0,0,0,0,0,0,0,0,0,0,0,0,0,0,0,0,0,0,0,0,0,0,0,0,0,0,0,0,0,0,0,0,0,0,0,0,0,0,0,0,0,0,0,0
2,0,0,0,0,0,0,0,0,0,0,0,0,0,0,0,0,0,0,0,0,0,0,0,0,0,0,0,0,0,0,0,0,0,0,0,0,0,0,0,0,0,0,0,0,0,0,0,0,0,0,0,0,0,0,0,0,0,0,0,0,0,0,0,0,0,0,0,0,0,0,0,0,0,0,0,0,0,0,0,0,0,0,0,0,0,0,0,0,0,0,0,0,0,0,0,0,0,0,0,0,0,0,0,0,0,0,0,0,0,0,0,0,0,0,0,0,0,0,35,67,47,0,0,0,0,0,0,0,0,0,0,0,0,0,0,0,0,0,0,0,0,0,0,0,0,134,196,254,218,133,124,0,0,0,0,0,0,0,0,0,0,0,0,0,0,0,0,0,0,0,0,0,0,106,250,254,254,254,250,199,87,10,10,4,0,0,0,0,0,0,0,0,0,0,0,0,0,0,0,0,0,0,94,238,254,254,254,254,254,254,254,141,65,0,0,0,0,0,0,0,0,0,0,0,0,0,0,0,0,0,0,88,154,254,254,254,254,254,254,254,216,0,0,0,0,0,0,0,0,0,0,0,0,0,0,0,0,0,0,0,14,46,46,110,235,252,254,254,248,124,0,0,0,0,0,0,0,0,0,0,0,0,0,0,0,0,0,0,0,0,0,0,0,145,201,254,254,150,0,0,0,0,0,0,0,0,0,0,0,0,0,0,0,0,0,0,0,0,0,0,0,0,96,254,254,150,0,0,0,0,0,0,0,0,0,0,0,0,0,0,0,0,0,0,0,0,0,0,0,0,14,174,254,240,72,0,0,0,0,0,0,0,0,0,0,0,0,0,0,0,0,0,0,0,0,0,0,0,0,161,254,254,84,0,0,0,0,0,0,0,0,0,0,0,0,0,0,0,0,0,0,0,0,0,0,0,61,220,254,254,84,0,0,0,0,0,0,0,0,0,0,0,0,0,0,0,0,0,0,0,0,0,0,33,120,254,254,161,9,0,0,0,0,0,0,0,0,0,0,0,0,0,0,0,0,0,0,0,0,0,63,233,254,254,239,89,0,0,0,0,0,0,0,0,0,0,0,0,0,0,0,0,0,7,171,171,44,171,221,254,254,254,216,0,0,0,0,0,0,0,0,0,0,0,0,0,0,0,0,0,0,187,254,254,242,254,254,254,254,254,252,159,48,48,27,0,0,24,48,0,0,0,0,0,0,0,0,0,0,199,254,254,254,254,254,254,254,254,254,254,254,254,191,115,115,182,254,0,0,0,0,0,0,0,0,0,0,65,254,254,254,254,254,254,254,254,254,254,254,254,254,254,254,254,121,0,0,0,0,0,0,0,0,0,0,1,8,8,8,8,8,8,8,128,197,197,197,251,254,254,199,106,2,0,0,0,0,0,0,0,0,0,0,0,0,0,0,0,0,0,0,0,0,0,0,123,131,131,4,0,0,0,0,0,0,0,0,0,0,0,0,0,0,0,0,0,0,0,0,0,0,0,0,0,0,0,0,0,0,0,0,0,0,0,0,0,0,0,0,0,0,0,0,0,0,0,0,0,0,0,0,0,0,0,0,0,0,0,0,0,0,0,0,0,0,0,0,0,0,0,0,0,0,0,0,0,0,0,0,0,0,0,0,0,0,0,0,0,0,0,0,0,0,0,0,0,0,0,0,0,0,0,0,0,0,0,0,0,0,0,0,0,0,0,0,0,0,0,0,0,0,0,0,0,0,0,0,0,0,0,0,0,0,0,0,0,0,0,0,0,0,0,0,0
7,0,0,0,0,0,0,0,0,0,0,0,0,0,0,0,0,0,0,0,0,0,0,0,0,0,0,0,0,0,0,0,0,0,0,0,0,0,0,0,0,0,0,0,0,0,0,0,0,0,0,0,0,0,0,0,0,0,0,0,0,0,0,0,0,0,0,0,0,0,0,0,0,0,0,0,0,0,0,0,0,0,0,0,0,0,0,0,0,0,0,0,0,0,0,0,0,0,0,0,0,0,0,0,0,0,0,0,0,0,0,0,0,0,0,0,0,0,0,0,0,0,0,0,0,0,0,0,0,0,0,0,0,0,0,0,0,0,0,0,0,0,0,0,0,0,0,47,148,0,0,0,0,0,0,0,0,0,0,0,0,0,0,0,0,0,0,0,0,0,0,0,0,0,37,228,223,8,0,0,0,0,0,0,0,0,0,0,0,0,0,0,0,0,0,0,0,0,0,0,0,0,55,247,253,183,12,0,0,0,0,0,0,0,0,49,12,0,0,0,0,0,0,0,0,0,0,0,0,0,0,108,221,254,229,69,9,9,0,0,0,0,16,246,143,0,0,0,0,0,0,0,0,0,0,0,0,0,0,0,45,178,253,253,170,96,135,60,128,53,135,254,233,0,0,0,0,0,0,0,0,0,0,0,0,0,0,0,0,0,91,213,254,254,232,231,254,139,99,255,234,0,0,0,0,0,0,0,0,0,0,0,0,0,0,0,0,0,0,12,128,135,144,61,68,148,191,254,106,0,0,0,0,0,0,0,0,0,0,0,0,0,0,0,0,0,0,0,0,0,0,0,0,136,253,223,39,0,0,0,0,0,0,0,0,0,0,0,0,0,0,0,0,0,0,0,0,0,0,0,0,227,253,50,18,0,0,0,0,0,0,0,0,0,0,0,0,0,0,0,0,0,0,0,0,0,0,0,135,248,177,23,0,0,0,0,0,0,0,0,0,0,0,0,0,0,0,0,0,0,0,0,0,0,0,13,224,254,155,0,0,0,0,0,0,0,0,0,0,0,0,0,0,0,0,0,0,0,0,0,0,0,0,111,253,253,155,0,0,0,0,0,0,0,0,0,0,0,0,0,0,0,0,0,0,0,0,0,0,0,0,214,253,253,126,0,0,0,0,0,0,0,0,0,0,0,0,0,0,0,0,0,0,0,0,0,0,0,55,250,253,201,5,0,0,0,0,0,0,0,0,0,0,0,0,0,0,0,0,0,0,0,0,0,0,0,134,253,253,117,0,0,0,0,0,0,0,0,0,0,0,0,0,0,0,0,0,0,0,0,0,0,0,0,179,254,205,8,0,0,0,0,0,0,0,0,0,0,0,0,0,0,0,0,0,0,0,0,0,0,0,46,254,253,129,0,0,0,0,0,0,0,0,0,0,0,0,0,0,0,0,0,0,0,0,0,0,0,0,165,254,247,54,0,0,0,0,0,0,0,0,0,0,0,0,0,0,0,0,0,0,0,0,0,0,0,37,248,254,142,0,0,0,0,0,0,0,0,0,0,0,0,0,0,0,0,0,0,0,0,0,0,0,0,40,253,155,46,0,0,0,0,0,0,0,0,0,0,0,0,0,0,0,0,0,0,0,0,0,0,0,0,0,0,0,0,0,0,0,0,0,0,0,0,0,0,0,0,0,0,0,0,0,0,0,0,0,0,0,0,0,0,0,0,0,0,0,0,0,0,0,0,0,0,0,0,0,0,0,0,0,0,0,0,0,0,0,0,0,0,0,0,0,0,0,0,0,0,0,0,0,0,0,0,0
3,0,0,0,0,0,0,0,0,0,0,0,0,0,0,0,0,0,0,0,0,0,0,0,0,0,0,0,0,0,0,0,0,0,0,0,0,0,0,0,0,0,0,0,0,0,0,0,0,0,0,0,0,0,0,0,0,0,0,0,0,0,0,0,0,0,0,0,0,0,0,0,0,0,0,0,0,0,0,0,0,0,0,0,0,0,0,0,0,0,0,0,0,0,0,0,0,0,0,0,0,0,0,0,0,0,0,0,0,0,0,0,0,0,0,0,0,0,0,0,3,58,105,24,166,11,129,78,0,0,0,0,0,0,0,0,0,0,0,0,0,0,0,0,0,0,0,0,23,252,252,211,63,107,252,243,54,27,32,0,0,0,0,0,0,0,0,0,0,0,0,0,0,0,0,0,23,252,252,250,209,241,252,253,222,226,230,73,0,0,0,0,0,0,0,0,0,0,0,0,0,0,0,0,11,144,230,241,252,252,252,253,252,252,252,246,158,0,0,0,0,0,0,0,0,0,0,0,0,0,0,0,0,0,0,42,88,88,88,150,236,252,252,252,222,14,0,0,0,0,0,0,0,0,0,0,0,0,0,0,0,0,0,0,0,0,0,0,67,237,252,252,252,108,0,0,0,0,0,0,0,0,0,0,0,0,0,0,0,0,0,0,0,0,0,12,118,249,252,252,252,131,0,0,0,0,0,0,0,0,0,0,0,0,0,0,0,0,0,0,27,78,107,253,252,252,252,252,237,61,0,0,0,0,0,0,0,0,0,0,0,0,0,0,0,0,147,187,227,252,252,253,252,252,252,235,66,0,0,0,0,0,0,0,0,0,0,0,0,0,0,0,0,0,198,252,252,252,252,253,252,252,233,26,0,0,0,0,0,0,0,0,0,0,0,0,0,0,0,0,0,0,185,253,253,253,253,255,253,253,253,229,46,0,0,0,0,0,0,0,0,0,0,0,0,0,0,0,0,0,27,129,186,186,215,253,252,252,252,252,226,44,0,0,0,0,0,0,0,0,0,0,0,0,0,0,0,0,0,0,0,0,19,58,179,252,252,252,252,222,0,0,0,0,0,0,0,0,0,0,0,0,0,0,0,0,0,0,0,0,0,0,3,102,237,252,252,241,0,0,0,0,0,0,0,0,0,0,0,0,0,0,0,0,0,0,0,0,0,0,0,0,61,252,252,241,0,0,0,0,0,0,0,0,0,0,0,0,0,79,198,198,82,0,0,0,0,0,0,0,61,252,252,245,35,0,0,0,0,0,0,0,0,0,0,0,0,52,243,252,245,178,103,12,12,12,40,122,238,252,252,247,52,0,0,0,0,0,0,0,0,0,0,0,0,0,62,237,252,252,252,252,252,253,252,252,252,252,252,154,0,0,0,0,0,0,0,0,0,0,0,0,0,0,0,67,175,246,252,252,252,253,252,252,252,235,136,6,0,0,0,0,0,0,0,0,0,0,0,0,0,0,0,0,0,83,142,176,252,253,223,233,146,64,0,0,0,0,0,0,0,0,0,0,0,0,0,0,0,0,0,0,0,0,0,0,0,0,0,0,0,0,0,0,0,0,0,0,0,0,0,0,0,0,0,0,0,0,0,0,0,0,0,0,0,0,0,0,0,0,0,0,0,0,0,0,0,0,0,0,0,0,0,0,0,0,0,0,0,0,0,0,0,0,0,0,0,0,0,0,0,0,0,0,0,0,0,0,0,0,0,0,0,0,0,0,0,0,0,0,0,0,0,0,0,0,0,0,0,0,0,0,0,0,0
1,0,0,0,0,0,0,0,0,0,0,0,0,0,0,0,0,0,0,0,0,0,0,0,0,0,0,0,0,0,0,0,0,0,0,0,0,0,0,0,0,0,0,0,0,0,0,0,0,0,0,0,0,0,0,0,0,0,0,0,0,0,0,0,0,0,0,0,0,0,0,0,0,0,0,0,0,0,0,0,0,0,0,0,0,0,0,0,0,0,0,0,0,0,0,0,0,0,0,0,0,0,0,0,0,0,0,0,0,0,0,0,0,0,0,0,0,0,0,0,0,0,0,0,0,0,0,0,0,0,0,0,0,0,0,0,0,0,0,0,0,0,0,0,0,0,0,0,0,0,0,0,0,0,148,176,2,0,0,0,0,0,0,0,0,0,0,0,0,0,0,0,0,0,0,0,0,0,0,0,0,0,196,254,19,0,0,0,0,0,0,0,0,0,0,0,0,0,0,0,0,0,0,0,0,0,0,0,0,0,196,254,19,0,0,0,0,0,0,0,0,0,0,0,0,0,0,0,0,0,0,0,0,0,0,0,0,0,196,254,19,0,0,0,0,0,0,0,0,0,0,0,0,0,0,0,0,0,0,0,0,0,0,0,0,0,196,255,19,0,0,0,0,0,0,0,0,0,0,0,0,0,0,0,0,0,0,0,0,0,0,0,0,0,196,254,19,0,0,0,0,0,0,0,0,0,0,0,0,0,0,0,0,0,0,0,0,0,0,0,0,0,196,204,3,0,0,0,0,0,0,0,0,0,0,0,0,0,0,0,0,0,0,0,0,0,0,0,0,7,214,195,0,0,0,0,0,0,0,0,0,0,0,0,0,0,0,0,0,0,0,0,0,0,0,0,0,20,254,141,0,0,0,0,0,0,0,0,0,0,0,0,0,0,0,0,0,0,0,0,0,0,0,0,0,11,227,141,0,0,0,0,0,0,0,0,0,0,0,0,0,0,0,0,0,0,0,0,0,0,0,0,0,0,196,183,0,0,0,0,0,0,0,0,0,0,0,0,0,0,0,0,0,0,0,0,0,0,0,0,0,0,196,195,0,0,0,0,0,0,0,0,0,0,0,0,0,0,0,0,0,0,0,0,0,0,0,0,0,0,196,118,0,0,0,0,0,0,0,0,0,0,0,0,0,0,0,0,0,0,0,0,0,0,0,0,0,0,196,117,0,0,0,0,0,0,0,0,0,0,0,0,0,0,0,0,0,0,0,0,0,0,0,0,0,0,196,117,0,0,0,0,0,0,0,0,0,0,0,0,0,0,0,0,0,0,0,0,0,0,0,0,0,0,196,189,0,0,0,0,0,0,0,0,0,0,0,0,0,0,0,0,0,0,0,0,0,0,0,0,0,0,196,195,0,0,0,0,0,0,0,0,0,0,0,0,0,0,0,0,0,0,0,0,0,0,0,0,0,7,214,195,0,0,0,0,0,0,0,0,0,0,0,0,0,0,0,0,0,0,0,0,0,0,0,0,0,0,196,195,0,0,0,0,0,0,0,0,0,0,0,0,0,0,0,0,0,0,0,0,0,0,0,0,0,0,88,213,18,0,0,0,0,0,0,0,0,0,0,0,0,0,0,0,0,0,0,0,0,0,0,0,0,0,0,0,0,0,0,0,0,0,0,0,0,0,0,0,0,0,0,0,0,0,0,0,0,0,0,0,0,0,0,0,0,0,0,0,0,0,0,0,0,0,0,0,0,0,0,0,0,0,0,0,0,0,0,0,0,0,0,0,0,0,0,0,0,0,0,0,0,0,0,0,0
7,0,0,0,0,0,0,0,0,0,0,0,0,0,0,0,0,0,0,0,0,0,0,0,0,0,0,0,0,0,0,0,0,0,0,0,0,0,0,0,0,0,0,0,0,0,0,0,0,0,0,0,0,0,0,0,0,0,0,0,0,0,0,0,0,0,0,0,0,0,0,0,0,0,0,0,0,0,0,0,0,0,0,0,0,0,0,0,0,0,0,0,0,0,0,0,0,0,0,0,0,0,0,0,0,0,0,0,0,0,0,0,0,0,0,0,0,0,0,0,0,0,0,0,0,0,0,0,0,0,0,0,0,0,0,0,0,0,0,0,0,0,0,0,0,0,0,0,0,0,0,0,0,0,0,0,0,0,0,0,0,0,0,0,0,0,0,0,0,0,0,0,0,0,0,0,0,0,0,0,0,0,0,0,0,0,0,0,0,0,0,0,0,0,0,0,0,0,0,0,202,254,254,254,254,203,213,255,207,101,52,0,0,0,0,0,0,0,0,0,0,0,0,0,0,0,0,0,42,168,253,253,253,253,253,253,253,253,227,200,98,47,36,0,0,0,0,0,0,0,0,0,0,0,0,0,0,62,107,107,107,155,146,182,253,253,253,253,253,253,227,146,85,0,0,0,0,0,0,0,0,0,0,0,0,0,0,0,0,3,2,4,7,21,160,160,222,253,253,253,250,44,0,0,0,0,0,0,0,0,0,0,0,0,0,0,0,0,0,0,0,0,0,0,41,61,108,253,253,162,0,0,0,0,0,0,0,0,0,0,0,0,0,0,0,0,0,0,0,0,0,0,0,0,62,253,253,199,0,0,0,0,0,0,0,0,0,0,0,0,0,0,0,0,0,0,0,0,0,0,0,0,62,253,253,199,0,0,0,0,0,0,0,0,0,0,0,0,0,0,0,0,0,0,0,0,0,0,0,15,179,253,240,81,0,0,0,0,0,0,0,0,0,0,0,0,0,0,0,0,0,0,0,0,0,0,9,187,253,253,145,0,0,0,0,0,0,0,0,0,0,0,0,0,0,0,0,0,0,0,0,0,0,0,16,253,253,251,101,0,0,0,0,0,0,0,0,0,0,0,0,0,0,0,0,0,0,0,0,0,0,0,124,253,253,231,0,0,0,0,0,0,0,0,0,0,0,0,0,0,0,0,0,0,0,0,0,0,0,34,210,253,223,47,0,0,0,0,0,0,0,0,0,0,0,0,0,0,0,0,0,0,0,0,0,0,0,206,253,253,191,0,0,0,0,0,0,0,0,0,0,0,0,0,0,0,0,0,0,0,0,0,0,0,83,243,253,246,86,0,0,0,0,0,0,0,0,0,0,0,0,0,0,0,0,0,0,0,0,0,0,11,183,253,246,75,0,0,0,0,0,0,0,0,0,0,0,0,0,0,0,0,0,0,0,0,0,0,0,155,253,253,200,0,0,0,0,0,0,0,0,0,0,0,0,0,0,0,0,0,0,0,0,0,0,0,55,226,253,204,31,0,0,0,0,0,0,0,0,0,0,0,0,0,0,0,0,0,0,0,0,0,0,57,241,253,253,30,0,0,0,0,0,0,0,0,0,0,0,0,0,0,0,0,0,0,0,0,0,0,0,24,235,253,227,24,0,0,0,0,0,0,0,0,0,0,0,0,0,0,0,0,0,0,0,0,0,0,0,0,231,239,51,0,0,0,0,0,0,0,0,0,0,0,0,0,0,0,0,0,0,0,0,0,0,0,0,0,0,0,0,0,0,0,0,0,0,0,0,0,0,0,0,0,0
5,0,0,0,0,0,0,0,0,0,0,0,0,0,0,0,0,0,0,0,0,0,0,0,0,0,0,0,0,0,0,0,0,0,0,0,0,0,0,0,0,0,0,0,0,0,0,0,0,0,0,0,0,0,0,0,0,0,0,0,0,0,0,0,0,0,0,0,0,0,0,0,0,0,0,0,0,0,0,0,0,0,0,0,0,0,0,0,0,0,0,0,0,0,0,0,0,0,0,0,0,0,0,0,0,0,0,0,0,0,0,0,0,0,0,0,0,0,0,0,0,0,0,0,0,0,0,0,0,0,0,0,0,0,0,0,0,0,0,0,0,0,0,0,0,0,0,0,0,0,0,0,0,16,73,73,73,73,73,73,80,228,228,70,0,0,0,0,0,0,0,0,0,0,0,0,0,0,0,0,42,233,253,253,253,254,253,253,253,253,254,160,0,0,0,0,0,0,0,0,0,0,0,0,0,0,0,0,131,253,253,253,253,254,253,253,253,240,217,137,0,0,0,0,0,0,0,0,0,0,0,0,0,0,0,40,254,253,250,163,144,144,125,54,54,35,0,0,0,0,0,0,0,0,0,0,0,0,0,0,0,0,0,124,254,253,120,0,0,0,0,0,0,0,0,0,0,0,0,0,0,0,0,0,0,0,0,0,0,0,38,228,255,199,0,0,0,0,0,0,0,0,0,0,0,0,0,0,0,0,0,0,0,0,0,0,0,0,128,253,254,95,0,0,0,0,0,0,0,0,0,0,0,0,0,0,0,0,0,0,0,0,0,0,0,0,199,253,254,168,49,21,0,0,0,0,0,0,0,0,0,0,0,0,0,0,0,0,0,0,0,0,0,0,128,253,254,253,253,223,77,0,0,0,0,0,0,0,0,0,0,0,0,0,0,0,0,0,0,0,0,0,31,136,163,181,253,253,253,98,0,0,0,0,0,0,0,0,0,0,0,0,0,0,0,0,0,0,0,0,0,0,0,0,79,98,207,255,102,0,0,0,0,0,0,0,0,0,0,0,0,0,0,0,0,0,0,0,0,20,0,0,0,0,7,234,229,21,0,0,0,0,0,0,0,0,0,0,0,0,0,0,0,0,0,0,88,139,0,0,0,0,0,86,253,81,0,0,0,0,0,0,0,0,0,0,0,0,0,0,0,0,0,0,109,253,40,0,0,0,0,73,253,165,0,0,0,0,0,0,0,0,0,0,0,0,0,0,0,0,0,0,109,253,155,0,0,0,0,137,253,151,0,0,0,0,0,0,0,0,0,0,0,0,0,0,0,0,0,0,14,233,255,102,0,0,0,255,254,69,0,0,0,0,0,0,0,0,0,0,0,0,0,0,0,0,0,0,0,129,254,229,100,16,152,254,253,36,0,0,0,0,0,0,0,0,0,0,0,0,0,0,0,0,0,0,0,46,228,253,253,227,253,254,193,5,0,0,0,0,0,0,0,0,0,0,0,0,0,0,0,0,0,0,0,0,42,200,253,253,253,254,37,0,0,0,0,0,0,0,0,0,0,0,0,0,0,0,0,0,0,0,0,0,0,16,162,253,253,169,5,0,0,0,0,0,0,0,0,0,0,0,0,0,0,0,0,0,0,0,0,0,0,0,0,0,0,0,0,0,0,0,0,0,0,0,0,0,0,0,0,0,0,0,0,0,0,0,0,0,0,0,0,0,0,0,0,0,0,0,0,0,0,0,0,0,0,0,0,0,0,0,0,0,0,0,0,0,0,0,0,0,0,0,0,0,0,0,0,0,0,0,0,0,0
8,0,0,0,0,0,0,0,0,0,0,0,0,0,0,0,0,0,0,0,0,0,0,0,0,0,0,0,0,0,0,0,0,0,0,0,0,0,0,0,0,0,0,0,0,0,0,0,0,0,0,0,0,0,0,0,0,0,0,0,0,0,0,0,0,0,0,0,0,0,0,0,0,0,0,0,0,0,0,0,0,0,0,0,0,0,0,0,0,0,0,0,0,0,0,0,0,0,0,0,0,0,0,0,0,0,0,0,0,0,0,0,0,0,0,0,0,0,0,0,0,0,0,0,0,0,0,0,0,0,0,0,0,0,0,0,0,0,0,0,0,0,0,0,0,0,0,0,0,0,14,67,156,156,156,217,254,186,72,0,0,0,0,0,0,0,0,0,0,0,0,0,0,0,0,0,0,8,186,253,253,253,253,254,253,253,232,177,91,0,0,0,0,0,0,0,0,0,0,0,0,0,0,0,0,165,254,253,253,253,222,152,78,78,179,253,236,95,0,0,0,0,0,0,0,0,0,0,0,0,0,0,127,248,254,227,87,19,12,0,0,0,40,253,254,121,0,0,0,0,0,0,0,0,0,0,0,0,0,0,212,253,231,46,0,0,0,0,0,0,40,253,254,39,0,0,0,0,0,0,0,0,0,0,0,0,0,0,212,254,158,0,0,0,0,0,0,0,197,254,218,15,0,0,0,0,0,0,0,0,0,0,0,0,0,0,129,253,245,78,0,0,0,0,0,74,250,253,68,0,0,0,0,0,0,0,0,0,0,0,0,0,0,0,12,182,254,217,84,0,0,0,44,229,253,154,0,0,0,0,0,0,0,0,0,0,0,0,0,0,0,0,0,8,102,232,247,219,62,62,228,253,164,5,0,0,0,0,0,0,0,0,0,0,0,0,0,0,0,0,0,0,0,27,155,253,253,254,253,222,34,0,0,0,0,0,0,0,0,0,0,0,0,0,0,0,0,0,0,0,0,0,0,100,254,255,254,101,0,0,0,0,0,0,0,0,0,0,0,0,0,0,0,0,0,0,0,0,0,0,7,221,253,249,242,241,69,0,0,0,0,0,0,0,0,0,0,0,0,0,0,0,0,0,0,0,0,7,169,253,253,60,44,229,241,108,0,0,0,0,0,0,0,0,0,0,0,0,0,0,0,0,0,0,0,126,253,231,79,0,0,44,190,245,143,0,0,0,0,0,0,0,0,0,0,0,0,0,0,0,0,0,0,177,253,213,0,0,0,0,62,253,240,68,0,0,0,0,0,0,0,0,0,0,0,0,0,0,0,0,0,215,254,19,0,0,0,0,40,254,255,136,0,0,0,0,0,0,0,0,0,0,0,0,0,0,0,0,50,247,253,19,0,0,2,50,213,253,254,91,0,0,0,0,0,0,0,0,0,0,0,0,0,0,0,0,18,226,253,128,79,102,181,253,253,253,254,39,0,0,0,0,0,0,0,0,0,0,0,0,0,0,0,0,0,72,253,253,253,254,253,253,253,237,95,3,0,0,0,0,0,0,0,0,0,0,0,0,0,0,0,0,0,5,88,208,253,254,207,155,103,36,0,0,0,0,0,0,0,0,0,0,0,0,0,0,0,0,0,0,0,0,0,0,0,0,0,0,0,0,0,0,0,0,0,0,0,0,0,0,0,0,0,0,0,0,0,0,0,0,0,0,0,0,0,0,0,0,0,0,0,0,0,0,0,0,0,0,0,0,0,0,0,0,0,0,0,0,0,0,0,0,0,0,0,0,0,0,0,0,0,0,0,0,0
2,0,0,0,0,0,0,0,0,0,0,0,0,0,0,0,0,0,0,0,0,0,0,0,0,0,0,0,0,0,0,0,0,0,0,0,0,0,0,0,0,0,0,0,0,0,0,0,0,0,0,0,0,0,0,0,0,0,0,0,0,0,0,0,0,0,0,0,0,0,0,0,0,0,0,0,0,0,0,0,0,0,0,0,0,0,0,0,0,0,0,0,0,0,0,0,0,0,0,0,0,0,0,0,0,0,0,0,0,0,0,0,0,0,0,0,0,0,0,0,0,0,0,0,0,0,0,0,0,0,0,0,0,0,0,0,0,0,0,0,0,0,0,0,0,0,0,0,0,0,0,0,0,7,29,29,84,126,126,73,6,0,0,0,0,0,0,0,0,0,0,0,0,0,0,0,0,0,0,9,125,202,254,254,254,254,254,254,158,0,0,0,0,0,0,0,0,0,0,0,0,0,0,0,0,0,58,200,254,242,189,101,83,4,34,243,254,143,0,0,0,0,0,0,0,0,0,0,0,0,0,0,69,192,234,185,65,30,0,0,0,0,37,245,254,93,0,0,0,0,0,0,0,0,0,0,0,0,0,55,233,223,94,0,0,0,0,0,0,0,111,254,245,0,0,0,0,0,0,0,0,0,0,0,0,0,0,216,125,31,0,0,0,0,0,0,0,29,221,254,131,0,0,0,0,0,0,0,0,0,0,0,0,0,0,116,6,0,0,0,0,0,0,0,0,191,254,174,9,0,0,0,0,0,0,0,0,0,0,0,0,0,0,0,0,0,0,0,0,0,0,0,65,240,254,84,0,0,0,0,0,0,0,0,0,0,0,0,0,0,0,0,0,0,0,0,0,0,0,16,238,233,75,1,0,0,0,0,0,0,0,0,0,0,0,0,0,0,0,0,0,0,0,0,0,0,14,194,254,102,0,0,0,0,0,0,0,0,0,0,0,0,0,0,0,0,0,0,0,0,0,0,0,66,210,254,211,33,0,0,0,0,0,0,0,0,0,0,0,0,0,0,0,0,0,0,0,0,0,0,48,244,251,113,8,0,0,0,0,0,7,82,140,140,180,0,0,0,0,0,0,0,0,0,0,0,3,102,220,254,191,0,0,0,7,27,110,175,201,254,245,146,13,0,0,0,0,0,0,0,0,0,0,0,149,254,254,164,15,0,42,115,227,254,254,234,167,85,0,0,0,0,0,0,0,0,0,0,0,0,0,134,254,255,254,139,135,202,244,254,214,156,43,17,0,0,0,0,0,0,0,0,0,0,0,0,0,0,0,188,254,254,254,254,254,254,232,148,40,0,0,0,0,0,0,0,0,0,0,0,0,0,0,0,0,0,0,138,202,197,187,130,91,91,5,0,0,0,0,0,0,0,0,0,0,0,0,0,0,0,0,0,0,0,0,0,7,5,0,0,0,0,0,0,0,0,0,0,0,0,0,0,0,0,0,0,0,0,0,0,0,0,0,0,0,0,0,0,0,0,0,0,0,0,0,0,0,0,0,0,0,0,0,0,0,0,0,0,0,0,0,0,0,0,0,0,0,0,0,0,0,0,0,0,0,0,0,0,0,0,0,0,0,0,0,0,0,0,0,0,0,0,0,0,0,0,0,0,0,0,0,0,0,0,0,0,0,0,0,0,0,0,0,0,0,0,0,0,0,0,0,0,0,0,0,0,0,0,0,0,0,0,0,0,0,0,0,0,0,0,0,0,0,0,0,0,0,0,0,0,0,0,0,0,0,0,0,0,0,0,0,0,0,0,0
6,0,0,0,0,0,0,0,0,0,0,0,0,0,0,0,0,0,0,0,0,0,0,0,0,0,0,0,0,0,0,0,0,0,0,0,0,0,0,0,0,0,0,0,0,0,0,0,0,0,0,0,0,0,0,0,0,0,0,0,0,0,0,0,0,0,0,0,0,0,0,11,150,254,80,0,0,0,0,0,0,0,0,0,0,0,0,0,0,0,0,0,0,0,0,0,0,0,17,141,250,237,163,0,0,0,0,0,0,0,0,0,0,0,0,0,0,0,0,0,0,0,0,0,0,0,177,253,200,44,19,0,0,0,0,0,0,0,0,0,0,0,0,0,0,0,0,0,0,0,0,0,0,26,225,253,74,0,0,0,0,0,0,0,0,0,0,0,0,0,0,0,0,0,0,0,0,0,0,0,0,123,253,200,0,0,0,0,0,0,0,0,0,0,0,0,0,0,0,0,0,0,0,0,0,0,0,0,58,254,246,74,0,0,0,0,0,0,0,0,0,0,0,0,0,0,0,0,0,0,0,0,0,0,0,36,220,253,88,0,0,0,0,0,0,0,0,0,0,0,0,0,0,0,0,0,0,0,0,0,0,0,0,139,253,171,13,0,0,0,0,0,0,0,0,0,0,0,0,0,0,0,0,0,0,0,0,0,0,0,43,234,236,44,0,0,0,0,0,0,0,0,0,0,0,0,0,0,0,0,0,0,0,0,0,0,0,0,168,254,207,0,0,0,0,0,0,0,0,0,0,0,0,0,0,0,0,0,0,0,0,0,0,0,0,9,234,254,84,0,0,0,3,45,139,97,13,0,0,0,0,0,0,0,0,0,0,0,0,0,0,0,0,93,253,231,0,0,0,22,119,253,253,253,212,0,0,0,0,0,0,0,0,0,0,0,0,0,0,0,0,125,253,147,0,0,0,147,254,241,100,189,253,117,0,0,0,0,0,0,0,0,0,0,0,0,0,0,0,208,253,116,0,0,0,231,246,79,0,17,140,240,34,0,0,0,0,0,0,0,0,0,0,0,0,0,0,208,253,116,0,0,137,251,74,0,0,0,168,254,92,0,0,0,0,0,0,0,0,0,0,0,0,0,0,94,254,128,0,0,209,149,13,19,17,108,254,158,0,0,0,0,0,0,0,0,0,0,0,0,0,0,0,34,239,246,80,0,208,253,213,237,229,253,232,0,0,0,0,0,0,0,0,0,0,0,0,0,0,0,0,0,116,255,241,185,241,253,255,253,253,253,54,0,0,0,0,0,0,0,0,0,0,0,0,0,0,0,0,0,0,118,253,253,253,253,254,253,228,66,4,0,0,0,0,0,0,0,0,0,0,0,0,0,0,0,0,0,0,3,23,107,180,147,138,64,16,0,0,0,0,0,0,0,0,0,0,0,0,0,0,0,0,0,0,0,0,0,0,0,0,0,0,0,0,0,0,0,0,0,0,0,0,0,0,0,0,0,0,0,0,0,0,0,0,0,0,0,0,0,0,0,0,0,0,0,0,0,0,0,0,0,0,0,0,0,0,0,0,0,0,0,0,0,0,0,0,0,0,0,0,0,0,0,0,0,0,0,0,0,0,0,0,0,0,0,0,0,0,0,0,0,0,0,0,0,0,0,0,0,0,0,0,0,0,0,0,0,0,0,0,0,0,0,0,0,0,0,0,0,0,0,0,0,0,0,0,0,0,0,0,0,0,0,0,0,0,0,0,0,0,0,0,0,0,0,0,0,0,0,0,0,0,0,0,0,0,0,0,0,0,0,0,0,0
2,0,0,0,0,0,0,0,0,0,0,0,0,0,0,0,0,0,0,0,0,0,0,0,0,0,0,0,0,0,0,0,0,0,0,0,0,0,0,0,0,0,0,0,0,0,0,0,0,0,0,0,0,0,0,0,0,0,0,0,0,0,0,0,0,0,0,0,0,0,0,0,0,0,0,0,0,0,0,0,0,0,0,0,0,0,0,0,0,0,0,0,0,0,0,0,0,0,0,120,202,254,254,217,84,0,0,0,0,0,0,0,0,0,0,0,0,0,0,0,0,0,0,0,0,11,133,250,188,69,54,212,246,116,0,0,0,0,0,0,0,0,0,0,0,0,0,0,0,0,0,0,0,167,254,98,0,0,0,0,224,204,0,0,0,0,0,0,0,0,0,0,0,0,0,0,0,0,0,0,88,246,139,0,0,0,0,0,104,252,87,0,0,0,0,0,0,0,0,0,0,0,0,0,0,0,0,0,176,214,0,0,0,0,0,0,59,254,175,0,0,0,0,0,0,0,0,0,0,0,0,0,0,0,0,0,31,83,0,0,0,0,0,0,0,216,176,0,0,0,0,0,0,0,0,0,0,0,0,0,0,0,0,0,0,0,0,0,0,0,0,0,0,132,175,0,0,0,0,0,0,0,0,0,0,0,0,0,0,0,0,0,0,0,0,0,0,0,0,0,0,185,175,0,0,0,0,0,0,0,0,0,0,0,0,0,0,0,0,0,0,0,0,0,0,0,0,0,55,251,175,0,0,0,0,0,0,0,0,0,0,0,0,0,0,0,0,0,0,0,0,0,0,0,0,0,59,254,137,0,0,0,0,0,0,0,0,0,0,0,0,0,0,0,0,0,0,0,0,0,0,0,0,0,157,242,30,0,0,0,0,0,0,0,0,0,0,0,0,0,0,16,81,118,147,177,215,156,73,6,0,0,202,188,0,0,0,0,0,0,0,0,0,0,0,0,0,0,88,236,254,254,254,181,175,194,254,200,86,117,254,136,0,0,0,0,0,0,0,0,0,0,0,0,26,167,252,223,95,19,19,2,0,5,27,147,235,254,200,11,0,0,0,0,0,0,0,0,0,0,0,0,155,254,185,14,0,0,0,0,0,0,0,0,175,254,241,106,0,0,0,0,0,0,0,0,0,0,0,14,225,206,8,0,0,0,0,0,0,0,5,90,247,133,172,247,127,28,0,0,0,0,0,0,0,0,0,55,251,175,0,0,0,0,0,0,0,5,114,254,167,9,9,168,254,147,0,0,0,0,0,0,0,0,0,0,147,230,74,0,0,0,0,13,79,195,254,169,6,0,0,6,78,6,0,0,0,0,0,0,0,0,0,0,62,226,251,197,175,137,137,193,254,208,110,6,0,0,0,0,0,0,0,0,0,0,0,0,0,0,0,0,0,18,74,155,255,216,216,201,119,23,0,0,0,0,0,0,0,0,0,0,0,0,0,0,0,0,0,0,0,0,0,0,0,0,0,0,0,0,0,0,0,0,0,0,0,0,0,0,0,0,0,0,0,0,0,0,0,0,0,0,0,0,0,0,0,0,0,0,0,0,0,0,0,0,0,0,0,0,0,0,0,0,0,0,0,0,0,0,0,0,0,0,0,0,0,0,0,0,0,0,0,0,0,0,0,0,0,0,0,0,0,0,0,0,0,0,0,0,0,0,0,0,0,0,0,0,0,0,0,0,0,0,0,0,0,0,0,0,0,0,0,0,0,0,0,0,0,0,0,0,0,0,0,0,0,0,0,0,0,0,0,0,0
2,0,0,0,0,0,0,0,0,0,0,0,0,0,0,0,0,0,0,0,0,0,0,0,0,0,0,0,0,0,0,0,0,0,0,0,0,0,0,0,0,0,0,0,0,0,0,0,0,0,0,0,0,0,0,0,0,0,0,0,0,0,0,0,0,0,0,0,0,0,0,0,0,0,0,0,0,0,0,0,0,0,0,0,0,0,0,0,0,0,0,0,0,0,0,0,0,0,0,0,0,0,0,0,0,0,0,0,0,0,0,0,0,0,0,0,0,0,0,0,0,0,0,0,0,0,13,92,216,253,153,13,0,0,0,0,0,0,0,0,0,0,0,0,0,0,0,0,0,0,0,0,0,45,194,253,252,252,252,188,0,0,0,0,0,0,0,0,0,0,0,0,0,0,0,0,0,0,0,0,57,215,252,244,168,196,252,225,0,0,0,0,0,0,0,0,0,0,0,0,0,0,0,0,0,0,0,76,243,252,252,125,0,85,252,225,0,0,0,0,0,0,0,0,0,0,0,0,0,0,0,0,19,7,63,255,253,194,113,0,0,198,253,214,0,0,0,0,0,0,0,0,0,0,0,0,0,0,0,19,225,187,206,253,240,43,0,0,0,197,252,113,0,0,0,0,0,0,0,0,0,0,0,0,0,0,0,19,224,252,252,244,81,0,0,0,82,240,252,25,0,0,0,0,0,0,0,0,0,0,0,0,0,0,0,0,44,139,139,25,0,0,0,26,243,252,151,0,0,0,0,0,0,0,0,0,0,0,0,0,0,0,0,0,0,0,0,0,0,0,0,104,253,244,25,0,0,0,0,0,0,0,0,0,0,0,0,0,0,0,0,0,0,0,0,0,0,0,26,253,252,93,0,0,0,0,0,0,0,0,0,0,0,0,0,0,0,0,0,0,0,0,0,0,0,0,150,253,233,37,0,0,0,0,0,0,0,0,0,0,0,0,0,0,0,0,0,0,0,0,0,0,0,38,237,241,59,0,0,0,0,0,0,0,0,0,0,0,0,0,0,0,0,0,0,0,0,0,0,0,45,229,241,101,0,0,0,0,0,0,0,0,0,0,0,0,0,0,0,0,0,0,0,0,0,0,0,19,225,252,65,0,0,0,0,0,0,0,0,0,0,0,0,0,0,0,0,0,0,0,0,0,0,0,0,117,252,186,19,0,0,0,0,0,0,0,0,0,57,172,22,0,0,0,0,0,0,0,0,0,0,0,0,191,227,31,0,0,0,0,0,0,0,89,163,226,243,252,28,0,0,0,0,0,0,0,0,0,0,0,63,254,197,0,0,0,0,10,79,154,253,253,253,251,200,76,0,0,0,0,0,0,0,0,0,0,0,0,113,253,234,131,57,70,169,197,252,253,252,208,96,75,0,0,0,0,0,0,0,0,0,0,0,0,0,0,76,253,252,252,252,253,252,252,252,206,142,13,0,0,0,0,0,0,0,0,0,0,0,0,0,0,0,0,0,91,165,202,252,241,139,139,40,13,0,0,0,0,0,0,0,0,0,0,0,0,0,0,0,0,0,0,0,0,0,0,0,0,0,0,0,0,0,0,0,0,0,0,0,0,0,0,0,0,0,0,0,0,0,0,0,0,0,0,0,0,0,0,0,0,0,0,0,0,0,0,0,0,0,0,0,0,0,0,0,0,0,0,0,0,0,0,0,0,0,0,0,0,0,0,0,0,0,0,0,0,0,0,0,0,0,0,0,0,0,0,0,0,0,0,0,0,0,0,0,0,0,0,0,0,0,0,0,0,0
5,0,0,0,0,0,0,0,0,0,0,0,0,0,0,0,0,0,0,0,0,0,0,0,0,0,0,0,0,0,0,0,0,0,0,0,0,0,0,0,0,0,0,0,0,0,0,0,0,0,0,0,0,0,0,0,0,0,0,0,0,0,0,0,0,0,0,0,0,0,0,0,0,0,0,0,0,0,0,0,0,0,0,0,0,0,0,0,0,0,0,0,0,0,0,0,0,0,0,0,0,0,0,0,0,0,0,0,0,0,0,0,0,0,0,0,0,0,0,0,0,0,0,0,0,0,0,0,0,0,0,0,0,0,0,0,0,0,0,0,0,0,0,0,0,0,0,0,0,0,99,108,0,0,0,0,0,0,63,0,63,0,0,0,0,0,0,0,0,0,0,0,0,0,0,0,0,63,242,148,0,63,176,217,218,217,237,217,238,217,217,134,73,73,21,0,0,0,0,0,0,0,0,0,0,73,252,252,181,242,252,252,253,252,252,252,253,252,252,252,253,220,61,0,0,0,0,0,0,0,0,0,0,73,252,252,252,252,252,252,253,252,252,252,253,252,252,252,191,15,0,0,0,0,0,0,0,0,0,0,0,73,252,252,252,252,252,108,191,252,174,143,83,42,123,0,0,0,0,0,0,0,0,0,0,0,0,0,0,73,252,252,252,189,158,15,15,35,10,0,0,0,0,0,0,0,0,0,0,0,0,0,0,0,0,0,0,73,252,252,252,35,0,0,0,0,0,0,0,0,0,0,0,0,0,0,0,0,0,0,0,0,0,0,0,73,252,252,252,159,144,144,84,0,0,0,0,0,0,0,0,0,0,0,0,0,0,0,0,0,0,0,0,0,182,253,253,253,253,253,255,211,31,0,0,0,0,0,0,0,0,0,0,0,0,0,0,0,0,0,0,0,46,221,252,252,252,252,253,252,113,0,0,0,0,0,0,0,0,0,0,0,0,0,0,0,0,0,0,0,0,41,215,247,252,252,253,252,241,78,0,0,0,0,0,0,0,0,0,0,0,0,0,0,0,0,0,0,0,0,0,93,108,108,253,252,252,108,0,0,0,0,0,0,0,0,0,0,0,0,0,0,0,0,0,63,0,0,0,0,0,0,63,238,253,253,0,0,0,0,0,0,0,0,0,0,0,0,0,0,0,0,0,207,114,31,0,0,0,0,94,247,252,252,0,0,0,0,0,0,0,0,0,0,0,0,0,0,0,0,0,196,252,211,21,0,0,0,129,252,252,252,0,0,0,0,0,0,0,0,0,0,0,0,0,0,0,0,0,73,252,252,205,144,144,144,253,252,252,252,0,0,0,0,0,0,0,0,0,0,0,0,0,0,0,0,0,42,222,253,253,253,253,253,255,253,237,62,0,0,0,0,0,0,0,0,0,0,0,0,0,0,0,0,0,0,129,221,252,252,252,252,253,252,174,0,0,0,0,0,0,0,0,0,0,0,0,0,0,0,0,0,0,0,0,125,215,247,252,252,237,215,61,0,0,0,0,0,0,0,0,0,0,0,0,0,0,0,0,0,0,0,0,0,0,217,231,108,62,0,0,0,0,0,0,0,0,0,0,0,0,0,0,0,0,0,0,0,0,0,0,0,0,0,0,0,0,0,0,0,0,0,0,0,0,0,0,0,0,0,0,0,0,0,0,0,0,0,0,0,0,0,0,0,0,0,0,0,0,0,0,0,0,0,0,0,0,0,0,0,0,0,0,0,0,0,0,0,0,0,0,0,0,0,0,0,0,0,0,0,0,0,0,0,0
6,0,0,0,0,0,0,0,0,0,0,0,0,0,0,0,0,0,0,0,0,0,0,0,0,0,0,0,0,0,0,0,0,0,0,0,0,0,0,0,0,0,0,0,0,0,0,0,0,0,0,0,0,0,0,0,0,0,0,0,0,0,0,0,0,0,0,0,0,0,0,0,0,0,0,0,0,0,0,0,0,0,0,0,0,0,0,0,0,0,0,0,0,0,0,0,0,0,0,0,218,253,253,145,0,0,0,0,0,0,0,0,0,0,0,0,0,0,0,0,0,0,0,0,0,0,42,218,247,252,252,144,0,0,0,0,0,0,0,0,0,0,0,0,0,0,0,0,0,0,0,0,11,140,221,253,252,246,132,41,0,0,0,0,0,0,0,0,0,0,0,0,0,0,0,0,0,0,0,63,175,252,252,253,252,215,0,0,0,0,0,0,0,0,0,0,0,0,0,0,0,0,0,0,0,0,63,252,252,252,252,253,118,0,0,0,0,0,0,0,0,0,0,0,0,0,0,0,0,0,0,0,0,32,237,252,252,252,210,35,5,0,0,0,0,0,0,0,0,0,0,0,0,0,0,0,0,0,0,0,0,140,252,252,252,205,31,0,0,0,0,0,0,0,0,0,0,0,0,0,0,0,0,0,0,0,0,0,42,221,252,252,210,31,0,0,0,0,0,0,0,0,0,0,0,0,0,0,0,0,0,0,0,0,0,47,233,253,253,253,253,253,253,255,128,109,109,63,0,0,0,0,0,0,0,0,0,0,0,0,0,0,0,109,252,252,252,252,252,252,252,253,252,252,252,238,175,63,0,0,0,0,0,0,0,0,0,0,0,0,0,129,252,252,252,252,252,252,252,253,252,252,252,253,252,241,181,37,5,0,0,0,0,0,0,0,0,0,0,253,252,252,252,252,252,252,252,253,252,252,252,253,252,252,252,253,119,0,0,0,0,0,0,0,0,0,0,255,253,253,253,191,253,253,253,208,20,21,144,145,238,253,253,255,253,133,0,0,0,0,0,0,0,0,0,253,252,252,252,15,77,76,35,20,0,0,0,0,30,149,252,253,252,247,93,0,0,0,0,0,0,0,0,232,252,252,252,181,46,0,0,0,0,0,0,0,0,11,154,253,252,252,108,0,0,0,0,0,0,0,0,109,252,252,252,252,221,41,0,0,0,0,0,0,0,0,84,253,252,252,108,0,0,0,0,0,0,0,0,0,156,253,253,253,253,253,253,255,211,109,109,110,109,212,253,255,253,253,108,0,0,0,0,0,0,0,0,0,10,138,221,252,252,252,252,253,252,252,252,253,252,252,252,253,252,179,15,0,0,0,0,0,0,0,0,0,0,0,41,215,226,252,252,253,252,252,252,253,252,252,252,217,91,20,0,0,0,0,0,0,0,0,0,0,0,0,0,0,31,108,108,108,232,252,252,253,252,148,108,0,0,0,0,0,0,0,0,0,0,0,0,0,0,0,0,0,0,0,0,0,0,0,0,0,0,0,0,0,0,0,0,0,0,0,0,0,0,0,0,0,0,0,0,0,0,0,0,0,0,0,0,0,0,0,0,0,0,0,0,0,0,0,0,0,0,0,0,0,0,0,0,0,0,0,0,0,0,0,0,0,0,0,0,0,0,0,0,0,0,0,0,0,0,0,0,0,0,0,0,0,0,0,0,0,0,0,0,0,0,0,0,0,0,0,0,0,0,0,0,0,0,0,0,0,0,0,0,0,0,0,0,0,0,0,0,0,0,0,0,0,0,0,0,0,0
5,0,0,0,0,0,0,0,0,0,0,0,0,0,0,0,0,0,0,0,0,0,0,0,0,0,0,0,0,0,0,0,0,0,0,0,0,0,0,0,0,0,0,0,0,0,0,0,0,0,0,0,0,0,0,0,0,0,0,0,0,0,0,0,0,0,0,0,0,0,0,0,0,0,0,0,0,0,0,0,0,0,0,0,0,0,0,0,0,0,0,0,0,0,0,0,0,0,0,0,0,0,0,0,0,0,0,0,0,0,0,0,0,0,0,0,0,0,0,0,0,0,0,0,0,0,0,0,36,105,94,79,158,222,255,254,150,0,0,0,0,0,0,0,0,0,0,0,0,0,0,0,0,0,3,128,239,254,254,227,221,128,115,108,59,0,0,0,0,0,0,0,0,0,0,0,0,0,0,0,0,0,6,163,167,85,67,5,0,0,0,0,0,0,0,0,0,0,0,0,0,0,0,0,0,0,0,0,0,0,0,176,109,0,0,0,0,0,0,0,0,0,0,0,0,0,0,0,0,0,0,0,0,0,0,0,0,0,26,242,101,0,0,0,0,0,0,0,0,0,0,0,0,0,0,0,0,0,0,0,0,0,0,0,0,0,184,195,4,0,0,0,0,0,0,0,0,0,0,0,0,0,0,0,0,0,0,0,0,0,0,0,0,32,236,80,0,0,0,0,0,0,0,0,0,0,0,0,0,0,0,0,0,0,0,0,0,0,0,0,0,140,252,71,0,0,0,0,0,0,0,0,0,0,0,0,0,0,0,0,0,0,0,0,0,0,0,0,0,245,203,0,0,0,0,0,0,0,0,0,0,0,0,0,0,0,0,0,0,0,0,0,0,0,0,5,150,253,48,0,0,0,0,0,0,0,0,0,0,0,0,0,0,0,0,0,0,0,0,0,0,0,0,25,254,205,20,15,15,9,0,0,0,0,0,0,0,0,0,0,0,0,0,0,0,0,0,0,0,0,0,119,254,206,240,254,254,176,25,0,0,0,0,0,0,0,0,0,0,0,0,0,0,0,0,0,0,0,22,230,254,254,137,79,97,229,183,20,0,0,0,0,0,0,0,0,0,0,0,0,0,0,0,0,0,0,87,246,214,56,9,0,0,35,254,154,0,0,0,0,0,0,0,0,0,0,0,0,0,0,0,0,0,0,74,181,51,0,0,0,0,15,254,210,0,0,0,0,0,0,0,0,0,0,0,0,0,0,0,0,5,25,0,0,0,0,0,0,0,66,254,109,0,0,0,0,0,0,0,0,0,0,0,0,0,0,0,0,29,233,5,0,0,0,0,0,21,204,252,18,0,0,0,0,0,0,0,0,0,0,0,0,0,0,0,0,29,254,177,10,0,0,0,22,209,250,94,0,0,0,0,0,0,0,0,0,0,0,0,0,0,0,0,0,4,133,253,230,156,129,173,235,247,134,0,0,0,0,0,0,0,0,0,0,0,0,0,0,0,0,0,0,0,0,83,239,254,254,254,223,92,0,0,0,0,0,0,0,0,0,0,0,0,0,0,0,0,0,0,0,0,0,0,0,0,0,0,0,0,0,0,0,0,0,0,0,0,0,0,0,0,0,0,0,0,0,0,0,0,0,0,0,0,0,0,0,0,0,0,0,0,0,0,0,0,0,0,0,0,0,0,0,0,0,0,0,0,0,0,0,0,0,0,0,0,0,0,0,0,0,0,0,0,0,0,0,0,0,0,0,0,0,0,0,0,0,0,0,0,0,0,0,0,0,0,0,0,0,0,0,0,0,0,0,0
0,0,0,0,0,0,0,0,0,0,0,0,0,0,0,0,0,0,0,0,0,0,0,0,0,0,0,0,0,0,0,0,0,0,0,0,0,0,0,0,0,0,0,0,0,0,0,0,0,0,0,0,0,0,0,0,0,0,0,0,0,0,0,0,0,0,0,0,0,0,0,0,0,0,0,0,0,0,0,0,0,0,0,0,0,0,0,0,0,0,0,0,0,0,0,0,0,0,0,0,0,0,0,0,0,0,0,0,0,0,0,0,0,0,0,0,0,0,0,0,0,0,0,0,0,0,0,0,0,0,0,0,0,0,0,0,0,0,0,0,0,0,0,0,0,0,0,0,0,0,0,0,0,47,81,97,59,127,171,254,209,59,18,0,0,0,0,0,0,0,0,0,0,0,0,0,0,0,0,0,149,220,230,254,253,253,253,253,254,253,196,17,0,0,0,0,0,0,0,0,0,0,0,0,0,0,0,112,229,253,253,254,253,253,253,253,254,253,253,146,0,0,0,0,0,0,0,0,0,0,0,0,0,16,123,250,253,253,253,254,174,117,117,117,148,253,253,219,9,0,0,0,0,0,0,0,0,0,0,0,0,173,254,253,253,253,253,133,9,0,0,0,36,238,253,253,58,0,0,0,0,0,0,0,0,0,0,0,123,254,255,254,254,254,171,0,0,0,0,0,0,215,254,254,58,0,0,0,0,0,0,0,0,0,0,7,235,253,254,253,253,212,9,0,0,0,0,0,0,87,253,253,58,0,0,0,0,0,0,0,0,0,0,146,253,253,145,226,253,87,0,0,0,0,0,0,0,20,253,253,58,0,0,0,0,0,0,0,0,0,19,247,253,253,121,139,165,2,0,0,0,0,0,0,0,73,253,253,58,0,0,0,0,0,0,0,0,0,58,253,253,139,0,95,48,0,0,0,0,0,0,0,0,118,253,253,58,0,0,0,0,0,0,0,0,0,140,254,254,96,0,0,0,0,0,0,0,0,0,0,0,215,254,229,23,0,0,0,0,0,0,0,0,28,232,253,253,58,0,0,0,0,0,0,0,0,0,0,28,232,253,176,0,0,0,0,0,0,0,0,0,59,253,253,165,18,0,0,0,0,0,0,0,0,0,0,89,253,253,183,0,0,0,0,0,0,0,0,0,59,253,253,19,0,0,0,0,0,0,0,0,0,0,16,246,253,240,61,0,0,0,0,0,0,0,0,0,59,253,253,57,0,0,0,0,0,0,0,0,0,0,135,254,253,137,0,0,0,0,0,0,0,0,0,0,0,215,254,148,14,0,0,0,0,0,0,0,109,246,254,241,202,0,0,0,0,0,0,0,0,0,0,0,0,207,253,253,111,20,19,0,4,20,80,80,211,253,207,105,15,0,0,0,0,0,0,0,0,0,0,0,0,50,253,253,253,254,247,175,150,253,254,253,253,253,88,0,0,0,0,0,0,0,0,0,0,0,0,0,0,9,184,250,253,254,253,253,253,253,254,253,165,57,5,0,0,0,0,0,0,0,0,0,0,0,0,0,0,0,0,107,230,254,253,253,215,215,96,58,18,0,0,0,0,0,0,0,0,0,0,0,0,0,0,0,0,0,0,0,0,0,0,0,0,0,0,0,0,0,0,0,0,0,0,0,0,0,0,0,0,0,0,0,0,0,0,0,0,0,0,0,0,0,0,0,0,0,0,0,0,0,0,0,0,0,0,0,0,0,0,0,0,0,0,0,0,0,0,0,0,0,0,0,0,0,0,0,0,0,0,0,0,0,0,0
9,0,0,0,0,0,0,0,0,0,0,0,0,0,0,0,0,0,0,0,0,0,0,0,0,0,0,0,0,0,0,0,0,0,0,0,0,0,0,0,0,0,0,0,0,0,0,0,0,0,0,0,0,0,0,0,0,0,0,0,0,0,0,0,0,0,0,0,0,0,0,0,0,0,0,0,0,0,0,0,0,0,0,0,0,0,0,0,0,0,0,0,0,0,0,0,0,0,0,0,0,0,0,0,0,0,0,0,0,0,0,0,0,0,0,0,0,0,0,0,0,0,0,0,0,0,0,0,0,0,0,0,0,0,0,0,0,0,0,0,0,0,0,0,0,0,0,0,0,0,0,0,0,0,0,0,0,0,0,0,0,0,0,0,0,0,0,0,0,0,0,0,0,0,0,0,0,0,0,0,0,0,29,141,198,255,226,86,0,0,0,0,0,0,0,0,0,0,0,0,0,0,0,0,0,0,0,0,0,86,255,255,226,170,198,170,0,0,0,0,0,0,0,0,0,0,0,0,0,0,0,0,0,0,0,0,114,255,226,57,0,0,141,226,0,0,0,0,0,0,0,0,0,0,0,0,0,0,0,0,0,0,0,114,255,198,29,0,0,29,226,170,0,0,0,0,0,0,0,0,0,0,0,0,0,0,0,0,0,0,57,226,226,29,0,0,0,114,255,226,57,0,0,0,0,0,0,0,0,0,0,0,0,0,0,0,0,0,170,255,29,0,0,0,86,226,141,255,141,0,0,0,0,0,0,0,0,0,0,0,0,0,0,0,0,57,255,170,0,0,0,57,255,57,86,255,86,0,0,0,0,0,0,0,0,0,0,0,0,0,0,0,0,141,255,114,0,0,0,170,141,0,114,255,86,0,0,0,0,0,0,0,0,0,0,0,0,0,0,0,0,170,255,0,0,0,0,86,0,0,198,255,0,0,0,0,0,0,0,0,0,0,0,0,0,0,0,0,0,170,255,0,0,0,0,0,0,114,255,255,0,0,0,0,0,0,0,0,0,0,0,0,0,0,0,0,0,141,255,29,0,0,0,29,141,255,198,255,0,0,0,0,0,0,0,0,0,0,0,0,0,0,0,0,0,86,255,226,114,86,170,255,255,86,86,255,0,0,0,0,0,0,0,0,0,0,0,0,0,0,0,0,0,0,170,255,255,255,255,170,57,0,198,226,0,0,0,0,0,0,0,0,0,0,0,0,0,0,0,0,0,0,0,29,86,57,0,0,0,29,255,170,0,0,0,0,0,0,0,0,0,0,0,0,0,0,0,0,0,0,0,0,0,0,0,0,0,29,255,170,0,0,0,0,0,0,0,0,0,0,0,0,0,0,0,0,0,0,0,0,0,0,0,0,0,86,255,170,0,0,0,0,0,0,0,0,0,0,0,0,0,0,0,0,0,0,0,0,0,0,0,0,0,86,255,170,0,0,0,0,0,0,0,0,0,0,0,0,0,0,0,0,0,0,0,0,0,0,0,0,0,86,255,170,0,0,0,0,0,0,0,0,0,0,0,0,0,0,0,0,0,0,0,0,0,0,0,0,0,29,255,170,0,0,0,0,0,0,0,0,0,0,0,0,0,0,0,0,0,0,0,0,0,0,0,0,0,0,170,114,0,0,0,0,0,0,0,0,0,0,0,0,0,0,0,0,0,0,0,0,0,0,0,0,0,0,0,0,0,0,0,0,0,0,0,0,0,0,0,0,0,0,0,0,0,0,0,0,0,0,0,0,0,0,0,0,0,0,0,0,0,0,0,0,0
2,0,0,0,0,0,0,0,0,0,0,0,0,0,0,0,0,0,0,0,0,0,0,0,0,0,0,0,0,0,0,0,0,0,0,0,0,0,0,0,0,0,0,0,0,0,0,0,0,0,0,0,0,0,0,0,0,0,0,0,0,0,0,0,0,0,0,0,0,0,0,0,0,0,0,0,0,0,0,0,0,0,0,0,0,0,0,0,0,0,0,0,0,0,0,0,0,0,0,0,0,0,0,0,0,0,0,0,0,0,0,0,0,0,0,0,0,0,0,0,0,0,71,188,254,254,254,254,255,176,118,6,0,0,0,0,0,0,0,0,0,0,0,0,0,0,0,0,0,32,245,253,253,253,253,253,253,253,253,235,115,73,0,0,0,0,0,0,0,0,0,0,0,0,0,0,47,219,253,253,253,253,253,253,253,253,253,253,253,243,104,0,0,0,0,0,0,0,0,0,0,0,0,0,56,253,250,198,64,61,61,61,76,198,225,253,253,253,221,21,0,0,0,0,0,0,0,0,0,0,0,0,18,101,132,0,0,0,0,0,0,0,40,151,253,253,253,96,0,0,0,0,0,0,0,0,0,0,0,0,0,0,0,0,0,0,0,0,0,0,0,111,253,253,253,96,0,0,0,0,0,0,0,0,0,0,0,0,0,0,0,0,0,0,0,0,0,0,65,247,253,253,253,96,0,0,0,0,0,0,0,0,0,0,0,0,0,0,0,0,0,0,0,0,0,63,180,253,253,253,213,3,0,0,0,0,0,0,0,0,0,0,0,0,0,0,0,0,0,0,0,0,74,242,253,253,253,197,22,0,0,0,0,0,0,0,0,0,0,0,0,0,0,0,0,0,0,0,19,170,237,253,253,253,193,65,0,0,0,0,0,0,0,0,0,0,0,0,0,0,0,0,0,0,0,92,204,253,253,253,230,149,9,0,0,0,0,0,0,0,0,0,0,0,0,0,0,0,0,0,2,28,162,244,253,253,253,237,116,0,0,0,0,0,0,0,0,0,0,0,0,0,0,0,0,0,2,26,150,253,253,253,253,248,231,47,0,0,0,0,0,0,0,0,0,0,0,0,0,0,0,0,0,0,123,253,253,253,253,253,219,35,0,0,0,0,0,0,0,0,0,0,0,0,0,0,0,0,0,0,40,144,250,253,253,253,152,27,10,0,0,0,0,0,0,0,0,65,104,0,0,0,0,0,0,0,0,146,233,253,253,253,253,253,161,83,83,83,83,83,150,220,220,186,180,241,208,0,0,0,0,0,0,0,0,254,253,253,253,253,253,253,253,253,253,253,253,253,253,253,253,253,253,203,25,0,0,0,0,0,0,0,0,232,253,253,253,253,253,253,253,253,253,253,253,253,253,236,212,178,75,28,0,0,0,0,0,0,0,0,0,44,147,232,237,253,252,232,232,232,232,232,232,229,96,57,0,0,0,0,0,0,0,0,0,0,0,0,0,0,0,0,26,116,110,0,0,0,0,0,0,0,0,0,0,0,0,0,0,0,0,0,0,0,0,0,0,0,0,0,0,0,0,0,0,0,0,0,0,0,0,0,0,0,0,0,0,0,0,0,0,0,0,0,0,0,0,0,0,0,0,0,0,0,0,0,0,0,0,0,0,0,0,0,0,0,0,0,0,0,0,0,0,0,0,0,0,0,0,0,0,0,0,0,0,0,0,0,0,0,0,0,0,0,0,0,0,0,0,0,0,0,0,0,0,0,0,0,0,0,0,0,0,0,0,0,0,0,0,0,0,0,0,0,0
4,0,0,0,0,0,0,0,0,0,0,0,0,0,0,0,0,0,0,0,0,0,0,0,0,0,0,0,0,0,0,0,0,0,0,0,0,0,0,0,0,0,0,0,0,0,0,0,0,0,0,0,0,0,0,0,0,0,0,0,0,0,0,0,0,0,0,0,0,0,0,0,0,0,0,0,0,0,0,0,0,0,0,0,0,0,0,0,0,0,0,0,0,0,0,0,0,0,0,0,0,0,0,0,0,0,0,0,0,0,0,0,0,0,0,0,0,0,0,0,0,0,0,0,0,0,0,0,0,0,0,17,214,169,37,0,0,0,0,0,0,0,0,0,0,0,0,0,0,0,0,0,0,0,0,0,0,0,0,47,254,254,154,0,0,0,0,0,0,0,0,0,0,0,0,0,0,19,7,0,0,0,0,0,0,0,0,148,254,254,53,0,0,0,0,0,0,0,0,0,0,0,0,0,87,213,197,9,0,0,0,0,0,0,4,178,254,236,38,0,0,0,0,0,0,0,0,0,0,0,0,19,213,254,254,11,0,0,0,0,0,0,54,254,254,189,0,0,0,0,0,0,0,0,0,0,0,0,16,193,254,254,254,11,0,0,0,0,0,0,131,254,254,189,0,0,0,0,0,0,0,0,0,0,0,0,36,254,254,254,94,1,0,0,0,0,0,0,245,254,254,130,0,0,0,0,0,0,0,0,0,0,0,0,103,254,254,204,13,0,0,0,0,0,0,0,250,254,254,71,0,0,0,0,0,0,0,0,0,0,0,0,154,254,254,165,0,0,0,0,0,0,0,0,250,254,254,71,0,0,0,0,0,0,0,0,0,0,0,0,154,254,254,110,0,0,0,0,0,0,0,27,251,255,221,22,0,0,0,0,0,0,0,0,0,0,0,0,64,254,254,165,0,0,0,0,0,0,0,114,254,254,221,109,140,119,0,0,0,0,0,0,0,0,0,0,23,224,254,240,109,5,0,0,0,0,0,157,254,254,254,254,254,110,0,0,0,0,0,0,0,0,0,0,0,16,143,254,254,233,221,132,232,196,114,242,254,254,254,254,127,4,0,0,0,0,0,0,0,0,0,0,0,0,2,103,174,248,254,254,254,254,254,254,254,254,224,94,1,0,0,0,0,0,0,0,0,0,0,0,0,0,0,0,0,53,118,225,225,225,225,252,254,255,89,0,0,0,0,0,0,0,0,0,0,0,0,0,0,0,0,0,0,0,0,0,0,0,0,232,254,249,72,0,0,0,0,0,0,0,0,0,0,0,0,0,0,0,0,0,0,0,0,0,0,0,0,232,254,232,23,0,0,0,0,0,0,0,0,0,0,0,0,0,0,0,0,0,0,0,0,0,0,0,0,137,254,254,89,0,0,0,0,0,0,0,0,0,0,0,0,0,0,0,0,0,0,0,0,0,0,0,0,69,253,254,135,0,0,0,0,0,0,0,0,0,0,0,0,0,0,0,0,0,0,0,0,0,0,0,0,0,194,254,151,0,0,0,0,0,0,0,0,0,0,0,0,0,0,0,0,0,0,0,0,0,0,0,0,0,0,0,0,0,0,0,0,0,0,0,0,0,0,0,0,0,0,0,0,0,0,0,0,0,0,0,0,0,0,0,0,0,0,0,0,0,0,0,0,0,0,0,0,0,0,0,0,0,0,0,0,0,0,0,0,0,0,0,0,0,0,0,0,0,0,0,0,0,0,0,0,0,0,0,0,0,0,0,0,0,0,0,0,0,0,0,0,0,0,0,0,0,0,0,0
3,0,0,0,0,0,0,0,0,0,0,0,0,0,0,0,0,0,0,0,0,0,0,0,0,0,0,0,0,0,0,0,0,0,0,0,0,0,0,0,0,0,0,0,0,0,0,0,0,0,0,0,0,0,0,0,0,0,0,0,0,0,0,0,0,0,0,0,0,0,0,0,0,0,0,0,0,0,0,0,0,0,0,0,0,0,0,0,0,0,0,0,0,0,0,47,130,176,254,189,228,64,0,0,0,0,0,0,0,0,0,0,0,0,0,0,0,0,0,0,0,0,53,241,253,253,253,253,254,249,33,0,0,0,0,0,0,0,0,0,0,0,0,0,0,0,0,0,0,10,204,217,127,94,127,94,254,253,36,0,0,0,0,0,0,0,0,0,0,0,0,0,0,0,0,0,0,11,209,71,0,0,0,0,254,253,36,0,0,0,0,0,0,0,0,0,0,0,0,0,0,0,0,0,0,0,0,0,0,0,0,0,254,233,23,0,0,0,0,0,0,0,0,0,0,0,0,0,0,0,0,0,0,0,0,0,0,0,6,170,255,83,0,0,0,0,0,0,0,0,0,0,0,0,0,0,0,0,0,0,0,0,0,0,0,8,102,253,238,14,0,0,0,0,0,0,0,0,0,0,0,0,0,0,0,0,0,0,0,0,0,0,21,132,253,240,26,0,0,0,0,0,0,0,0,0,0,0,0,0,0,0,0,0,0,0,0,0,0,32,224,253,253,201,14,0,0,0,0,0,0,0,0,0,0,0,0,0,0,0,0,0,0,0,0,0,0,137,253,253,253,253,233,97,13,0,0,0,0,0,0,0,0,0,0,0,0,0,0,0,0,0,0,0,0,85,97,13,0,66,228,254,143,61,0,0,0,0,0,0,0,0,0,0,0,0,0,0,0,0,0,0,0,0,0,0,0,0,12,198,253,239,42,0,0,0,0,0,0,0,0,0,0,0,0,0,0,0,0,0,0,63,9,0,0,0,0,8,196,253,227,14,0,0,0,0,0,0,0,0,0,0,0,0,0,0,0,0,111,196,4,0,0,0,0,0,8,210,253,193,14,0,0,0,0,0,0,0,0,0,0,0,0,0,0,40,207,117,0,0,0,0,0,0,0,167,253,254,108,0,0,0,0,0,0,0,0,0,0,0,0,0,0,110,254,92,0,0,0,0,0,0,0,110,254,255,109,0,0,0,0,0,0,0,0,0,0,0,0,0,0,109,253,190,4,0,0,0,0,0,0,128,253,254,108,0,0,0,0,0,0,0,0,0,0,0,0,0,0,109,253,254,148,6,0,0,11,56,128,226,253,204,22,0,0,0,0,0,0,0,0,0,0,0,0,0,0,24,190,254,253,161,116,199,215,253,253,251,235,52,0,0,0,0,0,0,0,0,0,0,0,0,0,0,0,0,26,189,253,253,253,253,254,253,253,105,0,0,0,0,0,0,0,0,0,0,0,0,0,0,0,0,0,0,0,0,0,0,0,0,0,0,0,0,0,0,0,0,0,0,0,0,0,0,0,0,0,0,0,0,0,0,0,0,0,0,0,0,0,0,0,0,0,0,0,0,0,0,0,0,0,0,0,0,0,0,0,0,0,0,0,0,0,0,0,0,0,0,0,0,0,0,0,0,0,0,0,0,0,0,0,0,0,0,0,0,0,0,0,0,0,0,0,0,0,0,0,0,0,0,0,0,0,0,0,0,0,0,0,0,0,0,0,0,0,0,0,0,0,0,0,0,0,0,0,0,0,0,0,0,0,0,0,0,0
3,0,0,0,0,0,0,0,0,0,0,0,0,0,0,0,0,0,0,0,0,0,0,0,0,0,0,0,0,0,0,0,0,0,0,0,0,0,0,0,0,0,0,0,0,0,0,0,0,0,0,0,0,0,0,0,0,0,0,0,0,0,0,0,0,0,0,0,0,0,0,0,0,0,0,0,0,0,0,0,0,0,0,0,0,0,0,0,0,0,0,0,0,0,0,0,0,0,0,0,0,0,0,0,0,0,0,0,0,0,0,0,0,0,0,0,0,0,0,0,0,0,0,0,0,0,0,0,0,0,0,0,0,0,0,0,0,0,0,0,0,0,0,0,0,0,0,0,0,0,0,0,0,0,0,0,0,0,0,0,0,0,0,0,0,0,0,0,0,0,0,0,0,0,0,0,0,0,0,0,0,0,0,90,255,191,142,0,0,0,0,0,0,0,0,0,0,0,0,0,0,0,0,0,0,6,95,125,208,188,145,205,189,189,250,40,0,0,0,0,0,0,0,0,0,0,0,0,0,0,0,0,0,11,200,254,240,140,229,226,56,94,197,101,0,0,0,0,0,0,0,0,0,0,0,0,0,0,0,0,0,0,19,160,62,75,144,21,0,169,254,130,0,0,0,0,0,0,0,0,0,0,0,0,0,0,0,0,0,0,0,0,0,0,0,0,48,214,218,37,0,0,0,0,0,0,0,0,0,0,0,0,0,0,0,0,0,0,0,0,0,0,0,47,161,252,75,0,0,0,0,0,0,0,0,0,0,0,0,0,0,0,0,0,0,0,0,0,0,0,0,150,152,110,0,0,0,0,0,0,0,0,0,0,0,0,0,0,0,0,0,0,0,0,0,0,0,0,127,203,153,0,0,0,0,0,0,0,0,0,0,0,0,0,0,0,0,0,0,0,0,0,0,0,0,75,241,68,4,0,0,0,0,0,0,0,0,0,0,0,0,0,0,0,0,0,0,0,0,0,0,0,64,241,177,0,0,0,0,0,0,0,0,0,0,0,0,0,0,0,0,0,0,0,0,0,0,0,0,0,63,233,226,47,19,0,0,0,0,0,0,0,0,0,0,0,0,0,0,0,0,0,0,0,0,0,0,0,0,41,218,236,219,132,48,1,0,0,0,0,0,0,0,0,0,0,0,0,0,0,0,0,0,0,0,0,0,0,0,0,68,161,254,10,0,0,0,0,0,0,0,0,0,0,0,0,0,0,0,0,0,0,0,0,0,0,0,0,0,2,137,126,0,0,0,0,0,0,0,0,0,0,0,0,0,0,0,0,0,0,0,0,0,0,0,0,0,0,167,187,0,0,0,0,0,0,0,0,0,0,0,0,0,0,0,0,0,0,0,0,0,0,0,0,0,55,246,55,0,0,0,0,0,0,0,0,0,0,0,0,0,0,0,0,0,0,0,0,0,0,0,0,10,207,138,2,0,0,0,0,0,0,0,0,0,0,0,0,0,0,0,0,0,0,0,0,0,0,0,13,137,242,46,0,0,0,0,0,0,0,0,0,0,0,0,0,0,0,0,0,0,0,71,99,103,103,150,221,253,89,0,0,0,0,0,0,0,0,0,0,0,0,0,0,0,0,0,0,0,0,27,82,158,233,243,211,91,0,0,0,0,0,0,0,0,0,0,0,0,0,0,0,0,0,0,0,0,0,0,0,0,0,0,0,0,0,0,0,0,0,0,0,0,0,0,0,0,0,0,0,0,0,0,0,0,0,0,0,0,0,0,0,0,0,0,0,0,0,0,0,0,0,0,0,0
9,0,0,0,0,0,0,0,0,0,0,0,0,0,0,0,0,0,0,0,0,0,0,0,0,0,0,0,0,0,0,0,0,0,0,0,0,0,0,0,0,0,0,0,0,0,0,0,0,0,0,0,0,0,0,0,0,0,0,0,0,0,0,0,0,0,0,0,0,0,0,0,0,0,0,0,0,0,0,0,0,0,0,0,0,0,0,0,0,0,0,0,0,0,0,0,0,0,0,0,0,0,0,0,0,0,0,0,0,0,0,0,0,0,0,0,0,0,0,0,0,0,0,0,0,0,0,0,0,0,0,0,0,0,0,0,0,0,0,0,0,0,0,0,0,0,0,0,0,0,0,0,0,0,0,0,0,0,0,0,0,0,0,0,0,0,0,0,0,0,0,0,0,0,0,0,0,0,0,0,0,0,55,137,221,233,75,0,0,0,0,0,0,0,0,0,0,0,0,0,0,0,0,0,0,0,0,66,164,246,251,255,254,254,137,0,0,0,0,0,0,0,0,0,0,0,0,0,0,0,0,0,0,0,42,232,254,254,211,212,254,254,232,21,0,0,0,0,0,0,0,0,0,0,0,0,0,0,0,0,0,10,211,254,254,119,8,8,198,254,254,53,0,0,0,0,0,0,0,0,0,0,0,0,0,0,0,0,0,165,254,249,137,10,0,0,83,254,254,123,0,0,0,0,0,0,0,0,0,0,0,0,0,0,0,0,0,207,254,154,0,0,0,0,37,246,254,195,0,0,0,0,0,0,0,0,0,0,0,0,0,0,0,0,0,58,249,221,28,0,0,0,0,237,254,170,0,0,0,0,0,0,0,0,0,0,0,0,0,0,0,0,0,0,138,254,98,0,0,0,60,250,254,117,0,0,0,0,0,0,0,0,0,0,0,0,0,0,0,0,0,0,10,213,225,121,36,98,194,254,182,10,0,0,0,0,0,0,0,0,0,0,0,0,0,0,0,0,0,0,0,45,233,254,254,254,254,254,114,0,0,0,0,0,0,0,0,0,0,0,0,0,0,0,0,0,0,0,0,0,0,67,145,89,134,254,114,0,0,0,0,0,0,0,0,0,0,0,0,0,0,0,0,0,0,0,0,0,0,0,0,0,71,254,114,0,0,0,0,0,0,0,0,0,0,0,0,0,0,0,0,0,0,0,0,0,0,0,0,0,71,254,114,0,0,0,0,0,0,0,0,0,0,0,0,0,0,0,0,0,0,0,0,0,0,0,0,0,71,254,114,0,0,0,0,0,0,0,0,0,0,0,0,0,0,0,0,0,0,0,0,0,0,0,0,0,71,254,114,0,0,0,0,0,0,0,0,0,0,0,0,0,0,0,0,0,0,0,0,0,0,0,0,0,71,254,114,13,0,0,0,0,0,0,0,0,0,0,0,0,0,0,0,0,0,0,0,0,0,0,0,0,71,254,225,220,74,0,0,0,0,0,0,0,0,0,0,0,0,0,0,0,0,0,0,0,0,0,0,0,71,254,254,254,137,0,0,0,0,0,0,0,0,0,0,0,0,0,0,0,0,0,0,0,0,0,0,0,20,238,254,254,185,0,0,0,0,0,0,0,0,0,0,0,0,0,0,0,0,0,0,0,0,0,0,0,0,98,245,193,41,0,0,0,0,0,0,0,0,0,0,0,0,0,0,0,0,0,0,0,0,0,0,0,0,0,0,0,0,0,0,0,0,0,0,0,0,0,0,0,0,0,0,0,0,0,0,0,0,0,0,0,0,0,0,0,0,0,0,0,0,0,0,0,0
7,0,0,0,0,0,0,0,0,0,0,0,0,0,0,0,0,0,0,0,0,0,0,0,0,0,0,0,0,0,0,0,0,0,0,0,0,0,0,0,0,0,0,0,0,0,0,0,0,0,0,0,0,0,0,0,0,0,0,0,0,0,0,0,0,0,0,0,0,0,0,0,0,0,0,0,0,0,0,0,0,0,0,0,0,0,0,0,0,0,0,0,0,0,0,0,0,0,0,0,0,0,0,0,0,0,0,0,0,0,0,0,0,0,0,0,0,0,0,0,0,0,0,0,0,0,0,0,0,0,0,0,0,0,0,0,0,0,0,0,0,0,0,0,0,0,0,0,0,0,0,0,0,0,0,0,0,0,0,0,0,0,0,0,0,0,0,0,0,0,0,0,0,0,0,0,0,0,0,0,0,0,0,0,0,0,0,0,0,0,0,0,0,0,0,0,0,0,0,0,0,0,0,0,0,2,0,0,41,99,159,129,171,160,182,171,143,122,88,36,86,32,0,0,0,0,0,0,0,0,0,0,42,201,80,108,236,254,254,254,254,254,254,254,254,254,254,254,254,170,0,0,0,0,0,0,0,0,1,74,232,254,254,254,254,254,254,254,254,254,254,254,199,254,254,254,254,170,0,0,0,0,0,0,0,0,71,254,254,254,254,254,227,71,111,153,127,137,116,153,178,254,254,254,254,132,0,0,0,0,0,0,0,0,205,254,254,254,254,175,56,0,0,0,0,0,0,12,160,254,254,254,154,1,0,0,0,0,0,0,0,0,255,254,254,208,132,16,0,0,0,0,0,0,6,180,254,254,254,126,2,0,0,0,0,0,0,0,0,0,207,222,110,16,0,0,0,0,0,0,0,32,170,254,254,254,185,7,0,0,0,0,0,0,0,0,0,0,18,0,0,0,0,0,0,0,0,0,33,189,254,254,254,151,21,0,0,0,0,0,0,0,0,0,0,0,0,0,0,0,0,0,0,0,0,33,189,254,254,245,147,4,0,0,0,0,0,0,0,0,0,0,0,0,0,0,0,0,0,0,0,0,7,174,254,254,254,154,0,0,0,0,0,0,0,0,0,0,0,0,0,0,0,0,0,0,0,0,0,22,105,254,254,254,183,28,0,0,0,0,0,0,0,0,0,0,0,0,0,0,0,0,0,0,0,0,0,133,254,254,254,227,28,0,0,0,0,0,0,0,0,0,0,0,0,0,0,0,0,0,0,0,0,6,128,247,254,254,211,39,0,0,0,0,0,0,0,0,0,0,0,0,0,0,0,0,0,0,0,0,0,119,254,254,254,244,69,0,0,0,0,0,0,0,0,0,0,0,0,0,0,0,0,0,0,0,0,0,68,248,254,254,244,78,0,0,0,0,0,0,0,0,0,0,0,0,0,0,0,0,0,0,0,0,0,60,220,254,254,245,78,0,0,0,0,0,0,0,0,0,0,0,0,0,0,0,0,0,0,0,0,0,32,193,254,254,245,77,0,0,0,0,0,0,0,0,0,0,0,0,0,0,0,0,0,0,0,0,0,3,170,254,254,246,130,0,0,0,0,0,0,0,0,0,0,0,0,0,0,0,0,0,0,0,0,0,0,9,254,254,254,175,0,0,0,0,0,0,0,0,0,0,0,0,0,0,0,0,0,0,0,0,0,0,0,1,122,225,156,2,0,0,0,0,0,0,0,0,0,0,0,0,0,0,0,0,0,0,0,0,0,0,0,0,0,0,0,0,0,0,0,0,0,0,0,0,0,0,0,0,0,0,0,0,0
6,0,0,0,0,0,0,0,0,0,0,0,0,0,0,0,0,0,0,0,0,0,0,0,0,0,0,0,0,0,0,0,0,0,0,0,0,0,0,0,0,0,0,0,0,0,0,0,0,0,0,0,0,0,0,0,0,0,0,0,0,0,0,0,0,0,0,0,0,0,126,176,0,0,0,0,0,0,0,0,0,0,0,0,0,0,0,0,0,0,0,0,0,0,0,0,0,57,243,225,0,0,0,0,0,0,0,0,0,0,0,0,0,0,0,0,0,0,0,0,0,0,0,0,0,85,252,187,0,0,0,0,0,0,0,0,0,0,0,0,0,0,0,0,0,0,0,0,0,0,0,0,0,85,252,113,0,0,0,0,0,0,0,0,0,0,0,0,0,0,0,0,0,0,0,0,0,0,0,0,0,85,253,101,0,0,0,0,0,0,0,0,0,0,0,0,0,0,0,0,0,0,0,0,0,0,0,0,0,160,252,0,0,0,0,0,0,0,0,0,0,0,0,0,0,0,0,0,0,0,0,0,0,0,0,0,82,240,252,0,0,0,0,0,0,0,0,0,0,0,0,0,0,0,0,0,0,0,0,0,0,0,0,0,169,252,252,0,0,0,0,0,0,0,0,0,0,0,0,0,0,0,0,0,0,0,0,0,0,0,0,16,216,253,78,0,0,0,0,0,0,0,0,0,0,0,0,0,0,0,0,0,0,0,0,0,0,0,0,104,252,196,9,0,0,0,0,0,0,0,0,0,0,0,0,0,0,0,0,0,0,0,0,0,0,0,0,229,252,168,0,0,0,0,0,0,0,0,0,0,0,0,0,0,0,0,0,0,0,0,0,0,0,0,0,253,252,68,0,0,0,0,0,114,188,225,225,0,0,0,0,0,0,0,0,0,0,0,0,0,0,0,114,255,222,25,0,0,19,117,241,254,234,247,253,0,0,0,0,0,0,0,0,0,0,0,0,0,0,0,113,253,171,0,0,45,225,252,252,197,65,197,252,0,0,0,0,0,0,0,0,0,0,0,0,0,0,0,113,253,84,0,0,229,252,224,68,0,82,240,214,0,0,0,0,0,0,0,0,0,0,0,0,0,0,0,113,253,84,0,0,253,252,118,0,13,206,252,90,0,0,0,0,0,0,0,0,0,0,0,0,0,0,0,51,255,228,44,0,254,253,178,128,254,253,156,0,0,0,0,0,0,0,0,0,0,0,0,0,0,0,0,0,228,252,224,169,253,252,252,252,247,121,19,0,0,0,0,0,0,0,0,0,0,0,0,0,0,0,0,0,44,187,252,252,253,252,252,252,100,0,0,0,0,0,0,0,0,0,0,0,0,0,0,0,0,0,0,0,0,7,65,139,190,139,103,28,0,0,0,0,0,0,0,0,0,0,0,0,0,0,0,0,0,0,0,0,0,0,0,0,0,0,0,0,0,0,0,0,0,0,0,0,0,0,0,0,0,0,0,0,0,0,0,0,0,0,0,0,0,0,0,0,0,0,0,0,0,0,0,0,0,0,0,0,0,0,0,0,0,0,0,0,0,0,0,0,0,0,0,0,0,0,0,0,0,0,0,0,0,0,0,0,0,0,0,0,0,0,0,0,0,0,0,0,0,0,0,0,0,0,0,0,0,0,0,0,0,0,0,0,0,0,0,0,0,0,0,0,0,0,0,0,0,0,0,0,0,0,0,0,0,0,0,0,0,0,0,0,0,0,0,0,0,0,0,0,0,0,0,0,0,0,0,0,0,0,0,0,0,0,0,0,0,0
6,0,0,0,0,0,0,0,0,0,0,0,0,0,0,0,0,0,0,0,0,0,0,0,0,0,0,0,0,0,0,0,0,0,0,0,0,0,0,0,0,0,0,0,0,0,0,0,0,0,0,0,0,0,0,0,0,0,0,0,0,0,0,0,0,0,0,0,0,0,0,0,0,0,0,0,0,0,0,0,0,0,0,0,0,0,0,0,0,0,0,0,0,0,0,0,0,0,0,0,19,64,150,206,255,107,0,0,0,0,0,0,0,0,0,0,0,0,0,0,0,0,0,0,0,0,79,157,219,253,253,253,253,233,0,0,0,0,0,0,0,0,0,0,0,0,0,0,0,0,0,0,39,208,252,253,253,253,253,253,253,175,0,0,0,0,0,0,0,0,0,0,0,0,0,0,0,0,0,88,246,253,253,253,187,111,67,124,228,87,0,0,0,0,0,0,0,0,0,0,0,0,0,0,0,0,130,247,253,253,229,60,4,0,0,145,80,0,0,0,0,0,0,0,0,0,0,0,0,0,0,0,0,88,247,253,249,113,13,0,0,0,0,157,22,0,0,0,0,0,0,0,0,0,0,0,0,0,0,0,39,246,253,253,140,0,0,0,0,0,0,0,0,0,0,0,0,0,0,0,0,0,0,0,0,0,0,0,208,253,253,206,11,0,0,0,0,0,0,0,0,0,0,0,0,0,0,0,0,0,0,0,0,0,0,0,244,253,229,29,0,0,0,0,0,0,0,0,0,0,0,0,0,0,0,0,0,0,0,0,0,0,0,39,248,253,124,0,0,0,0,0,0,0,0,50,53,53,39,0,0,0,0,0,0,0,0,0,0,0,0,75,252,253,124,0,0,0,0,0,0,57,177,251,253,253,240,151,0,0,0,0,0,0,0,0,0,0,0,94,253,253,124,0,0,0,0,0,57,250,253,253,253,253,253,245,16,0,0,0,0,0,0,0,0,0,0,62,250,253,124,0,0,0,0,40,216,253,253,243,165,172,253,253,93,0,0,0,0,0,0,0,0,0,0,0,244,253,179,0,0,0,0,150,253,253,243,68,0,34,253,252,82,0,0,0,0,0,0,0,0,0,0,0,212,253,246,56,0,0,36,226,253,241,72,0,24,207,253,243,0,0,0,0,0,0,0,0,0,0,0,0,90,253,253,176,3,0,110,253,253,212,8,77,207,253,253,99,0,0,0,0,0,0,0,0,0,0,0,0,12,208,253,253,128,0,179,253,253,240,200,253,253,253,180,12,0,0,0,0,0,0,0,0,0,0,0,0,0,95,253,253,251,218,248,253,253,253,253,253,250,183,12,0,0,0,0,0,0,0,0,0,0,0,0,0,0,0,144,253,253,253,253,253,253,253,253,199,94,0,0,0,0,0,0,0,0,0,0,0,0,0,0,0,0,0,5,119,241,253,253,253,213,132,46,3,0,0,0,0,0,0,0,0,0,0,0,0,0,0,0,0,0,0,0,0,0,0,0,0,0,0,0,0,0,0,0,0,0,0,0,0,0,0,0,0,0,0,0,0,0,0,0,0,0,0,0,0,0,0,0,0,0,0,0,0,0,0,0,0,0,0,0,0,0,0,0,0,0,0,0,0,0,0,0,0,0,0,0,0,0,0,0,0,0,0,0,0,0,0,0,0,0,0,0,0,0,0,0,0,0,0,0,0,0,0,0,0,0,0,0,0,0,0,0,0,0,0,0,0,0,0,0,0,0,0,0,0,0,0,0,0,0,0,0,0,0,0,0,0,0,0,0,0,0
8,0,0,0,0,0,0,0,0,0,0,0,0,0,0,0,0,0,0,0,0,0,0,0,0,0,0,0,0,0,0,0,0,0,0,0,0,0,0,0,0,0,0,0,0,0,0,0,0,0,0,0,0,0,0,0,0,0,0,0,0,0,0,0,0,0,0,0,0,0,0,0,0,0,0,0,0,0,0,0,0,0,0,0,0,0,0,0,0,0,0,0,0,0,0,0,0,0,0,0,0,0,0,0,0,0,0,0,0,0,0,0,0,0,0,0,0,0,0,0,0,0,0,0,0,0,0,0,0,0,0,0,0,0,0,0,0,0,0,0,0,0,0,0,0,0,0,0,0,0,0,0,0,0,0,0,78,158,176,25,0,0,0,0,0,0,0,0,0,0,0,0,0,0,0,0,0,0,0,0,0,0,41,100,243,253,235,32,0,0,53,64,0,0,0,0,0,0,0,0,0,0,0,0,0,0,0,0,35,152,236,252,252,253,143,0,9,124,243,250,82,0,0,0,0,0,0,0,0,0,0,0,0,0,70,156,246,252,252,246,134,10,3,9,91,252,252,242,90,0,0,0,0,0,0,0,0,0,0,0,0,0,204,252,252,250,178,61,0,0,15,181,252,252,252,108,0,0,0,0,0,0,0,0,0,0,0,0,0,79,250,252,221,61,0,0,0,65,212,252,252,233,78,5,0,0,0,0,0,0,0,0,0,0,0,0,0,52,243,252,245,78,0,4,108,244,252,248,174,17,0,0,0,0,0,0,0,0,0,0,0,0,0,0,0,0,114,252,252,248,88,156,252,253,221,79,0,0,0,0,0,0,0,0,0,0,0,0,0,0,0,0,0,0,6,154,252,252,252,252,252,243,53,0,0,0,0,0,0,0,0,0,0,0,0,0,0,0,0,0,0,0,0,7,157,252,252,252,252,172,0,0,0,0,0,0,0,0,0,0,0,0,0,0,0,0,0,0,0,0,0,8,158,253,253,253,253,255,147,6,0,0,0,0,0,0,0,0,0,0,0,0,0,0,0,0,0,0,0,85,252,252,193,178,252,253,252,121,0,0,0,0,0,0,0,0,0,0,0,0,0,0,0,0,0,0,110,237,252,248,60,14,139,253,252,235,9,0,0,0,0,0,0,0,0,0,0,0,0,0,0,0,0,0,132,252,252,30,0,0,0,100,252,252,116,0,0,0,0,0,0,0,0,0,0,0,0,0,0,0,0,0,132,252,233,17,0,0,0,215,252,252,49,0,0,0,0,0,0,0,0,0,0,0,0,0,0,0,0,0,219,252,164,0,0,27,136,253,252,174,3,0,0,0,0,0,0,0,0,0,0,0,0,0,0,0,0,0,185,252,245,78,12,133,252,253,252,148,0,0,0,0,0,0,0,0,0,0,0,0,0,0,0,0,0,0,23,252,252,252,252,252,252,253,193,17,0,0,0,0,0,0,0,0,0,0,0,0,0,0,0,0,0,0,6,90,236,252,252,252,252,195,20,0,0,0,0,0,0,0,0,0,0,0,0,0,0,0,0,0,0,0,0,0,112,142,190,142,95,14,0,0,0,0,0,0,0,0,0,0,0,0,0,0,0,0,0,0,0,0,0,0,0,0,0,0,0,0,0,0,0,0,0,0,0,0,0,0,0,0,0,0,0,0,0,0,0,0,0,0,0,0,0,0,0,0,0,0,0,0,0,0,0,0,0,0,0,0,0,0,0,0,0,0,0,0,0,0,0,0,0,0,0,0,0,0,0,0,0,0,0,0,0,0,0
0,0,0,0,0,0,0,0,0,0,0,0,0,0,0,0,0,0,0,0,0,0,0,0,0,0,0,0,0,0,0,0,0,0,0,0,0,0,0,0,0,0,0,0,0,0,0,0,0,0,0,0,0,0,0,0,0,0,0,0,0,0,0,0,0,0,0,0,0,0,0,0,0,0,0,0,0,0,0,0,0,0,0,0,0,0,0,0,0,0,0,0,0,0,0,0,0,0,0,0,0,0,0,0,0,0,0,0,0,0,0,0,0,0,0,0,0,0,0,0,0,0,0,15,191,159,138,24,97,170,253,253,191,61,0,0,0,0,0,0,0,0,0,0,0,0,0,0,0,0,15,219,252,252,252,253,252,252,252,252,253,236,65,0,0,0,0,0,0,0,0,0,0,0,0,0,0,0,55,252,252,252,252,253,208,100,69,69,222,252,234,33,0,0,0,0,0,0,0,0,0,0,0,0,0,43,233,252,252,252,252,150,17,0,0,0,138,252,252,45,0,0,0,0,0,0,0,0,0,0,0,0,0,168,253,252,252,252,147,0,0,0,0,0,138,252,252,150,0,0,0,0,0,0,0,0,0,0,0,0,104,253,255,253,247,94,0,0,0,0,0,0,139,253,253,253,23,0,0,0,0,0,0,0,0,0,0,0,207,252,253,252,110,0,0,0,0,0,0,0,138,252,252,252,22,0,0,0,0,0,0,0,0,0,0,51,240,252,253,240,50,0,0,0,0,0,0,0,138,252,252,252,22,0,0,0,0,0,0,0,0,0,17,188,252,252,245,79,0,0,0,0,0,0,0,0,138,252,252,252,22,0,0,0,0,0,0,0,0,0,47,252,252,252,230,0,0,0,0,0,0,0,0,0,138,252,252,252,22,0,0,0,0,0,0,0,0,0,162,253,253,253,168,0,0,0,0,0,0,0,0,11,255,253,253,98,0,0,0,0,0,0,0,0,0,5,178,252,252,252,42,0,0,0,0,0,0,0,0,136,253,252,252,45,0,0,0,0,0,0,0,0,0,24,252,252,252,252,0,0,0,0,0,0,0,0,0,230,253,252,252,45,0,0,0,0,0,0,0,0,0,15,219,252,252,252,0,0,0,0,0,0,0,0,119,248,253,252,227,29,0,0,0,0,0,0,0,0,0,0,161,252,252,252,53,0,0,0,0,0,0,64,248,252,253,252,130,0,0,0,0,0,0,0,0,0,0,0,95,247,253,253,233,19,0,0,0,0,26,222,253,253,255,232,38,0,0,0,0,0,0,0,0,0,0,0,0,150,244,252,253,236,129,47,47,110,178,252,252,252,253,202,25,0,0,0,0,0,0,0,0,0,0,0,0,0,124,252,253,252,252,252,252,253,252,252,252,252,236,25,0,0,0,0,0,0,0,0,0,0,0,0,0,0,17,98,211,252,252,252,252,253,252,252,252,210,42,0,0,0,0,0,0,0,0,0,0,0,0,0,0,0,0,0,13,43,137,137,137,201,252,168,43,12,0,0,0,0,0,0,0,0,0,0,0,0,0,0,0,0,0,0,0,0,0,0,0,0,0,0,0,0,0,0,0,0,0,0,0,0,0,0,0,0,0,0,0,0,0,0,0,0,0,0,0,0,0,0,0,0,0,0,0,0,0,0,0,0,0,0,0,0,0,0,0,0,0,0,0,0,0,0,0,0,0,0,0,0,0,0,0,0,0,0,0,0,0,0,0,0,0,0,0,0,0,0,0,0,0,0,0,0,0,0,0,0,0,0,0,0,0,0,0,0,0
4,0,0,0,0,0,0,0,0,0,0,0,0,0,0,0,0,0,0,0,0,0,0,0,0,0,0,0,0,0,0,0,0,0,0,0,0,0,0,0,0,0,0,0,0,0,0,0,0,0,0,0,0,0,0,0,0,0,0,0,0,0,0,0,0,0,0,0,0,0,0,0,0,0,0,0,0,0,0,0,0,0,0,0,0,0,0,0,0,0,0,0,0,0,0,0,0,0,0,0,0,0,0,0,0,0,0,0,0,0,0,0,0,0,0,0,0,0,0,0,0,0,0,0,0,0,0,0,0,0,0,0,0,0,0,0,0,0,0,0,0,0,0,0,0,67,164,254,255,113,0,0,0,0,0,0,0,0,0,0,0,0,0,0,0,0,0,0,0,0,0,0,0,254,253,253,253,112,0,0,0,0,0,0,99,0,0,0,0,0,0,0,0,0,0,0,0,0,0,0,0,107,253,253,253,222,36,0,0,0,0,126,239,198,198,21,0,0,0,0,0,0,0,0,0,0,0,0,0,47,217,253,253,253,102,0,0,0,0,160,253,253,253,205,0,0,0,0,0,0,0,0,0,0,0,0,0,0,132,253,253,253,234,0,0,0,0,160,253,253,253,232,79,0,0,0,0,0,0,0,0,0,0,0,0,0,24,208,253,253,249,138,0,0,0,160,253,253,253,253,139,0,0,0,0,0,0,0,0,0,0,0,0,0,0,198,253,253,253,168,0,0,0,160,253,253,253,253,139,0,0,0,0,0,0,0,0,0,0,0,0,0,0,198,253,253,253,168,0,0,0,160,253,253,253,253,139,0,0,0,0,0,0,0,0,0,0,0,0,0,0,36,233,253,253,241,217,56,99,239,253,253,253,253,139,0,0,0,0,0,0,0,0,0,0,0,0,0,0,0,76,253,253,253,253,253,253,253,253,253,253,253,139,0,0,0,0,0,0,0,0,0,0,0,0,0,0,0,28,93,224,253,253,253,253,253,253,253,253,253,139,0,0,0,0,0,0,0,0,0,0,0,0,0,0,0,0,0,36,215,215,219,253,253,224,253,253,253,156,11,0,0,0,0,0,0,0,0,0,0,0,0,0,0,0,0,0,0,0,17,149,149,38,191,253,253,253,147,4,0,0,0,0,0,0,0,0,0,0,0,0,0,0,0,0,0,0,0,0,0,0,104,253,253,253,253,134,0,0,0,0,0,0,0,0,0,0,0,0,0,0,0,0,0,0,0,0,0,0,7,175,253,253,253,196,0,0,0,0,0,0,0,0,0,0,0,0,0,0,0,0,0,0,0,0,0,0,0,170,253,253,253,221,59,0,0,0,0,0,0,0,0,0,0,0,0,0,0,0,0,0,0,0,0,0,0,50,241,253,253,253,217,46,0,0,0,0,0,0,0,0,0,0,0,0,0,0,0,0,0,0,0,0,0,0,193,253,253,253,253,247,0,0,0,0,0,0,0,0,0,0,0,0,0,0,0,0,0,0,0,0,0,0,25,185,253,253,253,253,0,0,0,0,0,0,0,0,0,0,0,0,0,0,0,0,0,0,0,0,0,0,0,29,198,253,253,113,0,0,0,0,0,0,0,0,0,0,0,0,0,0,0,0,0,0,0,0,0,0,0,0,0,0,0,0,0,0,0,0,0,0,0,0,0,0,0,0,0,0,0,0,0,0,0,0,0,0,0,0,0,0,0,0,0,0,0,0,0,0,0,0,0,0,0,0,0,0,0,0,0,0,0,0,0,0,0,0,0,0,0,0,0,0,0,0
1,0,0,0,0,0,0,0,0,0,0,0,0,0,0,0,0,0,0,0,0,0,0,0,0,0,0,0,0,0,0,0,0,0,0,0,0,0,0,0,0,0,0,0,0,0,0,0,0,0,0,0,0,0,0,0,0,0,0,0,0,0,0,0,0,0,0,0,0,0,0,0,0,0,0,0,0,0,0,0,0,0,0,0,0,0,0,0,0,0,0,0,0,0,0,0,0,0,0,0,0,0,0,0,0,0,0,0,0,0,0,0,0,0,0,0,0,0,0,0,0,0,0,0,0,0,0,44,229,16,0,0,0,0,0,0,0,0,0,0,0,0,0,0,0,0,0,0,0,0,0,0,0,0,0,44,254,47,0,0,0,0,0,0,0,0,0,0,0,0,0,0,0,0,0,0,0,0,0,0,0,0,0,128,254,47,0,0,0,0,0,0,0,0,0,0,0,0,0,0,0,0,0,0,0,0,0,0,0,0,0,130,254,71,0,0,0,0,0,0,0,0,0,0,0,0,0,0,0,0,0,0,0,0,0,0,0,0,0,130,254,112,0,0,0,0,0,0,0,0,0,0,0,0,0,0,0,0,0,0,0,0,0,0,0,0,0,130,254,47,0,0,0,0,0,0,0,0,0,0,0,0,0,0,0,0,0,0,0,0,0,0,0,0,0,130,254,47,0,0,0,0,0,0,0,0,0,0,0,0,0,0,0,0,0,0,0,0,0,0,0,0,0,130,254,47,0,0,0,0,0,0,0,0,0,0,0,0,0,0,0,0,0,0,0,0,0,0,0,0,0,130,221,7,0,0,0,0,0,0,0,0,0,0,0,0,0,0,0,0,0,0,0,0,0,0,0,0,0,130,215,0,0,0,0,0,0,0,0,0,0,0,0,0,0,0,0,0,0,0,0,0,0,0,0,0,0,172,143,0,0,0,0,0,0,0,0,0,0,0,0,0,0,0,0,0,0,0,0,0,0,0,0,0,0,216,129,0,0,0,0,0,0,0,0,0,0,0,0,0,0,0,0,0,0,0,0,0,0,0,0,0,0,216,129,0,0,0,0,0,0,0,0,0,0,0,0,0,0,0,0,0,0,0,0,0,0,0,0,0,38,246,129,0,0,0,0,0,0,0,0,0,0,0,0,0,0,0,0,0,0,0,0,0,0,0,0,0,85,254,129,0,0,0,0,0,0,0,0,0,0,0,0,0,0,0,0,0,0,0,0,0,0,0,0,0,134,254,65,0,0,0,0,0,0,0,0,0,0,0,0,0,0,0,0,0,0,0,0,0,0,0,0,0,72,254,102,0,0,0,0,0,0,0,0,0,0,0,0,0,0,0,0,0,0,0,0,0,0,0,0,0,48,254,75,0,0,0,0,0,0,0,0,0,0,0,0,0,0,0,0,0,0,0,0,0,0,0,0,0,48,254,128,0,0,0,0,0,0,0,0,0,0,0,0,0,0,0,0,0,0,0,0,0,0,0,0,0,48,240,29,0,0,0,0,0,0,0,0,0,0,0,0,0,0,0,0,0,0,0,0,0,0,0,0,0,0,0,0,0,0,0,0,0,0,0,0,0,0,0,0,0,0,0,0,0,0,0,0,0,0,0,0,0,0,0,0,0,0,0,0,0,0,0,0,0,0,0,0,0,0,0,0,0,0,0,0,0,0,0,0,0,0,0,0,0,0,0,0,0,0,0,0,0,0,0,0,0,0,0,0,0,0,0,0,0,0,0,0,0,0,0,0,0,0,0,0,0,0,0,0,0,0,0,0
5,0,0,0,0,0,0,0,0,0,0,0,0,0,0,0,0,0,0,0,0,0,0,0,0,0,0,0,0,0,0,0,0,0,0,0,0,0,0,0,0,0,0,0,0,0,0,0,0,0,0,0,0,0,0,0,0,0,0,0,0,0,0,0,0,0,0,0,0,0,0,0,0,0,0,0,0,0,0,0,0,0,0,0,0,0,0,0,0,0,57,255,253,0,0,0,0,0,0,0,0,0,0,0,0,0,0,0,0,0,0,0,0,0,0,0,0,0,168,253,251,0,0,0,0,0,0,0,0,0,0,0,0,0,0,0,0,0,0,0,0,0,0,0,0,0,0,254,253,57,0,0,0,0,0,0,0,0,0,0,0,0,0,0,0,0,0,0,0,0,0,0,0,0,0,139,251,225,56,0,0,0,0,0,0,0,0,0,0,0,0,0,0,0,0,0,0,0,0,0,0,0,0,57,168,254,253,57,0,0,0,0,0,0,0,0,0,0,0,0,0,0,0,0,0,0,0,0,0,0,0,0,0,139,251,225,56,0,0,0,0,0,0,0,0,0,0,0,0,0,0,0,0,0,0,0,0,0,0,0,0,0,0,198,253,198,28,0,0,0,0,0,0,0,0,0,0,0,0,0,0,0,0,0,0,0,0,0,0,0,0,28,83,253,196,114,0,0,0,0,0,0,0,0,0,0,0,0,0,0,0,0,0,0,0,0,0,0,0,0,0,57,168,254,139,57,0,0,0,0,0,0,0,0,0,0,0,0,0,0,0,0,0,0,0,0,0,0,0,0,0,139,251,225,56,0,0,0,0,0,0,0,0,0,0,0,0,0,0,0,0,0,0,0,0,0,0,0,0,0,0,198,253,57,0,0,0,0,0,0,0,0,0,0,0,0,0,0,0,0,0,0,0,0,0,0,0,0,0,85,251,225,56,0,0,0,0,0,0,0,0,0,0,0,0,0,0,0,0,0,0,0,0,0,0,0,0,0,0,254,253,169,0,0,0,0,0,0,0,0,0,0,0,0,0,0,0,0,0,0,0,0,0,0,0,0,0,139,251,225,56,0,0,0,0,0,0,0,0,0,0,0,0,0,0,0,0,0,0,0,0,0,0,0,0,85,253,254,139,0,0,0,0,0,0,0,0,0,0,0,0,0,0,0,0,0,0,0,0,0,0,0,0,85,251,253,138,0,0,0,0,0,0,0,0,0,0,0,0,0,0,0,0,0,0,0,0,0,0,0,57,254,253,226,56,0,0,0,0,0,0,0,0,0,0,0,0,0,0,0,0,0,0,0,0,0,0,57,224,253,251,56,0,0,0,0,0,0,0,0,0,0,0,0,0,0,0,85,253,198,85,85,85,141,253,254,253,226,56,0,0,0,0,0,0,0,0,0,0,0,0,0,0,0,0,28,83,139,251,253,251,253,251,84,83,56,0,0,0,0,0,0,0,0,0,0,0,0,0,0,0,0,0,0,0,0,0,0,0,0,0,0,0,0,0,0,0,0,0,0,0,0,0,0,0,0,0,0,0,0,0,0,0,0,0,0,0,0,0,0,0,0,0,0,0,0,0,0,0,0,0,0,0,0,0,0,0,0,0,0,0,0,0,0,0,0,0,0,0,0,0,0,0,0,0,0,0,0,0,0,0,0,0,0,0,0,0,0,0,0,0,0,0,0,0,0,0,0,0,0,0,0,0,0,0,0,0,0,0,0,0,0,0,0,0,0,0,0,0,0,0,0,0,0,0,0,0,0,0,0,0,0,0,0,0
8,0,0,0,0,0,0,0,0,0,0,0,0,0,0,0,0,0,0,0,0,0,0,0,0,0,0,0,0,0,0,0,0,0,0,0,0,0,0,0,0,0,0,0,0,0,0,0,0,0,0,0,0,0,0,0,0,0,0,0,0,0,0,0,0,0,0,0,0,0,0,0,0,0,0,0,0,0,0,0,0,0,0,0,0,0,0,0,0,0,0,0,0,0,0,0,0,0,0,0,0,0,0,0,0,0,0,0,0,0,0,0,0,0,0,0,0,0,0,0,0,0,0,0,0,0,0,0,0,0,0,0,0,0,0,0,0,0,0,0,0,0,0,0,0,0,0,0,0,0,8,78,156,253,253,193,148,48,0,0,0,0,0,0,0,0,0,0,0,0,0,0,0,0,0,0,0,36,201,252,245,168,168,183,252,247,163,14,0,0,0,0,0,0,0,0,0,0,0,0,0,0,0,0,41,223,253,210,72,0,0,4,21,172,252,95,0,0,0,0,0,0,0,0,0,0,0,0,0,0,0,15,225,252,199,56,0,0,0,0,0,22,252,173,0,0,0,0,0,0,0,0,0,0,0,0,0,0,0,66,252,252,62,0,0,0,0,0,0,22,252,252,0,0,0,0,0,0,0,0,0,0,0,0,0,0,0,189,253,129,0,0,0,0,0,0,0,22,253,191,0,0,0,0,0,0,0,0,0,0,0,0,0,0,0,232,252,42,0,0,0,0,0,0,0,57,252,68,0,0,0,0,0,0,0,0,0,0,0,0,0,0,0,135,252,42,0,8,75,153,144,128,171,190,252,42,0,0,0,0,0,0,0,0,0,0,0,0,0,0,0,101,252,42,0,90,189,189,189,200,252,252,252,138,27,0,0,0,0,0,0,0,0,0,0,0,0,0,0,4,113,24,18,44,0,0,0,87,252,252,252,252,212,27,0,0,0,0,0,0,0,0,0,0,0,0,0,0,0,0,0,0,0,0,18,166,239,106,27,212,255,183,4,0,0,0,0,0,0,0,0,0,0,0,0,0,0,0,0,0,0,0,185,253,132,0,0,27,253,252,21,0,0,0,0,0,0,0,0,0,0,0,0,0,0,0,0,0,0,41,232,214,5,0,0,0,156,252,118,0,0,0,0,0,0,0,0,0,0,0,0,0,0,0,0,0,15,225,252,140,0,0,0,0,148,252,196,0,0,0,0,0,0,0,0,0,0,0,0,0,0,0,0,0,22,252,252,18,0,0,0,0,148,252,187,0,0,0,0,0,0,0,0,0,0,0,0,0,0,0,0,0,128,253,86,0,0,0,0,0,148,253,109,0,0,0,0,0,0,0,0,0,0,0,0,0,0,0,0,0,206,252,42,0,0,0,0,0,227,224,14,0,0,0,0,0,0,0,0,0,0,0,0,0,0,0,0,0,223,252,104,9,0,0,15,198,250,110,0,0,0,0,0,0,0,0,0,0,0,0,0,0,0,0,0,0,57,252,252,142,143,169,225,252,140,0,0,0,0,0,0,0,0,0,0,0,0,0,0,0,0,0,0,0,13,217,252,253,252,252,252,121,18,0,0,0,0,0,0,0,0,0,0,0,0,0,0,0,0,0,0,0,0,0,0,0,0,0,0,0,0,0,0,0,0,0,0,0,0,0,0,0,0,0,0,0,0,0,0,0,0,0,0,0,0,0,0,0,0,0,0,0,0,0,0,0,0,0,0,0,0,0,0,0,0,0,0,0,0,0,0,0,0,0,0,0,0,0,0,0,0,0,0,0,0
2,0,0,0,0,0,0,0,0,0,0,0,0,0,0,0,0,0,0,0,0,0,0,0,0,0,0,0,0,0,0,0,0,0,0,0,0,0,0,0,0,0,0,0,0,0,0,0,0,0,0,0,0,0,0,0,0,0,0,0,0,0,0,0,0,0,0,0,0,0,0,0,0,0,0,0,0,0,0,0,0,0,0,0,0,0,0,0,0,0,0,0,0,0,0,0,0,0,0,0,0,0,0,0,0,0,0,0,0,0,0,0,0,0,0,0,0,0,0,0,0,0,0,0,0,0,9,209,254,255,213,39,0,0,0,0,0,0,0,0,0,0,0,0,0,0,0,0,0,0,0,0,0,77,199,253,253,253,253,246,59,0,0,0,0,0,0,0,0,0,0,0,0,0,0,0,0,0,0,4,126,251,253,253,253,253,253,253,204,22,0,0,0,0,0,0,0,0,0,0,0,0,0,0,0,0,0,157,239,210,164,226,253,253,149,248,253,150,0,0,0,0,0,0,0,0,0,0,0,0,0,0,0,0,0,107,68,0,0,24,242,253,156,82,253,183,2,0,0,0,0,0,0,0,0,0,0,0,0,0,0,0,0,0,0,0,0,0,238,253,202,19,216,253,56,0,0,0,0,0,0,0,0,0,0,0,0,0,0,0,0,0,0,0,0,0,238,253,253,10,173,253,133,0,0,0,0,0,0,0,0,0,0,0,0,0,0,0,0,0,0,0,0,0,238,253,253,10,173,253,221,0,0,0,0,0,0,0,0,0,0,0,0,0,0,0,0,0,0,0,0,46,246,253,164,1,173,253,214,0,0,0,0,0,0,0,0,0,0,0,0,0,0,0,0,0,0,0,0,73,250,253,87,0,173,253,90,0,0,0,0,0,0,0,0,0,0,0,0,0,0,0,0,0,32,93,93,178,250,206,10,61,237,172,1,0,0,0,0,0,0,0,0,0,0,0,0,0,0,17,120,197,243,253,253,253,253,107,64,242,248,92,0,0,0,0,0,0,0,0,0,0,0,0,0,0,29,232,253,253,233,223,253,253,253,253,253,247,99,0,0,0,0,0,0,0,0,0,0,0,0,0,0,93,214,253,253,193,90,174,253,176,248,253,253,226,0,0,0,0,0,0,0,0,0,0,0,0,0,0,9,175,253,198,78,247,247,252,134,12,193,253,253,241,43,0,0,0,0,0,0,0,0,0,0,0,0,0,76,253,196,21,4,102,188,84,0,166,253,253,253,246,60,0,0,0,0,0,0,0,0,0,0,0,0,0,76,253,102,0,0,0,0,58,211,245,245,128,253,226,0,0,0,0,0,0,0,0,0,0,0,0,0,0,2,222,167,9,0,7,107,251,253,228,64,2,88,225,0,0,0,0,0,0,0,0,0,0,0,0,0,0,0,145,253,197,82,152,253,253,208,39,0,0,0,64,0,0,0,0,0,0,0,0,0,0,0,0,0,0,0,66,163,253,253,253,253,193,14,0,0,0,0,0,0,0,0,0,0,0,0,0,0,0,0,0,0,0,0,0,0,0,0,0,0,0,0,0,0,0,0,0,0,0,0,0,0,0,0,0,0,0,0,0,0,0,0,0,0,0,0,0,0,0,0,0,0,0,0,0,0,0,0,0,0,0,0,0,0,0,0,0,0,0,0,0,0,0,0,0,0,0,0,0,0,0,0,0,0,0,0,0,0,0,0,0,0,0,0,0,0,0,0,0,0,0,0,0,0,0,0,0,0,0,0,0,0,0,0,0,0,0,0,0,0
9,0,0,0,0,0,0,0,0,0,0,0,0,0,0,0,0,0,0,0,0,0,0,0,0,0,0,0,0,0,0,0,0,0,0,0,0,0,0,0,0,0,0,0,0,0,0,0,0,0,0,0,0,0,0,0,0,0,0,0,0,0,0,0,0,0,0,0,0,0,0,0,0,0,0,0,0,0,0,0,0,0,0,0,0,0,0,0,0,0,0,0,0,0,0,0,0,0,0,0,0,0,0,0,0,0,0,0,0,0,0,0,0,0,0,0,0,0,0,0,0,0,0,0,0,0,0,0,0,0,0,0,0,0,0,0,0,0,0,0,0,0,0,0,0,0,0,0,0,0,0,0,0,0,0,0,0,0,0,0,0,0,0,0,0,0,0,0,0,0,0,0,0,0,0,0,0,0,0,0,0,0,0,0,0,0,0,0,0,0,0,0,0,0,0,0,0,0,0,0,0,0,0,0,0,0,0,0,0,0,0,107,221,254,254,62,0,0,0,0,0,0,0,0,0,0,0,0,0,0,0,0,0,0,0,0,5,136,245,254,253,253,253,233,27,0,0,0,0,0,0,0,0,0,0,0,0,0,0,0,0,0,0,16,186,253,253,254,193,111,238,253,43,0,0,0,0,0,0,0,0,0,0,0,0,0,0,0,0,0,20,212,253,253,235,87,1,0,167,253,43,0,0,0,0,0,0,0,0,0,0,0,0,0,0,0,0,0,81,253,244,149,23,0,13,146,249,245,36,0,0,0,0,0,0,0,0,0,0,0,0,0,0,0,0,22,216,253,193,0,0,0,185,253,253,209,0,0,0,0,0,0,0,0,0,0,0,0,0,0,0,0,0,84,253,232,52,1,27,141,251,253,253,101,0,0,0,0,0,0,0,0,0,0,0,0,0,0,0,0,0,131,253,177,24,140,253,254,253,253,253,35,0,0,0,0,0,0,0,0,0,0,0,0,0,0,0,0,0,97,251,253,253,246,156,127,253,253,233,22,0,0,0,0,0,0,0,0,0,0,0,0,0,0,0,0,0,0,90,253,247,73,0,139,253,253,170,0,0,0,0,0,0,0,0,0,0,0,0,0,0,0,0,0,0,0,0,0,0,0,28,255,254,254,56,0,0,0,0,0,0,0,0,0,0,0,0,0,0,0,0,0,0,0,0,0,0,6,221,254,253,85,1,0,0,0,0,0,0,0,0,0,0,0,0,0,0,0,0,0,0,0,0,0,0,9,253,254,187,2,0,0,0,0,0,0,0,0,0,0,0,0,0,0,0,0,0,0,0,0,0,0,0,106,253,237,55,0,0,0,0,0,0,0,0,0,0,0,0,0,0,0,0,0,0,0,0,0,0,0,4,195,253,160,0,0,0,0,0,0,0,0,0,0,0,0,0,0,0,0,0,0,0,0,0,0,0,0,91,253,253,46,0,0,0,0,0,0,0,0,0,0,0,0,0,0,0,0,0,0,0,0,0,0,0,3,181,253,244,0,0,0,0,0,0,0,0,0,0,0,0,0,0,0,0,0,0,0,0,0,0,0,0,27,253,253,129,0,0,0,0,0,0,0,0,0,0,0,0,0,0,0,0,0,0,0,0,0,0,0,0,27,253,249,49,0,0,0,0,0,0,0,0,0,0,0,0,0,0,0,0,0,0,0,0,0,0,0,0,27,186,100,0,0,0,0,0,0,0,0,0,0,0,0,0,0,0,0,0,0,0,0,0,0,0,0,0,0,0,0,0,0,0,0,0,0,0,0,0,0,0,0,0,0,0
1,0,0,0,0,0,0,0,0,0,0,0,0,0,0,0,0,0,0,0,0,0,0,0,0,0,0,0,0,0,0,0,0,0,0,0,0,0,0,0,0,0,0,0,0,0,0,0,0,0,0,0,0,0,0,0,0,0,0,0,0,0,0,0,0,0,0,0,0,0,0,0,0,0,0,0,0,0,0,0,0,0,0,0,0,0,0,0,0,0,0,0,0,0,0,0,0,0,0,0,0,0,0,0,0,0,0,0,0,0,0,0,0,0,0,0,0,0,0,0,0,0,0,0,0,0,0,0,0,0,0,0,0,0,0,0,0,0,0,0,0,0,0,0,0,0,0,0,0,0,0,0,0,0,26,216,216,9,0,0,0,0,0,0,0,0,0,0,0,0,0,0,0,0,0,0,0,0,0,0,0,0,126,254,254,16,0,0,0,0,0,0,0,0,0,0,0,0,0,0,0,0,0,0,0,0,0,0,0,0,126,254,254,16,0,0,0,0,0,0,0,0,0,0,0,0,0,0,0,0,0,0,0,0,0,0,0,0,126,254,254,16,0,0,0,0,0,0,0,0,0,0,0,0,0,0,0,0,0,0,0,0,0,0,0,0,160,254,254,16,0,0,0,0,0,0,0,0,0,0,0,0,0,0,0,0,0,0,0,0,0,0,0,0,234,254,254,16,0,0,0,0,0,0,0,0,0,0,0,0,0,0,0,0,0,0,0,0,0,0,0,17,238,254,254,16,0,0,0,0,0,0,0,0,0,0,0,0,0,0,0,0,0,0,0,0,0,0,0,125,254,254,254,16,0,0,0,0,0,0,0,0,0,0,0,0,0,0,0,0,0,0,0,0,0,0,25,225,254,254,254,16,0,0,0,0,0,0,0,0,0,0,0,0,0,0,0,0,0,0,0,0,0,0,73,254,185,254,254,16,0,0,0,0,0,0,0,0,0,0,0,0,0,0,0,0,0,0,0,0,0,0,55,79,129,254,254,16,0,0,0,0,0,0,0,0,0,0,0,0,0,0,0,0,0,0,0,0,0,0,0,0,117,254,254,16,0,0,0,0,0,0,0,0,0,0,0,0,0,0,0,0,0,0,0,0,0,0,0,0,17,254,254,16,0,0,0,0,0,0,0,0,0,0,0,0,0,0,0,0,0,0,0,0,0,0,0,0,11,219,254,16,0,0,0,0,0,0,0,0,0,0,0,0,0,0,0,0,0,0,0,0,0,0,0,0,0,163,254,74,0,0,0,0,0,0,0,0,0,0,0,0,0,0,0,0,0,0,0,0,0,0,0,0,0,89,254,152,0,0,0,0,0,0,0,0,0,0,0,0,0,0,0,0,0,0,0,0,0,0,0,0,0,55,254,242,35,0,0,0,0,0,0,0,0,0,0,0,0,0,0,0,0,0,0,0,0,0,0,0,0,48,248,254,87,0,0,0,0,0,0,0,0,0,0,0,0,0,0,0,0,0,0,0,0,0,0,0,0,0,171,254,179,14,0,0,0,0,0,0,0,0,0,0,0,0,0,0,0,0,0,0,0,0,0,0,0,0,14,241,254,141,0,0,0,0,0,0,0,0,0,0,0,0,0,0,0,0,0,0,0,0,0,0,0,0,0,0,0,0,0,0,0,0,0,0,0,0,0,0,0,0,0,0,0,0,0,0,0,0,0,0,0,0,0,0,0,0,0,0,0,0,0,0,0,0,0,0,0,0,0,0,0,0,0,0,0,0,0,0,0,0,0,0,0,0,0,0,0,0,0,0,0,0,0
8,0,0,0,0,0,0,0,0,0,0,0,0,0,0,0,0,0,0,0,0,0,0,0,0,0,0,0,0,0,0,0,0,0,0,0,0,0,0,0,0,0,0,0,0,0,0,0,0,0,0,0,0,0,0,0,0,0,0,0,0,0,0,0,0,0,0,0,0,0,0,0,0,0,0,0,0,0,0,0,0,0,0,0,0,0,0,0,0,0,0,0,0,0,0,0,0,0,0,0,0,0,0,0,0,0,0,0,0,0,0,0,0,0,0,0,0,0,0,0,0,0,0,0,0,0,0,0,0,0,0,0,0,0,0,0,0,0,0,0,0,0,0,0,0,0,0,0,0,0,0,23,79,204,253,253,203,129,10,0,0,0,0,0,0,0,0,0,0,0,0,0,0,0,0,0,0,7,131,234,252,253,252,252,252,253,109,0,0,0,0,0,0,0,0,0,0,0,0,0,0,0,0,0,0,104,252,252,252,194,56,56,106,253,215,19,0,0,0,0,0,0,0,0,0,0,0,0,0,0,0,0,101,253,252,164,40,13,0,0,0,253,252,56,0,0,0,0,0,0,0,0,0,0,0,0,0,0,0,0,101,255,197,23,16,13,0,0,63,254,197,0,0,0,0,0,0,0,0,0,0,0,0,0,0,0,0,0,0,153,234,234,215,207,169,82,194,253,121,0,0,0,0,0,0,0,0,0,0,0,0,0,0,0,0,0,0,29,233,234,252,253,252,252,252,231,19,0,0,0,0,0,0,0,0,0,0,0,0,0,0,0,0,0,0,4,22,22,28,91,215,252,252,225,0,0,0,0,0,0,0,0,0,0,0,0,0,0,0,0,0,0,0,0,0,0,0,29,253,253,253,254,97,0,0,0,0,0,0,0,0,0,0,0,0,0,0,0,0,0,0,0,0,0,0,128,252,170,84,228,234,63,0,0,0,0,0,0,0,0,0,0,0,0,0,0,0,0,0,0,0,0,89,253,233,37,0,53,252,234,59,0,0,0,0,0,0,0,0,0,0,0,0,0,0,0,0,0,0,0,213,241,59,0,0,4,128,252,139,0,0,0,0,0,0,0,0,0,0,0,0,0,0,0,0,0,0,147,253,214,0,0,0,0,0,198,253,63,0,0,0,0,0,0,0,0,0,0,0,0,0,0,0,0,0,197,252,88,0,0,0,0,0,197,252,113,0,0,0,0,0,0,0,0,0,0,0,0,0,0,0,0,19,215,214,0,0,0,0,0,0,197,252,76,0,0,0,0,0,0,0,0,0,0,0,0,0,0,0,0,57,252,139,0,0,0,0,0,0,197,252,0,0,0,0,0,0,0,0,0,0,0,0,0,0,0,0,0,57,253,153,13,0,0,0,4,54,229,140,0,0,0,0,0,0,0,0,0,0,0,0,0,0,0,0,0,44,240,252,207,94,95,169,179,252,252,115,0,0,0,0,0,0,0,0,0,0,0,0,0,0,0,0,0,0,159,252,253,252,252,252,253,252,99,6,0,0,0,0,0,0,0,0,0,0,0,0,0,0,0,0,0,0,10,178,253,252,252,252,178,28,6,0,0,0,0,0,0,0,0,0,0,0,0,0,0,0,0,0,0,0,0,0,0,0,0,0,0,0,0,0,0,0,0,0,0,0,0,0,0,0,0,0,0,0,0,0,0,0,0,0,0,0,0,0,0,0,0,0,0,0,0,0,0,0,0,0,0,0,0,0,0,0,0,0,0,0,0,0,0,0,0,0,0,0,0,0,0,0,0,0,0,0,0,0
0,0,0,0,0,0,0,0,0,0,0,0,0,0,0,0,0,0,0,0,0,0,0,0,0,0,0,0,0,0,0,0,0,0,0,0,0,0,0,0,0,0,0,0,0,0,0,0,0,0,0,0,0,0,0,0,0,0,0,0,0,0,0,0,0,0,0,0,0,0,0,0,0,0,0,0,0,0,0,0,0,0,0,0,0,0,0,0,0,0,0,0,0,0,0,0,0,0,0,0,0,0,0,0,0,0,0,0,0,0,0,0,0,0,0,0,0,0,0,0,0,0,0,0,0,0,0,0,0,0,0,0,0,0,0,0,0,0,0,0,0,0,0,0,0,0,0,0,0,0,0,88,228,254,228,105,18,0,0,0,0,0,0,0,0,0,0,0,0,0,0,0,0,0,0,0,0,0,0,148,253,253,253,253,218,83,0,0,0,0,0,0,0,0,0,0,0,0,0,0,0,0,0,0,0,0,9,202,253,253,221,170,254,247,214,0,0,0,0,0,0,0,0,0,0,0,0,0,0,0,0,0,0,0,177,254,253,253,190,0,146,238,246,143,11,0,0,0,0,0,0,0,0,0,0,0,0,0,0,0,0,98,247,254,138,192,190,0,0,146,253,253,86,0,0,0,0,0,0,0,0,0,0,0,0,0,0,0,22,254,254,89,0,116,36,0,0,0,172,254,254,63,0,0,0,0,0,0,0,0,0,0,0,0,0,0,102,253,138,0,0,27,0,0,0,0,41,225,253,141,0,0,0,0,0,0,0,0,0,0,0,0,0,0,225,253,42,0,0,0,0,0,0,0,0,41,233,251,155,0,0,0,0,0,0,0,0,0,0,0,0,57,247,211,14,0,0,0,0,0,0,0,0,0,185,255,190,6,0,0,0,0,0,0,0,0,0,0,0,85,253,102,0,0,0,0,0,0,0,0,0,0,62,210,253,65,0,0,0,0,0,0,0,0,0,0,0,86,254,85,0,0,0,0,0,0,0,0,0,0,0,149,254,144,0,0,0,0,0,0,0,0,0,0,0,85,253,84,0,0,0,0,0,0,0,0,0,0,0,69,253,232,0,0,0,0,0,0,0,0,0,0,0,85,253,93,0,0,0,0,0,0,0,0,0,0,0,22,222,232,0,0,0,0,0,0,0,0,0,0,0,64,248,206,11,0,0,0,0,0,0,0,0,0,0,0,191,206,0,0,0,0,0,0,0,0,0,0,0,0,101,253,42,0,0,0,0,0,0,0,0,0,0,81,243,127,0,0,0,0,0,0,0,0,0,0,0,0,22,254,210,63,0,0,0,0,0,0,0,0,0,167,254,65,0,0,0,0,0,0,0,0,0,0,0,0,15,190,253,218,83,0,0,0,0,0,0,22,173,254,189,5,0,0,0,0,0,0,0,0,0,0,0,0,0,32,215,246,247,180,128,84,22,57,136,238,253,224,40,0,0,0,0,0,0,0,0,0,0,0,0,0,0,0,0,112,238,253,253,253,254,253,253,253,156,36,0,0,0,0,0,0,0,0,0,0,0,0,0,0,0,0,0,0,32,95,192,236,210,173,138,42,7,0,0,0,0,0,0,0,0,0,0,0,0,0,0,0,0,0,0,0,0,0,0,0,0,0,0,0,0,0,0,0,0,0,0,0,0,0,0,0,0,0,0,0,0,0,0,0,0,0,0,0,0,0,0,0,0,0,0,0,0,0,0,0,0,0,0,0,0,0,0,0,0,0,0,0,0,0,0,0,0,0,0,0,0,0,0,0,0,0,0,0,0
6,0,0,0,0,0,0,0,0,0,0,0,0,0,0,0,0,0,0,0,0,0,0,0,0,0,0,0,0,0,0,0,0,0,0,0,0,0,0,0,0,0,0,0,0,0,0,0,0,0,0,0,0,0,0,0,0,0,0,0,0,0,0,0,0,0,0,0,0,0,0,0,0,0,0,0,0,0,0,0,0,0,0,0,0,0,0,0,0,0,0,0,0,0,0,0,0,0,0,0,31,132,254,213,21,0,0,0,0,0,0,0,0,0,0,0,0,0,0,0,0,0,0,0,0,0,0,82,233,252,253,252,183,0,0,0,0,0,0,0,0,0,0,0,0,0,0,0,0,0,0,0,0,0,11,213,254,253,254,213,41,0,0,0,0,0,0,0,0,0,0,0,0,0,0,0,0,0,0,0,0,0,213,252,253,212,91,10,0,0,0,0,0,0,0,0,0,0,0,0,0,0,0,0,0,0,0,0,0,82,254,253,244,81,0,0,0,0,0,0,0,0,0,0,0,0,0,0,0,0,0,0,0,0,0,0,41,243,253,252,162,0,0,0,0,0,0,0,0,0,0,0,0,0,0,0,0,0,0,0,0,0,0,0,132,253,254,233,0,0,0,0,0,0,0,0,0,0,0,0,0,0,0,0,0,0,0,0,0,0,0,82,253,252,253,70,0,0,0,0,0,0,0,0,0,0,0,0,0,0,0,0,0,0,0,0,0,0,0,123,254,253,203,0,0,0,0,0,0,0,0,0,0,0,0,0,0,0,0,0,0,0,0,0,0,0,0,203,253,252,122,0,0,0,0,0,0,0,0,0,0,0,0,0,0,0,0,0,0,0,0,0,0,0,11,213,254,253,82,0,11,92,41,0,0,0,0,0,0,0,0,0,0,0,0,0,0,0,0,0,0,0,51,252,253,252,0,41,173,252,243,162,0,0,0,0,0,0,0,0,0,0,0,0,0,0,0,0,0,0,0,203,254,253,152,233,254,253,254,253,62,0,0,0,0,0,0,0,0,0,0,0,0,0,0,0,0,0,0,203,253,252,253,252,253,252,253,252,61,0,0,0,0,0,0,0,0,0,0,0,0,0,0,0,0,0,0,183,254,253,254,253,254,253,254,253,0,0,0,0,0,0,0,0,0,0,0,0,0,0,0,0,0,0,0,102,253,252,253,252,253,252,253,252,0,0,0,0,0,0,0,0,0,0,0,0,0,0,0,0,0,0,0,41,234,253,255,253,255,253,244,81,0,0,0,0,0,0,0,0,0,0,0,0,0,0,0,0,0,0,0,0,71,252,253,252,253,252,81,0,0,0,0,0,0,0,0,0,0,0,0,0,0,0,0,0,0,0,0,0,21,203,255,253,255,151,0,0,0,0,0,0,0,0,0,0,0,0,0,0,0,0,0,0,0,0,0,0,0,20,253,212,233,91,0,0,0,0,0,0,0,0,0,0,0,0,0,0,0,0,0,0,0,0,0,0,0,0,0,0,0,0,0,0,0,0,0,0,0,0,0,0,0,0,0,0,0,0,0,0,0,0,0,0,0,0,0,0,0,0,0,0,0,0,0,0,0,0,0,0,0,0,0,0,0,0,0,0,0,0,0,0,0,0,0,0,0,0,0,0,0,0,0,0,0,0,0,0,0,0,0,0,0,0,0,0,0,0,0,0,0,0,0,0,0,0,0,0,0,0,0,0,0,0,0,0,0,0,0,0,0,0,0,0,0,0,0,0,0,0,0,0,0,0,0,0,0,0,0,0,0,0,0,0,0
7,0,0,0,0,0,0,0,0,0,0,0,0,0,0,0,0,0,0,0,0,0,0,0,0,0,0,0,0,0,0,0,0,0,0,0,0,0,0,0,0,0,0,0,0,0,0,0,0,0,0,0,0,0,0,0,0,0,0,0,0,0,0,0,0,0,0,0,0,0,0,0,0,0,0,0,0,0,0,0,0,0,0,0,0,0,0,0,0,0,0,0,0,0,0,0,0,0,0,0,0,0,0,0,0,0,0,0,0,0,0,0,0,0,0,0,0,0,0,0,0,0,0,0,0,0,0,0,0,0,0,0,0,0,0,0,0,0,0,0,0,0,0,0,0,0,0,0,0,0,0,0,0,0,0,0,0,0,0,0,0,0,0,0,0,0,0,0,0,0,0,0,0,0,0,0,0,0,0,0,0,0,0,0,0,0,0,0,0,0,0,0,0,0,0,0,0,0,0,0,0,0,0,0,0,0,0,69,220,254,175,199,172,138,91,20,0,0,0,0,0,0,0,0,0,0,0,0,0,0,0,0,0,0,20,210,254,254,254,254,248,254,254,218,35,0,0,0,0,0,0,0,0,0,0,0,0,0,0,0,0,0,84,254,254,129,65,66,44,65,103,233,157,0,0,0,0,0,0,0,0,0,0,0,0,0,0,0,0,6,174,254,192,4,0,0,0,0,5,211,194,0,0,0,0,0,0,0,0,0,0,0,0,0,0,0,0,55,254,226,28,0,0,0,0,0,73,254,123,0,0,0,0,0,0,0,0,0,0,0,0,0,0,0,0,139,244,79,0,0,0,0,0,0,116,254,123,0,0,0,0,0,0,0,0,0,0,0,0,0,0,0,0,205,204,0,0,0,0,0,0,0,187,254,51,0,0,0,0,0,0,0,0,0,0,0,0,0,0,0,0,73,99,0,0,0,0,0,0,71,248,195,4,0,0,0,0,0,0,0,0,0,0,0,0,0,0,0,0,0,0,0,0,0,0,0,0,130,254,130,0,0,0,0,0,0,0,0,0,0,0,0,0,0,0,0,0,0,0,0,0,0,0,0,70,252,243,36,0,0,0,0,0,0,0,0,0,0,0,0,0,0,0,0,0,0,0,0,0,0,0,6,180,254,139,0,0,0,0,0,0,0,0,0,0,0,0,0,0,0,0,0,0,0,0,0,0,0,0,91,254,254,108,0,0,0,0,0,0,0,0,0,0,0,0,0,0,0,0,0,0,0,0,0,0,0,0,151,254,227,15,0,0,0,0,0,0,0,0,0,0,0,0,0,0,0,0,0,0,0,0,0,0,0,38,236,254,147,0,0,0,0,0,0,0,0,0,0,0,0,0,0,0,0,0,0,0,0,0,0,0,0,96,254,251,71,0,0,0,0,0,0,0,0,0,0,0,0,0,0,0,0,0,0,0,0,0,0,0,0,207,254,195,0,0,0,0,0,0,0,0,0,0,0,0,0,0,0,0,0,0,0,0,0,0,0,0,41,250,255,155,0,0,0,0,0,0,0,0,0,0,0,0,0,0,0,0,0,0,0,0,0,0,0,0,75,254,254,108,0,0,0,0,0,0,0,0,0,0,0,0,0,0,0,0,0,0,0,0,0,0,0,0,75,254,249,29,0,0,0,0,0,0,0,0,0,0,0,0,0,0,0,0,0,0,0,0,0,0,0,0,51,225,166,0,0,0,0,0,0,0,0,0,0,0,0,0,0,0,0,0,0,0,0,0,0,0,0,0,0,0,0,0,0,0,0,0,0,0,0,0,0,0,0,0
2,0,0,0,0,0,0,0,0,0,0,0,0,0,0,0,0,0,0,0,0,0,0,0,0,0,0,0,0,0,0,0,0,0,0,0,0,0,0,0,0,0,0,0,0,0,0,0,0,0,0,0,0,0,0,0,0,0,0,0,0,0,0,0,0,0,0,0,0,0,0,0,0,0,0,0,0,0,0,0,0,0,0,0,0,0,0,0,0,0,0,0,0,0,0,0,0,0,0,0,0,0,0,0,0,0,0,0,0,0,0,0,0,0,0,0,0,0,0,0,0,0,0,0,0,0,0,0,0,0,0,0,0,0,0,0,0,0,0,0,0,0,0,0,0,0,0,0,0,0,0,0,0,0,0,0,0,0,0,0,0,0,0,0,0,0,0,0,0,0,0,0,0,0,0,4,25,25,25,25,128,145,30,25,11,0,0,0,0,0,0,0,0,0,0,0,0,0,0,0,0,2,107,171,253,253,253,253,253,253,253,254,198,83,30,0,0,0,0,0,0,0,0,0,0,0,0,0,0,117,253,253,244,205,113,84,141,84,84,93,253,253,237,129,0,0,0,0,0,0,0,0,0,0,0,0,0,254,247,118,58,0,0,0,0,0,0,4,147,253,253,236,43,0,0,0,0,0,0,0,0,0,0,0,0,60,54,0,0,0,0,0,0,0,0,0,6,180,253,253,60,0,0,0,0,0,0,0,0,0,0,0,0,0,0,0,0,0,0,0,0,0,0,0,0,157,253,204,12,0,0,0,0,0,0,0,0,0,0,0,0,0,0,0,0,0,0,0,0,0,0,0,10,194,253,146,0,0,0,0,0,0,0,0,0,0,0,0,0,0,0,0,0,0,0,0,0,0,0,0,134,253,232,41,0,0,0,0,0,0,0,0,0,0,0,0,0,0,0,0,0,0,0,0,0,0,0,12,249,253,205,0,0,0,0,0,0,0,0,0,0,0,0,0,0,0,0,0,0,0,0,0,0,0,0,198,254,254,200,0,0,0,0,12,65,0,0,0,0,0,0,0,0,0,0,0,0,0,0,0,0,0,70,254,253,163,36,0,19,25,128,243,132,0,0,0,0,0,0,0,0,0,0,0,0,0,0,0,0,16,140,254,232,83,7,124,231,253,239,107,51,0,0,0,0,0,0,0,0,0,0,0,0,0,0,0,42,195,253,254,135,125,186,253,253,173,52,0,0,0,0,0,0,0,0,0,0,0,0,0,0,0,0,62,243,253,253,254,253,253,253,253,172,14,0,0,0,0,0,0,0,0,0,0,0,0,0,0,0,0,21,191,253,253,253,254,253,243,180,151,14,0,0,0,0,0,0,0,0,0,0,0,0,0,0,0,0,21,191,253,253,253,253,210,157,41,0,0,0,0,0,0,0,0,0,0,0,0,0,0,0,0,0,0,0,61,253,253,253,253,103,17,0,0,0,0,0,0,0,0,0,0,0,0,0,0,0,0,0,0,0,0,0,6,82,64,40,24,1,0,0,0,0,0,0,0,0,0,0,0,0,0,0,0,0,0,0,0,0,0,0,0,0,0,0,0,0,0,0,0,0,0,0,0,0,0,0,0,0,0,0,0,0,0,0,0,0,0,0,0,0,0,0,0,0,0,0,0,0,0,0,0,0,0,0,0,0,0,0,0,0,0,0,0,0,0,0,0,0,0,0,0,0,0,0,0,0,0,0,0,0,0,0,0,0,0,0,0,0,0,0,0,0,0,0,0,0,0,0,0,0,0,0,0,0,0,0,0,0,0,0,0,0,0,0
1,0,0,0,0,0,0,0,0,0,0,0,0,0,0,0,0,0,0,0,0,0,0,0,0,0,0,0,0,0,0,0,0,0,0,0,0,0,0,0,0,0,0,0,0,0,0,0,0,0,0,0,0,0,0,0,0,0,0,0,0,0,0,0,0,0,0,0,0,0,0,0,0,0,0,0,0,0,0,0,0,0,0,0,0,0,0,0,0,0,0,0,0,0,0,0,0,0,0,0,0,0,0,0,0,0,0,0,0,0,0,0,0,0,0,0,0,0,0,0,0,0,0,0,0,0,0,0,0,0,0,0,0,95,175,43,0,0,0,0,0,0,0,0,0,0,0,0,0,0,0,0,0,0,0,0,0,0,0,0,30,248,156,30,0,0,0,0,0,0,0,0,0,0,0,0,0,0,0,0,0,0,0,0,0,0,1,104,235,249,126,0,0,0,0,0,0,0,0,0,0,0,0,0,0,0,0,0,0,0,0,0,0,0,87,254,254,10,0,0,0,0,0,0,0,0,0,0,0,0,0,0,0,0,0,0,0,0,0,0,0,65,170,254,181,3,0,0,0,0,0,0,0,0,0,0,0,0,0,0,0,0,0,0,0,0,0,1,81,226,254,175,84,0,0,0,0,0,0,0,0,0,0,0,0,0,0,0,0,0,0,0,0,0,0,38,254,254,229,70,0,0,0,0,0,0,0,0,0,0,0,0,0,0,0,0,0,0,0,0,0,0,30,216,254,254,125,0,0,0,0,0,0,0,0,0,0,0,0,0,0,0,0,0,0,0,0,0,0,32,216,254,254,155,64,0,0,0,0,0,0,0,0,0,0,0,0,0,0,0,0,0,0,0,0,0,3,178,254,254,196,20,0,0,0,0,0,0,0,0,0,0,0,0,0,0,0,0,0,0,0,0,0,0,136,254,254,242,20,0,0,0,0,0,0,0,0,0,0,0,0,0,0,0,0,0,0,0,0,0,0,7,231,254,247,79,0,0,0,0,0,0,0,0,0,0,0,0,0,0,0,0,0,0,0,0,0,0,0,82,254,254,142,0,0,0,0,0,0,0,0,0,0,0,0,0,0,0,0,0,0,0,0,0,0,0,0,170,254,173,12,0,0,0,0,0,0,0,0,0,0,0,0,0,0,0,0,0,0,0,0,0,0,0,5,151,254,97,0,0,0,0,0,0,0,0,0,0,0,0,0,0,0,0,0,0,0,0,0,0,0,0,44,254,255,97,0,0,0,0,0,0,0,0,0,0,0,0,0,0,0,0,0,0,0,0,0,0,0,0,26,184,206,58,0,0,0,0,0,0,0,0,0,0,0,0,0,0,0,0,0,0,0,0,0,0,0,0,0,72,198,121,22,3,33,21,0,0,0,0,0,0,0,0,0,0,0,0,0,0,0,0,0,0,0,0,0,0,168,254,229,184,254,132,0,0,0,0,0,0,0,0,0,0,0,0,0,0,0,0,0,0,0,0,0,0,2,151,183,254,254,54,0,0,0,0,0,0,0,0,0,0,0,0,0,0,0,0,0,0,0,0,0,0,0,0,0,0,0,0,0,0,0,0,0,0,0,0,0,0,0,0,0,0,0,0,0,0,0,0,0,0,0,0,0,0,0,0,0,0,0,0,0,0,0,0,0,0,0,0,0,0,0,0,0,0,0,0,0,0,0,0,0,0,0,0,0,0,0,0,0,0,0,0,0,0,0,0,0,0,0,0,0,0,0,0,0,0,0,0,0,0,0,0,0,0,0,0,0,0,0,0,0,0,0
0,0,0,0,0,0,0,0,0,0,0,0,0,0,0,0,0,0,0,0,0,0,0,0,0,0,0,0,0,0,0,0,0,0,0,0,0,0,0,0,0,0,0,0,0,0,0,0,0,0,0,0,0,0,0,0,0,0,0,0,0,0,0,0,0,0,0,0,0,0,0,0,0,0,0,0,0,0,0,0,0,0,0,0,0,0,0,0,0,0,0,0,0,0,0,0,0,0,0,0,0,0,0,0,0,0,0,0,0,0,0,0,0,0,0,0,0,0,0,0,0,0,0,0,0,0,0,0,0,0,0,0,0,0,0,0,0,0,0,0,0,0,0,0,0,0,0,0,0,0,0,0,0,0,19,192,255,129,37,50,74,0,0,0,0,0,0,0,0,0,0,0,0,0,0,0,0,0,0,0,0,0,81,252,253,237,80,229,239,96,0,0,0,0,0,0,0,0,0,0,0,0,0,0,0,0,0,0,0,6,197,252,253,183,15,252,252,222,0,0,0,0,0,0,0,0,0,0,0,0,0,0,0,0,0,0,0,90,252,252,253,44,15,252,252,222,0,0,0,0,0,0,0,0,0,0,0,0,0,0,0,0,0,0,0,133,252,252,253,44,15,252,252,222,0,0,0,0,0,0,0,0,0,0,0,0,0,0,0,0,0,4,110,248,252,252,161,13,104,252,252,222,0,0,0,0,0,0,0,0,0,0,0,0,0,0,0,0,0,30,252,252,252,252,0,0,15,252,252,222,0,0,0,0,0,0,0,0,0,0,0,0,0,0,0,0,0,30,252,252,252,111,0,0,68,252,252,82,0,0,0,0,0,0,0,0,0,0,0,0,0,0,0,0,14,157,252,252,217,24,0,46,231,252,194,17,0,0,0,0,0,0,0,0,0,0,0,0,0,0,0,0,75,252,252,199,85,0,0,147,252,252,177,0,0,0,0,0,0,0,0,0,0,0,0,0,0,0,0,0,76,253,253,163,0,0,0,209,253,253,117,0,0,0,0,0,0,0,0,0,0,0,0,0,0,0,0,0,110,252,252,40,0,0,25,218,252,223,22,0,0,0,0,0,0,0,0,0,0,0,0,0,0,0,0,0,223,252,244,13,0,0,201,252,242,47,0,0,0,0,0,0,0,0,0,0,0,0,0,0,0,0,0,0,223,252,118,0,0,71,253,252,237,0,0,0,0,0,0,0,0,0,0,0,0,0,0,0,0,0,0,36,232,243,83,0,0,149,253,252,105,0,0,0,0,0,0,0,0,0,0,0,0,0,0,0,0,0,0,120,252,222,0,11,144,222,253,192,26,0,0,0,0,0,0,0,0,0,0,0,0,0,0,0,0,0,0,56,236,238,63,90,252,252,253,44,0,0,0,0,0,0,0,0,0,0,0,0,0,0,0,0,0,0,0,0,223,252,244,243,252,252,102,3,0,0,0,0,0,0,0,0,0,0,0,0,0,0,0,0,0,0,0,0,183,239,252,252,217,120,0,0,0,0,0,0,0,0,0,0,0,0,0,0,0,0,0,0,0,0,0,0,0,91,172,103,24,0,0,0,0,0,0,0,0,0,0,0,0,0,0,0,0,0,0,0,0,0,0,0,0,0,0,0,0,0,0,0,0,0,0,0,0,0,0,0,0,0,0,0,0,0,0,0,0,0,0,0,0,0,0,0,0,0,0,0,0,0,0,0,0,0,0,0,0,0,0,0,0,0,0,0,0,0,0,0,0,0,0,0,0,0,0,0,0,0,0,0,0,0,0,0,0,0,0
5,0,0,0,0,0,0,0,0,0,0,0,0,0,0,0,0,0,0,0,0,0,0,0,0,0,0,0,0,0,0,0,0,0,0,0,0,0,0,0,0,0,0,0,0,0,0,0,0,0,0,0,0,0,0,0,0,0,0,0,0,0,0,0,0,0,0,0,0,0,0,0,0,0,0,0,0,0,0,0,0,0,0,0,0,0,0,0,0,0,0,0,0,0,0,0,0,0,0,0,0,0,0,0,0,0,0,0,0,0,0,0,0,0,0,0,0,0,0,0,0,0,0,0,0,0,0,0,0,0,0,0,0,0,11,24,97,138,44,76,0,0,0,0,0,0,0,0,0,0,0,0,0,0,0,0,0,0,0,9,47,89,203,253,252,218,164,92,0,0,0,0,0,0,0,0,0,0,0,0,0,0,0,0,0,0,70,155,252,252,252,215,110,19,0,0,0,0,0,0,0,0,0,0,0,0,0,0,0,0,0,68,134,207,253,252,227,160,56,21,0,0,0,0,0,0,0,0,0,0,0,0,0,0,0,0,0,127,230,246,252,252,190,117,16,0,0,0,0,0,0,0,0,0,0,0,0,0,0,0,0,0,0,19,181,255,253,247,188,116,0,0,0,0,0,0,0,0,0,0,0,0,0,0,0,0,0,0,0,0,13,215,252,253,223,98,0,0,0,0,0,0,0,0,0,0,0,0,0,0,0,0,0,0,0,0,0,13,172,252,252,205,25,0,0,0,0,0,0,0,0,0,0,0,0,0,0,0,0,0,0,0,0,0,0,47,252,252,252,116,0,0,0,0,0,0,0,0,0,0,0,0,0,0,0,0,0,0,0,0,0,0,0,5,190,252,252,231,42,0,0,0,0,0,0,0,0,0,0,0,0,0,0,0,0,0,0,0,0,0,0,22,116,157,241,255,232,55,5,0,0,0,0,0,0,0,0,0,0,0,0,0,0,0,0,0,0,0,5,38,0,0,42,232,252,252,119,0,0,0,0,0,0,0,0,0,0,0,0,0,0,0,0,0,0,0,108,174,0,0,0,48,227,252,227,48,0,0,0,0,0,0,0,0,0,0,0,0,0,0,0,0,0,0,138,92,0,0,0,0,50,227,252,232,43,0,0,0,0,0,0,0,0,0,0,0,0,0,0,0,0,0,191,92,0,0,0,0,0,48,232,252,220,0,0,0,0,0,0,0,0,0,0,0,0,0,0,0,0,0,255,159,7,0,0,0,0,0,145,253,255,92,0,0,0,0,0,0,0,0,0,0,0,0,0,0,0,0,180,252,186,67,47,22,30,47,174,252,253,92,0,0,0,0,0,0,0,0,0,0,0,0,0,0,0,0,101,227,252,252,252,216,228,252,252,252,236,25,0,0,0,0,0,0,0,0,0,0,0,0,0,0,0,0,0,50,185,252,252,253,252,252,252,252,94,0,0,0,0,0,0,0,0,0,0,0,0,0,0,0,0,0,0,0,7,22,22,86,137,137,96,22,0,0,0,0,0,0,0,0,0,0,0,0,0,0,0,0,0,0,0,0,0,0,0,0,0,0,0,0,0,0,0,0,0,0,0,0,0,0,0,0,0,0,0,0,0,0,0,0,0,0,0,0,0,0,0,0,0,0,0,0,0,0,0,0,0,0,0,0,0,0,0,0,0,0,0,0,0,0,0,0,0,0,0,0,0,0,0,0,0,0,0,0,0,0,0,0,0,0,0,0,0,0,0,0,0,0,0,0,0,0,0,0,0,0,0,0,0,0,0,0,0,0,0
5,0,0,0,0,0,0,0,0,0,0,0,0,0,0,0,0,0,0,0,0,0,0,0,0,0,0,0,0,0,0,0,0,0,0,0,0,0,0,0,0,0,0,0,0,0,0,0,0,0,0,0,0,0,0,0,0,0,0,0,0,0,0,0,0,0,0,0,0,0,0,0,0,0,0,0,0,0,0,0,0,0,0,0,0,0,0,0,0,0,0,0,0,0,0,0,0,0,0,0,0,0,0,0,0,0,0,0,0,0,0,0,0,0,0,0,0,0,0,0,0,0,0,0,0,0,0,0,0,0,0,0,0,0,0,0,0,0,0,0,0,0,0,0,0,0,0,0,0,0,0,0,79,195,159,72,0,0,0,0,0,0,0,0,0,0,0,0,0,0,0,0,0,0,0,0,0,0,0,22,245,254,254,244,143,0,0,0,0,0,0,0,0,0,0,0,0,0,0,0,0,0,0,0,0,0,0,130,254,254,254,254,242,146,92,77,0,0,0,0,0,0,0,0,0,0,0,0,0,0,0,0,0,0,0,217,254,254,254,254,255,254,254,254,251,251,251,176,106,0,0,0,0,0,0,0,0,0,0,0,0,0,0,217,254,254,154,104,38,38,67,134,95,102,120,37,0,0,0,0,0,0,0,0,0,0,0,0,0,0,0,107,230,254,43,0,0,0,0,0,0,0,0,0,0,0,0,0,0,0,0,0,0,0,0,0,0,0,0,0,183,254,63,0,0,0,0,0,0,0,0,0,0,0,0,0,0,0,0,0,0,0,0,0,0,0,0,0,139,254,139,0,0,0,0,0,0,0,0,0,0,0,0,0,0,0,0,0,0,0,0,0,0,0,0,0,27,248,206,0,0,0,0,0,0,0,0,0,0,0,0,0,0,0,0,0,0,0,0,0,0,0,0,0,0,154,253,91,0,0,0,0,0,0,0,0,0,0,0,0,0,0,0,0,0,0,0,0,0,0,0,0,0,144,254,177,1,0,0,0,0,0,0,0,0,0,0,0,0,0,0,0,0,0,0,0,0,0,0,0,0,17,226,254,80,0,0,0,0,0,0,0,0,0,0,0,0,0,0,0,0,0,0,0,0,0,0,0,0,0,123,254,207,9,0,0,0,0,0,0,0,0,0,0,0,0,0,0,0,0,0,0,0,0,0,0,0,0,32,219,254,92,0,0,0,0,0,0,0,0,0,0,0,0,0,0,0,0,0,0,0,125,3,0,0,0,0,83,254,240,0,0,0,0,0,0,0,0,0,0,0,0,0,0,0,0,0,0,0,81,69,0,0,0,0,8,228,248,58,0,0,0,0,0,0,0,0,0,0,0,0,0,0,0,0,0,0,148,241,70,42,4,0,0,70,254,208,8,0,0,0,0,0,0,0,0,0,0,0,0,0,0,0,0,0,0,199,254,254,236,116,0,49,254,254,19,0,0,0,0,0,0,0,0,0,0,0,0,0,0,0,0,0,0,7,111,194,253,252,226,232,254,215,9,0,0,0,0,0,0,0,0,0,0,0,0,0,0,0,0,0,0,0,0,0,117,158,226,254,207,44,0,0,0,0,0,0,0,0,0,0,0,0,0,0,0,0,0,0,0,0,0,0,0,0,0,0,0,0,0,0,0,0,0,0,0,0,0,0,0,0,0,0,0,0,0,0,0,0,0,0,0,0,0,0,0,0,0,0,0,0,0,0,0,0,0,0,0,0,0,0,0,0,0,0,0,0,0,0,0,0,0,0,0,0,0,0,0,0,0,0,0,0,0,0
2,0,0,0,0,0,0,0,0,0,0,0,0,0,0,0,0,0,0,0,0,0,0,0,0,0,0,0,0,0,0,0,0,0,0,0,0,0,0,0,0,0,0,0,0,0,0,0,0,0,0,0,0,0,0,0,0,0,0,0,0,0,0,0,0,0,0,0,0,0,0,0,0,0,0,0,0,0,0,0,0,0,0,0,0,0,0,0,0,0,0,0,0,0,14,139,143,143,143,143,62,5,0,0,0,0,0,0,0,0,0,0,0,0,0,0,0,0,0,0,0,47,206,252,252,252,252,252,252,138,29,0,0,0,0,0,0,0,0,0,0,0,0,0,0,0,0,0,0,67,252,252,252,252,252,252,252,252,214,74,0,0,0,0,0,0,0,0,0,0,0,0,0,0,0,0,0,76,244,251,214,121,73,121,209,252,253,250,108,1,0,0,0,0,0,0,0,0,0,0,0,0,0,0,0,138,72,141,69,0,0,0,27,207,253,252,252,35,0,0,0,0,0,0,0,0,0,0,0,0,0,0,0,0,0,0,0,0,0,0,0,72,253,252,252,121,0,0,0,0,0,0,0,0,0,0,0,0,0,0,0,0,0,0,0,0,0,0,0,0,99,249,252,121,0,0,0,0,0,0,0,0,0,0,0,0,0,0,0,0,0,0,0,0,0,0,0,0,21,223,252,121,0,0,0,0,0,0,0,0,0,0,0,0,0,0,0,0,0,0,0,0,0,0,0,0,34,252,252,121,0,0,0,0,0,0,0,0,0,0,0,0,0,0,0,0,0,0,0,0,0,0,0,0,177,252,252,121,0,0,0,0,0,0,0,0,0,0,0,0,0,0,0,0,0,0,0,0,0,0,25,177,255,253,253,59,0,0,0,0,0,0,0,0,0,0,0,0,0,0,0,0,0,0,0,24,72,176,233,252,253,252,154,3,0,0,0,0,0,0,0,0,0,0,0,0,0,0,0,27,100,109,209,224,252,252,252,252,253,252,44,0,0,0,0,0,0,0,0,0,0,0,0,0,0,0,195,245,252,252,252,252,252,252,252,252,253,223,25,0,0,0,0,0,0,0,0,0,0,0,0,0,0,0,253,252,252,252,252,252,252,252,252,252,253,252,180,55,0,0,0,0,0,0,0,0,0,0,0,0,0,0,253,252,252,252,252,252,252,252,187,69,128,252,252,248,174,19,0,0,0,0,0,0,0,0,0,0,0,0,249,252,252,252,252,252,252,250,63,0,3,50,174,247,252,236,126,10,0,0,0,0,0,0,0,0,0,0,143,252,252,252,252,252,250,124,0,0,0,0,0,62,184,219,252,235,121,25,0,0,0,0,0,0,0,0,100,195,252,252,252,225,72,0,0,0,0,0,0,0,0,52,119,128,199,190,0,0,0,0,0,0,0,0,0,38,142,142,71,21,0,0,0,0,0,0,0,0,0,0,0,0,10,19,0,0,0,0,0,0,0,0,0,0,0,0,0,0,0,0,0,0,0,0,0,0,0,0,0,0,0,0,0,0,0,0,0,0,0,0,0,0,0,0,0,0,0,0,0,0,0,0,0,0,0,0,0,0,0,0,0,0,0,0,0,0,0,0,0,0,0,0,0,0,0,0,0,0,0,0,0,0,0,0,0,0,0,0,0,0,0,0,0,0,0,0,0,0,0,0,0,0,0,0,0,0,0,0,0,0,0,0,0,0,0,0,0,0,0,0,0,0,0,0,0,0,0,0,0,0,0,0,0,0,0,0,0,0,0,0,0,0,0,0,0
0,0,0,0,0,0,0,0,0,0,0,0,0,0,0,0,0,0,0,0,0,0,0,0,0,0,0,0,0,0,0,0,0,0,0,0,0,0,0,0,0,0,0,0,0,0,0,0,0,0,0,0,0,0,0,0,0,0,0,0,0,0,0,0,0,0,0,0,0,0,0,0,0,0,0,0,0,0,0,0,0,0,0,0,0,0,0,0,0,0,0,0,0,0,0,0,0,0,0,0,0,0,0,0,0,0,0,0,0,0,0,0,0,0,0,0,0,0,0,0,0,0,0,0,0,0,0,0,0,0,0,0,0,0,0,0,0,0,0,0,0,0,0,0,0,0,0,0,0,0,0,0,0,0,0,0,0,0,0,0,0,0,0,0,0,0,0,0,0,0,0,0,0,0,0,0,0,0,0,0,0,0,0,86,38,38,28,48,0,0,0,0,0,0,0,0,0,0,0,0,0,0,0,0,0,0,0,0,0,117,25,253,221,221,136,227,198,131,0,0,0,0,0,0,0,0,0,0,0,0,0,0,0,0,0,57,169,224,128,253,252,252,252,252,253,224,137,10,0,0,0,0,0,0,0,0,0,0,0,0,0,0,0,163,252,252,252,253,252,252,252,252,253,252,252,161,0,0,0,0,0,0,0,0,0,0,0,0,0,0,114,159,253,253,253,255,152,140,140,140,141,178,253,253,112,0,0,0,0,0,0,0,0,0,0,0,0,48,253,252,252,252,252,27,3,0,0,0,0,85,252,252,237,0,0,0,0,0,0,0,0,0,0,0,132,227,253,252,239,180,55,0,0,0,0,0,0,85,252,252,252,0,0,0,0,0,0,0,0,0,10,60,224,252,253,179,65,0,0,0,0,0,0,0,0,101,252,252,252,0,0,0,0,0,0,0,0,0,85,252,252,252,112,12,0,0,0,0,0,0,0,0,0,225,252,252,252,0,0,0,0,0,0,0,0,0,147,253,253,190,0,0,0,0,0,0,0,0,0,0,255,253,253,253,112,0,0,0,0,0,0,0,0,0,225,252,226,12,0,0,0,0,0,0,0,67,85,163,253,252,233,151,12,0,0,0,0,0,0,0,0,120,246,252,114,0,0,0,0,0,0,57,104,240,252,252,253,186,43,0,0,0,0,0,0,0,0,0,0,159,252,252,103,13,16,26,60,169,169,253,252,252,252,252,84,56,0,0,0,0,0,0,0,0,0,0,0,113,252,252,252,189,203,240,252,252,252,253,252,252,236,112,0,0,0,0,0,0,0,0,0,0,0,0,0,114,253,253,253,253,255,253,253,178,140,204,140,140,47,0,0,0,0,0,0,0,0,0,0,0,0,0,0,12,181,252,252,252,168,167,136,9,0,15,0,0,0,0,0,0,0,0,0,0,0,0,0,0,0,0,0,0,19,87,102,55,0,0,0,0,0,0,0,0,0,0,0,0,0,0,0,0,0,0,0,0,0,0,0,0,0,0,0,0,0,0,0,0,0,0,0,0,0,0,0,0,0,0,0,0,0,0,0,0,0,0,0,0,0,0,0,0,0,0,0,0,0,0,0,0,0,0,0,0,0,0,0,0,0,0,0,0,0,0,0,0,0,0,0,0,0,0,0,0,0,0,0,0,0,0,0,0,0,0,0,0,0,0,0,0,0,0,0,0,0,0,0,0,0,0,0,0,0,0,0,0,0,0,0,0,0,0,0,0,0,0,0,0,0,0,0,0,0,0,0,0,0,0,0,0,0,0,0,0,0,0,0,0,0,0,0,0,0,0,0
2,0,0,0,0,0,0,0,0,0,0,0,0,0,0,0,0,0,0,0,0,0,0,0,0,0,0,0,0,0,0,0,0,0,0,0,0,0,0,0,0,0,0,0,0,0,0,0,0,0,0,0,0,0,0,0,0,0,0,0,0,0,0,0,0,0,0,0,0,0,0,0,0,0,0,0,0,0,0,0,0,0,0,0,0,0,0,0,0,0,0,0,0,0,0,0,0,0,0,0,0,0,0,0,0,0,0,0,0,0,0,0,0,0,0,0,0,0,0,0,0,29,240,245,227,164,80,0,0,0,0,0,0,0,0,0,0,0,0,0,0,0,0,0,0,0,0,0,0,17,138,174,102,183,208,219,30,0,0,0,0,0,0,0,0,0,0,0,0,0,0,0,0,0,0,0,0,0,0,0,0,0,37,181,219,53,0,0,0,0,0,0,0,0,0,0,0,0,0,0,0,0,0,0,0,0,0,0,0,0,0,36,231,205,6,0,0,0,0,0,0,0,0,0,0,0,0,0,0,0,0,0,0,0,0,0,0,0,0,0,83,254,87,0,0,0,0,0,0,0,0,0,0,0,0,0,0,0,0,0,0,0,0,0,0,0,0,0,61,251,201,0,0,0,0,0,0,0,0,0,0,0,0,0,0,0,0,0,0,0,0,0,0,0,0,0,0,237,201,0,0,0,0,0,0,0,0,0,0,0,0,0,0,0,0,0,0,0,0,0,0,0,0,0,30,244,201,0,0,0,0,0,0,0,0,0,0,0,0,0,0,0,0,0,0,0,0,0,0,0,0,0,71,254,201,0,0,0,0,0,0,0,0,0,0,0,0,0,0,0,0,0,0,0,0,0,0,0,0,0,101,254,140,0,0,0,0,0,0,0,0,0,0,0,0,0,0,0,0,0,0,0,0,0,0,0,0,53,221,255,26,0,0,0,0,0,0,0,0,0,0,0,0,0,0,0,0,0,0,0,0,0,0,0,25,188,254,194,1,0,0,0,0,0,0,0,0,0,0,0,0,0,0,0,0,0,0,0,0,0,0,0,110,255,237,55,0,0,0,0,0,0,0,0,0,0,0,0,0,0,0,0,0,0,0,0,0,0,0,27,246,238,85,0,0,0,0,0,0,0,0,0,0,0,0,0,0,0,0,0,0,0,0,0,0,0,55,208,254,160,0,0,0,0,0,0,0,0,0,0,0,0,0,0,0,0,0,0,0,0,0,0,0,0,148,254,241,15,0,0,0,0,0,0,0,0,0,0,0,0,0,0,0,0,0,0,0,0,0,0,0,61,241,254,127,0,0,0,0,0,0,0,0,0,0,0,0,0,0,0,0,0,0,0,0,0,0,0,0,76,249,251,64,7,0,0,0,0,0,0,0,0,0,0,0,0,0,0,0,0,0,0,0,0,0,0,0,0,90,224,254,209,184,184,124,92,0,0,0,0,0,0,0,0,0,0,0,0,0,0,0,0,0,0,0,0,0,30,109,166,166,196,227,137,0,0,0,0,0,0,0,0,0,0,0,0,0,0,0,0,0,0,0,0,0,0,0,0,0,0,0,0,0,0,0,0,0,0,0,0,0,0,0,0,0,0,0,0,0,0,0,0,0,0,0,0,0,0,0,0,0,0,0,0,0,0,0,0,0,0,0,0,0,0,0,0,0,0,0,0,0,0,0,0,0,0,0,0,0,0,0,0,0,0,0,0,0,0,0,0,0,0,0,0,0,0,0,0,0,0,0,0,0,0,0,0,0,0,0,0,0,0,0,0,0
2,0,0,0,0,0,0,0,0,0,0,0,0,0,0,0,0,0,0,0,0,0,0,0,0,0,0,0,0,0,0,0,0,0,0,0,0,0,0,0,0,0,0,0,0,0,0,0,0,0,0,0,0,0,0,0,0,0,0,0,0,0,0,0,0,0,0,0,0,0,0,0,0,0,0,0,0,0,0,0,0,0,0,0,0,0,0,0,0,0,0,0,0,0,11,175,254,218,139,32,0,0,0,0,0,0,0,0,0,0,0,0,0,0,0,0,0,0,0,0,0,0,108,252,253,252,252,237,32,0,0,0,0,0,0,0,0,0,0,0,0,0,0,0,0,0,0,0,0,0,6,109,21,56,180,252,147,0,0,0,0,0,0,0,0,0,0,0,0,0,0,0,0,0,0,0,0,0,0,0,0,0,16,231,252,27,0,0,0,0,0,0,0,0,0,0,0,0,0,0,0,0,0,0,0,0,0,0,0,0,0,81,252,106,0,0,0,0,0,0,0,0,0,0,0,0,0,0,0,0,0,0,0,0,0,0,0,0,0,54,247,124,0,0,0,0,0,0,0,0,0,0,0,0,0,0,0,0,0,0,0,0,0,0,0,0,0,0,211,211,0,0,0,0,0,0,0,0,0,0,0,0,0,0,0,0,0,0,0,0,0,0,0,0,0,0,211,211,0,0,0,0,0,0,0,0,0,0,0,0,0,0,0,0,0,0,0,0,0,0,38,64,59,16,221,211,0,0,0,0,0,0,0,0,0,0,0,0,0,0,0,0,0,0,0,0,0,45,192,252,249,221,252,211,0,0,0,0,0,0,0,0,0,0,0,0,0,0,0,0,0,0,0,0,11,219,254,253,218,253,253,219,29,0,0,0,0,0,0,0,0,0,0,0,0,0,0,0,0,0,0,8,171,252,186,63,11,189,252,253,196,7,0,0,0,0,0,0,0,0,0,0,0,0,0,0,0,0,0,22,252,190,53,0,11,211,252,253,252,216,7,0,0,0,0,0,0,0,0,0,0,0,0,0,0,0,0,66,252,68,0,0,16,231,252,172,210,252,170,37,0,0,0,0,0,0,0,0,0,0,0,0,0,0,0,110,252,147,0,0,0,169,252,106,14,191,252,235,132,0,0,0,0,0,0,0,0,0,0,0,0,0,0,66,253,147,0,0,84,253,236,45,0,9,176,247,255,253,83,0,0,0,0,0,0,0,0,0,0,0,0,22,252,182,0,0,206,252,147,0,0,0,0,97,168,168,40,0,0,0,0,0,0,0,0,0,0,0,0,11,210,252,171,127,242,212,29,0,0,0,0,0,0,0,0,0,0,0,0,0,0,0,0,0,0,0,0,0,142,252,253,252,247,63,0,0,0,0,0,0,0,0,0,0,0,0,0,0,0,0,0,0,0,0,0,0,11,86,165,217,47,0,0,0,0,0,0,0,0,0,0,0,0,0,0,0,0,0,0,0,0,0,0,0,0,0,0,0,0,0,0,0,0,0,0,0,0,0,0,0,0,0,0,0,0,0,0,0,0,0,0,0,0,0,0,0,0,0,0,0,0,0,0,0,0,0,0,0,0,0,0,0,0,0,0,0,0,0,0,0,0,0,0,0,0,0,0,0,0,0,0,0,0,0,0,0,0,0,0,0,0,0,0,0,0,0,0,0,0,0,0,0,0,0,0,0,0,0,0,0,0,0,0,0,0,0,0,0,0,0,0,0,0,0,0,0,0,0,0,0,0,0,0,0,0,0,0,0,0,0,0,0,0,0,0
0,0,0,0,0,0,0,0,0,0,0,0,0,0,0,0,0,0,0,0,0,0,0,0,0,0,0,0,0,0,0,0,0,0,0,0,0,0,0,0,0,0,0,0,0,0,0,0,0,0,0,0,0,0,0,0,0,0,0,0,0,0,0,0,0,0,0,0,0,0,0,0,0,0,0,0,0,0,0,0,0,0,0,0,0,0,0,0,0,0,0,0,0,0,0,0,0,0,0,0,0,0,0,0,0,0,0,0,0,0,0,0,0,0,0,0,0,0,0,0,0,0,0,0,0,0,0,0,0,0,0,0,0,0,0,0,0,0,0,0,0,0,0,0,0,0,0,0,0,0,0,0,26,164,249,161,14,0,0,0,0,0,0,0,0,0,0,0,0,0,0,0,0,0,0,0,0,0,0,6,218,254,254,254,128,70,152,93,2,0,0,0,0,0,0,0,0,0,0,0,0,0,0,0,0,0,0,90,254,254,126,238,254,254,254,254,174,30,0,0,0,0,0,0,0,0,0,0,0,0,0,0,0,0,12,207,254,219,17,228,254,239,155,243,254,124,0,0,0,0,0,0,0,0,0,0,0,0,0,0,0,0,23,254,254,113,106,254,254,155,0,64,251,205,4,0,0,0,0,0,0,0,0,0,0,0,0,0,0,0,58,254,254,27,237,254,111,148,0,0,212,254,70,0,0,0,0,0,0,0,0,0,0,0,0,0,0,0,173,254,196,51,249,224,14,120,0,0,157,254,125,0,0,0,0,0,0,0,0,0,0,0,0,0,0,36,254,254,113,27,244,122,0,109,45,0,157,254,125,0,0,0,0,0,0,0,0,0,0,0,0,0,0,36,254,246,6,0,237,204,0,14,55,0,209,254,42,0,0,0,0,0,0,0,0,0,0,0,0,0,0,115,254,246,0,0,102,244,150,31,0,15,248,254,36,0,0,0,0,0,0,0,0,0,0,0,0,0,0,200,254,171,0,0,0,87,133,31,0,92,254,229,19,0,0,0,0,0,0,0,0,0,0,0,0,0,0,215,254,156,0,0,0,0,0,0,0,170,254,163,0,0,0,0,0,0,0,0,0,0,0,0,0,0,0,215,254,124,0,0,0,0,0,0,4,231,254,79,0,0,0,0,0,0,0,0,0,0,0,0,0,0,0,215,254,67,0,0,0,0,0,0,94,254,181,8,0,0,0,0,0,0,0,0,0,0,0,0,0,0,0,215,254,91,0,0,0,0,0,12,227,254,75,0,0,0,0,0,0,0,0,0,0,0,0,0,0,0,0,164,254,175,0,0,0,0,0,150,254,130,1,0,0,0,0,0,0,0,0,0,0,0,0,0,0,0,0,49,254,250,56,0,0,8,126,247,238,42,0,0,0,0,0,0,0,0,0,0,0,0,0,0,0,0,0,7,202,254,238,62,48,204,254,243,81,0,0,0,0,0,0,0,0,0,0,0,0,0,0,0,0,0,0,0,44,246,254,254,254,254,232,57,0,0,0,0,0,0,0,0,0,0,0,0,0,0,0,0,0,0,0,0,0,33,165,253,202,118,14,0,0,0,0,0,0,0,0,0,0,0,0,0,0,0,0,0,0,0,0,0,0,0,0,0,0,0,0,0,0,0,0,0,0,0,0,0,0,0,0,0,0,0,0,0,0,0,0,0,0,0,0,0,0,0,0,0,0,0,0,0,0,0,0,0,0,0,0,0,0,0,0,0,0,0,0,0,0,0,0,0,0,0,0,0,0,0,0,0,0,0,0,0,0,0,0
2,0,0,0,0,0,0,0,0,0,0,0,0,0,0,0,0,0,0,0,0,0,0,0,0,0,0,0,0,0,0,0,0,0,0,0,0,0,0,0,0,0,0,0,0,0,0,0,0,0,0,0,0,0,0,0,0,0,0,0,0,0,0,0,0,0,0,0,0,0,0,0,0,0,0,0,0,0,0,0,0,0,0,0,0,0,0,0,0,0,0,0,0,0,0,0,0,0,0,0,0,0,0,0,0,0,0,0,0,0,0,0,0,0,0,0,0,0,0,0,0,0,0,0,0,0,141,170,255,170,0,0,0,0,0,0,0,0,0,0,0,0,0,0,0,0,0,0,0,0,0,29,170,255,198,170,170,255,226,0,0,0,0,0,0,0,0,0,0,0,0,0,0,0,0,0,0,0,0,226,255,141,0,0,0,114,255,0,0,0,0,0,0,0,0,0,0,0,0,0,0,0,0,0,0,0,198,170,57,0,0,0,0,57,255,0,0,0,0,0,0,0,0,0,0,0,0,0,0,0,0,0,0,0,57,0,0,0,0,0,0,86,255,0,0,0,0,0,0,0,0,0,0,0,0,0,0,0,0,0,0,0,0,0,0,0,0,0,0,170,255,0,0,0,0,0,0,0,0,0,0,0,0,0,0,0,0,0,0,0,0,0,0,0,0,0,0,255,226,0,0,0,0,0,0,0,0,0,0,0,0,0,0,0,0,0,0,0,0,0,0,0,0,0,86,255,114,0,0,0,0,0,0,0,0,0,0,0,0,0,0,0,0,0,0,0,0,0,0,0,0,0,226,255,0,0,0,0,0,0,0,0,0,0,0,0,0,0,0,0,0,0,0,0,0,0,0,0,0,86,255,141,0,0,0,0,0,0,0,0,0,0,0,0,0,0,0,0,0,0,0,0,0,0,0,0,29,255,226,0,0,0,0,0,0,0,0,0,0,0,0,0,0,0,0,0,0,0,0,0,0,0,0,0,170,255,29,0,0,0,0,0,0,0,0,0,0,0,0,0,0,0,0,0,0,0,0,0,0,0,0,86,255,86,0,0,0,0,0,0,0,0,0,0,0,0,0,0,0,0,0,0,0,0,0,0,0,0,57,255,226,0,0,0,0,0,0,0,0,0,0,0,0,0,0,0,0,0,0,0,0,0,0,0,0,0,226,226,29,0,0,0,0,0,0,0,0,0,0,0,0,0,0,0,0,0,0,0,0,0,0,0,0,226,255,255,255,255,226,170,29,0,0,0,0,0,0,0,0,0,0,0,0,0,0,0,0,0,0,0,86,255,255,226,170,86,170,255,255,86,0,0,0,0,0,0,0,0,0,0,0,0,0,0,0,0,0,0,255,255,86,0,0,0,0,0,170,255,86,0,0,0,0,0,0,0,0,0,0,0,0,0,0,0,0,170,255,29,0,0,0,0,0,0,0,255,141,0,0,0,0,0,0,0,0,0,0,0,0,0,0,0,0,255,86,0,0,0,0,0,0,0,0,0,0,0,0,0,0,0,0,0,0,0,0,0,0,0,0,0,0,0,0,0,0,0,0,0,0,0,0,0,0,0,0,0,0,0,0,0,0,0,0,0,0,0,0,0,0,0,0,0,0,0,0,0,0,0,0,0,0,0,0,0,0,0,0,0,0,0,0,0,0,0,0,0,0,0,0,0,0,0,0,0,0,0,0,0,0,0,0,0,0,0,0,0,0,0,0,0,0,0,0,0,0,0,0,0,0,0,0,0,0,0,0,0,0,0,0,0,0,0,0,0,0
4,0,0,0,0,0,0,0,0,0,0,0,0,0,0,0,0,0,0,0,0,0,0,0,0,0,0,0,0,0,0,0,0,0,0,0,0,0,0,0,0,0,0,0,0,0,0,0,0,0,0,0,0,0,0,0,0,0,0,0,0,0,0,0,0,0,0,0,0,0,0,0,0,0,0,0,0,0,0,0,0,0,0,0,0,0,0,0,0,0,0,0,0,0,0,0,0,0,0,0,0,0,0,0,0,0,0,0,0,0,0,0,0,0,0,0,0,0,0,0,0,0,0,0,0,0,0,0,0,0,0,0,0,0,0,0,0,0,0,0,0,0,0,0,0,0,0,0,0,0,0,191,253,91,0,0,0,48,234,253,0,0,0,0,0,0,0,0,0,0,0,0,0,0,0,0,0,0,72,236,251,168,0,0,0,127,251,251,0,0,0,0,0,0,0,0,0,0,0,0,0,0,0,0,0,0,96,251,251,31,0,0,16,189,251,251,0,0,0,0,0,0,0,0,0,0,0,0,0,0,0,0,0,0,234,251,140,4,0,0,32,251,251,251,0,0,0,0,0,0,0,0,0,0,0,0,0,0,0,0,0,0,253,251,126,0,0,0,131,251,251,251,0,0,0,0,0,0,0,0,0,0,0,0,0,0,0,0,0,159,255,221,0,0,0,36,214,253,253,253,0,0,0,0,0,0,0,0,0,0,0,0,0,0,0,0,0,158,253,200,0,0,0,214,251,251,251,251,0,0,0,0,0,0,0,0,0,0,0,0,0,0,0,0,0,158,253,62,0,0,0,253,251,251,251,172,0,0,0,0,0,0,0,0,0,0,0,0,0,0,0,0,0,158,253,62,0,96,221,253,211,251,251,94,0,0,0,0,0,0,0,0,0,0,0,0,0,0,0,0,0,158,253,62,0,221,251,193,55,251,251,94,0,0,0,0,0,0,0,0,0,0,0,0,0,0,0,0,0,159,255,75,174,253,253,0,191,253,189,0,0,0,0,0,0,0,0,0,0,0,0,0,0,0,0,0,0,158,253,212,251,243,121,0,190,251,188,0,0,0,0,0,0,0,0,0,0,0,0,0,0,0,0,0,0,79,253,251,251,109,0,0,190,251,188,0,0,0,0,0,0,0,0,0,0,0,0,0,0,0,0,0,0,0,91,188,188,23,0,84,244,251,188,0,0,0,0,0,0,0,0,0,0,0,0,0,0,0,0,0,0,0,0,0,0,0,0,96,251,251,188,0,0,0,0,0,0,0,0,0,0,0,0,0,0,0,0,0,0,0,0,0,0,0,0,96,253,253,213,96,159,0,0,0,0,0,0,0,0,0,0,0,0,0,0,0,0,0,0,0,0,0,0,96,251,251,251,251,39,0,0,0,0,0,0,0,0,0,0,0,0,0,0,0,0,0,0,0,0,0,0,48,220,251,251,172,0,0,0,0,0,0,0,0,0,0,0,0,0,0,0,0,0,0,0,0,0,0,0,0,150,251,235,70,0,0,0,0,0,0,0,0,0,0,0,0,0,0,0,0,0,0,0,0,0,0,0,0,32,251,188,0,0,0,0,0,0,0,0,0,0,0,0,0,0,0,0,0,0,0,0,0,0,0,0,0,0,0,0,0,0,0,0,0,0,0,0,0,0,0,0,0,0,0,0,0,0,0,0,0,0,0,0,0,0,0,0,0,0,0,0,0,0,0,0,0,0,0,0,0,0,0,0,0,0,0,0,0,0,0,0,0,0,0,0,0,0,0,0,0,0,0,0,0,0
9,0,0,0,0,0,0,0,0,0,0,0,0,0,0,0,0,0,0,0,0,0,0,0,0,0,0,0,0,0,0,0,0,0,0,0,0,0,0,0,0,0,0,0,0,0,0,0,0,0,0,0,0,0,0,0,0,0,0,0,0,0,0,0,0,0,0,0,0,0,0,0,0,0,0,0,0,0,0,0,0,0,0,0,0,0,0,0,0,0,0,0,0,0,0,0,0,0,0,0,0,0,0,0,0,0,0,0,0,0,0,0,0,0,0,0,0,0,0,0,0,0,0,0,0,0,0,0,0,0,0,0,0,0,0,0,0,0,0,0,0,0,0,0,0,0,0,0,0,0,0,0,0,0,0,0,0,0,0,0,0,0,0,0,0,0,0,0,0,0,0,0,0,0,0,0,0,0,0,0,0,0,0,0,0,0,0,0,0,0,0,0,0,0,0,0,0,0,0,0,0,0,0,0,0,0,0,0,0,4,6,11,116,240,77,0,0,0,0,0,0,0,0,0,0,0,0,0,0,0,0,0,0,0,0,0,106,207,214,215,244,239,170,0,0,0,0,0,0,0,0,0,0,0,0,0,0,0,0,0,0,0,0,81,245,254,254,255,254,254,222,8,0,0,0,0,0,0,0,0,0,0,0,0,0,0,0,0,0,0,59,246,254,254,189,32,133,254,254,16,0,0,0,0,0,0,0,0,0,0,0,0,0,0,0,0,0,0,96,254,254,254,244,75,2,111,254,16,0,0,0,0,0,0,0,0,0,0,0,0,0,0,0,0,0,5,230,254,254,254,140,0,0,48,254,101,0,0,0,0,0,0,0,0,0,0,0,0,0,0,0,0,0,45,245,195,233,246,14,0,0,42,250,234,0,0,0,0,0,0,0,0,0,0,0,0,0,0,0,0,0,0,33,12,192,190,0,0,0,39,248,254,0,0,0,0,0,0,0,0,0,0,0,0,0,0,0,0,0,0,0,0,128,226,9,0,0,48,254,184,0,0,0,0,0,0,0,0,0,0,0,0,0,0,0,0,0,0,0,0,128,254,66,0,0,48,254,174,0,0,0,0,0,0,0,0,0,0,0,0,0,0,0,0,0,0,0,0,15,228,126,0,7,135,254,121,0,0,0,0,0,0,0,0,0,0,0,0,0,0,0,0,0,0,0,0,0,133,234,117,218,254,254,105,0,0,0,0,0,0,0,0,0,0,0,0,0,0,0,0,0,0,0,0,0,12,171,240,218,77,228,174,0,0,0,0,0,0,0,0,0,0,0,0,0,0,0,0,0,0,0,0,0,0,0,22,8,0,223,174,0,0,0,0,0,0,0,0,0,0,0,0,0,0,0,0,0,0,0,0,0,0,0,0,0,0,223,199,0,0,0,0,0,0,0,0,0,0,0,0,0,0,0,0,0,0,0,0,0,0,0,0,0,0,223,254,0,0,0,0,0,0,0,0,0,0,0,0,0,0,0,0,0,0,0,0,0,0,0,0,0,0,223,219,0,0,0,0,0,0,0,0,0,0,0,0,0,0,0,0,0,0,0,0,0,0,0,0,0,0,223,174,0,0,0,0,0,0,0,0,0,0,0,0,0,0,0,0,0,0,0,0,0,0,0,0,0,0,223,174,0,0,0,0,0,0,0,0,0,0,0,0,0,0,0,0,0,0,0,0,0,0,0,0,0,0,223,174,0,0,0,0,0,0,0,0,0,0,0,0,0,0,0,0,0,0,0,0,0,0,0,0,0,0,0,0,0,0,0,0,0,0,0,0,0
8,0,0,0,0,0,0,0,0,0,0,0,0,0,0,0,0,0,0,0,0,0,0,0,0,0,0,0,0,0,0,0,0,0,0,0,0,0,0,0,0,0,0,0,0,0,0,0,0,0,0,0,0,0,0,0,0,0,0,0,0,0,0,0,0,0,0,0,0,0,0,0,0,0,0,0,0,0,0,0,0,0,0,0,0,0,0,0,0,0,0,0,0,0,0,0,0,0,0,0,0,0,0,0,0,0,0,0,0,0,0,0,0,0,0,0,0,0,0,0,0,0,0,0,0,0,0,4,63,63,104,186,84,0,0,0,0,0,0,0,0,0,0,0,0,0,0,0,0,0,0,0,0,0,17,105,254,254,254,254,120,0,0,0,0,0,0,0,0,0,0,0,0,0,0,0,0,0,0,0,42,63,181,147,160,148,254,228,41,0,0,0,0,0,0,0,0,0,0,0,0,0,0,0,36,118,187,177,182,105,58,24,71,178,195,36,0,0,0,0,0,0,0,0,0,0,0,0,0,0,33,85,151,254,177,134,37,0,0,70,214,38,15,0,0,0,0,0,0,0,0,0,0,0,0,0,0,61,201,187,220,254,168,0,0,0,105,241,166,6,0,0,0,0,0,0,0,0,0,0,0,0,0,0,0,0,63,237,214,254,186,2,0,105,209,226,34,0,0,0,0,0,0,0,0,0,0,0,0,0,0,0,0,0,0,32,123,191,227,101,4,178,233,79,0,0,0,0,0,0,0,0,0,0,0,0,0,0,0,0,0,0,0,0,0,17,231,254,154,232,222,16,0,0,0,0,0,0,0,0,0,0,0,0,0,0,0,0,0,0,0,0,0,0,10,155,254,254,218,183,101,0,0,0,0,0,0,0,0,0,0,0,0,0,0,0,0,0,0,0,0,0,0,144,254,254,237,176,211,91,91,0,0,0,0,0,0,0,0,0,0,0,0,0,0,0,0,0,0,0,0,148,254,230,177,180,231,220,248,49,8,0,0,0,0,0,0,0,0,0,0,0,0,0,0,0,0,0,81,181,254,84,0,51,110,130,238,248,172,27,0,0,0,0,0,0,0,0,0,0,0,0,0,0,0,0,87,254,254,77,0,0,0,9,40,118,163,159,38,0,0,0,0,0,0,0,0,0,0,0,0,0,0,0,87,254,254,140,0,0,0,0,0,0,231,163,91,0,0,0,0,0,0,0,0,0,0,0,0,0,0,0,87,254,254,203,20,0,0,0,0,0,58,11,91,129,10,0,0,0,0,0,0,0,0,0,0,0,0,0,53,251,254,236,182,0,0,0,0,0,0,5,218,226,61,0,0,0,0,0,0,0,0,0,0,0,0,0,0,122,254,254,237,57,47,57,26,0,62,144,254,158,0,0,0,0,0,0,0,0,0,0,0,0,0,0,0,6,72,192,240,242,246,250,237,226,252,241,221,35,0,0,0,0,0,0,0,0,0,0,0,0,0,0,0,0,0,0,36,182,225,138,211,126,71,38,0,0,0,0,0,0,0,0,0,0,0,0,0,0,0,0,0,0,0,0,0,0,0,0,0,0,0,0,0,0,0,0,0,0,0,0,0,0,0,0,0,0,0,0,0,0,0,0,0,0,0,0,0,0,0,0,0,0,0,0,0,0,0,0,0,0,0,0,0,0,0,0,0,0,0,0,0,0,0,0,0,0,0,0,0,0,0,0,0,0,0,0,0,0,0,0,0,0,0,0,0,0,0,0,0,0,0,0,0,0,0,0,0,0,0,0,0,0,0
0,0,0,0,0,0,0,0,0,0,0,0,0,0,0,0,0,0,0,0,0,0,0,0,0,0,0,0,0,0,0,0,0,0,0,0,0,0,0,0,0,0,0,0,0,0,0,0,0,0,0,0,0,0,0,0,0,0,0,0,0,0,0,0,0,0,0,0,0,0,0,0,0,0,0,0,0,0,0,0,0,0,0,0,0,0,0,0,0,0,0,0,0,0,0,0,0,0,0,0,0,0,0,0,0,0,0,0,0,0,0,0,0,0,0,0,0,0,0,0,0,0,0,0,0,0,36,225,254,228,38,0,0,0,0,0,0,0,0,0,0,0,0,0,0,0,0,0,0,0,0,0,0,37,223,253,253,253,205,0,0,0,0,0,0,0,0,0,0,0,0,0,0,0,0,0,0,0,0,0,0,203,253,253,253,253,227,37,0,0,0,0,0,0,0,0,0,0,0,0,0,0,0,0,0,0,0,0,36,227,253,253,253,253,253,137,0,0,0,0,0,0,0,0,0,0,0,0,0,0,0,0,0,0,0,36,217,253,253,228,228,253,253,249,131,0,0,0,0,0,0,0,0,0,0,0,0,0,0,0,0,0,0,92,253,253,227,53,24,78,253,253,232,35,0,0,0,0,0,0,0,0,0,0,0,0,0,0,0,0,0,135,253,253,137,0,0,8,144,253,253,207,0,0,0,0,0,0,0,0,0,0,0,0,0,0,0,0,31,232,253,148,9,0,0,0,9,184,253,249,86,0,0,0,0,0,0,0,0,0,0,0,0,0,0,0,202,253,253,45,0,0,0,0,0,169,253,253,104,0,0,0,0,0,0,0,0,0,0,0,0,0,0,0,228,253,253,45,0,0,0,0,0,170,253,253,104,0,0,0,0,0,0,0,0,0,0,0,0,0,0,79,247,253,233,35,0,0,0,0,0,169,253,253,104,0,0,0,0,0,0,0,0,0,0,0,0,0,0,105,253,253,168,0,0,0,0,0,0,169,253,253,104,0,0,0,0,0,0,0,0,0,0,0,0,0,0,128,253,253,78,0,0,0,0,0,9,185,253,248,85,0,0,0,0,0,0,0,0,0,0,0,0,0,0,147,253,253,38,0,0,0,0,9,145,253,253,207,0,0,0,0,0,0,0,0,0,0,0,0,0,0,0,105,253,253,38,0,0,0,0,70,253,253,232,35,0,0,0,0,0,0,0,0,0,0,0,0,0,0,0,105,253,253,119,0,0,7,57,226,253,253,140,0,0,0,0,0,0,0,0,0,0,0,0,0,0,0,0,97,251,253,219,43,57,177,253,253,253,220,37,0,0,0,0,0,0,0,0,0,0,0,0,0,0,0,0,0,228,253,253,253,253,253,253,253,221,37,0,0,0,0,0,0,0,0,0,0,0,0,0,0,0,0,0,0,155,252,253,253,253,253,248,220,36,0,0,0,0,0,0,0,0,0,0,0,0,0,0,0,0,0,0,0,0,108,166,253,253,152,32,0,0,0,0,0,0,0,0,0,0,0,0,0,0,0,0,0,0,0,0,0,0,0,0,0,0,0,0,0,0,0,0,0,0,0,0,0,0,0,0,0,0,0,0,0,0,0,0,0,0,0,0,0,0,0,0,0,0,0,0,0,0,0,0,0,0,0,0,0,0,0,0,0,0,0,0,0,0,0,0,0,0,0,0,0,0,0,0,0,0,0,0,0,0,0,0,0,0,0,0,0,0,0,0,0,0,0,0,0,0,0,0,0,0,0,0,0,0,0,0,0,0,0,0
9,0,0,0,0,0,0,0,0,0,0,0,0,0,0,0,0,0,0,0,0,0,0,0,0,0,0,0,0,0,0,0,0,0,0,0,0,0,0,0,0,0,0,0,0,0,0,0,0,0,0,0,0,0,0,0,0,0,0,0,0,0,0,0,0,0,0,0,0,0,0,0,0,0,0,0,0,0,0,0,0,0,0,0,0,0,0,0,0,0,0,0,0,0,0,0,0,0,0,0,0,0,0,0,0,0,0,0,0,0,0,0,0,0,0,0,0,0,0,0,0,0,0,0,0,0,0,0,0,0,0,0,0,0,0,0,0,0,0,0,0,0,0,0,0,0,0,0,0,0,0,0,0,0,0,0,0,0,0,0,0,0,0,0,0,0,0,0,0,0,0,0,0,0,0,0,0,0,12,19,34,34,34,207,254,254,187,26,0,0,0,0,0,0,0,0,0,0,0,0,0,0,0,0,6,67,180,220,253,253,253,254,253,253,253,222,24,0,0,0,0,0,0,0,0,0,0,0,0,0,0,0,23,253,253,253,253,253,253,254,253,253,245,121,0,0,0,0,0,0,0,0,0,0,0,0,0,0,0,0,23,253,253,253,253,203,121,59,10,10,10,0,0,0,0,0,0,0,0,0,0,0,0,0,0,0,0,0,18,234,253,251,179,23,0,0,0,0,88,129,0,0,0,0,0,0,0,0,0,0,0,0,0,0,0,0,0,166,253,242,0,0,0,0,0,0,220,242,199,17,0,0,0,0,0,0,0,0,0,0,0,0,0,0,21,246,253,242,0,0,0,0,0,97,253,253,253,22,0,0,0,0,0,0,0,0,0,0,0,0,0,0,19,238,253,242,0,0,0,26,122,237,253,253,253,22,0,0,0,0,0,0,0,0,0,0,0,0,0,0,0,166,253,251,121,159,188,226,253,253,253,253,253,22,0,0,0,0,0,0,0,0,0,0,0,0,0,0,0,94,230,253,253,253,253,254,253,253,253,253,253,22,0,0,0,0,0,0,0,0,0,0,0,0,0,0,0,0,126,223,254,254,254,237,221,186,255,254,254,22,0,0,0,0,0,0,0,0,0,0,0,0,0,0,0,0,0,4,77,158,138,34,0,100,253,253,253,22,0,0,0,0,0,0,0,0,0,0,0,0,0,0,0,0,0,0,0,0,0,0,0,148,253,253,180,4,0,0,0,0,0,0,0,0,0,0,0,0,0,0,0,0,0,0,0,0,0,0,0,100,253,253,59,0,0,0,0,0,0,0,0,0,0,0,0,0,0,0,0,0,0,0,0,0,0,0,0,172,253,253,55,0,0,0,0,0,0,0,0,0,0,0,0,0,0,0,0,0,0,0,0,0,0,0,0,171,253,253,55,0,0,0,0,0,0,0,0,0,0,0,0,0,0,0,0,0,0,0,0,0,0,0,0,201,253,253,55,0,0,0,0,0,0,0,0,0,0,0,0,0,0,0,0,0,0,0,0,0,0,0,0,210,253,253,55,0,0,0,0,0,0,0,0,0,0,0,0,0,0,0,0,0,0,0,0,0,0,0,0,146,250,253,89,0,0,0,0,0,0,0,0,0,0,0,0,0,0,0,0,0,0,0,0,0,0,0,0,0,195,253,117,0,0,0,0,0,0,0,0,0,0,0,0,0,0,0,0,0,0,0,0,0,0,0,0,0,0,0,0,0,0,0,0,0,0,0,0,0,0,0,0,0,0,0,0,0,0,0,0,0,0,0,0,0,0,0,0,0,0,0,0,0,0,0,0
9,0,0,0,0,0,0,0,0,0,0,0,0,0,0,0,0,0,0,0,0,0,0,0,0,0,0,0,0,0,0,0,0,0,0,0,0,0,0,0,0,0,0,0,0,0,0,0,0,0,0,0,0,0,0,0,0,0,0,0,0,0,0,0,0,0,0,0,0,0,0,0,0,0,0,0,0,0,0,0,0,0,0,0,0,0,0,0,0,0,0,0,0,0,0,0,0,0,0,0,0,0,0,0,0,0,0,0,0,0,0,0,0,0,0,0,0,0,0,0,0,0,0,0,0,0,0,0,0,0,0,0,0,0,0,0,0,0,0,0,0,0,0,0,0,0,0,0,0,0,0,0,0,0,0,0,0,0,0,0,0,0,0,0,0,0,0,0,0,0,0,0,0,0,0,0,0,0,0,0,0,0,0,0,0,0,0,0,0,0,0,0,0,0,0,0,0,0,0,0,0,0,0,0,0,0,0,126,204,253,253,253,242,141,31,0,0,0,0,0,0,0,0,0,0,0,0,0,0,0,0,0,0,63,169,243,253,252,252,202,203,252,106,26,157,19,0,0,0,0,0,0,0,0,0,0,0,0,0,38,147,234,252,177,106,56,56,6,7,56,13,200,253,171,0,0,0,0,0,0,0,0,0,0,0,0,0,213,253,252,164,15,0,0,0,0,0,0,76,249,253,145,0,0,0,0,0,0,0,0,0,0,0,0,48,241,239,125,0,0,0,0,0,0,0,32,229,253,239,38,0,0,0,0,0,0,0,0,0,0,0,0,160,252,113,0,0,0,0,0,0,0,7,150,252,252,150,0,0,0,0,0,0,0,0,0,0,0,0,0,110,252,113,0,0,0,0,0,0,0,154,252,252,252,113,0,0,0,0,0,0,0,0,0,0,0,0,0,85,252,163,0,0,0,0,0,0,151,253,252,252,252,113,0,0,0,0,0,0,0,0,0,0,0,0,0,0,214,255,153,19,26,29,104,229,253,226,144,253,253,51,0,0,0,0,0,0,0,0,0,0,0,0,0,0,38,228,252,224,243,253,252,252,151,38,57,252,252,0,0,0,0,0,0,0,0,0,0,0,0,0,0,0,0,104,252,252,214,168,142,56,6,0,57,252,164,0,0,0,0,0,0,0,0,0,0,0,0,0,0,0,0,4,28,116,28,0,0,0,0,0,107,252,139,0,0,0,0,0,0,0,0,0,0,0,0,0,0,0,0,0,0,0,0,0,0,0,0,0,170,253,140,0,0,0,0,0,0,0,0,0,0,0,0,0,0,0,0,0,0,0,0,0,0,0,0,0,169,252,139,0,0,0,0,0,0,0,0,0,0,0,0,0,0,0,0,0,0,0,0,0,0,0,0,0,169,252,139,0,0,0,0,0,0,0,0,0,0,0,0,0,0,0,0,0,0,0,0,0,0,0,0,0,169,252,139,0,0,0,0,0,0,0,0,0,0,0,0,0,0,0,0,0,0,0,0,0,0,0,0,0,57,253,28,0,0,0,0,0,0,0,0,0,0,0,0,0,0,0,0,0,0,0,0,0,0,0,0,0,57,252,53,0,0,0,0,0,0,0,0,0,0,0,0,0,0,0,0,0,0,0,0,0,0,0,0,0,57,252,139,0,0,0,0,0,0,0,0,0,0,0,0,0,0,0,0,0,0,0,0,0,0,0,0,0,32,228,139,0,0,0,0,0,0,0,0,0,0,0,0,0,0,0,0,0,0,0,0,0,0,0,0,0,0,0,0,0,0,0,0,0,0,0,0,0
4,0,0,0,0,0,0,0,0,0,0,0,0,0,0,0,0,0,0,0,0,0,0,0,0,0,0,0,0,0,0,0,0,0,0,0,0,0,0,0,0,0,0,0,0,0,0,0,0,0,0,0,0,0,0,0,0,0,0,0,0,0,0,0,0,0,0,0,0,0,0,0,0,0,0,0,0,0,0,0,0,0,0,0,0,0,0,0,0,0,0,0,0,0,0,0,0,0,0,0,0,0,0,0,0,0,0,0,0,0,0,0,0,0,0,0,0,0,0,0,0,0,0,0,0,0,0,0,0,0,0,0,0,0,0,0,0,0,0,0,0,0,0,0,0,0,0,0,0,0,0,0,0,0,0,0,0,0,0,0,0,0,0,0,0,0,0,0,0,0,0,0,0,0,0,0,0,0,0,0,0,0,0,0,0,0,0,0,0,0,0,0,0,0,0,0,0,0,0,0,0,0,14,145,145,117,6,0,0,0,0,0,0,0,0,0,54,145,145,93,2,0,0,0,0,0,0,0,0,0,42,252,252,252,60,0,0,0,0,0,0,0,0,0,193,252,252,252,11,0,0,0,0,0,0,0,0,0,145,252,252,252,60,0,0,0,0,0,0,0,0,12,204,252,252,252,115,0,0,0,0,0,0,0,0,9,222,252,252,238,46,0,0,0,0,0,0,0,0,61,252,252,252,252,136,0,0,0,0,0,0,0,0,105,252,252,252,192,0,0,0,0,0,0,0,0,0,61,252,252,252,252,11,0,0,0,0,0,0,0,0,132,252,252,252,212,85,16,0,0,0,0,0,0,17,182,252,252,252,216,8,0,0,0,0,0,0,0,0,179,252,252,252,252,252,224,171,97,97,98,97,97,184,252,252,252,252,143,0,0,0,0,0,0,0,0,0,143,252,252,252,252,252,252,252,252,252,253,252,252,252,252,252,252,252,92,0,0,0,0,0,0,0,0,0,132,252,252,252,252,252,252,252,252,252,253,252,252,252,252,252,252,206,12,0,0,0,0,0,0,0,0,0,6,121,196,160,149,241,241,241,241,247,255,253,253,253,253,253,253,156,0,0,0,0,0,0,0,0,0,0,0,0,0,0,0,0,0,0,0,52,109,108,108,193,252,252,252,155,0,0,0,0,0,0,0,0,0,0,0,0,0,0,0,0,0,0,0,0,0,0,0,49,252,252,252,155,0,0,0,0,0,0,0,0,0,0,0,0,0,0,0,0,0,0,0,0,0,0,0,72,252,252,252,155,0,0,0,0,0,0,0,0,0,0,0,0,0,0,0,0,0,0,0,0,0,0,0,169,252,252,252,155,0,0,0,0,0,0,0,0,0,0,0,0,0,0,0,0,0,0,0,0,0,0,0,169,252,252,252,155,0,0,0,0,0,0,0,0,0,0,0,0,0,0,0,0,0,0,0,0,0,0,0,169,252,252,252,155,0,0,0,0,0,0,0,0,0,0,0,0,0,0,0,0,0,0,0,0,0,0,0,123,252,252,220,39,0,0,0,0,0,0,0,0,0,0,0,0,0,0,0,0,0,0,0,0,0,0,0,5,81,23,16,0,0,0,0,0,0,0,0,0,0,0,0,0,0,0,0,0,0,0,0,0,0,0,0,0,0,0,0,0,0,0,0,0,0,0,0,0,0,0,0,0,0,0,0,0,0,0,0,0,0,0,0,0,0,0,0,0,0,0,0,0,0,0,0,0,0,0,0,0,0,0,0,0,0,0,0,0,0,0,0,0,0,0,0,0,0,0,0,0,0,0
6,0,0,0,0,0,0,0,0,0,0,0,0,0,0,0,0,0,0,0,0,0,0,0,0,0,0,0,0,0,0,0,0,0,0,0,0,0,0,0,0,0,0,0,0,0,0,0,0,0,0,0,0,0,0,0,0,0,0,0,0,0,0,0,0,0,0,0,0,0,0,78,254,77,0,0,0,0,0,0,0,0,0,0,0,0,0,0,0,0,0,0,0,0,0,0,0,0,21,229,253,77,0,0,0,0,0,0,0,0,0,0,0,0,0,0,0,0,0,0,0,0,0,0,0,0,78,252,183,13,0,0,0,0,0,0,0,0,0,0,0,0,0,0,0,0,0,0,0,0,0,0,0,33,217,252,101,0,0,0,0,0,0,0,0,0,0,0,0,0,0,0,0,0,0,0,0,0,0,0,0,154,252,228,0,0,0,0,0,0,0,0,0,0,0,0,0,0,0,0,0,0,0,0,0,0,0,0,48,231,252,56,0,0,0,0,0,0,0,0,0,0,0,0,0,0,0,0,0,0,0,0,0,0,0,0,174,252,181,3,0,0,0,0,0,0,0,0,0,0,0,0,0,0,0,0,0,0,0,0,0,0,0,74,244,245,97,0,0,0,0,0,0,0,0,0,0,0,0,0,0,0,0,0,0,0,0,0,0,0,41,238,252,174,0,0,11,154,187,124,0,0,0,0,0,0,0,0,0,0,0,0,0,0,0,0,0,0,56,252,247,56,34,111,225,252,252,249,196,24,0,0,0,0,0,0,0,0,0,0,0,0,0,0,0,3,177,253,118,6,148,253,255,230,129,219,253,117,0,0,0,0,0,0,0,0,0,0,0,0,0,0,0,100,252,252,21,122,252,252,77,23,0,17,229,226,44,0,0,0,0,0,0,0,0,0,0,0,0,0,0,132,252,179,4,154,252,118,0,0,0,0,165,252,131,0,0,0,0,0,0,0,0,0,0,0,0,0,0,132,252,164,21,248,178,2,0,0,0,12,211,252,74,0,0,0,0,0,0,0,0,0,0,0,0,0,0,132,252,117,122,252,175,0,0,0,0,47,252,233,17,0,0,0,0,0,0,0,0,0,0,0,0,0,0,132,252,164,35,252,236,64,0,0,35,222,252,126,0,0,0,0,0,0,0,0,0,0,0,0,0,0,0,32,252,245,25,62,252,243,170,150,240,252,221,29,0,0,0,0,0,0,0,0,0,0,0,0,0,0,0,19,237,252,205,171,252,252,253,252,252,200,34,0,0,0,0,0,0,0,0,0,0,0,0,0,0,0,0,0,67,236,252,252,252,252,253,252,145,3,0,0,0,0,0,0,0,0,0,0,0,0,0,0,0,0,0,0,0,26,133,161,252,204,143,114,6,0,0,0,0,0,0,0,0,0,0,0,0,0,0,0,0,0,0,0,0,0,0,0,0,0,0,0,0,0,0,0,0,0,0,0,0,0,0,0,0,0,0,0,0,0,0,0,0,0,0,0,0,0,0,0,0,0,0,0,0,0,0,0,0,0,0,0,0,0,0,0,0,0,0,0,0,0,0,0,0,0,0,0,0,0,0,0,0,0,0,0,0,0,0,0,0,0,0,0,0,0,0,0,0,0,0,0,0,0,0,0,0,0,0,0,0,0,0,0,0,0,0,0,0,0,0,0,0,0,0,0,0,0,0,0,0,0,0,0,0,0,0,0,0,0,0,0,0,0,0,0,0,0,0,0,0,0,0,0,0,0,0,0,0,0,0,0,0,0,0,0,0,0,0,0,0,0,0
5,0,0,0,0,0,0,0,0,0,0,0,0,0,0,0,0,0,0,0,0,0,0,0,0,0,0,0,0,0,0,0,0,0,0,0,0,0,0,0,0,0,0,0,0,0,0,0,0,0,0,0,0,0,0,0,0,0,0,0,0,0,0,0,0,0,0,0,0,0,0,0,0,0,0,0,0,0,0,0,0,0,0,0,0,0,0,0,0,0,0,0,0,0,0,0,0,0,0,0,0,0,0,0,0,0,0,0,0,0,0,0,0,0,0,0,0,0,0,0,0,0,0,0,0,0,0,0,0,0,0,0,0,0,0,0,0,0,0,0,0,0,0,0,0,0,0,0,0,0,0,0,0,0,0,0,0,0,0,0,0,0,0,0,0,0,0,0,0,0,0,0,0,0,0,0,0,0,0,0,0,0,0,0,0,0,0,0,0,0,0,0,0,0,0,0,0,0,0,0,0,0,0,0,0,0,0,0,0,0,0,0,0,0,0,0,0,0,0,0,0,0,0,0,0,0,0,0,0,0,0,0,0,0,0,11,89,115,37,37,37,37,37,69,102,128,128,172,217,217,0,0,0,0,0,0,0,0,0,0,0,0,46,215,253,253,253,253,254,253,253,253,253,254,253,244,228,112,0,0,0,0,0,0,0,0,0,0,0,46,232,254,201,85,72,136,163,162,162,162,98,72,72,36,0,0,0,0,0,0,0,0,0,0,0,0,0,135,254,255,44,0,0,0,0,0,0,0,0,0,0,0,0,0,0,0,0,0,0,0,0,0,0,0,86,249,201,18,8,0,0,0,0,0,0,0,0,0,0,0,0,0,0,0,0,0,0,0,0,0,0,8,210,231,49,0,34,115,128,128,102,29,0,0,0,0,0,0,0,0,0,0,0,0,0,0,0,0,0,132,253,152,84,167,249,253,253,253,254,241,41,0,0,0,0,0,0,0,0,0,0,0,0,0,0,0,118,248,253,253,253,254,201,117,72,72,98,247,242,39,0,0,0,0,0,0,0,0,0,0,0,0,0,0,222,254,254,248,148,66,0,0,0,0,0,152,254,203,0,0,0,0,0,0,0,0,0,0,0,0,0,0,76,108,63,17,0,0,0,0,0,0,0,4,220,251,67,0,0,0,0,0,0,0,0,0,0,0,0,0,0,0,0,0,0,0,0,0,0,0,0,0,217,253,72,0,0,0,0,0,0,0,0,0,0,0,0,0,0,0,0,0,0,0,0,0,0,0,0,0,217,253,72,0,0,0,0,0,0,0,0,0,0,0,0,0,0,0,0,0,0,33,0,0,0,0,0,105,243,246,46,0,0,0,0,0,0,0,0,0,0,0,0,0,0,0,0,0,59,255,136,163,202,254,255,254,254,183,0,0,0,0,0,0,0,0,0,0,0,0,0,0,0,0,0,0,91,254,253,253,253,253,238,179,95,4,0,0,0,0,0,0,0,0,0,0,0,0,0,0,0,0,0,0,46,127,42,36,36,36,26,0,0,0,0,0,0,0,0,0,0,0,0,0,0,0,0,0,0,0,0,0,0,0,0,0,0,0,0,0,0,0,0,0,0,0,0,0,0,0,0,0,0,0,0,0,0,0,0,0,0,0,0,0,0,0,0,0,0,0,0,0,0,0,0,0,0,0,0,0,0,0,0,0,0,0,0,0,0,0,0,0,0,0,0,0,0,0,0,0,0,0,0,0,0,0,0,0,0,0,0,0,0,0,0,0,0,0,0,0,0,0,0,0,0,0,0,0,0,0,0,0,0,0,0
4,0,0,0,0,0,0,0,0,0,0,0,0,0,0,0,0,0,0,0,0,0,0,0,0,0,0,0,0,0,0,0,0,0,0,0,0,0,0,0,0,0,0,0,0,0,0,0,0,0,0,0,0,0,0,0,0,0,0,0,0,0,0,0,0,0,0,0,0,0,0,0,0,0,0,0,0,0,0,0,0,0,0,0,0,0,0,0,0,0,0,0,0,0,0,0,0,0,0,0,0,0,0,0,0,0,0,0,0,0,0,0,0,0,0,0,0,0,0,0,0,0,0,0,0,0,0,0,0,0,0,0,0,0,0,0,0,0,0,0,0,0,0,0,0,0,0,0,0,0,0,29,150,150,59,0,0,0,51,255,107,0,0,0,0,0,0,0,0,0,0,0,0,0,0,0,0,0,27,169,253,253,98,0,0,0,135,253,249,65,0,0,0,0,0,0,0,0,0,0,0,0,0,0,0,30,215,253,253,236,44,0,0,0,135,253,253,83,0,0,0,0,0,0,0,0,0,0,0,0,0,0,28,213,253,253,253,68,0,0,0,0,135,253,253,83,0,0,0,0,0,0,0,0,0,0,0,0,0,4,186,253,253,253,143,4,0,0,0,0,125,253,253,93,0,0,0,0,0,0,0,0,0,0,0,0,0,67,253,253,253,243,27,0,0,0,0,0,32,253,253,186,0,0,0,0,0,0,0,0,0,0,0,0,0,232,253,253,183,29,0,0,0,0,0,0,32,253,253,186,0,0,0,0,0,0,0,0,0,0,0,12,101,250,253,211,27,0,0,0,0,0,0,0,32,253,253,186,0,0,0,0,0,0,0,0,0,0,0,92,253,253,252,79,0,0,0,0,0,0,0,0,32,253,253,186,0,0,0,0,0,0,0,0,0,0,0,150,253,253,149,0,0,0,0,0,0,0,0,0,32,253,253,186,0,0,0,0,0,0,0,0,0,0,0,150,253,253,108,0,0,0,0,0,0,0,0,0,32,253,253,212,14,0,0,0,0,0,0,0,0,0,0,41,244,253,252,249,249,249,181,145,145,145,205,207,164,253,253,253,70,27,8,0,0,0,0,0,0,0,0,0,87,250,253,253,253,253,253,253,253,253,253,253,253,253,253,253,251,231,46,0,0,0,0,0,0,0,0,0,0,15,15,58,88,119,119,119,119,201,222,186,220,253,253,253,184,91,3,0,0,0,0,0,0,0,0,0,0,0,0,0,0,0,0,0,0,0,0,0,32,253,253,205,11,0,0,0,0,0,0,0,0,0,0,0,0,0,0,0,0,0,0,0,0,0,0,0,40,253,253,186,0,0,0,0,0,0,0,0,0,0,0,0,0,0,0,0,0,0,0,0,0,0,0,0,163,253,253,186,0,0,0,0,0,0,0,0,0,0,0,0,0,0,0,0,0,0,0,0,0,0,0,0,149,253,253,186,0,0,0,0,0,0,0,0,0,0,0,0,0,0,0,0,0,0,0,0,0,0,0,0,135,253,253,186,0,0,0,0,0,0,0,0,0,0,0,0,0,0,0,0,0,0,0,0,0,0,0,0,50,253,253,143,0,0,0,0,0,0,0,0,0,0,0,0,0,0,0,0,0,0,0,0,0,0,0,0,0,0,0,0,0,0,0,0,0,0,0,0,0,0,0,0,0,0,0,0,0,0,0,0,0,0,0,0,0,0,0,0,0,0,0,0,0,0,0,0,0,0,0,0,0,0,0,0,0,0,0,0,0,0,0,0,0,0,0,0,0,0,0,0,0,0,0
9,0,0,0,0,0,0,0,0,0,0,0,0,0,0,0,0,0,0,0,0,0,0,0,0,0,0,0,0,0,0,0,0,0,0,0,0,0,0,0,0,0,0,0,0,0,0,0,0,0,0,0,0,0,0,0,0,0,0,0,0,0,0,0,0,0,0,0,0,0,0,0,0,0,0,0,0,0,0,0,0,0,0,0,0,0,0,0,0,0,0,0,0,0,0,0,0,0,0,0,0,0,0,0,0,0,0,0,0,0,0,0,0,0,0,0,0,0,0,0,0,0,0,0,0,0,0,0,0,0,0,0,0,0,0,0,0,0,0,0,0,0,0,0,0,0,0,0,0,0,0,0,0,0,0,0,0,0,0,0,0,0,0,0,0,0,0,0,0,0,0,0,0,0,0,0,0,0,0,0,0,0,0,0,0,0,0,0,0,0,0,0,0,0,0,0,0,0,0,0,0,0,0,0,0,0,0,0,0,0,11,130,144,221,163,144,144,57,3,0,0,0,0,0,0,0,0,0,0,0,0,0,0,0,0,53,120,177,200,253,254,253,253,253,253,253,99,0,0,0,0,0,0,0,0,0,0,0,0,0,0,62,210,244,253,253,253,253,198,154,154,162,253,253,131,0,0,0,0,0,0,0,0,0,0,0,0,0,53,244,253,253,233,163,39,10,5,0,0,23,253,253,131,0,0,0,0,0,0,0,0,0,0,0,0,0,100,253,253,171,8,0,0,0,0,0,0,23,253,253,60,0,0,0,0,0,0,0,0,0,0,0,0,0,100,253,229,31,0,0,0,0,0,0,0,100,253,184,5,0,0,0,0,0,0,0,0,0,0,0,0,0,96,253,253,198,69,12,3,0,0,0,48,248,253,69,0,0,0,0,0,0,0,0,0,0,0,0,0,0,0,156,253,253,253,253,180,155,155,155,193,253,253,219,153,44,0,0,0,0,0,0,0,0,0,0,0,0,0,6,90,176,247,253,253,253,254,253,253,253,253,192,72,0,0,0,0,0,0,0,0,0,0,0,0,0,0,0,0,0,35,143,143,143,143,220,253,244,71,7,0,0,0,0,0,0,0,0,0,0,0,0,0,0,0,0,0,0,0,0,0,0,34,221,254,203,0,0,0,0,0,0,0,0,0,0,0,0,0,0,0,0,0,0,0,0,0,0,0,0,221,253,227,8,0,0,0,0,0,0,0,0,0,0,0,0,0,0,0,0,0,0,0,0,0,0,0,135,254,253,154,0,0,0,0,0,0,0,0,0,0,0,0,0,0,0,0,0,0,0,0,0,0,0,75,252,255,248,93,0,0,0,0,0,0,0,0,0,0,0,0,0,0,0,0,0,0,0,0,0,0,10,164,253,254,115,0,0,0,0,0,0,0,0,0,0,0,0,0,0,0,0,0,0,0,0,0,0,0,131,253,253,141,17,0,0,0,0,0,0,0,0,0,0,0,0,0,0,0,0,0,0,0,0,0,0,165,245,253,249,10,0,0,0,0,0,0,0,0,0,0,0,0,0,0,0,0,0,0,0,0,0,0,16,236,253,206,56,0,0,0,0,0,0,0,0,0,0,0,0,0,0,0,0,0,0,0,0,0,0,0,171,253,253,142,0,0,0,0,0,0,0,0,0,0,0,0,0,0,0,0,0,0,0,0,0,0,0,0,151,253,166,9,0,0,0,0,0,0,0,0,0,0,0,0,0,0,0,0,0,0,0,0,0,0,0,0,0,0,0,0,0,0,0,0,0,0,0,0,0,0,0,0,0,0
1,0,0,0,0,0,0,0,0,0,0,0,0,0,0,0,0,0,0,0,0,0,0,0,0,0,0,0,0,0,0,0,0,0,0,0,0,0,0,0,0,0,0,0,0,0,0,0,0,0,0,0,0,0,0,0,0,0,0,0,0,0,0,0,0,0,0,0,0,0,0,0,0,0,0,0,0,0,0,0,0,0,0,0,0,0,0,0,0,0,0,0,0,0,0,0,0,0,0,0,0,0,0,0,0,0,0,0,0,0,0,0,0,0,0,0,0,0,0,0,0,0,0,0,0,0,0,0,0,0,0,0,0,0,0,0,0,0,0,0,0,0,0,0,0,0,0,0,0,0,0,0,0,0,2,99,192,95,2,0,0,0,0,0,0,0,0,0,0,0,0,0,0,0,0,0,0,0,0,0,0,0,63,254,254,254,49,0,0,0,0,0,0,0,0,0,0,0,0,0,0,0,0,0,0,0,0,0,0,0,181,254,254,142,22,0,0,0,0,0,0,0,0,0,0,0,0,0,0,0,0,0,0,0,0,0,0,5,188,254,254,55,0,0,0,0,0,0,0,0,0,0,0,0,0,0,0,0,0,0,0,0,0,0,0,50,254,254,246,49,0,0,0,0,0,0,0,0,0,0,0,0,0,0,0,0,0,0,0,0,0,0,0,50,254,254,186,0,0,0,0,0,0,0,0,0,0,0,0,0,0,0,0,0,0,0,0,0,0,0,0,50,254,254,186,0,0,0,0,0,0,0,0,0,0,0,0,0,0,0,0,0,0,0,0,0,0,0,0,50,254,254,186,0,0,0,0,0,0,0,0,0,0,0,0,0,0,0,0,0,0,0,0,0,0,0,0,50,254,254,186,0,0,0,0,0,0,0,0,0,0,0,0,0,0,0,0,0,0,0,0,0,0,0,0,50,254,254,186,0,0,0,0,0,0,0,0,0,0,0,0,0,0,0,0,0,0,0,0,0,0,0,0,50,254,254,186,0,0,0,0,0,0,0,0,0,0,0,0,0,0,0,0,0,0,0,0,0,0,0,0,148,254,254,149,0,0,0,0,0,0,0,0,0,0,0,0,0,0,0,0,0,0,0,0,0,0,0,0,174,254,254,62,0,0,0,0,0,0,0,0,0,0,0,0,0,0,0,0,0,0,0,0,0,0,0,0,174,254,254,62,0,0,0,0,0,0,0,0,0,0,0,0,0,0,0,0,0,0,0,0,0,0,0,0,174,254,254,62,0,0,0,0,0,0,0,0,0,0,0,0,0,0,0,0,0,0,0,0,0,0,0,0,174,254,254,62,0,0,0,0,0,0,0,0,0,0,0,0,0,0,0,0,0,0,0,0,0,0,0,0,174,254,224,32,0,0,0,0,0,0,0,0,0,0,0,0,0,0,0,0,0,0,0,0,0,0,0,0,174,254,254,177,0,0,0,0,0,0,0,0,0,0,0,0,0,0,0,0,0,0,0,0,0,0,0,0,56,254,254,128,0,0,0,0,0,0,0,0,0,0,0,0,0,0,0,0,0,0,0,0,0,0,0,0,50,255,224,32,0,0,0,0,0,0,0,0,0,0,0,0,0,0,0,0,0,0,0,0,0,0,0,0,0,0,0,0,0,0,0,0,0,0,0,0,0,0,0,0,0,0,0,0,0,0,0,0,0,0,0,0,0,0,0,0,0,0,0,0,0,0,0,0,0,0,0,0,0,0,0,0,0,0,0,0,0,0,0,0,0,0,0,0,0,0,0,0,0,0,0,0,0,0,0,0
8,0,0,0,0,0,0,0,0,0,0,0,0,0,0,0,0,0,0,0,0,0,0,0,0,0,0,0,0,0,0,0,0,0,0,0,0,0,0,0,0,0,0,0,0,0,0,0,0,0,0,0,0,0,0,0,0,0,0,0,0,0,0,0,0,0,0,0,0,0,0,0,0,0,0,0,0,0,0,0,0,0,0,0,0,0,0,0,0,0,0,0,0,0,0,0,0,0,0,0,0,0,0,0,0,0,0,0,0,0,0,0,0,0,0,0,0,0,0,0,0,0,0,0,0,0,0,0,0,0,0,0,0,0,0,0,0,0,0,0,0,0,0,0,0,0,0,0,0,0,0,0,0,0,0,29,219,254,254,55,0,0,0,0,0,0,0,0,0,0,0,0,0,0,0,0,0,0,0,0,0,0,30,217,253,244,241,53,0,0,0,0,12,13,7,0,0,0,0,0,0,0,0,0,0,0,0,0,0,92,216,253,213,30,0,0,0,0,7,68,243,253,144,1,0,0,0,0,0,0,0,0,0,0,0,3,41,215,253,236,67,0,0,0,0,9,169,253,253,253,253,5,0,0,0,0,0,0,0,0,0,0,0,25,253,253,227,31,0,0,0,0,10,168,253,253,240,107,217,5,0,0,0,0,0,0,0,0,0,0,22,120,253,248,119,0,0,0,0,11,167,253,253,190,54,0,0,0,0,0,0,0,0,0,0,0,0,3,162,253,253,134,0,0,0,0,12,166,253,253,170,53,0,0,0,0,0,0,0,0,0,0,0,0,2,121,253,253,208,29,0,0,0,13,165,253,253,212,29,0,0,0,0,0,0,0,0,0,0,0,0,0,34,253,253,236,29,0,0,0,13,165,253,237,158,13,0,0,0,0,0,0,0,0,0,0,0,0,0,0,130,253,249,112,0,0,0,13,165,253,236,75,0,0,0,0,0,0,0,0,0,0,0,0,0,0,0,0,130,253,235,0,0,0,12,165,253,236,75,0,0,0,0,0,0,0,0,0,0,0,0,0,0,0,0,0,130,253,249,186,75,93,208,253,253,209,18,0,0,0,0,0,0,0,0,0,0,0,0,0,0,0,0,0,30,253,253,253,253,253,253,253,253,253,216,45,0,0,0,0,0,0,0,0,0,0,0,0,0,0,0,0,2,110,215,253,253,253,253,253,211,253,253,55,0,0,0,0,0,0,0,0,0,0,0,0,0,0,0,0,0,0,21,164,253,253,170,37,39,220,253,55,0,0,0,0,0,0,0,0,0,0,0,0,0,0,0,0,0,0,8,190,253,172,11,0,105,253,253,55,0,0,0,0,0,0,0,0,0,0,0,0,0,0,0,0,0,0,19,253,253,93,0,97,246,253,139,6,0,0,0,0,0,0,0,0,0,0,0,0,0,0,0,0,0,0,11,207,253,163,133,248,253,195,5,0,0,0,0,0,0,0,0,0,0,0,0,0,0,0,0,0,0,0,0,92,253,253,253,253,227,42,0,0,0,0,0,0,0,0,0,0,0,0,0,0,0,0,0,0,0,0,0,13,129,147,232,129,40,0,0,0,0,0,0,0,0,0,0,0,0,0,0,0,0,0,0,0,0,0,0,0,0,0,0,0,0,0,0,0,0,0,0,0,0,0,0,0,0,0,0,0,0,0,0,0,0,0,0,0,0,0,0,0,0,0,0,0,0,0,0,0,0,0,0,0,0,0,0,0,0,0,0,0,0,0,0,0,0,0,0,0,0,0,0,0,0,0,0,0,0,0,0,0,0
3,0,0,0,0,0,0,0,0,0,0,0,0,0,0,0,0,0,0,0,0,0,0,0,0,0,0,0,0,0,0,0,0,0,0,0,0,0,0,0,0,0,0,0,0,0,0,0,0,0,0,0,0,0,0,0,0,0,0,0,0,0,0,0,0,0,0,0,0,0,0,0,0,0,0,0,0,0,0,0,0,0,0,0,0,0,0,0,0,0,0,0,0,0,0,0,0,0,0,0,0,0,0,0,0,0,0,0,0,0,0,0,0,0,0,0,0,0,0,0,0,0,0,0,0,0,0,0,0,0,0,0,0,0,0,0,0,0,0,0,0,0,0,0,0,0,0,0,0,0,0,0,75,158,237,255,238,83,22,0,0,0,0,0,0,0,0,0,0,0,0,0,0,0,0,0,0,0,37,168,244,254,254,254,227,248,168,70,0,0,0,0,0,0,0,0,0,0,0,0,0,0,0,0,0,0,185,254,254,254,214,162,12,130,254,180,0,0,0,0,0,0,0,0,0,0,0,0,0,0,0,0,0,0,59,136,167,124,3,0,32,212,254,177,0,0,0,0,0,0,0,0,0,0,0,0,0,0,0,0,0,0,0,0,0,0,0,17,223,254,247,123,0,0,0,0,0,0,0,0,0,0,0,0,0,0,0,0,0,0,0,0,0,0,44,231,254,254,113,0,0,0,0,0,0,0,0,0,0,0,0,0,0,0,0,0,0,0,0,0,18,72,231,254,224,49,3,0,0,0,0,0,0,0,0,0,0,0,0,0,0,0,0,0,0,0,0,68,225,254,254,254,35,0,0,0,0,0,0,0,0,0,0,0,0,0,0,0,0,0,0,0,0,0,135,241,254,254,254,200,6,0,0,0,0,0,0,0,0,0,0,0,0,0,0,0,0,0,0,0,0,66,251,254,254,254,254,249,151,48,0,0,0,0,0,0,0,0,0,0,0,0,0,0,0,0,0,0,0,0,66,224,249,239,161,143,240,230,38,0,0,0,0,0,0,0,0,0,0,0,0,0,0,0,0,0,0,0,0,7,55,0,0,0,61,238,173,7,0,0,0,0,0,0,0,0,0,0,0,0,0,0,0,0,0,0,0,0,0,0,0,0,0,97,254,171,10,0,0,0,0,0,0,0,0,0,0,0,0,0,0,0,0,0,0,0,0,0,0,0,0,10,254,254,133,0,0,0,0,0,0,0,0,0,0,0,0,0,0,0,0,0,0,0,0,0,0,0,0,37,254,254,152,0,0,0,0,0,0,0,0,0,0,0,0,0,0,0,0,0,0,0,0,0,0,0,7,164,254,254,153,0,0,0,0,0,0,0,0,0,0,0,0,0,0,122,30,0,0,0,0,0,0,2,156,254,254,200,56,0,0,0,0,0,0,0,0,0,0,0,0,0,0,188,126,0,0,0,0,13,73,190,254,254,182,43,0,0,0,0,0,0,0,0,0,0,0,0,0,0,0,39,206,226,169,173,189,231,254,254,222,140,10,0,0,0,0,0,0,0,0,0,0,0,0,0,0,0,0,0,6,99,119,237,254,254,175,157,12,0,0,0,0,0,0,0,0,0,0,0,0,0,0,0,0,0,0,0,0,0,0,0,0,0,0,0,0,0,0,0,0,0,0,0,0,0,0,0,0,0,0,0,0,0,0,0,0,0,0,0,0,0,0,0,0,0,0,0,0,0,0,0,0,0,0,0,0,0,0,0,0,0,0,0,0,0,0,0,0,0,0,0,0,0,0,0,0,0,0,0,0,0,0,0,0
4,0,0,0,0,0,0,0,0,0,0,0,0,0,0,0,0,0,0,0,0,0,0,0,0,0,0,0,0,0,0,0,0,0,0,0,0,0,0,0,0,0,0,0,0,0,0,0,0,0,0,0,0,0,0,0,0,0,0,0,0,0,0,0,0,0,0,0,0,0,0,0,0,0,0,0,0,0,0,0,0,0,0,0,0,0,0,0,0,0,0,0,0,0,0,0,0,0,0,0,0,0,0,0,0,0,0,0,0,0,0,0,0,0,0,0,0,0,0,0,0,0,0,0,0,0,0,0,0,0,0,0,0,0,0,0,0,0,0,0,0,0,0,0,0,0,0,0,0,0,49,125,19,0,0,0,0,0,0,0,0,0,0,0,0,0,0,0,0,0,0,0,0,0,0,0,113,239,250,253,165,0,0,0,0,0,0,0,0,0,0,0,0,0,0,0,0,0,0,0,0,0,55,171,253,253,210,142,28,0,0,0,0,0,0,0,0,0,9,112,51,0,0,0,0,0,0,0,0,0,125,253,253,156,12,0,0,0,0,0,0,0,0,0,0,25,236,253,243,167,0,0,0,0,0,0,0,0,174,253,210,25,0,0,0,0,0,0,0,0,0,0,13,181,253,253,253,203,0,0,0,0,0,0,0,0,254,253,142,0,0,0,0,0,0,0,0,0,0,15,179,253,246,89,32,16,0,0,0,0,0,0,0,0,255,253,99,0,0,0,0,0,0,0,0,0,0,84,253,253,234,0,0,0,0,0,0,0,0,0,0,0,214,253,53,0,0,0,0,0,0,0,0,0,15,195,253,253,127,0,0,0,0,0,0,0,0,0,0,0,125,253,231,52,0,0,0,0,0,0,0,0,46,253,253,232,21,0,0,0,0,0,0,0,0,0,0,0,29,215,253,176,41,0,0,0,0,0,0,0,146,253,253,193,0,0,0,0,0,0,0,0,0,0,0,0,0,30,214,253,228,76,40,0,0,0,0,0,176,253,246,75,0,0,0,0,0,0,0,0,0,0,0,0,0,0,31,213,253,253,230,183,183,82,53,80,232,253,227,20,0,0,0,0,0,0,0,0,0,0,0,0,0,0,0,86,225,253,253,253,253,253,253,253,253,253,247,80,0,0,0,0,0,0,0,0,0,0,0,0,0,0,0,0,33,84,194,214,214,224,253,253,253,253,133,0,0,0,0,0,0,0,0,0,0,0,0,0,0,0,0,0,0,0,0,0,0,24,91,208,253,253,91,0,0,0,0,0,0,0,0,0,0,0,0,0,0,0,0,0,0,0,0,0,0,0,0,103,253,253,91,0,0,0,0,0,0,0,0,0,0,0,0,0,0,0,0,0,0,0,0,0,0,0,0,22,207,253,101,0,0,0,0,0,0,0,0,0,0,0,0,0,0,0,0,0,0,0,0,0,0,0,0,0,169,253,239,130,6,0,0,0,0,0,0,0,0,0,0,0,0,0,0,0,0,0,0,0,0,0,0,0,45,247,251,253,168,0,0,0,0,0,0,0,0,0,0,0,0,0,0,0,0,0,0,0,0,0,0,0,0,0,80,111,0,0,0,0,0,0,0,0,0,0,0,0,0,0,0,0,0,0,0,0,0,0,0,0,0,0,0,0,0,0,0,0,0,0,0,0,0,0,0,0,0,0,0,0,0,0,0,0,0,0,0,0,0,0,0,0,0,0,0,0,0,0,0,0,0,0,0,0,0,0,0,0,0,0,0,0,0,0,0,0,0,0,0,0,0,0,0,0,0,0,0
9,0,0,0,0,0,0,0,0,0,0,0,0,0,0,0,0,0,0,0,0,0,0,0,0,0,0,0,0,0,0,0,0,0,0,0,0,0,0,0,0,0,0,0,0,0,0,0,0,0,0,0,0,0,0,0,0,0,0,0,0,0,0,0,0,0,0,0,0,0,0,0,0,0,0,0,0,0,0,0,0,0,0,0,0,0,0,0,0,0,0,0,0,0,0,0,0,0,0,0,0,0,0,0,0,0,0,0,0,0,0,0,0,0,0,0,0,0,0,0,0,0,0,0,0,0,0,0,0,0,0,0,0,0,0,0,0,0,0,0,0,0,0,0,0,0,0,0,0,0,0,0,0,0,0,0,0,0,0,0,0,0,0,0,0,0,0,0,0,0,0,0,0,0,0,0,0,0,0,44,255,254,254,254,218,130,88,1,0,0,0,0,0,0,0,0,0,0,0,0,0,0,0,0,0,0,21,156,253,253,253,253,253,253,253,37,0,0,0,0,0,0,0,0,0,0,0,0,0,0,0,0,0,0,108,253,253,249,235,235,249,253,253,107,0,0,0,0,0,0,0,0,0,0,0,0,0,0,0,0,0,4,170,253,253,125,0,0,199,253,253,169,3,0,0,0,0,0,0,0,0,0,0,0,0,0,0,0,4,120,253,253,147,29,0,9,205,253,253,253,91,0,0,0,0,0,0,0,0,0,0,0,0,0,0,0,25,253,253,226,29,0,0,147,253,253,253,253,30,0,0,0,0,0,0,0,0,0,0,0,0,0,0,0,25,253,253,217,14,0,63,233,253,253,253,192,11,0,0,0,0,0,0,0,0,0,0,0,0,0,0,0,25,253,253,253,199,174,232,253,253,253,253,160,0,0,0,0,0,0,0,0,0,0,0,0,0,0,0,0,25,253,253,253,253,253,253,253,253,253,253,226,22,0,0,0,0,0,0,0,0,0,0,0,0,0,0,0,25,253,253,253,253,253,253,253,223,253,253,253,30,0,0,0,0,0,0,0,0,0,0,0,0,0,0,0,6,77,228,242,185,185,154,61,88,253,253,253,30,0,0,0,0,0,0,0,0,0,0,0,0,0,0,0,0,0,35,46,0,0,0,0,75,253,253,253,67,0,0,0,0,0,0,0,0,0,0,0,0,0,0,0,0,0,0,0,0,0,0,0,75,253,253,253,154,0,0,0,0,0,0,0,0,0,0,0,0,0,0,0,0,0,0,0,0,0,0,0,75,253,253,253,128,9,0,0,0,0,0,0,0,0,0,0,0,0,0,0,0,0,0,0,0,0,0,0,75,253,253,253,253,24,0,0,0,0,0,0,0,0,0,0,0,0,0,0,0,0,0,0,0,0,0,0,75,253,253,253,253,24,0,0,0,0,0,0,0,0,0,0,0,0,0,0,0,0,0,0,0,0,0,0,7,209,253,253,253,24,0,0,0,0,0,0,0,0,0,0,0,0,0,0,0,0,0,0,0,0,0,0,70,250,253,253,253,24,0,0,0,0,0,0,0,0,0,0,0,0,0,0,0,0,0,0,0,0,0,0,75,253,253,253,253,24,0,0,0,0,0,0,0,0,0,0,0,0,0,0,0,0,0,0,0,0,0,0,2,106,233,253,144,13,0,0,0,0,0,0,0,0,0,0,0,0,0,0,0,0,0,0,0,0,0,0,0,0,0,0,0,0,0,0,0,0,0,0,0,0,0,0,0,0,0,0,0,0,0,0,0,0,0,0,0,0,0,0,0,0,0,0,0,0,0,0,0
9,0,0,0,0,0,0,0,0,0,0,0,0,0,0,0,0,0,0,0,0,0,0,0,0,0,0,0,0,0,0,0,0,0,0,0,0,0,0,0,0,0,0,0,0,0,0,0,0,0,0,0,0,0,0,0,0,0,0,0,0,0,0,0,0,0,0,0,0,0,0,0,0,0,0,0,0,0,0,0,0,0,0,0,0,0,0,0,0,0,0,0,0,0,0,0,0,0,0,0,0,0,0,0,0,0,0,0,0,0,0,0,0,0,0,0,0,0,0,0,0,0,0,0,0,0,0,0,0,0,0,0,0,0,0,0,0,0,0,0,0,0,0,0,0,0,0,0,0,0,0,0,0,124,245,213,38,0,0,0,0,0,0,0,0,0,0,0,0,0,0,0,0,0,0,0,0,0,0,0,144,254,254,232,245,90,0,0,0,0,0,0,0,0,0,0,0,0,0,0,0,0,0,0,0,0,0,126,254,254,117,17,64,137,30,0,0,0,0,0,0,0,0,0,0,0,0,0,0,0,0,0,0,0,21,242,254,161,5,0,0,0,113,215,63,0,0,0,0,0,0,0,0,0,0,0,0,0,0,0,0,0,169,254,215,29,0,0,0,12,237,254,112,0,0,0,0,0,0,0,0,0,0,0,0,0,0,0,0,9,214,254,91,0,0,0,0,95,254,254,77,0,0,0,0,0,0,0,0,0,0,0,0,0,0,0,0,23,254,226,3,0,0,0,0,125,254,232,15,0,0,0,0,0,0,0,0,0,0,0,0,0,0,0,0,111,254,82,0,0,0,0,0,184,254,187,0,0,0,0,0,0,0,0,0,0,0,0,0,0,0,0,0,196,254,80,0,0,0,0,5,200,254,135,0,0,0,0,0,0,0,0,0,0,0,0,0,0,0,0,0,202,254,80,0,0,0,0,66,254,254,51,0,0,0,0,0,0,0,0,0,0,0,0,0,0,0,0,0,202,254,80,0,0,0,27,209,254,254,9,0,0,0,0,0,0,0,0,0,0,0,0,0,0,0,0,0,195,254,93,1,5,82,224,247,212,254,78,0,0,0,0,0,0,0,0,0,0,0,0,0,0,0,0,0,79,253,254,185,200,254,252,114,95,254,98,0,0,0,0,0,0,0,0,0,0,0,0,0,0,0,0,0,0,128,229,254,254,240,92,0,95,254,98,0,0,0,0,0,0,0,0,0,0,0,0,0,0,0,0,0,0,0,6,65,78,7,0,0,95,254,184,0,0,0,0,0,0,0,0,0,0,0,0,0,0,0,0,0,0,0,0,0,0,0,0,0,13,254,187,0,0,0,0,0,0,0,0,0,0,0,0,0,0,0,0,0,0,0,0,0,0,0,0,0,5,254,187,0,0,0,0,0,0,0,0,0,0,0,0,0,0,0,0,0,0,0,0,0,0,0,0,0,5,254,187,0,0,0,0,0,0,0,0,0,0,0,0,0,0,0,0,0,0,0,0,0,0,0,0,0,3,220,187,0,0,0,0,0,0,0,0,0,0,0,0,0,0,0,0,0,0,0,0,0,0,0,0,0,0,170,187,0,0,0,0,0,0,0,0,0,0,0,0,0,0,0,0,0,0,0,0,0,0,0,0,0,0,0,0,0,0,0,0,0,0,0,0,0,0,0,0,0,0,0,0,0,0,0,0,0,0,0,0,0,0,0,0,0,0,0,0,0,0,0,0,0,0,0,0,0,0,0,0,0,0,0,0,0,0,0,0,0,0,0,0,0,0,0,0,0,0,0,0,0
1,0,0,0,0,0,0,0,0,0,0,0,0,0,0,0,0,0,0,0,0,0,0,0,0,0,0,0,0,0,0,0,0,0,0,0,0,0,0,0,0,0,0,0,0,0,0,0,0,0,0,0,0,0,0,0,0,0,0,0,0,0,0,0,0,0,0,0,0,0,0,0,0,0,0,0,0,0,0,0,0,0,0,0,0,0,0,0,0,0,0,0,0,0,0,0,0,0,0,0,0,0,0,0,0,0,0,0,0,0,0,0,0,0,0,0,0,0,0,0,0,0,0,0,0,128,114,36,0,0,0,0,0,0,0,0,0,0,0,0,0,0,0,0,0,0,0,0,0,0,0,0,0,127,251,212,0,0,0,0,0,0,0,0,0,0,0,0,0,0,0,0,0,0,0,0,0,0,0,0,0,127,251,251,0,0,0,0,0,0,0,0,0,0,0,0,0,0,0,0,0,0,0,0,0,0,0,0,0,127,251,251,40,0,0,0,0,0,0,0,0,0,0,0,0,0,0,0,0,0,0,0,0,0,0,0,0,127,251,251,158,0,0,0,0,0,0,0,0,0,0,0,0,0,0,0,0,0,0,0,0,0,0,0,0,128,253,253,159,0,0,0,0,0,0,0,0,0,0,0,0,0,0,0,0,0,0,0,0,0,0,0,0,127,251,251,158,0,0,0,0,0,0,0,0,0,0,0,0,0,0,0,0,0,0,0,0,0,0,0,0,127,251,251,158,0,0,0,0,0,0,0,0,0,0,0,0,0,0,0,0,0,0,0,0,0,0,0,0,127,251,251,158,0,0,0,0,0,0,0,0,0,0,0,0,0,0,0,0,0,0,0,0,0,0,0,0,48,232,251,158,0,0,0,0,0,0,0,0,0,0,0,0,0,0,0,0,0,0,0,0,0,0,0,0,0,223,253,159,0,0,0,0,0,0,0,0,0,0,0,0,0,0,0,0,0,0,0,0,0,0,0,0,0,221,251,158,0,0,0,0,0,0,0,0,0,0,0,0,0,0,0,0,0,0,0,0,0,0,0,0,0,221,251,158,0,0,0,0,0,0,0,0,0,0,0,0,0,0,0,0,0,0,0,0,0,0,0,0,0,221,251,182,16,0,0,0,0,0,0,0,0,0,0,0,0,0,0,0,0,0,0,0,0,0,0,0,0,221,251,253,62,0,0,0,0,0,0,0,0,0,0,0,0,0,0,0,0,0,0,0,0,0,0,0,0,223,253,255,122,0,0,0,0,0,0,0,0,0,0,0,0,0,0,0,0,0,0,0,0,0,0,0,0,221,251,253,220,0,0,0,0,0,0,0,0,0,0,0,0,0,0,0,0,0,0,0,0,0,0,0,0,142,251,253,220,0,0,0,0,0,0,0,0,0,0,0,0,0,0,0,0,0,0,0,0,0,0,0,0,48,228,253,81,0,0,0,0,0,0,0,0,0,0,0,0,0,0,0,0,0,0,0,0,0,0,0,0,0,59,193,23,0,0,0,0,0,0,0,0,0,0,0,0,0,0,0,0,0,0,0,0,0,0,0,0,0,0,0,0,0,0,0,0,0,0,0,0,0,0,0,0,0,0,0,0,0,0,0,0,0,0,0,0,0,0,0,0,0,0,0,0,0,0,0,0,0,0,0,0,0,0,0,0,0,0,0,0,0,0,0,0,0,0,0,0,0,0,0,0,0,0,0,0,0,0,0,0,0,0,0,0,0,0,0,0,0,0,0,0,0,0,0,0,0,0,0,0,0,0,0,0,0,0,0
2,0,0,0,0,0,0,0,0,0,0,0,0,0,0,0,0,0,0,0,0,0,0,0,0,0,0,0,0,0,0,0,0,0,0,0,0,0,0,0,0,0,0,0,0,0,0,0,0,0,0,0,0,0,0,0,0,0,0,0,0,0,0,0,0,0,0,0,0,0,0,0,0,0,0,0,0,0,0,0,0,0,0,0,0,0,0,0,0,0,0,0,0,0,0,0,0,0,0,0,0,0,0,0,0,0,0,0,0,0,0,0,0,0,0,0,0,0,0,0,0,0,0,0,0,0,0,0,0,0,0,0,0,0,0,0,0,0,0,0,0,0,0,0,0,0,0,119,125,174,254,254,254,254,254,157,35,0,0,0,0,0,0,0,0,0,0,0,0,0,0,0,0,122,248,253,253,253,253,253,253,253,253,253,249,203,0,0,0,0,0,0,0,0,0,0,0,0,0,0,0,125,253,253,253,153,142,142,142,142,142,168,253,251,221,40,0,0,0,0,0,0,0,0,0,0,0,0,0,74,149,25,19,2,0,0,0,0,0,5,134,253,253,144,0,0,0,0,0,0,0,0,0,0,0,0,0,0,0,0,0,0,0,0,0,0,0,0,6,133,253,220,0,0,0,0,0,0,0,0,0,0,0,0,0,0,0,0,0,0,0,0,0,0,0,0,0,93,253,220,0,0,0,0,0,0,0,0,0,0,0,0,0,0,0,0,0,0,0,0,0,0,0,0,89,242,253,177,0,0,0,0,0,0,0,0,0,0,0,0,0,0,0,0,0,0,0,0,0,0,0,0,183,253,253,91,0,0,0,0,0,0,0,0,0,0,0,0,0,0,0,0,0,0,0,0,0,0,0,48,239,253,185,19,0,0,0,0,0,0,0,0,0,0,0,0,0,0,0,0,0,0,0,0,0,0,17,176,253,241,63,0,0,0,0,0,0,0,0,0,0,0,0,0,0,0,0,0,0,0,0,0,0,0,96,253,253,177,0,0,0,0,0,0,0,0,0,0,0,0,0,0,0,0,0,0,0,0,0,0,0,42,208,253,215,62,0,0,0,0,0,0,0,0,0,0,0,0,0,0,0,0,0,0,0,0,0,0,15,211,253,243,58,0,0,0,0,0,0,0,0,0,0,0,0,0,0,0,0,0,0,0,0,0,0,14,172,253,253,174,0,0,0,0,0,0,0,0,0,0,0,0,0,0,0,0,0,0,0,0,0,0,0,85,253,253,211,23,0,0,0,0,0,0,0,0,0,0,0,0,0,0,0,0,0,0,0,0,0,0,0,86,253,253,188,0,0,0,0,0,0,0,0,0,0,0,0,0,0,0,0,0,0,0,0,0,0,0,0,86,253,253,193,16,0,0,0,0,0,0,2,20,0,0,0,0,0,0,0,0,0,0,0,0,0,0,0,81,244,253,253,228,143,143,143,143,143,143,149,240,0,0,0,0,0,0,0,0,0,0,0,0,0,0,0,0,36,220,247,252,253,253,253,253,253,253,173,54,0,0,0,0,0,0,0,0,0,0,0,0,0,0,0,0,0,0,0,92,123,213,253,253,240,114,0,0,0,0,0,0,0,0,0,0,0,0,0,0,0,0,0,0,0,0,0,0,0,0,0,0,0,0,0,0,0,0,0,0,0,0,0,0,0,0,0,0,0,0,0,0,0,0,0,0,0,0,0,0,0,0,0,0,0,0,0,0,0,0,0,0,0,0,0,0,0,0,0,0,0,0,0,0,0,0,0,0,0,0,0,0,0,0,0,0,0
2,0,0,0,0,0,0,0,0,0,0,0,0,0,0,0,0,0,0,0,0,0,0,0,0,0,0,0,0,0,0,0,0,0,0,0,0,0,0,0,0,0,0,0,0,0,0,0,0,0,0,0,0,0,0,0,0,0,0,0,0,0,0,0,0,0,0,0,0,0,0,0,0,0,0,0,0,0,0,0,0,0,0,0,0,0,0,0,0,0,0,0,0,0,0,0,0,0,0,0,0,0,0,0,0,0,0,0,0,0,0,0,0,0,0,0,0,0,0,0,0,0,7,105,105,211,254,254,139,105,63,0,0,0,0,0,0,0,0,0,0,0,0,0,0,0,0,0,0,50,160,253,253,253,253,253,253,253,236,72,0,0,0,0,0,0,0,0,0,0,0,0,0,0,0,0,78,238,253,253,253,251,238,252,253,253,254,232,58,0,0,0,0,0,0,0,0,0,0,0,0,0,0,0,254,253,253,196,133,118,0,127,154,253,254,253,89,0,0,0,0,0,0,0,0,0,0,0,0,0,0,0,122,253,108,16,0,0,0,0,19,192,254,253,89,0,0,0,0,0,0,0,0,0,0,0,0,0,0,0,93,187,26,0,0,0,0,11,158,253,254,210,26,0,0,0,0,0,0,0,0,0,0,0,0,0,0,0,0,0,0,0,0,0,0,90,253,253,254,114,0,0,0,0,0,0,0,0,0,0,0,0,0,0,0,0,0,0,0,0,0,0,48,236,253,253,217,29,0,0,0,0,0,0,0,0,0,0,0,0,0,0,0,0,0,0,0,0,0,24,226,253,245,120,35,0,0,0,0,0,0,0,0,0,0,0,0,0,0,0,0,0,0,0,0,0,45,162,253,253,208,0,0,0,0,0,0,0,0,0,0,0,0,0,0,0,0,0,0,0,0,0,0,0,226,254,254,217,35,0,0,0,0,0,0,0,0,0,0,0,0,0,0,0,0,0,0,0,0,0,4,131,248,253,253,40,0,0,0,0,0,0,0,0,0,0,0,0,0,0,0,0,0,0,0,0,0,0,24,253,253,251,158,5,0,0,0,0,0,0,0,0,0,0,0,0,0,0,0,0,0,0,0,0,0,0,164,253,253,223,0,0,0,0,0,0,0,0,0,0,0,0,0,0,0,0,0,0,0,0,0,0,0,0,164,253,253,179,0,0,0,0,0,0,0,0,23,75,75,75,62,0,0,0,0,0,0,0,0,0,0,0,164,253,253,74,0,0,6,30,31,119,128,179,201,253,253,253,235,62,0,0,0,0,0,0,0,0,0,0,164,253,253,169,134,134,156,253,254,253,253,253,253,253,253,205,98,0,0,0,0,0,0,0,0,0,0,0,164,253,253,253,253,253,253,253,255,253,253,253,173,57,14,9,0,0,0,0,0,0,0,0,0,0,0,0,135,229,253,253,253,253,253,226,209,85,59,59,7,0,0,0,0,0,0,0,0,0,0,0,0,0,0,0,0,49,147,253,253,253,138,43,0,0,0,0,0,0,0,0,0,0,0,0,0,0,0,0,0,0,0,0,0,0,0,0,0,0,0,0,0,0,0,0,0,0,0,0,0,0,0,0,0,0,0,0,0,0,0,0,0,0,0,0,0,0,0,0,0,0,0,0,0,0,0,0,0,0,0,0,0,0,0,0,0,0,0,0,0,0,0,0,0,0,0,0,0,0,0,0,0,0,0,0,0,0,0,0,0,0,0,0,0,0,0,0,0,0,0,0,0,0,0,0,0,0,0,0,0,0,0,0,0,0,0
8,0,0,0,0,0,0,0,0,0,0,0,0,0,0,0,0,0,0,0,0,0,0,0,0,0,0,0,0,0,0,0,0,0,0,0,0,0,0,0,0,0,0,0,0,0,0,0,0,0,0,0,0,0,0,0,0,0,0,0,0,0,0,0,0,0,0,0,0,0,0,0,0,0,0,0,0,0,0,0,0,0,0,0,0,0,0,0,0,0,0,0,0,0,0,0,0,0,0,0,0,0,0,0,0,0,0,0,0,0,0,0,0,0,0,0,0,0,0,0,0,0,0,0,0,0,0,0,0,0,0,0,0,0,0,0,0,0,0,0,0,0,0,0,0,0,0,0,0,0,0,188,255,141,32,0,0,0,0,0,0,0,0,0,0,0,0,0,0,0,0,0,0,0,0,0,0,0,0,187,254,254,246,83,0,0,0,0,0,0,0,0,0,0,0,0,0,0,0,0,0,0,0,0,0,0,0,187,254,254,254,240,89,0,69,111,2,0,0,0,0,0,0,0,0,0,0,0,0,0,0,0,0,0,0,187,254,241,254,254,145,60,243,254,40,0,0,0,0,0,0,0,0,0,0,0,0,0,0,0,0,0,0,110,254,116,201,254,247,223,254,210,5,0,0,0,0,0,0,0,0,0,0,0,0,0,0,0,0,0,0,9,251,235,86,165,254,254,254,85,0,0,0,0,0,0,0,0,0,0,0,0,0,0,0,0,0,0,0,0,174,254,207,216,254,254,189,27,0,0,0,0,0,0,0,0,0,0,0,0,0,0,0,0,0,0,0,0,63,253,254,254,254,254,104,0,0,0,0,0,0,0,0,0,0,0,0,0,0,0,0,0,0,0,0,0,0,167,254,254,254,153,5,0,0,0,0,0,0,0,0,0,0,0,0,0,0,0,0,0,0,0,0,0,0,176,254,254,254,203,54,0,0,0,0,0,0,0,0,0,0,0,0,0,0,0,0,0,0,0,0,0,0,250,254,248,237,254,203,22,0,0,0,0,0,0,0,0,0,0,0,0,0,0,0,0,0,0,0,0,30,251,254,140,39,223,254,179,1,0,0,0,0,0,0,0,0,0,0,0,0,0,0,0,0,0,0,0,0,250,254,120,0,37,226,254,73,0,0,0,0,0,0,0,0,0,0,0,0,0,0,0,0,0,0,0,0,250,254,120,0,0,94,254,98,0,0,0,0,0,0,0,0,0,0,0,0,0,0,0,0,0,0,0,0,250,254,120,0,0,31,254,98,0,0,0,0,0,0,0,0,0,0,0,0,0,0,0,0,0,0,0,0,168,254,242,110,4,128,254,48,0,0,0,0,0,0,0,0,0,0,0,0,0,0,0,0,0,0,0,0,48,245,254,249,221,254,254,23,0,0,0,0,0,0,0,0,0,0,0,0,0,0,0,0,0,0,0,0,0,118,250,254,254,254,217,53,0,0,0,0,0,0,0,0,0,0,0,0,0,0,0,0,0,0,0,0,0,0,180,251,254,253,102,0,0,0,0,0,0,0,0,0,0,0,0,0,0,0,0,0,0,0,0,0,0,0,0,116,216,99,0,0,0,0,0,0,0,0,0,0,0,0,0,0,0,0,0,0,0,0,0,0,0,0,0,0,0,0,0,0,0,0,0,0,0,0,0,0,0,0,0,0,0,0,0,0,0,0,0,0,0,0,0,0,0,0,0,0,0,0,0,0,0,0,0,0,0,0,0,0,0,0,0,0,0,0,0,0,0,0,0,0,0,0,0,0,0,0,0,0,0,0,0,0
1,0,0,0,0,0,0,0,0,0,0,0,0,0,0,0,0,0,0,0,0,0,0,0,0,0,0,0,0,0,0,0,0,0,0,0,0,0,0,0,0,0,0,0,0,0,0,0,0,0,0,0,0,0,0,0,0,0,0,0,0,0,0,0,0,0,0,0,0,0,0,0,0,0,0,0,0,0,0,0,0,0,0,0,0,0,0,0,0,0,0,0,0,0,0,0,0,0,0,0,0,0,0,0,0,0,0,0,0,0,0,0,0,0,0,0,0,0,0,0,0,0,0,0,0,0,0,0,0,0,0,0,0,0,0,0,0,0,0,0,0,0,0,0,0,0,0,0,0,0,0,0,0,0,0,63,241,58,0,0,0,0,0,0,0,0,0,0,0,0,0,0,0,0,0,0,0,0,0,0,0,0,0,188,254,233,31,0,0,0,0,0,0,0,0,0,0,0,0,0,0,0,0,0,0,0,0,0,0,0,108,248,254,253,44,0,0,0,0,0,0,0,0,0,0,0,0,0,0,0,0,0,0,0,0,0,0,0,188,253,254,219,21,0,0,0,0,0,0,0,0,0,0,0,0,0,0,0,0,0,0,0,0,0,0,0,188,253,254,187,0,0,0,0,0,0,0,0,0,0,0,0,0,0,0,0,0,0,0,0,0,0,0,0,188,253,254,101,0,0,0,0,0,0,0,0,0,0,0,0,0,0,0,0,0,0,0,0,0,0,0,39,245,253,253,74,0,0,0,0,0,0,0,0,0,0,0,0,0,0,0,0,0,0,0,0,0,0,0,28,228,253,221,0,0,0,0,0,0,0,0,0,0,0,0,0,0,0,0,0,0,0,0,0,0,0,0,79,253,253,221,0,0,0,0,0,0,0,0,0,0,0,0,0,0,0,0,0,0,0,0,0,0,0,0,155,253,253,221,0,0,0,0,0,0,0,0,0,0,0,0,0,0,0,0,0,0,0,0,0,0,0,0,155,255,254,159,0,0,0,0,0,0,0,0,0,0,0,0,0,0,0,0,0,0,0,0,0,0,0,0,155,253,253,139,0,0,0,0,0,0,0,0,0,0,0,0,0,0,0,0,0,0,0,0,0,0,0,0,64,253,253,129,0,0,0,0,0,0,0,0,0,0,0,0,0,0,0,0,0,0,0,0,0,0,0,0,45,253,253,111,0,0,0,0,0,0,0,0,0,0,0,0,0,0,0,0,0,0,0,0,0,0,0,0,35,239,253,111,0,0,0,0,0,0,0,0,0,0,0,0,0,0,0,0,0,0,0,0,0,0,0,0,0,188,253,198,0,0,0,0,0,0,0,0,0,0,0,0,0,0,0,0,0,0,0,0,0,0,0,0,0,135,253,221,0,0,0,0,0,0,0,0,0,0,0,0,0,0,0,0,0,0,0,0,0,0,0,0,0,65,248,242,67,0,0,0,0,0,0,0,0,0,0,0,0,0,0,0,0,0,0,0,0,0,0,0,0,0,139,254,187,0,0,0,0,0,0,0,0,0,0,0,0,0,0,0,0,0,0,0,0,0,0,0,0,0,15,158,245,38,0,0,0,0,0,0,0,0,0,0,0,0,0,0,0,0,0,0,0,0,0,0,0,0,0,0,0,0,0,0,0,0,0,0,0,0,0,0,0,0,0,0,0,0,0,0,0,0,0,0,0,0,0,0,0,0,0,0,0,0,0,0,0,0,0,0,0,0,0,0,0,0,0,0,0,0,0,0,0,0,0,0,0,0,0,0,0,0,0,0,0,0,0,0
9,0,0,0,0,0,0,0,0,0,0,0,0,0,0,0,0,0,0,0,0,0,0,0,0,0,0,0,0,0,0,0,0,0,0,0,0,0,0,0,0,0,0,0,0,0,0,0,0,0,0,0,0,0,0,0,0,0,0,0,0,0,0,0,0,0,0,0,0,0,0,0,0,0,0,0,0,0,0,0,0,0,0,0,0,0,0,0,0,0,0,0,0,0,0,0,0,0,0,0,0,0,0,0,0,0,0,0,0,0,0,0,0,0,0,0,0,0,0,0,0,0,0,0,0,0,0,0,0,0,0,0,0,0,0,0,0,0,0,0,0,0,0,0,0,0,0,0,0,0,0,0,0,0,0,0,0,0,0,0,0,0,0,0,0,0,0,0,0,0,0,0,0,0,0,0,0,0,27,139,253,220,143,129,10,0,0,0,0,0,0,0,0,0,0,0,0,0,0,0,0,0,0,0,6,138,236,252,252,252,252,253,170,41,0,0,0,0,0,0,0,0,0,0,0,0,0,0,0,0,0,0,23,252,252,252,252,179,196,253,252,192,4,0,0,0,0,0,0,0,0,0,0,0,0,0,0,0,0,0,128,252,252,174,10,3,5,186,252,252,126,0,0,0,0,0,0,0,0,0,0,0,0,0,0,0,0,0,132,252,252,46,0,0,0,12,202,252,235,20,0,0,0,0,0,0,0,0,0,0,0,0,0,0,0,0,94,252,252,131,0,0,0,0,38,218,252,126,0,0,0,0,0,0,0,0,0,0,0,0,0,0,0,0,23,252,252,184,5,0,0,0,0,109,252,197,0,0,0,0,0,0,0,0,0,0,0,0,0,0,0,0,9,199,252,252,126,31,0,0,0,100,252,231,34,0,0,0,0,0,0,0,0,0,0,0,0,0,0,0,0,84,252,252,252,232,187,78,78,194,252,252,55,0,0,0,0,0,0,0,0,0,0,0,0,0,0,0,0,7,119,243,252,252,252,253,252,252,252,252,55,0,0,0,0,0,0,0,0,0,0,0,0,0,0,0,0,0,0,54,129,220,235,255,253,253,253,198,0,0,0,0,0,0,0,0,0,0,0,0,0,0,0,0,0,0,0,0,0,0,34,91,232,252,252,197,0,0,0,0,0,0,0,0,0,0,0,0,0,0,0,0,0,0,0,0,0,0,0,0,133,252,252,197,0,0,0,0,0,0,0,0,0,0,0,0,0,0,0,0,0,0,0,0,0,0,0,0,61,249,252,197,0,0,0,0,0,0,0,0,0,0,0,0,0,0,0,0,0,0,0,0,0,0,0,0,0,209,252,233,36,0,0,0,0,0,0,0,0,0,0,0,0,0,0,0,0,0,0,0,0,0,0,0,0,123,252,252,93,0,0,0,0,0,0,0,0,0,0,0,0,0,0,0,0,0,0,0,0,0,0,0,0,200,252,252,245,121,0,0,0,0,0,0,0,0,0,0,0,0,0,0,0,0,0,0,0,0,0,0,0,142,252,252,252,131,0,0,0,0,0,0,0,0,0,0,0,0,0,0,0,0,0,0,0,0,0,0,0,100,252,252,225,92,0,0,0,0,0,0,0,0,0,0,0,0,0,0,0,0,0,0,0,0,0,0,0,13,100,228,45,0,0,0,0,0,0,0,0,0,0,0,0,0,0,0,0,0,0,0,0,0,0,0,0,0,0,0,0,0,0,0,0,0,0,0,0,0,0,0,0,0,0,0,0,0,0,0,0,0,0,0,0,0,0,0,0,0,0,0,0,0,0,0,0
6,0,0,0,0,0,0,0,0,0,0,0,0,0,0,0,0,0,0,0,0,0,0,0,0,0,0,0,0,0,0,0,0,0,0,0,0,0,0,0,0,0,0,0,0,0,0,0,0,0,0,0,0,0,0,0,0,0,0,0,0,0,0,0,0,0,0,0,0,0,0,0,0,0,0,0,0,0,0,0,0,0,0,0,0,0,0,0,0,0,0,0,0,0,0,0,0,0,0,0,0,0,0,0,0,0,0,0,0,0,0,0,0,0,0,0,0,0,0,0,0,0,0,0,0,0,0,0,0,5,108,180,253,64,0,0,0,0,0,0,0,0,0,0,0,0,0,0,0,0,0,0,0,0,0,0,26,136,252,252,252,189,0,0,0,0,0,0,0,0,0,0,0,0,0,0,0,0,0,0,0,0,0,0,222,252,252,252,252,199,0,0,0,0,0,0,0,0,0,0,0,0,0,0,0,0,0,0,0,0,34,144,253,252,252,252,210,74,0,0,0,0,0,0,0,0,0,0,0,0,0,0,0,0,0,0,0,0,144,252,253,252,252,210,22,0,0,0,0,0,0,0,0,0,0,0,0,0,0,0,0,0,0,0,0,132,253,253,255,218,84,0,0,0,0,0,0,0,0,0,0,0,0,0,0,0,0,0,0,0,0,0,51,228,252,252,218,33,0,0,0,0,0,0,0,0,0,0,0,0,0,0,0,0,0,0,0,0,0,17,228,252,252,221,32,0,0,0,0,0,0,0,0,0,0,0,0,0,0,0,0,0,0,0,0,0,0,66,252,252,252,96,0,0,0,0,0,0,0,0,0,0,0,0,0,0,0,0,0,0,0,0,0,0,0,138,252,252,168,2,0,0,0,0,0,0,0,0,0,0,0,0,0,0,0,0,0,0,0,0,0,0,64,255,253,253,117,3,0,0,0,0,0,0,0,0,0,0,0,0,0,0,0,0,0,0,0,0,0,0,116,253,252,252,252,117,0,0,0,0,0,0,0,0,0,0,0,0,0,0,0,0,0,0,0,0,0,0,116,253,252,252,252,252,32,0,0,0,0,0,0,0,0,0,0,0,0,0,0,0,0,0,0,0,0,0,210,253,252,252,252,252,218,34,0,0,0,0,0,0,0,0,0,0,0,0,0,0,0,0,0,0,0,0,230,253,252,221,85,242,253,92,0,0,0,0,0,0,0,0,0,0,0,0,0,0,0,0,0,0,0,0,0,255,253,184,0,127,255,253,79,0,0,0,0,0,0,0,0,0,0,0,0,0,0,0,0,0,0,0,0,253,252,196,47,234,253,252,183,0,0,0,0,0,0,0,0,0,0,0,0,0,0,0,0,0,0,0,0,137,252,252,252,252,253,252,151,0,0,0,0,0,0,0,0,0,0,0,0,0,0,0,0,0,0,0,0,5,177,252,252,252,253,214,13,0,0,0,0,0,0,0,0,0,0,0,0,0,0,0,0,0,0,0,0,0,15,137,252,252,190,60,0,0,0,0,0,0,0,0,0,0,0,0,0,0,0,0,0,0,0,0,0,0,0,0,0,0,0,0,0,0,0,0,0,0,0,0,0,0,0,0,0,0,0,0,0,0,0,0,0,0,0,0,0,0,0,0,0,0,0,0,0,0,0,0,0,0,0,0,0,0,0,0,0,0,0,0,0,0,0,0,0,0,0,0,0,0,0,0,0,0,0,0,0,0,0,0,0,0,0,0,0,0,0,0,0,0,0,0,0,0,0,0,0,0,0,0,0,0,0,0,0,0,0
4,0,0,0,0,0,0,0,0,0,0,0,0,0,0,0,0,0,0,0,0,0,0,0,0,0,0,0,0,0,0,0,0,0,0,0,0,0,0,0,0,0,0,0,0,0,0,0,0,0,0,0,0,0,0,0,0,0,0,0,0,0,0,0,0,0,0,0,0,0,0,0,0,0,0,0,0,0,0,0,0,0,0,0,0,0,0,0,0,0,0,0,0,0,0,0,0,0,0,0,0,0,0,0,0,0,0,0,0,0,0,0,0,0,0,0,0,0,0,0,0,0,0,0,0,0,0,0,0,0,0,0,0,0,0,0,0,0,0,0,0,0,0,0,0,0,0,0,0,0,0,0,0,0,0,0,0,0,0,0,0,0,0,0,0,0,0,0,0,0,0,0,0,0,0,120,162,48,0,0,0,0,0,0,0,0,0,0,0,0,0,0,0,0,0,0,0,0,0,0,0,0,0,141,254,155,0,0,0,0,0,0,0,0,0,0,0,0,0,0,0,0,0,0,0,0,0,0,0,0,0,9,186,252,104,0,0,0,0,0,48,214,11,0,0,0,0,0,0,0,0,0,0,0,0,0,0,0,0,0,143,254,124,0,0,0,0,0,145,254,118,0,0,0,0,0,0,0,0,0,0,0,0,0,0,0,0,0,30,241,212,98,0,0,0,0,145,254,132,0,0,0,0,0,0,0,0,0,0,0,0,0,0,0,0,0,0,144,254,210,24,0,0,0,145,254,21,0,0,0,0,0,0,0,0,0,0,0,0,0,0,0,0,0,0,7,191,254,164,0,0,0,145,254,151,0,0,0,0,0,0,0,0,0,0,0,0,0,0,0,0,0,0,0,3,189,253,136,90,28,252,254,151,0,0,0,0,0,0,0,0,0,0,0,0,0,0,0,0,0,0,0,0,72,245,254,223,183,254,254,151,0,0,0,0,0,0,0,0,0,0,0,0,0,0,0,0,0,0,0,0,0,43,178,254,254,254,254,114,0,0,0,0,0,0,0,0,0,0,0,0,0,0,0,0,0,0,0,0,0,0,19,68,68,148,254,39,0,0,0,0,0,0,0,0,0,0,0,0,0,0,0,0,0,0,0,0,0,0,0,0,0,83,254,151,0,0,0,0,0,0,0,0,0,0,0,0,0,0,0,0,0,0,0,0,0,0,0,0,0,7,254,151,0,0,0,0,0,0,0,0,0,0,0,0,0,0,0,0,0,0,0,0,0,0,0,0,0,7,254,151,0,0,0,0,0,0,0,0,0,0,0,0,0,0,0,0,0,0,0,0,0,0,0,0,0,7,254,151,0,0,0,0,0,0,0,0,0,0,0,0,0,0,0,0,0,0,0,0,0,0,0,0,0,1,141,241,29,0,0,0,0,0,0,0,0,0,0,0,0,0,0,0,0,0,0,0,0,0,0,0,0,0,27,245,34,0,0,0,0,0,0,0,0,0,0,0,0,0,0,0,0,0,0,0,0,0,0,0,0,0,0,242,131,0,0,0,0,0,0,0,0,0,0,0,0,0,0,0,0,0,0,0,0,0,0,0,0,0,0,231,223,121,0,0,0,0,0,0,0,0,0,0,0,0,0,0,0,0,0,0,0,0,0,0,0,0,0,48,236,192,0,0,0,0,0,0,0,0,0,0,0,0,0,0,0,0,0,0,0,0,0,0,0,0,0,0,0,0,0,0,0,0,0,0,0,0,0,0,0,0,0,0,0,0,0,0,0,0,0,0,0,0,0,0,0,0,0,0,0,0,0,0,0,0
0,0,0,0,0,0,0,0,0,0,0,0,0,0,0,0,0,0,0,0,0,0,0,0,0,0,0,0,0,0,0,0,0,0,0,0,0,0,0,0,0,0,0,0,0,0,0,0,0,0,0,0,0,0,0,0,0,0,0,0,0,0,0,0,0,0,0,0,0,0,0,0,0,0,0,0,0,0,0,0,0,0,0,0,0,0,0,0,0,0,0,0,0,0,0,0,0,0,0,0,0,0,0,0,0,0,0,0,0,0,0,0,0,0,0,0,0,0,0,0,0,0,0,0,0,9,24,139,212,253,117,76,11,0,0,0,0,0,0,0,0,0,0,0,0,0,0,0,0,0,0,0,0,149,227,253,252,252,252,231,203,59,0,0,0,0,0,0,0,0,0,0,0,0,0,0,0,0,0,34,184,131,215,253,208,100,69,37,131,67,0,0,0,0,0,0,0,0,0,0,0,0,0,0,0,0,51,122,252,137,210,245,58,0,0,0,0,0,0,0,0,0,0,0,0,0,0,0,0,0,0,0,0,0,86,252,221,169,137,126,0,53,0,0,0,0,0,0,0,0,0,0,0,0,0,0,0,0,0,0,0,0,179,193,222,161,73,0,0,116,165,76,0,0,0,0,0,0,0,0,0,0,0,0,0,0,0,0,0,0,42,99,104,97,15,0,0,0,133,252,22,0,0,0,0,0,0,0,0,0,0,0,0,0,0,0,0,168,132,228,119,215,16,0,0,0,68,246,216,67,0,0,0,0,0,0,0,0,0,0,0,0,0,0,0,230,253,252,133,29,0,0,0,0,0,230,253,185,0,0,0,0,0,0,0,0,0,0,0,0,0,64,230,145,253,210,6,0,0,0,0,0,0,126,253,227,32,0,0,0,0,0,0,0,0,0,0,0,0,70,253,180,244,196,0,0,0,0,0,0,0,221,255,201,184,0,0,0,0,0,0,0,0,0,0,0,0,25,223,117,138,92,0,0,0,0,0,0,60,203,253,223,67,0,0,0,0,0,0,0,0,0,0,0,0,0,150,246,184,67,0,0,0,0,0,0,124,189,253,174,0,0,0,0,0,0,0,0,0,0,0,0,0,43,0,230,218,34,0,0,0,0,0,100,244,107,253,92,0,0,0,0,0,0,0,0,0,0,0,0,0,126,230,250,232,8,0,0,0,0,0,184,252,252,253,92,0,0,0,0,0,0,0,0,0,0,0,0,0,0,198,253,244,50,0,0,0,0,110,253,253,253,255,92,0,0,0,0,0,0,0,0,0,0,0,0,0,0,34,238,253,164,0,0,0,5,178,252,252,252,249,75,0,0,0,0,0,0,0,0,0,0,0,0,0,0,0,63,169,240,184,184,184,191,252,252,252,252,115,0,0,0,0,0,0,0,0,0,0,0,0,0,0,0,0,0,36,177,252,252,252,253,252,185,202,56,0,0,0,0,0,0,0,0,0,0,0,0,0,0,0,0,0,0,0,5,54,179,200,190,64,6,11,0,0,0,0,0,0,0,0,0,0,0,0,0,0,0,0,0,0,0,0,0,0,0,0,0,0,0,0,0,0,0,0,0,0,0,0,0,0,0,0,0,0,0,0,0,0,0,0,0,0,0,0,0,0,0,0,0,0,0,0,0,0,0,0,0,0,0,0,0,0,0,0,0,0,0,0,0,0,0,0,0,0,0,0,0,0,0,0,0,0,0,0,0,0,0,0,0,0,0,0,0,0,0,0,0,0,0,0,0,0,0,0,0,0,0,0,0,0,0,0,0,0
9,0,0,0,0,0,0,0,0,0,0,0,0,0,0,0,0,0,0,0,0,0,0,0,0,0,0,0,0,0,0,0,0,0,0,0,0,0,0,0,0,0,0,0,0,0,0,0,0,0,0,0,0,0,0,0,0,0,0,0,0,0,0,0,0,0,0,0,0,0,0,0,0,0,0,0,0,0,0,0,0,0,0,0,0,0,0,0,0,0,0,0,0,0,0,0,0,0,0,0,0,0,0,0,0,0,0,0,0,0,0,0,0,0,0,0,0,0,0,0,0,0,0,0,0,0,0,0,0,0,0,0,0,0,0,0,0,0,0,0,0,0,0,0,0,0,0,0,0,0,0,0,0,0,0,0,0,0,0,0,0,0,0,0,0,0,0,0,0,0,0,0,0,0,0,0,0,0,0,0,0,0,0,74,202,253,169,25,0,0,0,0,0,0,0,0,0,0,0,0,0,0,0,0,0,0,0,0,0,0,81,244,253,252,252,119,0,0,0,0,0,0,0,0,0,0,0,0,0,0,0,0,0,0,0,0,0,51,240,252,122,69,202,160,0,0,0,0,0,0,0,0,0,0,0,0,0,0,0,0,0,0,0,0,17,188,252,157,0,81,240,160,0,0,0,0,0,0,0,0,0,0,0,0,0,0,0,0,0,0,0,0,47,252,252,32,0,161,252,160,0,0,0,0,0,0,0,0,0,0,0,0,0,0,0,0,0,0,0,0,162,253,203,11,34,253,253,98,0,0,0,0,0,0,0,0,0,0,0,0,0,0,0,0,0,0,0,0,161,252,139,22,212,252,208,17,0,0,0,0,0,0,0,0,0,0,0,0,0,0,0,0,0,0,0,0,161,252,196,215,253,252,151,0,0,0,0,0,0,0,0,0,0,0,0,0,0,0,0,0,0,0,0,0,120,252,252,252,253,252,69,0,0,0,0,0,0,0,0,0,0,0,0,0,0,0,0,0,0,0,0,0,26,137,137,189,253,252,69,0,0,0,0,0,0,0,0,0,0,0,0,0,0,0,0,0,0,0,0,0,0,0,0,116,255,196,0,0,0,0,0,0,0,0,0,0,0,0,0,0,0,0,0,0,0,0,0,0,0,0,0,136,253,92,0,0,0,0,0,0,0,0,0,0,0,0,0,0,0,0,0,0,0,0,0,0,0,0,0,230,253,92,0,0,0,0,0,0,0,0,0,0,0,0,0,0,0,0,0,0,0,0,0,0,0,0,76,248,234,17,0,0,0,0,0,0,0,0,0,0,0,0,0,0,0,0,0,0,0,0,0,0,0,0,197,252,230,0,0,0,0,0,0,0,0,0,0,0,0,0,0,0,0,0,0,0,0,0,0,0,0,7,212,253,116,0,0,0,0,0,0,0,0,0,0,0,0,0,0,0,0,0,0,0,0,0,0,0,0,70,252,252,42,0,0,0,0,0,0,0,0,0,0,0,0,0,0,0,0,0,0,0,0,0,0,0,0,70,252,252,0,0,0,0,0,0,0,0,0,0,0,0,0,0,0,0,0,0,0,0,0,0,0,0,0,70,252,252,0,0,0,0,0,0,0,0,0,0,0,0,0,0,0,0,0,0,0,0,0,0,0,0,0,38,232,200,0,0,0,0,0,0,0,0,0,0,0,0,0,0,0,0,0,0,0,0,0,0,0,0,0,0,0,0,0,0,0,0,0,0,0,0,0,0,0,0,0,0,0,0,0,0,0,0,0,0,0,0,0,0,0,0,0,0,0,0,0,0,0,0,0,0,0,0,0
4,0,0,0,0,0,0,0,0,0,0,0,0,0,0,0,0,0,0,0,0,0,0,0,0,0,0,0,0,0,0,0,0,0,0,0,0,0,0,0,0,0,0,0,0,0,0,0,0,0,0,0,0,0,0,0,0,0,0,0,0,0,0,0,0,0,0,0,0,0,0,0,0,0,0,0,0,0,0,0,0,0,0,0,0,0,0,0,0,0,0,0,0,0,0,0,0,0,0,0,0,0,0,0,0,0,0,0,0,0,0,0,0,0,0,0,0,0,0,0,0,0,0,0,0,0,0,0,0,0,0,0,0,0,0,0,0,0,0,0,0,0,0,0,0,0,0,0,0,0,0,0,0,0,0,0,33,177,195,0,0,0,0,0,0,0,0,0,0,0,0,0,0,0,0,0,0,0,0,0,0,0,0,46,195,203,34,0,0,0,0,0,0,0,0,0,0,0,0,0,0,0,0,0,0,0,0,0,0,0,62,210,196,18,0,0,0,0,0,0,0,0,0,0,0,0,0,0,0,0,0,0,0,0,0,0,0,0,240,247,57,0,0,0,0,0,0,0,0,0,0,0,0,0,0,0,0,0,0,0,0,0,0,0,0,89,238,73,0,0,0,0,0,0,0,84,114,0,0,0,0,0,0,0,0,0,0,0,0,0,0,0,91,248,73,0,0,0,0,0,0,25,201,237,145,0,0,0,0,0,0,0,0,0,0,0,0,0,0,128,248,159,4,0,0,0,0,0,24,208,162,33,0,0,0,0,0,0,0,0,0,0,0,0,0,0,75,250,77,4,0,0,0,0,0,25,172,121,5,0,0,0,0,0,0,0,0,0,0,0,0,0,0,0,121,197,6,0,0,0,0,0,84,222,163,7,0,0,0,0,0,0,0,0,0,0,0,0,0,0,0,124,221,35,0,0,0,0,0,65,253,122,2,0,0,0,0,0,0,0,0,0,0,0,0,0,0,0,5,202,134,0,0,0,0,0,63,167,202,8,0,0,0,0,0,0,0,0,0,0,0,0,0,0,0,0,11,255,210,92,61,41,57,98,216,163,0,0,0,0,0,0,0,0,0,0,0,0,0,0,0,0,0,0,2,169,247,254,247,226,252,255,122,8,0,0,0,0,0,0,0,0,0,0,0,0,0,0,0,0,0,0,0,0,40,85,42,0,240,163,2,0,0,0,0,0,0,0,0,0,0,0,0,0,0,0,0,0,0,0,0,0,0,0,15,159,223,31,0,0,0,0,0,0,0,0,0,0,0,0,0,0,0,0,0,0,0,0,0,0,0,0,31,196,39,0,0,0,0,0,0,0,0,0,0,0,0,0,0,0,0,0,0,0,0,0,0,0,0,11,175,60,0,0,0,0,0,0,0,0,0,0,0,0,0,0,0,0,0,0,0,0,0,0,0,0,0,76,189,0,0,0,0,0,0,0,0,0,0,0,0,0,0,0,0,0,0,0,0,0,0,0,0,0,4,186,85,0,0,0,0,0,0,0,0,0,0,0,0,0,0,0,0,0,0,0,0,0,0,0,0,0,5,133,27,0,0,0,0,0,0,0,0,0,0,0,0,0,0,0,0,0,0,0,0,0,0,0,0,0,0,0,0,0,0,0,0,0,0,0,0,0,0,0,0,0,0,0,0,0,0,0,0,0,0,0,0,0,0,0,0,0,0,0,0,0,0,0,0,0,0,0,0,0,0,0,0,0,0,0,0,0,0,0,0,0,0,0,0,0,0,0,0,0,0,0,0,0,0,0,0,0,0,0,0
8,0,0,0,0,0,0,0,0,0,0,0,0,0,0,0,0,0,0,0,0,0,0,0,0,0,0,0,0,0,0,0,0,0,0,0,0,0,0,0,0,0,0,0,0,0,0,0,0,0,0,0,0,0,0,0,0,0,0,0,0,0,0,0,0,0,0,0,0,0,0,0,0,0,0,0,0,0,0,0,0,0,0,0,0,0,0,0,0,0,0,0,0,0,0,0,0,0,0,0,0,0,0,0,0,0,0,0,0,0,0,0,0,0,0,0,0,0,0,0,0,0,0,0,0,0,0,0,0,0,0,0,0,0,0,0,0,0,0,0,0,0,0,0,0,0,0,0,0,0,0,0,0,36,93,0,0,178,216,0,0,0,0,0,0,0,0,0,0,0,0,0,0,0,0,0,0,0,61,144,249,251,253,249,222,213,254,89,0,0,0,0,0,0,0,0,0,0,0,0,0,0,0,0,0,151,249,253,254,254,254,254,254,254,254,91,0,0,0,0,0,0,0,0,0,0,0,0,0,0,0,0,98,253,254,254,60,19,19,19,134,254,254,144,0,0,0,0,0,0,0,0,0,0,0,0,0,0,0,0,223,216,156,45,5,0,0,0,53,254,254,171,0,0,0,0,0,0,0,0,0,0,0,0,0,0,0,0,236,191,12,0,0,0,0,0,53,254,254,158,0,0,0,0,0,0,0,0,0,0,0,0,0,0,0,0,236,221,21,0,0,0,0,0,164,254,241,61,0,0,0,0,0,0,0,0,0,0,0,0,0,0,0,0,195,237,162,12,0,0,0,0,184,254,215,0,0,0,0,0,0,0,0,0,0,0,0,0,0,0,0,0,22,197,254,211,203,79,0,48,240,254,111,0,0,0,0,0,0,0,0,0,0,0,0,0,0,0,0,0,0,23,58,169,189,191,163,177,254,243,63,0,0,0,0,0,0,0,0,0,0,0,0,0,0,0,0,0,0,0,0,0,0,19,181,254,254,208,0,0,0,0,0,0,0,0,0,0,0,0,0,0,0,0,0,0,0,0,0,0,0,15,105,254,254,218,18,0,0,0,0,0,0,0,0,0,0,0,0,0,0,0,0,0,0,0,0,0,15,173,255,254,245,217,182,41,0,0,0,0,0,0,0,0,0,0,0,0,0,0,0,0,0,0,0,0,100,254,254,225,104,16,178,244,86,0,0,0,0,0,0,0,0,0,0,0,0,0,0,0,0,0,12,33,216,254,246,57,0,0,15,179,232,14,0,0,0,0,0,0,0,0,0,0,0,0,0,0,0,0,93,254,254,247,103,0,0,0,0,30,244,185,0,0,0,0,0,0,0,0,0,0,0,0,0,0,0,0,93,254,248,101,0,0,0,0,0,20,215,235,0,0,0,0,0,0,0,0,0,0,0,0,0,0,0,0,40,154,100,0,0,0,3,14,14,45,254,235,0,0,0,0,0,0,0,0,0,0,0,0,0,0,0,0,0,0,0,0,0,104,162,254,254,254,251,161,0,0,0,0,0,0,0,0,0,0,0,0,0,0,0,0,0,0,0,0,0,190,160,124,124,108,64,0,0,0,0,0,0,0,0,0,0,0,0,0,0,0,0,0,0,0,0,0,0,0,0,0,0,0,0,0,0,0,0,0,0,0,0,0,0,0,0,0,0,0,0,0,0,0,0,0,0,0,0,0,0,0,0,0,0,0,0,0,0,0,0,0,0,0,0,0,0,0,0,0,0,0,0,0,0,0,0,0,0,0,0,0,0,0,0,0,0,0,0
3,0,0,0,0,0,0,0,0,0,0,0,0,0,0,0,0,0,0,0,0,0,0,0,0,0,0,0,0,0,0,0,0,0,0,0,0,0,0,0,0,0,0,0,0,0,0,0,0,0,0,0,0,0,0,0,0,0,0,0,0,0,0,0,0,0,0,0,0,0,0,0,0,0,0,0,0,0,0,0,0,0,0,0,0,0,0,0,0,0,0,0,0,0,0,0,0,0,0,0,0,0,0,0,0,0,0,0,0,0,0,0,0,0,0,0,0,0,0,0,0,0,0,5,24,66,138,202,180,107,24,3,0,0,0,0,0,0,0,0,0,0,0,0,0,0,0,0,0,0,57,178,252,252,252,253,252,252,252,117,0,0,0,0,0,0,0,0,0,0,0,0,0,0,0,0,0,53,253,252,252,227,183,69,141,234,252,252,85,0,0,0,0,0,0,0,0,0,0,0,0,0,0,0,0,0,109,160,128,29,0,0,0,184,252,252,116,0,0,0,0,0,0,0,0,0,0,0,0,0,0,0,0,0,0,0,0,0,0,0,0,184,252,252,11,0,0,0,0,0,0,0,0,0,0,0,0,0,0,0,0,0,0,0,0,0,0,0,110,253,253,75,0,0,0,0,0,0,0,0,0,0,0,0,0,0,0,0,0,0,0,0,0,0,0,57,219,252,235,18,0,0,0,0,0,0,0,0,0,0,0,0,0,0,0,0,0,0,0,0,0,0,64,253,252,252,77,0,0,0,0,0,0,0,0,0,0,0,0,0,0,0,0,0,0,0,0,0,68,134,248,253,235,77,9,0,0,0,0,0,0,0,0,0,0,0,0,0,0,0,0,0,0,0,74,230,246,252,252,253,153,0,0,0,0,0,0,0,0,0,0,0,0,0,0,0,0,0,0,0,0,0,255,253,253,253,253,255,253,222,97,3,0,0,0,0,0,0,0,0,0,0,0,0,0,0,0,0,0,0,92,113,123,92,92,103,236,252,252,117,0,0,0,0,0,0,0,0,0,0,0,0,0,0,0,0,0,0,0,0,0,0,0,0,65,234,252,252,85,0,0,0,0,0,0,0,0,0,0,0,0,0,0,0,0,0,0,0,0,0,0,0,0,90,252,252,116,0,0,0,0,0,0,0,0,0,0,0,0,0,0,0,0,0,22,188,0,0,0,0,0,70,252,252,116,0,0,0,0,0,0,0,0,0,0,0,0,0,0,0,0,11,202,144,0,0,0,0,89,222,253,243,106,0,0,0,0,0,0,0,0,0,0,0,0,0,0,0,0,116,253,113,0,0,22,162,219,252,235,60,0,0,0,0,0,0,0,0,0,0,0,0,0,0,0,0,0,116,253,219,101,184,215,253,252,233,64,0,0,0,0,0,0,0,0,0,0,0,0,0,0,0,0,0,0,74,253,252,252,252,252,253,172,33,0,0,0,0,0,0,0,0,0,0,0,0,0,0,0,0,0,0,0,0,86,137,189,137,137,23,8,0,0,0,0,0,0,0,0,0,0,0,0,0,0,0,0,0,0,0,0,0,0,0,0,0,0,0,0,0,0,0,0,0,0,0,0,0,0,0,0,0,0,0,0,0,0,0,0,0,0,0,0,0,0,0,0,0,0,0,0,0,0,0,0,0,0,0,0,0,0,0,0,0,0,0,0,0,0,0,0,0,0,0,0,0,0,0,0,0,0,0,0,0,0,0,0,0,0,0,0,0,0,0,0,0,0,0,0,0,0,0,0,0,0,0,0,0,0,0,0,0,0,0,0
8,0,0,0,0,0,0,0,0,0,0,0,0,0,0,0,0,0,0,0,0,0,0,0,0,0,0,0,0,0,0,0,0,0,0,0,0,0,0,0,0,0,0,0,0,0,0,0,0,0,0,0,0,0,0,0,0,0,0,0,0,0,0,0,0,0,0,0,0,0,0,0,0,0,0,0,0,0,0,0,0,0,0,0,0,0,0,0,0,0,0,0,0,0,0,0,0,0,0,0,0,0,0,0,0,0,0,0,0,0,0,0,0,0,0,0,0,0,0,0,0,0,0,0,0,0,0,0,0,0,0,0,0,0,0,0,0,0,0,0,0,0,0,0,0,0,0,0,0,0,0,0,0,0,59,105,136,179,202,180,114,18,0,0,0,0,0,0,0,0,0,0,0,0,0,0,0,0,0,0,0,48,243,254,254,254,254,218,254,220,31,0,0,0,0,0,0,0,0,0,0,0,0,0,0,0,0,2,77,240,229,98,90,107,116,37,208,253,165,0,0,0,0,0,0,0,0,0,0,0,0,0,0,0,14,180,254,216,14,0,0,0,0,0,163,254,194,0,0,0,0,0,0,0,0,0,0,0,0,0,0,0,120,232,254,23,0,0,0,0,0,49,242,254,150,0,0,0,0,0,0,0,0,0,0,0,0,0,0,0,0,180,254,63,0,0,0,8,84,237,254,132,0,0,0,0,0,0,0,0,0,0,0,0,0,0,0,0,0,101,254,251,107,0,8,172,254,254,134,0,0,0,0,0,0,0,0,0,0,0,0,0,0,0,0,0,0,2,77,240,251,195,198,254,217,72,2,0,0,0,0,0,0,0,0,0,0,0,0,0,0,0,0,0,0,0,0,73,254,254,255,225,26,0,0,0,0,0,0,0,0,0,0,0,0,0,0,0,0,0,0,0,0,0,0,82,254,254,254,247,79,0,0,0,0,0,0,0,0,0,0,0,0,0,0,0,0,0,0,0,0,0,34,246,249,115,246,254,224,25,0,0,0,0,0,0,0,0,0,0,0,0,0,0,0,0,0,0,0,8,207,254,151,0,94,243,254,171,7,0,0,0,0,0,0,0,0,0,0,0,0,0,0,0,0,0,0,176,254,160,4,0,0,161,254,254,30,0,0,0,0,0,0,0,0,0,0,0,0,0,0,0,0,0,107,255,172,4,0,0,0,135,254,254,65,0,0,0,0,0,0,0,0,0,0,0,0,0,0,0,0,40,250,254,76,0,0,0,0,113,254,254,83,0,0,0,0,0,0,0,0,0,0,0,0,0,0,0,0,121,254,225,14,0,0,0,0,135,254,249,26,0,0,0,0,0,0,0,0,0,0,0,0,0,0,0,9,194,254,211,0,0,0,0,34,220,254,129,0,0,0,0,0,0,0,0,0,0,0,0,0,0,0,0,0,120,254,244,86,1,0,5,180,254,191,21,0,0,0,0,0,0,0,0,0,0,0,0,0,0,0,0,0,24,213,254,254,171,133,212,254,177,26,0,0,0,0,0,0,0,0,0,0,0,0,0,0,0,0,0,0,0,9,83,166,205,232,232,118,6,0,0,0,0,0,0,0,0,0,0,0,0,0,0,0,0,0,0,0,0,0,0,0,0,0,0,0,0,0,0,0,0,0,0,0,0,0,0,0,0,0,0,0,0,0,0,0,0,0,0,0,0,0,0,0,0,0,0,0,0,0,0,0,0,0,0,0,0,0,0,0,0,0,0,0,0,0,0,0,0,0,0,0,0,0,0,0,0,0,0,0,0,0,0,0
6,0,0,0,0,0,0,0,0,0,0,0,0,0,0,0,0,0,0,0,0,0,0,0,0,0,0,0,0,0,0,0,0,0,0,0,0,0,0,0,0,0,0,0,0,0,0,0,0,0,0,0,0,0,0,0,0,0,0,0,0,0,0,0,0,0,0,0,0,0,0,0,0,0,0,0,0,0,0,0,0,0,0,0,0,0,0,0,0,0,0,0,145,255,195,6,0,0,0,0,0,0,0,0,0,0,0,0,0,0,0,0,0,0,0,0,0,0,0,0,187,253,253,31,0,0,0,0,0,0,0,0,0,0,0,0,0,0,0,0,0,0,0,0,0,0,0,93,251,253,183,2,0,0,0,0,0,0,0,0,0,0,0,0,0,0,0,0,0,0,0,0,0,0,0,217,253,253,105,0,0,0,0,0,0,0,0,0,0,0,0,0,0,0,0,0,0,0,0,0,0,0,0,244,253,219,6,0,0,0,0,0,0,0,0,0,0,0,0,0,0,0,0,0,0,0,0,0,0,0,0,172,253,196,0,0,0,0,0,0,0,0,39,147,78,0,0,0,0,0,0,0,0,0,0,0,0,0,0,232,253,221,0,0,0,0,0,0,0,6,227,253,251,223,38,0,0,0,0,0,0,0,0,0,0,0,24,246,253,124,0,0,0,0,0,0,0,89,253,253,253,253,165,0,0,0,0,0,0,0,0,0,0,0,94,253,253,122,0,0,0,0,0,0,0,175,253,253,253,253,243,2,0,0,0,0,0,0,0,0,0,0,157,253,253,20,0,0,0,0,0,0,0,192,253,253,253,253,253,93,0,0,0,0,0,0,0,0,0,0,197,253,221,13,0,0,0,0,0,0,0,192,253,253,253,253,253,93,0,0,0,0,0,0,0,0,0,0,180,253,218,12,0,0,0,0,0,0,0,192,253,253,253,253,253,93,0,0,0,0,0,0,0,0,0,0,136,253,253,20,0,0,0,0,0,0,0,192,253,253,253,253,253,93,0,0,0,0,0,0,0,0,0,0,44,236,253,173,0,0,0,0,0,0,0,137,253,253,253,253,248,44,0,0,0,0,0,0,0,0,0,0,0,140,253,235,24,0,0,0,0,0,0,26,243,253,253,253,168,0,0,0,0,0,0,0,0,0,0,0,0,29,221,253,134,3,0,0,0,0,0,0,145,253,253,253,46,0,0,0,0,0,0,0,0,0,0,0,0,0,117,253,253,128,0,0,0,0,0,0,163,253,253,208,12,0,0,0,0,0,0,0,0,0,0,0,0,0,12,142,243,250,192,115,115,115,131,218,251,253,240,157,30,0,0,0,0,0,0,0,0,0,0,0,0,0,0,0,0,130,234,253,253,253,253,253,253,212,58,0,0,0,0,0,0,0,0,0,0,0,0,0,0,0,0,0,0,0,31,46,110,190,253,175,137,13,0,0,0,0,0,0,0,0,0,0,0,0,0,0,0,0,0,0,0,0,0,0,0,0,0,0,0,0,0,0,0,0,0,0,0,0,0,0,0,0,0,0,0,0,0,0,0,0,0,0,0,0,0,0,0,0,0,0,0,0,0,0,0,0,0,0,0,0,0,0,0,0,0,0,0,0,0,0,0,0,0,0,0,0,0,0,0,0,0,0,0,0,0,0,0,0,0,0,0,0,0,0,0,0,0,0,0,0,0,0,0,0,0,0,0,0,0,0,0,0,0,0,0,0,0,0,0,0,0,0,0,0,0,0,0,0,0,0,0,0,0,0,0,0,0,0,0,0,0
0,0,0,0,0,0,0,0,0,0,0,0,0,0,0,0,0,0,0,0,0,0,0,0,0,0,0,0,0,0,0,0,0,0,0,0,0,0,0,0,0,0,0,0,0,0,0,0,0,0,0,0,0,0,0,0,0,0,0,0,0,0,0,0,0,0,0,0,0,0,0,0,0,0,0,0,0,0,0,0,0,0,0,0,0,0,0,0,0,0,0,0,0,0,0,0,0,0,0,0,0,0,0,0,0,0,0,0,0,0,0,0,0,0,0,0,0,0,0,0,0,0,0,0,10,163,254,254,134,122,11,0,0,0,0,0,0,0,0,0,0,0,0,0,0,0,0,0,0,0,6,60,233,253,253,253,254,253,238,60,0,0,0,0,0,0,0,0,0,0,0,0,0,0,0,0,0,0,79,253,253,222,165,96,97,165,240,235,62,0,0,0,0,0,0,0,0,0,0,0,0,0,0,0,0,56,230,216,107,12,0,0,0,0,70,237,233,64,0,0,0,0,0,0,0,0,0,0,0,0,0,0,0,169,210,17,0,0,0,0,0,0,0,140,253,233,34,0,0,0,0,0,0,0,0,0,0,0,0,0,11,145,80,56,49,0,0,0,0,0,0,12,164,253,164,11,0,0,0,0,0,0,0,0,0,0,0,0,25,56,91,242,237,70,0,0,0,0,0,0,61,253,253,36,0,0,0,0,0,0,0,0,0,0,0,0,0,146,243,253,253,111,0,0,0,0,0,0,38,231,253,36,0,0,0,0,0,0,0,0,0,0,0,0,0,169,253,253,125,4,0,0,0,0,0,0,0,194,253,145,0,0,0,0,0,0,0,0,0,0,0,0,35,250,253,218,25,0,0,0,0,0,0,0,0,194,253,156,0,0,0,0,0,0,0,0,0,0,0,0,37,254,254,118,0,0,0,0,0,0,0,0,3,198,254,157,0,0,0,0,0,0,0,0,0,0,0,0,107,253,218,26,0,0,0,0,0,0,0,0,61,253,253,87,0,0,0,0,0,0,0,0,0,0,0,16,217,253,193,0,0,0,0,0,0,0,0,0,61,253,200,14,0,0,0,0,0,0,0,0,0,0,0,25,253,253,193,0,0,0,0,0,0,0,0,0,142,253,145,0,0,0,0,0,0,0,0,0,0,0,0,7,184,253,193,0,0,0,0,0,0,0,0,123,233,253,48,0,0,0,0,0,0,0,0,0,0,0,0,0,65,253,210,18,0,0,0,0,0,7,148,234,253,163,12,0,0,0,0,0,0,0,0,0,0,0,0,0,7,185,253,125,16,0,0,0,45,159,253,253,204,12,0,0,0,0,0,0,0,0,0,0,0,0,0,0,0,124,253,253,184,98,98,155,180,253,253,165,27,0,0,0,0,0,0,0,0,0,0,0,0,0,0,0,0,5,79,253,253,253,253,253,254,253,185,48,0,0,0,0,0,0,0,0,0,0,0,0,0,0,0,0,0,0,3,11,110,178,143,132,128,11,5,0,0,0,0,0,0,0,0,0,0,0,0,0,0,0,0,0,0,0,0,0,0,0,0,0,0,0,0,0,0,0,0,0,0,0,0,0,0,0,0,0,0,0,0,0,0,0,0,0,0,0,0,0,0,0,0,0,0,0,0,0,0,0,0,0,0,0,0,0,0,0,0,0,0,0,0,0,0,0,0,0,0,0,0,0,0,0,0,0,0,0,0,0,0,0,0,0,0,0,0,0,0,0,0,0,0,0,0,0,0,0,0,0,0,0,0,0,0,0,0,0,0
2,0,0,0,0,0,0,0,0,0,0,0,0,0,0,0,0,0,0,0,0,0,0,0,0,0,0,0,0,0,0,0,0,0,0,0,0,0,0,0,0,0,0,0,0,0,0,0,0,0,0,0,0,0,0,0,0,0,0,0,0,0,0,0,0,0,0,0,0,0,0,0,0,0,0,0,0,0,0,0,0,0,0,0,0,0,0,0,0,0,0,0,0,0,0,0,0,0,0,0,0,0,0,0,0,0,0,0,0,0,0,0,0,0,0,0,0,0,0,0,0,0,0,0,0,61,118,240,255,254,152,0,0,0,0,0,0,0,0,0,0,0,0,0,0,0,0,0,0,0,0,14,178,244,253,253,253,253,251,101,0,0,0,0,0,0,0,0,0,0,0,0,0,0,0,0,0,0,162,219,253,253,253,253,253,253,253,225,0,0,0,0,0,0,0,0,0,0,0,0,0,0,0,0,0,0,192,253,253,253,199,149,114,253,253,246,0,0,0,0,0,0,0,0,0,0,0,0,0,0,0,0,0,0,166,219,136,82,2,0,69,253,253,246,0,0,0,0,0,0,0,0,0,0,0,0,0,0,0,0,0,0,0,0,0,0,0,5,153,253,253,164,0,0,0,0,0,0,0,0,0,0,0,0,0,0,0,0,0,0,0,0,0,0,0,160,253,253,239,53,0,0,0,0,0,0,0,0,0,0,0,0,0,0,0,0,0,0,0,0,0,0,48,238,253,253,92,0,0,0,0,0,0,0,0,0,0,0,0,0,0,0,0,0,0,0,0,0,0,47,235,253,253,236,58,0,0,0,0,0,0,0,0,0,0,0,0,0,0,0,0,0,0,0,0,0,4,164,253,253,234,149,0,0,0,0,0,0,0,0,0,0,0,0,0,0,0,0,0,0,0,0,0,7,134,253,253,253,158,0,0,0,0,0,0,0,0,0,0,0,0,0,0,0,0,0,0,0,0,0,0,35,253,253,253,180,17,0,0,0,0,0,0,22,24,0,0,0,0,0,0,0,0,0,0,0,0,0,2,116,253,253,250,26,0,0,0,0,0,3,52,230,212,0,0,0,0,0,0,0,0,0,0,0,0,0,123,253,253,253,76,0,0,0,0,0,0,170,253,253,212,0,0,0,0,0,0,0,0,0,0,0,0,31,217,253,253,129,1,0,0,0,68,108,241,253,253,253,156,0,0,0,0,0,0,0,0,0,0,0,32,208,253,253,253,123,36,83,121,220,242,253,253,253,253,154,10,0,0,0,0,0,0,0,0,0,0,0,97,253,253,253,253,225,223,253,253,253,253,253,223,135,54,12,0,0,0,0,0,0,0,0,0,0,0,0,97,253,253,253,253,253,253,253,253,253,249,208,39,0,0,0,0,0,0,0,0,0,0,0,0,0,0,0,89,239,253,253,253,253,253,246,195,96,85,0,0,0,0,0,0,0,0,0,0,0,0,0,0,0,0,0,0,35,116,190,116,116,116,75,0,0,0,0,0,0,0,0,0,0,0,0,0,0,0,0,0,0,0,0,0,0,0,0,0,0,0,0,0,0,0,0,0,0,0,0,0,0,0,0,0,0,0,0,0,0,0,0,0,0,0,0,0,0,0,0,0,0,0,0,0,0,0,0,0,0,0,0,0,0,0,0,0,0,0,0,0,0,0,0,0,0,0,0,0,0,0,0,0,0,0,0,0,0,0,0,0,0,0,0,0,0,0,0,0,0,0,0,0,0,0,0,0,0,0,0,0,0,0,0,0,0,0,0,0
5,0,0,0,0,0,0,0,0,0,0,0,0,0,0,0,0,0,0,0,0,0,0,0,0,0,0,0,0,0,0,0,0,0,0,0,0,0,0,0,0,0,0,0,0,0,0,0,0,0,0,0,0,0,0,0,0,0,0,0,0,0,0,0,0,0,0,0,0,0,0,0,0,0,0,0,0,0,0,0,0,0,0,0,0,0,0,0,0,0,0,0,0,0,0,0,0,0,0,0,0,0,0,0,0,0,0,0,0,0,0,0,0,0,0,0,0,0,0,0,0,0,0,0,0,0,0,0,0,0,0,0,0,0,0,0,0,0,0,0,0,0,0,0,0,0,0,0,0,0,0,0,0,0,0,0,0,38,145,195,254,254,254,254,255,254,129,0,0,0,0,0,0,0,0,0,0,0,0,0,0,0,0,68,164,243,248,206,182,115,73,23,23,23,21,0,0,0,0,0,0,0,0,0,0,0,0,0,0,0,70,240,239,145,58,0,0,0,0,0,0,0,0,0,0,0,0,0,0,0,0,0,0,0,0,0,0,34,240,219,25,0,0,0,0,0,0,0,0,0,0,0,0,0,0,0,0,0,0,0,0,0,0,0,0,164,254,136,0,0,0,0,0,0,0,0,0,0,0,0,0,0,0,0,0,0,0,0,0,0,0,0,114,251,181,6,0,0,0,0,0,0,0,0,0,0,0,0,0,0,0,0,0,0,0,0,0,0,0,43,237,232,42,0,0,0,0,0,0,0,0,0,0,0,0,0,0,0,0,0,0,0,0,0,0,0,0,159,254,139,0,0,26,76,0,0,0,0,0,0,0,0,0,0,0,0,0,0,0,0,0,0,0,0,7,204,236,88,120,254,254,254,169,19,0,0,0,0,0,0,0,0,0,0,0,0,0,0,0,0,0,0,125,253,248,243,248,173,115,224,253,203,0,0,0,0,0,0,0,0,0,0,0,0,0,0,0,0,0,5,212,253,247,179,58,0,0,63,253,253,0,0,0,0,0,0,0,0,0,0,0,0,0,0,0,0,0,114,253,253,84,0,0,0,0,47,253,253,0,0,0,0,0,0,0,0,0,0,0,0,0,0,0,0,0,172,247,84,0,0,0,0,0,47,254,228,0,0,0,0,0,0,0,0,0,0,0,0,0,0,0,0,0,13,21,0,0,0,0,0,0,147,253,111,0,0,0,0,0,0,0,0,0,0,0,0,0,0,0,0,0,0,0,0,100,95,0,0,32,241,234,13,0,0,0,0,0,0,0,0,0,0,0,0,0,0,0,0,0,0,0,34,229,115,0,0,104,253,128,0,0,0,0,0,0,0,0,0,0,0,0,0,0,0,0,0,0,0,0,119,254,115,0,60,254,224,17,0,0,0,0,0,0,0,0,0,0,0,0,0,0,0,0,0,0,0,0,184,254,173,55,214,241,69,0,0,0,0,0,0,0,0,0,0,0,0,0,0,0,0,0,0,0,0,0,101,254,253,253,244,67,0,0,0,0,0,0,0,0,0,0,0,0,0,0,0,0,0,0,0,0,0,0,0,128,194,152,44,0,0,0,0,0,0,0,0,0,0,0,0,0,0,0,0,0,0,0,0,0,0,0,0,0,0,0,0,0,0,0,0,0,0,0,0,0,0,0,0,0,0,0,0,0,0,0,0,0,0,0,0,0,0,0,0,0,0,0,0,0,0,0,0,0,0,0,0,0,0,0,0,0,0,0,0,0,0,0,0,0,0,0,0,0,0,0,0,0,0,0,0,0,0,0,0,0
1,0,0,0,0,0,0,0,0,0,0,0,0,0,0,0,0,0,0,0,0,0,0,0,0,0,0,0,0,0,0,0,0,0,0,0,0,0,0,0,0,0,0,0,0,0,0,0,0,0,0,0,0,0,0,0,0,0,0,0,0,0,0,0,0,0,0,0,0,0,0,0,0,0,0,0,0,0,0,0,0,0,0,0,0,0,0,0,0,0,0,0,0,0,0,0,0,0,0,0,0,0,0,0,0,0,0,0,0,0,0,0,0,0,0,0,0,0,0,0,0,0,0,0,0,0,0,0,0,0,0,0,0,0,0,0,0,0,0,0,0,0,0,0,0,0,0,0,0,0,0,0,0,0,0,0,96,254,199,12,0,0,0,0,0,0,0,0,0,0,0,0,0,0,0,0,0,0,0,0,0,0,0,0,130,253,232,18,0,0,0,0,0,0,0,0,0,0,0,0,0,0,0,0,0,0,0,0,0,0,0,0,189,253,190,0,0,0,0,0,0,0,0,0,0,0,0,0,0,0,0,0,0,0,0,0,0,0,0,45,254,253,127,0,0,0,0,0,0,0,0,0,0,0,0,0,0,0,0,0,0,0,0,0,0,0,0,80,254,253,127,0,0,0,0,0,0,0,0,0,0,0,0,0,0,0,0,0,0,0,0,0,0,0,0,80,255,254,97,0,0,0,0,0,0,0,0,0,0,0,0,0,0,0,0,0,0,0,0,0,0,0,0,139,254,249,41,0,0,0,0,0,0,0,0,0,0,0,0,0,0,0,0,0,0,0,0,0,0,0,12,226,254,181,0,0,0,0,0,0,0,0,0,0,0,0,0,0,0,0,0,0,0,0,0,0,0,0,44,248,254,142,0,0,0,0,0,0,0,0,0,0,0,0,0,0,0,0,0,0,0,0,0,0,0,0,114,253,254,118,0,0,0,0,0,0,0,0,0,0,0,0,0,0,0,0,0,0,0,0,0,0,0,3,175,254,244,20,0,0,0,0,0,0,0,0,0,0,0,0,0,0,0,0,0,0,0,0,0,0,0,48,253,253,178,0,0,0,0,0,0,0,0,0,0,0,0,0,0,0,0,0,0,0,0,0,0,0,0,48,253,253,143,0,0,0,0,0,0,0,0,0,0,0,0,0,0,0,0,0,0,0,0,0,0,0,0,48,253,253,35,0,0,0,0,0,0,0,0,0,0,0,0,0,0,0,0,0,0,0,0,0,0,0,0,147,253,253,0,0,0,0,0,0,0,0,0,0,0,0,0,0,0,0,0,0,0,0,0,0,0,0,32,254,254,174,0,0,0,0,0,0,0,0,0,0,0,0,0,0,0,0,0,0,0,0,0,0,0,0,32,253,253,80,0,0,0,0,0,0,0,0,0,0,0,0,0,0,0,0,0,0,0,0,0,0,0,0,32,253,221,8,0,0,0,0,0,0,0,0,0,0,0,0,0,0,0,0,0,0,0,0,0,0,0,0,32,253,189,0,0,0,0,0,0,0,0,0,0,0,0,0,0,0,0,0,0,0,0,0,0,0,0,0,2,134,140,0,0,0,0,0,0,0,0,0,0,0,0,0,0,0,0,0,0,0,0,0,0,0,0,0,0,0,0,0,0,0,0,0,0,0,0,0,0,0,0,0,0,0,0,0,0,0,0,0,0,0,0,0,0,0,0,0,0,0,0,0,0,0,0,0,0,0,0,0,0,0,0,0,0,0,0,0,0,0,0,0,0,0,0,0,0,0,0,0,0,0,0,0,0,0,0,0,0
9,0,0,0,0,0,0,0,0,0,0,0,0,0,0,0,0,0,0,0,0,0,0,0,0,0,0,0,0,0,0,0,0,0,0,0,0,0,0,0,0,0,0,0,0,0,0,0,0,0,0,0,0,0,0,0,0,0,0,0,0,0,0,0,0,0,0,0,0,0,0,0,0,0,0,0,0,0,0,0,0,0,0,0,0,0,0,0,0,0,0,0,0,0,0,0,0,0,0,0,0,0,0,0,0,0,0,0,0,0,0,0,0,0,0,0,0,0,0,0,0,0,0,0,0,0,0,0,0,0,0,0,0,0,0,0,0,0,0,0,0,0,0,0,0,0,0,0,0,0,0,0,0,0,0,0,0,0,0,0,0,0,0,0,0,0,0,0,0,0,0,0,0,0,0,0,0,0,0,0,0,0,0,0,0,0,0,0,0,0,0,0,0,0,0,0,0,0,0,0,0,0,0,0,0,0,0,76,204,253,253,253,192,60,0,0,0,0,0,0,0,0,0,0,0,0,0,0,0,0,0,0,0,13,144,243,253,214,196,221,253,234,63,0,0,0,0,0,0,0,0,0,0,0,0,0,0,0,0,0,60,209,252,252,106,19,0,25,128,252,234,59,0,0,0,0,0,0,0,0,0,0,0,0,0,0,0,0,191,252,252,102,0,0,0,0,128,252,252,190,0,0,0,0,0,0,0,0,0,0,0,0,0,0,0,13,255,247,100,0,0,0,0,13,204,253,253,253,0,0,0,0,0,0,0,0,0,0,0,0,0,0,0,113,253,196,0,0,0,0,19,194,222,158,252,227,0,0,0,0,0,0,0,0,0,0,0,0,0,0,0,76,253,215,57,0,10,110,215,214,76,57,252,139,0,0,0,0,0,0,0,0,0,0,0,0,0,0,0,0,203,252,243,225,229,252,214,28,0,57,252,190,0,0,0,0,0,0,0,0,0,0,0,0,0,0,0,0,13,138,225,225,163,88,0,0,0,57,253,253,0,0,0,0,0,0,0,0,0,0,0,0,0,0,0,0,0,0,0,0,0,0,0,0,0,57,252,252,26,0,0,0,0,0,0,0,0,0,0,0,0,0,0,0,0,0,0,0,0,0,0,0,0,57,252,252,113,0,0,0,0,0,0,0,0,0,0,0,0,0,0,0,0,0,0,0,0,0,0,0,0,57,252,252,13,0,0,0,0,0,0,0,0,0,0,0,0,0,0,0,0,0,0,0,0,0,0,0,0,57,253,253,0,0,0,0,0,0,0,0,0,0,0,0,0,0,0,0,0,0,0,0,0,0,0,0,0,57,252,252,0,0,0,0,0,0,0,0,0,0,0,0,0,0,0,0,0,0,0,0,0,0,0,0,0,57,252,252,0,0,0,0,0,0,0,0,0,0,0,0,0,0,0,0,0,0,0,0,0,0,0,0,0,57,252,202,0,0,0,0,0,0,0,0,0,0,0,0,0,0,0,0,0,0,0,0,0,0,0,0,0,57,253,253,63,0,0,0,0,0,0,0,0,0,0,0,0,0,0,0,0,0,0,0,0,0,0,0,0,57,252,252,113,0,0,0,0,0,0,0,0,0,0,0,0,0,0,0,0,0,0,0,0,0,0,0,0,13,209,252,113,0,0,0,0,0,0,0,0,0,0,0,0,0,0,0,0,0,0,0,0,0,0,0,0,0,147,252,113,0,0,0,0,0,0,0,0,0,0,0,0,0,0,0,0,0,0,0,0,0,0,0,0,0,0,0,0,0,0,0,0,0,0,0,0
6,0,0,0,0,0,0,0,0,0,0,0,0,0,0,0,0,0,0,0,0,0,0,0,0,0,0,0,0,0,0,0,0,0,0,0,0,0,0,0,0,0,0,0,0,0,0,0,0,0,0,0,0,0,0,0,0,0,0,0,0,0,0,0,0,0,0,0,0,0,0,0,0,0,0,0,0,0,0,0,0,0,0,0,0,0,0,0,0,0,0,0,0,0,0,0,254,253,0,0,0,0,0,0,0,0,0,0,0,0,0,0,0,0,0,0,0,0,0,0,0,0,0,82,253,212,0,0,0,0,0,0,0,0,0,0,0,0,0,0,0,0,0,0,0,0,0,0,0,0,52,233,244,81,0,0,0,0,0,0,0,0,0,0,0,0,0,0,0,0,0,0,0,0,0,0,0,0,193,252,162,0,0,0,0,0,0,0,0,0,0,0,0,0,0,0,0,0,0,0,0,0,0,0,0,163,254,192,0,0,0,0,0,0,0,0,0,0,0,0,0,0,0,0,0,0,0,0,0,0,0,0,41,243,253,70,0,0,0,0,0,0,0,0,0,0,0,0,0,0,0,0,0,0,0,0,0,0,0,0,214,253,102,0,0,0,0,0,0,0,0,0,11,51,92,51,0,0,0,0,0,0,0,0,0,0,0,41,253,252,61,0,0,0,0,0,0,0,0,82,213,252,253,252,123,0,0,0,0,0,0,0,0,0,31,233,254,91,0,0,0,0,0,0,0,0,132,253,254,253,254,253,234,51,0,0,0,0,0,0,0,0,51,252,253,50,0,0,0,0,0,0,21,142,253,252,91,50,172,252,253,151,0,0,0,0,0,0,0,0,214,253,183,0,0,0,0,0,0,0,152,253,244,81,0,0,52,253,254,151,0,0,0,0,0,0,0,0,253,252,61,0,0,0,0,0,0,0,233,252,162,0,0,0,92,252,253,70,0,0,0,0,0,0,0,0,193,253,82,0,0,0,0,0,0,0,254,253,62,0,0,0,132,253,254,50,0,0,0,0,0,0,0,0,152,252,203,0,0,0,0,0,0,41,253,252,20,0,0,123,253,252,172,10,0,0,0,0,0,0,0,0,92,253,254,112,0,0,0,0,0,102,254,253,11,92,214,253,244,122,0,0,0,0,0,0,0,0,0,0,10,212,253,232,183,61,0,0,0,102,253,252,213,252,253,252,81,0,0,0,0,0,0,0,0,0,0,0,0,41,193,253,255,253,254,253,254,253,254,253,254,253,142,61,0,0,0,0,0,0,0,0,0,0,0,0,0,0,51,192,253,252,253,252,253,252,253,252,192,70,0,0,0,0,0,0,0,0,0,0,0,0,0,0,0,0,0,0,21,142,203,122,102,102,173,253,173,10,0,0,0,0,0,0,0,0,0,0,0,0,0,0,0,0,0,0,0,0,0,0,0,0,10,131,233,30,0,0,0,0,0,0,0,0,0,0,0,0,0,0,0,0,0,0,0,0,0,0,0,0,0,0,0,0,0,0,0,0,0,0,0,0,0,0,0,0,0,0,0,0,0,0,0,0,0,0,0,0,0,0,0,0,0,0,0,0,0,0,0,0,0,0,0,0,0,0,0,0,0,0,0,0,0,0,0,0,0,0,0,0,0,0,0,0,0,0,0,0,0,0,0,0,0,0,0,0,0,0,0,0,0,0,0,0,0,0,0,0,0,0,0,0,0,0,0,0,0,0,0,0,0,0,0,0,0,0,0,0,0,0,0,0,0,0,0,0,0,0,0,0,0,0,0,0,0
2,0,0,0,0,0,0,0,0,0,0,0,0,0,0,0,0,0,0,0,0,0,0,0,0,0,0,0,0,0,0,0,0,0,0,0,0,0,0,0,0,0,0,0,0,0,0,0,0,0,0,0,0,0,0,0,0,0,0,0,0,0,0,0,0,0,0,0,0,0,0,0,0,0,0,0,0,0,0,0,0,0,0,0,0,0,0,0,0,0,0,0,0,0,0,15,139,148,148,193,55,0,0,0,0,0,0,0,0,0,0,0,0,0,0,0,0,0,0,0,0,0,0,164,252,252,252,253,231,51,0,0,0,0,0,0,0,0,0,0,0,0,0,0,0,0,0,0,0,0,36,242,189,205,214,245,252,233,51,0,0,0,0,0,0,0,0,0,0,0,0,0,0,0,0,0,0,0,0,63,7,0,0,67,237,252,189,0,0,0,0,0,0,0,0,0,0,0,0,0,0,0,0,0,0,0,0,0,0,0,0,0,102,252,215,18,0,0,0,0,0,0,0,0,0,0,0,0,0,0,0,0,0,0,0,0,0,0,0,0,0,171,253,104,0,0,0,0,0,0,0,0,0,0,0,0,0,0,0,0,0,0,0,0,0,0,0,0,0,83,252,147,0,0,0,0,0,0,0,0,0,0,0,0,0,0,0,0,0,0,0,0,0,0,0,0,0,74,252,147,0,0,0,0,0,0,0,0,0,0,0,0,0,0,0,0,0,0,0,0,0,0,0,0,0,92,252,147,0,0,0,0,0,0,0,0,0,0,0,0,0,0,0,0,0,0,0,0,0,0,0,0,0,39,252,191,0,0,0,0,0,0,0,0,0,0,0,0,0,0,0,0,0,0,0,32,96,122,7,0,0,22,253,191,0,0,0,0,0,0,0,0,0,0,0,0,0,0,0,0,0,0,15,211,252,252,200,36,0,57,252,147,0,0,0,0,0,0,0,0,0,0,0,0,0,0,0,0,0,0,192,252,252,252,252,224,48,137,252,138,0,0,0,0,0,0,0,0,0,0,0,0,0,0,0,0,0,27,253,252,247,205,252,253,252,252,236,31,0,0,0,0,0,0,0,0,0,0,0,0,0,0,0,0,0,106,253,252,55,11,174,253,252,252,189,0,0,0,0,0,0,0,0,0,0,0,0,0,0,0,0,0,0,107,254,253,21,0,0,255,253,253,190,0,0,0,0,0,0,0,0,0,0,0,0,0,0,0,0,0,0,27,253,252,135,22,128,253,252,252,210,14,0,0,0,0,0,0,0,0,0,0,0,0,0,0,0,0,0,0,253,252,251,237,252,253,245,231,240,83,0,0,0,0,0,0,0,0,0,0,0,0,0,0,0,0,0,0,156,252,252,252,252,199,56,0,35,0,0,0,0,0,0,0,0,0,0,0,0,0,0,0,0,0,0,0,25,182,252,208,121,18,0,0,0,0,0,0,0,0,0,0,0,0,0,0,0,0,0,0,0,0,0,0,0,0,0,0,0,0,0,0,0,0,0,0,0,0,0,0,0,0,0,0,0,0,0,0,0,0,0,0,0,0,0,0,0,0,0,0,0,0,0,0,0,0,0,0,0,0,0,0,0,0,0,0,0,0,0,0,0,0,0,0,0,0,0,0,0,0,0,0,0,0,0,0,0,0,0,0,0,0,0,0,0,0,0,0,0,0,0,0,0,0,0,0,0,0,0,0,0,0,0,0,0,0,0,0,0,0,0,0,0,0,0,0,0,0,0,0,0,0,0,0,0,0,0,0,0,0,0,0,0,0,0
9,0,0,0,0,0,0,0,0,0,0,0,0,0,0,0,0,0,0,0,0,0,0,0,0,0,0,0,0,0,0,0,0,0,0,0,0,0,0,0,0,0,0,0,0,0,0,0,0,0,0,0,0,0,0,0,0,0,0,0,0,0,0,0,0,0,0,0,0,0,0,0,0,0,0,0,0,0,0,0,0,0,0,0,0,0,0,0,0,0,0,0,0,0,0,0,0,0,0,0,0,0,0,0,0,0,0,0,0,0,0,0,0,0,0,0,0,0,0,0,0,0,0,0,0,0,0,0,0,0,0,0,0,0,0,0,0,0,0,0,0,0,0,0,0,0,0,0,0,0,0,0,0,0,0,0,0,0,0,0,0,0,0,0,0,0,0,0,0,0,0,0,0,0,0,0,0,0,0,0,0,0,0,0,0,0,0,0,0,0,0,0,0,0,0,0,0,0,0,0,0,0,0,0,0,0,0,0,0,10,84,168,229,220,135,11,0,0,0,0,0,0,0,0,0,0,0,0,0,0,0,0,0,0,0,0,86,218,254,254,235,242,254,183,0,0,0,0,0,0,0,0,0,0,0,0,0,0,0,0,0,0,3,169,251,253,159,34,15,30,210,247,36,0,0,0,0,0,0,0,0,0,0,0,0,0,0,0,0,0,149,254,229,75,0,85,39,0,91,254,164,0,0,0,0,0,0,0,0,0,0,0,0,0,0,0,0,105,251,236,47,0,0,0,147,169,222,254,209,0,0,0,0,0,0,0,0,0,0,0,0,0,0,0,11,224,252,80,0,0,0,69,245,254,254,254,209,0,0,0,0,0,0,0,0,0,0,0,0,0,0,0,31,254,237,0,0,12,126,245,254,254,254,254,142,0,0,0,0,0,0,0,0,0,0,0,0,0,0,0,31,254,189,9,80,200,254,201,81,254,254,244,27,0,0,0,0,0,0,0,0,0,0,0,0,0,0,0,21,239,254,242,254,254,200,41,16,254,254,134,0,0,0,0,0,0,0,0,0,0,0,0,0,0,0,0,0,70,212,238,198,115,17,0,27,254,254,7,0,0,0,0,0,0,0,0,0,0,0,0,0,0,0,0,0,0,2,22,0,0,0,0,133,254,216,4,0,0,0,0,0,0,0,0,0,0,0,0,0,0,0,0,0,0,0,0,0,0,0,0,167,254,158,0,0,0,0,0,0,0,0,0,0,0,0,0,0,0,0,0,0,0,0,0,0,0,0,0,203,254,52,0,0,0,0,0,0,0,0,0,0,0,0,0,0,0,0,0,0,0,0,0,0,0,0,77,253,243,25,0,0,0,0,0,0,0,0,0,0,0,0,0,0,0,0,0,0,0,0,0,0,0,0,141,254,184,0,0,0,0,0,0,0,0,0,0,0,0,0,0,0,0,0,0,0,0,0,0,0,0,0,200,254,114,0,0,0,0,0,0,0,0,0,0,0,0,0,0,0,0,0,0,0,0,0,0,0,0,34,250,246,35,0,0,0,0,0,0,0,0,0,0,0,0,0,0,0,0,0,0,0,0,0,0,0,0,143,254,164,0,0,0,0,0,0,0,0,0,0,0,0,0,0,0,0,0,0,0,0,0,0,0,0,10,241,255,88,0,0,0,0,0,0,0,0,0,0,0,0,0,0,0,0,0,0,0,0,0,0,0,0,9,201,139,2,0,0,0,0,0,0,0,0,0,0,0,0,0,0,0,0,0,0,0,0,0,0,0,0,0,0,0,0,0,0,0,0,0,0,0,0,0,0,0,0
4,0,0,0,0,0,0,0,0,0,0,0,0,0,0,0,0,0,0,0,0,0,0,0,0,0,0,0,0,0,0,0,0,0,0,0,0,0,0,0,0,0,0,0,0,0,0,0,0,0,0,0,0,0,0,0,0,0,0,0,0,0,0,0,0,0,0,0,0,0,0,0,0,0,0,0,0,0,0,0,0,0,0,0,0,0,0,0,0,0,0,0,0,0,0,0,0,0,0,0,0,0,0,0,0,0,0,0,0,0,0,0,0,0,0,0,0,0,0,0,0,0,0,0,0,0,0,0,0,0,0,0,0,0,0,0,0,0,0,0,0,0,0,0,0,0,0,0,0,0,0,0,0,0,51,159,119,0,0,0,0,0,0,0,0,0,0,0,0,0,0,0,0,0,0,0,0,0,0,0,0,0,159,252,246,75,0,0,0,0,0,0,0,0,0,0,0,0,0,0,0,0,0,0,0,0,0,0,0,32,253,252,252,193,0,0,0,0,0,0,0,0,0,0,0,0,0,0,0,0,0,0,0,0,0,0,19,215,253,252,252,227,13,0,0,0,0,0,0,0,0,0,0,0,0,0,0,0,0,0,0,0,0,0,107,252,253,127,221,252,189,0,0,0,0,0,0,0,0,0,0,0,0,0,0,0,0,0,0,0,0,120,253,253,141,0,198,253,253,0,0,0,0,0,0,0,0,0,0,0,0,0,0,0,0,0,0,0,29,215,252,204,15,0,197,252,252,48,0,0,0,0,0,0,0,0,0,0,0,0,0,0,0,0,0,120,215,252,230,25,0,0,88,252,252,140,0,0,0,0,0,0,0,0,0,0,0,0,0,0,0,19,169,253,252,252,227,107,29,29,79,252,252,140,0,0,0,0,0,0,0,0,0,0,0,0,0,0,0,29,252,253,252,252,252,252,253,252,252,252,252,140,0,0,0,0,0,0,0,0,0,0,0,0,0,0,0,16,140,192,253,253,253,253,255,253,253,253,253,141,0,0,0,0,0,0,0,0,0,0,0,0,0,0,0,0,0,12,27,27,27,27,27,74,167,224,252,140,0,0,0,0,0,0,0,0,0,0,0,0,0,0,0,0,0,0,0,0,0,0,0,0,13,187,252,140,0,0,0,0,0,0,0,0,0,0,0,0,0,0,0,0,0,0,0,0,0,0,0,0,57,252,252,140,0,0,0,0,0,0,0,0,0,0,0,0,0,0,0,0,0,0,0,0,0,0,0,0,25,205,252,140,0,0,0,0,0,0,0,0,0,0,0,0,0,0,0,0,0,0,0,0,0,0,0,0,0,169,253,141,0,0,0,0,0,0,0,0,0,0,0,0,0,0,0,0,0,0,0,0,0,0,0,0,0,169,252,140,0,0,0,0,0,0,0,0,0,0,0,0,0,0,0,0,0,0,0,0,0,0,0,0,0,169,252,140,0,0,0,0,0,0,0,0,0,0,0,0,0,0,0,0,0,0,0,0,0,0,0,0,0,169,252,203,15,0,0,0,0,0,0,0,0,0,0,0,0,0,0,0,0,0,0,0,0,0,0,0,0,91,252,140,0,0,0,0,0,0,0,0,0,0,0,0,0,0,0,0,0,0,0,0,0,0,0,0,0,0,0,0,0,0,0,0,0,0,0,0,0,0,0,0,0,0,0,0,0,0,0,0,0,0,0,0,0,0,0,0,0,0,0,0,0,0,0,0,0,0,0,0,0,0,0,0,0,0,0,0,0,0,0,0,0,0,0,0,0,0,0,0,0,0,0,0,0
0,0,0,0,0,0,0,0,0,0,0,0,0,0,0,0,0,0,0,0,0,0,0,0,0,0,0,0,0,0,0,0,0,0,0,0,0,0,0,0,0,0,0,0,0,0,0,0,0,0,0,0,0,0,0,0,0,0,0,0,0,0,0,0,0,0,0,0,0,0,0,0,0,0,0,0,0,0,0,0,0,0,0,0,0,0,0,0,0,0,0,0,0,0,0,0,0,0,0,0,0,0,0,0,0,0,0,0,0,0,0,0,0,0,0,0,0,0,0,0,0,0,0,0,0,0,0,0,0,0,0,0,0,0,0,0,0,0,0,0,0,0,0,0,0,0,0,0,0,0,0,0,0,0,0,0,0,0,7,30,156,254,254,214,25,0,0,0,0,0,0,0,0,0,0,0,0,0,0,0,0,0,0,0,0,19,207,253,253,236,236,253,212,14,0,0,0,0,0,0,0,0,0,0,0,0,0,0,0,0,0,0,35,209,253,213,96,28,73,253,193,9,0,0,0,0,0,0,0,0,0,0,0,0,0,0,0,0,19,101,250,252,135,32,0,0,73,253,133,0,0,0,0,0,0,0,0,0,0,0,0,0,0,0,0,50,192,253,253,127,0,0,0,0,102,253,36,0,0,0,0,0,0,0,0,0,0,0,0,0,0,0,91,242,253,222,65,0,0,0,0,18,211,229,26,0,0,0,0,0,0,0,0,0,0,0,0,0,0,91,242,253,221,97,0,0,0,0,0,102,253,128,0,0,0,0,0,0,0,0,0,0,0,0,0,0,42,243,253,253,53,0,0,0,0,0,19,209,191,7,0,0,0,0,0,0,0,0,0,0,0,0,0,0,101,253,222,104,4,0,0,0,0,16,136,253,71,0,0,0,0,0,0,0,0,0,0,0,0,0,0,35,250,253,123,0,0,0,0,0,0,37,253,137,3,0,0,0,0,0,0,0,0,0,0,0,0,0,0,101,255,223,29,0,0,0,0,0,19,209,223,35,0,0,0,0,0,0,0,0,0,0,0,0,0,0,3,167,253,124,0,0,0,0,0,2,156,232,36,0,0,0,0,0,0,0,0,0,0,0,0,0,0,0,42,253,253,72,0,0,0,0,0,48,238,83,0,0,0,0,0,0,0,0,0,0,0,0,0,0,0,0,145,253,253,72,0,0,0,0,24,252,128,0,0,0,0,0,0,0,0,0,0,0,0,0,0,0,0,0,145,253,218,21,0,0,0,27,211,213,0,0,0,0,0,0,0,0,0,0,0,0,0,0,0,0,0,0,145,253,205,0,0,0,28,208,218,29,0,0,0,0,0,0,0,0,0,0,0,0,0,0,0,0,0,0,145,253,205,0,0,29,207,253,92,0,0,0,0,0,0,0,0,0,0,0,0,0,0,0,0,0,0,0,145,253,247,131,132,230,253,159,2,0,0,0,0,0,0,0,0,0,0,0,0,0,0,0,0,0,0,0,25,212,253,253,253,253,114,14,0,0,0,0,0,0,0,0,0,0,0,0,0,0,0,0,0,0,0,0,0,25,132,190,132,34,2,0,0,0,0,0,0,0,0,0,0,0,0,0,0,0,0,0,0,0,0,0,0,0,0,0,0,0,0,0,0,0,0,0,0,0,0,0,0,0,0,0,0,0,0,0,0,0,0,0,0,0,0,0,0,0,0,0,0,0,0,0,0,0,0,0,0,0,0,0,0,0,0,0,0,0,0,0,0,0,0,0,0,0,0,0,0,0,0,0,0,0,0,0,0,0,0,0,0
9,0,0,0,0,0,0,0,0,0,0,0,0,0,0,0,0,0,0,0,0,0,0,0,0,0,0,0,0,0,0,0,0,0,0,0,0,0,0,0,0,0,0,0,0,0,0,0,0,0,0,0,0,0,0,0,0,0,0,0,0,0,0,0,0,0,0,0,0,0,0,0,0,0,0,0,0,0,0,0,0,0,0,0,0,0,0,0,0,0,0,0,0,0,0,0,0,0,0,0,0,0,0,0,0,0,0,0,0,0,0,0,0,0,0,0,0,0,0,0,0,0,0,0,0,0,0,0,0,0,0,0,0,0,0,0,0,0,0,0,0,0,0,0,0,0,0,0,0,0,0,0,0,0,0,0,0,0,0,0,0,0,0,0,0,0,0,0,0,0,0,0,0,0,0,0,0,0,0,0,0,0,0,0,0,0,0,0,0,0,0,0,0,0,0,0,0,0,0,0,0,0,0,0,0,0,0,0,0,0,0,70,220,254,255,102,0,0,0,0,0,0,0,0,0,0,0,0,0,0,0,0,0,0,0,0,0,0,97,243,219,99,218,186,0,0,0,0,0,0,0,0,0,0,0,0,0,0,0,0,0,0,0,0,0,97,242,192,33,0,169,208,0,0,0,0,0,0,0,0,0,0,0,0,0,0,0,0,0,0,0,1,85,243,218,34,0,0,169,233,0,0,0,0,0,0,0,0,0,0,0,0,0,0,0,0,0,0,0,88,254,219,33,0,0,0,169,238,15,0,0,0,0,0,0,0,0,0,0,0,0,0,0,0,0,0,68,251,216,12,0,0,0,47,246,254,134,0,0,0,0,0,0,0,0,0,0,0,0,0,0,0,0,1,232,250,29,0,0,19,106,192,254,239,24,0,0,0,0,0,0,0,0,0,0,0,0,0,0,0,0,118,254,56,0,16,111,218,250,242,254,147,0,0,0,0,0,0,0,0,0,0,0,0,0,0,0,0,0,141,254,140,190,217,249,209,83,112,250,42,0,0,0,0,0,0,0,0,0,0,0,0,0,0,0,0,0,94,226,213,208,124,44,0,31,229,207,0,0,0,0,0,0,0,0,0,0,0,0,0,0,0,0,0,0,0,13,0,0,0,0,0,125,254,123,0,0,0,0,0,0,0,0,0,0,0,0,0,0,0,0,0,0,0,0,0,0,0,0,47,251,210,11,0,0,0,0,0,0,0,0,0,0,0,0,0,0,0,0,0,0,0,0,0,0,0,0,78,254,51,0,0,0,0,0,0,0,0,0,0,0,0,0,0,0,0,0,0,0,0,0,0,0,0,15,201,210,6,0,0,0,0,0,0,0,0,0,0,0,0,0,0,0,0,0,0,0,0,0,0,0,0,73,254,157,0,0,0,0,0,0,0,0,0,0,0,0,0,0,0,0,0,0,0,0,0,0,0,0,0,157,230,35,0,0,0,0,0,0,0,0,0,0,0,0,0,0,0,0,0,0,0,0,0,0,0,0,24,244,161,0,0,0,0,0,0,0,0,0,0,0,0,0,0,0,0,0,0,0,0,0,0,0,0,0,91,245,68,0,0,0,0,0,0,0,0,0,0,0,0,0,0,0,0,0,0,0,0,0,0,0,0,15,248,191,0,0,0,0,0,0,0,0,0,0,0,0,0,0,0,0,0,0,0,0,0,0,0,0,0,17,245,39,0,0,0,0,0,0,0,0,0,0,0,0,0,0,0,0,0,0,0,0,0,0,0,0,0,0,0,0,0,0,0,0,0,0,0,0,0,0,0,0,0,0
6,0,0,0,0,0,0,0,0,0,0,0,0,0,0,0,0,0,0,0,0,0,0,0,0,0,0,0,0,0,0,0,0,0,0,0,0,0,0,0,0,0,0,0,0,0,0,0,0,0,0,0,0,0,0,0,0,0,0,0,0,0,0,0,0,0,0,0,210,138,4,0,0,0,0,0,0,0,0,0,0,0,0,0,0,0,0,0,0,0,0,0,0,0,0,80,253,224,14,0,0,0,0,0,0,0,0,0,0,0,0,0,0,0,0,0,0,0,0,0,0,0,0,106,253,168,0,0,0,0,0,0,0,0,0,0,0,0,0,0,0,0,0,0,0,0,0,0,0,0,0,106,253,224,14,0,0,0,0,0,0,0,0,0,0,0,0,0,0,0,0,0,0,0,0,0,0,0,0,106,253,252,21,0,0,0,0,0,0,0,0,0,0,0,0,0,0,0,0,0,0,0,0,0,0,0,0,107,254,253,21,0,0,0,0,0,0,0,0,0,0,0,0,0,0,0,0,0,0,0,0,0,0,0,0,106,253,252,21,0,0,0,0,0,0,0,0,0,0,0,0,0,0,0,0,0,0,0,0,0,0,0,0,115,253,245,19,0,0,0,0,0,0,0,0,0,0,0,0,0,0,0,0,0,0,0,0,0,0,0,0,211,253,168,0,0,0,0,0,86,169,169,54,0,0,0,0,0,0,0,0,0,0,0,0,0,0,0,54,246,253,124,0,0,0,0,80,223,252,252,247,53,0,0,0,0,0,0,0,0,0,0,0,0,0,0,64,253,254,63,0,0,0,43,227,250,185,212,255,125,0,0,0,0,0,0,0,0,0,0,0,0,0,0,99,252,253,63,0,0,0,227,252,152,0,106,253,132,0,0,0,0,0,0,0,0,0,0,0,0,0,2,176,252,250,58,0,0,54,253,122,11,6,206,250,58,0,0,0,0,0,0,0,0,0,0,0,0,0,22,252,252,211,0,0,0,132,253,63,0,64,252,185,0,0,0,0,0,0,0,0,0,0,0,0,0,0,4,182,252,211,0,0,0,211,253,63,62,221,252,62,0,0,0,0,0,0,0,0,0,0,0,0,0,0,0,169,253,237,37,0,0,212,255,95,192,253,191,0,0,0,0,0,0,0,0,0,0,0,0,0,0,0,0,90,252,253,63,0,0,211,253,252,252,205,37,0,0,0,0,0,0,0,0,0,0,0,0,0,0,0,0,64,252,253,158,127,153,249,253,252,171,16,0,0,0,0,0,0,0,0,0,0,0,0,0,0,0,0,0,21,172,253,252,252,252,252,253,252,47,0,0,0,0,0,0,0,0,0,0,0,0,0,0,0,0,0,0,0,0,104,147,200,226,147,60,226,170,0,0,0,0,0,0,0,0,0,0,0,0,0,0,0,0,0,0,0,0,0,0,0,0,0,0,0,0,0,0,0,0,0,0,0,0,0,0,0,0,0,0,0,0,0,0,0,0,0,0,0,0,0,0,0,0,0,0,0,0,0,0,0,0,0,0,0,0,0,0,0,0,0,0,0,0,0,0,0,0,0,0,0,0,0,0,0,0,0,0,0,0,0,0,0,0,0,0,0,0,0,0,0,0,0,0,0,0,0,0,0,0,0,0,0,0,0,0,0,0,0,0,0,0,0,0,0,0,0,0,0,0,0,0,0,0,0,0,0,0,0,0,0,0,0,0,0,0,0,0,0,0,0,0,0,0,0,0,0,0,0,0,0,0,0,0,0,0,0,0,0,0,0,0,0,0,0
0,0,0,0,0,0,0,0,0,0,0,0,0,0,0,0,0,0,0,0,0,0,0,0,0,0,0,0,0,0,0,0,0,0,0,0,0,0,0,0,0,0,0,0,0,0,0,0,0,0,0,0,0,0,0,0,0,0,0,0,0,0,0,0,0,0,0,0,0,0,0,0,0,0,0,0,0,0,0,0,0,0,0,0,0,0,0,0,0,0,0,0,0,0,0,0,0,0,0,0,0,0,0,0,0,0,0,0,0,0,0,0,0,0,0,0,0,0,0,0,0,0,0,0,0,0,0,0,0,0,0,0,0,0,0,0,0,0,0,0,0,0,0,0,0,0,0,0,0,0,0,0,191,255,255,255,191,128,0,0,0,0,0,0,0,0,0,0,0,0,0,0,0,0,0,0,0,0,0,64,255,255,255,255,255,255,255,191,64,0,0,0,0,0,0,0,0,0,0,0,0,0,0,0,0,0,64,255,255,255,255,255,255,255,255,255,255,128,0,0,0,0,0,0,0,0,0,0,0,0,0,0,0,64,255,255,255,255,255,255,255,255,255,255,255,255,191,0,0,0,0,0,0,0,0,0,0,0,0,0,64,255,255,255,255,255,255,255,255,191,128,255,255,255,255,191,0,0,0,0,0,0,0,0,0,0,0,128,255,255,255,255,255,64,191,255,128,0,0,0,128,255,255,255,128,0,0,0,0,0,0,0,0,0,0,255,255,255,255,255,64,0,64,255,128,0,0,0,0,64,255,255,255,64,0,0,0,0,0,0,0,0,64,255,255,255,255,191,0,0,0,128,128,0,0,0,0,0,128,255,255,128,0,0,0,0,0,0,0,0,191,255,255,255,191,64,0,0,0,0,0,0,0,0,0,0,128,255,255,128,0,0,0,0,0,0,0,0,255,255,255,255,128,0,0,0,0,0,0,0,0,0,0,0,128,255,255,128,0,0,0,0,0,0,0,0,255,255,255,255,0,0,0,0,0,0,0,0,0,0,0,0,128,255,255,255,0,0,0,0,0,0,0,0,255,255,255,255,0,0,0,0,0,0,0,0,0,0,0,0,128,255,255,255,0,0,0,0,0,0,0,0,128,255,255,255,0,0,0,0,0,0,0,0,0,0,0,128,191,255,255,191,0,0,0,0,0,0,0,0,0,255,255,255,0,0,0,0,0,0,0,0,0,64,191,255,255,255,255,128,0,0,0,0,0,0,0,0,0,191,255,255,128,0,0,0,0,0,0,0,64,191,255,255,255,255,255,128,0,0,0,0,0,0,0,0,0,128,255,255,255,128,64,128,128,128,0,128,255,255,255,255,255,255,128,0,0,0,0,0,0,0,0,0,0,0,191,255,255,255,255,255,255,255,255,255,255,255,255,255,191,0,0,0,0,0,0,0,0,0,0,0,0,0,0,255,255,255,255,255,255,255,255,255,255,255,191,0,0,0,0,0,0,0,0,0,0,0,0,0,0,0,0,0,128,255,255,255,255,255,255,255,255,64,0,0,0,0,0,0,0,0,0,0,0,0,0,0,0,0,0,0,0,0,0,128,128,128,128,128,0,0,0,0,0,0,0,0,0,0,0,0,0,0,0,0,0,0,0,0,0,0,0,0,0,0,0,0,0,0,0,0,0,0,0,0,0,0,0,0,0,0,0,0,0,0,0,0,0,0,0,0,0,0,0,0,0,0,0,0,0,0,0,0,0,0,0,0,0,0,0,0,0,0,0,0,0,0,0,0,0,0,0,0,0,0,0,0,0,0,0,0,0,0,0
6,0,0,0,0,0,0,0,0,0,0,0,0,0,0,0,0,0,0,0,0,0,0,0,0,0,0,0,0,0,0,0,0,0,0,0,0,0,0,0,0,0,0,0,0,0,0,0,0,0,0,0,0,0,0,0,0,0,0,0,0,0,0,0,0,0,0,0,0,0,0,0,0,0,0,0,0,0,0,0,0,0,0,0,0,0,0,0,0,0,0,0,0,0,0,0,0,0,0,0,0,68,118,249,211,25,0,0,0,0,0,0,0,0,0,0,0,0,0,0,0,0,0,0,0,0,80,198,235,246,254,254,254,55,0,0,0,0,0,0,0,0,0,0,0,0,0,0,0,0,0,0,94,214,247,254,254,254,254,254,230,38,0,0,0,0,0,0,0,0,0,0,0,0,0,0,0,0,34,127,220,254,254,254,218,199,226,232,60,0,0,0,0,0,0,0,0,0,0,0,0,0,0,0,0,43,222,254,254,254,226,119,29,0,108,56,0,0,0,0,0,0,0,0,0,0,0,0,0,0,0,5,44,222,254,254,241,117,19,0,0,0,0,0,0,0,0,0,0,0,0,0,0,0,0,0,0,0,0,77,254,254,254,187,3,0,0,0,0,0,0,0,0,0,0,0,0,0,0,0,0,0,0,0,0,0,0,77,254,254,181,3,0,0,0,0,0,0,0,0,0,0,0,0,0,0,0,0,0,0,0,0,0,0,0,200,254,174,11,0,0,0,0,0,0,0,0,0,0,0,0,0,0,0,0,0,0,0,0,0,0,0,0,214,254,82,0,0,0,0,0,0,0,0,0,0,61,53,0,0,0,0,0,0,0,0,0,0,0,0,0,214,254,82,0,0,0,0,0,0,0,2,49,180,246,238,55,0,0,0,0,0,0,0,0,0,0,0,53,236,254,82,0,0,0,0,0,0,4,110,254,254,254,254,169,11,0,0,0,0,0,0,0,0,0,0,0,211,254,86,0,0,0,0,0,28,157,254,254,252,202,224,254,96,0,0,0,0,0,0,0,0,0,0,0,77,254,220,0,0,0,0,0,49,254,254,254,84,0,200,254,96,0,0,0,0,0,0,0,0,0,0,0,77,254,253,154,0,0,0,0,180,254,254,187,236,242,252,254,96,0,0,0,0,0,0,0,0,0,0,0,10,156,254,245,84,47,0,0,67,255,254,254,254,254,254,218,13,0,0,0,0,0,0,0,0,0,0,0,0,42,235,254,254,231,77,63,100,254,254,254,254,254,254,179,0,0,0,0,0,0,0,0,0,0,0,0,0,0,70,238,254,254,254,254,254,254,254,254,254,254,222,63,0,0,0,0,0,0,0,0,0,0,0,0,0,0,0,65,234,234,252,254,254,254,254,244,234,114,21,0,0,0,0,0,0,0,0,0,0,0,0,0,0,0,0,0,0,0,105,117,117,206,175,60,0,0,0,0,0,0,0,0,0,0,0,0,0,0,0,0,0,0,0,0,0,0,0,0,0,0,0,0,0,0,0,0,0,0,0,0,0,0,0,0,0,0,0,0,0,0,0,0,0,0,0,0,0,0,0,0,0,0,0,0,0,0,0,0,0,0,0,0,0,0,0,0,0,0,0,0,0,0,0,0,0,0,0,0,0,0,0,0,0,0,0,0,0,0,0,0,0,0,0,0,0,0,0,0,0,0,0,0,0,0,0,0,0,0,0,0,0,0,0,0,0,0,0,0,0,0,0,0,0,0,0,0,0,0,0,0,0,0,0,0,0,0,0,0,0,0,0,0,0,0
2,0,0,0,0,0,0,0,0,0,0,0,0,0,0,0,0,0,0,0,0,0,0,0,0,0,0,0,0,0,0,0,0,0,0,0,0,0,0,0,0,0,0,0,0,0,0,0,0,0,0,0,0,0,0,0,0,0,0,0,0,0,0,0,0,0,0,0,0,0,0,0,0,0,0,0,0,0,0,0,0,0,0,0,0,0,0,0,0,0,0,0,0,0,0,0,0,0,0,0,0,0,0,0,0,0,0,0,0,0,0,0,0,0,0,0,0,0,0,158,254,148,32,0,0,0,0,0,0,0,0,0,0,0,0,0,0,0,0,0,0,0,0,0,0,0,57,241,253,253,216,108,40,0,0,0,0,0,0,0,0,0,0,0,0,0,0,0,0,0,0,0,0,0,0,178,253,253,253,253,237,228,157,50,0,0,0,0,0,0,0,0,0,0,0,0,0,0,0,0,0,0,0,15,82,194,253,253,253,253,253,236,214,65,0,0,0,0,0,0,0,0,0,0,0,0,0,0,0,0,0,0,0,14,81,197,253,253,253,254,253,234,158,14,0,0,0,0,0,0,0,0,0,0,0,0,0,0,0,0,0,0,0,11,80,199,228,255,253,253,253,165,14,0,0,0,0,0,0,0,0,0,0,0,0,0,0,0,0,0,0,0,0,0,42,143,251,253,253,253,66,0,0,0,0,0,0,0,0,0,0,0,0,0,0,0,0,0,0,0,0,0,0,0,156,253,253,253,66,0,0,0,0,0,0,0,0,0,0,0,0,0,0,0,0,0,0,0,0,0,0,0,115,253,253,253,66,0,0,0,0,0,0,0,0,0,0,0,0,0,0,0,0,0,0,93,49,0,0,0,241,253,253,253,66,0,0,0,0,0,0,0,0,0,0,0,0,0,0,0,0,0,0,175,94,0,0,122,254,254,254,124,0,0,0,0,0,0,0,0,0,0,0,0,0,0,0,0,0,0,0,174,231,102,57,248,253,253,253,53,0,0,0,0,0,0,0,0,0,0,0,0,0,0,0,0,0,0,0,54,253,252,241,254,253,253,211,100,25,0,0,0,0,0,0,0,0,0,0,0,0,0,0,0,69,81,179,220,253,253,253,254,253,253,253,253,224,110,0,0,0,0,0,0,0,0,0,0,0,0,29,117,245,253,253,253,253,253,253,254,253,253,253,253,253,245,74,0,0,0,0,0,0,0,0,0,0,0,108,253,253,253,253,253,253,253,253,229,199,199,217,253,253,253,192,0,0,0,0,0,0,0,0,0,0,0,34,214,253,221,213,213,213,135,80,42,0,0,81,253,253,253,226,0,0,0,0,0,0,0,0,0,0,0,0,35,93,20,0,0,0,0,0,0,0,0,81,253,253,253,212,0,0,0,0,0,0,0,0,0,0,0,0,0,0,0,0,0,0,0,0,0,0,0,81,253,253,251,88,0,0,0,0,0,0,0,0,0,0,0,0,0,0,0,0,0,0,0,0,0,0,0,38,120,218,142,0,0,0,0,0,0,0,0,0,0,0,0,0,0,0,0,0,0,0,0,0,0,0,0,0,0,0,0,0,0,0,0,0,0,0,0,0,0,0,0,0,0,0,0,0,0,0,0,0,0,0,0,0,0,0,0,0,0,0,0,0,0,0,0,0,0,0,0,0,0,0,0,0,0,0,0,0,0,0,0,0,0,0,0,0,0,0,0,0,0,0,0,0,0,0,0,0,0,0,0,0,0,0,0,0,0,0,0,0,0,0,0,0,0,0,0,0,0,0
5,0,0,0,0,0,0,0,0,0,0,0,0,0,0,0,0,0,0,0,0,0,0,0,0,0,0,0,0,0,0,0,0,0,0,0,0,0,0,0,0,0,0,0,0,0,0,0,0,0,0,0,0,0,0,0,0,0,0,0,0,0,0,0,0,0,0,0,0,0,0,0,0,0,0,0,0,0,0,0,0,0,0,0,0,0,0,0,0,0,0,0,0,0,0,0,0,0,0,0,0,0,0,0,0,0,0,0,0,0,0,0,0,0,0,0,0,0,0,0,0,0,0,0,0,0,0,0,0,0,0,0,0,0,0,0,0,0,0,0,0,0,0,0,0,0,0,0,0,0,0,0,0,0,0,0,14,112,152,168,177,254,255,254,252,165,0,0,0,0,0,0,0,0,0,0,0,0,0,0,0,0,0,84,208,254,254,191,176,139,90,90,87,4,0,0,0,0,0,0,0,0,0,0,0,0,0,66,209,246,246,253,254,242,99,2,0,0,0,0,0,0,0,0,0,0,0,0,0,0,0,0,0,0,113,249,237,184,184,232,127,11,0,0,0,0,0,0,0,0,0,0,0,0,0,0,0,0,0,0,0,69,253,171,13,0,0,12,0,0,0,0,0,0,0,0,0,0,0,0,0,0,0,0,0,0,0,0,0,124,214,14,0,0,0,0,0,0,0,0,0,0,0,0,0,0,0,0,0,0,0,0,0,0,0,0,0,179,184,0,0,0,0,0,0,0,0,0,0,0,0,0,0,0,0,0,0,0,0,0,0,0,0,0,0,246,184,0,0,0,0,0,0,0,0,0,0,0,0,0,0,0,0,0,0,0,0,0,0,0,0,0,0,184,244,168,55,5,0,0,0,0,0,0,0,0,0,0,0,0,0,0,0,0,0,0,0,0,0,0,0,36,177,251,254,219,151,36,0,0,0,0,0,0,0,0,0,0,0,0,0,0,0,0,0,0,0,0,0,0,0,62,149,223,254,246,197,113,8,0,0,0,0,0,0,0,0,0,0,0,0,0,0,0,0,0,0,0,0,0,0,11,65,178,248,254,204,37,0,0,0,0,0,0,0,0,0,0,0,0,0,0,0,0,0,0,0,0,0,0,0,0,59,155,254,210,7,0,0,0,0,0,0,0,0,0,0,0,0,0,0,0,0,0,0,0,0,0,0,0,0,9,112,254,161,0,0,0,0,0,0,0,0,0,0,0,0,0,0,35,105,0,0,0,0,0,0,0,0,0,9,141,239,33,0,0,0,0,0,0,0,0,0,0,0,0,0,77,234,12,0,0,0,0,0,0,0,0,0,66,254,111,0,0,0,0,0,0,0,0,0,0,0,0,0,0,246,211,51,1,0,0,0,0,0,0,0,179,252,57,0,0,0,0,0,0,0,0,0,0,0,0,0,0,74,245,254,186,82,9,1,0,8,9,91,239,192,0,0,0,0,0,0,0,0,0,0,0,0,0,0,0,0,23,159,244,250,254,186,177,242,254,254,240,36,0,0,0,0,0,0,0,0,0,0,0,0,0,0,0,0,0,0,0,20,101,167,167,241,182,155,17,0,0,0,0,0,0,0,0,0,0,0,0,0,0,0,0,0,0,0,0,0,0,0,0,0,0,0,0,0,0,0,0,0,0,0,0,0,0,0,0,0,0,0,0,0,0,0,0,0,0,0,0,0,0,0,0,0,0,0,0,0,0,0,0,0,0,0,0,0,0,0,0,0,0,0,0,0,0,0,0,0,0,0,0,0,0,0,0,0,0,0,0,0
4,0,0,0,0,0,0,0,0,0,0,0,0,0,0,0,0,0,0,0,0,0,0,0,0,0,0,0,0,0,0,0,0,0,0,0,0,0,0,0,0,0,0,0,0,0,0,0,0,0,0,0,0,0,0,0,0,0,0,0,0,0,0,0,0,0,0,0,0,0,0,0,0,0,0,0,0,0,0,0,0,0,0,0,0,0,0,0,0,0,0,0,0,0,0,0,0,0,0,0,0,0,0,0,0,0,0,0,0,0,0,0,0,0,0,0,0,0,0,0,0,0,0,0,0,0,0,0,0,0,0,0,0,0,0,0,0,0,0,0,0,0,0,0,0,0,0,0,0,0,0,24,65,7,0,0,0,0,0,0,0,0,0,0,0,0,0,0,0,0,0,0,0,0,0,0,0,0,0,212,252,90,0,0,0,0,0,0,0,0,0,0,0,0,0,0,0,0,0,0,0,0,0,0,0,0,0,253,252,183,0,0,102,163,19,0,0,0,0,0,0,0,0,0,0,0,0,0,0,0,0,0,0,0,136,253,252,89,0,0,138,252,162,0,0,0,0,0,0,0,0,0,0,0,0,0,0,0,0,0,0,85,250,253,231,37,0,0,138,252,215,21,0,0,0,0,0,0,0,0,0,0,0,0,0,0,0,0,7,160,253,252,84,0,0,0,139,253,253,46,0,0,0,0,0,0,0,0,0,0,0,0,0,0,0,0,142,252,252,135,0,0,0,0,138,252,240,37,0,0,0,0,0,0,0,0,0,0,0,0,0,0,0,66,234,252,221,0,0,0,0,0,222,252,234,33,0,0,0,0,0,0,0,0,0,0,0,0,0,0,19,236,252,218,35,0,0,0,0,0,253,252,195,9,0,0,0,0,0,0,0,0,0,0,0,0,0,0,76,252,252,202,116,116,116,116,116,116,253,252,215,21,53,64,116,116,74,0,0,0,0,0,0,0,0,0,202,253,253,253,253,255,253,253,253,253,255,253,253,253,253,255,253,253,253,148,0,0,0,0,0,0,0,0,154,206,240,252,252,253,252,252,252,252,253,252,252,252,252,253,252,252,252,252,0,0,0,0,0,0,0,0,0,0,50,69,121,69,69,69,69,236,253,252,170,162,79,69,69,69,69,69,0,0,0,0,0,0,0,0,0,0,0,0,0,0,0,0,0,230,253,235,44,0,0,0,0,0,0,0,0,0,0,0,0,0,0,0,0,0,0,0,0,0,0,0,0,230,253,206,0,0,0,0,0,0,0,0,0,0,0,0,0,0,0,0,0,0,0,0,0,0,0,0,0,231,255,232,101,0,0,0,0,0,0,0,0,0,0,0,0,0,0,0,0,0,0,0,0,0,0,0,0,209,253,252,130,0,0,0,0,0,0,0,0,0,0,0,0,0,0,0,0,0,0,0,0,0,0,0,0,116,253,252,100,0,0,0,0,0,0,0,0,0,0,0,0,0,0,0,0,0,0,0,0,0,0,0,0,74,253,252,69,0,0,0,0,0,0,0,0,0,0,0,0,0,0,0,0,0,0,0,0,0,0,0,0,0,86,117,6,0,0,0,0,0,0,0,0,0,0,0,0,0,0,0,0,0,0,0,0,0,0,0,0,0,0,0,0,0,0,0,0,0,0,0,0,0,0,0,0,0,0,0,0,0,0,0,0,0,0,0,0,0,0,0,0,0,0,0,0,0,0,0,0,0,0,0,0,0,0,0,0,0,0,0,0,0,0,0,0,0,0,0,0,0,0,0,0,0,0,0,0,0,0
2,0,0,0,0,0,0,0,0,0,0,0,0,0,0,0,0,0,0,0,0,0,0,0,0,0,0,0,0,0,0,0,0,0,0,0,0,0,0,0,0,0,0,0,0,0,0,0,0,0,0,0,0,0,0,0,0,0,0,0,0,0,0,0,0,0,0,0,0,0,0,0,0,0,0,0,0,0,0,0,0,0,0,0,0,0,0,0,0,0,0,0,0,0,0,0,0,0,0,0,0,0,0,0,0,0,0,0,0,0,0,0,0,0,0,0,0,0,0,0,0,0,0,0,1,111,191,254,255,199,150,35,0,0,0,0,0,0,0,0,0,0,0,0,0,0,0,0,0,0,0,24,139,253,179,101,135,171,253,226,103,0,0,0,0,0,0,0,0,0,0,0,0,0,0,0,0,0,3,132,251,93,2,0,0,2,42,225,251,92,0,0,0,0,0,0,0,0,0,0,0,0,0,0,0,0,93,253,171,0,0,0,0,0,0,49,253,216,0,0,0,0,0,0,0,0,0,0,0,0,0,0,0,0,67,221,28,0,0,0,0,0,0,2,178,253,97,0,0,0,0,0,0,0,0,0,0,0,0,0,0,0,5,130,0,0,0,0,0,0,0,0,141,253,196,0,0,0,0,0,0,0,0,0,0,0,0,0,0,0,0,13,0,0,0,0,0,0,0,0,68,253,196,0,0,0,0,0,0,0,0,0,0,0,0,0,0,0,0,0,0,0,0,0,0,0,0,0,135,253,196,0,0,0,0,0,0,0,0,0,0,0,0,0,0,0,0,0,0,0,0,0,0,0,0,0,171,253,196,0,0,0,0,0,0,0,0,0,0,0,0,0,0,0,0,0,0,0,0,0,0,0,0,0,171,253,132,0,0,0,0,0,0,0,0,0,0,0,0,0,0,0,0,0,0,0,0,0,0,0,0,0,171,245,19,0,0,0,0,0,0,0,0,0,0,0,0,0,39,115,145,145,145,145,63,35,0,0,0,38,252,141,0,0,0,0,0,0,0,0,0,0,0,0,64,192,249,253,212,165,165,183,253,207,156,78,0,161,253,61,0,0,0,0,0,0,0,0,0,0,0,102,247,230,74,15,8,0,0,3,15,9,51,133,239,252,190,3,0,0,0,0,0,0,0,0,0,0,0,197,242,47,0,0,0,0,0,0,0,0,0,64,253,247,87,0,0,0,0,0,0,0,0,0,0,0,0,189,220,6,0,0,0,0,0,0,0,0,53,193,247,87,0,0,0,0,0,0,0,0,0,0,0,0,0,69,251,159,6,0,0,0,0,0,0,56,234,245,87,0,0,0,0,0,0,0,0,0,0,0,0,0,0,0,107,246,168,42,2,0,0,3,94,194,250,128,0,0,0,0,0,0,0,0,0,0,0,0,0,0,0,0,0,31,194,253,172,135,60,180,253,180,61,0,0,0,0,0,0,0,0,0,0,0,0,0,0,0,0,0,0,0,5,119,149,218,251,149,67,1,0,0,0,0,0,0,0,0,0,0,0,0,0,0,0,0,0,0,0,0,0,0,0,0,0,0,0,0,0,0,0,0,0,0,0,0,0,0,0,0,0,0,0,0,0,0,0,0,0,0,0,0,0,0,0,0,0,0,0,0,0,0,0,0,0,0,0,0,0,0,0,0,0,0,0,0,0,0,0,0,0,0,0,0,0,0,0,0,0,0,0,0,0,0,0,0,0,0,0,0,0,0,0,0,0,0,0,0,0,0,0,0,0,0,0,0,0,0,0,0,0,0,0,0,0
3,0,0,0,0,0,0,0,0,0,0,0,0,0,0,0,0,0,0,0,0,0,0,0,0,0,0,0,0,0,0,0,0,0,0,0,0,0,0,0,0,0,0,0,0,0,0,0,0,0,0,0,0,0,0,0,0,0,0,0,0,0,0,0,0,0,0,0,0,0,0,0,0,0,0,0,0,0,0,0,0,0,0,0,0,0,0,0,0,0,0,0,0,0,0,0,0,0,0,0,0,0,0,0,0,0,0,0,0,0,0,0,0,0,0,0,0,0,0,0,0,0,0,0,0,0,0,0,0,0,0,0,0,0,0,0,0,0,0,0,0,0,0,0,0,0,0,0,0,0,0,0,0,0,0,0,0,0,0,0,0,0,0,0,0,0,0,0,0,0,0,0,0,0,0,0,94,143,244,253,205,253,255,253,210,182,34,8,0,0,0,0,0,0,0,0,0,0,0,0,0,0,27,172,226,252,252,252,252,252,253,252,252,252,252,192,44,0,0,0,0,0,0,0,0,0,0,0,0,55,226,252,252,252,252,252,252,252,253,252,252,252,252,252,232,125,0,0,0,0,0,0,0,0,0,0,0,76,252,252,252,252,227,121,121,121,121,121,121,129,245,252,252,231,35,0,0,0,0,0,0,0,0,0,0,176,252,252,216,111,8,0,0,0,0,15,56,114,222,252,252,252,90,0,0,0,0,0,0,0,0,0,0,176,252,245,57,0,0,0,0,0,0,67,252,252,252,252,252,252,136,0,0,0,0,0,0,0,0,0,0,121,250,125,0,0,0,0,0,0,0,35,232,252,252,252,247,107,6,0,0,0,0,0,0,0,0,0,0,0,82,4,0,0,0,0,0,0,0,0,173,251,252,252,64,0,0,0,0,0,0,0,0,0,0,0,0,0,0,0,0,0,0,0,0,0,0,0,0,121,226,252,136,0,0,0,0,0,0,0,0,0,0,0,0,0,0,0,0,0,0,0,0,0,0,0,0,0,46,229,251,86,0,0,0,0,0,0,0,0,0,0,0,0,0,0,0,0,0,0,0,0,0,0,0,0,0,0,232,234,52,0,0,0,0,0,0,0,0,0,0,0,0,0,0,0,0,0,0,0,0,0,0,0,0,24,237,252,175,0,0,0,0,0,0,0,0,0,0,0,0,0,0,0,0,0,0,0,0,0,0,0,22,201,252,252,175,0,0,0,0,0,0,0,0,0,0,0,0,0,0,0,0,0,0,0,0,0,0,22,158,252,252,252,118,0,0,0,0,0,0,0,0,0,0,0,0,0,0,0,0,0,0,0,0,0,0,156,252,252,252,199,23,0,0,0,0,0,0,0,0,0,0,0,0,0,0,0,0,0,0,0,0,62,179,250,252,252,252,99,0,0,0,0,0,0,0,0,0,0,0,0,0,0,151,231,231,231,149,169,232,246,252,252,252,248,88,9,0,0,0,0,0,0,0,0,0,0,0,0,0,0,165,252,252,252,252,252,253,252,252,252,219,64,0,0,0,0,0,0,0,0,0,0,0,0,0,0,0,0,84,252,252,252,252,252,253,252,252,212,89,0,0,0,0,0,0,0,0,0,0,0,0,0,0,0,0,0,7,71,142,142,176,252,239,142,100,16,0,0,0,0,0,0,0,0,0,0,0,0,0,0,0,0,0,0,0,0,0,0,0,0,0,0,0,0,0,0,0,0,0,0,0,0,0,0,0,0,0,0,0,0,0,0,0,0,0,0,0,0,0,0,0,0,0,0,0,0,0,0,0,0,0,0,0
8,0,0,0,0,0,0,0,0,0,0,0,0,0,0,0,0,0,0,0,0,0,0,0,0,0,0,0,0,0,0,0,0,0,0,0,0,0,0,0,0,0,0,0,0,0,0,0,0,0,0,0,0,0,0,0,0,0,0,0,0,0,0,0,0,0,0,0,0,0,0,0,0,0,0,0,0,0,0,0,0,0,0,0,0,0,0,0,0,0,0,0,0,0,0,0,0,0,0,0,0,0,0,0,0,0,0,0,0,0,0,0,0,0,0,0,0,0,0,0,0,0,0,0,0,0,0,0,0,0,0,0,0,0,0,0,0,0,0,0,0,0,0,0,0,0,0,0,0,0,0,0,0,0,72,39,140,172,214,69,0,0,0,0,0,0,0,0,0,0,0,0,0,0,0,0,0,25,81,185,185,93,229,254,222,237,240,197,0,0,0,0,0,0,0,0,0,0,0,0,0,0,0,8,223,233,254,253,249,96,125,124,112,25,158,227,0,0,0,0,0,0,0,0,0,0,0,0,0,0,0,115,254,254,250,100,0,0,0,0,0,0,163,227,0,0,0,0,0,0,0,0,0,0,0,0,0,0,0,33,254,254,254,215,190,137,30,0,0,45,242,146,0,0,0,0,0,0,0,0,0,0,0,0,0,0,0,3,135,216,253,254,254,254,238,189,129,234,254,21,0,0,0,0,0,0,0,0,0,0,0,0,0,0,0,0,0,0,88,97,180,230,254,254,254,254,194,4,0,0,0,0,0,0,0,0,0,0,0,0,0,0,0,0,0,0,0,0,0,36,186,254,254,254,232,45,0,0,0,0,0,0,0,0,0,0,0,0,0,0,0,0,0,0,0,0,0,0,62,254,253,249,254,232,47,0,0,0,0,0,0,0,0,0,0,0,0,0,0,0,0,0,0,0,0,0,163,254,140,61,200,254,203,10,0,0,0,0,0,0,0,0,0,0,0,0,0,0,0,0,0,0,0,6,196,181,4,0,21,207,255,128,0,0,0,0,0,0,0,0,0,0,0,0,0,0,0,0,0,0,0,119,250,56,0,0,0,34,254,248,5,0,0,0,0,0,0,0,0,0,0,0,0,0,0,0,0,0,0,197,174,0,0,0,0,10,129,254,5,0,0,0,0,0,0,0,0,0,0,0,0,0,0,0,0,0,0,234,133,0,0,0,0,0,41,238,47,0,0,0,0,0,0,0,0,0,0,0,0,0,0,0,0,0,47,236,47,0,0,0,0,0,47,235,114,0,0,0,0,0,0,0,0,0,0,0,0,0,0,0,0,0,88,238,0,0,0,0,0,19,229,254,86,0,0,0,0,0,0,0,0,0,0,0,0,0,0,0,0,0,88,252,77,0,0,0,0,162,254,254,5,0,0,0,0,0,0,0,0,0,0,0,0,0,0,0,0,0,39,182,228,103,43,167,250,254,232,41,1,0,0,0,0,0,0,0,0,0,0,0,0,0,0,0,0,0,0,126,254,254,254,254,254,247,59,0,0,0,0,0,0,0,0,0,0,0,0,0,0,0,0,0,0,0,0,19,107,232,254,229,105,34,0,0,0,0,0,0,0,0,0,0,0,0,0,0,0,0,0,0,0,0,0,0,0,0,0,0,0,0,0,0,0,0,0,0,0,0,0,0,0,0,0,0,0,0,0,0,0,0,0,0,0,0,0,0,0,0,0,0,0,0,0,0,0,0,0,0,0,0,0,0,0,0,0,0,0,0,0,0,0,0,0,0,0,0,0,0,0,0,0,0,0,0,0
4,0,0,0,0,0,0,0,0,0,0,0,0,0,0,0,0,0,0,0,0,0,0,0,0,0,0,0,0,0,0,0,0,0,0,0,0,0,0,0,0,0,0,0,0,0,0,0,0,0,0,0,0,0,0,0,0,0,0,0,0,0,0,0,0,0,0,0,0,0,0,0,0,0,0,0,0,0,0,0,0,0,0,0,0,0,0,0,0,0,0,0,0,0,0,0,0,0,0,0,0,0,0,0,0,0,0,0,0,0,0,0,0,0,0,0,0,0,0,0,0,0,0,0,0,0,0,0,0,0,0,0,0,0,0,0,0,0,0,0,0,0,0,0,0,0,0,0,0,0,0,0,0,0,0,0,85,225,0,0,0,0,0,0,0,0,0,0,0,0,0,0,0,0,0,0,0,0,0,0,0,0,0,11,196,201,64,0,0,0,0,0,0,0,0,0,0,0,0,0,0,0,0,0,0,0,0,0,0,0,0,116,227,135,115,0,0,0,0,0,0,0,0,0,0,0,0,0,0,0,0,0,0,0,0,0,0,0,3,188,122,215,45,0,0,0,0,0,0,0,0,0,0,0,0,0,0,0,0,0,0,0,0,0,0,0,104,205,87,246,32,0,0,0,0,0,0,0,0,0,0,0,0,0,0,0,0,0,0,0,0,0,0,92,254,104,159,141,0,0,0,0,0,0,0,0,0,0,0,0,0,0,0,0,0,0,0,0,0,0,16,220,202,52,240,75,0,0,0,0,0,0,0,0,0,0,0,0,0,0,0,0,0,0,0,0,0,0,153,233,40,120,249,27,0,0,0,0,0,0,0,0,0,0,0,0,0,0,0,0,0,0,0,0,0,107,249,116,0,177,143,0,0,0,0,0,0,0,0,0,0,0,0,0,0,0,0,0,0,0,0,0,107,250,158,0,36,247,61,0,0,0,0,0,0,0,0,0,0,0,0,0,0,0,0,0,0,0,0,33,237,166,9,0,130,178,0,9,18,9,6,22,0,0,0,0,0,0,0,0,0,0,0,0,0,0,0,8,154,247,214,152,251,233,210,223,236,223,217,241,210,152,22,0,0,0,0,0,0,0,0,0,0,0,0,0,0,35,121,216,253,125,90,90,90,90,90,90,99,204,84,0,0,0,0,0,0,0,0,0,0,0,0,0,0,0,0,210,181,0,0,0,0,0,0,0,0,0,0,0,0,0,0,0,0,0,0,0,0,0,0,0,0,0,27,249,98,0,0,0,0,0,0,0,0,0,0,0,0,0,0,0,0,0,0,0,0,0,0,0,0,0,62,230,9,0,0,0,0,0,0,0,0,0,0,0,0,0,0,0,0,0,0,0,0,0,0,0,0,0,166,194,0,0,0,0,0,0,0,0,0,0,0,0,0,0,0,0,0,0,0,0,0,0,0,0,0,0,250,120,0,0,0,0,0,0,0,0,0,0,0,0,0,0,0,0,0,0,0,0,0,0,0,0,0,14,254,45,0,0,0,0,0,0,0,0,0,0,0,0,0,0,0,0,0,0,0,0,0,0,0,0,0,9,255,45,0,0,0,0,0,0,0,0,0,0,0,0,0,0,0,0,0,0,0,0,0,0,0,0,0,0,0,0,0,0,0,0,0,0,0,0,0,0,0,0,0,0,0,0,0,0,0,0,0,0,0,0,0,0,0,0,0,0,0,0,0,0,0,0,0,0,0,0,0,0,0,0,0,0,0,0,0,0,0,0,0,0,0,0,0,0,0,0,0,0,0,0,0,0,0,0,0,0,0
5,0,0,0,0,0,0,0,0,0,0,0,0,0,0,0,0,0,0,0,0,0,0,0,0,0,0,0,0,0,0,0,0,0,0,0,0,0,0,0,0,0,0,0,0,0,0,0,0,0,0,0,0,0,0,0,0,0,0,0,0,0,0,0,0,0,0,0,0,0,0,0,0,0,0,0,0,0,0,0,0,0,0,0,0,0,0,0,0,0,0,0,0,0,0,0,0,0,0,0,0,0,0,0,0,0,0,0,0,0,0,0,0,0,0,0,0,0,0,0,0,0,0,0,0,0,0,0,0,0,0,0,0,0,0,0,0,0,0,0,0,0,0,0,0,0,0,7,136,229,161,161,161,162,161,161,161,104,70,70,70,26,0,0,0,0,0,0,0,0,0,0,0,0,0,24,253,254,253,253,253,254,253,253,253,254,253,253,253,214,13,0,0,0,0,0,0,0,0,0,0,0,0,13,213,254,248,221,137,230,179,205,171,138,137,137,137,205,13,0,0,0,0,0,0,0,0,0,0,0,0,0,59,254,206,0,0,0,0,0,0,0,0,0,0,0,0,0,0,0,0,0,0,0,0,0,0,0,0,0,0,255,220,13,51,128,161,161,161,162,78,63,0,0,0,0,0,0,0,0,0,0,0,0,0,0,0,0,0,254,253,234,247,254,253,253,253,254,253,251,197,34,0,0,0,0,0,0,0,0,0,0,0,0,0,0,0,254,253,253,236,171,88,46,46,46,46,122,213,241,61,0,0,0,0,0,0,0,0,0,0,0,0,0,0,254,253,135,19,0,0,0,0,0,0,0,25,254,198,17,0,0,0,0,0,0,0,0,0,0,0,0,0,93,127,17,0,0,0,0,0,0,0,0,0,136,254,46,0,0,0,0,0,0,0,0,0,0,0,0,0,0,0,0,0,0,0,0,0,0,0,0,0,70,253,129,0,0,0,0,0,0,0,0,0,0,0,0,0,0,0,0,0,0,0,0,0,0,0,0,0,70,253,137,0,0,0,0,0,0,0,0,0,0,0,0,0,0,0,0,0,0,0,0,0,0,0,0,0,70,253,137,0,0,0,0,0,0,0,0,0,0,0,0,0,0,0,0,0,0,0,0,0,0,0,0,0,162,254,46,0,0,0,0,0,0,0,0,0,0,93,42,0,0,0,0,0,0,0,0,0,0,0,0,17,245,253,46,0,0,0,0,0,0,0,0,0,0,105,163,0,0,0,0,0,0,0,0,0,0,0,0,68,254,223,25,0,0,0,0,0,0,0,0,0,0,72,246,50,0,0,0,0,0,0,0,0,0,0,51,234,254,115,0,0,0,0,0,0,0,0,0,0,0,47,254,94,0,0,0,0,0,0,0,0,19,120,237,254,185,9,0,0,0,0,0,0,0,0,0,0,0,5,194,245,139,55,47,47,47,97,138,206,237,253,248,139,9,0,0,0,0,0,0,0,0,0,0,0,0,0,30,221,254,253,253,253,254,253,253,253,239,179,58,0,0,0,0,0,0,0,0,0,0,0,0,0,0,0,0,50,161,160,228,194,228,160,160,128,25,0,0,0,0,0,0,0,0,0,0,0,0,0,0,0,0,0,0,0,0,0,0,0,0,0,0,0,0,0,0,0,0,0,0,0,0,0,0,0,0,0,0,0,0,0,0,0,0,0,0,0,0,0,0,0,0,0,0,0,0,0,0,0,0,0,0,0,0,0,0,0,0,0,0,0,0,0,0,0,0,0,0,0,0,0,0,0,0,0,0,0,0,0,0,0
5,0,0,0,0,0,0,0,0,0,0,0,0,0,0,0,0,0,0,0,0,0,0,0,0,0,0,0,0,0,0,0,0,0,0,0,0,0,0,0,0,0,0,0,0,0,0,0,0,0,0,0,0,0,0,0,0,0,0,0,0,0,0,0,0,0,0,0,0,0,0,0,0,0,0,0,0,0,0,0,0,0,0,0,0,0,0,0,0,0,0,0,0,0,0,0,0,0,0,0,0,0,0,0,0,0,0,0,0,0,0,0,0,0,0,0,0,0,0,0,0,0,0,0,0,0,0,0,0,0,0,0,0,0,0,0,0,0,0,0,0,0,0,0,0,0,0,0,0,0,0,0,0,0,0,0,0,0,0,0,0,0,0,0,0,0,0,0,0,0,0,0,0,0,0,0,0,0,0,98,103,0,0,0,0,16,29,29,4,13,0,0,0,0,0,0,0,0,0,0,0,0,0,0,0,0,13,209,252,0,0,45,157,216,252,252,178,194,19,0,0,0,0,0,0,0,0,0,0,0,0,0,0,0,57,252,252,147,197,240,252,253,252,252,252,56,19,0,0,0,0,0,0,0,0,0,0,0,0,0,0,0,107,252,252,253,252,252,252,253,227,52,28,0,0,0,0,0,0,0,0,0,0,0,0,0,0,0,0,4,179,253,228,214,188,137,13,0,0,0,0,0,0,0,0,0,0,0,0,0,0,0,0,0,0,0,0,54,252,196,9,0,13,57,57,57,57,38,0,0,0,0,0,0,0,0,0,0,0,0,0,0,0,0,0,229,252,130,38,147,209,252,252,253,252,234,147,89,0,0,0,0,0,0,0,0,0,0,0,0,0,0,151,253,252,193,225,253,252,252,252,253,252,252,252,175,38,0,0,0,0,0,0,0,0,0,0,0,0,10,229,255,253,253,253,254,234,187,113,51,26,113,175,254,97,0,0,0,0,0,0,0,0,0,0,0,0,85,252,253,252,252,227,84,28,0,0,0,0,0,113,253,196,0,0,0,0,0,0,0,0,0,0,0,0,172,252,253,233,130,31,0,0,0,0,0,0,0,113,253,196,0,0,0,0,0,0,0,0,0,0,0,0,59,240,190,59,0,0,0,0,0,0,0,0,0,163,253,196,0,0,0,0,0,0,0,0,0,0,0,0,0,0,51,0,0,0,0,0,0,0,0,0,10,229,254,84,0,0,0,0,0,0,0,0,0,0,0,0,0,0,0,0,0,0,0,0,0,0,0,13,172,252,209,28,0,0,0,0,0,0,0,0,0,0,0,0,0,0,0,0,0,0,0,0,0,0,10,172,252,252,76,0,0,0,0,0,0,0,0,0,0,0,0,0,0,0,0,0,0,0,0,0,0,0,179,252,252,151,0,0,0,0,0,0,0,0,0,0,0,0,0,0,0,0,0,0,0,0,0,7,66,241,254,247,137,13,0,0,0,0,0,0,0,0,0,0,0,0,0,0,0,0,0,38,169,69,120,187,252,252,253,171,0,0,0,0,0,0,0,0,0,0,0,0,0,0,0,0,0,0,0,57,252,252,253,252,252,177,106,19,0,0,0,0,0,0,0,0,0,0,0,0,0,0,0,0,0,0,0,7,116,240,190,139,52,3,0,0,0,0,0,0,0,0,0,0,0,0,0,0,0,0,0,0,0,0,0,0,0,0,0,0,0,0,0,0,0,0,0,0,0,0,0,0,0,0,0,0,0,0,0,0,0,0,0,0,0,0,0,0,0,0,0,0,0,0,0,0,0,0,0,0,0,0
0,0,0,0,0,0,0,0,0,0,0,0,0,0,0,0,0,0,0,0,0,0,0,0,0,0,0,0,0,0,0,0,0,0,0,0,0,0,0,0,0,0,0,0,0,0,0,0,0,0,0,0,0,0,0,0,0,0,0,0,0,0,0,0,0,0,0,0,0,0,0,0,0,0,0,0,0,0,0,0,0,0,0,0,0,0,0,0,0,0,0,0,0,0,0,0,0,0,0,0,0,0,0,0,0,0,0,0,0,0,0,0,0,0,0,0,0,0,0,0,0,0,0,0,0,0,0,0,33,88,21,0,0,0,0,0,0,0,0,0,0,0,0,0,0,0,0,0,0,0,0,0,14,4,0,0,187,254,208,71,0,0,0,0,0,0,0,0,0,0,0,0,0,0,0,0,0,0,18,155,225,49,0,0,184,253,229,243,114,18,0,0,0,0,0,0,0,0,0,0,0,0,0,0,0,26,198,246,175,10,0,0,29,109,17,101,244,198,5,0,0,0,0,0,0,0,0,0,0,0,0,0,128,240,212,73,0,0,0,0,0,0,0,0,57,237,149,0,0,0,0,0,0,0,0,0,0,0,0,64,241,178,21,0,0,0,0,0,0,0,0,0,0,100,245,73,0,0,0,0,0,0,0,0,0,0,40,243,206,20,0,0,0,0,0,0,0,0,0,0,0,15,198,207,0,0,0,0,0,0,0,0,0,18,232,254,46,0,0,0,0,0,0,0,0,0,0,0,0,0,96,248,44,0,0,0,0,0,0,0,0,202,254,147,5,0,0,0,0,0,0,0,0,0,0,0,0,0,27,254,169,0,0,0,0,0,0,0,0,255,246,23,0,0,0,0,0,0,0,0,0,0,0,0,0,0,5,203,254,0,0,0,0,0,0,0,0,248,123,0,0,0,0,0,0,0,0,0,0,0,0,0,0,0,21,240,254,0,0,0,0,0,0,0,0,163,166,0,0,0,0,0,0,0,0,0,0,0,0,0,0,1,63,254,254,0,0,0,0,0,0,0,0,52,229,18,0,0,0,0,0,0,0,0,0,0,0,0,0,69,254,254,165,0,0,0,0,0,0,0,0,0,217,198,72,0,0,0,0,0,0,0,0,0,0,18,136,250,254,162,3,0,0,0,0,0,0,0,0,0,35,170,251,153,33,0,0,0,0,0,23,54,114,203,254,245,181,6,0,0,0,0,0,0,0,0,0,0,0,7,154,231,240,157,129,213,219,219,233,254,254,254,245,86,0,0,0,0,0,0,0,0,0,0,0,0,0,0,0,22,118,195,253,229,241,254,233,194,137,115,39,0,0,0,0,0,0,0,0,0,0,0,0,0,0,0,0,0,0,0,61,5,33,62,14,0,0,0,0,0,0,0,0,0,0,0,0,0,0,0,0,0,0,0,0,0,0,0,0,0,0,0,0,0,0,0,0,0,0,0,0,0,0,0,0,0,0,0,0,0,0,0,0,0,0,0,0,0,0,0,0,0,0,0,0,0,0,0,0,0,0,0,0,0,0,0,0,0,0,0,0,0,0,0,0,0,0,0,0,0,0,0,0,0,0,0,0,0,0,0,0,0,0,0,0,0,0,0,0,0,0,0,0,0,0,0,0,0,0,0,0,0,0,0,0,0,0,0,0,0,0,0,0,0,0,0,0,0,0,0,0,0,0,0,0,0,0,0,0,0,0,0,0,0,0,0,0,0,0,0,0,0,0,0,0,0,0,0,0,0,0,0,0,0,0,0,0,0,0,0,0,0,0,0,0
3,0,0,0,0,0,0,0,0,0,0,0,0,0,0,0,0,0,0,0,0,0,0,0,0,0,0,0,0,0,0,0,0,0,0,0,0,0,0,0,0,0,0,0,0,0,0,0,0,0,0,0,0,0,0,0,0,0,0,0,0,0,0,0,0,0,0,0,0,0,0,0,0,0,0,0,0,0,0,0,0,0,0,0,0,0,0,0,0,0,0,0,0,0,20,186,246,254,232,148,59,5,0,0,0,0,0,0,0,0,0,0,0,0,0,0,0,0,0,0,0,0,19,233,180,135,76,76,105,184,0,0,0,0,0,0,0,0,0,0,0,0,0,0,0,0,0,0,0,0,0,0,0,0,0,0,79,241,71,0,0,0,0,0,0,0,0,0,0,0,0,0,0,0,0,0,0,0,0,0,0,0,0,26,172,247,131,0,0,0,0,0,0,0,0,0,0,0,0,0,0,0,0,0,0,0,0,0,0,0,23,207,253,213,0,0,0,0,0,0,0,0,0,0,0,0,0,0,0,0,0,0,0,0,0,0,0,46,217,254,235,128,0,0,0,0,0,0,0,0,0,0,0,0,0,0,0,0,0,0,0,0,0,0,19,222,254,191,57,0,0,0,0,0,0,0,0,0,0,0,0,0,0,0,0,0,0,0,0,0,0,0,40,253,213,12,0,0,0,0,0,0,0,0,0,0,0,0,0,0,0,0,0,0,0,0,0,0,0,0,18,206,227,21,0,0,0,0,0,0,0,0,0,0,0,0,0,0,0,0,0,0,0,0,0,0,0,0,0,23,216,151,31,8,0,0,0,0,0,0,0,0,0,0,0,0,0,0,0,0,0,0,0,0,0,0,0,0,38,91,236,111,36,0,0,0,0,0,0,0,0,0,0,0,0,0,0,0,0,0,0,0,0,0,0,0,0,0,57,114,233,16,0,0,0,0,0,0,0,0,0,0,0,0,0,0,0,0,0,0,0,0,0,0,0,0,0,0,195,236,27,0,0,0,0,0,0,0,0,0,0,0,0,0,0,0,0,0,0,0,0,0,0,0,0,0,195,254,219,0,0,0,0,0,0,0,0,0,0,0,0,0,0,0,0,0,0,0,0,0,0,0,31,98,217,254,233,0,0,0,0,0,0,0,0,0,0,0,0,0,0,0,0,0,0,0,0,0,14,104,224,254,254,255,39,0,0,0,0,0,0,0,0,0,0,0,0,0,0,0,0,0,0,0,19,58,186,253,253,253,237,39,6,0,0,0,0,0,0,0,0,0,0,0,0,0,0,111,79,79,48,146,247,253,254,253,228,123,18,0,0,0,0,0,0,0,0,0,0,0,0,0,0,0,0,166,253,254,245,253,253,253,192,117,43,0,0,0,0,0,0,0,0,0,0,0,0,0,0,0,0,0,0,9,96,155,193,155,155,80,0,0,0,0,0,0,0,0,0,0,0,0,0,0,0,0,0,0,0,0,0,0,0,0,0,0,0,0,0,0,0,0,0,0,0,0,0,0,0,0,0,0,0,0,0,0,0,0,0,0,0,0,0,0,0,0,0,0,0,0,0,0,0,0,0,0,0,0,0,0,0,0,0,0,0,0,0,0,0,0,0,0,0,0,0,0,0,0,0,0,0,0,0,0,0,0,0,0,0,0,0,0,0,0,0,0,0,0,0,0,0,0,0,0,0,0,0,0,0,0,0,0,0,0,0,0,0,0,0,0,0,0,0,0,0,0,0,0,0,0,0,0,0,0,0,0,0,0,0,0,0,0,0,0,0
8,0,0,0,0,0,0,0,0,0,0,0,0,0,0,0,0,0,0,0,0,0,0,0,0,0,0,0,0,0,0,0,0,0,0,0,0,0,0,0,0,0,0,0,0,0,0,0,0,0,0,0,0,0,0,0,0,0,0,0,0,0,0,0,0,0,0,0,0,0,0,0,0,0,0,0,0,0,0,0,0,0,0,0,0,0,0,0,0,0,0,0,0,0,0,0,0,0,0,0,0,0,0,0,0,0,0,0,0,0,0,0,0,0,0,0,0,0,0,0,0,0,0,0,0,0,0,0,0,0,0,0,0,0,0,0,0,0,0,0,0,0,0,0,0,0,0,0,0,0,0,0,0,0,0,0,0,0,0,0,0,0,0,0,0,0,0,0,0,0,0,0,0,0,0,0,0,0,0,0,0,0,0,0,0,0,0,0,0,0,0,0,0,0,0,0,0,0,0,0,0,0,0,0,0,0,0,0,28,73,126,126,126,60,29,29,66,117,126,126,126,89,0,0,0,0,0,0,0,0,0,0,0,0,9,161,252,254,254,254,254,254,254,254,254,254,254,254,254,254,0,0,0,0,0,0,0,0,0,0,0,0,120,254,222,57,4,4,46,64,137,177,235,255,254,254,255,174,0,0,0,0,0,0,0,0,0,0,0,0,73,248,227,30,0,0,0,0,0,60,209,254,254,222,122,10,0,0,0,0,0,0,0,0,0,0,0,0,0,52,215,222,116,5,0,27,139,240,254,208,129,53,0,0,0,0,0,0,0,0,0,0,0,0,0,0,0,0,82,226,254,228,155,248,254,172,42,5,0,0,0,0,0,0,0,0,0,0,0,0,0,0,0,0,0,0,0,29,226,254,254,254,130,9,0,0,0,0,0,0,0,0,0,0,0,0,0,0,0,0,0,0,0,0,0,119,254,254,254,254,50,0,0,0,0,0,0,0,0,0,0,0,0,0,0,0,0,0,0,0,0,0,160,252,221,61,62,239,231,30,0,0,0,0,0,0,0,0,0,0,0,0,0,0,0,0,0,0,17,180,250,117,15,0,0,62,247,53,0,0,0,0,0,0,0,0,0,0,0,0,0,0,0,0,0,18,198,254,107,0,0,0,0,0,236,53,0,0,0,0,0,0,0,0,0,0,0,0,0,0,0,5,79,239,250,73,1,0,0,0,0,14,239,89,0,0,0,0,0,0,0,0,0,0,0,0,0,0,0,146,254,252,113,0,0,0,0,0,14,151,254,53,0,0,0,0,0,0,0,0,0,0,0,0,0,0,42,243,254,69,0,0,0,0,24,91,239,254,198,18,0,0,0,0,0,0,0,0,0,0,0,0,0,0,115,250,111,1,4,39,59,135,210,254,238,150,18,0,0,0,0,0,0,0,0,0,0,0,0,0,0,0,232,248,163,196,203,254,254,250,219,63,33,0,0,0,0,0,0,0,0,0,0,0,0,0,0,0,0,0,81,220,254,214,187,154,91,16,0,0,0,0,0,0,0,0,0,0,0,0,0,0,0,0,0,0,0,0,0,14,29,12,0,0,0,0,0,0,0,0,0,0,0,0,0,0,0,0,0,0,0,0,0,0,0,0,0,0,0,0,0,0,0,0,0,0,0,0,0,0,0,0,0,0,0,0,0,0,0,0,0,0,0,0,0,0,0,0,0,0,0,0,0,0,0,0,0,0,0,0,0,0,0,0,0,0,0,0,0,0,0,0,0,0,0,0,0,0,0,0,0,0,0,0,0,0,0,0,0,0,0,0,0,0,0
5,0,0,0,0,0,0,0,0,0,0,0,0,0,0,0,0,0,0,0,0,0,0,0,0,0,0,0,0,0,0,0,0,0,0,0,0,0,0,0,0,0,0,0,0,0,0,0,0,0,0,0,0,0,0,0,0,0,0,0,0,0,0,0,0,0,0,0,0,0,0,0,0,0,0,0,0,0,0,0,0,0,0,0,0,0,0,0,0,0,0,0,0,0,0,0,0,0,0,0,0,0,0,0,0,0,0,0,0,0,0,0,0,0,0,0,0,0,0,0,0,0,0,0,0,0,0,0,0,0,0,0,0,0,0,0,0,0,0,0,0,0,0,0,0,0,0,0,0,0,0,0,0,0,0,0,0,0,0,10,88,137,223,117,0,0,0,0,0,0,0,0,0,0,0,0,0,0,0,0,0,21,111,154,154,100,154,206,254,254,254,154,0,0,0,0,0,0,0,0,0,0,0,0,0,0,0,0,5,218,254,254,254,254,254,254,223,201,170,17,0,0,0,0,0,0,0,0,0,0,0,0,0,0,0,0,6,254,254,238,183,84,65,65,27,0,0,0,0,0,0,0,0,0,0,0,0,0,0,0,0,0,0,0,104,254,179,36,0,0,0,0,0,0,0,0,0,0,0,0,0,0,0,0,0,0,0,0,0,0,0,0,175,254,95,0,0,0,0,0,0,0,0,0,0,0,0,0,0,0,0,0,0,0,0,0,0,0,0,53,249,229,4,0,0,0,0,0,0,0,0,0,0,0,0,0,0,0,0,0,0,0,0,0,0,0,9,176,254,126,100,142,52,4,0,0,0,0,0,0,0,0,0,0,0,0,0,0,0,0,0,0,0,0,109,254,254,254,254,254,254,61,0,0,0,0,0,0,0,0,0,0,0,0,0,0,0,0,0,0,0,0,105,223,195,128,77,119,254,226,16,0,0,0,0,0,0,0,0,0,0,0,0,0,0,0,0,0,0,0,0,28,0,0,0,14,173,254,115,0,0,0,0,0,0,0,0,0,0,0,0,0,0,0,0,0,0,0,0,0,0,0,0,0,78,255,141,0,0,0,0,0,0,0,0,0,0,0,0,0,0,0,0,0,0,0,0,0,0,0,0,0,78,254,141,0,0,0,0,0,0,0,0,0,0,0,0,0,0,0,0,0,3,12,3,0,0,0,0,0,2,215,199,3,0,0,0,0,0,0,0,0,0,0,0,0,0,0,0,0,54,254,117,0,0,0,0,0,0,214,254,61,0,0,0,0,0,0,0,0,0,0,0,0,0,0,0,7,146,254,165,0,0,0,0,0,73,240,254,5,0,0,0,0,0,0,0,0,0,0,0,0,0,0,0,10,195,254,188,8,0,0,0,16,211,254,225,4,0,0,0,0,0,0,0,0,0,0,0,0,0,0,0,0,79,254,254,103,4,0,14,179,254,223,40,0,0,0,0,0,0,0,0,0,0,0,0,0,0,0,0,0,8,199,254,165,104,168,226,254,224,41,0,0,0,0,0,0,0,0,0,0,0,0,0,0,0,0,0,0,0,13,17,2,244,254,254,171,39,0,0,0,0,0,0,0,0,0,0,0,0,0,0,0,0,0,0,0,0,0,0,0,0,0,0,0,0,0,0,0,0,0,0,0,0,0,0,0,0,0,0,0,0,0,0,0,0,0,0,0,0,0,0,0,0,0,0,0,0,0,0,0,0,0,0,0,0,0,0,0,0,0,0,0,0,0,0,0,0,0,0,0,0,0,0,0,0,0,0,0,0,0,0,0,0
3,0,0,0,0,0,0,0,0,0,0,0,0,0,0,0,0,0,0,0,0,0,0,0,0,0,0,0,0,0,0,0,0,0,0,0,0,0,0,0,0,0,0,0,0,0,0,0,0,0,0,0,0,0,0,0,0,0,0,0,0,0,0,0,0,0,0,0,0,0,0,0,0,0,0,0,0,0,0,0,0,0,0,0,0,0,0,0,0,0,0,0,0,0,0,0,0,0,0,0,0,0,0,0,0,0,0,0,0,0,0,0,0,0,0,0,0,0,0,0,0,0,5,54,165,249,252,247,247,244,125,2,0,0,0,0,0,0,0,0,0,0,0,0,0,0,0,0,0,0,158,245,189,105,50,0,5,50,155,54,0,0,0,0,0,0,0,0,0,0,0,0,0,0,0,0,0,0,119,77,0,0,0,0,0,0,176,130,0,0,0,0,0,0,0,0,0,0,0,0,0,0,0,0,0,0,0,0,0,0,0,0,0,4,204,94,0,0,0,0,0,0,0,0,0,0,0,0,0,0,0,0,0,0,0,0,0,0,0,0,35,189,184,25,0,0,0,0,0,0,0,0,0,0,0,0,0,0,0,0,0,0,0,0,0,0,32,106,218,233,73,0,0,0,0,0,0,0,0,0,0,0,0,0,0,0,0,0,0,0,0,0,37,217,242,255,175,19,0,0,0,0,0,0,0,0,0,0,0,0,0,0,0,0,0,0,0,0,0,0,49,250,131,51,7,0,0,0,0,0,0,0,0,0,0,0,0,0,0,0,0,0,0,0,0,0,0,0,0,90,188,24,0,0,0,0,0,0,0,0,0,0,0,0,0,0,0,0,0,0,0,0,0,0,0,0,0,0,88,194,128,0,0,0,0,0,0,0,0,0,0,0,0,0,0,0,0,0,0,0,0,0,0,0,0,0,0,3,146,210,23,0,0,0,0,0,0,0,0,0,0,0,0,0,0,0,0,0,0,0,0,0,0,0,0,0,0,98,201,25,0,0,0,0,0,0,0,0,0,0,0,0,0,0,0,0,0,0,0,0,0,0,0,0,0,0,41,148,4,0,0,0,0,0,0,0,0,0,0,0,0,0,0,0,0,0,0,0,0,0,0,0,0,0,0,141,78,0,0,0,0,0,0,0,0,0,0,0,0,0,0,0,0,0,30,11,0,0,0,0,0,0,0,97,123,0,0,0,0,0,0,0,0,0,0,0,0,0,0,0,0,22,172,0,0,0,0,0,0,0,0,139,123,0,0,0,0,0,0,0,0,0,0,0,0,0,0,0,0,131,115,0,0,0,0,0,0,0,37,232,51,0,0,0,0,0,0,0,0,0,0,0,0,0,0,0,0,184,175,9,0,0,0,0,0,57,196,168,4,0,0,0,0,0,0,0,0,0,0,0,0,0,0,0,0,61,242,240,164,156,156,159,238,250,172,9,0,0,0,0,0,0,0,0,0,0,0,0,0,0,0,0,0,0,23,161,171,171,171,199,171,163,50,0,0,0,0,0,0,0,0,0,0,0,0,0,0,0,0,0,0,0,0,0,0,0,0,0,0,0,0,0,0,0,0,0,0,0,0,0,0,0,0,0,0,0,0,0,0,0,0,0,0,0,0,0,0,0,0,0,0,0,0,0,0,0,0,0,0,0,0,0,0,0,0,0,0,0,0,0,0,0,0,0,0,0,0,0,0,0,0,0,0,0,0,0,0,0,0,0,0,0,0,0,0,0,0,0,0,0,0,0,0,0,0,0,0,0,0,0,0,0,0,0,0
5,0,0,0,0,0,0,0,0,0,0,0,0,0,0,0,0,0,0,0,0,0,0,0,0,0,0,0,0,0,0,0,0,0,0,0,0,0,0,0,0,0,0,0,0,0,0,0,0,0,0,0,0,0,0,0,0,0,0,0,0,0,0,0,0,0,0,0,0,0,0,0,0,0,0,0,0,0,0,0,0,0,0,0,0,0,0,0,0,0,0,0,0,0,0,0,0,0,0,0,0,0,0,0,0,0,0,0,0,0,0,0,0,0,0,0,0,0,0,0,0,0,0,0,0,0,0,0,0,0,0,0,0,0,0,0,0,0,0,0,0,0,0,0,0,0,0,0,0,0,0,0,0,0,0,0,0,0,0,0,0,0,0,0,0,0,0,0,0,0,0,0,0,0,0,0,0,0,0,0,0,28,59,59,14,37,59,59,149,156,156,194,127,27,0,0,0,0,0,0,0,0,0,0,0,0,0,0,73,217,253,253,223,239,253,253,253,253,254,245,247,115,0,0,0,0,0,0,0,0,0,0,0,0,0,0,224,253,253,253,253,254,253,253,210,174,78,48,54,30,0,0,0,0,0,0,0,0,0,0,0,0,0,106,254,253,253,253,253,214,206,49,9,0,0,0,0,0,0,0,0,0,0,0,0,0,0,0,0,0,31,239,254,253,185,140,58,0,0,0,0,0,0,0,0,0,0,0,0,0,0,0,0,0,0,0,0,0,100,254,255,174,0,0,0,0,0,0,0,0,0,0,0,0,0,0,0,0,0,0,0,0,0,0,0,0,100,253,254,135,0,0,0,0,0,0,0,0,0,0,0,0,0,0,0,0,0,0,0,0,0,0,0,0,107,253,254,68,0,0,0,0,0,0,0,0,0,0,0,0,0,0,0,0,0,0,0,0,0,0,0,0,3,199,254,128,0,0,0,0,0,0,0,0,0,0,0,0,0,0,0,0,0,0,0,0,0,0,0,0,0,195,254,135,0,0,0,0,0,0,0,0,0,0,0,0,0,0,0,0,0,0,0,0,0,0,0,0,0,38,232,246,71,0,0,0,0,0,0,0,0,0,0,0,0,0,0,0,0,0,0,0,0,0,0,0,0,0,107,250,180,2,0,0,0,0,0,0,0,0,0,0,0,0,0,0,0,0,0,0,0,0,0,0,0,0,0,147,253,87,0,0,0,0,0,0,0,0,0,0,0,0,0,0,0,0,0,0,0,0,0,0,0,0,0,17,196,212,9,0,0,0,0,0,0,0,0,0,0,0,0,0,0,0,0,0,0,0,0,0,0,0,0,0,79,253,133,0,0,0,0,0,0,0,0,0,0,0,0,0,0,0,0,0,0,0,0,0,0,0,0,0,79,254,254,0,0,0,0,0,0,0,0,0,0,0,0,0,0,0,0,0,0,0,0,0,0,0,0,62,196,253,253,0,0,0,0,0,0,0,0,0,0,0,0,0,0,0,0,0,0,0,0,0,0,0,102,241,253,253,185,0,0,0,0,0,0,0,0,0,0,0,0,0,0,0,0,0,0,0,64,69,220,234,254,253,253,216,34,0,0,0,0,0,0,0,0,0,0,0,0,0,0,0,0,0,0,0,35,155,230,230,254,207,126,27,0,0,0,0,0,0,0,0,0,0,0,0,0,0,0,0,0,0,0,0,0,0,0,0,0,0,0,0,0,0,0,0,0,0,0,0,0,0,0,0,0,0,0,0,0,0,0,0,0,0,0,0,0,0,0,0,0,0,0,0,0,0,0,0,0,0,0,0,0
8,0,0,0,0,0,0,0,0,0,0,0,0,0,0,0,0,0,0,0,0,0,0,0,0,0,0,0,0,0,0,0,0,0,0,0,0,0,0,0,0,0,0,0,0,0,0,0,0,0,0,0,0,0,0,0,0,0,0,0,0,0,0,0,0,0,0,0,0,0,0,0,0,0,0,0,0,0,0,0,0,0,0,0,0,0,0,0,0,0,0,0,0,0,0,0,0,0,0,0,0,0,0,0,0,0,0,0,0,0,0,0,0,0,0,0,0,0,0,0,0,0,0,0,0,0,0,0,0,0,0,0,0,0,0,0,0,0,0,0,0,0,0,0,0,0,0,0,0,0,0,0,0,0,143,255,254,254,255,226,122,0,0,0,0,0,0,0,0,0,0,0,0,0,0,0,0,0,0,0,0,122,253,221,180,103,135,211,227,67,0,0,0,0,0,0,0,0,0,0,0,0,0,0,0,0,0,0,0,113,254,120,0,0,0,37,232,191,0,0,0,0,0,0,0,0,0,0,0,0,0,0,0,0,0,0,0,72,254,120,0,0,0,0,156,245,30,0,0,0,0,0,0,0,0,0,0,0,0,0,0,0,0,0,0,72,254,120,0,0,0,0,156,235,39,0,0,0,0,0,0,0,0,0,0,0,0,0,0,0,0,0,0,44,247,120,0,0,0,32,194,254,207,0,0,0,0,0,0,0,0,0,0,0,0,0,0,0,0,0,0,0,237,181,0,0,34,199,254,217,11,0,0,0,0,0,0,0,0,0,0,0,0,0,0,0,0,0,0,0,237,209,35,116,251,231,182,81,0,0,0,0,0,0,0,0,0,0,0,0,0,0,0,0,0,0,0,0,237,251,245,254,179,42,0,0,0,0,0,0,0,0,0,0,0,0,0,0,0,0,0,0,0,0,0,13,240,254,232,103,9,0,0,0,0,0,0,0,0,0,0,0,0,0,0,0,0,0,0,0,0,0,22,188,254,217,24,0,0,0,0,0,0,0,0,0,0,0,0,0,0,0,0,0,0,0,0,0,0,52,236,249,252,209,0,0,0,0,0,0,0,0,0,0,0,0,0,0,0,0,0,0,0,0,0,0,51,235,251,87,237,144,0,0,0,0,0,0,0,0,0,0,0,0,0,0,0,0,0,0,0,0,0,12,218,219,27,72,254,120,0,0,0,0,0,0,0,0,0,0,0,0,0,0,0,0,0,0,0,0,0,115,254,101,0,96,254,120,0,0,0,0,0,0,0,0,0,0,0,0,0,0,0,0,0,0,0,0,28,236,233,6,0,179,241,32,0,0,0,0,0,0,0,0,0,0,0,0,0,0,0,0,0,0,0,0,50,254,140,0,58,252,150,0,0,0,0,0,0,0,0,0,0,0,0,0,0,0,0,0,0,0,0,0,50,254,104,23,210,246,64,0,0,0,0,0,0,0,0,0,0,0,0,0,0,0,0,0,0,0,0,0,12,224,248,238,254,111,0,0,0,0,0,0,0,0,0,0,0,0,0,0,0,0,0,0,0,0,0,0,0,77,204,187,104,2,0,0,0,0,0,0,0,0,0,0,0,0,0,0,0,0,0,0,0,0,0,0,0,0,0,0,0,0,0,0,0,0,0,0,0,0,0,0,0,0,0,0,0,0,0,0,0,0,0,0,0,0,0,0,0,0,0,0,0,0,0,0,0,0,0,0,0,0,0,0,0,0,0,0,0,0,0,0,0,0,0,0,0,0,0,0,0,0,0,0,0,0,0,0,0,0,0,0,0
6,0,0,0,0,0,0,0,0,0,0,0,0,0,0,0,0,0,0,0,0,0,0,0,0,0,0,0,0,0,0,0,0,0,0,0,0,0,0,0,0,0,0,0,0,0,0,0,0,0,0,0,0,0,0,0,0,0,0,0,0,0,0,0,0,0,0,0,0,0,0,0,0,0,0,0,0,0,0,0,0,0,0,0,0,0,0,0,0,0,0,0,0,0,0,0,0,0,0,0,116,241,174,0,0,0,0,0,0,0,0,0,0,0,0,0,0,0,0,0,0,0,0,0,0,0,0,116,253,253,117,0,0,0,0,0,0,0,0,0,0,0,0,0,0,0,0,0,0,0,0,0,0,0,0,241,253,218,25,0,0,0,0,0,0,0,0,0,0,0,0,0,0,0,0,0,0,0,0,0,0,5,151,254,253,47,0,0,0,0,0,0,0,0,0,0,0,0,0,0,0,0,0,0,0,0,0,0,0,14,253,254,225,19,0,0,0,0,0,0,0,0,0,0,0,0,0,0,0,0,0,0,0,0,0,0,0,42,253,254,118,0,0,0,0,0,0,0,0,0,0,0,0,0,0,0,0,0,0,0,0,0,0,0,19,220,253,235,11,0,0,0,0,0,0,0,0,0,0,0,0,0,0,0,0,0,0,0,0,0,0,0,113,253,253,146,84,112,19,0,0,0,0,0,0,0,0,0,0,0,0,0,0,0,0,0,0,0,0,0,161,253,253,254,253,253,177,3,0,0,0,0,0,0,0,0,0,0,0,0,0,0,0,0,0,0,0,0,161,253,253,254,253,253,253,53,0,0,0,0,0,0,0,0,0,0,0,0,0,0,0,0,0,0,0,41,254,254,254,198,134,242,254,53,0,0,0,0,0,0,0,0,0,0,0,0,0,0,0,0,0,0,0,98,253,253,253,78,0,228,253,53,0,0,0,0,0,0,0,0,0,0,0,0,0,0,0,0,0,0,20,203,253,248,89,0,0,228,253,53,0,0,0,0,0,0,0,0,0,0,0,0,0,0,0,0,0,0,54,253,253,240,0,0,35,236,253,53,0,0,0,0,0,0,0,0,0,0,0,0,0,0,0,0,0,0,54,253,253,240,0,0,142,253,253,53,0,0,0,0,0,0,0,0,0,0,0,0,0,0,0,0,0,0,54,253,253,240,0,90,250,253,194,14,0,0,0,0,0,0,0,0,0,0,0,0,0,0,0,0,0,0,46,241,253,249,104,213,253,253,151,0,0,0,0,0,0,0,0,0,0,0,0,0,0,0,0,0,0,0,0,160,253,253,253,255,253,194,15,0,0,0,0,0,0,0,0,0,0,0,0,0,0,0,0,0,0,0,0,39,248,253,253,255,247,81,0,0,0,0,0,0,0,0,0,0,0,0,0,0,0,0,0,0,0,0,0,0,161,253,253,255,76,0,0,0,0,0,0,0,0,0,0,0,0,0,0,0,0,0,0,0,0,0,0,0,0,0,0,0,0,0,0,0,0,0,0,0,0,0,0,0,0,0,0,0,0,0,0,0,0,0,0,0,0,0,0,0,0,0,0,0,0,0,0,0,0,0,0,0,0,0,0,0,0,0,0,0,0,0,0,0,0,0,0,0,0,0,0,0,0,0,0,0,0,0,0,0,0,0,0,0,0,0,0,0,0,0,0,0,0,0,0,0,0,0,0,0,0,0,0,0,0,0,0,0,0,0,0,0,0,0,0,0,0,0,0,0,0,0,0,0,0,0,0,0,0,0,0,0,0,0,0,0,0
5,0,0,0,0,0,0,0,0,0,0,0,0,0,0,0,0,0,0,0,0,0,0,0,0,0,0,0,0,0,0,0,0,0,0,0,0,0,0,0,0,0,0,0,0,0,0,0,0,0,0,0,0,0,0,0,0,0,0,0,0,0,0,0,0,0,0,0,0,0,0,0,0,0,0,0,0,0,0,0,0,0,0,0,0,0,0,0,0,0,0,0,0,0,0,0,0,0,0,0,0,0,0,0,0,0,0,0,0,0,0,0,0,0,0,0,0,0,0,0,0,0,0,0,0,10,59,59,67,156,141,134,179,61,0,0,0,0,0,0,0,0,0,0,0,0,0,0,0,0,0,0,0,47,253,254,253,253,253,253,254,218,0,0,0,0,0,0,0,0,0,0,0,0,0,0,0,0,0,0,25,210,253,254,253,253,253,253,254,233,0,0,0,0,0,0,0,0,0,0,0,0,0,0,0,0,0,0,79,253,253,214,213,146,117,79,42,32,0,0,0,0,0,0,0,0,0,0,0,0,0,0,0,0,0,0,153,253,139,0,0,0,0,0,0,0,0,0,0,0,0,0,0,0,0,0,0,0,0,0,0,0,0,13,224,238,81,82,156,156,57,0,0,0,0,0,0,0,0,0,0,0,0,0,0,0,0,0,0,0,0,103,253,253,253,254,253,253,247,214,128,0,0,0,0,0,0,0,0,0,0,0,0,0,0,0,0,0,0,118,253,253,253,254,253,253,253,253,213,12,0,0,0,0,0,0,0,0,0,0,0,0,0,0,0,0,0,132,253,253,253,154,34,19,161,229,254,39,0,0,0,0,0,0,0,0,0,0,0,0,0,0,0,0,0,139,253,237,155,0,0,0,0,98,254,114,0,0,0,0,0,0,0,0,0,0,0,0,0,0,0,0,0,8,68,0,0,0,0,0,0,99,255,158,0,0,0,0,0,0,0,0,0,0,0,0,0,0,0,0,0,0,0,0,0,0,0,0,0,98,254,233,0,0,0,0,0,0,0,0,0,0,0,0,0,0,0,0,0,0,0,0,0,0,0,0,0,98,254,233,0,0,0,0,0,0,0,0,0,0,0,0,0,0,127,47,0,0,0,0,0,0,0,0,7,159,254,142,0,0,0,0,0,0,0,0,0,0,0,0,0,0,234,230,114,0,0,0,0,0,0,31,159,253,254,61,0,0,0,0,0,0,0,0,0,0,0,0,0,0,235,254,255,126,59,27,46,59,149,254,254,254,196,0,0,0,0,0,0,0,0,0,0,0,0,0,0,0,189,253,254,253,253,232,244,254,253,253,253,207,68,0,0,0,0,0,0,0,0,0,0,0,0,0,0,0,57,235,254,253,253,253,253,254,253,253,240,70,0,0,0,0,0,0,0,0,0,0,0,0,0,0,0,0,0,53,223,253,253,253,253,254,250,146,61,0,0,0,0,0,0,0,0,0,0,0,0,0,0,0,0,0,0,0,14,103,155,155,193,133,54,0,0,0,0,0,0,0,0,0,0,0,0,0,0,0,0,0,0,0,0,0,0,0,0,0,0,0,0,0,0,0,0,0,0,0,0,0,0,0,0,0,0,0,0,0,0,0,0,0,0,0,0,0,0,0,0,0,0,0,0,0,0,0,0,0,0,0,0,0,0,0,0,0,0,0,0,0,0,0,0,0,0,0,0,0,0,0,0,0,0,0,0,0,0,0,0,0,0,0,0,0,0,0,0,0,0,0,0,0,0,0,0,0,0,0,0,0,0,0,0,0,0,0,0
7,0,0,0,0,0,0,0,0,0,0,0,0,0,0,0,0,0,0,0,0,0,0,0,0,0,0,0,0,0,0,0,0,0,0,0,0,0,0,0,0,0,0,0,0,0,0,0,0,0,0,0,0,0,0,0,0,0,0,0,0,0,0,0,0,0,0,0,0,0,0,0,0,0,0,0,0,0,0,0,0,0,0,0,0,0,0,0,0,0,0,0,0,0,0,0,0,0,0,0,0,0,0,0,0,0,0,0,0,0,0,0,0,0,0,0,0,0,0,0,0,0,0,0,0,0,0,0,0,0,0,0,0,0,0,0,0,0,0,0,0,0,0,0,0,0,0,0,0,0,0,0,0,0,0,0,0,0,0,0,0,0,0,0,0,0,0,0,0,0,0,0,0,0,0,0,0,0,0,128,191,0,0,0,0,0,0,0,0,0,0,0,0,0,0,0,0,0,0,0,0,0,0,0,0,0,0,255,255,191,0,0,0,0,0,0,0,0,0,0,0,0,0,0,0,0,0,0,0,0,0,0,0,0,64,255,255,255,255,191,128,128,64,0,0,0,0,0,0,0,0,0,0,0,0,0,0,0,0,0,0,0,191,255,255,255,255,255,255,255,255,255,0,0,0,0,0,0,0,0,0,0,0,0,0,0,0,0,0,0,255,255,191,128,255,255,255,255,255,255,64,0,0,0,0,0,0,0,0,0,0,0,0,0,0,0,0,0,255,255,128,0,0,0,0,64,255,255,128,0,0,0,0,0,0,0,0,0,0,0,0,0,0,0,0,0,255,255,128,0,0,0,0,128,255,255,0,0,0,0,0,0,0,0,0,0,0,0,0,0,0,0,0,0,191,255,64,0,0,0,0,255,255,255,0,0,0,0,0,0,0,0,0,0,0,0,0,0,0,0,0,0,0,0,0,0,0,0,64,255,255,191,0,0,0,0,0,0,0,0,0,0,0,0,0,0,0,0,0,0,0,0,0,0,0,0,191,255,255,64,0,0,0,0,0,0,0,0,0,0,0,0,0,0,0,0,0,0,0,0,0,64,128,191,255,255,128,0,0,0,0,0,0,0,0,0,0,0,0,0,0,0,0,0,0,0,0,0,128,255,255,255,255,255,191,128,128,64,0,0,0,0,0,0,0,0,0,0,0,0,0,0,0,0,0,0,128,255,255,255,255,255,255,255,255,128,0,0,0,0,0,0,0,0,0,0,0,0,0,0,0,0,0,0,0,64,255,255,255,255,255,255,255,64,0,0,0,0,0,0,0,0,0,0,0,0,0,0,0,0,0,0,0,0,255,255,255,0,0,0,0,0,0,0,0,0,0,0,0,0,0,0,0,0,0,0,0,0,0,0,0,0,255,255,128,0,0,0,0,0,0,0,0,0,0,0,0,0,0,0,0,0,0,0,0,0,0,0,0,64,255,255,0,0,0,0,0,0,0,0,0,0,0,0,0,0,0,0,0,0,0,0,0,0,0,0,0,128,255,128,0,0,0,0,0,0,0,0,0,0,0,0,0,0,0,0,0,0,0,0,0,0,0,0,0,0,255,191,128,0,0,0,0,0,0,0,0,0,0,0,0,0,0,0,0,0,0,0,0,0,0,0,0,0,255,255,64,0,0,0,0,0,0,0,0,0,0,0,0,0,0,0,0,0,0,0,0,0,0,0,0,0,0,0,0,0,0,0,0,0,0,0,0,0,0,0,0,0,0,0,0,0,0,0,0,0,0,0,0,0,0,0,0,0,0,0,0,0,0,0,0,0,0,0,0
6,0,0,0,0,0,0,0,0,0,0,0,0,0,0,0,0,0,0,0,0,0,0,0,0,0,0,0,0,0,0,0,0,0,0,0,0,0,0,0,0,0,0,0,0,0,0,0,0,0,0,0,0,0,0,0,0,0,0,0,0,0,0,0,0,0,0,0,0,0,0,0,0,0,0,0,0,0,0,0,0,0,0,0,0,0,0,0,0,0,0,0,0,0,0,0,0,0,0,0,0,0,59,254,78,0,0,0,0,0,0,0,0,0,0,0,0,0,0,0,0,0,0,0,0,0,0,0,0,48,248,242,26,0,0,0,0,0,0,0,0,0,0,0,0,0,0,0,0,0,0,0,0,0,0,0,28,217,250,71,0,0,0,0,0,0,0,0,0,0,0,0,0,0,0,0,0,0,0,0,0,0,0,0,157,254,216,0,0,0,0,0,0,0,0,0,0,0,0,0,0,0,0,0,0,0,0,0,0,0,0,53,254,232,32,0,0,0,0,0,0,0,0,0,0,0,0,0,0,0,0,0,0,0,0,0,0,0,20,200,254,167,0,0,0,0,0,0,0,0,0,0,0,0,0,0,0,0,0,0,0,0,0,0,0,0,154,254,208,9,0,0,0,0,0,0,0,0,0,0,0,0,0,0,0,0,0,0,0,0,0,0,0,55,239,254,112,0,0,0,0,0,0,0,0,0,0,0,0,0,0,0,0,0,0,0,0,0,0,0,0,161,254,208,0,0,0,0,0,0,0,0,0,0,0,0,0,0,0,0,0,0,0,0,0,0,0,0,32,248,254,125,0,0,0,0,0,0,0,0,0,0,0,0,0,0,0,0,0,0,0,0,0,0,0,0,145,255,201,0,0,0,0,0,0,0,0,0,0,0,0,0,0,0,0,0,0,0,0,0,0,0,0,0,179,254,131,0,0,0,0,0,0,0,0,0,0,0,0,0,0,0,0,0,0,0,0,0,0,0,0,19,237,254,135,115,199,135,3,0,0,0,0,0,0,0,0,0,0,0,0,0,0,0,0,0,0,0,0,114,254,254,254,254,254,254,119,0,0,0,0,0,0,0,0,0,0,0,0,0,0,0,0,0,0,0,0,165,254,254,254,148,68,248,150,0,0,0,0,0,0,0,0,0,0,0,0,0,0,0,0,0,0,0,0,207,254,254,188,12,30,238,192,0,0,0,0,0,0,0,0,0,0,0,0,0,0,0,0,0,0,0,0,176,254,254,131,0,98,254,177,0,0,0,0,0,0,0,0,0,0,0,0,0,0,0,0,0,0,0,0,93,254,254,158,92,251,254,94,0,0,0,0,0,0,0,0,0,0,0,0,0,0,0,0,0,0,0,0,3,170,253,254,254,255,211,9,0,0,0,0,0,0,0,0,0,0,0,0,0,0,0,0,0,0,0,0,0,0,120,205,218,170,32,0,0,0,0,0,0,0,0,0,0,0,0,0,0,0,0,0,0,0,0,0,0,0,0,0,0,0,0,0,0,0,0,0,0,0,0,0,0,0,0,0,0,0,0,0,0,0,0,0,0,0,0,0,0,0,0,0,0,0,0,0,0,0,0,0,0,0,0,0,0,0,0,0,0,0,0,0,0,0,0,0,0,0,0,0,0,0,0,0,0,0,0,0,0,0,0,0,0,0,0,0,0,0,0,0,0,0,0,0,0,0,0,0,0,0,0,0,0,0,0,0,0,0,0,0,0,0,0,0,0,0,0,0,0,0,0,0,0,0,0,0,0,0,0,0,0,0,0,0,0,0
3,0,0,0,0,0,0,0,0,0,0,0,0,0,0,0,0,0,0,0,0,0,0,0,0,0,0,0,0,0,0,0,0,0,0,0,0,0,0,0,0,0,0,0,0,0,0,0,0,0,0,0,0,0,0,0,0,0,0,0,0,0,0,0,0,0,0,0,0,0,0,0,0,0,0,0,0,0,0,0,0,0,0,0,0,0,0,0,0,0,0,0,0,0,0,0,0,0,0,0,0,0,0,0,0,0,0,0,0,0,0,0,0,0,0,0,0,0,0,0,0,0,0,0,0,0,0,0,0,0,0,0,0,0,0,0,0,0,0,0,0,0,0,0,0,0,0,0,50,105,105,184,113,105,105,63,0,0,0,0,0,0,0,0,0,0,0,0,0,0,0,0,0,0,0,13,230,253,253,253,253,253,253,236,174,60,32,0,0,0,0,0,0,0,0,0,0,0,0,0,0,0,0,15,245,253,253,253,253,253,253,254,253,253,211,121,5,0,0,0,0,0,0,0,0,0,0,0,0,0,0,0,64,240,253,253,253,182,253,254,253,253,253,253,74,0,0,0,0,0,0,0,0,0,0,0,0,0,0,0,0,26,135,178,37,12,29,91,196,253,253,253,74,0,0,0,0,0,0,0,0,0,0,0,0,0,0,0,0,0,0,0,0,0,0,0,78,253,253,253,74,0,0,0,0,0,0,0,0,0,0,0,0,0,0,0,0,0,0,0,0,0,80,135,233,253,253,213,35,0,0,0,0,0,0,0,0,0,0,0,0,0,0,0,0,0,0,0,86,205,247,255,253,253,210,27,0,0,0,0,0,0,0,0,0,0,0,0,0,0,0,0,0,0,0,104,250,253,253,254,253,253,154,6,0,0,0,0,0,0,0,0,0,0,0,0,0,0,0,0,0,0,0,56,245,253,253,254,253,253,253,161,44,0,0,0,0,0,0,0,0,0,0,0,0,0,0,0,0,0,0,0,142,149,149,150,174,254,254,254,136,0,0,0,0,0,0,0,0,0,0,0,0,0,0,0,0,0,0,0,0,0,0,0,11,132,142,253,248,130,4,0,0,0,0,0,0,0,0,0,0,0,0,0,0,0,0,0,0,0,0,0,0,0,113,251,253,253,14,0,0,0,0,0,0,0,0,0,0,0,0,0,0,0,0,0,0,0,0,0,0,0,0,153,253,253,14,0,0,0,0,0,0,0,0,0,0,0,0,0,0,0,0,0,0,0,0,0,0,0,0,120,253,253,14,0,0,0,0,0,0,0,0,0,0,0,0,0,0,0,0,0,0,0,0,0,0,20,102,245,253,253,14,0,0,0,0,0,0,0,0,0,0,0,0,8,134,134,120,0,0,0,80,0,112,212,253,253,253,181,7,0,0,0,0,0,0,0,0,0,0,0,0,16,253,253,251,239,240,239,247,241,251,253,210,163,145,7,0,0,0,0,0,0,0,0,0,0,0,0,0,15,253,253,253,253,253,253,253,254,253,224,110,0,0,0,0,0,0,0,0,0,0,0,0,0,0,0,0,7,104,104,104,104,104,218,253,105,104,37,0,0,0,0,0,0,0,0,0,0,0,0,0,0,0,0,0,0,0,0,0,0,0,0,0,0,0,0,0,0,0,0,0,0,0,0,0,0,0,0,0,0,0,0,0,0,0,0,0,0,0,0,0,0,0,0,0,0,0,0,0,0,0,0,0,0,0,0,0,0,0,0,0,0,0,0,0,0,0,0,0,0,0,0,0,0,0,0,0,0,0,0,0,0,0
3,0,0,0,0,0,0,0,0,0,0,0,0,0,0,0,0,0,0,0,0,0,0,0,0,0,0,0,0,0,0,0,0,0,0,0,0,0,0,0,0,0,0,0,0,0,0,0,0,0,0,0,0,0,0,0,0,0,0,0,0,0,0,0,0,0,0,0,0,0,0,0,0,0,0,0,0,0,0,0,0,0,0,0,0,0,0,0,0,0,0,0,0,0,0,0,0,0,0,0,0,0,0,0,0,0,0,0,0,0,0,0,0,0,0,0,0,0,0,0,0,0,0,0,0,0,0,0,0,0,0,0,0,0,0,0,0,0,0,0,0,0,0,0,0,0,0,0,4,107,191,241,254,255,254,171,45,12,0,0,0,0,0,0,0,0,0,0,0,0,0,0,0,0,0,0,126,253,253,253,253,253,253,253,253,216,102,1,0,0,0,0,0,0,0,0,0,0,0,0,0,0,0,0,147,253,253,253,253,253,253,253,253,253,253,5,0,0,0,0,0,0,0,0,0,0,0,0,0,0,0,0,54,253,253,253,253,253,253,253,253,253,253,5,0,0,0,0,0,0,0,0,0,0,0,0,0,0,0,0,10,134,164,164,107,47,66,185,253,253,253,61,0,0,0,0,0,0,0,0,0,0,0,0,0,0,0,0,0,0,0,0,0,0,18,196,253,253,253,5,0,0,0,0,0,0,0,0,0,0,0,0,0,0,0,0,0,0,0,0,6,73,201,253,253,253,198,3,0,0,0,0,0,0,0,0,0,0,0,0,0,0,0,0,0,0,0,71,249,253,253,253,253,253,151,1,0,0,0,0,0,0,0,0,0,0,0,0,0,0,0,0,0,0,57,243,253,253,253,253,253,253,253,156,18,0,0,0,0,0,0,0,0,0,0,0,0,0,0,0,0,0,89,253,253,253,253,253,253,253,253,253,209,90,0,0,0,0,0,0,0,0,0,0,0,0,0,0,0,0,62,245,253,253,253,253,253,253,253,253,253,242,90,0,0,0,0,0,0,0,0,0,0,0,0,0,0,0,0,86,249,253,238,158,158,238,253,253,253,253,243,44,0,0,0,0,0,0,0,0,0,0,0,0,0,0,0,0,22,23,19,0,0,19,130,251,253,253,253,53,0,0,0,0,0,0,0,0,0,0,0,0,0,0,0,0,0,0,0,0,0,0,11,249,253,253,214,26,0,0,0,0,0,0,0,0,0,0,0,0,0,0,0,0,14,0,0,0,23,74,244,253,253,253,70,0,0,0,0,0,0,0,0,0,0,0,0,0,0,0,0,0,200,154,67,166,233,253,253,253,253,222,25,0,0,0,0,0,0,0,0,0,0,0,0,0,0,0,0,78,250,253,253,253,253,253,253,253,246,98,0,0,0,0,0,0,0,0,0,0,0,0,0,0,0,0,0,72,250,253,253,253,253,253,253,172,96,0,0,0,0,0,0,0,0,0,0,0,0,0,0,0,0,0,0,0,243,253,253,253,253,216,101,1,0,0,0,0,0,0,0,0,0,0,0,0,0,0,0,0,0,0,0,0,19,135,190,135,44,11,0,0,0,0,0,0,0,0,0,0,0,0,0,0,0,0,0,0,0,0,0,0,0,0,0,0,0,0,0,0,0,0,0,0,0,0,0,0,0,0,0,0,0,0,0,0,0,0,0,0,0,0,0,0,0,0,0,0,0,0,0,0,0,0,0,0,0,0,0,0,0,0,0,0,0,0,0,0,0,0,0,0,0,0,0,0,0,0,0,0,0,0,0,0,0
9,0,0,0,0,0,0,0,0,0,0,0,0,0,0,0,0,0,0,0,0,0,0,0,0,0,0,0,0,0,0,0,0,0,0,0,0,0,0,0,0,0,0,0,0,0,0,0,0,0,0,0,0,0,0,0,0,0,0,0,0,0,0,0,0,0,0,0,0,0,0,0,0,0,0,0,0,0,0,0,0,0,0,0,0,0,0,0,0,0,0,0,0,0,0,0,0,0,0,0,0,0,0,0,0,0,0,0,0,0,0,0,0,0,0,0,0,0,0,0,0,0,0,0,0,0,0,0,0,0,0,0,0,0,0,0,0,0,0,0,0,0,0,0,0,0,0,0,0,0,0,0,0,0,0,0,0,0,0,0,0,0,0,0,0,0,0,0,0,0,0,0,0,0,0,0,0,0,0,0,0,0,0,0,0,0,0,0,0,0,0,0,0,0,0,0,0,0,0,0,0,0,0,0,0,0,0,27,117,224,255,254,254,145,0,0,0,0,0,0,0,0,0,0,0,0,0,0,0,0,0,0,0,12,98,239,253,187,101,68,201,240,12,0,0,0,0,0,0,0,0,0,0,0,0,0,0,0,0,0,32,184,253,193,68,3,0,0,79,253,61,0,0,0,0,0,0,0,0,0,0,0,0,0,0,0,0,44,231,249,114,2,0,0,0,0,70,253,113,0,0,0,0,0,0,0,0,0,0,0,0,0,0,0,11,229,235,93,0,0,0,0,0,0,49,251,127,0,0,0,0,0,0,0,0,0,0,0,0,0,0,0,70,253,120,0,0,0,0,0,0,0,11,247,142,97,4,0,0,0,0,0,0,0,0,0,0,0,0,0,70,253,61,0,0,0,0,0,0,2,74,250,253,253,39,0,0,0,0,0,0,0,0,0,0,0,0,0,70,253,154,14,0,0,0,19,116,197,253,232,246,253,15,0,0,0,0,0,0,0,0,0,0,0,0,0,13,191,253,228,161,208,208,235,254,227,111,16,192,253,55,0,0,0,0,0,0,0,0,0,0,0,0,0,0,13,134,176,225,197,136,100,93,12,0,0,169,253,45,0,0,0,0,0,0,0,0,0,0,0,0,0,0,0,0,0,0,0,0,0,0,0,0,0,116,254,92,0,0,0,0,0,0,0,0,0,0,0,0,0,0,0,0,0,0,0,0,0,0,0,0,0,116,253,92,0,0,0,0,0,0,0,0,0,0,0,0,0,0,0,0,0,0,0,0,0,0,0,0,0,116,253,92,0,0,0,0,0,0,0,0,0,0,0,0,0,0,0,0,0,0,0,0,0,0,0,0,0,116,253,92,0,0,0,0,0,0,0,0,0,0,0,0,0,0,0,0,0,0,0,0,0,0,0,0,0,116,253,92,0,0,0,0,0,0,0,0,0,0,0,0,0,0,0,0,0,0,0,0,0,0,0,0,0,116,253,111,0,0,0,0,0,0,0,0,0,0,0,0,0,0,0,0,0,0,0,0,0,0,0,0,0,43,253,168,0,0,0,0,0,0,0,0,0,0,0,0,0,0,0,0,0,0,0,0,0,0,0,0,0,11,225,168,0,0,0,0,0,0,0,0,0,0,0,0,0,0,0,0,0,0,0,0,0,0,0,0,0,0,152,208,0,0,0,0,0,0,0,0,0,0,0,0,0,0,0,0,0,0,0,0,0,0,0,0,0,0,97,217,0,0,0,0,0,0,0,0,0,0,0,0,0,0,0,0,0,0,0,0,0,0,0,0,0,0,0,0,0,0,0,0,0,0,0,0
6,0,0,0,0,0,0,0,0,0,0,0,0,0,0,0,0,0,0,0,0,0,0,0,0,0,0,0,0,0,0,0,0,0,0,0,0,0,0,0,0,0,0,0,0,0,0,0,0,0,0,0,0,0,0,0,0,0,0,0,0,0,0,0,0,0,0,0,0,0,0,0,0,0,0,0,0,0,0,0,0,0,0,0,0,0,0,0,0,0,0,0,0,0,0,0,0,0,51,128,195,88,0,0,0,0,0,0,0,0,0,0,0,0,0,0,0,0,0,0,0,0,0,0,60,180,247,254,253,162,25,0,0,0,0,0,0,0,0,0,0,0,0,0,0,0,0,0,0,0,0,100,249,253,244,113,46,9,0,0,0,0,0,0,0,0,0,0,0,0,0,0,0,0,0,0,0,0,0,161,253,202,44,0,0,0,0,0,0,0,0,0,0,0,0,0,0,0,0,0,0,0,0,0,0,0,60,255,199,17,0,0,0,0,0,0,0,0,0,0,0,0,0,0,0,0,0,0,0,0,0,0,0,0,142,254,115,0,0,0,0,0,0,0,0,0,0,0,0,0,0,0,0,0,0,0,0,0,0,0,0,0,184,254,115,0,0,0,0,0,0,0,0,0,0,0,0,0,0,0,0,0,0,0,0,0,0,0,0,0,184,254,48,0,0,0,0,0,0,0,0,0,0,0,0,0,0,0,0,0,0,0,0,0,0,0,0,0,185,254,48,0,0,0,0,0,0,0,0,0,0,0,0,0,0,0,0,0,0,0,0,0,0,0,0,0,184,254,115,0,0,0,0,0,0,0,0,0,0,0,0,0,0,0,0,0,0,0,0,0,0,0,0,0,184,254,115,0,0,0,0,0,0,0,0,0,0,0,0,0,0,0,0,0,0,0,0,0,0,0,0,0,118,254,115,0,0,0,0,0,0,0,0,0,0,0,0,0,0,0,0,0,0,0,0,0,0,0,0,0,68,254,173,0,0,70,161,161,161,162,144,13,0,0,0,0,0,0,0,0,0,0,0,0,0,0,0,0,0,254,232,25,0,112,253,253,253,237,253,234,80,0,0,0,0,0,0,0,0,0,0,0,0,0,0,0,0,178,253,54,0,13,63,62,46,29,129,232,236,9,0,0,0,0,0,0,0,0,0,0,0,0,0,0,0,161,253,171,0,0,0,0,0,0,17,224,253,25,0,0,0,0,0,0,0,0,0,0,0,0,0,0,0,26,214,254,94,0,0,0,0,19,204,254,195,0,0,0,0,0,0,0,0,0,0,0,0,0,0,0,0,0,122,253,245,114,47,47,114,237,253,232,64,0,0,0,0,0,0,0,0,0,0,0,0,0,0,0,0,0,9,129,246,254,253,253,253,254,181,42,0,0,0,0,0,0,0,0,0,0,0,0,0,0,0,0,0,0,0,0,84,220,253,244,160,69,6,0,0,0,0,0,0,0,0,0,0,0,0,0,0,0,0,0,0,0,0,0,0,0,0,0,0,0,0,0,0,0,0,0,0,0,0,0,0,0,0,0,0,0,0,0,0,0,0,0,0,0,0,0,0,0,0,0,0,0,0,0,0,0,0,0,0,0,0,0,0,0,0,0,0,0,0,0,0,0,0,0,0,0,0,0,0,0,0,0,0,0,0,0,0,0,0,0,0,0,0,0,0,0,0,0,0,0,0,0,0,0,0,0,0,0,0,0,0,0,0,0,0,0,0,0,0,0,0,0,0,0,0,0,0,0,0,0,0,0,0,0,0,0,0,0,0,0,0
1,0,0,0,0,0,0,0,0,0,0,0,0,0,0,0,0,0,0,0,0,0,0,0,0,0,0,0,0,0,0,0,0,0,0,0,0,0,0,0,0,0,0,0,0,0,0,0,0,0,0,0,0,0,0,0,0,0,0,0,0,0,0,0,0,0,0,0,0,0,0,0,0,0,0,0,0,0,0,0,0,0,0,0,0,0,0,0,0,0,0,0,0,0,0,0,0,0,0,0,0,0,0,0,0,0,0,0,0,0,0,0,0,0,0,0,0,0,0,0,0,0,0,0,0,0,0,0,0,0,0,0,0,0,0,0,0,0,0,0,0,0,0,0,0,0,0,0,0,0,0,0,70,211,23,0,0,0,0,0,0,0,0,0,0,0,0,0,0,0,0,0,0,0,0,0,0,0,0,0,70,252,211,22,0,0,0,0,0,0,0,0,0,0,0,0,0,0,0,0,0,0,0,0,0,0,0,0,70,252,252,116,0,0,0,0,0,0,0,0,0,0,0,0,0,0,0,0,0,0,0,0,0,0,0,0,44,236,252,210,0,0,0,0,0,0,0,0,0,0,0,0,0,0,0,0,0,0,0,0,0,0,0,0,0,207,252,230,0,0,0,0,0,0,0,0,0,0,0,0,0,0,0,0,0,0,0,0,0,0,0,0,0,93,253,231,0,0,0,0,0,0,0,0,0,0,0,0,0,0,0,0,0,0,0,0,0,0,0,0,0,93,252,245,59,0,0,0,0,0,0,0,0,0,0,0,0,0,0,0,0,0,0,0,0,0,0,0,0,93,252,253,92,0,0,0,0,0,0,0,0,0,0,0,0,0,0,0,0,0,0,0,0,0,0,0,0,93,252,253,92,0,0,0,0,0,0,0,0,0,0,0,0,0,0,0,0,0,0,0,0,0,0,0,0,9,232,253,92,0,0,0,0,0,0,0,0,0,0,0,0,0,0,0,0,0,0,0,0,0,0,0,0,0,231,255,196,0,0,0,0,0,0,0,0,0,0,0,0,0,0,0,0,0,0,0,0,0,0,0,0,0,230,253,113,0,0,0,0,0,0,0,0,0,0,0,0,0,0,0,0,0,0,0,0,0,0,0,0,0,230,253,206,0,0,0,0,0,0,0,0,0,0,0,0,0,0,0,0,0,0,0,0,0,0,0,0,0,230,253,206,0,0,0,0,0,0,0,0,0,0,0,0,0,0,0,0,0,0,0,0,0,0,0,0,0,230,253,206,0,0,0,0,0,0,0,0,0,0,0,0,0,0,0,0,0,0,0,0,0,0,0,0,0,231,255,207,0,0,0,0,0,0,0,0,0,0,0,0,0,0,0,0,0,0,0,0,0,0,0,0,0,230,253,206,0,0,0,0,0,0,0,0,0,0,0,0,0,0,0,0,0,0,0,0,0,0,0,0,0,199,253,206,0,0,0,0,0,0,0,0,0,0,0,0,0,0,0,0,0,0,0,0,0,0,0,0,0,21,253,206,0,0,0,0,0,0,0,0,0,0,0,0,0,0,0,0,0,0,0,0,0,0,0,0,0,0,137,164,0,0,0,0,0,0,0,0,0,0,0,0,0,0,0,0,0,0,0,0,0,0,0,0,0,0,0,0,0,0,0,0,0,0,0,0,0,0,0,0,0,0,0,0,0,0,0,0,0,0,0,0,0,0,0,0,0,0,0,0,0,0,0,0,0,0,0,0,0,0,0,0,0,0,0,0,0,0,0,0,0,0,0,0,0,0,0,0,0,0,0,0,0,0,0,0
1,0,0,0,0,0,0,0,0,0,0,0,0,0,0,0,0,0,0,0,0,0,0,0,0,0,0,0,0,0,0,0,0,0,0,0,0,0,0,0,0,0,0,0,0,0,0,0,0,0,0,0,0,0,0,0,0,0,0,0,0,0,0,0,0,0,0,0,0,0,0,0,0,0,0,0,0,0,0,0,0,0,0,0,0,0,0,0,0,0,0,0,0,0,0,0,0,0,0,0,0,0,0,0,0,0,0,0,0,0,0,0,0,0,0,0,0,0,0,0,0,0,0,0,0,0,0,0,134,197,60,0,0,0,0,0,0,0,0,0,0,0,0,0,0,0,0,0,0,0,0,0,0,0,0,0,156,234,0,0,0,0,0,0,0,0,0,0,0,0,0,0,0,0,0,0,0,0,0,0,0,0,0,0,225,99,0,0,0,0,0,0,0,0,0,0,0,0,0,0,0,0,0,0,0,0,0,0,0,0,0,91,254,39,0,0,0,0,0,0,0,0,0,0,0,0,0,0,0,0,0,0,0,0,0,0,0,0,0,135,232,24,0,0,0,0,0,0,0,0,0,0,0,0,0,0,0,0,0,0,0,0,0,0,0,0,10,210,196,0,0,0,0,0,0,0,0,0,0,0,0,0,0,0,0,0,0,0,0,0,0,0,0,0,40,254,196,0,0,0,0,0,0,0,0,0,0,0,0,0,0,0,0,0,0,0,0,0,0,0,0,0,108,254,196,0,0,0,0,0,0,0,0,0,0,0,0,0,0,0,0,0,0,0,0,0,0,0,0,0,137,254,196,0,0,0,0,0,0,0,0,0,0,0,0,0,0,0,0,0,0,0,0,0,0,0,0,0,137,254,83,0,0,0,0,0,0,0,0,0,0,0,0,0,0,0,0,0,0,0,0,0,0,0,0,0,198,255,0,0,0,0,0,0,0,0,0,0,0,0,0,0,0,0,0,0,0,0,0,0,0,0,0,0,235,254,0,0,0,0,0,0,0,0,0,0,0,0,0,0,0,0,0,0,0,0,0,0,0,0,0,0,235,254,0,0,0,0,0,0,0,0,0,0,0,0,0,0,0,0,0,0,0,0,0,0,0,0,0,0,235,163,0,0,0,0,0,0,0,0,0,0,0,0,0,0,0,0,0,0,0,0,0,0,0,0,0,61,249,231,0,0,0,0,0,0,0,0,0,0,0,0,0,0,0,0,0,0,0,0,0,0,0,0,0,49,247,194,0,0,0,0,0,0,0,0,0,0,0,0,0,0,0,0,0,0,0,0,0,0,0,0,0,79,254,155,0,0,0,0,0,0,0,0,0,0,0,0,0,0,0,0,0,0,0,0,0,0,0,0,0,79,254,155,0,0,0,0,0,0,0,0,0,0,0,0,0,0,0,0,0,0,0,0,0,0,0,0,0,79,254,155,0,0,0,0,0,0,0,0,0,0,0,0,0,0,0,0,0,0,0,0,0,0,0,0,0,79,254,155,0,0,0,0,0,0,0,0,0,0,0,0,0,0,0,0,0,0,0,0,0,0,0,0,0,0,0,0,0,0,0,0,0,0,0,0,0,0,0,0,0,0,0,0,0,0,0,0,0,0,0,0,0,0,0,0,0,0,0,0,0,0,0,0,0,0,0,0,0,0,0,0,0,0,0,0,0,0,0,0,0,0,0,0,0,0,0,0,0,0,0,0,0,0,0,0,0,0,0,0,0,0,0,0,0,0,0,0,0,0,0,0,0,0,0,0,0,0,0,0,0,0,0,0,0
2,0,0,0,0,0,0,0,0,0,0,0,0,0,0,0,0,0,0,0,0,0,0,0,0,0,0,0,0,0,0,0,0,0,0,0,0,0,0,0,0,0,0,0,0,0,0,0,0,0,0,0,0,0,0,0,0,0,0,0,0,0,0,0,0,0,0,0,0,0,0,0,0,0,0,0,0,0,0,0,0,0,0,0,0,0,0,0,0,0,0,0,0,0,0,0,0,0,0,0,0,0,0,0,0,0,0,0,0,0,0,0,0,0,0,0,0,0,0,0,0,0,0,0,0,0,0,0,0,0,0,0,0,0,0,0,0,0,0,0,0,0,0,0,0,0,0,0,0,40,108,23,0,0,0,0,0,0,0,0,0,0,0,0,0,0,0,0,0,0,0,0,0,0,0,45,221,237,253,233,228,228,228,221,94,50,0,0,0,0,0,0,0,0,0,0,0,0,0,0,0,0,0,234,253,253,228,173,232,253,253,253,253,236,214,22,0,0,0,0,0,0,0,0,0,0,0,0,0,0,0,219,253,179,36,0,39,53,53,130,186,255,253,156,11,0,0,0,0,0,0,0,0,0,0,0,0,0,0,32,136,42,0,0,0,0,0,0,0,130,251,253,138,0,0,0,0,0,0,0,0,0,0,0,0,0,0,0,0,0,0,0,0,0,0,0,0,0,76,214,228,128,0,0,0,0,0,0,0,0,0,0,0,0,0,0,0,0,0,0,0,0,0,0,0,0,0,94,253,186,0,0,0,0,0,0,0,0,0,0,0,0,0,0,0,0,0,0,0,0,0,0,0,0,0,94,253,186,0,0,0,0,0,0,0,0,0,0,0,0,0,0,0,0,0,0,0,0,0,0,0,0,0,94,253,116,0,0,0,0,0,0,0,0,0,0,0,0,0,0,0,0,0,0,0,0,0,0,0,0,0,229,254,53,0,0,0,0,0,0,0,0,0,0,0,0,0,0,0,0,91,108,28,0,0,0,0,0,159,252,121,3,0,0,0,0,0,0,0,0,0,0,0,0,0,0,40,214,249,253,234,228,213,94,94,95,246,169,4,0,0,0,0,0,0,0,0,0,0,0,0,0,0,39,153,253,253,253,253,253,253,253,253,254,253,89,0,0,0,0,0,0,0,0,0,0,0,0,0,0,0,121,253,228,73,53,53,53,144,253,253,255,253,234,201,201,172,68,68,138,32,0,0,0,0,0,0,0,0,96,251,179,9,0,0,37,145,253,225,201,222,233,245,253,253,253,219,228,165,0,0,0,0,0,0,0,0,0,220,253,186,138,139,228,249,206,38,0,34,50,68,185,184,101,78,42,0,0,0,0,0,0,0,0,0,0,40,142,249,253,247,205,83,0,0,0,0,0,0,0,0,0,0,0,0,0,0,0,0,0,0,0,0,0,0,0,90,107,84,0,0,0,0,0,0,0,0,0,0,0,0,0,0,0,0,0,0,0,0,0,0,0,0,0,0,0,0,0,0,0,0,0,0,0,0,0,0,0,0,0,0,0,0,0,0,0,0,0,0,0,0,0,0,0,0,0,0,0,0,0,0,0,0,0,0,0,0,0,0,0,0,0,0,0,0,0,0,0,0,0,0,0,0,0,0,0,0,0,0,0,0,0,0,0,0,0,0,0,0,0,0,0,0,0,0,0,0,0,0,0,0,0,0,0,0,0,0,0,0,0,0,0,0,0,0,0,0,0,0,0,0,0,0,0,0,0,0,0,0,0,0,0,0,0,0,0,0,0,0,0,0,0,0,0,0
9,0,0,0,0,0,0,0,0,0,0,0,0,0,0,0,0,0,0,0,0,0,0,0,0,0,0,0,0,0,0,0,0,0,0,0,0,0,0,0,0,0,0,0,0,0,0,0,0,0,0,0,0,0,0,0,0,0,0,0,0,0,0,0,0,0,0,0,0,0,0,0,0,0,0,0,0,0,0,0,0,0,0,0,0,0,0,0,0,0,0,0,0,0,0,0,0,0,0,0,0,0,0,0,0,0,0,0,0,0,0,0,0,0,0,0,0,0,0,0,0,0,0,0,0,0,0,0,0,0,0,0,0,0,0,0,0,0,0,0,0,0,0,0,0,0,0,0,0,0,0,0,0,0,0,0,0,0,0,0,0,0,0,0,0,0,0,0,0,0,0,0,0,0,0,0,0,0,0,5,59,143,229,254,220,162,23,0,0,0,0,0,0,0,0,0,0,0,0,0,0,0,0,0,0,0,79,223,244,184,129,155,95,147,239,35,0,0,0,0,0,0,0,0,0,0,0,0,0,0,0,0,0,106,232,181,31,0,0,0,0,0,163,183,0,0,0,0,0,0,0,0,0,0,0,0,0,0,0,0,70,245,78,0,0,0,0,0,0,0,36,237,25,0,0,0,0,0,0,0,0,0,0,0,0,0,0,0,163,216,17,0,0,0,0,0,0,6,108,233,33,0,0,0,0,0,0,0,0,0,0,0,0,0,0,28,246,123,0,0,0,0,0,0,0,144,254,254,33,0,0,0,0,0,0,0,0,0,0,0,0,0,0,33,254,123,0,0,0,0,0,0,113,247,254,121,5,0,0,0,0,0,0,0,0,0,0,0,0,0,0,14,225,123,0,0,0,0,0,85,248,254,243,30,0,0,0,0,0,0,0,0,0,0,0,0,0,0,0,0,155,173,0,0,0,0,109,249,215,219,213,0,0,0,0,0,0,0,0,0,0,0,0,0,0,0,0,0,97,252,112,0,78,188,252,163,26,197,159,0,0,0,0,0,0,0,0,0,0,0,0,0,0,0,0,0,14,195,254,254,255,249,80,0,25,254,128,0,0,0,0,0,0,0,0,0,0,0,0,0,0,0,0,0,0,15,74,122,105,26,0,0,25,254,49,0,0,0,0,0,0,0,0,0,0,0,0,0,0,0,0,0,0,0,0,0,0,0,0,0,25,254,49,0,0,0,0,0,0,0,0,0,0,0,0,0,0,0,0,0,0,0,0,0,0,0,0,0,25,254,49,0,0,0,0,0,0,0,0,0,0,0,0,0,0,0,0,0,0,0,0,0,0,0,0,0,25,254,102,0,0,0,0,0,0,0,0,0,0,0,0,0,0,0,0,0,0,0,0,0,0,0,0,0,25,254,76,0,0,0,0,0,0,0,0,0,0,0,0,0,0,0,0,0,0,0,0,0,0,0,0,0,25,254,165,0,0,0,0,0,0,0,0,0,0,0,0,0,0,0,0,0,0,0,0,0,0,0,0,0,100,254,213,0,0,0,0,0,0,0,0,0,0,0,0,0,0,0,0,0,0,0,0,0,0,0,0,0,107,254,238,25,0,0,0,0,0,0,0,0,0,0,0,0,0,0,0,0,0,0,0,0,0,0,0,0,46,235,174,15,0,0,0,0,0,0,0,0,0,0,0,0,0,0,0,0,0,0,0,0,0,0,0,0,0,0,0,0,0,0,0,0,0,0,0,0,0,0,0,0,0,0,0,0,0,0,0,0,0,0,0,0,0,0,0,0,0,0,0,0,0,0,0,0,0
0,0,0,0,0,0,0,0,0,0,0,0,0,0,0,0,0,0,0,0,0,0,0,0,0,0,0,0,0,0,0,0,0,0,0,0,0,0,0,0,0,0,0,0,0,0,0,0,0,0,0,0,0,0,0,0,0,0,0,0,0,0,0,0,0,0,0,0,0,0,0,0,0,0,0,0,0,0,0,0,0,0,0,0,0,0,0,0,0,0,0,0,0,0,0,0,0,0,0,0,0,0,0,0,0,0,0,0,0,0,0,0,0,0,0,0,0,0,0,0,0,0,0,0,0,0,0,0,124,255,231,125,109,0,0,0,0,0,0,0,0,0,0,0,0,0,0,0,0,0,0,0,0,0,34,218,252,253,253,253,253,234,48,0,0,0,0,0,0,0,0,0,0,0,0,0,0,0,0,0,0,199,245,253,253,253,253,253,253,253,104,0,0,0,0,0,0,0,0,0,0,0,0,0,0,0,0,38,215,250,253,253,253,253,180,149,162,253,232,100,0,0,0,0,0,0,0,0,0,0,0,0,0,41,216,190,234,253,225,155,58,25,8,0,4,106,213,240,0,0,0,0,0,0,0,0,0,0,0,0,98,235,253,253,253,137,23,0,0,0,0,0,0,0,150,240,0,0,0,0,0,0,0,0,0,0,0,40,226,253,220,122,38,7,0,0,0,0,0,0,0,0,150,240,0,0,0,0,0,0,0,0,0,0,0,158,253,253,48,0,0,0,0,0,0,0,0,0,0,0,150,247,60,0,0,0,0,0,0,0,0,0,0,181,253,224,18,0,0,0,0,0,0,0,0,0,0,0,150,240,0,0,0,0,0,0,0,0,0,0,0,248,253,116,0,0,0,0,0,0,0,0,0,0,0,0,150,240,0,0,0,0,0,0,0,0,0,0,0,248,253,19,0,0,0,0,0,0,0,0,0,0,0,0,150,250,87,0,0,0,0,0,0,0,0,0,0,248,253,19,0,0,0,0,0,0,0,0,0,0,0,0,150,253,117,0,0,0,0,0,0,0,0,0,0,248,176,6,0,0,0,0,0,0,0,0,0,0,0,5,169,253,117,0,0,0,0,0,0,0,0,0,0,248,217,13,0,0,0,0,0,0,0,0,0,0,6,128,253,244,39,0,0,0,0,0,0,0,0,0,0,231,253,36,0,0,0,0,0,0,0,0,0,0,33,253,253,156,0,0,0,0,0,0,0,0,0,0,0,106,252,213,39,4,0,0,0,0,0,0,5,27,123,253,241,42,0,0,0,0,0,0,0,0,0,0,0,0,164,253,253,163,40,20,20,20,50,83,169,253,253,251,148,0,0,0,0,0,0,0,0,0,0,0,0,0,49,231,252,253,253,253,253,253,253,253,253,253,252,148,0,0,0,0,0,0,0,0,0,0,0,0,0,0,0,0,155,249,253,253,253,253,253,253,253,249,147,0,0,0,0,0,0,0,0,0,0,0,0,0,0,0,0,0,0,45,123,230,253,253,253,159,123,41,0,0,0,0,0,0,0,0,0,0,0,0,0,0,0,0,0,0,0,0,0,0,0,0,0,0,0,0,0,0,0,0,0,0,0,0,0,0,0,0,0,0,0,0,0,0,0,0,0,0,0,0,0,0,0,0,0,0,0,0,0,0,0,0,0,0,0,0,0,0,0,0,0,0,0,0,0,0,0,0,0,0,0,0,0,0,0,0,0,0,0,0,0,0,0,0,0,0,0,0,0,0,0,0,0,0,0,0,0,0,0,0,0,0,0,0,0,0,0,0,0
4,0,0,0,0,0,0,0,0,0,0,0,0,0,0,0,0,0,0,0,0,0,0,0,0,0,0,0,0,0,0,0,0,0,0,0,0,0,0,0,0,0,0,0,0,0,0,0,0,0,0,0,0,0,0,0,0,0,0,0,0,0,0,0,0,0,0,0,0,0,0,0,0,0,0,0,0,0,0,0,0,0,0,0,0,0,0,0,0,0,0,0,0,0,0,0,0,0,0,0,0,0,0,0,0,0,0,0,0,0,0,0,0,0,0,0,0,0,0,0,0,0,0,0,0,0,0,0,0,0,0,0,0,0,0,0,0,0,0,0,0,0,0,0,0,0,0,0,0,0,0,0,0,0,0,0,0,0,0,0,0,0,0,0,0,0,0,0,0,0,0,0,0,0,0,0,1,12,0,0,0,0,0,0,0,0,0,0,0,0,0,67,136,15,0,0,0,0,0,0,0,0,0,11,97,242,56,0,0,0,0,0,0,0,0,0,0,8,71,246,253,244,0,0,0,0,0,0,0,0,16,144,253,253,99,0,0,0,0,0,0,0,0,0,10,115,253,253,253,118,0,0,0,0,0,0,0,0,130,253,253,253,99,0,0,0,0,0,0,0,0,0,94,253,253,253,239,5,0,0,0,0,0,0,0,0,130,253,253,250,84,0,0,0,0,0,0,0,0,0,112,253,253,237,55,0,0,0,0,0,0,0,0,0,212,253,253,228,0,0,0,0,0,0,0,0,0,15,223,253,253,121,0,0,0,0,0,0,0,0,0,0,255,253,253,143,0,0,0,0,0,0,0,0,0,172,253,253,181,6,0,0,0,0,0,0,0,0,0,0,254,253,253,105,0,0,0,0,0,0,0,0,85,241,253,253,121,0,0,0,0,0,0,0,0,0,0,0,254,253,253,105,0,0,0,0,0,0,0,19,217,253,253,229,18,0,0,0,0,0,0,0,0,0,0,0,221,253,253,198,0,0,0,0,0,0,19,183,253,253,253,60,0,0,0,0,0,0,0,0,0,0,0,0,34,253,253,248,78,0,0,0,54,106,213,253,253,253,226,22,0,0,0,0,0,0,0,0,0,0,0,0,2,159,253,253,224,144,205,144,239,253,192,236,253,253,160,0,0,0,0,0,0,0,0,0,0,0,0,0,0,29,215,253,253,253,253,253,234,136,11,96,253,253,160,0,0,0,0,0,0,0,0,0,0,0,0,0,0,0,21,49,160,160,160,136,29,0,0,11,212,253,240,26,0,0,0,0,0,0,0,0,0,0,0,0,0,0,0,0,0,0,0,0,0,0,0,0,156,253,253,30,0,0,0,0,0,0,0,0,0,0,0,0,0,0,0,0,0,0,0,0,0,0,0,0,81,253,253,191,12,0,0,0,0,0,0,0,0,0,0,0,0,0,0,0,0,0,0,0,0,0,0,0,6,159,253,39,0,0,0,0,0,0,0,0,0,0,0,0,0,0,0,0,0,0,0,0,0,0,0,0,0,4,12,2,0,0,0,0,0,0,0,0,0,0,0,0,0,0,0,0,0,0,0,0,0,0,0,0,0,0,0,0,0,0,0,0,0,0,0,0,0,0,0,0,0,0,0,0,0,0,0,0,0,0,0,0,0,0,0,0,0,0,0,0,0,0,0,0,0,0,0,0,0,0,0,0,0,0,0,0,0,0,0,0,0,0,0,0,0,0,0,0,0,0,0,0,0,0,0,0,0,0,0,0,0,0,0,0,0,0,0,0,0,0,0,0,0,0,0,0,0,0,0
3,0,0,0,0,0,0,0,0,0,0,0,0,0,0,0,0,0,0,0,0,0,0,0,0,0,0,0,0,0,0,0,0,0,0,0,0,0,0,0,0,0,0,0,0,0,0,0,0,0,0,0,0,0,0,0,0,0,0,0,0,0,0,0,0,0,0,0,0,0,0,0,0,0,0,0,0,0,0,0,0,0,0,0,0,0,0,0,0,0,0,0,0,0,0,0,0,0,0,0,0,0,0,0,0,0,0,0,0,0,0,0,0,0,0,0,0,0,0,0,0,0,0,0,0,0,0,0,0,0,0,0,0,0,0,0,0,0,0,0,0,0,0,0,0,0,0,0,0,50,105,105,105,158,228,105,106,105,37,0,0,0,0,0,0,0,0,0,0,0,0,0,0,0,0,15,157,230,253,253,253,253,253,253,254,253,225,138,7,0,0,0,0,0,0,0,0,0,0,0,0,0,0,60,253,253,253,253,253,253,253,253,254,253,253,253,29,0,0,0,0,0,0,0,0,0,0,0,0,0,0,32,140,196,133,204,133,133,133,133,183,253,253,253,29,0,0,0,0,0,0,0,0,0,0,0,0,0,0,0,2,16,0,17,0,0,0,0,149,253,253,217,21,0,0,0,0,0,0,0,0,0,0,0,0,0,0,0,0,0,0,0,0,29,145,179,254,246,126,39,0,0,0,0,0,0,0,0,0,0,0,0,0,0,0,0,0,0,0,0,72,247,253,253,199,91,0,0,0,0,0,0,0,0,0,0,0,0,0,0,0,0,0,0,0,43,90,196,247,253,253,253,187,69,0,0,0,0,0,0,0,0,0,0,0,0,0,0,0,0,0,11,142,222,253,253,253,253,253,253,254,239,194,194,62,40,0,0,0,0,0,0,0,0,0,0,0,0,0,148,253,253,253,253,253,253,253,253,254,253,253,253,253,241,71,0,0,0,0,0,0,0,0,0,0,0,0,211,254,254,223,212,149,149,149,149,150,149,218,254,254,254,254,76,0,0,0,0,0,0,0,0,0,0,0,160,193,123,31,26,0,0,0,0,0,0,29,44,194,253,253,184,14,0,0,0,0,0,0,0,0,0,0,0,0,0,0,0,0,0,0,0,0,0,0,0,75,253,253,253,59,0,0,0,0,0,0,0,0,0,0,0,0,0,0,0,0,0,0,0,0,0,0,0,146,253,253,210,31,0,0,0,0,0,0,0,0,0,0,0,0,0,0,0,0,0,0,0,0,0,58,224,250,253,253,120,0,0,0,0,0,0,0,0,0,0,0,43,171,16,0,0,0,0,6,30,181,179,227,253,253,249,143,4,0,0,0,0,0,0,0,0,0,0,0,60,253,197,96,96,134,134,156,253,254,253,253,253,253,143,0,0,0,0,0,0,0,0,0,0,0,0,0,61,253,253,249,249,253,253,253,253,255,253,248,163,31,4,0,0,0,0,0,0,0,0,0,0,0,0,0,14,68,208,248,253,253,253,253,253,254,180,56,0,0,0,0,0,0,0,0,0,0,0,0,0,0,0,0,0,0,0,92,104,104,192,104,104,105,18,0,0,0,0,0,0,0,0,0,0,0,0,0,0,0,0,0,0,0,0,0,0,0,0,0,0,0,0,0,0,0,0,0,0,0,0,0,0,0,0,0,0,0,0,0,0,0,0,0,0,0,0,0,0,0,0,0,0,0,0,0,0,0,0,0,0,0,0,0,0,0,0,0,0,0,0,0,0,0,0,0,0,0,0,0,0,0,0,0,0,0,0,0,0,0
3,0,0,0,0,0,0,0,0,0,0,0,0,0,0,0,0,0,0,0,0,0,0,0,0,0,0,0,0,0,0,0,0,0,0,0,0,0,0,0,0,0,0,0,0,0,0,0,0,0,0,0,0,0,0,0,0,0,0,0,0,0,0,0,0,0,0,0,0,0,0,0,0,0,0,0,0,0,0,0,0,0,0,0,0,0,0,0,0,0,0,0,0,0,0,0,0,0,0,0,0,0,0,0,0,0,0,0,0,0,0,0,0,0,0,0,0,0,0,0,0,0,0,0,24,38,92,169,255,254,183,44,0,0,0,0,0,0,0,0,0,0,0,0,0,0,0,0,0,0,57,173,227,253,253,253,253,253,253,156,0,0,0,0,0,0,0,0,0,0,0,0,0,0,0,0,0,19,217,253,253,253,253,248,252,253,253,156,0,0,0,0,0,0,0,0,0,0,0,0,0,0,0,0,0,0,189,233,143,102,96,0,81,244,243,84,0,0,0,0,0,0,0,0,0,0,0,0,0,0,0,0,0,0,129,46,0,0,0,0,150,250,194,0,0,0,0,0,0,0,0,0,0,0,0,0,0,0,0,0,0,0,0,0,0,0,1,104,248,239,57,0,0,0,0,0,0,0,0,0,0,0,0,0,0,0,0,0,0,0,0,0,0,0,150,253,253,103,0,0,0,0,0,0,0,0,0,0,0,0,0,0,0,0,0,0,0,0,0,0,0,67,249,253,145,4,0,0,0,0,0,0,0,0,0,0,0,0,0,0,0,0,0,0,0,0,0,0,31,215,253,253,67,8,0,0,0,0,0,0,0,0,0,0,0,0,0,0,0,0,0,0,0,0,0,7,219,253,253,253,253,207,137,11,0,0,0,0,0,0,0,0,0,0,0,0,0,0,0,0,0,0,0,3,177,253,253,253,253,253,253,210,142,30,0,0,0,0,0,0,0,0,0,0,0,0,0,0,0,0,0,0,98,232,233,253,236,252,253,253,253,141,4,0,0,0,0,0,0,0,0,0,0,0,0,0,0,0,0,0,0,0,6,86,18,182,208,253,253,253,115,0,0,0,0,0,0,0,0,0,0,0,0,0,0,36,206,206,79,0,0,0,0,0,60,253,253,253,150,0,0,0,0,0,0,0,0,0,0,0,0,0,0,102,253,178,45,0,0,0,0,0,3,150,253,253,150,0,0,0,0,0,0,0,0,0,0,0,0,0,0,151,253,54,0,0,0,0,0,0,0,98,253,253,124,0,0,0,0,0,0,0,0,0,0,0,0,0,0,151,253,229,40,0,0,0,0,97,149,161,253,183,26,0,0,0,0,0,0,0,0,0,0,0,0,0,0,151,253,253,251,249,242,210,249,253,253,253,224,36,0,0,0,0,0,0,0,0,0,0,0,0,0,0,0,64,236,253,253,253,253,253,253,253,253,196,40,0,0,0,0,0,0,0,0,0,0,0,0,0,0,0,0,0,28,37,105,228,253,253,253,253,156,7,0,0,0,0,0,0,0,0,0,0,0,0,0,0,0,0,0,0,0,0,0,0,0,0,0,0,0,0,0,0,0,0,0,0,0,0,0,0,0,0,0,0,0,0,0,0,0,0,0,0,0,0,0,0,0,0,0,0,0,0,0,0,0,0,0,0,0,0,0,0,0,0,0,0,0,0,0,0,0,0,0,0,0,0,0,0,0,0,0,0,0,0,0,0,0,0,0,0,0,0,0,0,0,0,0,0,0,0,0,0,0,0,0,0,0,0,0,0,0,0,0
6,0,0,0,0,0,0,0,0,0,0,0,0,0,0,0,0,0,0,0,0,0,0,0,0,0,0,0,0,0,0,0,0,0,0,0,0,0,0,0,0,0,0,0,0,0,0,0,0,0,0,0,0,0,0,0,0,0,0,0,0,0,0,0,0,0,0,0,0,0,0,0,0,0,0,0,0,0,0,0,0,0,0,0,0,0,0,0,0,0,0,0,0,0,0,0,42,164,254,122,0,0,0,0,0,0,0,0,0,0,0,0,0,0,0,0,0,0,0,0,0,0,0,43,230,253,253,188,0,0,0,0,0,0,0,0,0,0,0,0,0,0,0,0,0,0,0,0,0,0,0,216,253,253,253,188,0,0,0,0,0,0,0,0,0,0,0,0,0,0,0,0,0,0,0,0,0,0,91,251,253,253,253,67,0,0,0,0,0,0,0,0,0,0,0,0,0,0,0,0,0,0,0,0,0,0,216,253,253,253,138,6,0,0,0,0,0,0,0,0,0,0,0,0,0,0,0,0,0,0,0,0,0,92,250,253,253,225,33,0,0,0,0,0,0,0,0,0,0,0,0,0,0,0,0,0,0,0,0,0,0,215,253,253,253,131,0,0,0,0,0,0,0,0,0,0,0,0,0,0,0,0,0,0,0,0,0,0,0,235,253,253,227,31,0,0,0,0,0,0,0,0,0,0,0,0,0,0,0,0,0,0,0,0,0,0,32,240,253,253,168,0,0,0,0,0,0,0,0,0,0,0,0,0,0,0,0,0,0,0,0,0,0,0,212,253,253,253,134,0,0,0,0,0,12,66,24,0,0,0,0,0,0,0,0,0,0,0,0,0,0,0,241,253,253,253,38,0,0,16,59,153,201,253,212,176,24,0,0,0,0,0,0,0,0,0,0,0,0,0,241,253,253,253,38,0,42,171,253,253,253,253,253,253,201,23,0,0,0,0,0,0,0,0,0,0,0,0,241,253,253,253,38,15,211,253,253,253,253,253,253,253,253,133,0,0,0,0,0,0,0,0,0,0,0,0,221,253,253,253,59,166,253,253,253,253,253,253,253,253,253,152,0,0,0,0,0,0,0,0,0,0,0,0,40,241,253,253,223,237,253,253,253,253,253,253,253,253,253,110,0,0,0,0,0,0,0,0,0,0,0,0,0,154,253,253,253,253,253,253,253,253,253,253,253,253,251,99,0,0,0,0,0,0,0,0,0,0,0,0,0,43,228,253,253,253,253,253,253,253,253,253,253,238,96,0,0,0,0,0,0,0,0,0,0,0,0,0,0,0,43,224,251,253,253,253,253,253,253,251,223,99,0,0,0,0,0,0,0,0,0,0,0,0,0,0,0,0,0,0,99,156,249,253,253,253,228,99,0,0,0,0,0,0,0,0,0,0,0,0,0,0,0,0,0,0,0,0,0,0,35,224,253,159,101,0,0,0,0,0,0,0,0,0,0,0,0,0,0,0,0,0,0,0,0,0,0,0,0,0,0,0,0,0,0,0,0,0,0,0,0,0,0,0,0,0,0,0,0,0,0,0,0,0,0,0,0,0,0,0,0,0,0,0,0,0,0,0,0,0,0,0,0,0,0,0,0,0,0,0,0,0,0,0,0,0,0,0,0,0,0,0,0,0,0,0,0,0,0,0,0,0,0,0,0,0,0,0,0,0,0,0,0,0,0,0,0,0,0,0,0,0,0,0,0,0,0,0,0,0,0,0,0,0,0,0,0,0,0,0,0,0,0,0,0,0,0,0,0,0,0,0,0,0,0
9,0,0,0,0,0,0,0,0,0,0,0,0,0,0,0,0,0,0,0,0,0,0,0,0,0,0,0,0,0,0,0,0,0,0,0,0,0,0,0,0,0,0,0,0,0,0,0,0,0,0,0,0,0,0,0,0,0,0,0,0,0,0,0,0,0,0,0,0,0,0,0,0,0,0,0,0,0,0,0,0,0,0,0,0,0,0,0,0,0,0,0,0,0,0,0,0,0,0,0,0,0,0,0,0,0,0,0,0,0,0,0,0,0,0,0,0,0,0,0,0,0,0,0,0,0,0,0,0,0,0,0,0,0,0,0,0,0,0,0,0,0,0,0,0,0,0,0,0,0,0,0,0,0,0,0,0,0,0,0,0,0,0,0,0,0,0,0,0,0,0,0,0,0,0,0,0,0,0,0,0,0,0,0,0,0,0,0,0,0,0,0,0,0,0,0,0,0,0,0,0,0,0,0,1,86,151,255,254,254,254,254,215,25,0,0,0,0,0,0,0,0,0,0,0,0,0,0,0,0,0,2,103,253,253,253,253,247,253,253,253,213,20,0,0,0,0,0,0,0,0,0,0,0,0,0,0,0,2,103,253,253,250,210,111,57,144,240,253,253,46,0,0,0,0,0,0,0,0,0,0,0,0,0,0,0,92,253,253,219,87,0,0,0,0,31,152,253,215,30,0,0,0,0,0,0,0,0,0,0,0,0,0,2,156,253,249,81,0,0,0,0,0,0,32,151,253,154,0,0,0,0,0,0,0,0,0,0,0,0,0,13,253,253,242,161,161,161,161,161,161,65,38,51,236,154,0,0,0,0,0,0,0,0,0,0,0,0,0,5,180,253,253,253,253,253,253,253,253,253,253,211,253,154,0,0,0,0,0,0,0,0,0,0,0,0,0,0,45,92,204,204,204,204,116,171,203,203,219,253,253,173,5,0,0,0,0,0,0,0,0,0,0,0,0,0,0,0,0,0,0,0,0,0,0,0,64,216,253,253,113,0,0,0,0,0,0,0,0,0,0,0,0,0,0,0,0,0,0,0,0,0,0,0,0,24,227,253,225,13,0,0,0,0,0,0,0,0,0,0,0,0,0,0,0,0,0,0,0,0,0,0,0,0,99,245,253,18,0,0,0,0,0,0,0,0,0,0,0,0,0,0,0,0,0,0,0,0,0,0,0,0,0,223,253,115,0,0,0,0,0,0,0,0,0,0,0,0,0,0,0,0,0,0,0,0,0,0,0,0,0,223,253,141,0,0,0,0,0,0,0,0,0,0,0,0,0,0,0,0,0,0,0,0,0,0,0,0,0,223,253,100,0,0,0,0,0,0,0,0,0,0,0,0,0,0,0,0,0,0,0,0,0,0,0,0,81,249,253,18,0,0,0,0,0,0,0,0,0,0,0,0,0,0,0,0,0,0,0,0,0,0,0,0,142,253,253,18,0,0,0,0,0,0,0,0,0,0,0,0,0,0,0,0,0,0,0,0,0,0,0,0,217,253,253,18,0,0,0,0,0,0,0,0,0,0,0,0,0,0,0,0,0,0,0,0,0,0,0,82,251,253,253,18,0,0,0,0,0,0,0,0,0,0,0,0,0,0,0,0,0,0,0,0,0,0,0,205,253,253,152,1,0,0,0,0,0,0,0,0,0,0,0,0,0,0,0,0,0,0,0,0,0,0,0,47,236,204,15,0,0,0,0,0,0,0,0,0,0,0,0,0,0,0,0,0,0,0,0,0,0,0,0,0,0,0,0,0,0,0,0,0,0,0,0
5,0,0,0,0,0,0,0,0,0,0,0,0,0,0,0,0,0,0,0,0,0,0,0,0,0,0,0,0,0,0,0,0,0,0,0,0,0,0,0,0,0,0,0,0,0,0,0,0,0,0,0,0,0,0,0,0,0,0,0,0,0,0,0,0,0,0,0,0,0,0,0,0,0,0,0,0,0,0,0,0,0,0,0,0,0,0,0,0,0,0,0,0,0,0,0,0,0,0,0,0,0,0,0,0,0,0,0,0,0,0,0,0,0,0,0,0,0,0,0,0,0,0,0,0,0,0,0,0,0,0,0,0,0,0,0,0,0,0,0,0,0,0,0,0,0,0,0,0,0,0,0,0,0,0,0,0,0,0,0,0,0,0,0,0,0,0,0,0,0,0,0,0,0,0,0,0,0,0,55,236,254,218,74,0,0,25,43,52,148,148,148,148,148,111,0,0,0,0,0,0,0,0,0,0,0,16,232,252,204,196,168,85,173,227,252,252,252,252,253,252,245,126,0,0,0,0,0,0,0,0,0,0,8,173,252,146,48,213,252,252,244,232,231,134,126,126,65,21,19,0,0,0,0,0,0,0,0,0,0,0,85,252,183,112,253,205,189,119,49,0,0,0,0,0,0,0,0,0,0,0,0,0,0,0,0,0,0,0,173,244,49,124,86,11,0,0,0,0,0,0,0,0,0,0,0,0,0,0,0,0,0,0,0,0,0,18,217,245,67,0,0,0,0,0,0,0,0,0,0,0,0,0,0,0,0,0,0,0,0,0,0,0,0,0,111,252,237,67,0,0,0,0,0,0,0,0,0,0,0,0,0,0,0,0,0,0,0,0,0,0,0,0,43,180,252,244,110,15,0,0,0,0,0,0,0,0,0,0,0,0,0,0,0,0,0,0,0,0,0,0,0,7,170,252,253,189,6,0,0,0,0,0,0,0,0,0,0,0,0,0,0,0,0,0,0,0,0,0,0,0,11,129,253,252,152,0,0,0,0,0,0,0,0,0,0,0,0,0,0,0,0,0,0,0,0,0,0,0,0,0,80,243,253,227,25,0,0,0,0,0,0,0,0,0,0,0,0,0,0,0,0,0,0,0,0,0,0,0,0,48,202,252,156,0,0,0,0,0,0,0,0,0,0,0,0,0,0,0,0,0,0,0,0,0,0,0,0,0,28,245,252,107,0,0,0,0,0,0,0,0,0,0,0,0,0,0,0,0,0,0,0,0,0,0,0,0,0,83,242,239,42,0,0,0,0,0,0,0,0,0,0,0,0,0,0,0,0,0,0,0,0,0,0,0,0,0,211,253,63,0,0,0,0,0,0,0,0,0,0,0,0,0,0,0,0,0,0,0,0,0,0,0,0,0,212,255,168,0,0,0,0,0,0,0,0,0,0,0,0,0,0,0,0,0,0,0,0,0,0,0,0,48,242,253,89,0,0,0,0,0,0,0,0,0,0,0,0,0,0,0,0,0,52,28,0,0,13,22,84,237,252,223,32,0,0,0,0,0,0,0,0,0,0,0,0,0,0,0,0,0,120,245,169,169,218,252,252,252,199,35,0,0,0,0,0,0,0,0,0,0,0,0,0,0,0,0,0,0,14,104,252,252,253,252,155,77,7,0,0,0,0,0,0,0,0,0,0,0,0,0,0,0,0,0,0,0,0,0,0,0,0,0,0,0,0,0,0,0,0,0,0,0,0,0,0,0,0,0,0,0,0,0,0,0,0,0,0,0,0,0,0,0,0,0,0,0,0,0,0,0,0,0,0,0
7,0,0,0,0,0,0,0,0,0,0,0,0,0,0,0,0,0,0,0,0,0,0,0,0,0,0,0,0,0,0,0,0,0,0,0,0,0,0,0,0,0,0,0,0,0,0,0,0,0,0,0,0,0,0,0,0,0,0,0,0,0,0,0,0,0,0,0,0,0,0,0,0,0,0,0,0,0,0,0,0,0,0,0,0,0,0,0,0,0,0,0,0,0,0,0,0,0,0,0,0,0,0,0,0,0,0,0,0,0,0,0,0,0,0,0,0,0,0,0,0,0,0,0,0,0,0,0,0,0,0,0,0,0,0,0,0,0,0,0,0,0,0,0,0,0,0,0,0,0,0,0,0,0,0,0,0,0,0,0,0,0,0,0,0,0,0,0,0,0,0,0,0,0,0,0,0,0,0,0,0,0,0,0,0,0,0,0,0,0,0,0,0,0,0,0,0,0,0,0,0,0,0,0,0,0,88,255,254,254,167,150,150,49,47,47,33,0,0,0,0,0,0,0,0,0,0,0,0,0,0,0,0,0,130,253,248,183,253,253,253,253,253,253,236,101,0,0,0,0,0,0,0,0,0,0,0,0,0,0,0,0,30,253,238,3,10,10,10,10,89,130,253,129,0,0,0,0,0,0,0,0,0,0,0,0,0,0,0,0,7,163,243,29,0,0,0,0,0,21,230,163,0,0,0,0,0,0,0,0,0,0,0,0,0,0,0,0,0,73,253,88,0,0,0,0,0,29,248,233,0,0,0,0,0,0,0,0,0,0,0,0,0,0,0,0,0,73,253,130,0,0,0,0,0,104,253,160,0,0,0,0,0,0,0,0,0,0,0,0,0,0,0,0,0,73,253,88,0,0,0,0,0,135,253,81,0,0,0,0,0,0,0,0,0,0,0,0,0,0,0,0,0,73,253,88,0,0,0,0,0,160,234,19,0,0,0,0,0,0,0,0,0,0,0,0,0,0,0,0,0,73,253,88,0,0,0,0,39,245,173,0,0,0,0,0,0,0,0,0,0,0,0,0,0,0,0,0,0,95,253,88,0,0,0,0,152,247,58,0,0,0,0,0,0,0,0,0,0,0,0,0,0,0,0,0,11,206,247,54,0,0,0,17,216,182,0,0,0,0,0,0,0,0,0,0,0,0,0,0,0,0,0,0,44,253,77,0,0,0,0,161,253,102,0,0,0,0,0,0,0,0,0,0,0,0,0,0,0,0,0,30,215,198,8,0,0,0,0,249,186,4,0,0,0,0,0,0,0,0,0,0,0,0,0,0,0,0,0,84,240,42,0,0,0,0,107,253,68,0,0,0,0,0,0,0,0,0,0,0,0,0,0,0,0,0,0,24,65,0,0,0,0,16,218,224,18,0,0,0,0,0,0,0,0,0,0,0,0,0,0,0,0,0,0,0,0,0,0,0,0,53,253,110,0,0,0,0,0,0,0,0,0,0,0,0,0,0,0,0,0,0,0,0,0,0,0,0,0,80,253,5,0,0,0,0,0,0,0,0,0,0,0,0,0,0,0,0,0,0,0,0,0,0,0,0,1,160,249,4,0,0,0,0,0,0,0,0,0,0,0,0,0,0,0,0,0,0,0,0,0,0,0,0,6,253,155,0,0,0,0,0,0,0,0,0,0,0,0,0,0,0,0,0,0,0,0,0,0,0,0,0,1,173,236,4,0,0,0,0,0,0,0,0,0,0,0,0,0,0,0,0,0,0,0,0,0,0,0,0,0,0,0,0,0,0,0,0,0,0,0,0,0,0,0
3,0,0,0,0,0,0,0,0,0,0,0,0,0,0,0,0,0,0,0,0,0,0,0,0,0,0,0,0,0,0,0,0,0,0,0,0,0,0,0,0,0,0,0,0,0,0,0,0,0,0,0,0,0,0,0,0,0,0,0,0,0,0,0,0,0,0,0,0,0,0,0,0,0,0,0,0,0,0,0,0,0,0,0,0,0,0,0,0,0,0,0,0,0,0,0,128,255,128,0,0,0,0,0,0,0,0,0,0,0,0,0,0,0,0,0,0,0,0,0,0,0,0,128,255,255,255,255,0,0,0,0,0,0,0,0,0,0,0,0,0,0,0,0,0,0,0,0,0,0,0,128,255,191,255,255,191,0,0,0,0,0,0,0,0,0,0,0,0,0,0,0,0,0,0,0,0,0,0,0,0,0,0,191,255,128,0,0,0,0,0,0,0,0,0,0,0,0,0,0,0,0,0,0,0,0,0,0,0,0,0,0,255,128,0,0,0,0,0,0,0,0,0,0,0,0,0,0,0,0,0,0,0,0,0,0,0,0,0,0,255,255,0,0,0,0,0,0,0,0,0,0,0,0,0,0,0,0,0,0,0,0,0,0,0,0,0,0,191,255,0,0,0,0,0,0,0,0,0,0,0,0,0,0,0,0,0,0,0,0,0,0,0,0,0,0,191,191,0,0,0,0,0,0,0,0,0,0,0,0,0,0,0,0,0,0,0,0,0,0,0,0,0,64,255,128,0,0,0,0,0,0,0,0,0,0,0,0,0,0,0,0,0,0,0,0,0,0,0,0,64,255,255,191,0,0,0,0,0,0,0,0,0,0,0,0,0,0,0,0,0,0,0,0,0,0,0,0,128,255,255,255,191,0,0,0,0,0,0,0,0,0,0,0,0,0,0,0,0,0,0,0,0,0,0,0,64,128,128,191,255,64,0,0,0,0,0,0,0,0,0,0,0,0,0,0,0,0,0,0,0,0,0,0,0,0,0,64,255,128,0,0,0,0,0,0,0,0,0,0,0,0,0,0,0,0,0,0,0,0,0,0,0,0,0,0,255,128,0,0,0,0,0,0,0,0,0,0,0,0,0,0,0,0,0,0,0,0,0,0,0,0,0,64,255,128,0,0,0,0,0,0,0,0,0,0,0,0,0,0,0,0,0,0,0,0,0,0,0,0,64,191,255,128,0,0,0,0,0,0,0,0,0,0,0,0,0,0,0,0,0,0,0,0,0,0,64,191,255,255,255,0,0,0,0,0,0,0,0,0,0,0,0,0,0,0,0,0,0,0,128,191,128,255,255,255,255,255,128,0,0,0,0,0,0,0,0,0,0,0,0,0,0,0,0,0,0,0,255,255,255,255,255,255,128,64,0,0,0,0,0,0,0,0,0,0,0,0,0,0,0,0,0,0,0,0,255,255,255,191,128,0,0,0,0,0,0,0,0,0,0,0,0,0,0,0,0,0,0,0,0,0,0,0,0,0,0,0,0,0,0,0,0,0,0,0,0,0,0,0,0,0,0,0,0,0,0,0,0,0,0,0,0,0,0,0,0,0,0,0,0,0,0,0,0,0,0,0,0,0,0,0,0,0,0,0,0,0,0,0,0,0,0,0,0,0,0,0,0,0,0,0,0,0,0,0,0,0,0,0,0,0,0,0,0,0,0,0,0,0,0,0,0,0,0,0,0,0,0,0,0,0,0,0,0,0,0,0,0,0,0,0,0,0,0,0,0,0,0,0,0,0,0,0,0,0,0,0,0,0,0,0,0,0,0
7,0,0,0,0,0,0,0,0,0,0,0,0,0,0,0,0,0,0,0,0,0,0,0,0,0,0,0,0,0,0,0,0,0,0,0,0,0,0,0,0,0,0,0,0,0,0,0,0,0,0,0,0,0,0,0,0,0,0,0,0,0,0,0,0,0,0,0,0,0,0,0,0,0,0,0,0,0,0,0,0,0,0,0,0,0,0,0,0,0,0,0,0,0,0,0,0,0,0,0,0,0,0,0,0,0,0,0,0,0,0,0,0,0,0,0,0,0,0,0,0,0,0,0,0,0,0,0,0,0,0,0,0,0,0,0,0,0,0,0,0,0,0,0,0,0,0,0,0,0,0,0,0,0,0,0,0,0,0,0,0,0,0,0,0,0,0,0,0,0,0,0,0,0,0,0,0,34,212,253,253,253,128,24,7,0,0,0,0,0,0,0,0,0,0,0,0,0,0,0,0,0,0,0,0,253,252,252,252,252,253,252,186,29,0,0,0,0,0,0,0,0,0,0,0,0,0,0,0,0,0,0,85,253,252,252,252,189,222,252,252,129,0,0,0,0,0,0,0,0,0,0,0,0,0,0,0,0,0,0,116,253,193,77,45,4,25,83,252,236,61,0,0,0,0,0,0,0,0,0,0,0,0,0,0,0,0,0,168,253,92,0,0,0,0,26,221,252,137,0,0,0,0,0,0,0,0,0,0,0,0,0,0,0,0,0,231,255,92,0,0,0,0,0,123,253,201,0,0,0,0,0,0,0,0,0,0,0,0,0,0,0,0,0,209,253,92,0,0,0,0,0,70,252,252,0,0,0,0,0,0,0,0,0,0,0,0,0,0,0,0,0,32,184,67,0,0,0,0,0,70,252,252,0,0,0,0,0,0,0,0,0,0,0,0,0,0,0,0,0,0,0,0,0,0,0,0,0,70,252,252,43,0,0,0,0,0,0,0,0,0,0,0,0,0,0,0,0,0,0,0,0,0,0,0,0,70,252,252,63,0,0,0,0,0,0,0,0,0,0,0,0,0,0,0,0,0,0,0,0,0,0,0,0,70,253,253,0,0,0,0,0,0,0,0,0,0,0,0,0,0,0,0,0,0,0,0,0,0,0,0,0,70,252,252,0,0,0,0,0,0,0,0,0,0,0,0,0,0,0,0,0,0,0,0,0,0,0,0,0,70,252,252,0,0,0,0,0,0,0,0,0,0,0,0,0,0,0,0,0,0,0,0,0,0,0,0,0,164,252,252,0,0,0,0,0,0,0,0,0,0,0,0,0,0,0,0,0,0,0,0,0,0,0,0,0,184,252,252,0,0,0,0,0,0,0,0,0,0,0,0,0,0,0,0,0,0,0,0,0,0,0,0,0,185,253,253,11,0,0,0,0,0,0,0,0,0,0,0,0,0,0,0,0,0,0,0,0,0,0,0,0,163,252,252,189,0,0,0,0,0,0,0,0,0,0,0,0,0,0,0,0,0,0,0,0,0,0,0,0,70,252,252,230,0,0,0,0,0,0,0,0,0,0,0,0,0,0,0,0,0,0,0,0,0,0,0,0,70,252,252,135,0,0,0,0,0,0,0,0,0,0,0,0,0,0,0,0,0,0,0,0,0,0,0,0,7,211,252,116,0,0,0,0,0,0,0,0,0,0,0,0,0,0,0,0,0,0,0,0,0,0,0,0,0,0,0,0,0,0,0,0,0,0,0,0,0,0,0,0,0,0,0,0,0,0,0,0,0,0,0,0,0,0,0,0,0,0,0,0,0,0,0,0,0
7,0,0,0,0,0,0,0,0,0,0,0,0,0,0,0,0,0,0,0,0,0,0,0,0,0,0,0,0,0,0,0,0,0,0,0,0,0,0,0,0,0,0,0,0,0,0,0,0,0,0,0,0,0,0,0,0,0,0,0,0,0,0,0,0,0,0,0,0,0,0,0,0,0,0,0,0,0,0,0,0,0,0,0,0,0,0,0,0,0,0,0,0,0,0,0,0,0,0,0,0,0,0,0,0,0,0,0,0,0,0,0,0,0,0,0,0,0,0,0,0,0,0,0,0,0,0,0,0,0,0,0,0,0,0,0,0,0,0,0,0,0,0,0,0,0,0,0,0,0,0,0,0,0,0,0,0,0,0,0,0,0,0,0,0,0,0,0,0,0,0,0,0,0,0,0,0,0,0,0,0,0,0,0,0,0,0,0,0,0,0,0,0,0,0,0,0,0,0,0,0,0,0,0,0,0,0,0,0,0,0,0,0,0,0,0,0,0,0,0,0,0,0,0,0,0,0,0,0,0,0,0,0,9,47,47,47,47,47,130,67,47,47,38,0,0,0,0,0,0,0,0,0,0,0,0,0,51,70,70,132,197,252,252,252,253,252,252,252,252,253,240,153,44,0,0,0,0,0,0,0,0,0,114,207,240,252,252,253,252,252,252,252,253,252,252,252,252,253,252,252,194,51,0,0,0,0,0,0,0,0,243,252,252,252,252,253,252,221,137,137,137,137,137,137,137,148,252,252,252,137,0,0,0,0,0,0,0,0,64,189,199,74,0,0,0,0,0,0,0,0,0,0,0,0,110,253,253,190,0,0,0,0,0,0,0,0,0,0,0,0,0,0,0,0,0,0,0,0,0,0,0,5,178,252,252,117,0,0,0,0,0,0,0,0,0,0,0,0,0,0,0,0,0,0,0,0,0,0,0,55,252,252,185,6,0,0,0,0,0,0,0,0,0,0,0,0,0,0,0,0,0,0,0,0,0,0,43,233,252,252,119,0,0,0,0,0,0,0,0,0,0,0,0,0,0,0,0,0,0,0,0,0,0,0,168,253,252,221,25,0,0,0,0,0,0,0,0,0,0,0,0,0,0,0,0,0,0,0,0,0,0,155,253,255,249,63,0,0,0,0,0,0,0,0,0,0,0,0,0,0,0,0,0,0,0,0,0,0,45,236,252,249,117,0,0,0,0,0,0,0,0,0,0,0,0,0,0,0,0,0,0,0,0,0,0,13,172,252,252,199,0,0,0,0,0,0,0,0,0,0,0,0,0,0,0,0,0,0,0,0,0,0,0,140,252,252,210,21,0,0,0,0,0,0,0,0,0,0,0,0,0,0,0,0,0,0,0,0,0,0,74,244,252,210,22,0,0,0,0,0,0,0,0,0,0,0,0,0,0,0,0,0,0,0,0,0,0,0,139,253,253,46,0,0,0,0,0,0,0,0,0,0,0,0,0,0,0,0,0,0,0,0,0,0,0,0,138,252,252,119,0,0,0,0,0,0,0,0,0,0,0,0,0,0,0,0,0,0,0,0,0,0,0,0,48,196,252,128,0,0,0,0,0,0,0,0,0,0,0,0,0,0,0,0,0,0,0,0,0,0,0,0,0,9,45,9,0,0,0,0,0,0,0,0,0,0,0,0,0,0,0,0,0,0,0,0,0,0,0,0,0,0,0,0,0,0,0,0,0,0,0,0,0,0,0,0,0,0,0,0,0,0,0,0,0,0,0,0,0,0,0,0,0,0,0,0,0,0,0,0,0,0,0,0
7,0,0,0,0,0,0,0,0,0,0,0,0,0,0,0,0,0,0,0,0,0,0,0,0,0,0,0,0,0,0,0,0,0,0,0,0,0,0,0,0,0,0,0,0,0,0,0,0,0,0,0,0,0,0,0,0,0,0,0,0,0,0,0,0,0,0,0,0,0,0,0,0,0,0,0,0,0,0,0,0,0,0,0,0,0,0,0,0,0,0,0,0,0,0,0,0,0,0,0,0,0,0,0,0,0,0,0,0,0,0,0,0,0,0,0,0,0,0,0,0,0,0,0,0,0,0,0,0,0,0,0,0,0,0,0,0,0,0,0,0,0,0,0,0,0,0,0,0,0,0,0,0,0,0,0,0,0,0,0,0,0,0,0,0,0,0,0,0,0,0,0,0,0,0,0,0,0,0,0,0,0,0,0,0,0,0,0,0,0,0,0,0,0,0,0,0,0,0,0,0,0,0,0,0,0,0,0,0,0,0,0,0,0,0,0,0,52,152,132,31,0,0,0,0,0,0,0,0,0,0,0,0,0,0,102,142,102,102,142,142,142,102,203,203,233,252,253,232,0,0,0,0,0,0,0,0,0,0,52,193,254,253,254,253,254,253,254,253,254,253,254,253,255,253,255,131,0,0,0,0,0,0,0,0,0,0,233,252,253,252,253,252,253,252,253,252,253,252,253,252,253,252,172,10,0,0,0,0,0,0,0,0,11,213,254,253,254,253,62,102,203,203,203,122,163,243,254,253,255,172,0,0,0,0,0,0,0,0,0,0,92,252,253,252,253,212,0,0,0,0,0,0,21,223,253,252,172,10,0,0,0,0,0,0,0,0,0,0,214,253,254,233,41,0,0,0,0,0,0,0,92,253,254,233,0,0,0,0,0,0,0,0,0,0,0,0,213,252,192,50,0,0,0,0,0,0,0,41,253,252,253,111,0,0,0,0,0,0,0,0,0,0,0,0,21,20,0,0,0,0,0,0,0,0,11,173,254,253,203,20,0,0,0,0,0,0,0,0,0,0,0,0,0,0,0,0,0,0,0,0,0,0,132,252,253,252,20,0,0,0,0,0,0,0,0,0,0,0,0,0,0,0,0,0,0,0,0,0,0,62,254,253,254,172,0,0,0,0,0,0,0,0,0,0,0,0,0,0,0,0,0,0,0,0,0,0,21,203,253,252,253,50,0,0,0,0,0,0,0,0,0,0,0,0,0,0,0,0,0,0,0,0,0,0,132,253,254,253,193,31,0,0,0,0,0,0,0,0,0,0,0,0,0,0,0,0,0,0,0,0,0,0,253,252,253,252,233,111,0,0,0,0,0,0,0,0,0,0,0,0,0,0,0,0,0,0,0,0,0,82,254,253,254,233,163,0,0,0,0,0,0,0,0,0,0,0,0,0,0,0,0,0,0,0,0,0,21,223,253,252,233,91,0,0,0,0,0,0,0,0,0,0,0,0,0,0,0,0,0,0,0,0,0,0,113,253,254,253,82,0,0,0,0,0,0,0,0,0,0,0,0,0,0,0,0,0,0,0,0,0,0,0,233,252,253,171,0,0,0,0,0,0,0,0,0,0,0,0,0,0,0,0,0,0,0,0,0,0,0,62,254,253,203,20,0,0,0,0,0,0,0,0,0,0,0,0,0,0,0,0,0,0,0,0,0,0,0,20,71,111,20,0,0,0,0,0,0,0,0,0,0,0,0,0,0,0,0,0,0,0,0,0,0,0,0,0,0,0,0,0,0,0,0,0,0,0,0,0,0,0,0,0,0,0
